Date, SH601116.Open, SH601116.High, SH601116.Low, SH601116.Close, SH601116.Volume, SH601116.Adjusted
2011/03/02,18.06,21.75,18.06,20.73,45002927,20.61
2011/03/03,19.85,20.63,18.55,18.67,31643194,20.46
2011/03/04,17.94,18.18,16.97,17.57,18527596,18.58
2011/03/07,17.47,17.62,17.17,17.37,11010999,18.42
2011/03/08,17.41,17.64,16.95,17.23,11498679,18.25
2011/03/09,17.12,17.41,16.97,17.28,7927525,18.29
2011/03/10,17.29,17.29,16.56,16.69,10395625,17.88
2011/03/11,16.62,17.73,16.56,17.45,14674005,18.27
2011/03/14,17.17,17.39,16.91,17.06,7234833,18.13
2011/03/15,17.06,17.25,16.61,16.84,5244080,17.92
2011/03/16,16.83,16.96,16.75,16.87,4035620,17.90
2011/03/17,16.75,16.75,16.05,16.17,6490531,17.35
2011/03/18,16.20,16.39,16.09,16.22,2557658,17.27
2011/03/21,16.22,16.25,15.84,15.95,3761717,17.04
2011/03/22,15.95,15.95,15.45,15.70,3412883,16.72
2011/03/23,15.72,16.32,15.61,16.04,4551255,17.14
2011/03/24,16.02,16.14,15.77,15.89,2958495,16.99
2011/03/25,15.90,16.03,15.70,15.96,2969075,16.90
2011/03/28,15.99,16.13,15.75,15.80,3262849,16.99
2011/03/29,15.80,15.94,15.45,15.47,3292927,16.65
2011/03/30,15.48,15.59,15.05,15.11,3115800,16.27
2011/03/31,15.12,16.54,15.08,16.09,7540691,17.00
2011/04/01,15.90,16.35,15.76,16.08,4796396,17.09
2011/04/06,16.04,16.04,15.51,15.57,3826249,16.75
2011/04/07,15.56,15.56,15.25,15.42,2598462,16.42
2011/04/08,15.42,15.65,15.36,15.54,2158993,16.55
2011/04/11,15.52,15.52,15.17,15.21,2632551,16.35
2011/04/12,15.15,15.33,15.08,15.15,1988318,16.22
2011/04/13,15.15,15.45,15.13,15.37,1643018,16.36
2011/04/14,15.45,15.45,15.19,15.24,1856697,16.31
2011/04/15,15.20,15.32,15.08,15.20,1664172,16.22
2011/04/18,15.19,15.42,15.00,15.24,2286640,16.24
2011/04/19,15.07,15.16,15.00,15.05,1648942,16.11
2011/04/20,15.07,15.33,15.07,15.31,2183309,16.29
2011/04/21,15.38,15.42,15.21,15.26,1949654,16.34
2011/04/22,15.24,15.25,15.06,15.21,1818495,16.18
2011/04/25,15.20,15.22,15.00,15.01,1492001,16.13
2011/04/26,14.95,15.00,14.30,14.35,2565607,15.60
2011/04/27,14.44,14.50,13.97,14.26,1768455,15.29
2011/04/28,14.27,14.41,13.85,13.87,1563963,15.17
2011/04/29,13.89,13.99,13.72,13.92,1051363,14.90
2011/05/03,13.92,13.95,13.57,13.91,1235487,14.80
2011/05/04,13.85,13.85,13.31,13.33,1581808,14.59
2011/05/05,13.30,13.67,13.25,13.51,1110638,14.51
2011/05/06,13.32,13.62,13.25,13.38,1031435,14.52
2011/05/09,13.32,13.62,13.25,13.38,0,13.43
2011/05/10,13.45,13.72,13.45,13.67,1535162,14.62
2011/05/11,13.70,13.70,13.52,13.58,1087219,14.64
2011/05/12,13.49,13.60,13.28,13.29,983302,14.51
2011/05/13,13.31,13.95,13.28,13.84,1764983,14.65
2011/05/16,13.71,13.94,13.65,13.71,1543250,14.86
2011/05/17,13.67,13.81,13.61,13.72,1016866,14.77
2011/05/18,13.72,13.77,13.60,13.63,843645,14.72
2011/05/19,13.65,13.70,13.45,13.45,908488,14.61
2011/05/20,13.43,13.54,13.25,13.30,785898,14.39
2011/05/23,13.23,13.28,12.43,12.44,1773577,12.85
2011/05/24,12.43,12.44,11.88,12.22,1643417,13.14
2011/05/25,12.23,12.25,11.86,12.02,1150954,13.09
2011/05/26,12.07,12.19,11.96,11.97,689220,13.11
2011/05/27,12.06,12.13,11.50,11.62,1127789,12.61
2011/05/30,11.61,11.67,11.28,11.44,846045,12.47
2011/05/31,11.48,11.67,11.33,11.65,1163750,12.48
2011/06/01,11.63,12.63,11.46,12.49,3617841,13.11
2011/06/02,11.93,11.93,11.35,11.73,8871187,12.57
2011/06/03,11.49,11.89,11.46,11.72,4333106,12.61
2011/06/07,11.68,12.05,11.58,11.86,3227603,12.77
2011/06/08,11.85,11.85,11.44,11.72,3079317,12.55
2011/06/09,11.60,11.75,11.36,11.38,2293083,12.51
2011/06/10,11.38,11.45,10.93,11.16,2802405,12.10
2011/06/13,11.03,11.11,10.85,11.04,1558127,11.91
2011/06/14,11.05,11.30,11.00,11.20,2116539,12.13
2011/06/15,11.21,11.41,11.06,11.28,2365476,12.21
2011/06/16,11.22,11.22,10.86,10.89,1637167,11.95
2011/06/17,10.83,11.00,10.65,10.70,1158726,10.83
2011/06/20,10.66,10.73,10.31,10.45,1973330,11.38
2011/06/21,10.45,10.72,10.41,10.71,2153490,11.55
2011/06/22,10.66,10.70,10.54,10.57,1599708,11.57
2011/06/23,10.57,11.72,10.42,11.72,6831298,12.48
2011/06/24,12.05,12.99,11.93,12.99,19435620,13.40
2011/06/27,12.05,12.99,11.93,12.99,0,12.46
2011/06/28,13.35,13.65,13.03,13.50,17568854,14.26
2011/06/29,13.30,13.35,13.06,13.27,8335797,14.16
2011/06/30,13.21,13.32,13.04,13.25,7506477,14.13
2011/07/01,13.40,14.33,13.10,13.65,13686344,14.60
2011/07/04,13.45,13.79,13.27,13.71,8983005,14.48
2011/07/05,13.65,13.95,13.33,13.81,8266419,14.56
2011/07/06,13.63,13.81,13.44,13.80,5025912,14.61
2011/07/07,13.77,14.24,13.35,13.42,8286518,13.79
2011/07/08,13.41,13.41,13.06,13.16,4840187,14.14
2011/07/11,13.20,13.65,13.17,13.64,5005136,14.38
2011/07/12,13.60,13.60,13.18,13.32,3335071,14.31
2011/07/13,13.26,14.75,13.22,14.47,12491373,15.22
2011/07/14,14.27,14.73,14.20,14.49,8475194,15.39
2011/07/15,14.41,14.45,14.07,14.23,5325245,15.19
2011/07/18,14.17,14.55,14.13,14.24,4110141,15.26
2011/07/19,14.12,14.23,13.46,13.49,4935658,14.67
2011/07/20,13.51,13.71,13.16,13.33,3435833,14.35
2011/07/21,13.32,13.40,13.06,13.26,2523308,14.18
2011/07/22,13.28,13.61,13.28,13.46,2668634,14.37
2011/07/25,13.45,13.47,12.07,12.21,4892767,12.77
2011/07/26,12.21,12.30,11.78,12.11,2955237,12.97
2011/07/27,12.03,12.58,11.85,12.47,3411504,13.30
2011/07/28,12.25,12.75,12.17,12.57,3112132,13.47
2011/07/29,12.55,12.84,12.20,12.22,2656595,13.41
2011/08/01,12.22,12.73,12.12,12.48,2430194,13.44
2011/08/02,12.48,13.23,12.18,13.19,5652549,13.72
2011/08/03,12.90,13.39,12.77,13.06,4644550,14.05
2011/08/04,13.10,13.24,12.95,13.07,2537106,14.02
2011/08/05,12.45,12.94,12.27,12.42,3132344,13.53
2011/08/08,12.25,12.30,11.10,11.37,4521381,11.70
2011/08/09,10.96,11.59,10.68,11.56,3695537,12.10
2011/08/10,11.77,12.03,11.62,11.70,3109032,12.77
2011/08/11,11.25,12.09,11.11,11.99,3729849,12.72
2011/08/12,12.06,12.59,12.06,12.33,4560955,13.32
2011/08/15,12.35,12.69,12.20,12.63,3616407,13.47
2011/08/16,12.62,12.66,12.36,12.37,2687719,13.42
2011/08/17,12.31,12.53,12.31,12.34,1882140,13.37
2011/08/18,12.34,12.49,11.70,11.73,3594440,12.09
2011/08/19,11.50,11.81,11.35,11.78,2881484,12.51
2011/08/22,11.68,12.09,11.68,11.80,2264061,12.82
2011/08/23,11.85,12.17,11.85,12.16,2513427,12.98
2011/08/24,12.25,12.46,12.13,12.15,3054595,13.25
2011/08/25,12.14,12.65,12.08,12.59,4627975,13.36
2011/08/26,12.52,13.33,12.47,13.27,9099082,13.93
2011/08/29,13.05,13.24,12.97,13.15,5170363,14.05
2011/08/30,13.27,13.91,13.15,13.53,13566710,14.58
2011/08/31,13.59,13.79,13.21,13.67,11664953,14.52
2011/09/01,13.90,14.08,13.63,13.87,12729791,14.81
2011/09/02,13.75,14.11,13.57,14.02,11940856,14.81
2011/09/05,13.86,14.31,13.45,13.92,13075052,14.91
2011/09/06,13.95,14.15,13.36,13.94,11471019,14.77
2011/09/07,13.83,14.35,13.60,14.33,15375499,14.92
2011/09/08,14.34,14.36,13.25,13.31,10324213,13.80
2011/09/09,13.15,13.61,13.15,13.26,5232660,14.27
2011/09/13,12.87,13.03,12.23,12.30,5488199,13.46
2011/09/14,12.38,12.56,12.08,12.50,3863203,13.29
2011/09/15,12.50,12.71,12.30,12.33,3456430,13.47
2011/09/16,12.43,12.60,12.10,12.13,3138146,13.27
2011/09/19,12.05,12.05,11.64,11.73,2393365,12.73
2011/09/20,11.69,12.01,11.66,11.90,2250844,12.79
2011/09/21,11.85,12.50,11.77,12.42,3884001,13.19
2011/09/22,12.26,12.38,11.93,11.94,3079884,13.12
2011/09/23,11.78,11.84,11.50,11.82,2207561,12.65
2011/09/26,11.75,11.96,11.55,11.57,1856257,12.67
2011/09/27,11.72,11.94,11.67,11.88,1794016,12.77
2011/09/28,12.02,12.14,11.63,11.73,2312836,12.88
2011/09/29,11.60,11.84,11.51,11.56,1989418,12.63
2011/09/30,11.55,11.87,11.16,11.48,1825735,12.33
2011/10/10,11.53,11.67,11.20,11.27,1045509,12.30
2011/10/11,11.65,11.71,11.03,11.27,1578457,12.34
2011/10/12,11.17,11.80,11.04,11.77,2551515,12.54
2011/10/13,11.75,12.03,11.66,11.89,2775311,12.80
2011/10/14,11.89,12.19,11.76,12.00,2594561,12.90
2011/10/17,12.02,12.14,11.81,12.00,1928701,12.92
2011/10/18,11.91,12.01,11.46,11.49,1771570,12.63
2011/10/19,11.55,11.61,11.25,11.39,1472557,12.37
2011/10/20,11.36,11.43,10.94,11.13,1804250,12.07
2011/10/21,11.00,11.21,10.90,10.95,1005335,11.97
2011/10/24,10.97,11.24,10.60,11.22,1784703,11.91
2011/10/25,11.16,11.50,11.01,11.43,2344561,12.24
2011/10/26,11.33,11.71,11.32,11.50,2894548,12.50
2011/10/27,11.40,11.68,11.31,11.34,2124915,12.43
2011/10/28,11.49,11.90,11.41,11.84,3930771,12.69
2011/10/31,11.85,11.95,11.65,11.83,2229625,12.79
2011/11/01,11.70,11.95,11.65,11.76,2586434,12.76
2011/11/02,11.57,12.00,11.42,11.97,3241164,12.62
2011/11/03,11.95,12.27,11.90,12.09,5035637,13.02
2011/11/04,12.14,12.22,11.93,12.10,2765343,12.99
2011/11/07,12.11,12.54,12.11,12.20,3849725,13.27
2011/11/08,12.12,12.23,11.74,11.81,3443304,12.89
2011/11/09,11.81,11.96,11.65,11.95,2035144,12.78
2011/11/10,11.76,11.90,11.59,11.60,2529461,12.67
2011/11/11,11.63,11.70,11.44,11.50,1653021,12.51
2011/11/14,11.63,11.89,11.57,11.86,2238347,12.75
2011/11/15,11.63,11.89,11.57,11.86,0,11.73
2011/11/16,11.90,12.09,11.65,11.67,2758158,12.80
2011/11/17,11.65,11.71,11.40,11.54,1666220,12.49
2011/11/18,11.45,11.50,10.96,11.05,1818399,11.23
2011/11/21,11.05,11.25,10.96,11.24,1094041,12.05
2011/11/22,11.14,11.35,11.06,11.33,995867,12.17
2011/11/23,11.27,11.38,11.08,11.14,755602,12.20
2011/11/24,11.06,11.27,10.91,11.22,1017052,12.06
2011/11/25,11.20,11.41,11.10,11.30,1268988,12.24
2011/11/28,11.38,11.59,11.36,11.51,2227114,12.45
2011/11/29,11.60,11.64,11.44,11.59,1588264,12.50
2011/11/30,11.51,11.51,10.94,11.10,2414887,12.13
2011/12/01,11.42,11.83,11.28,11.69,3652450,12.47
2011/12/02,11.60,12.12,11.52,11.89,8456505,12.76
2011/12/05,11.65,11.83,11.15,11.15,3013578,11.49
2011/12/06,11.03,11.13,10.57,10.75,2632580,11.74
2011/12/07,10.73,10.89,10.66,10.77,1161929,11.72
2011/12/08,10.72,10.95,10.47,10.85,1690819,11.69
2011/12/09,10.75,10.84,10.55,10.62,1016097,11.63
2011/12/12,10.62,10.71,10.51,10.57,567638,11.56
2011/12/13,10.47,10.57,9.94,9.98,1668904,10.25
2011/12/14,9.98,9.99,9.53,9.60,1335605,9.76
2011/12/15,9.36,9.53,9.31,9.37,1095970,9.42
2011/12/16,9.37,9.83,9.37,9.81,1149977,10.51
2011/12/19,9.71,9.86,9.50,9.84,1004348,10.61
2011/12/20,9.72,9.99,9.72,9.86,1043404,10.82
2011/12/21,10.03,10.03,9.31,9.40,1133585,9.67
2011/12/22,9.35,9.36,8.87,9.22,1166157,10.09
2011/12/23,9.15,9.50,9.06,9.31,989308,9.28
2011/12/26,9.25,9.45,9.22,9.33,779871,9.33
2011/12/27,9.25,9.35,8.95,8.98,906820,9.15
2011/12/28,8.86,9.01,8.75,8.99,738056,9.83
2011/12/29,8.93,9.10,8.85,9.07,660006,9.97
2011/12/30,9.15,9.26,9.07,9.22,672414,9.17
2012/01/04,9.27,9.46,9.06,9.11,794842,9.26
2012/01/05,9.05,9.17,8.77,8.86,618507,8.97
2012/01/06,8.86,9.04,8.73,9.01,565889,9.83
2012/01/09,8.96,9.41,8.93,9.39,1136608,10.19
2012/01/10,9.36,9.85,9.25,9.79,2477598,10.65
2012/01/11,9.73,9.81,9.55,9.68,1908503,10.63
2012/01/12,9.56,9.73,9.54,9.60,1172702,9.63
2012/01/13,9.60,9.67,9.22,9.24,1053891,9.45
2012/01/16,9.11,9.22,8.86,8.89,675666,9.04
2012/01/17,8.83,9.41,8.83,9.41,838345,10.17
2012/01/18,9.38,9.50,9.07,9.13,1048044,9.29
2012/01/19,9.19,9.34,9.05,9.32,821097,10.18
2012/01/20,9.31,9.50,9.26,9.45,961300,10.37
2012/01/30,9.45,9.45,9.21,9.23,714553,9.33
2012/01/31,9.31,9.31,9.09,9.15,537187,9.20
2012/02/01,9.21,9.31,9.08,9.16,655774,9.20
2012/02/02,9.12,9.29,9.12,9.26,746789,10.15
2012/02/03,9.24,9.44,9.16,9.41,1237361,10.31
2012/02/06,9.42,9.63,9.40,9.50,1636219,9.52
2012/02/07,9.47,9.49,9.31,9.35,771293,9.40
2012/02/08,9.40,9.60,9.35,9.59,1342073,10.47
2012/02/09,9.59,9.83,9.56,9.70,2228460,10.63
2012/02/10,9.60,10.03,9.60,9.89,2733876,10.77
2012/02/13,9.74,10.29,9.70,10.19,5299311,11.00
2012/02/14,10.18,10.33,9.89,9.95,3834948,10.92
2012/02/15,9.94,10.03,9.73,9.99,3371995,10.84
2012/02/16,9.95,10.01,9.80,9.87,2216142,10.85
2012/02/17,9.95,9.96,9.80,9.85,1124144,10.83
2012/02/20,9.96,10.08,9.85,9.91,1496145,9.96
2012/02/21,9.91,9.96,9.76,9.96,1447303,10.83
2012/02/22,9.96,10.15,9.90,10.10,2469660,11.00
2012/02/23,10.08,10.18,9.96,10.09,2244484,11.04
2012/02/24,10.15,10.20,10.06,10.19,2491737,11.08
2012/02/27,10.20,10.37,10.12,10.15,3517551,10.24
2012/02/28,10.06,10.19,9.99,10.11,2185235,11.03
2012/02/29,10.06,10.28,10.06,10.10,1863508,11.09
2012/03/01,10.16,10.40,10.10,10.22,2692539,11.22
2012/03/02,10.23,10.57,10.23,10.45,4027575,11.40
2012/03/05,10.52,11.18,10.37,10.84,7172831,11.73
2012/03/06,10.80,10.80,10.48,10.52,3258017,11.56
2012/03/07,10.39,11.05,10.36,10.73,5945795,11.76
2012/03/08,10.68,11.05,10.68,10.86,6005096,11.81
2012/03/09,10.86,10.86,10.61,10.81,2802206,11.68
2012/03/12,10.75,11.05,10.63,11.04,3913673,11.81
2012/03/13,11.05,11.20,10.90,11.09,5030964,12.02
2012/03/14,11.16,11.17,10.20,10.24,4801930,10.68
2012/03/15,10.28,10.40,9.83,10.03,2689786,10.12
2012/03/16,10.00,10.43,10.00,10.42,2572408,11.22
2012/03/19,10.41,10.81,10.26,10.70,3165313,11.60
2012/03/20,10.70,10.73,10.36,10.40,2421328,10.54
2012/03/21,10.45,10.54,10.20,10.37,1395019,11.29
2012/03/22,10.40,10.44,10.21,10.25,1151778,11.26
2012/03/23,10.30,10.30,9.78,9.91,2128506,10.04
2012/03/26,9.83,10.01,9.83,9.98,931849,10.87
2012/03/27,10.04,10.08,9.83,9.89,1018756,9.96
2012/03/28,9.78,9.81,9.17,9.26,1596171,9.49
2012/03/29,9.30,9.35,9.07,9.11,1050352,9.21
2012/03/30,9.15,9.21,9.00,9.12,658062,9.11
2012/04/05,9.06,9.44,9.06,9.42,1382241,10.25
2012/04/06,9.45,9.45,9.26,9.35,1056980,9.35
2012/04/09,9.34,9.48,9.15,9.32,1161682,9.32
2012/04/10,9.31,9.44,9.09,9.43,1057261,10.21
2012/04/11,9.35,9.53,9.28,9.51,1464029,10.37
2012/04/12,9.44,9.94,9.44,9.72,2727461,10.69
2012/04/13,9.68,9.85,9.56,9.75,1703180,10.67
2012/04/16,9.72,9.80,9.60,9.72,958111,10.64
2012/04/17,9.78,9.90,9.55,9.56,1676740,9.73
2012/04/18,9.60,9.89,9.54,9.88,1566413,10.72
2012/04/19,10.00,10.20,9.86,9.95,2378839,10.03
2012/04/20,9.88,10.09,9.85,10.05,2261420,10.94
2012/04/23,10.00,10.37,9.95,10.16,2860227,11.16
2012/04/24,10.07,10.25,9.73,10.02,1704560,10.96
2012/04/25,10.07,10.25,9.73,10.02,0,9.99
2012/04/26,10.25,11.05,10.25,10.67,6427250,11.49
2012/04/27,10.45,10.73,10.33,10.56,3055154,11.46
2012/05/02,10.60,11.01,10.40,10.89,6980632,11.67
2012/05/03,10.76,10.85,10.63,10.84,2436236,11.70
2012/05/04,10.77,10.93,10.49,10.79,2055262,11.66
2012/05/07,10.70,11.13,10.50,10.87,5383675,11.80
2012/05/08,10.84,10.90,10.61,10.75,2264174,11.64
2012/05/09,10.64,10.80,10.48,10.63,1706627,11.53
2012/05/10,10.61,10.71,10.47,10.62,1527309,11.56
2012/05/11,10.62,10.65,10.33,10.56,1596311,11.46
2012/05/14,10.65,10.65,10.37,10.47,972921,11.43
2012/05/15,10.35,11.25,10.35,11.18,6665073,11.82
2012/05/16,10.97,11.13,10.81,10.89,3047446,11.90
2012/05/17,10.93,11.52,10.81,10.89,10123243,11.89
2012/05/18,10.65,10.65,10.03,10.41,4976643,11.21
2012/05/21,10.21,10.50,10.07,10.26,1694068,11.02
2012/05/22,10.25,10.54,10.09,10.26,2373892,11.06
2012/05/23,10.24,10.24,9.81,9.93,2100092,10.79
2012/05/24,9.89,9.98,9.78,9.81,990379,10.67
2012/05/25,9.88,9.91,9.81,9.86,890351,10.65
2012/05/28,9.84,9.88,9.60,9.82,1143835,10.54
2012/05/29,9.84,10.04,9.74,9.97,1330748,10.74
2012/05/30,9.97,10.08,9.92,10.05,1143084,10.83
2012/05/31,9.92,10.12,9.83,10.00,1373576,10.77
2012/06/01,10.00,10.07,9.90,9.95,776610,10.76
2012/06/04,9.80,9.88,9.68,9.80,1277731,10.58
2012/06/05,9.78,9.88,9.71,9.80,746569,10.60
2012/06/06,9.74,9.87,9.74,9.86,651080,10.62
2012/06/07,9.96,10.34,9.87,10.32,4576522,10.98
2012/06/08,10.35,10.68,10.21,10.47,6874677,11.27
2012/06/11,10.50,10.69,10.30,10.60,3931399,11.31
2012/06/12,10.58,10.85,10.46,10.76,7910332,11.52
2012/06/13,10.70,10.94,10.60,10.80,7298837,11.56
2012/06/14,10.80,10.87,10.60,10.66,6107086,11.55
2012/06/15,10.60,10.84,10.46,10.79,6420640,11.49
2012/06/18,10.81,10.95,10.73,10.81,5150004,11.63
2012/06/19,10.82,10.82,10.36,10.38,3842690,11.33
2012/06/20,10.43,10.45,10.28,10.36,1881253,11.15
2012/06/21,10.30,10.40,10.10,10.11,1799158,11.02
2012/06/25,10.10,10.17,9.60,9.67,1666430,9.88
2012/06/26,9.60,9.86,9.56,9.77,1195682,10.53
2012/06/27,9.79,9.87,9.62,9.73,1128620,10.57
2012/06/28,9.76,9.82,9.64,9.70,825847,10.52
2012/06/29,9.69,9.81,9.42,9.80,1297314,10.45
2012/07/02,9.80,9.95,9.80,9.91,1254854,10.69
2012/07/03,9.99,10.03,9.81,9.90,982926,10.73
2012/07/04,9.99,9.99,9.80,9.89,744289,10.65
2012/07/05,9.81,9.87,9.50,9.51,1255883,10.42
2012/07/06,9.64,9.65,9.32,9.62,1100789,10.28
2012/07/09,9.51,9.60,9.29,9.31,1111910,10.24
2012/07/10,9.33,9.39,9.23,9.36,612163,10.11
2012/07/11,9.35,9.43,9.29,9.43,563938,10.18
2012/07/12,9.41,9.60,9.30,9.54,1102713,10.29
2012/07/13,9.46,9.58,9.44,9.46,681317,10.30
2012/07/16,9.42,9.47,9.09,9.09,1162660,9.28
2012/07/17,8.90,9.16,8.90,9.15,409867,9.88
2012/07/18,9.20,9.26,9.08,9.24,615600,9.99
2012/07/19,9.28,9.47,9.17,9.35,868285,10.14
2012/07/20,9.35,9.53,9.29,9.40,880806,10.21
2012/07/23,9.35,9.38,9.15,9.17,688843,10.00
2012/07/24,9.10,9.36,9.10,9.30,492551,10.05
2012/07/25,9.24,9.29,9.18,9.19,459400,10.03
2012/07/26,9.19,9.27,9.12,9.16,424220,9.99
2012/07/27,9.17,9.23,9.10,9.13,443550,9.93
2012/07/30,9.15,9.18,8.95,8.99,344600,9.85
2012/07/31,8.99,8.99,8.67,8.68,677311,8.83
2012/08/01,8.68,8.88,8.68,8.76,535871,9.57
2012/08/02,8.73,8.75,8.52,8.55,576101,8.63
2012/08/03,8.55,8.69,8.52,8.69,473280,9.41
2012/08/06,8.62,8.88,8.61,8.86,701743,9.57
2012/08/07,8.85,9.07,8.80,9.02,873676,9.75
2012/08/08,8.95,9.01,8.83,8.90,734146,9.72
2012/08/09,8.87,9.00,8.81,8.99,693406,9.73
2012/08/10,8.97,9.03,8.91,8.93,591400,9.77
2012/08/13,8.92,8.98,8.83,8.94,915560,9.73
2012/08/14,8.91,9.38,8.90,9.37,1931824,10.00
2012/08/15,9.32,9.37,9.21,9.24,925645,10.08
2012/08/16,9.21,9.59,9.10,9.58,2338976,10.25
2012/08/17,9.58,9.60,9.30,9.41,1133714,10.21
2012/08/20,9.39,9.57,9.31,9.51,942637,10.26
2012/08/21,9.51,9.83,9.48,9.75,1675523,10.47
2012/08/22,9.75,9.80,9.53,9.64,1072213,10.43
2012/08/23,9.64,9.82,9.50,9.67,904629,10.47
2012/08/24,9.50,9.75,9.44,9.46,929722,10.33
2012/08/27,9.40,9.66,9.24,9.63,2279161,10.27
2012/08/28,9.56,9.98,9.47,9.89,3909096,10.58
2012/08/29,9.78,10.12,9.72,9.75,3707832,10.71
2012/08/30,9.71,9.80,9.45,9.67,1080702,10.44
2012/08/31,9.65,10.00,9.61,9.94,2505020,10.66
2012/09/03,9.90,10.30,9.83,10.19,4208992,10.95
2012/09/04,10.20,10.35,10.01,10.04,1956550,10.88
2012/09/05,9.98,10.10,9.96,10.02,673850,10.82
2012/09/06,10.05,10.19,9.90,10.05,1371436,10.79
2012/09/07,10.03,10.50,9.98,10.28,4707881,11.07
2012/09/10,10.28,10.40,10.08,10.13,2251702,11.03
2012/09/11,10.14,10.16,10.02,10.13,1101788,10.88
2012/09/12,10.15,10.34,10.01,10.12,1560289,10.97
2012/09/13,10.10,10.23,9.96,10.18,1935363,10.92
2012/09/14,10.20,10.80,10.15,10.54,8243463,11.35
2012/09/17,10.50,10.65,10.23,10.26,2963699,11.23
2012/09/18,10.23,10.40,10.15,10.33,1719620,11.05
2012/09/19,10.28,10.49,10.19,10.36,4591648,11.12
2012/09/20,10.39,10.63,10.04,10.06,4241899,10.33
2012/09/21,10.10,10.30,9.97,10.20,2759507,10.98
2012/09/24,10.03,10.10,9.79,9.84,3531029,10.70
2012/09/25,9.73,9.88,9.59,9.68,1569901,10.51
2012/09/26,9.62,9.70,9.49,9.60,748750,10.37
2012/09/27,9.57,9.80,9.55,9.75,1273793,10.51
2012/09/28,9.67,9.94,9.65,9.90,2117506,10.63
2012/10/08,9.94,10.34,9.86,10.18,4877068,10.94
2012/10/09,10.14,10.56,10.14,10.29,6344978,11.18
2012/10/10,10.26,10.46,10.20,10.24,4505761,11.08
2012/10/11,10.16,10.46,10.09,10.24,5202372,11.08
2012/10/12,10.20,10.58,10.19,10.41,7302870,11.20
2012/10/15,10.38,10.52,10.13,10.30,4603623,11.11
2012/10/16,10.27,10.67,10.25,10.50,9137765,11.31
2012/10/17,10.46,10.68,10.39,10.50,9499743,11.33
2012/10/18,10.50,10.66,10.30,10.36,8175929,11.24
2012/10/19,10.32,10.36,9.66,9.69,7679374,10.01
2012/10/22,9.60,9.72,9.52,9.67,2785624,10.41
2012/10/23,9.62,9.71,9.50,9.51,2024230,10.37
2012/10/24,9.50,9.57,9.45,9.55,1122168,10.32
2012/10/25,9.56,9.65,9.51,9.56,1279470,10.38
2012/10/26,9.56,9.62,9.12,9.13,1783460,9.37
2012/10/29,9.15,9.25,9.11,9.14,864239,9.98
2012/10/30,9.21,9.27,9.13,9.23,920762,10.01
2012/10/31,9.23,9.23,9.13,9.20,581532,9.97
2012/11/01,9.26,9.34,9.20,9.32,1236445,10.10
2012/11/02,9.30,9.35,9.27,9.33,672739,10.11
2012/11/05,9.30,9.34,9.17,9.19,837611,10.03
2012/11/06,9.19,9.19,8.92,9.01,908697,9.82
2012/11/07,9.01,9.06,8.95,9.06,542455,9.81
2012/11/08,9.00,9.00,8.81,8.81,678633,8.91
2012/11/09,8.81,8.88,8.80,8.84,377171,9.63
2012/11/12,8.84,8.92,8.84,8.89,386830,9.68
2012/11/13,8.90,8.98,8.66,8.70,619753,8.82
2012/11/14,8.72,8.82,8.67,8.79,502879,9.52
2012/11/15,8.78,8.90,8.70,8.79,474800,9.60
2012/11/16,8.79,8.85,8.73,8.83,577297,9.60
2012/11/19,8.80,8.96,8.75,8.94,756229,9.69
2012/11/20,8.96,8.98,8.86,8.89,503971,9.72
2012/11/21,8.89,8.93,8.70,8.91,564635,9.62
2012/11/22,8.83,8.84,8.68,8.73,523329,9.53
2012/11/23,8.71,8.80,8.71,8.75,441464,9.56
2012/11/26,8.76,8.86,8.71,8.76,482717,9.59
2012/11/27,8.71,8.75,8.33,8.34,748268,8.54
2012/11/28,8.35,8.35,7.88,7.93,729883,8.11
2012/11/29,8.00,8.06,7.70,7.71,542802,7.88
2012/11/30,7.72,7.76,7.55,7.73,521093,8.49
2012/12/03,7.73,7.82,7.56,7.57,534600,7.69
2012/12/04,7.58,7.58,7.16,7.43,1054686,8.08
2012/12/05,7.38,7.77,7.38,7.70,1469808,8.45
2012/12/06,7.68,7.78,7.66,7.70,767293,7.72
2012/12/07,7.72,8.01,7.70,7.96,1738415,8.67
2012/12/10,8.01,8.50,7.93,8.20,2032268,8.21
2012/12/11,8.10,8.20,8.00,8.03,1275686,8.10
2012/12/12,7.99,8.15,7.80,7.95,1077032,7.98
2012/12/13,7.91,7.93,7.70,7.72,933742,7.81
2012/12/14,7.73,8.11,7.69,8.07,1690700,8.78
2012/12/17,8.04,8.23,8.03,8.14,1657662,8.94
2012/12/18,8.15,8.24,8.05,8.12,1198951,8.15
2012/12/19,8.08,8.23,8.08,8.17,835660,8.95
2012/12/20,8.08,8.30,8.08,8.30,1631016,9.04
2012/12/21,8.28,8.57,8.21,8.47,2808773,9.19
2012/12/24,8.34,8.45,8.29,8.43,1869265,9.17
2012/12/25,8.32,8.65,8.31,8.55,2207424,9.31
2012/12/26,8.53,8.73,8.48,8.68,1820822,9.39
2012/12/27,8.68,8.71,8.41,8.43,2097423,8.56
2012/12/28,8.45,8.70,8.40,8.64,1889437,9.36
2012/12/31,8.70,8.75,8.56,8.60,1200231,9.41
2013/01/04,8.60,8.77,8.46,8.53,1168939,9.37
2013/01/07,8.49,8.68,8.44,8.62,925791,9.39
2013/01/08,8.59,8.72,8.48,8.70,2010966,9.43
2013/01/09,8.72,8.81,8.61,8.67,1589499,9.51
2013/01/10,8.71,8.82,8.66,8.73,1234202,9.55
2013/01/11,8.81,8.81,8.40,8.43,1502943,8.61
2013/01/14,8.27,8.67,8.27,8.63,1404215,9.36
2013/01/15,8.66,8.97,8.60,8.92,2544525,9.61
2013/01/16,8.92,9.04,8.75,8.86,2503674,9.68
2013/01/17,8.86,8.88,8.70,8.73,1130303,9.55
2013/01/18,8.74,8.90,8.71,8.89,1362084,9.63
2013/01/21,8.89,8.98,8.85,8.91,1329730,9.69
2013/01/22,8.91,8.93,8.71,8.76,1104588,9.62
2013/01/23,8.78,8.92,8.66,8.82,1179602,9.60
2013/01/24,8.82,8.94,8.54,8.55,1967600,8.74
2013/01/25,8.59,8.59,8.38,8.40,875405,8.49
2013/01/28,8.39,8.62,8.39,8.60,772561,9.33
2013/01/29,8.58,8.67,8.50,8.66,862334,9.41
2013/01/30,8.67,8.67,8.51,8.59,1330864,9.37
2013/01/31,8.65,8.76,8.52,8.74,1279020,9.45
2013/02/01,8.75,9.08,8.70,9.03,3854152,9.73
2013/02/04,9.13,9.36,8.85,8.86,4422709,9.10
2013/02/05,8.86,8.94,8.70,8.93,1282808,9.62
2013/02/06,8.92,8.98,8.85,8.90,997936,9.71
2013/02/07,8.85,8.96,8.79,8.93,1081490,9.68
2013/02/08,8.96,8.97,8.86,8.92,1117041,9.73
2013/02/18,8.93,8.98,8.86,8.92,1394437,9.70
2013/02/19,8.92,8.92,8.60,8.65,1544022,8.76
2013/02/20,8.65,8.74,8.62,8.74,1109892,9.48
2013/02/21,8.72,8.79,8.53,8.73,1747233,9.41
2013/02/22,8.70,8.77,8.65,8.74,948386,9.52
2013/02/25,8.73,8.84,8.70,8.77,827603,9.58
2013/02/26,8.70,8.70,8.56,8.56,1328050,8.63
2013/02/27,8.57,8.60,8.49,8.54,696047,9.34
2013/02/28,8.52,8.69,8.52,8.67,785717,9.41
2013/03/01,8.68,8.72,8.58,8.66,795252,9.44
2013/03/04,8.61,9.03,8.50,9.00,4659608,9.62
2013/03/05,8.97,9.98,8.81,9.70,9316640,10.23
2013/03/06,9.50,10.10,9.33,9.50,6427951,10.31
2013/03/07,9.43,9.51,9.25,9.31,2921485,10.14
2013/03/08,9.25,9.36,9.15,9.16,1651712,10.04
2013/03/11,9.16,9.26,9.09,9.17,961247,9.97
2013/03/12,9.17,9.23,8.72,8.83,1448004,8.98
2013/03/13,8.80,8.89,8.66,8.71,828075,9.54
2013/03/14,8.69,8.78,8.63,8.71,829083,9.50
2013/03/15,8.67,8.83,8.67,8.74,1117684,9.55
2013/03/18,8.74,8.75,8.52,8.54,795502,8.63
2013/03/19,8.55,8.75,8.50,8.70,906710,9.44
2013/03/20,8.69,8.95,8.67,8.91,2519947,9.66
2013/03/21,8.83,9.02,8.79,8.91,1936685,9.71
2013/03/22,8.86,8.89,8.73,8.83,1344341,9.60
2013/03/25,8.83,8.85,8.70,8.74,825376,9.56
2013/03/26,8.74,8.75,8.57,8.60,897187,9.42
2013/03/27,8.68,8.68,8.57,8.64,534898,9.42
2013/03/28,8.60,8.60,8.48,8.53,1069107,9.33
2013/03/29,8.52,9.30,8.52,9.03,3252562,9.75
2013/04/01,8.96,9.90,8.91,9.79,5603501,10.16
2013/04/02,9.51,10.00,9.06,9.18,6586280,9.53
2013/04/03,9.08,9.16,8.72,8.76,2621626,8.94
2013/04/08,8.57,8.57,8.43,8.51,1458466,9.30
2013/04/09,8.54,8.65,8.54,8.57,1072221,9.39
2013/04/10,8.58,8.67,8.52,8.59,860176,9.39
2013/04/11,8.65,8.79,8.56,8.74,995728,9.48
2013/04/12,8.67,8.71,8.48,8.51,795833,9.36
2013/04/15,8.51,8.55,8.13,8.18,1081202,8.34
2013/04/16,8.09,8.28,8.01,8.24,642674,8.94
2013/04/17,8.25,8.30,8.10,8.24,467053,9.00
2013/04/18,8.22,8.26,8.11,8.23,344910,9.01
2013/04/19,8.23,8.42,8.20,8.40,538913,9.16
2013/04/22,8.31,8.43,8.30,8.42,411119,9.18
2013/04/23,8.42,8.42,8.10,8.11,779089,8.26
2013/04/24,8.18,8.26,8.08,8.20,511248,8.97
2013/04/25,8.20,8.34,8.11,8.17,571826,8.22
2013/04/26,8.13,8.24,7.85,7.87,723401,8.04
2013/05/02,7.87,7.95,7.81,7.90,367221,8.67
2013/05/03,7.87,8.03,7.87,7.98,800868,7.95
2013/05/06,7.97,8.19,7.91,8.18,1143793,8.87
2013/05/07,8.13,8.14,7.99,8.05,923208,8.07
2013/05/08,8.04,8.10,8.01,8.06,595036,8.85
2013/05/09,8.02,8.08,7.95,7.97,735656,8.02
2013/05/10,7.93,8.11,7.93,8.10,630852,8.84
2013/05/13,8.06,8.14,8.00,8.11,828834,8.89
2013/05/14,8.09,8.09,7.93,7.99,524421,8.01
2013/05/15,8.01,8.05,7.97,8.03,627398,8.80
2013/05/16,8.00,8.24,7.96,8.23,1739921,8.90
2013/05/17,8.26,8.31,8.16,8.27,1338990,9.06
2013/05/20,8.27,8.42,8.26,8.38,1565849,9.16
2013/05/21,8.38,8.56,8.35,8.48,1491525,9.25
2013/05/22,8.48,8.76,8.37,8.47,1945786,8.56
2013/05/23,8.57,8.63,8.40,8.51,1121649,9.10
2013/05/24,8.53,8.59,8.49,8.56,608304,9.14
2013/05/27,8.58,8.74,8.58,8.65,736619,9.23
2013/05/28,8.61,8.87,8.61,8.82,1770843,9.38
2013/05/29,8.81,8.97,8.71,8.80,1457029,9.44
2013/05/30,8.78,8.80,8.64,8.73,2091738,9.31
2013/05/31,8.76,8.83,8.65,8.71,1104248,9.32
2013/06/03,8.67,8.73,8.55,8.66,790990,9.25
2013/06/04,8.65,8.65,8.41,8.45,779700,9.10
2013/06/05,8.45,8.54,8.33,8.44,442609,9.04
2013/06/06,8.44,8.45,8.34,8.39,313382,8.99
2013/06/07,8.36,8.50,8.25,8.36,1408385,8.95
2013/06/13,8.28,8.28,7.89,7.96,1136936,8.61
2013/06/14,8.02,8.13,7.90,8.02,506061,8.61
2013/06/17,8.04,8.29,8.04,8.21,789059,8.80
2013/06/18,8.21,8.22,8.05,8.07,411185,8.71
2013/06/19,8.07,8.07,7.86,7.99,734782,8.57
2013/06/20,8.03,8.09,7.92,7.92,359039,8.60
2013/06/21,7.94,7.94,7.76,7.78,568275,8.41
2013/06/24,7.78,7.86,7.42,7.54,1024960,8.26
2013/06/25,7.41,7.70,7.30,7.66,2261062,8.02
2013/06/26,7.65,7.80,7.62,7.71,683380,8.30
2013/06/27,7.65,7.92,7.56,7.88,1677720,8.43
2013/06/28,7.77,8.05,7.76,7.98,697131,8.54
2013/07/01,7.98,8.03,7.84,7.98,470379,8.52
2013/07/02,7.98,8.42,7.92,8.36,2386367,8.80
2013/07/03,8.30,8.44,8.24,8.38,1058166,8.94
2013/07/04,8.38,8.80,8.28,8.69,2385725,9.23
2013/07/05,8.57,8.70,8.57,8.66,866773,9.25
2013/07/08,8.60,8.68,8.36,8.60,857632,9.13
2013/07/09,8.50,8.76,8.50,8.65,1064893,9.26
2013/07/10,8.60,8.94,8.59,8.90,2092481,9.39
2013/07/11,8.90,9.29,8.80,9.28,3855799,9.68
2013/07/12,9.28,9.36,9.10,9.18,1642539,9.85
2013/07/15,9.10,9.35,9.10,9.20,1070751,9.81
2013/07/16,9.20,9.33,9.11,9.28,1134905,9.83
2013/07/17,9.34,9.34,9.02,9.04,986387,9.83
2013/07/18,9.00,9.02,8.73,8.83,1378928,9.47
2013/07/19,8.81,8.90,8.69,8.72,745811,9.42
2013/07/22,8.63,8.83,8.61,8.75,441925,9.34
2013/07/23,8.80,8.91,8.70,8.86,611124,9.44
2013/07/24,8.81,8.91,8.74,8.82,874694,9.43
2013/07/25,8.82,9.60,8.81,9.35,3599950,9.84
2013/07/26,9.38,9.40,9.22,9.28,1544083,9.91
2013/07/29,9.21,9.38,9.03,9.34,1061027,9.78
2013/07/30,9.26,9.56,8.68,9.50,3147944,10.01
2013/07/31,9.55,9.55,9.26,9.30,1636746,9.98
2013/08/01,9.21,9.65,9.20,9.64,2770190,10.11
2013/08/02,9.64,9.66,9.53,9.55,1438123,10.19
2013/08/05,9.56,9.80,9.45,9.78,2428301,10.26
2013/08/06,9.75,9.85,9.65,9.78,1119762,10.37
2013/08/07,9.79,9.87,9.70,9.76,1225135,10.38
2013/08/08,9.76,9.81,9.55,9.64,1571832,10.28
2013/08/09,9.60,9.73,9.55,9.63,776054,10.25
2013/08/12,9.69,9.97,9.63,9.90,2484632,10.44
2013/08/13,9.94,10.04,9.74,9.90,791767,10.45
2013/08/14,9.88,9.96,9.82,9.95,1088934,10.50
2013/08/15,9.96,10.00,9.87,9.90,1107914,10.52
2013/08/16,9.85,9.90,9.62,9.62,1928400,10.33
2013/08/19,9.98,9.98,9.61,9.70,557880,10.35
2013/08/20,9.62,9.84,9.62,9.80,1305656,10.35
2013/08/21,9.80,9.99,9.79,9.95,1112288,10.53
2013/08/22,10.00,10.06,9.80,10.04,1391592,10.55
2013/08/23,10.04,10.11,9.96,9.99,861574,10.63
2013/08/26,10.02,10.38,9.99,10.25,1815437,10.79
2013/08/27,10.25,10.32,10.12,10.18,1492357,10.78
2013/08/28,10.06,10.26,10.06,10.08,1036037,10.70
2013/08/29,10.07,10.27,9.98,10.02,1117671,10.64
2013/08/30,10.02,10.27,9.92,10.15,1394231,10.71
2013/09/02,10.05,10.27,10.05,10.19,860856,10.74
2013/09/03,10.13,10.47,10.13,10.31,1482207,10.92
2013/09/04,10.30,10.34,10.19,10.31,945210,10.86
2013/09/05,10.30,10.45,10.17,10.36,1360425,10.90
2013/09/06,10.39,10.59,10.31,10.50,1399235,11.05
2013/09/09,10.44,10.52,10.36,10.40,1539583,11.04
2013/09/10,10.35,10.40,10.27,10.39,942193,10.93
2013/09/11,10.34,10.35,10.21,10.24,2070084,10.87
2013/09/12,10.20,10.31,10.14,10.15,1447488,10.81
2013/09/13,10.11,10.25,10.10,10.18,1502085,10.76
2013/09/16,10.18,10.26,10.11,10.20,1113951,10.78
2013/09/17,10.18,10.22,10.10,10.15,1017922,10.76
2013/09/18,10.15,10.22,10.12,10.18,1650491,10.78
2013/09/23,10.18,10.29,10.16,10.23,1161089,10.81
2013/09/24,10.17,10.31,10.02,10.19,2199092,10.79
2013/09/25,10.19,10.19,9.82,9.88,2100315,10.54
2013/09/26,9.88,9.94,9.70,9.87,1535175,10.49
2013/09/27,9.88,10.27,9.78,9.86,1794446,10.59
2013/09/30,9.86,9.94,9.78,9.93,1333897,10.46
2013/10/08,9.90,10.09,9.84,9.93,1398727,10.58
2013/10/09,9.90,9.92,9.81,9.90,1180856,10.47
2013/10/10,9.88,10.09,9.82,10.05,1169967,10.53
2013/10/11,9.97,10.10,9.89,9.97,1404428,10.58
2013/10/14,9.98,10.27,9.86,10.20,1795506,10.73
2013/10/15,10.14,10.36,10.10,10.30,2204868,10.88
2013/10/16,10.26,10.32,9.91,10.10,1667630,10.66
2013/10/17,10.09,10.27,9.90,10.21,2223415,10.70
2013/10/18,10.13,10.21,10.03,10.10,1021794,10.75
2013/10/21,10.04,10.36,9.99,10.33,2515875,10.83
2013/10/22,10.26,10.37,10.19,10.20,1649307,10.85
2013/10/23,10.19,10.27,9.98,10.00,1059301,10.72
2013/10/24,9.91,10.01,9.60,9.93,1820495,10.39
2013/10/25,9.85,10.20,9.54,10.06,3555291,10.39
2013/10/28,9.97,9.98,9.60,9.66,1639000,10.32
2013/10/29,9.66,9.68,9.16,9.19,1545020,10.01
2013/10/30,9.23,9.37,9.03,9.32,572290,9.82
2013/10/31,9.25,9.35,9.13,9.31,924500,9.83
2013/11/01,9.21,9.43,9.20,9.32,694768,9.87
2013/11/04,9.26,9.51,9.25,9.39,540152,10.00
2013/11/05,9.37,9.53,9.30,9.48,686835,10.04
2013/11/06,9.44,9.50,9.39,9.46,1068798,10.05
2013/11/07,9.44,9.47,9.26,9.46,547957,9.97
2013/11/08,9.43,9.46,9.06,9.39,760100,9.80
2013/11/11,9.31,9.49,9.26,9.38,985227,9.98
2013/11/12,9.39,9.44,9.28,9.36,699826,9.96
2013/11/13,9.31,9.39,9.19,9.24,265399,9.85
2013/11/14,9.12,9.47,9.12,9.43,918148,9.94
2013/11/15,9.41,9.82,9.38,9.68,973077,10.17
2013/11/18,9.63,9.66,9.52,9.64,889322,10.20
2013/11/19,9.61,9.72,9.55,9.67,739301,10.24
2013/11/20,9.65,9.73,9.65,9.67,750711,10.28
2013/11/21,9.64,9.80,9.55,9.74,1383763,10.30
2013/11/22,9.75,9.92,9.56,9.80,1254364,10.36
2013/11/25,9.78,9.87,9.74,9.75,739598,10.39
2013/11/26,9.75,9.80,9.66,9.69,777397,10.31
2013/11/27,9.75,9.86,9.64,9.83,1666633,10.36
2013/11/28,9.85,9.98,9.82,9.82,932544,10.49
2013/11/29,9.80,9.93,9.77,9.83,949284,10.44
2013/12/02,9.76,9.76,8.79,8.79,2872766,9.27
2013/12/03,7.85,9.59,7.85,9.47,20330471,8.77
2013/12/04,8.70,9.13,8.56,8.77,16882942,9.39
2013/12/05,8.60,8.63,8.30,8.41,6816004,9.06
2013/12/06,8.42,8.49,8.32,8.39,3629860,9.00
2013/12/09,8.40,8.45,8.30,8.44,2577809,8.98
2013/12/10,8.45,8.50,8.30,8.33,4137826,8.94
2013/12/11,8.32,8.34,8.21,8.24,2345030,8.85
2013/12/12,8.26,8.33,8.23,8.30,1608708,8.88
2013/12/13,8.28,8.37,8.26,8.34,1747007,8.92
2013/12/16,8.37,8.37,8.09,8.11,2815594,8.78
2013/12/17,8.12,8.18,8.04,8.08,1539560,8.70
2013/12/18,8.07,8.18,8.06,8.09,1493932,8.71
2013/12/19,8.13,8.15,8.00,8.00,1851013,8.65
2013/12/20,8.03,8.03,7.87,7.89,1752997,8.53
2013/12/23,7.90,7.92,7.72,7.76,1487703,8.40
2013/12/24,7.76,7.88,7.72,7.85,1529259,8.42
2013/12/25,7.87,7.99,7.82,7.98,1460421,8.53
2013/12/26,7.96,7.96,7.80,7.81,1122163,8.46
2013/12/27,7.81,7.94,7.79,7.91,1323353,8.45
2013/12/30,7.92,8.01,7.92,7.99,1159437,8.57
2013/12/31,7.92,8.00,7.92,8.00,1129110,8.58
2014/01/02,7.98,8.06,7.93,8.05,1418147,8.62
2014/01/03,8.05,8.05,7.86,7.89,1247051,8.56
2014/01/06,7.86,7.91,7.55,7.60,1516684,8.27
2014/01/07,7.65,7.69,7.56,7.61,966271,8.24
2014/01/08,7.65,7.76,7.61,7.65,986198,8.27
2014/01/09,7.72,7.72,7.51,7.54,1366774,8.21
2014/01/10,7.53,7.53,7.35,7.38,1541131,8.01
2014/01/13,7.38,7.49,7.29,7.35,929400,7.97
2014/01/14,7.39,7.44,7.31,7.44,953773,7.99
2014/01/15,7.42,7.61,7.42,7.59,1367606,8.10
2014/01/16,7.60,7.65,7.49,7.58,985846,8.17
2014/01/17,7.60,7.60,7.39,7.40,1377617,8.05
2014/01/20,7.37,7.58,7.37,7.45,1253064,8.09
2014/01/21,7.45,7.57,7.45,7.50,1023022,8.09
2014/01/22,7.55,7.67,7.46,7.66,2249028,8.21
2014/01/23,7.67,7.68,7.61,7.63,1186704,8.25
2014/01/24,7.63,7.74,7.58,7.73,1767833,8.30
2014/01/27,7.73,7.76,7.66,7.74,1058749,8.32
2014/01/28,7.73,7.78,7.60,7.74,971199,8.29
2014/01/29,7.74,7.88,7.70,7.85,1193362,8.37
2014/01/30,7.85,7.85,7.70,7.71,801780,8.35
2014/02/07,7.71,7.72,7.59,7.72,874947,8.26
2014/02/10,7.75,7.93,7.73,7.92,2205055,8.44
2014/02/11,7.92,7.99,7.80,7.94,2382116,8.50
2014/02/12,7.94,8.10,7.90,8.04,2415647,8.62
2014/02/13,8.06,8.07,7.86,7.87,2373093,8.58
2014/02/14,7.85,8.05,7.85,8.03,1886015,8.56
2014/02/17,8.12,8.28,8.07,8.28,3110661,8.78
2014/02/18,8.30,8.33,8.13,8.19,3157277,8.81
2014/02/19,8.19,8.25,8.08,8.13,2323195,8.74
2014/02/20,8.13,8.17,8.07,8.08,2155908,8.71
2014/02/21,8.07,8.17,7.83,7.96,2051616,8.60
2014/02/24,7.90,7.98,7.79,7.94,1322681,8.47
2014/02/25,7.91,7.96,7.55,7.58,1837368,7.75
2014/02/26,7.58,7.58,7.37,7.51,1373743,8.06
2014/02/27,7.52,7.61,7.46,7.52,1160551,8.15
2014/02/28,7.52,7.90,7.52,7.83,2954531,8.35
2014/03/03,7.53,7.72,7.50,7.67,6642548,8.20
2014/03/04,7.58,7.59,7.40,7.45,4106428,8.09
2014/03/05,7.43,7.54,7.43,7.48,2357027,8.10
2014/03/06,7.44,7.55,7.40,7.52,2205140,8.07
2014/03/07,7.52,7.54,7.29,7.32,3810243,7.98
2014/03/10,7.31,7.31,6.84,6.89,4579687,7.07
2014/03/11,6.87,6.92,6.77,6.87,2657444,7.43
2014/03/12,6.86,6.93,6.80,6.91,2151392,7.47
2014/03/13,6.91,6.95,6.82,6.89,2721728,7.48
2014/03/14,6.86,6.90,6.80,6.85,2532523,7.44
2014/03/17,6.85,6.98,6.83,6.97,2580440,7.52
2014/03/18,6.94,7.03,6.94,6.99,2156010,7.59
2014/03/19,6.99,6.99,6.81,6.93,1928174,7.48
2014/03/20,6.91,7.08,6.85,6.90,4037885,7.58
2014/03/21,6.88,7.08,6.88,7.06,2750439,7.60
2014/03/24,7.06,7.22,7.01,7.17,4734175,7.76
2014/03/25,7.16,7.27,7.12,7.13,2934734,7.78
2014/03/26,7.18,7.19,7.08,7.13,2231910,7.73
2014/03/27,7.10,7.14,6.98,7.01,1831797,7.64
2014/03/28,7.00,7.02,6.86,6.90,2027399,7.52
2014/03/31,6.92,6.96,6.85,6.91,953377,7.50
2014/04/01,6.85,7.04,6.85,7.01,1218568,7.57
2014/04/02,7.01,7.11,6.94,7.10,1746296,7.63
2014/04/03,7.10,7.10,6.99,7.06,1140922,7.65
2014/04/04,7.06,7.10,7.03,7.08,1497164,7.65
2014/04/08,7.06,7.13,7.01,7.12,1683474,7.70
2014/04/09,7.11,7.26,7.10,7.20,2461030,7.78
2014/04/10,7.20,7.20,7.12,7.18,1689153,7.77
2014/04/11,7.17,7.17,7.05,7.11,1312469,7.71
2014/04/14,7.11,7.15,7.07,7.14,1242905,7.72
2014/04/15,7.14,7.14,7.06,7.09,1744901,7.69
2014/04/16,7.10,7.20,7.09,7.20,2913152,7.74
2014/04/17,7.21,7.24,7.14,7.22,1846149,7.79
2014/04/18,7.19,7.20,7.10,7.13,1650322,7.74
2014/04/21,7.08,7.13,6.97,6.98,1233633,7.67
2014/04/22,6.98,7.03,6.87,6.92,1607728,7.51
2014/04/23,6.92,6.97,6.89,6.91,989126,7.51
2014/04/24,6.93,6.93,6.80,6.85,1515213,7.49
2014/04/25,6.84,6.85,6.73,6.74,1259440,7.40
2014/04/28,6.60,6.68,6.51,6.52,1410540,6.59
2014/04/29,6.51,6.56,6.43,6.56,1530031,7.08
2014/04/30,6.55,6.59,6.45,6.56,1549670,7.13
2014/05/05,6.52,6.59,6.50,6.58,934442,7.14
2014/05/06,6.58,6.65,6.56,6.61,1109075,7.20
2014/05/07,6.60,6.60,6.48,6.49,828263,6.54
2014/05/08,6.47,6.62,6.45,6.52,896225,7.14
2014/05/09,6.50,6.53,6.44,6.47,666702,7.08
2014/05/12,6.58,6.70,6.51,6.68,2751331,7.24
2014/05/13,6.69,6.78,6.65,6.72,2745995,7.33
2014/05/14,6.73,6.77,6.66,6.75,2014719,7.32
2014/05/15,6.69,6.75,6.60,6.61,1018906,7.26
2014/05/16,6.61,6.91,6.58,6.75,4996845,7.40
2014/05/19,6.73,6.82,6.65,6.79,2709325,7.36
2014/05/20,6.81,6.96,6.78,6.96,5066497,7.48
2014/05/21,7.01,7.08,6.85,6.96,3303054,7.39
2014/05/22,6.98,7.04,6.87,6.92,3157245,7.37
2014/05/23,6.85,7.13,6.85,7.11,5337134,7.39
2014/05/26,7.08,7.13,7.02,7.13,5481271,7.47
2014/05/27,7.10,7.18,7.07,7.08,3692535,7.53
2014/05/28,7.08,7.10,6.99,7.06,3113226,7.43
2014/05/29,7.05,7.06,6.95,7.03,2999081,7.42
2014/05/30,7.01,7.10,7.01,7.09,2539576,7.45
2014/06/03,7.10,7.16,7.03,7.05,1968418,7.48
2014/06/04,7.07,7.07,6.97,7.01,1744059,7.40
2014/06/05,7.01,7.05,6.98,7.04,1465879,7.42
2014/06/06,7.04,7.13,6.98,7.12,2237934,7.45
2014/06/09,7.09,7.16,7.04,7.12,2650021,7.52
2014/06/10,7.14,7.14,7.05,7.10,1885301,7.50
2014/06/11,7.12,7.22,7.08,7.22,2818211,7.57
2014/06/12,7.19,7.35,7.17,7.34,5352961,7.67
2014/06/13,7.30,7.42,7.20,7.42,8370340,7.74
2014/06/16,7.38,7.60,7.38,7.50,9049356,7.89
2014/06/17,7.54,7.57,7.36,7.43,4149468,7.84
2014/06/18,7.47,7.47,7.33,7.41,2753260,7.77
2014/06/19,7.40,7.45,7.21,7.35,2375241,7.71
2014/06/20,7.35,7.43,7.29,7.41,2906936,7.77
2014/06/23,7.35,7.48,7.35,7.44,1840343,7.84
2014/06/24,7.40,7.46,7.35,7.41,1742055,7.80
2014/06/25,7.35,7.50,7.20,7.42,2596269,7.77
2014/06/26,7.43,7.43,7.35,7.39,1751672,7.78
2014/06/27,7.36,7.55,7.36,7.45,4491575,7.83
2014/06/30,7.35,7.36,7.17,7.29,4450131,7.64
2014/07/01,7.26,7.36,7.25,7.27,2838204,7.69
2014/07/02,7.24,7.29,7.21,7.25,2574545,7.64
2014/07/03,7.25,7.52,7.25,7.40,8771241,7.84
2014/07/04,7.38,7.50,7.37,7.43,4895452,7.84
2014/07/07,7.41,7.51,7.38,7.49,6718552,7.86
2014/07/08,7.49,7.69,7.43,7.68,10037093,7.98
2014/07/09,7.68,7.72,7.48,7.56,5095178,7.99
2014/07/10,7.52,7.68,7.43,7.50,2568374,7.91
2014/07/11,7.46,7.56,7.43,7.52,1711615,7.90
2014/07/14,7.51,7.51,7.32,7.40,4489086,7.79
2014/07/15,7.40,7.41,7.29,7.40,4266681,7.73
2014/07/16,7.39,7.47,7.23,7.38,7476742,7.76
2014/07/17,7.36,7.41,7.29,7.34,4468326,7.77
2014/07/18,7.31,7.35,7.28,7.29,1857881,7.71
2014/07/21,7.25,7.32,7.19,7.20,2142526,7.63
2014/07/22,7.20,7.28,7.20,7.26,2267124,7.65
2014/07/23,7.25,7.27,7.05,7.08,3423830,7.54
2014/07/24,7.08,7.08,6.94,6.98,5447590,7.39
2014/07/25,6.99,7.08,6.96,7.07,2323544,7.44
2014/07/28,7.08,7.23,7.08,7.22,3938841,7.57
2014/07/29,7.20,7.30,7.18,7.21,3767375,7.66
2014/07/30,7.23,7.31,7.21,7.29,3121696,7.67
2014/07/31,7.25,7.39,7.25,7.37,3761950,7.73
2014/08/01,7.38,7.42,7.26,7.28,3359727,7.76
2014/08/04,7.28,7.42,7.27,7.41,3379943,7.76
2014/08/05,7.41,7.47,7.39,7.46,3240711,7.83
2014/08/06,7.42,7.47,7.39,7.45,4084460,7.83
2014/08/07,7.45,7.50,7.33,7.35,4942074,7.82
2014/08/08,7.36,7.43,7.35,7.43,1802845,7.79
2014/08/11,7.41,7.50,7.41,7.45,5991343,7.87
2014/08/12,7.48,7.49,7.43,7.47,4504563,7.86
2014/08/13,7.45,7.52,7.43,7.51,4511961,7.88
2014/08/14,7.51,7.59,7.48,7.50,5790335,7.93
2014/08/15,7.49,7.72,7.43,7.68,9543579,8.02
2014/08/18,7.68,7.94,7.63,7.82,14010813,8.19
2014/08/19,7.77,7.81,7.65,7.70,8527406,8.11
2014/08/20,7.69,7.77,7.65,7.68,5232191,8.11
2014/08/21,7.68,7.70,7.55,7.63,4726256,8.01
2014/08/22,7.64,7.75,7.59,7.73,4179173,8.08
2014/08/25,7.70,7.75,7.61,7.65,3576810,8.07
2014/08/26,7.63,7.65,7.44,7.45,3639281,7.93
2014/08/27,7.44,7.53,7.42,7.51,2438209,7.89
2014/08/28,7.51,7.54,7.40,7.40,2266017,7.87
2014/08/29,7.41,7.51,7.40,7.50,2098456,7.86
2014/09/01,7.53,7.59,7.49,7.58,3750870,7.95
2014/09/02,7.59,7.80,7.57,7.78,7329101,8.13
2014/09/03,7.82,7.87,7.71,7.81,7722725,8.19
2014/09/04,7.82,7.99,7.78,7.89,11986244,8.32
2014/09/05,7.85,7.90,7.82,7.88,4850494,8.26
2014/09/09,7.89,8.06,7.78,8.01,9695433,8.33
2014/09/10,7.94,8.23,7.91,8.16,11130640,8.48
2014/09/11,8.14,8.29,7.93,7.97,14661642,8.50
2014/09/12,7.96,8.05,7.88,8.04,6849481,8.38
2014/09/15,8.02,8.21,8.01,8.20,8292788,8.52
2014/09/16,8.15,8.21,7.82,7.90,8318373,8.45
2014/09/17,7.90,7.97,7.80,7.96,4536933,8.31
2014/09/18,7.95,8.03,7.90,7.99,3306710,8.37
2014/09/19,8.01,8.15,7.98,8.14,5048733,8.47
2014/09/22,8.14,8.14,7.88,7.95,5150833,8.38
2014/09/23,7.93,8.07,7.91,8.05,3474704,8.42
2014/09/24,8.06,8.20,8.01,8.19,6486508,8.53
2014/09/25,8.22,8.25,8.11,8.17,5531646,8.58
2014/09/26,8.19,8.40,8.13,8.33,6308410,8.69
2014/09/29,8.38,8.41,8.28,8.39,6061904,8.75
2014/09/30,8.39,8.47,8.33,8.46,4589740,8.80
2014/10/08,8.48,8.53,8.35,8.48,4989916,8.83
2014/10/09,8.51,8.55,8.30,8.48,5891906,8.83
2014/10/10,8.42,8.44,8.29,8.33,4259377,8.76
2014/10/13,8.32,8.57,8.28,8.54,6709781,8.83
2014/10/14,8.49,8.58,8.35,8.40,5064121,8.85
2014/10/15,8.39,8.50,8.30,8.46,4108243,8.79
2014/10/16,8.41,8.54,8.26,8.29,6286386,8.85
2014/10/17,8.27,8.32,8.04,8.15,4919716,8.57
2014/10/20,8.15,8.26,8.15,8.23,3242401,8.61
2014/10/21,8.25,8.29,8.13,8.18,2862947,8.62
2014/10/22,8.17,8.20,8.04,8.07,3540903,8.51
2014/10/23,8.07,8.07,7.85,7.95,3542747,8.32
2014/10/24,7.92,7.98,7.88,7.96,1616190,8.34
2014/10/27,7.96,8.02,7.90,8.02,1979629,8.38
2014/10/28,8.03,8.21,8.02,8.19,3528800,8.51
2014/10/29,8.19,8.27,8.15,8.25,3906934,8.61
2014/10/30,8.23,8.29,8.19,8.21,3876021,8.63
2014/10/31,8.22,8.33,8.18,8.31,5021186,8.65
2014/11/03,8.31,8.46,8.28,8.42,6864617,8.78
2014/11/04,8.38,8.45,8.33,8.42,3932750,8.80
2014/11/05,8.44,8.45,8.31,8.33,4101991,8.77
2014/11/06,8.32,8.41,8.23,8.41,4461152,8.70
2014/11/07,8.38,8.45,8.28,8.29,4244322,8.79
2014/11/10,8.31,8.55,8.29,8.43,6117489,8.84
2014/11/11,8.44,8.47,8.05,8.17,5912037,8.66
2014/11/12,8.16,8.29,8.12,8.28,2559243,8.60
2014/11/13,8.27,8.27,8.07,8.20,3247403,8.56
2014/11/14,8.18,8.18,8.02,8.09,2789808,8.47
2014/11/17,8.08,8.19,8.00,8.19,3680180,8.52
2014/11/18,8.17,8.26,8.12,8.22,2285750,8.60
2014/11/19,8.25,8.31,8.16,8.30,2483088,8.64
2014/11/20,8.24,8.35,8.22,8.31,2636996,8.69
2014/11/21,8.32,8.40,8.25,8.39,3303115,8.74
2014/11/24,8.44,8.54,8.35,8.42,5425664,8.85
2014/11/25,8.43,8.55,8.35,8.50,7262768,8.84
2014/11/26,8.51,8.53,8.38,8.47,4871024,8.85
2014/11/27,8.50,8.84,8.43,8.71,12752028,9.05
2014/11/28,8.65,9.48,8.54,9.33,14860014,9.26
2014/12/01,9.18,9.44,8.87,8.91,16047098,9.44
2014/12/02,8.91,9.00,8.85,8.93,7386825,9.32
2014/12/03,8.94,9.14,8.78,8.94,8158699,9.35
2014/12/04,8.95,9.14,8.93,9.07,7532005,9.41
2014/12/05,9.05,9.34,8.61,8.75,7982086,9.24
2014/12/08,8.68,8.81,8.60,8.74,6081769,9.09
2014/12/09,8.71,8.75,8.39,8.50,7971898,9.01
2014/12/10,8.47,9.07,8.47,8.88,7194541,9.20
2014/12/11,8.90,8.97,8.71,8.89,5867136,9.24
2014/12/12,8.95,9.01,8.84,8.90,5534856,9.30
2014/12/15,8.90,9.06,8.82,9.01,6084687,9.37
2014/12/16,9.03,9.08,8.91,9.01,5395576,9.39
2014/12/17,8.97,8.97,8.70,8.86,4727814,9.26
2014/12/18,8.80,8.85,8.57,8.71,4533440,9.13
2014/12/19,8.67,8.74,8.51,8.70,4748825,9.03
2014/12/22,8.66,8.68,8.29,8.31,5103152,8.85
2014/12/23,8.27,8.41,8.22,8.26,3226073,8.72
2014/12/24,8.28,8.54,8.26,8.50,3493253,8.81
2014/12/25,8.53,8.67,8.48,8.56,3895074,8.97
2014/12/26,8.58,8.62,8.42,8.60,3145142,8.97
2014/12/29,8.59,8.68,8.42,8.46,3652118,8.93
2014/12/30,8.49,8.53,8.10,8.32,5026310,8.75
2014/12/31,8.32,8.32,8.15,8.28,3240881,8.63
2015/01/05,8.25,8.48,8.22,8.47,4618448,8.78
2015/01/06,8.45,8.54,8.35,8.52,4009951,8.84
2015/01/07,8.46,8.52,8.40,8.48,2985605,8.87
2015/01/08,8.48,8.60,8.45,8.52,4408100,8.93
2015/01/09,8.47,8.54,8.35,8.37,3179762,8.88
2015/01/12,8.35,8.35,8.14,8.16,2695147,8.60
2015/01/13,8.13,8.21,8.10,8.19,2452450,8.56
2015/01/14,8.18,8.20,7.96,7.99,4962783,8.46
2015/01/15,7.99,8.10,7.97,8.09,1910226,8.45
2015/01/16,8.08,8.15,8.06,8.15,2475690,8.52
2015/01/19,8.08,8.14,7.81,7.89,3589334,8.41
2015/01/20,7.89,8.09,7.89,8.09,2537372,8.42
2015/01/21,8.09,8.27,8.09,8.26,3580295,8.61
2015/01/22,8.27,8.45,8.22,8.37,3644949,8.71
2015/01/23,8.35,8.42,8.20,8.29,3374033,8.71
2015/01/26,8.30,8.48,8.22,8.48,4667957,8.78
2015/01/27,8.43,8.54,8.38,8.47,4388219,8.85
2015/01/28,8.47,8.60,8.43,8.50,4318156,8.92
2015/01/29,8.45,8.55,8.40,8.46,2918330,8.89
2015/01/30,8.47,8.71,8.47,8.53,7114177,8.99
2015/02/02,8.48,8.50,8.39,8.44,2536538,8.84
2015/02/03,8.45,8.58,8.42,8.55,3112349,8.92
2015/02/04,8.51,8.64,8.39,8.40,3742621,8.90
2015/02/05,8.47,8.49,8.36,8.38,2658759,8.81
2015/02/06,8.35,8.35,8.04,8.11,3429811,8.58
2015/02/09,8.10,8.13,8.03,8.05,1990994,8.48
2015/02/10,8.07,8.14,8.04,8.14,1687400,8.50
2015/02/11,8.14,8.19,8.12,8.17,1426498,8.56
2015/02/12,8.17,8.25,8.15,8.25,1525709,8.60
2015/02/13,8.27,8.38,8.26,8.35,2575574,8.74
2015/02/16,8.37,8.50,8.35,8.49,2727740,8.83
2015/02/17,8.48,8.50,8.43,8.47,2623555,8.87
2015/02/25,8.49,8.49,8.39,8.46,2058628,8.84
2015/02/26,8.46,8.57,8.41,8.55,3864090,8.92
2015/02/27,8.56,8.58,8.50,8.55,3254653,8.94
2015/03/02,8.58,8.67,8.56,8.65,5257616,9.03
2015/03/03,8.65,8.65,8.50,8.54,5110957,8.99
2015/03/04,8.55,8.78,8.51,8.78,6659641,9.07
2015/03/05,8.81,8.81,8.70,8.73,4801270,9.14
2015/03/06,8.75,9.05,8.71,8.88,12524004,9.31
2015/03/09,8.87,9.11,8.81,9.10,10771849,9.42
2015/03/10,9.10,9.16,8.99,9.07,7355524,9.47
2015/03/11,9.06,9.12,8.98,9.06,7501815,9.44
2015/03/12,9.06,9.15,9.01,9.07,5888617,9.47
2015/03/13,9.12,9.37,9.12,9.34,9971785,9.66
2015/03/16,9.45,10.31,9.39,10.31,33744880,10.39
2015/03/17,10.35,11.22,10.16,10.83,32384862,11.10
2015/03/18,10.66,10.82,10.54,10.80,14597425,11.08
2015/03/19,10.75,10.95,10.52,10.83,13283447,11.12
2015/03/20,10.82,11.15,10.75,10.85,11404194,11.30
2015/03/23,10.85,10.95,10.68,10.87,11276753,11.18
2015/03/24,10.88,10.92,10.37,10.77,12753570,11.07
2015/03/25,10.74,11.12,10.51,10.95,13638477,11.17
2015/03/26,10.86,11.60,10.72,11.22,18643013,11.61
2015/03/27,11.24,11.55,11.06,11.29,10920903,11.65
2015/03/30,11.36,11.95,11.36,11.47,14623586,12.06
2015/03/31,11.41,11.46,11.10,11.19,10579824,11.66
2015/04/01,11.26,11.45,11.06,11.39,9103762,11.68
2015/04/02,11.50,11.60,11.36,11.53,9472743,11.88
2015/04/03,11.50,12.03,11.38,11.98,13316934,12.10
2015/04/07,12.00,12.86,12.00,12.31,14027771,12.82
2015/04/08,12.30,12.72,11.77,12.20,12588322,12.57
2015/04/09,12.15,12.15,11.37,11.71,12333496,12.07
2015/04/10,11.50,12.06,11.25,11.88,10204606,12.19
2015/04/13,12.03,12.26,11.63,12.10,11706688,12.40
2015/04/14,12.10,12.57,11.91,12.20,9958104,12.60
2015/04/15,12.17,12.50,11.46,11.51,13083673,12.31
2015/04/16,11.30,11.71,11.00,11.42,9784627,11.74
2015/04/17,11.45,11.77,11.31,11.61,10899000,11.95
2015/04/20,11.49,11.76,11.25,11.29,10310282,11.87
2015/04/21,11.21,11.71,11.18,11.70,7710702,11.92
2015/04/22,11.72,12.04,11.72,12.01,9707747,12.35
2015/04/23,12.05,12.30,11.94,12.24,11671349,12.53
2015/04/24,12.04,12.27,11.82,12.05,10218165,12.45
2015/04/27,12.09,12.59,12.08,12.48,13589218,12.74
2015/04/28,12.48,12.57,11.77,11.96,11423487,12.52
2015/04/29,11.96,12.50,11.78,12.38,10365576,12.62
2015/04/30,12.50,13.20,12.40,13.06,20173521,13.31
2015/05/04,13.00,14.05,12.86,14.01,18351664,13.95
2015/05/05,13.83,13.95,12.93,12.98,11943829,13.83
2015/05/06,13.00,13.69,12.35,12.53,11586991,13.47
2015/05/07,12.58,12.88,12.12,12.75,7301548,12.81
2015/05/08,12.90,13.60,12.76,13.56,12126044,13.55
2015/05/11,13.68,14.35,13.60,14.23,13042697,14.39
2015/05/12,14.19,14.19,13.77,13.98,10435156,14.33
2015/05/13,14.01,14.09,13.58,13.80,8187037,14.20
2015/05/14,13.83,13.98,13.61,13.78,6999622,14.14
2015/05/15,13.80,13.90,13.23,13.39,7358911,13.89
2015/05/18,13.39,13.65,13.13,13.44,5881353,13.83
2015/05/19,13.45,14.18,13.45,14.13,9050871,14.24
2015/05/20,14.15,14.50,13.97,14.04,10690372,14.62
2015/05/21,14.05,14.20,13.88,14.18,7169930,14.45
2015/05/22,14.43,15.00,14.26,14.92,13383178,15.03
2015/05/25,14.93,15.22,14.63,15.02,9911782,15.15
2015/05/26,14.96,16.12,14.77,15.82,18595780,15.42
2015/05/27,15.72,15.96,15.40,15.61,10007813,15.83
2015/05/28,15.63,16.20,14.03,14.10,12939609,15.11
2015/05/29,14.22,14.37,13.16,13.77,12522422,14.00
2015/06/01,13.82,14.99,13.80,14.78,10431138,14.58
2015/06/02,14.80,15.80,14.70,15.69,12635146,15.37
2015/06/03,15.60,16.17,15.19,15.91,12449737,15.98
2015/06/04,15.92,15.94,14.30,15.55,10387877,15.37
2015/06/05,15.72,16.12,15.51,16.10,14370791,16.05
2015/06/08,16.10,16.40,15.80,15.97,11136152,16.27
2015/06/09,15.80,15.89,15.37,15.59,7515934,15.78
2015/06/10,15.50,16.48,15.19,16.31,12208451,16.24
2015/06/11,16.42,17.04,16.36,16.82,12825134,16.97
2015/06/12,16.61,17.46,16.61,17.23,11158991,17.32
2015/06/15,17.18,17.28,16.40,16.48,10394506,17.07
2015/06/16,16.42,16.42,15.63,15.82,8266371,16.22
2015/06/17,15.84,16.87,15.30,16.84,10602703,16.31
2015/06/18,16.78,17.44,16.31,16.40,10420120,17.20
2015/06/19,15.95,16.38,14.74,14.74,7568693,15.56
2015/06/23,14.70,15.11,13.30,14.64,8208030,14.52
2015/06/24,14.75,15.40,14.40,15.29,9006307,15.20
2015/06/25,15.17,15.29,14.45,14.82,7449998,15.14
2015/06/26,14.65,15.08,13.32,13.44,10830643,14.47
2015/06/29,14.08,14.08,12.09,13.26,10238431,13.24
2015/06/30,13.38,13.97,12.02,13.71,11217208,13.29
2015/07/01,13.48,13.92,12.60,12.61,9427444,13.71
2015/07/02,12.30,12.68,11.33,11.33,9101470,12.10
2015/07/03,11.15,11.15,10.18,10.18,8086139,10.62
2015/07/06,11.06,11.09,9.14,9.26,10841315,10.11
2015/07/07,9.20,9.20,8.31,8.31,5091900,8.69
2015/07/08,7.46,7.46,7.46,7.46,4756700,7.66
2015/07/09,6.80,8.23,6.80,8.23,12885601,8.00
2015/07/10,8.57,9.07,8.34,9.07,7715667,9.10
2015/07/13,9.69,10.00,9.29,10.00,14087870,9.99
2015/07/14,9.80,10.60,9.61,9.77,17686209,10.22
2015/07/15,9.33,9.64,8.77,8.77,11929779,9.29
2015/07/16,8.30,9.29,8.20,8.89,9965643,9.05
2015/07/17,8.96,9.80,8.91,9.65,9399954,9.58
2015/07/20,9.60,10.02,9.30,9.75,10143070,9.91
2015/07/21,9.50,9.99,9.45,9.93,7507610,9.99
2015/07/22,9.88,10.04,9.53,9.90,8826716,10.04
2015/07/23,9.88,10.38,9.86,10.36,12141878,10.35
2015/07/24,10.37,10.47,9.81,9.96,12556869,10.46
2015/07/27,9.79,10.45,9.20,9.63,21448423,10.22
2015/07/28,8.90,10.61,8.70,10.61,21705051,9.97
2015/07/29,10.50,11.37,10.24,11.29,20133211,10.96
2015/07/30,10.91,11.20,10.18,10.30,14874961,11.07
2015/07/31,10.24,10.38,9.68,9.86,7550212,10.19
2015/08/03,9.70,9.99,9.40,9.92,6636750,9.91
2015/08/04,9.96,10.79,9.96,10.57,10298576,10.64
2015/08/05,10.50,10.65,10.13,10.17,8080362,10.58
2015/08/06,9.95,10.83,9.85,10.46,8910542,10.75
2015/08/07,10.41,10.83,10.41,10.79,8239218,10.90
2015/08/10,10.86,11.28,10.56,11.27,15943853,11.14
2015/08/11,11.40,12.25,11.40,11.77,18238103,12.03
2015/08/12,11.30,11.61,11.08,11.16,11267781,11.59
2015/08/13,11.14,11.79,10.92,11.65,7661910,11.57
2015/08/14,12.09,12.09,11.43,11.55,8636746,11.97
2015/08/17,11.40,11.89,11.22,11.85,7793427,11.72
2015/08/18,12.80,12.81,10.81,10.90,15623766,11.81
2015/08/19,10.61,11.56,10.21,11.52,10336068,11.11
2015/08/20,11.30,11.58,10.91,10.95,6869801,11.45
2015/08/21,10.68,10.84,9.84,9.91,6374962,10.57
2015/08/24,9.48,9.48,8.90,8.90,5487657,9.20
2015/08/25,8.01,8.69,7.99,7.99,6278683,8.35
2015/08/26,8.10,8.52,7.41,7.81,8209777,8.30
2015/08/27,8.03,8.44,7.65,8.41,6354689,8.23
2015/08/28,8.34,8.99,8.33,8.91,7953589,8.79
2015/08/31,8.75,8.76,8.43,8.50,4640101,8.76
2015/09/01,8.36,8.40,7.73,7.75,4276955,8.18
2015/09/02,7.15,8.30,7.15,7.60,4539325,7.99
2015/09/07,7.79,8.12,7.76,7.87,4071778,8.15
2015/09/08,7.79,8.35,7.66,8.28,3460254,8.24
2015/09/09,8.31,8.63,8.25,8.61,5613375,8.70
2015/09/10,8.60,8.69,8.38,8.39,4795857,8.75
2015/09/11,8.31,8.54,8.28,8.46,3116031,8.60
2015/09/14,8.47,8.51,7.59,7.60,5619920,8.18
2015/09/15,7.53,7.80,7.22,7.30,4281700,7.73
2015/09/16,7.38,8.04,7.36,7.94,4044930,7.88
2015/09/17,7.88,8.16,7.72,7.74,4781298,8.15
2015/09/18,7.79,7.90,7.68,7.83,2674281,8.00
2015/09/21,7.70,8.16,7.70,8.10,3751930,8.13
2015/09/22,8.10,8.30,8.02,8.19,4445349,8.36
2015/09/23,8.07,8.14,7.85,7.99,3604570,8.20
2015/09/24,8.00,8.17,8.00,8.12,2576460,8.28
2015/09/25,8.10,8.13,7.79,7.92,2886700,8.14
2015/09/28,7.89,8.04,7.77,8.03,1867350,8.11
2015/09/29,7.87,7.96,7.75,7.85,1485192,8.07
2015/09/30,7.89,8.02,7.89,7.91,1474054,8.15
2015/10/08,8.14,8.28,8.08,8.24,3426398,8.40
2015/10/09,8.23,9.07,8.18,9.06,8517692,8.82
2015/10/12,9.03,9.65,8.80,9.42,14577709,9.32
2015/10/13,9.20,9.30,9.06,9.21,6912333,9.38
2015/10/14,9.18,9.29,9.00,9.03,4463883,9.33
2015/10/15,9.29,9.95,9.26,9.95,11548363,10.03
2015/10/16,10.40,10.40,9.84,10.00,14924016,10.27
2015/10/19,9.95,10.01,9.60,9.80,8441913,9.98
2015/10/20,9.85,10.30,9.80,10.18,10825528,10.30
2015/10/21,10.08,10.10,9.14,9.14,10764487,9.88
2015/10/22,8.99,9.90,8.99,9.67,7000801,9.67
2015/10/23,9.70,10.13,9.51,10.12,8820383,10.08
2015/10/26,10.29,10.29,9.88,10.14,6703970,10.30
2015/10/27,9.95,10.75,9.92,10.64,10192219,10.57
2015/10/28,10.60,10.63,10.00,10.10,7408067,10.49
2015/10/29,10.22,10.29,10.00,10.11,4830008,10.37
2015/10/30,10.08,10.36,9.95,10.15,4365894,10.41
2015/11/02,10.01,10.39,9.83,10.00,4856289,10.28
2015/11/03,9.95,10.16,9.95,10.04,3051241,10.23
2015/11/04,10.12,10.52,10.12,10.44,6503880,10.55
2015/11/05,10.49,10.55,10.27,10.50,7479963,10.63
2015/11/06,10.47,10.78,10.41,10.70,6135024,10.82
2015/11/09,10.55,10.78,10.36,10.60,8309531,10.71
2015/11/10,10.61,10.78,10.43,10.77,7836583,10.81
2015/11/11,10.65,10.89,10.50,10.80,7819230,10.97
2015/11/12,10.79,11.11,10.53,11.03,11234162,11.07
2015/11/13,10.80,10.87,10.41,10.57,5190750,10.87
2015/11/16,10.37,10.88,10.30,10.78,5692311,10.86
2015/11/17,10.80,10.94,10.66,10.82,4901352,11.00
2015/11/18,10.79,10.86,10.46,10.47,3440188,10.87
2015/11/19,10.40,11.06,10.40,11.05,6391138,11.02
2015/11/20,11.06,11.45,10.90,11.30,9289292,11.37
2015/11/23,11.28,11.35,10.92,10.99,5925111,11.33
2015/11/24,10.93,11.10,10.88,11.10,2902165,11.20
2015/11/25,11.12,11.22,11.02,11.21,3715669,11.33
2015/11/26,11.23,11.46,11.15,11.18,5729132,11.46
2015/11/27,11.18,11.27,10.21,10.31,4765040,10.91
2015/11/30,10.32,11.36,9.81,11.36,6928181,10.96
2015/12/01,11.19,11.88,11.04,11.65,9263610,11.71
2015/12/02,12.35,12.35,11.23,11.35,6867233,11.91
2015/12/03,11.42,11.72,11.31,11.65,3810895,11.77
2015/12/04,11.59,12.04,11.50,11.74,5275765,12.03
2015/12/07,11.72,12.01,11.60,11.73,4474928,12.00
2015/12/08,11.64,11.66,11.24,11.47,3201606,11.64
2015/12/09,11.30,11.55,11.17,11.48,2537671,11.51
2015/12/10,11.68,12.29,11.67,11.74,8112203,12.18
2015/12/11,11.54,11.55,11.17,11.31,4226397,11.50
2015/12/14,11.11,11.53,11.07,11.50,2424467,11.54
2015/12/15,11.50,11.71,11.41,11.58,2615302,11.79
2015/12/16,11.65,11.92,11.56,11.91,3733630,11.88
2015/12/17,11.92,12.12,11.80,12.05,4421957,12.20
2015/12/18,12.00,12.18,11.75,11.76,3877683,12.13
2015/12/21,11.67,12.35,11.66,12.34,6331607,12.30
2015/12/22,12.35,12.57,12.16,12.47,5801382,12.57
2015/12/23,12.40,12.96,12.32,12.38,6007569,12.94
2015/12/24,12.30,12.79,12.16,12.69,3515060,12.68
2015/12/25,12.60,13.26,12.57,13.13,5184384,13.21
2015/12/28,13.14,13.54,12.74,12.88,7462189,13.38
2015/12/29,12.88,13.10,12.80,13.01,4234740,13.11
2015/12/30,13.07,13.13,12.60,12.98,4052155,13.04
2015/12/31,12.93,12.98,12.60,12.64,2436684,12.99
2016/01/04,12.58,12.76,11.36,11.40,3096600,12.22
2016/01/05,10.80,11.52,10.50,11.01,5825277,11.18
2016/01/06,11.03,11.46,10.88,11.29,2904552,11.38
2016/01/07,11.07,11.07,10.14,10.14,1020900,10.76
2016/01/08,10.41,10.79,9.18,9.96,5052333,10.20
2016/01/11,9.73,9.95,8.94,8.94,4034320,9.66
2016/01/12,9.01,9.24,8.68,8.99,3866451,9.15
2016/01/13,8.99,9.15,8.60,8.63,3287183,9.12
2016/01/14,8.36,9.10,8.20,9.03,3562764,8.90
2016/01/15,8.96,9.10,8.59,8.64,2815291,9.04
2016/01/18,8.60,8.97,8.40,8.87,2131930,9.01
2016/01/19,8.86,9.23,8.77,9.19,2512298,9.24
2016/01/20,9.10,9.26,8.97,9.08,3444458,9.29
2016/01/21,8.99,9.14,8.66,8.68,3317130,9.08
2016/01/22,8.79,9.30,8.68,9.26,4725957,9.23
2016/01/25,9.32,9.42,9.11,9.20,2505539,9.44
2016/01/26,9.05,9.07,8.30,8.42,2902467,8.97
2016/01/27,8.57,8.85,8.01,8.67,2513412,8.55
2016/01/28,8.67,9.12,8.47,8.59,3515776,9.02
2016/01/29,8.48,9.07,8.48,8.97,3339075,9.07
2016/02/01,8.90,8.97,8.60,8.74,1692151,8.99
2016/02/02,8.74,9.08,8.72,9.07,2560168,9.18
2016/02/03,8.98,9.15,8.84,9.09,1850382,9.20
2016/02/04,9.09,9.43,8.97,9.25,3463134,9.45
2016/02/05,9.19,9.40,8.97,9.01,3084700,9.41
2016/02/15,8.68,9.20,8.50,9.05,2076856,9.10
2016/02/16,9.04,9.45,9.04,9.40,3682094,9.52
2016/02/17,9.38,9.44,9.18,9.41,3273206,9.53
2016/02/18,9.42,9.52,9.29,9.33,3417562,9.60
2016/02/19,9.30,9.59,9.21,9.58,3675303,9.61
2016/02/22,9.71,9.83,9.54,9.67,4220415,9.90
2016/02/23,9.60,9.76,9.44,9.72,3186024,9.79
2016/02/24,9.65,9.81,9.44,9.79,2896148,9.88
2016/02/25,9.71,9.81,8.80,9.04,4931612,9.53
2016/02/26,9.00,9.30,8.91,9.20,2873843,9.32
2016/02/29,9.18,9.18,8.33,8.59,2315581,8.83
2016/03/01,8.67,9.47,8.51,9.47,7029912,9.22
2016/03/02,9.39,9.80,9.30,9.63,8352004,9.83
2016/03/03,9.56,9.79,9.46,9.71,5751844,9.84
2016/03/04,9.70,9.70,9.05,9.45,4211128,9.64
2016/03/07,9.44,9.87,9.40,9.84,5464090,9.85
2016/03/08,9.77,9.78,9.31,9.74,3836614,9.80
2016/03/09,9.56,9.67,9.36,9.42,2258859,9.70
2016/03/10,9.44,9.52,9.14,9.17,1812759,9.52
2016/03/11,9.00,9.15,8.81,9.06,1761420,9.20
2016/03/14,9.15,9.58,9.12,9.43,2490346,9.61
2016/03/15,9.41,9.72,9.33,9.41,2203850,9.76
2016/03/16,9.50,9.56,9.24,9.31,1297487,9.61
2016/03/17,9.44,9.74,9.35,9.66,2490755,9.79
2016/03/18,9.78,9.95,9.62,9.77,5866869,10.00
2016/03/21,9.81,10.01,9.79,9.96,5322054,10.09
2016/03/22,9.87,10.20,9.82,10.06,4934020,10.27
2016/03/23,10.05,10.08,9.88,10.02,3196672,10.16
2016/03/24,9.88,9.97,9.75,9.76,3134490,10.04
2016/03/25,9.74,9.90,9.71,9.87,1968658,10.01
2016/03/28,9.95,10.18,9.87,9.89,4170857,10.22
2016/03/29,9.82,9.92,9.50,9.57,2964462,9.88
2016/03/30,9.67,9.94,9.65,9.93,2557228,10.01
2016/03/31,10.00,10.00,9.83,9.89,2426746,10.12
2016/04/01,9.88,10.15,9.67,9.98,2429076,10.09
2016/04/05,9.98,10.37,9.91,10.29,4982988,10.35
2016/04/06,10.20,11.34,10.09,11.22,7835284,10.79
2016/04/07,10.93,11.08,10.60,10.60,8264054,11.00
2016/04/08,10.47,10.47,10.15,10.29,3880212,10.48
2016/04/11,10.36,10.55,10.32,10.42,4201630,10.63
2016/04/12,10.36,10.47,10.20,10.40,1980133,10.51
2016/04/13,10.47,10.65,10.42,10.54,3938396,10.77
2016/04/14,10.54,10.64,10.48,10.63,2677119,10.76
2016/04/15,10.64,10.67,10.47,10.64,2775865,10.76
2016/04/18,10.51,10.57,10.30,10.38,2480850,10.61
2016/04/19,10.47,10.67,10.36,10.60,2804050,10.69
2016/04/20,10.75,11.02,9.93,10.24,8076257,10.78
2016/04/21,10.06,10.29,10.06,10.14,2527236,10.39
2016/04/22,9.93,10.14,9.91,10.06,1777606,10.22
2016/04/25,9.98,10.09,9.85,10.00,1779489,10.17
2016/04/26,9.97,10.28,9.97,10.21,2252843,10.36
2016/04/27,10.21,10.26,10.10,10.20,1658152,10.41
2016/04/28,10.21,10.22,9.95,10.13,1623804,10.30
2016/04/29,10.15,10.30,10.10,10.24,1404590,10.43
2016/05/03,10.23,10.58,10.12,10.54,2916920,10.60
2016/05/04,10.68,10.68,10.43,10.61,3092323,10.76
2016/05/05,10.51,10.82,10.51,10.77,3303112,10.90
2016/05/06,10.80,10.96,10.30,10.33,4654761,10.89
2016/05/09,10.26,10.29,9.50,9.74,4227000,10.08
2016/05/10,9.74,9.89,9.71,9.79,1781225,9.98
2016/05/11,9.90,9.90,9.58,9.59,1751302,9.91
2016/05/12,9.54,9.57,9.35,9.54,1986820,9.63
2016/05/13,9.51,9.69,9.38,9.51,1311642,9.73
2016/05/16,9.49,9.64,9.41,9.63,1459579,9.73
2016/05/17,9.76,10.18,9.70,9.94,4656043,10.17
2016/05/18,9.77,9.89,9.48,9.66,3239119,9.80
2016/05/19,9.76,9.91,9.46,9.66,3134136,9.68
2016/05/20,9.56,9.98,9.53,9.88,2128908,9.74
2016/05/23,9.90,10.10,9.81,10.04,2193387,9.94
2016/05/24,10.00,10.05,9.73,9.82,1620482,9.83
2016/05/25,9.87,9.97,9.75,9.83,1291340,9.85
2016/05/26,9.75,9.85,9.53,9.78,1679995,9.68
2016/05/27,9.77,9.87,9.68,9.77,1150010,9.78
2016/05/30,9.81,9.90,9.58,9.79,1312084,9.82
2016/05/31,9.74,10.23,9.74,10.18,2534780,10.11
2016/06/01,10.22,10.58,10.21,10.29,3745199,10.39
2016/06/02,10.36,10.56,10.24,10.50,2395476,10.42
2016/06/03,10.41,10.59,10.33,10.50,2143111,10.44
2016/06/06,10.50,10.70,10.37,10.54,2552361,10.55
2016/06/07,10.50,10.86,10.40,10.76,2900331,10.73
2016/06/08,10.76,10.86,10.59,10.64,1950252,10.67
2016/06/13,10.63,10.99,10.30,10.36,6007546,10.79
2016/06/14,10.18,10.90,10.18,10.87,5325797,10.48
2016/06/15,10.78,11.79,10.72,11.38,10079800,11.32
2016/06/16,11.21,11.46,11.11,11.25,6124558,11.25
2016/06/17,11.25,11.53,11.15,11.29,5046677,11.34
2016/06/20,11.30,11.49,11.01,11.39,3551479,11.31
2016/06/21,11.44,11.59,11.05,11.10,3764493,11.26
2016/06/22,11.10,11.22,10.98,11.21,2485347,11.12
2016/06/23,11.22,11.76,11.15,11.54,8649444,11.53
2016/06/24,11.50,11.62,10.88,11.28,5064839,11.31
2016/06/27,11.20,11.47,11.20,11.45,2580661,11.37
2016/06/28,11.41,11.88,11.31,11.63,5447147,11.67
2016/06/29,11.64,11.79,11.46,11.70,3736351,11.58
2016/06/30,11.71,11.72,11.54,11.64,2616692,11.61
2016/07/01,11.63,11.75,11.23,11.27,4232267,11.45
2016/07/04,11.20,11.53,11.15,11.50,3416510,11.42
2016/07/05,11.50,11.59,11.30,11.41,3325392,11.39
2016/07/06,11.39,11.85,11.39,11.74,5502878,11.65
2016/07/07,11.76,12.49,11.56,12.20,7160906,12.03
2016/07/08,12.10,12.26,11.98,12.18,3177882,12.11
2016/07/11,12.13,12.46,12.13,12.18,3390211,12.28
2016/07/12,12.35,12.36,11.92,12.18,3331842,12.09
2016/07/13,12.20,12.35,12.11,12.22,2344752,12.22
2016/07/14,12.22,12.27,12.02,12.05,2169254,12.12
2016/07/15,12.15,12.15,11.96,12.09,2387808,12.03
2016/07/18,12.00,12.12,11.80,11.85,1808331,11.93
2016/07/19,11.88,12.01,11.77,11.99,1710881,11.85
2016/07/20,11.90,12.05,11.90,11.91,1853355,11.97
2016/07/21,11.86,12.28,11.86,12.11,3080776,12.12
2016/07/22,12.20,12.26,11.92,11.96,1850203,12.09
2016/07/25,11.97,11.97,11.57,11.69,2935446,11.73
2016/07/26,11.80,11.95,11.61,11.92,1756400,11.84
2016/07/27,11.92,11.98,10.90,11.20,3510900,11.54
2016/07/28,11.20,11.34,11.07,11.27,1775800,11.23
2016/07/29,11.36,11.78,11.22,11.48,2281524,11.54
2016/08/01,11.48,11.66,11.28,11.30,1511126,11.44
2016/08/02,11.27,11.53,11.27,11.52,930406,11.42
2016/08/03,11.56,11.56,11.38,11.44,1049210,11.44
2016/08/04,11.42,11.45,11.28,11.42,1164211,11.35
2016/08/05,11.41,11.48,11.22,11.28,913000,11.36
2016/08/08,11.34,11.79,11.32,11.75,3004262,11.62
2016/08/09,11.34,11.79,11.32,11.75,0,11.55
