Date, SZ002368.Open, SZ002368.High, SZ002368.Low, SZ002368.Close, SZ002368.Volume, SZ002368.Adjusted
2010/03/12,16.42,17.26,15.59,15.93,16878503,16.43
2010/03/15,14.84,14.95,14.25,14.25,6858818,14.60
2010/03/16,14.12,14.53,13.59,14.09,5648092,14.06
2010/03/17,14.01,14.43,13.78,14.29,4026219,14.10
2010/03/18,14.14,14.17,13.82,13.89,3638562,14.00
2010/03/19,13.80,13.81,13.53,13.63,3283569,13.67
2010/03/22,13.65,13.87,13.59,13.79,2230969,13.73
2010/03/23,13.73,14.09,13.64,13.92,2401248,13.87
2010/03/24,13.91,14.51,13.73,14.38,4315541,14.12
2010/03/25,14.45,14.97,14.26,14.43,4096730,14.62
2010/03/26,14.20,14.38,13.83,14.09,2446614,14.11
2010/03/29,14.06,14.16,13.76,14.09,2135878,13.96
2010/03/30,13.95,14.53,13.89,14.44,2790387,14.21
2010/03/31,14.36,14.89,14.30,14.61,3287792,14.60
2010/04/01,14.66,15.13,14.66,14.78,3945213,14.90
2010/04/02,14.65,14.83,14.51,14.53,2171202,14.67
2010/04/06,14.62,14.92,14.43,14.92,2279699,14.67
2010/04/07,14.92,15.58,14.79,15.51,3852022,15.18
2010/04/08,15.31,15.69,14.92,14.96,2865104,15.30
2010/04/09,15.03,15.26,14.77,15.17,1743970,15.01
2010/04/12,15.24,15.37,14.84,14.96,2225065,15.10
2010/04/13,15.14,15.73,14.54,15.45,5977357,15.13
2010/04/14,15.42,15.42,14.76,14.78,2509612,15.09
2010/04/15,14.78,14.96,13.70,13.93,2311430,14.33
2010/04/16,13.87,14.19,13.59,13.94,1220800,13.89
2010/04/19,13.92,14.14,13.74,13.86,1306246,13.94
2010/04/20,13.92,14.14,13.74,13.86,0,13.94
2010/04/21,13.87,14.25,13.66,14.19,1353969,13.96
2010/04/22,14.17,14.43,14.01,14.26,1394593,14.22
2010/04/23,14.09,14.19,13.61,13.61,1931987,13.90
2010/04/26,13.59,13.78,13.46,13.51,1464602,13.62
2010/04/27,13.48,13.48,12.08,12.23,1743501,12.78
2010/04/28,12.06,12.36,11.57,11.74,1021945,11.96
2010/04/29,11.74,12.02,11.67,11.68,897996,11.84
2010/04/30,11.65,11.84,10.87,11.09,1111651,11.35
2010/05/04,10.95,11.23,10.74,11.11,640842,10.99
2010/05/05,10.87,11.62,10.77,11.57,1073278,11.19
2010/05/06,11.57,11.61,10.83,10.89,927164,11.22
2010/05/07,10.45,10.80,10.31,10.43,771671,10.56
2010/05/10,10.42,10.78,9.44,9.78,1033261,10.11
2010/05/11,10.01,10.17,9.35,9.38,850413,9.76
2010/05/12,9.38,9.50,8.98,9.30,748387,9.24
2010/05/13,9.31,9.62,9.21,9.62,1048115,9.42
2010/05/14,9.51,9.64,9.39,9.57,821420,9.52
2010/05/17,9.34,9.45,8.92,8.92,969083,9.18
2010/05/18,8.92,9.20,8.56,9.07,902566,8.88
2010/05/19,8.87,9.49,8.87,9.28,1146364,9.18
2010/05/20,9.19,9.42,9.09,9.13,764144,9.25
2010/05/21,8.78,9.48,8.62,9.47,1187850,9.05
2010/05/24,9.50,10.02,9.50,9.93,1505279,9.76
2010/05/25,9.84,9.87,9.65,9.72,1031853,9.76
2010/05/26,9.65,9.86,9.64,9.76,609664,9.75
2010/05/27,9.89,10.30,9.89,10.21,1580647,10.10
2010/05/28,10.23,10.58,10.17,10.26,1596704,10.38
2010/05/31,10.25,10.31,9.86,9.86,972928,10.08
2010/06/01,9.71,9.76,9.03,9.34,886477,9.39
2010/06/02,8.92,9.54,8.92,9.49,599448,9.23
2010/06/03,9.62,9.83,9.43,9.45,813675,9.63
2010/06/04,9.32,9.84,9.32,9.81,880526,9.58
2010/06/07,9.66,10.87,9.54,10.82,2784980,10.20
2010/06/08,10.78,10.83,10.45,10.66,1818042,10.64
2010/06/09,10.64,10.96,10.46,10.63,1627439,10.71
2010/06/10,10.56,11.60,10.56,11.23,2478360,11.08
2010/06/11,11.22,11.38,11.14,11.22,1275590,11.26
2010/06/17,11.01,11.23,10.45,10.51,2606433,10.84
2010/06/18,10.46,10.59,9.42,9.51,1925882,10.00
2010/06/21,9.40,9.86,9.20,9.78,1670759,9.53
2010/06/22,9.78,9.98,9.64,9.76,1533093,9.81
2010/06/23,9.70,10.34,9.66,10.23,2275920,10.00
2010/06/24,10.25,10.27,10.07,10.23,1215336,10.17
2010/06/25,10.08,10.24,9.64,9.78,1243192,9.94
2010/06/28,9.70,9.89,9.43,9.48,1015717,9.66
2010/06/29,9.51,9.61,8.78,8.92,1725752,9.19
2010/06/30,8.83,9.20,8.59,9.09,1006785,8.89
2010/07/01,8.96,9.28,8.96,9.13,750418,9.12
2010/07/02,9.11,9.14,8.54,8.86,1393175,8.84
2010/07/05,8.64,8.98,8.53,8.93,692043,8.75
2010/07/06,8.95,9.39,8.87,9.26,1096589,9.13
2010/07/07,9.30,9.58,9.12,9.48,1092525,9.35
2010/07/08,9.49,9.56,9.20,9.24,854510,9.38
2010/07/09,9.23,9.66,9.23,9.61,1061707,9.45
2010/07/12,9.65,9.89,9.56,9.59,1270135,9.73
2010/07/13,9.62,9.62,9.20,9.31,962484,9.41
2010/07/14,9.42,9.56,9.31,9.39,853826,9.44
2010/07/15,9.38,9.47,9.12,9.16,683111,9.29
2010/07/16,9.14,9.15,8.83,9.13,868446,8.99
2010/07/19,8.96,9.39,8.96,9.36,675443,9.18
2010/07/20,9.37,9.84,9.37,9.73,1364532,9.60
2010/07/21,9.72,9.86,9.64,9.76,1250490,9.75
2010/07/22,9.66,10.09,9.66,10.09,1314949,9.88
2010/07/23,10.09,10.49,9.94,10.42,1972186,10.21
2010/07/26,10.45,10.68,10.18,10.36,1840799,10.43
2010/07/27,10.31,10.72,10.24,10.49,2238702,10.48
2010/07/28,10.49,10.58,10.26,10.53,1853750,10.42
2010/07/29,10.56,10.56,10.14,10.43,1905893,10.35
2010/07/30,10.34,11.03,10.26,10.91,2997274,10.64
2010/08/02,10.81,11.08,10.74,10.98,1828302,10.91
2010/08/03,11.01,11.01,10.53,10.59,1703627,10.77
2010/08/04,10.54,10.72,10.39,10.64,1318632,10.56
2010/08/05,10.69,10.97,10.53,10.59,1664201,10.75
2010/08/06,10.87,10.87,10.49,10.84,1452988,10.68
2010/08/09,10.84,11.41,10.77,11.39,2524150,11.09
2010/08/10,11.28,11.45,11.01,11.03,2467781,11.23
2010/08/11,11.03,11.42,11.01,11.33,1596697,11.21
2010/08/12,11.56,12.52,11.42,11.88,3616650,11.97
2010/08/13,11.86,12.23,11.56,12.13,2486686,11.90
2010/08/16,11.78,12.05,11.57,11.95,4361366,11.81
2010/08/17,11.84,11.94,11.65,11.82,1994418,11.79
2010/08/18,11.84,12.12,11.74,11.76,1587450,11.93
2010/08/19,11.69,11.84,11.55,11.58,1684991,11.70
2010/08/20,11.59,11.69,11.11,11.13,1582860,11.40
2010/08/23,11.14,11.23,10.94,11.01,1185674,11.08
2010/08/24,11.06,11.37,10.96,11.28,1625320,11.17
2010/08/25,11.16,11.26,10.79,10.80,1364224,11.02
2010/08/26,10.80,11.03,10.76,10.92,858908,10.89
2010/08/27,11.42,11.42,10.87,11.14,1228688,11.14
2010/08/30,11.17,11.64,11.17,11.63,1532759,11.41
2010/08/31,11.59,11.79,11.49,11.78,1657111,11.64
2010/09/01,11.70,11.84,11.08,11.19,1753871,11.46
2010/09/02,11.28,11.39,11.14,11.25,1599760,11.27
2010/09/03,11.28,11.58,11.27,11.40,1447161,11.42
2010/09/06,11.45,11.74,11.25,11.52,1450562,11.50
2010/09/07,11.51,11.56,11.28,11.46,997690,11.42
2010/09/08,11.42,11.69,11.34,11.66,1299597,11.51
2010/09/09,11.68,12.21,11.59,11.84,2746996,11.90
2010/09/10,11.84,11.89,11.37,11.70,1612821,11.63
2010/09/13,11.78,12.47,11.67,12.45,3178090,12.07
2010/09/14,12.44,12.59,12.24,12.37,1956240,12.42
2010/09/15,12.28,12.46,12.10,12.13,1572484,12.28
2010/09/16,12.12,12.19,11.43,11.64,1591409,11.81
2010/09/17,11.59,11.84,11.59,11.65,678436,11.71
2010/09/20,11.65,11.75,11.14,11.21,826239,11.45
2010/09/21,11.21,11.38,11.10,11.13,671540,11.24
2010/09/27,11.23,11.41,11.09,11.40,621124,11.25
2010/09/28,11.33,11.53,11.29,11.39,519797,11.41
2010/09/29,11.37,11.55,11.12,11.14,721197,11.33
2010/09/30,11.09,11.24,11.09,11.15,1140036,11.17
2010/10/08,11.20,11.61,11.19,11.48,837170,11.40
2010/10/11,11.43,11.78,11.43,11.66,1080540,11.60
2010/10/12,11.61,11.84,11.55,11.67,837835,11.70
2010/10/13,11.67,11.69,11.28,11.36,1056795,11.48
2010/10/14,11.36,11.44,10.76,10.80,1532773,11.10
2010/10/15,10.80,10.81,10.36,10.36,1936057,10.58
2010/10/18,10.31,10.31,9.84,10.22,1378624,10.08
2010/10/19,10.21,10.77,10.15,10.59,1798542,10.46
2010/10/20,10.67,11.00,10.45,10.90,1460661,10.72
2010/10/21,10.87,11.11,10.73,11.03,787326,10.92
2010/10/22,10.81,11.03,10.62,10.90,1900943,10.82
2010/10/25,11.70,12.07,11.70,12.07,2249458,11.88
2010/10/26,12.81,12.81,12.02,12.02,4909355,12.42
2010/10/27,11.82,12.05,11.57,11.57,1957077,11.81
2010/10/28,11.54,12.03,11.46,11.80,1439876,11.75
2010/10/29,11.72,12.25,11.72,11.97,1463032,11.99
2010/11/01,12.01,12.45,12.01,12.34,1941495,12.23
2010/11/02,12.39,12.53,11.98,11.98,1766454,12.25
2010/11/03,11.89,12.08,11.52,11.57,1106189,11.80
2010/11/04,11.60,12.06,11.60,11.89,1010469,11.83
2010/11/05,11.90,12.39,11.90,12.26,1585627,12.15
2010/11/08,12.24,13.53,12.24,13.09,2590652,12.88
2010/11/09,13.08,13.38,12.87,13.03,1846407,13.13
2010/11/10,12.95,13.26,12.92,13.06,1151476,13.09
2010/11/11,13.08,13.42,12.56,12.70,1733340,12.99
2010/11/12,12.70,12.96,11.92,12.16,2037488,12.44
2010/11/15,12.17,12.86,12.12,12.85,1579487,12.49
2010/11/16,12.81,13.25,12.26,12.39,1781760,12.75
2010/11/17,12.20,12.61,11.95,12.14,1219427,12.28
2010/11/18,12.34,12.39,12.04,12.30,791950,12.21
2010/11/19,12.38,12.91,12.28,12.91,1445218,12.59
2010/11/22,13.01,13.50,12.91,13.08,2457269,13.21
2010/11/23,12.92,13.48,12.79,13.44,2005847,13.13
2010/11/24,13.33,13.72,13.26,13.41,1628099,13.49
2010/11/25,13.39,13.78,13.05,13.06,1533274,13.42
2010/11/26,13.14,13.36,12.86,13.07,1035025,13.11
2010/11/29,13.19,13.53,13.02,13.53,1331051,13.27
2010/11/30,13.61,13.64,12.76,12.84,1948767,13.20
2010/12/01,13.61,13.64,12.76,12.84,0,13.20
2010/12/02,13.03,13.09,12.86,12.95,940790,12.97
2010/12/03,12.99,12.99,12.50,12.61,765372,12.75
2010/12/06,12.64,12.78,12.19,12.22,686848,12.48
2010/12/07,12.21,12.67,12.21,12.64,509668,12.44
2010/12/08,12.67,12.75,12.53,12.54,451682,12.64
2010/12/09,12.38,12.53,12.34,12.37,501217,12.43
2010/12/10,12.29,12.94,12.28,12.89,662233,12.61
2010/12/13,12.95,13.36,12.88,13.25,1152635,13.12
2010/12/14,13.23,13.42,13.19,13.24,921663,13.30
2010/12/15,13.23,13.80,13.23,13.39,1868021,13.52
2010/12/16,13.37,13.75,13.31,13.54,963671,13.53
2010/12/17,13.45,13.63,13.28,13.43,871180,13.46
2010/12/20,13.51,14.85,13.51,14.63,5154907,14.18
2010/12/21,14.43,14.67,14.28,14.59,2278996,14.47
2010/12/22,14.49,15.14,14.39,14.84,2643380,14.77
2010/12/23,14.76,14.82,14.20,14.21,1160691,14.51
2010/12/24,14.17,14.30,13.42,14.09,1986917,13.86
2010/12/27,13.92,14.46,13.56,13.59,1065720,14.01
2010/12/28,13.46,13.87,13.45,13.56,879577,13.66
2010/12/29,13.46,13.87,13.45,13.56,0,13.66
2010/12/30,13.87,13.98,13.67,13.83,1195529,13.83
2010/12/31,13.84,14.38,13.70,14.26,936247,14.04
2011/01/04,14.20,14.84,14.08,14.61,1362849,14.46
2011/01/05,14.62,14.62,14.34,14.41,859454,14.48
2011/01/06,14.42,14.47,14.04,14.12,839632,14.25
2011/01/07,14.06,14.66,14.06,14.18,1068235,14.36
2011/01/10,14.09,14.46,13.64,13.81,995344,14.05
2011/01/11,13.65,13.87,13.37,13.81,701059,13.62
2011/01/12,13.91,13.92,13.59,13.84,365115,13.75
2011/01/13,14.04,14.47,14.03,14.05,791436,14.25
2011/01/14,13.88,14.05,13.51,13.54,557868,13.78
2011/01/17,13.53,13.53,12.76,12.76,723244,13.14
2011/01/18,12.73,12.89,12.48,12.72,466688,12.69
2011/01/19,12.72,13.17,12.59,13.09,323107,12.88
2011/01/20,13.14,13.14,12.62,12.62,303178,12.88
2011/01/21,12.48,12.98,12.47,12.70,324298,12.73
2011/01/24,12.94,12.95,11.87,11.89,519410,12.41
2011/01/25,11.89,11.97,11.14,11.39,636633,11.56
2011/01/26,11.44,11.67,11.36,11.64,377945,11.51
2011/01/27,11.56,11.91,11.56,11.72,281126,11.74
2011/01/28,11.73,11.97,11.72,11.88,272655,11.85
2011/01/31,11.73,11.97,11.72,11.88,0,11.85
2011/02/01,12.06,12.39,11.89,12.31,281683,12.14
2011/02/09,12.26,12.28,12.02,12.06,271998,12.15
2011/02/10,12.67,12.67,12.38,12.51,402902,12.53
2011/02/11,12.50,12.67,12.37,12.59,340962,12.52
2011/02/14,12.77,12.91,12.65,12.76,380519,12.78
2011/02/15,12.59,13.02,12.59,12.70,404073,12.80
2011/02/16,12.70,12.92,12.67,12.92,427630,12.79
2011/02/17,12.95,12.98,12.80,12.93,417395,12.89
2011/02/18,12.85,13.18,12.74,12.76,650257,12.96
2011/02/21,12.66,13.23,12.66,13.22,596688,12.95
2011/02/22,13.24,13.28,12.81,12.90,614816,13.04
2011/02/23,12.76,13.01,12.70,12.88,456640,12.85
2011/02/24,12.92,13.00,12.39,12.50,887396,12.70
2011/02/25,12.55,12.66,12.50,12.53,620844,12.58
2011/02/28,12.51,12.66,12.06,12.66,589017,12.36
2011/03/01,12.67,12.67,12.51,12.61,401798,12.59
2011/03/02,12.53,12.67,12.50,12.53,302680,12.58
2011/03/03,12.53,12.64,12.26,12.30,364335,12.45
2011/03/04,12.27,12.48,12.12,12.17,405224,12.30
2011/03/07,12.18,12.53,12.17,12.49,363853,12.35
2011/03/08,12.48,13.05,12.39,12.97,697820,12.72
2011/03/09,12.98,13.04,12.82,13.03,497395,12.93
2011/03/10,12.99,13.04,12.76,12.81,662709,12.90
2011/03/11,12.85,13.33,12.85,13.19,1335034,13.09
2011/03/14,13.36,14.06,13.23,14.03,1747708,13.65
2011/03/15,14.03,14.18,13.70,14.06,1232560,13.94
2011/03/16,14.08,14.29,13.84,14.25,1518711,14.06
2011/03/17,14.42,14.42,13.69,13.70,1850435,14.05
2011/03/18,13.73,14.03,13.70,13.83,601137,13.86
2011/03/21,13.83,14.05,13.76,13.76,383587,13.91
2011/03/22,13.76,13.87,13.31,13.41,732942,13.59
2011/03/23,13.44,13.78,13.33,13.78,644291,13.55
2011/03/24,13.78,13.98,13.64,13.92,829861,13.81
2011/03/25,13.92,14.01,13.80,13.93,413477,13.91
2011/03/28,13.87,13.98,13.46,13.58,546137,13.72
2011/03/29,13.48,13.56,13.28,13.37,444688,13.42
2011/03/30,13.37,13.37,13.01,13.01,433160,13.19
2011/03/31,13.02,13.23,12.88,13.20,360100,13.06
2011/04/01,13.20,13.50,13.19,13.39,261591,13.34
2011/04/06,13.28,13.34,12.93,13.01,355739,13.13
2011/04/07,12.95,13.20,12.95,13.09,309231,13.07
2011/04/08,12.95,13.20,12.95,13.09,0,13.07
2011/04/11,13.27,13.27,12.83,12.89,491445,13.05
2011/04/12,12.95,13.21,12.91,12.94,345008,13.06
2011/04/13,12.85,13.08,12.81,13.08,359855,12.95
2011/04/14,13.09,13.15,12.97,13.09,229716,13.06
2011/04/15,13.09,13.14,12.94,13.01,172235,13.04
2011/04/18,12.82,12.95,12.04,12.27,998973,12.49
2011/04/19,12.27,12.37,12.15,12.25,321286,12.26
2011/04/20,12.36,12.38,12.20,12.33,264520,12.29
2011/04/21,12.32,12.74,12.28,12.67,344994,12.51
2011/04/22,12.67,12.67,12.43,12.53,222942,12.55
2011/04/25,12.39,12.59,12.24,12.28,162865,12.42
2011/04/26,12.20,12.44,11.91,12.42,237901,12.17
2011/04/27,12.42,12.42,11.91,11.94,263959,12.17
2011/04/28,11.84,12.06,11.14,11.31,367853,11.60
2011/04/29,11.32,11.48,11.28,11.39,197119,11.38
2011/05/03,11.28,11.67,11.28,11.52,197562,11.47
2011/05/04,11.58,11.58,11.14,11.20,205936,11.36
2011/05/05,11.19,11.30,11.15,11.24,224602,11.23
2011/05/06,11.14,11.50,10.97,11.34,252030,11.24
2011/05/09,11.34,11.54,11.17,11.51,567662,11.35
2011/05/10,11.42,11.69,11.34,11.69,357920,11.51
2011/05/11,11.62,11.74,11.51,11.68,146150,11.63
2011/05/12,11.51,11.87,11.49,11.56,274953,11.68
2011/05/13,11.56,11.76,11.56,11.70,204097,11.66
2011/05/16,11.70,11.87,11.65,11.81,333597,11.76
2011/05/17,11.95,12.11,11.73,11.88,427952,11.92
2011/05/18,11.77,11.96,11.77,11.88,173942,11.87
2011/05/19,11.97,11.97,11.78,11.79,192926,11.88
2011/05/20,11.87,11.87,11.48,11.53,229671,11.67
2011/05/23,11.49,11.59,11.12,11.18,263280,11.35
2011/05/24,11.04,11.04,10.58,10.84,313429,10.81
2011/05/25,10.70,10.91,10.66,10.77,205225,10.79
2011/05/26,10.80,11.02,10.28,10.48,260650,10.65
2011/05/27,10.43,10.74,9.76,9.87,577036,10.25
2011/05/30,9.87,9.97,9.63,9.65,222989,9.80
2011/05/31,9.76,10.03,9.49,9.93,410233,9.76
2011/06/01,10.03,10.03,9.86,9.97,246972,9.94
2011/06/02,9.87,9.97,9.37,9.91,553021,9.67
2011/06/03,9.91,10.00,9.83,9.98,445813,9.92
2011/06/07,9.91,10.01,9.86,9.97,185485,9.93
2011/06/08,9.99,9.99,9.82,9.92,275614,9.91
2011/06/09,9.64,9.89,9.62,9.63,482288,9.75
2011/06/10,9.62,9.73,9.20,9.46,623758,9.46
2011/06/13,9.38,9.68,9.38,9.52,377530,9.53
2011/06/14,9.28,9.65,9.28,9.54,344834,9.46
2011/06/15,9.56,9.64,9.37,9.42,378950,9.50
2011/06/16,9.31,9.40,9.14,9.14,243650,9.27
2011/06/17,9.24,9.24,9.02,9.02,168006,9.13
2011/06/20,9.00,9.16,8.81,8.87,316222,8.99
2011/06/21,8.83,9.03,8.83,8.93,377814,8.93
2011/06/22,8.98,8.99,8.87,8.89,298510,8.93
2011/06/23,8.84,9.22,8.71,9.15,845056,8.97
2011/06/24,8.84,9.22,8.71,9.15,0,8.97
2011/06/27,9.53,10.13,9.53,10.13,2413684,9.83
2011/06/28,10.42,10.86,10.32,10.53,4324770,10.59
2011/06/29,10.47,10.52,10.20,10.31,1604001,10.36
2011/06/30,10.13,10.39,10.13,10.36,1168120,10.26
2011/07/01,10.41,10.46,10.26,10.30,1102900,10.36
2011/07/04,10.81,11.13,10.64,10.91,2217080,10.89
2011/07/05,10.98,10.98,10.70,10.81,1471375,10.84
2011/07/06,10.81,10.87,10.48,10.82,1428118,10.67
2011/07/07,10.84,11.39,10.84,11.21,2410717,11.12
2011/07/08,11.20,11.31,10.92,11.26,1080433,11.12
2011/07/11,11.23,11.80,11.04,11.76,1592973,11.42
2011/07/12,11.58,12.21,11.46,11.51,2549569,11.84
2011/07/13,11.37,12.16,11.31,12.14,1403241,11.74
2011/07/14,12.14,12.14,11.87,12.03,1177073,12.00
2011/07/15,12.06,12.44,11.89,12.21,1249418,12.17
2011/07/18,12.14,12.28,11.88,11.95,1228271,12.08
2011/07/19,11.82,12.12,11.78,11.94,1291708,11.95
2011/07/20,12.02,12.23,11.92,11.99,1240109,12.08
2011/07/21,11.92,11.99,11.40,11.41,817597,11.70
2011/07/22,11.55,11.90,11.42,11.44,714602,11.66
2011/07/25,11.37,11.63,11.10,11.18,792166,11.37
2011/07/26,11.18,11.25,10.90,11.13,440902,11.08
2011/07/27,11.04,11.52,10.99,11.42,472672,11.25
2011/07/28,11.24,11.58,11.24,11.57,540921,11.41
2011/07/29,11.58,11.62,11.38,11.48,473695,11.50
2011/08/01,11.38,11.47,11.21,11.31,308966,11.34
2011/08/02,11.20,11.31,10.81,10.98,542887,11.06
2011/08/03,10.81,11.25,10.80,11.22,342346,11.03
2011/08/04,11.09,11.42,11.09,11.26,340240,11.25
2011/08/05,10.99,11.20,10.76,11.17,766032,10.98
2011/08/08,10.92,11.25,10.26,10.70,664255,10.75
2011/08/09,10.37,10.67,10.03,10.48,546474,10.35
2011/08/10,10.59,10.87,10.54,10.59,530700,10.70
2011/08/11,10.30,10.80,10.30,10.74,592938,10.55
2011/08/12,10.92,11.88,10.87,11.88,2868652,11.38
2011/08/15,11.94,12.81,11.93,12.48,4594719,12.37
2011/08/16,12.53,12.67,12.04,12.13,2406136,12.35
2011/08/17,12.09,12.80,11.99,12.59,2694328,12.40
2011/08/18,12.64,12.67,12.36,12.63,1853105,12.51
2011/08/19,12.39,12.56,11.93,12.31,1216304,12.25
2011/08/22,12.37,12.54,11.98,12.06,1098986,12.26
2011/08/23,12.07,13.14,12.07,13.14,3455291,12.61
2011/08/24,13.02,13.39,12.83,12.84,2954500,13.11
2011/08/25,12.84,13.02,12.51,13.00,1702918,12.76
2011/08/26,12.92,13.08,12.84,13.07,1122229,12.96
2011/08/29,12.98,13.26,12.87,13.07,1187626,13.06
2011/08/30,13.07,13.26,12.70,12.73,1228611,12.98
2011/08/31,12.67,12.91,12.31,12.46,908126,12.61
2011/09/01,12.31,12.74,12.31,12.52,721267,12.53
2011/09/02,12.36,12.52,12.09,12.19,746325,12.30
2011/09/05,12.02,12.13,11.83,11.97,481890,11.98
2011/09/06,11.78,12.07,11.76,11.89,297273,11.92
2011/09/07,11.93,12.28,11.93,12.24,534323,12.10
2011/09/08,12.27,12.76,12.27,12.37,1088990,12.51
2011/09/09,12.41,12.57,11.81,11.86,726683,12.19
2011/09/13,11.61,11.83,11.37,11.59,666435,11.60
2011/09/14,11.59,11.74,11.27,11.64,601937,11.50
2011/09/15,11.62,11.83,11.59,11.70,689641,11.71
2011/09/16,11.82,11.87,11.29,11.29,946970,11.58
2011/09/19,11.20,11.23,10.59,10.61,1292050,10.91
2011/09/20,10.64,10.89,10.58,10.86,900140,10.74
2011/09/21,10.94,11.37,10.71,11.29,672731,11.04
2011/09/22,11.15,11.27,10.76,10.78,588644,11.01
2011/09/23,10.59,10.87,10.48,10.73,329040,10.67
2011/09/26,10.57,10.87,10.26,10.42,596573,10.56
2011/09/27,10.49,10.68,10.42,10.59,331950,10.55
2011/09/28,10.67,10.74,10.31,10.38,309926,10.53
2011/09/29,10.38,10.41,9.81,9.86,387881,10.11
2011/09/30,9.87,10.06,9.83,9.92,225506,9.95
2011/10/10,9.87,10.06,9.83,9.92,0,9.95
2011/10/11,10.28,10.45,9.64,9.74,266140,10.04
2011/10/12,9.74,10.19,9.62,10.14,745612,9.90
2011/10/13,10.14,10.73,10.13,10.71,794221,10.43
2011/10/14,10.69,10.84,10.48,10.75,636436,10.66
2011/10/17,10.79,11.18,10.70,10.98,724025,10.94
2011/10/18,11.01,11.20,10.64,10.65,603010,10.92
2011/10/19,10.64,11.08,10.20,10.88,664380,10.64
2011/10/20,10.76,10.81,10.35,10.59,440512,10.58
2011/10/21,10.48,10.58,10.21,10.37,402781,10.40
2011/10/24,10.37,10.78,10.03,10.76,366600,10.40
2011/10/25,10.68,11.19,10.67,11.03,633109,10.93
2011/10/26,10.92,11.27,10.92,11.02,883894,11.09
2011/10/27,11.04,11.22,10.83,10.96,483245,11.03
2011/10/28,11.03,11.45,11.03,11.41,771810,11.24
2011/10/31,11.42,11.54,11.31,11.51,544352,11.42
2011/11/01,11.37,11.57,11.15,11.30,1029847,11.36
2011/11/02,11.10,12.49,10.98,12.49,5327053,11.74
2011/11/03,12.64,13.26,12.54,12.84,7351425,12.90
2011/11/04,12.86,13.92,12.85,13.40,5168826,13.38
2011/11/07,13.26,13.78,13.05,13.29,2497324,13.42
2011/11/08,13.26,13.26,12.81,12.99,2081289,13.04
2011/11/09,13.03,13.30,12.69,13.23,2705271,13.00
2011/11/10,13.02,13.70,12.87,13.26,2608286,13.28
2011/11/11,13.20,13.34,12.89,12.97,1204665,13.12
2011/11/14,13.25,13.77,13.07,13.48,2819147,13.42
2011/11/15,13.31,13.57,13.21,13.30,1506014,13.39
2011/11/16,13.34,13.42,12.70,12.82,1913959,13.06
2011/11/17,12.87,12.94,12.43,12.84,2127547,12.68
2011/11/18,12.67,12.76,12.31,12.46,1626158,12.54
2011/11/21,12.37,12.56,12.04,12.37,1238447,12.30
2011/11/22,12.14,12.40,11.91,12.37,1796654,12.16
2011/11/23,12.36,12.46,12.10,12.20,909882,12.28
2011/11/24,12.11,12.51,11.97,12.43,1224687,12.24
2011/11/25,12.37,12.62,12.32,12.45,1151902,12.47
2011/11/28,12.36,12.53,11.70,12.31,2526183,12.11
2011/11/29,12.36,12.49,12.04,12.48,846886,12.26
2011/11/30,12.39,12.44,11.88,11.92,1523265,12.16
2011/12/01,12.37,12.37,11.98,11.98,911681,12.17
2011/12/02,11.97,12.06,11.59,11.60,727322,11.83
2011/12/05,11.32,11.69,10.98,11.01,687127,11.33
2011/12/06,10.99,11.18,10.80,11.08,479231,10.99
2011/12/07,11.08,11.20,10.86,11.04,502503,11.03
2011/12/08,11.08,11.20,10.86,11.04,0,11.03
2011/12/09,10.98,11.40,10.98,11.11,732661,11.19
2011/12/12,11.12,11.31,10.85,10.95,289768,11.08
2011/12/13,10.99,10.99,10.40,10.48,780800,10.70
2011/12/14,10.36,10.62,9.93,9.94,945869,10.27
2011/12/15,9.92,10.03,9.84,9.87,770635,9.93
2011/12/16,9.80,10.45,9.77,10.42,635121,10.11
2011/12/19,10.36,10.59,10.17,10.57,796624,10.38
2011/12/20,10.53,10.73,10.47,10.57,546505,10.60
2011/12/21,10.66,10.89,10.10,10.28,752668,10.50
2011/12/22,10.19,10.19,9.34,9.99,1808919,9.76
2011/12/23,9.83,10.11,9.54,9.92,1542643,9.82
2011/12/26,9.92,10.07,9.78,9.81,547376,9.92
2011/12/27,9.81,9.81,9.40,9.45,568465,9.61
2011/12/28,9.37,9.48,9.01,9.28,671660,9.25
2011/12/29,9.21,9.42,9.20,9.22,785489,9.31
2011/12/30,9.31,9.36,9.22,9.36,728783,9.29
2012/01/04,9.49,9.50,8.98,9.03,830466,9.24
2012/01/05,8.98,8.99,8.26,8.34,1071058,8.63
2012/01/06,8.33,8.33,7.92,8.19,1099959,8.13
2012/01/09,8.19,8.64,8.06,8.59,743542,8.35
2012/01/10,8.64,9.01,8.59,8.92,782881,8.80
2012/01/11,8.92,9.65,8.86,9.13,1221922,9.25
2012/01/12,8.98,9.26,8.86,8.95,816398,9.06
2012/01/13,8.95,8.99,8.48,8.59,808328,8.74
2012/01/16,8.38,8.73,8.26,8.32,409457,8.50
2012/01/17,8.41,8.92,8.29,8.87,625841,8.60
2012/01/18,8.87,9.03,8.48,8.51,760091,8.75
2012/01/19,8.51,8.73,8.42,8.51,497458,8.58
2012/01/20,8.63,8.63,8.47,8.52,419323,8.55
2012/01/30,8.62,8.62,8.32,8.44,350534,8.47
2012/01/31,8.49,8.49,8.27,8.45,231909,8.38
2012/02/01,8.42,8.64,8.42,8.54,420201,8.53
2012/02/02,8.63,8.74,8.53,8.73,420127,8.63
2012/02/03,8.78,8.97,8.73,8.91,621644,8.85
2012/02/06,9.01,9.17,8.95,9.03,773048,9.06
2012/02/07,8.93,9.21,8.77,9.20,885706,8.99
2012/02/08,9.18,9.37,9.08,9.30,1131833,9.22
2012/02/09,9.28,9.34,9.21,9.22,930117,9.28
2012/02/10,9.20,9.33,9.01,9.11,779761,9.17
2012/02/13,8.97,9.39,8.97,9.39,923505,9.18
2012/02/14,9.39,9.48,9.19,9.21,742064,9.33
2012/02/15,9.21,9.47,9.17,9.37,818334,9.32
2012/02/16,9.45,9.69,9.32,9.47,1327364,9.50
2012/02/17,9.53,9.63,9.30,9.47,790932,9.47
2012/02/20,9.58,9.78,9.48,9.52,1313204,9.63
2012/02/21,9.53,9.68,9.27,9.64,1154420,9.47
2012/02/22,9.66,9.87,9.53,9.87,1631977,9.70
2012/02/23,9.87,10.01,9.76,9.92,1152009,9.88
2012/02/24,9.93,9.98,9.83,9.95,985237,9.91
2012/02/27,9.92,10.09,9.87,9.87,1538922,9.98
2012/02/28,9.81,9.81,9.42,9.51,1872245,9.62
2012/02/29,9.59,9.68,9.45,9.45,1084239,9.56
2012/03/01,9.50,9.70,9.44,9.51,1289747,9.57
2012/03/02,9.53,9.64,9.42,9.64,1513505,9.53
2012/03/05,9.70,9.83,9.59,9.63,1774885,9.71
2012/03/06,9.63,9.63,9.41,9.47,782302,9.52
2012/03/07,9.43,9.59,9.28,9.48,1031303,9.43
2012/03/08,9.51,9.68,9.44,9.64,784987,9.56
2012/03/09,9.64,9.81,9.63,9.79,960982,9.72
2012/03/12,9.86,10.19,9.86,9.98,3191940,10.02
2012/03/13,9.99,10.71,9.98,10.51,2731838,10.35
2012/03/14,10.64,10.64,9.70,9.92,2894666,10.17
2012/03/15,9.93,10.12,9.42,9.89,2217419,9.77
2012/03/16,9.91,10.08,9.73,10.03,1496300,9.91
2012/03/19,10.06,10.42,10.06,10.38,2721298,10.24
2012/03/20,10.33,10.54,10.07,10.19,2261492,10.30
2012/03/21,10.24,10.29,9.84,10.18,1840906,10.06
2012/03/22,10.31,10.47,9.89,10.37,2709139,10.18
2012/03/23,10.34,10.41,9.98,10.38,2043719,10.20
2012/03/26,10.26,10.76,10.10,10.76,3375935,10.43
2012/03/27,10.76,10.86,10.51,10.69,2044458,10.68
2012/03/28,10.59,10.62,9.96,10.20,1928021,10.29
2012/03/29,10.01,10.03,9.64,9.89,1044385,9.83
2012/03/30,9.87,9.92,9.53,9.64,1189018,9.72
2012/04/05,9.67,10.06,9.53,10.03,1115793,9.79
2012/04/06,10.03,10.35,9.98,10.12,1188548,10.17
2012/04/09,10.20,10.38,10.03,10.14,1001758,10.21
2012/04/10,10.09,10.33,9.76,10.31,930282,10.04
2012/04/11,10.12,10.59,9.95,10.47,1407713,10.27
2012/04/12,10.39,10.71,10.39,10.62,1308195,10.55
2012/04/13,10.62,10.70,10.45,10.57,1100175,10.57
2012/04/16,10.48,10.58,10.26,10.45,696711,10.42
2012/04/17,10.37,10.45,10.12,10.14,825204,10.28
2012/04/18,10.14,10.46,10.12,10.45,993999,10.29
2012/04/19,10.50,10.53,10.38,10.39,644851,10.46
2012/04/20,10.37,10.67,10.37,10.61,1023949,10.52
2012/04/23,10.61,10.66,10.26,10.34,878772,10.46
2012/04/24,10.22,10.41,9.79,9.93,1015705,10.10
2012/04/25,9.98,10.03,9.82,10.02,584152,9.92
2012/04/26,9.96,10.20,9.81,9.92,1084976,10.00
2012/04/27,9.81,9.93,9.56,9.75,1093005,9.75
2012/05/02,9.85,10.08,9.76,10.08,966867,9.92
2012/05/03,10.08,10.08,9.91,9.92,755926,10.00
2012/05/04,9.98,10.28,9.98,10.22,1566424,10.13
2012/05/07,10.14,10.22,10.04,10.22,704294,10.13
2012/05/08,10.21,10.37,10.18,10.28,747848,10.27
2012/05/09,10.20,10.45,10.04,10.37,1197893,10.24
2012/05/10,10.40,11.47,10.40,10.92,5332505,10.94
2012/05/11,10.87,12.08,10.77,11.70,12488312,11.42
2012/05/14,11.92,12.31,11.53,12.03,4456825,11.92
2012/05/15,11.81,11.81,10.77,11.14,7764524,11.29
2012/05/16,11.81,11.81,10.77,11.14,0,11.29
2012/05/17,10.91,11.17,10.88,11.03,2187871,11.03
2012/05/18,10.96,10.97,10.56,10.86,1585354,10.77
2012/05/21,10.75,11.00,10.66,10.89,941345,10.83
2012/05/22,10.97,11.22,10.90,11.08,1139477,11.06
2012/05/23,10.99,11.19,10.80,10.85,1004680,11.00
2012/05/24,10.87,11.08,10.62,10.96,1578471,10.85
2012/05/25,10.92,10.94,10.68,10.73,664492,10.81
2012/05/28,10.52,10.67,10.36,10.59,1011202,10.51
2012/05/29,10.54,10.87,10.53,10.86,800729,10.70
2012/05/30,10.83,11.03,10.75,10.84,860392,10.89
2012/05/31,10.83,11.06,10.73,10.88,875199,10.90
2012/06/01,10.88,11.08,10.87,10.98,819425,10.97
2012/06/04,10.81,10.90,10.48,10.54,1044545,10.69
2012/06/05,10.49,10.61,10.49,10.57,624101,10.55
2012/06/06,10.60,10.68,10.36,10.49,618167,10.52
2012/06/07,10.57,10.63,10.41,10.47,439401,10.52
2012/06/08,10.56,10.64,10.39,10.53,553306,10.52
2012/06/11,10.32,10.58,10.25,10.44,754771,10.42
2012/06/12,10.44,10.44,10.05,10.05,987652,10.25
2012/06/13,10.08,10.24,9.98,10.22,1378436,10.11
2012/06/14,10.18,10.24,10.06,10.08,1197490,10.15
2012/06/15,10.11,10.18,9.92,10.01,832710,10.05
2012/06/18,10.01,10.42,10.01,10.38,1883362,10.21
2012/06/19,10.32,10.50,10.22,10.42,1107973,10.36
2012/06/20,10.33,10.64,10.33,10.51,1117328,10.49
2012/06/21,10.51,10.51,10.18,10.22,797844,10.34
2012/06/25,10.23,10.36,9.93,9.95,953137,10.14
2012/06/26,9.95,10.18,9.61,10.12,1380420,9.89
2012/06/27,10.18,10.52,10.06,10.45,1910644,10.29
2012/06/28,10.55,10.67,10.25,10.40,1100486,10.46
2012/06/29,10.32,10.69,10.30,10.66,1491744,10.50
2012/07/02,10.67,10.81,10.52,10.58,908069,10.67
2012/07/03,10.56,10.78,10.44,10.52,814542,10.61
2012/07/04,10.52,10.61,10.32,10.32,1209854,10.46
2012/07/05,10.24,10.32,9.78,9.87,738225,10.05
2012/07/06,9.94,10.00,9.64,9.94,1101800,9.82
2012/07/09,9.84,10.01,9.72,9.74,700710,9.87
2012/07/10,9.76,9.96,9.49,9.55,725627,9.73
2012/07/11,9.55,9.59,9.42,9.50,825169,9.50
2012/07/12,9.62,9.78,9.44,9.75,1220269,9.61
2012/07/13,9.68,9.80,9.45,9.48,767001,9.63
2012/07/16,9.46,9.60,8.94,8.94,1584669,9.27
2012/07/17,8.86,9.14,8.86,8.94,729499,9.00
2012/07/18,8.91,9.01,8.68,8.98,1069011,8.84
2012/07/19,8.97,9.16,8.86,9.04,956614,9.01
2012/07/20,9.05,9.31,8.96,8.97,823130,9.14
2012/07/23,8.92,8.92,8.72,8.77,857978,8.82
2012/07/24,8.76,9.16,8.64,9.12,1454480,8.90
2012/07/25,9.13,9.60,9.13,9.47,3816995,9.37
2012/07/26,9.47,9.52,9.29,9.34,1400169,9.40
2012/07/27,9.38,9.65,9.27,9.33,2140660,9.46
2012/07/30,9.37,9.42,9.17,9.32,1621044,9.29
2012/07/31,9.32,9.32,9.04,9.18,883380,9.18
2012/08/01,9.12,9.70,9.12,9.66,2401413,9.41
2012/08/02,9.58,10.10,9.58,9.91,2663912,9.84
2012/08/03,9.89,10.10,9.70,10.00,1755093,9.90
2012/08/06,10.04,10.18,9.88,10.14,1707363,10.03
2012/08/07,10.12,10.20,9.91,9.95,1243921,10.05
2012/08/08,10.38,10.50,10.06,10.12,2175600,10.28
2012/08/09,10.15,10.26,9.86,10.22,1102304,10.06
2012/08/10,10.15,10.56,10.11,10.42,2229351,10.33
2012/08/13,10.42,10.46,9.92,9.98,1162020,10.19
2012/08/14,9.95,10.26,9.81,10.24,1807710,10.04
2012/08/15,10.19,10.53,10.05,10.15,1028759,10.29
2012/08/16,10.12,10.34,9.86,10.20,1194628,10.10
2012/08/17,10.18,10.18,9.95,10.17,762795,10.06
2012/08/20,9.98,10.34,9.98,10.28,609142,10.16
2012/08/21,10.27,10.66,10.27,10.66,1445320,10.46
2012/08/22,10.66,10.79,10.59,10.60,1144240,10.69
2012/08/23,10.58,10.90,10.56,10.86,939609,10.73
2012/08/24,10.66,10.72,10.26,10.38,3457728,10.49
2012/08/27,10.41,10.50,10.23,10.45,1904572,10.37
2012/08/28,10.45,10.66,10.23,10.64,1350790,10.45
2012/08/29,10.56,10.84,10.45,10.78,1771328,10.64
2012/08/30,10.77,10.78,10.26,10.35,1857258,10.52
2012/08/31,10.35,10.48,10.12,10.42,2370746,10.30
2012/09/03,10.42,10.72,10.33,10.64,1052039,10.53
2012/09/04,10.64,10.74,10.49,10.52,1203967,10.62
2012/09/05,10.45,10.85,10.39,10.72,1193336,10.62
2012/09/06,10.70,11.02,10.70,11.00,1611788,10.86
2012/09/07,11.08,11.23,10.85,11.07,2686368,11.04
2012/09/10,11.07,11.32,10.93,11.11,1237464,11.13
2012/09/11,11.05,11.42,10.98,11.18,1258902,11.20
2012/09/12,11.25,11.33,10.90,11.12,1057957,11.12
2012/09/13,11.14,11.70,11.14,11.39,3184081,11.42
2012/09/14,12.18,12.18,10.99,11.30,4955648,11.58
2012/09/17,11.10,11.12,10.50,11.04,2617266,10.81
2012/09/18,10.88,11.18,10.72,11.02,1982419,10.95
2012/09/19,11.06,11.22,10.98,11.08,836076,11.10
2012/09/20,11.16,11.16,10.50,10.54,734056,10.83
2012/09/21,10.52,10.78,10.32,10.32,1043488,10.55
2012/09/24,10.24,10.62,10.24,10.58,535612,10.43
2012/09/25,10.55,10.62,10.40,10.44,474372,10.51
2012/09/26,10.43,10.51,10.16,10.40,597643,10.33
2012/09/27,10.28,10.64,10.28,10.47,805029,10.46
2012/09/28,10.48,10.57,10.40,10.47,829646,10.49
2012/10/08,10.44,10.54,9.99,10.31,813254,10.26
2012/10/09,10.20,10.52,10.20,10.45,727996,10.36
2012/10/10,10.44,10.74,10.36,10.72,1013865,10.55
2012/10/11,10.68,10.79,10.50,10.52,601091,10.64
2012/10/12,10.58,10.58,10.39,10.53,422171,10.49
2012/10/15,10.63,10.63,10.37,10.42,434310,10.50
2012/10/16,10.50,10.50,10.28,10.36,364329,10.39
2012/10/17,10.36,10.44,10.18,10.19,593196,10.31
2012/10/18,10.19,10.37,10.17,10.25,640689,10.27
2012/10/19,10.25,10.38,10.20,10.30,611369,10.29
2012/10/22,10.28,10.28,10.13,10.18,538998,10.21
2012/10/23,10.18,10.19,9.66,9.74,3488815,9.92
2012/10/24,9.74,9.78,9.59,9.64,634585,9.68
2012/10/25,9.70,9.85,9.60,9.69,473399,9.72
2012/10/26,9.68,9.77,9.47,9.52,407799,9.62
2012/10/29,9.45,9.66,9.45,9.62,307416,9.55
2012/10/30,9.62,9.71,9.55,9.63,260539,9.63
2012/10/31,9.66,9.86,9.62,9.86,687642,9.74
2012/11/01,9.85,9.98,9.80,9.91,393813,9.89
2012/11/02,9.88,9.94,9.83,9.84,293800,9.88
2012/11/05,9.80,9.80,9.64,9.66,319932,9.72
2012/11/06,9.59,9.59,9.36,9.45,586036,9.47
2012/11/07,9.52,9.54,9.40,9.45,264140,9.47
2012/11/08,9.41,9.42,9.20,9.21,600765,9.31
2012/11/09,9.16,9.30,9.15,9.23,174629,9.23
2012/11/12,9.22,9.34,9.16,9.34,187413,9.25
2012/11/13,9.41,9.41,9.13,9.18,250821,9.27
2012/11/14,9.20,9.28,9.13,9.28,202379,9.21
2012/11/15,9.19,9.25,9.10,9.12,438507,9.17
2012/11/16,9.06,9.06,8.78,8.85,352248,8.92
2012/11/19,8.74,8.93,8.74,8.87,170612,8.83
2012/11/20,8.89,8.96,8.88,8.88,113942,8.92
2012/11/21,8.89,9.02,8.89,9.02,348038,8.96
2012/11/22,8.92,8.98,8.90,8.93,214429,8.94
2012/11/23,8.90,9.04,8.89,9.00,189188,8.96
2012/11/26,8.85,8.98,8.78,8.80,285920,8.88
2012/11/27,8.70,8.75,8.46,8.52,482755,8.61
2012/11/28,8.38,8.48,8.25,8.48,302053,8.37
2012/11/29,8.51,8.58,8.46,8.47,74945,8.52
2012/11/30,8.46,8.62,8.32,8.62,235409,8.47
2012/12/03,8.60,8.60,8.33,8.35,173723,8.46
2012/12/04,8.33,8.65,8.25,8.61,424170,8.45
2012/12/05,8.60,9.04,8.53,8.78,630095,8.78
2012/12/06,8.84,9.10,8.78,8.88,715306,8.94
2012/12/07,8.92,9.08,8.78,9.04,445766,8.93
2012/12/10,9.03,9.29,8.98,9.26,724136,9.13
2012/12/11,9.21,9.29,9.06,9.12,424178,9.17
2012/12/12,9.12,9.14,8.88,8.96,470275,9.01
2012/12/13,8.96,9.02,8.78,8.80,625528,8.90
2012/12/14,8.78,9.22,8.69,9.12,656718,8.96
2012/12/17,9.12,9.22,8.94,9.04,870939,9.08
2012/12/18,9.08,9.42,8.98,9.31,1274042,9.20
2012/12/19,9.26,9.31,9.14,9.22,670337,9.23
2012/12/20,9.20,9.32,9.14,9.26,463686,9.23
2012/12/21,9.25,9.38,9.19,9.35,497975,9.29
2012/12/24,9.34,9.37,9.22,9.33,423318,9.29
2012/12/25,9.26,9.61,9.22,9.53,806722,9.42
2012/12/26,9.53,9.71,9.50,9.58,1034547,9.61
2012/12/27,9.68,9.68,9.46,9.48,769038,9.57
2012/12/28,9.40,9.57,9.40,9.51,751718,9.49
2012/12/31,9.55,9.63,9.47,9.57,807569,9.55
2013/01/04,9.58,9.68,9.27,9.28,999740,9.47
2013/01/07,9.25,9.37,9.22,9.37,829585,9.29
2013/01/08,9.35,9.66,9.29,9.64,1443855,9.47
2013/01/09,9.59,9.76,9.53,9.74,1361702,9.64
2013/01/10,9.73,9.80,9.63,9.72,1195933,9.72
2013/01/11,9.77,10.04,9.71,9.82,2494974,9.88
2013/01/14,9.84,10.38,9.78,10.35,2985673,10.08
2013/01/15,10.34,10.67,10.26,10.45,2450672,10.46
2013/01/16,10.45,10.74,10.25,10.62,1919837,10.50
2013/01/17,10.58,10.70,10.38,10.42,1649986,10.54
2013/01/18,10.46,10.71,10.33,10.65,1745763,10.52
2013/01/21,10.46,10.71,10.33,10.65,0,10.52
2013/01/22,10.46,10.71,10.33,10.65,0,10.52
2013/01/23,10.46,10.71,10.33,10.65,0,10.52
2013/01/24,10.46,10.71,10.33,10.65,0,10.52
2013/01/25,10.46,10.71,10.33,10.65,0,10.52
2013/01/28,10.46,10.71,10.33,10.65,0,10.52
2013/01/29,10.46,10.71,10.33,10.65,0,10.52
2013/01/30,10.46,10.71,10.33,10.65,0,10.52
2013/01/31,10.46,10.71,10.33,10.65,0,10.52
2013/02/01,10.46,10.71,10.33,10.65,0,10.52
2013/02/04,10.46,10.71,10.33,10.65,0,10.52
2013/02/05,10.46,10.71,10.33,10.65,0,10.52
2013/02/06,10.46,10.71,10.33,10.65,0,10.52
2013/02/07,10.46,10.71,10.33,10.65,0,10.52
2013/02/08,10.46,10.71,10.33,10.65,0,10.52
2013/02/18,10.46,10.71,10.33,10.65,0,10.52
2013/02/19,10.46,10.71,10.33,10.65,0,10.52
2013/02/20,10.46,10.71,10.33,10.65,0,10.52
2013/02/21,10.46,10.71,10.33,10.65,0,10.52
2013/02/22,10.46,10.71,10.33,10.65,0,10.52
2013/02/25,10.46,10.71,10.33,10.65,0,10.52
2013/02/26,10.46,10.71,10.33,10.65,0,10.52
2013/02/27,10.46,10.71,10.33,10.65,0,10.52
2013/02/28,10.46,10.71,10.33,10.65,0,10.52
2013/03/01,10.46,10.71,10.33,10.65,0,10.52
2013/03/04,10.46,10.71,10.33,10.65,0,10.52
2013/03/05,10.46,10.71,10.33,10.65,0,10.52
2013/03/06,10.46,10.71,10.33,10.65,0,10.52
2013/03/07,10.46,10.71,10.33,10.65,0,10.52
2013/03/08,10.46,10.71,10.33,10.65,0,10.52
2013/03/11,10.46,10.71,10.33,10.65,0,10.52
2013/03/12,10.46,10.71,10.33,10.65,0,10.52
2013/03/13,10.46,10.71,10.33,10.65,0,10.52
2013/03/14,10.46,10.71,10.33,10.65,0,10.52
2013/03/15,10.46,10.71,10.33,10.65,0,10.52
2013/03/18,10.46,10.71,10.33,10.65,0,10.52
2013/03/19,10.46,10.71,10.33,10.65,0,10.52
2013/03/20,11.77,11.77,11.38,11.77,10244347,11.58
2013/03/21,11.82,12.72,11.77,12.15,10787825,12.25
2013/03/22,12.12,12.34,11.85,12.28,4512728,12.09
2013/03/25,12.11,12.12,11.72,11.81,3413720,11.92
2013/03/26,11.70,12.31,11.31,12.28,5588224,11.81
2013/03/27,12.12,12.22,11.76,12.02,3218715,11.99
2013/03/28,11.82,11.88,11.36,11.62,2104238,11.62
2013/03/29,11.45,11.84,11.44,11.70,1459070,11.64
2013/04/01,11.62,12.32,11.60,12.21,3746074,11.96
2013/04/02,12.21,12.27,11.75,11.88,1709049,12.01
2013/04/03,11.76,12.22,11.70,12.02,1474323,11.96
2013/04/08,11.78,12.12,11.48,12.12,1183862,11.80
2013/04/09,12.12,12.53,12.09,12.14,2058086,12.31
2013/04/10,12.11,12.11,11.69,11.92,1163036,11.90
2013/04/11,11.92,12.04,11.60,11.61,1036963,11.82
2013/04/12,11.68,11.83,11.44,11.61,1707559,11.63
2013/04/15,11.58,11.70,11.19,11.27,1701807,11.44
2013/04/16,11.12,11.52,10.79,11.47,1848780,11.15
2013/04/17,11.44,11.62,11.28,11.46,562849,11.45
2013/04/18,11.45,11.55,11.36,11.48,665764,11.46
2013/04/19,11.46,11.66,11.39,11.61,1622094,11.53
2013/04/22,11.45,11.81,11.39,11.77,938196,11.60
2013/04/23,11.72,12.04,11.34,11.41,1378199,11.69
2013/04/24,11.37,11.89,11.22,11.86,1072727,11.56
2013/04/25,11.74,12.30,11.64,11.98,2626313,11.97
2013/04/26,11.96,12.16,11.71,11.79,728812,11.94
2013/05/02,11.65,11.95,11.65,11.91,614588,11.80
2013/05/03,11.91,12.33,11.86,12.10,1280555,12.09
2013/05/06,12.06,12.42,12.05,12.38,2405261,12.24
2013/05/07,12.37,13.10,12.28,12.79,2938228,12.69
2013/05/08,12.79,12.98,12.58,12.59,2138202,12.78
2013/05/09,13.11,13.11,12.12,12.14,4219924,12.61
2013/05/10,12.08,12.08,10.98,11.56,6498612,11.53
2013/05/13,11.56,12.04,11.52,11.92,2920278,11.78
2013/05/14,11.92,11.92,11.45,11.52,2066907,11.68
2013/05/15,11.45,11.80,11.45,11.76,1056858,11.63
2013/05/16,11.78,12.48,11.72,11.88,3046359,12.10
2013/05/17,11.85,12.85,11.85,12.80,4672315,12.35
2013/05/20,12.75,13.63,12.66,13.33,4547088,13.15
2013/05/21,13.27,14.08,13.27,14.05,5336569,13.67
2013/05/22,13.90,14.06,13.70,13.81,2778477,13.88
2013/05/23,13.66,13.72,13.24,13.43,5291190,13.48
2013/05/24,13.32,13.82,13.22,13.77,4015330,13.52
2013/05/27,13.74,14.31,13.64,14.22,4372767,13.98
2013/05/28,14.12,14.12,13.06,13.38,6688395,13.59
2013/05/29,13.36,13.45,12.38,13.45,4381963,12.92
2013/05/30,13.35,13.42,13.13,13.33,2065759,13.28
2013/05/31,13.33,13.38,13.12,13.20,2565429,13.25
2013/06/03,13.18,13.98,13.10,13.78,6040452,13.54
2013/06/04,13.74,14.12,12.65,13.38,5794763,13.38
2013/06/05,13.52,13.57,13.03,13.18,2691669,13.30
2013/06/06,13.10,13.44,13.08,13.20,1417747,13.26
2013/06/07,13.22,13.38,13.05,13.11,2071583,13.22
2013/06/13,12.92,12.92,11.82,12.49,3033322,12.37
2013/06/14,12.70,12.88,12.43,12.79,2160092,12.66
2013/06/17,12.77,12.90,12.65,12.83,1223443,12.78
2013/06/18,12.83,13.04,12.70,12.96,2380213,12.87
2013/06/19,12.84,12.84,12.08,12.27,4700204,12.46
2013/06/20,12.23,12.46,11.97,12.04,2333420,12.22
2013/06/21,12.03,12.04,11.37,11.81,5033512,11.70
2013/06/24,11.69,11.86,11.20,11.28,2766328,11.53
2013/06/25,11.10,11.48,10.24,11.48,2752173,10.86
2013/06/26,11.50,12.54,11.24,12.50,2306200,11.89
2013/06/27,12.50,13.00,12.06,12.09,3142871,12.53
2013/06/28,12.42,12.57,11.91,12.36,1379365,12.24
2013/07/01,12.04,12.52,11.97,12.46,2124590,12.25
2013/07/02,12.44,12.60,12.28,12.56,2380911,12.44
2013/07/03,12.60,12.60,11.97,12.27,3033883,12.29
2013/07/04,12.24,13.10,12.10,13.05,4585412,12.60
2013/07/05,13.03,13.38,12.91,13.03,3209411,13.15
2013/07/08,12.95,13.19,12.24,12.98,1466537,12.71
2013/07/09,13.12,13.19,12.54,12.90,2141290,12.86
2013/07/10,12.82,13.22,12.24,13.17,1394723,12.73
2013/07/11,13.18,13.62,12.97,13.57,2606439,13.29
2013/07/12,13.84,13.92,13.48,13.77,4229834,13.70
2013/07/15,13.90,14.64,13.67,14.50,5369085,14.16
2013/07/16,14.44,14.70,14.22,14.49,3024743,14.46
2013/07/17,14.44,14.48,13.96,14.03,3032463,14.22
2013/07/18,14.07,14.74,13.66,14.36,2503814,14.20
2013/07/19,14.06,15.37,13.90,14.44,12827068,14.63
2013/07/22,14.57,15.93,14.44,15.92,9279006,15.18
2013/07/23,15.90,17.56,15.58,17.30,9560206,16.57
2013/07/24,17.14,18.14,16.95,17.70,6673072,17.54
2013/07/25,17.38,18.37,17.06,17.84,5562478,17.71
2013/07/26,17.52,18.00,17.24,17.90,2908651,17.62
2013/07/29,17.84,18.46,17.24,17.70,5325487,17.85
2013/07/30,17.34,17.48,15.89,16.30,5510296,16.69
2013/07/31,16.19,16.77,15.77,16.36,3233922,16.27
2013/08/01,16.30,18.04,16.23,18.04,5749747,17.13
2013/08/02,18.40,19.52,18.17,18.72,6987298,18.85
2013/08/05,18.58,19.82,18.58,19.60,5234546,19.20
2013/08/06,19.64,20.56,19.30,19.55,5141907,19.93
2013/08/07,19.47,19.94,19.04,19.55,2714704,19.49
2013/08/08,19.52,20.50,19.24,20.50,2080930,19.87
2013/08/09,20.56,20.87,19.02,19.44,3650656,19.95
2013/08/12,19.44,19.74,18.44,19.36,4611818,19.09
2013/08/13,19.37,19.38,18.98,19.30,2900354,19.18
2013/08/14,19.37,20.34,19.10,20.18,2816992,19.72
2013/08/15,20.44,20.74,19.81,19.90,2014171,20.27
2013/08/16,19.57,21.89,19.44,20.56,4662073,20.67
2013/08/19,20.90,22.66,20.90,22.66,6483069,21.78
2013/08/20,22.66,22.82,21.57,22.42,4643362,22.20
2013/08/21,22.40,22.50,21.58,22.34,2480891,22.04
2013/08/22,22.80,24.27,22.38,22.56,8543470,23.32
2013/08/23,22.75,23.44,22.46,23.24,3472144,22.95
2013/08/26,23.58,24.25,23.57,23.84,3059942,23.91
2013/08/27,24.42,25.24,23.71,25.24,3625645,24.47
2013/08/28,25.22,25.34,24.10,24.64,2837241,24.72
2013/08/29,24.62,24.82,23.57,23.84,3345839,24.20
2013/08/30,23.52,24.24,22.24,22.37,3189098,23.24
2013/09/02,22.37,23.23,22.37,22.80,2782176,22.80
2013/09/03,22.82,24.30,22.24,24.29,3179679,23.27
2013/09/04,24.24,25.04,24.00,24.75,2383584,24.52
2013/09/05,24.70,25.09,23.57,24.78,2533946,24.33
2013/09/06,24.70,25.36,24.57,25.04,2100876,24.96
2013/09/09,25.01,25.27,23.50,23.92,3107301,24.38
2013/09/10,24.10,24.89,23.64,24.10,1854905,24.27
2013/09/11,24.08,24.24,23.11,23.37,1812683,23.67
2013/09/12,23.50,23.50,22.39,22.68,1216822,22.95
2013/09/13,22.77,23.90,22.68,23.75,2922447,23.29
2013/09/16,23.64,24.57,23.24,24.24,2279500,23.90
2013/09/17,24.27,24.90,24.01,24.17,2193975,24.46
2013/09/18,24.10,24.90,24.05,24.71,2637160,24.47
2013/09/23,24.70,26.41,24.58,26.22,4026794,25.49
2013/09/24,26.20,26.74,26.10,26.21,1455952,26.42
2013/09/25,26.24,26.37,25.57,26.09,1781553,25.97
2013/09/26,26.22,26.74,26.04,26.16,1467575,26.39
2013/09/27,26.50,26.56,25.36,25.89,1352543,25.96
2013/09/30,27.90,28.52,26.14,26.74,3702152,27.33
2013/10/08,27.70,29.46,27.70,29.46,4302678,28.58
2013/10/09,30.90,32.24,30.24,31.22,4995041,31.24
2013/10/10,31.15,33.30,29.83,31.12,5577357,31.56
2013/10/11,31.04,32.04,30.17,30.44,2707445,31.11
2013/10/14,30.24,31.42,29.84,29.90,2274974,30.63
2013/10/15,29.44,30.64,29.44,30.64,2825126,30.04
2013/10/16,30.27,30.37,28.01,28.43,3227607,29.19
2013/10/17,28.49,29.82,28.18,28.42,3026863,29.00
2013/10/18,28.20,31.04,28.20,30.68,3439907,29.62
2013/10/21,30.60,32.50,30.60,31.42,2890440,31.55
2013/10/22,31.04,31.41,28.24,28.36,5263916,29.82
2013/10/23,28.30,28.30,25.48,25.54,6317312,26.89
2013/10/24,25.66,27.17,24.94,26.31,3034776,26.06
2013/10/25,26.29,26.66,23.64,24.90,4551083,25.15
2013/10/28,24.24,26.22,24.24,25.89,3118337,25.23
2013/10/29,25.89,26.55,23.26,25.42,3020792,24.91
2013/10/30,24.98,26.37,24.98,25.90,1333974,25.68
2013/10/31,24.98,26.37,24.98,25.90,0,25.68
2013/11/01,24.98,26.37,24.98,25.90,0,25.68
2013/11/04,24.98,26.37,24.98,25.90,0,25.68
2013/11/05,24.98,26.37,24.98,25.90,0,25.68
2013/11/06,24.98,26.37,24.98,25.90,0,25.68
2013/11/07,24.98,26.37,24.98,25.90,0,25.68
2013/11/08,26.24,26.24,23.26,23.26,5570988,24.75
2013/11/11,23.30,23.52,21.35,23.07,5368718,22.44
2013/11/12,22.82,23.17,21.91,22.57,3460484,22.54
2013/11/13,23.24,23.94,22.72,22.98,4338291,23.33
2013/11/14,22.92,23.71,21.90,23.66,2798631,22.80
2013/11/15,23.50,26.06,23.50,25.63,4160148,24.78
2013/11/18,26.04,26.04,25.28,25.74,2812088,25.66
2013/11/19,25.84,26.24,25.36,25.70,2556504,25.80
2013/11/20,25.57,25.83,24.57,25.28,2714492,25.20
2013/11/21,25.36,25.36,24.15,24.44,2694365,24.75
2013/11/22,24.48,25.03,23.56,23.82,1625170,24.29
2013/11/25,24.62,24.62,23.62,23.70,1483341,24.12
2013/11/26,24.22,24.36,22.99,23.28,2565289,23.67
2013/11/27,23.24,24.35,22.92,23.93,4355100,23.64
2013/11/28,24.57,24.97,24.24,24.70,4450715,24.60
2013/11/29,24.84,24.84,23.81,24.47,4397091,24.32
2013/12/02,23.58,24.01,21.98,21.98,4655287,23.00
2013/12/03,21.57,21.57,19.74,20.96,11349878,20.65
2013/12/04,20.66,22.23,20.57,21.37,4666709,21.40
2013/12/05,21.40,21.47,20.25,20.90,4017775,20.86
2013/12/06,20.84,21.01,20.38,20.62,1920990,20.70
2013/12/09,20.42,21.68,20.42,21.42,3417596,21.05
2013/12/10,21.47,22.02,21.24,21.37,2852251,21.63
2013/12/11,21.37,21.57,20.57,20.86,3796372,21.07
2013/12/12,20.58,21.24,20.58,20.88,3250138,20.91
2013/12/13,20.77,20.77,20.24,20.47,2738798,20.50
2013/12/16,20.41,20.56,19.90,20.26,2520893,20.23
2013/12/17,20.15,20.54,19.68,20.10,1865052,20.11
2013/12/18,20.30,20.30,19.92,20.13,1805205,20.11
2013/12/19,20.13,20.81,20.10,20.54,1889217,20.46
2013/12/20,20.51,20.94,20.44,20.89,2581724,20.69
2013/12/23,20.88,21.34,20.76,20.90,2981320,21.05
2013/12/24,20.97,20.97,19.98,20.60,3819007,20.47
2013/12/25,20.48,21.14,20.32,21.07,3773824,20.73
2013/12/26,21.00,21.90,20.72,21.90,2556824,21.31
2013/12/27,21.56,22.46,21.30,22.22,4193817,21.88
2013/12/30,22.22,22.40,21.38,21.77,5011120,21.89
2013/12/31,21.77,21.82,21.01,21.28,2697786,21.42
2014/01/02,21.02,21.07,20.64,20.81,3042026,20.86
2014/01/03,20.80,22.36,20.80,21.92,4287146,21.58
2014/01/06,22.04,22.04,20.84,21.10,3624444,21.44
2014/01/07,20.86,21.14,19.94,20.64,5036818,20.54
2014/01/08,20.64,21.87,20.32,21.70,4535778,21.10
2014/01/09,21.51,23.10,21.43,21.97,7422244,22.27
2014/01/10,22.17,22.20,21.36,21.52,2157753,21.78
2014/01/13,21.42,21.52,19.98,20.54,4891286,20.75
2014/01/14,20.30,20.60,19.77,20.44,2832296,20.19
2014/01/15,20.44,21.01,20.38,20.64,2305005,20.70
2014/01/16,21.49,21.49,19.64,20.12,3779625,20.56
2014/01/17,19.96,20.40,19.84,20.03,2024662,20.12
2014/01/20,20.00,21.02,19.44,19.50,2790894,20.23
2014/01/21,19.46,20.02,18.22,18.90,5522742,19.12
2014/01/22,18.78,19.76,18.76,19.57,2925440,19.26
2014/01/23,19.57,21.57,19.44,21.57,9282077,20.51
2014/01/24,21.30,22.60,21.30,22.01,8126694,21.95
2014/01/27,21.80,22.93,21.20,22.34,7522468,22.06
2014/01/28,22.34,22.68,21.57,21.97,4540303,22.13
2014/01/29,22.29,23.04,22.10,22.92,5797832,22.57
2014/01/30,23.26,24.10,22.45,22.80,5856365,23.28
2014/02/07,22.34,22.90,21.96,22.77,5276720,22.43
2014/02/10,22.88,23.84,22.67,23.58,7924011,23.26
2014/02/11,23.57,24.84,23.01,24.44,10735892,23.93
2014/02/12,24.40,24.75,23.64,24.34,5899362,24.20
2014/02/13,24.16,24.40,22.96,23.10,4620142,23.68
2014/02/14,23.10,23.56,21.96,23.48,6087749,22.76
2014/02/17,23.44,23.44,22.48,22.98,5518992,22.96
2014/02/18,22.92,23.72,22.80,23.28,8253654,23.26
2014/02/19,23.16,23.16,22.54,22.77,4251651,22.85
2014/02/20,22.70,23.24,22.51,22.69,3684490,22.88
2014/02/21,22.62,23.37,22.18,22.70,6190967,22.78
2014/02/24,22.82,23.41,22.10,23.30,5167618,22.76
2014/02/25,23.30,24.20,20.93,21.16,8946112,22.56
2014/02/26,21.38,22.56,20.24,22.27,7299416,21.40
2014/02/27,22.41,22.57,21.30,21.30,3486632,21.94
2014/02/28,22.23,23.10,21.77,22.50,7859572,22.44
2014/03/03,22.64,24.80,22.64,24.80,8615620,23.72
2014/03/04,24.70,25.32,24.16,24.92,7247808,24.74
2014/03/05,25.04,25.34,24.18,24.20,5698880,24.76
2014/03/06,24.04,24.90,23.64,24.57,3657691,24.27
2014/03/07,24.44,25.09,24.06,24.46,3297314,24.57
2014/03/10,24.17,24.17,22.70,22.70,3119949,23.44
2014/03/11,22.57,22.88,22.02,22.52,2519352,22.45
2014/03/12,22.54,22.54,20.90,21.54,4076250,21.72
2014/03/13,21.47,21.81,21.38,21.48,1874639,21.59
2014/03/14,21.28,21.90,21.14,21.22,2713005,21.52
2014/03/17,21.34,22.20,21.21,22.13,2225522,21.71
2014/03/18,22.09,22.84,21.94,22.30,3304200,22.39
2014/03/19,22.24,23.29,22.24,23.16,3799583,22.76
2014/03/20,23.04,23.30,22.23,22.53,2585470,22.77
2014/03/21,22.26,23.34,21.64,23.28,2952087,22.49
2014/03/24,23.30,23.74,22.90,23.50,2356799,23.32
2014/03/25,23.54,24.24,23.10,23.30,1916072,23.67
2014/03/26,23.01,23.67,23.01,23.13,1209740,23.34
2014/03/27,23.13,23.13,21.12,21.84,4970213,22.13
2014/03/28,21.65,21.84,20.57,20.78,2825166,21.21
2014/03/31,20.76,21.07,20.44,20.56,1154923,20.76
2014/04/01,20.56,21.57,20.56,21.43,1579372,21.06
2014/04/02,21.42,21.49,20.64,20.81,975746,21.06
2014/04/03,20.92,21.06,20.56,20.76,1316736,20.81
2014/04/04,20.24,21.18,20.24,20.98,2112154,20.71
2014/04/08,20.58,21.22,20.58,21.08,713687,20.90
2014/04/09,21.17,21.48,21.14,21.33,973914,21.31
2014/04/10,21.34,21.61,21.24,21.41,1391965,21.42
2014/04/11,21.26,21.29,20.34,20.70,3269696,20.81
2014/04/14,20.88,20.93,20.34,20.88,2904235,20.63
2014/04/15,20.70,21.10,20.57,20.64,2650211,20.84
2014/04/16,20.74,20.76,19.90,20.29,1994949,20.33
2014/04/17,20.29,20.59,19.92,20.04,2300111,20.26
2014/04/18,20.07,20.57,20.04,20.57,2111172,20.30
2014/04/21,20.44,20.61,20.16,20.26,1030615,20.38
2014/04/22,20.26,20.56,19.51,19.84,1522655,20.04
2014/04/23,19.84,19.90,18.60,18.94,2845819,19.25
2014/04/24,18.98,18.98,18.31,18.65,2162976,18.64
2014/04/25,18.68,18.68,18.07,18.24,1234563,18.38
2014/04/28,18.00,18.22,17.64,18.09,1663151,17.93
2014/04/29,18.13,18.36,17.99,18.27,1124454,18.17
2014/04/30,18.27,18.97,18.24,18.84,2257133,18.60
2014/05/05,18.81,19.03,18.37,18.84,1671543,18.70
2014/05/06,18.72,19.38,18.70,19.18,1841274,19.04
2014/05/07,19.18,19.18,18.84,19.04,916203,19.01
2014/05/08,18.85,19.25,18.59,18.64,957718,18.92
2014/05/09,18.83,18.84,18.07,18.64,1369999,18.46
2014/05/12,18.60,19.01,18.44,18.98,664548,18.73
2014/05/13,18.98,19.20,18.76,18.92,1050391,18.98
2014/05/14,18.83,18.98,18.42,18.68,891379,18.70
2014/05/15,18.67,18.76,18.37,18.38,688477,18.57
2014/05/16,18.24,18.43,17.79,17.98,933141,18.11
2014/05/19,18.08,18.08,17.48,17.61,1436339,17.78
2014/05/20,17.76,18.22,17.74,18.08,1705822,17.98
2014/05/21,18.10,18.90,17.71,18.90,2608896,18.30
2014/05/22,18.96,19.38,18.80,19.10,2880117,19.09
2014/05/23,19.04,20.74,18.93,20.50,4865109,19.83
2014/05/26,20.42,21.64,20.26,20.90,5243169,20.95
2014/05/27,20.70,21.44,20.61,20.65,2378821,21.03
2014/05/28,20.70,22.76,20.68,21.84,7144665,21.72
2014/05/29,21.84,22.36,20.49,20.97,6113331,21.42
2014/05/30,20.90,22.40,20.75,21.81,6207708,21.57
2014/06/03,21.88,22.22,21.24,21.36,3067478,21.73
2014/06/04,21.31,21.62,20.94,21.36,1698345,21.28
2014/06/05,21.20,21.55,20.94,21.47,1759285,21.25
2014/06/06,21.49,22.13,21.32,21.48,2380190,21.72
2014/06/09,21.44,21.52,20.60,20.64,2530042,21.06
2014/06/10,20.62,21.79,20.44,21.59,2975289,21.12
2014/06/11,21.48,21.69,21.04,21.23,2049066,21.37
2014/06/12,20.92,21.45,20.77,21.22,1799380,21.11
2014/06/13,21.04,22.16,20.69,21.72,3586111,21.43
2014/06/16,21.64,23.24,21.52,22.86,6409014,22.38
2014/06/17,22.70,22.96,22.18,22.58,2742310,22.57
2014/06/18,22.55,23.10,21.89,21.89,3439602,22.50
2014/06/19,21.74,21.97,20.49,21.04,3121230,21.23
2014/06/20,21.00,21.32,20.60,21.20,2075454,20.96
2014/06/23,21.20,21.48,20.97,21.04,1843196,21.22
2014/06/24,21.04,21.42,20.96,21.30,1494834,21.19
2014/06/25,21.11,21.22,20.81,20.90,1130295,21.01
2014/06/26,20.86,21.84,20.86,21.68,1607798,21.35
2014/06/27,21.68,21.68,21.23,21.38,1513480,21.46
2014/06/30,21.37,22.56,21.32,22.03,3072205,21.94
2014/07/01,22.11,22.85,21.96,22.38,2323059,22.41
2014/07/02,22.37,22.70,21.86,22.19,2029934,22.28
2014/07/03,22.25,22.25,21.64,21.76,2485223,21.95
2014/07/04,21.82,22.00,21.44,21.83,1928512,21.72
2014/07/07,21.82,22.00,21.44,21.83,0,21.72
2014/07/08,22.30,24.04,22.30,24.04,8142143,23.17
2014/07/09,24.50,26.36,24.36,24.81,10313243,25.36
2014/07/10,24.52,25.90,24.52,24.90,5522126,25.21
2014/07/11,24.64,25.54,24.10,24.97,4513871,24.82
2014/07/14,24.97,25.56,24.70,25.43,4179516,25.13
2014/07/15,25.38,25.38,23.37,24.26,4959892,24.38
2014/07/16,24.04,24.71,23.89,24.63,3115529,24.30
2014/07/17,24.34,24.83,23.70,24.16,1654463,24.26
2014/07/18,23.92,24.68,23.92,24.32,1204002,24.30
2014/07/21,24.36,24.50,23.97,24.11,1129611,24.23
2014/07/22,24.04,24.60,23.70,24.50,1249583,24.15
2014/07/23,24.55,25.44,24.20,24.47,2088850,24.82
2014/07/24,24.38,24.50,22.40,23.57,3194308,23.45
2014/07/25,23.48,24.54,23.04,24.44,1432186,23.79
2014/07/28,24.49,24.88,24.08,24.52,1441496,24.48
2014/07/29,24.60,25.17,24.51,24.54,1570916,24.84
2014/07/30,24.38,25.53,24.11,25.25,3179060,24.82
2014/07/31,25.36,25.37,24.90,25.04,903239,25.13
2014/08/01,25.01,25.62,24.78,25.14,2382867,25.20
2014/08/04,26.22,26.22,25.33,25.57,2398009,25.77
2014/08/05,25.52,25.68,24.85,25.18,1447534,25.27
2014/08/06,25.10,25.57,24.98,25.16,1090375,25.28
2014/08/07,25.30,25.30,24.36,24.36,1822999,24.83
2014/08/08,24.38,25.30,24.26,25.16,2303653,24.78
2014/08/11,25.11,25.34,24.98,25.19,1131718,25.16
2014/08/12,25.18,25.62,25.05,25.44,1449312,25.34
2014/08/13,25.37,25.50,24.32,24.87,2975727,24.91
2014/08/14,24.87,24.90,24.32,24.34,1753061,24.61
2014/08/15,24.37,25.34,24.13,25.17,2968516,24.73
2014/08/18,25.17,26.04,25.04,25.84,2423174,25.54
2014/08/19,25.97,27.36,25.88,26.94,4107476,26.62
2014/08/20,26.99,26.99,26.39,26.56,1242397,26.69
2014/08/21,26.57,26.84,25.44,25.93,2559412,26.14
2014/08/22,25.97,26.82,25.88,26.63,2155292,26.35
2014/08/25,26.38,27.10,25.94,26.64,1377123,26.52
2014/08/26,26.64,26.64,25.14,25.64,3217718,25.89
2014/08/27,25.65,26.08,25.50,25.64,961327,25.79
2014/08/28,25.67,25.74,25.10,25.57,1037547,25.42
2014/08/29,25.56,26.85,25.42,26.85,1971091,26.14
2014/09/01,26.57,27.58,26.38,27.07,2813610,26.98
2014/09/02,27.27,28.29,27.04,28.24,4692908,27.66
2014/09/03,28.19,28.24,27.52,27.74,2316685,27.88
2014/09/04,27.76,28.10,27.34,27.54,2650205,27.72
2014/09/05,27.54,27.54,26.84,27.25,2770989,27.19
2014/09/09,27.28,27.57,27.19,27.36,1267256,27.38
2014/09/10,27.21,27.60,27.12,27.44,1375788,27.36
2014/09/11,27.48,27.88,27.18,27.68,1680166,27.53
2014/09/12,27.66,27.68,27.06,27.44,2045271,27.37
2014/09/15,27.30,27.66,26.98,27.28,1986659,27.32
2014/09/16,27.30,27.56,25.64,25.96,2754121,26.60
2014/09/17,25.80,26.66,25.37,26.54,3341900,26.02
2014/09/18,26.28,26.90,25.90,25.98,2475635,26.40
2014/09/19,25.89,26.97,25.49,26.96,4620731,26.23
2014/09/22,26.65,27.22,26.49,26.98,4119711,26.85
2014/09/23,26.98,29.71,26.97,29.71,7235031,28.34
2014/09/24,29.97,31.40,29.72,30.87,8832870,30.56
2014/09/25,31.00,32.57,30.39,31.69,5497835,31.48
2014/09/26,31.60,31.60,30.57,31.13,2927883,31.09
2014/09/29,31.16,31.18,30.23,30.96,3226362,30.71
2014/09/30,30.70,31.04,30.25,31.02,2121767,30.64
2014/10/08,31.47,31.84,30.90,31.12,3366883,31.37
2014/10/09,31.12,31.36,29.70,31.00,4560042,30.53
2014/10/10,30.66,30.66,29.68,30.03,4226005,30.17
2014/10/13,29.44,29.44,28.36,28.66,5005551,28.90
2014/10/14,28.65,29.33,28.29,28.56,3001117,28.81
2014/10/15,28.57,28.97,28.30,28.63,2217696,28.63
2014/10/16,28.56,28.72,28.04,28.50,2941800,28.38
2014/10/17,28.36,28.40,27.02,28.12,3470161,27.71
2014/10/20,28.24,28.86,27.85,28.76,3546398,28.36
2014/10/21,28.74,29.67,28.64,29.18,3263355,29.16
2014/10/22,29.18,29.64,28.84,29.12,1837567,29.24
2014/10/23,29.08,29.11,27.52,28.22,2622965,28.31
2014/10/24,28.04,28.36,27.70,28.14,1387708,28.03
2014/10/27,28.37,28.37,27.68,27.97,1757321,28.03
2014/10/28,28.04,28.82,28.04,28.56,2503813,28.43
2014/10/29,28.70,29.70,28.57,29.24,3521333,29.13
2014/10/30,29.14,29.66,28.64,29.66,3308605,29.15
2014/10/31,29.71,29.76,28.64,29.17,2578540,29.20
2014/11/03,29.10,29.90,28.92,29.36,3683258,29.41
2014/11/04,29.36,29.68,29.06,29.40,2080853,29.37
2014/11/05,29.30,30.53,29.10,30.10,4219581,29.82
2014/11/06,30.28,31.36,30.16,30.74,2475094,30.76
2014/11/07,30.60,31.30,30.08,30.18,2609774,30.69
2014/11/10,30.37,30.70,29.74,29.98,1215958,30.22
2014/11/11,29.94,29.94,28.37,29.08,3205576,29.16
2014/11/12,28.39,30.57,28.38,30.47,2959068,29.47
2014/11/13,30.37,31.17,30.17,30.76,2446997,30.67
2014/11/14,30.74,31.14,30.24,30.37,1648536,30.69
2014/11/17,30.38,32.48,30.30,32.30,3640352,31.39
2014/11/18,31.78,32.90,31.78,32.21,2770456,32.34
2014/11/19,32.21,34.37,31.92,33.57,3910005,33.14
2014/11/20,33.37,34.00,32.91,33.44,1602439,33.45
2014/11/21,33.12,36.30,33.02,35.64,4239076,34.66
2014/11/24,35.04,36.36,34.30,36.36,3154658,35.33
2014/11/25,36.04,36.04,34.00,34.33,4910237,35.02
2014/11/26,34.10,35.24,33.39,34.92,2639211,34.32
2014/11/27,34.66,35.10,33.70,34.84,2662475,34.40
2014/11/28,34.41,35.01,33.89,35.01,2797482,34.45
2014/12/01,34.90,34.90,33.05,33.64,1888619,33.97
2014/12/02,33.27,33.90,32.90,33.36,2362749,33.40
2014/12/03,33.32,33.87,32.74,33.70,3957428,33.30
2014/12/04,33.46,34.90,33.04,34.14,2659975,33.97
2014/12/05,34.04,35.29,32.20,34.46,5060754,33.75
2014/12/08,34.66,35.36,33.84,34.04,4151784,34.60
2014/12/09,33.90,33.90,31.37,31.37,5434243,32.63
2014/12/10,31.32,33.43,31.12,31.70,3354077,32.28
2014/12/11,31.70,32.80,31.44,31.64,3815864,32.12
2014/12/12,31.61,33.44,31.47,33.10,4308316,32.45
2014/12/15,32.69,35.34,32.37,34.84,3928691,33.86
2014/12/16,34.84,35.24,34.41,35.04,2054007,34.82
2014/12/17,34.96,34.96,33.70,34.04,1595618,34.33
2014/12/18,33.70,34.30,32.77,32.97,1446420,33.54
2014/12/19,32.91,33.64,32.46,33.04,1879729,33.05
2014/12/22,32.84,32.84,29.70,29.70,5398461,31.27
2014/12/23,28.96,30.22,27.37,27.70,5062121,28.79
2014/12/24,28.04,29.00,27.84,27.84,2458869,28.42
2014/12/25,28.62,30.65,28.24,30.65,3660924,29.44
2014/12/26,31.04,31.96,30.65,31.96,4446784,31.30
2014/12/29,31.37,32.30,28.74,31.04,5165761,30.52
2014/12/30,30.53,30.90,29.44,29.44,4805543,30.17
2014/12/31,29.50,30.36,28.05,28.97,8791573,29.21
2015/01/05,29.02,29.02,26.90,27.35,7375886,27.96
2015/01/06,27.31,29.36,26.56,29.30,6973232,27.96
2015/01/07,28.86,29.24,28.18,28.94,3969425,28.71
2015/01/08,28.94,30.17,28.07,29.81,3770454,29.12
2015/01/09,29.57,31.04,29.10,30.50,3683174,30.07
2015/01/12,30.32,31.70,30.10,31.44,3823184,30.90
2015/01/13,31.44,34.61,31.44,33.66,15108296,33.03
2015/01/14,30.27,34.37,30.27,33.10,9736554,32.32
2015/01/15,32.38,33.50,31.72,32.50,2728028,32.61
2015/01/16,32.37,35.17,32.10,35.17,4599816,33.64
2015/01/19,34.30,35.16,33.04,33.42,3887141,34.10
2015/01/20,33.42,35.77,33.42,35.37,5597159,34.60
2015/01/21,35.10,36.32,34.84,35.64,4112018,35.58
2015/01/22,35.58,36.36,34.04,34.70,4246300,35.20
2015/01/23,34.74,35.00,32.32,33.04,6939509,33.66
2015/01/26,33.17,34.70,33.09,34.69,8808948,33.90
2015/01/27,34.37,34.96,32.91,34.37,7696038,33.93
2015/01/28,34.24,36.90,33.49,35.11,6169160,35.20
2015/01/29,34.70,36.81,34.59,36.17,3941922,35.70
2015/01/30,36.17,37.48,34.37,35.24,6500640,35.92
2015/02/02,34.37,36.30,33.90,34.57,5717950,35.10
2015/02/03,34.58,36.22,34.40,35.37,7340635,35.31
2015/02/04,35.34,35.96,33.64,33.90,4129802,34.80
2015/02/05,33.90,34.09,33.10,33.42,4657268,33.60
2015/02/06,33.24,33.42,31.54,31.98,3965171,32.48
2015/02/09,31.71,33.69,31.70,32.78,2694338,32.69
2015/02/10,32.78,33.83,32.52,33.46,2135888,33.18
2015/02/11,33.47,34.56,33.47,34.34,3975821,34.02
2015/02/12,34.42,35.16,33.92,33.96,2399074,34.54
2015/02/13,34.04,35.70,32.91,35.62,7644436,34.30
2015/02/16,35.70,37.48,35.04,36.76,5103389,36.26
2015/02/17,36.75,40.46,36.38,40.46,7400252,38.42
2015/02/25,41.04,41.69,38.29,38.37,3656206,39.99
2015/02/26,38.90,39.70,36.37,37.24,3822724,38.04
2015/02/27,37.57,38.04,37.04,37.46,4188994,37.54
2015/03/02,37.70,40.24,37.17,39.16,5010103,38.71
2015/03/03,38.70,38.90,37.57,37.57,4990954,38.23
2015/03/04,37.13,38.00,36.83,37.84,5320703,37.41
2015/03/05,37.70,37.85,36.84,37.04,2520874,37.35
2015/03/06,37.41,37.63,36.36,36.36,2897501,37.00
2015/03/09,35.82,37.04,35.04,36.03,4623054,36.04
2015/03/10,36.03,37.52,36.03,37.21,3570830,36.78
2015/03/11,37.04,37.69,36.74,37.22,2980753,37.21
2015/03/12,37.06,37.73,35.57,36.38,3405276,36.65
2015/03/13,36.57,37.68,35.84,37.64,4507815,36.76
2015/03/16,37.70,40.00,37.70,39.62,6594140,38.85
2015/03/17,42.04,42.24,38.21,39.80,8614576,40.23
2015/03/18,39.68,40.50,38.70,40.18,4079274,39.60
2015/03/19,40.03,40.37,39.24,40.07,3841940,39.80
2015/03/20,39.95,42.04,39.43,41.04,7276317,40.73
2015/03/23,41.37,43.57,40.38,43.30,8489046,41.98
2015/03/24,43.30,43.32,40.42,41.96,12711560,41.87
2015/03/25,41.75,46.19,41.54,46.19,11733853,43.86
2015/03/26,48.09,48.15,41.57,44.85,10194666,44.86
2015/03/27,44.37,49.36,44.24,48.69,7497757,46.80
2015/03/30,47.77,48.60,44.88,46.53,7534900,46.74
2015/03/31,46.20,47.90,44.77,46.87,6667847,46.34
2015/04/01,46.70,47.37,45.50,46.45,4395491,46.43
2015/04/02,46.36,47.03,45.04,46.22,8019558,46.04
2015/04/03,45.62,48.25,45.11,48.25,6991455,46.68
2015/04/07,47.70,48.10,45.70,46.86,8263688,46.90
2015/04/08,46.37,46.40,44.27,44.44,8629572,45.34
2015/04/09,44.49,44.74,41.98,44.22,4439942,43.36
2015/04/10,43.90,45.67,43.11,45.22,5430237,44.39
2015/04/13,45.24,46.27,44.47,45.33,4932035,45.37
2015/04/14,45.34,45.50,43.11,43.30,4862456,44.30
2015/04/15,43.66,43.68,40.57,41.10,4658116,42.13
2015/04/16,40.70,42.70,39.70,41.30,3446437,41.20
2015/04/17,41.78,44.73,41.29,43.81,5268132,43.01
2015/04/20,44.16,45.94,42.58,44.10,8403530,44.26
2015/04/21,44.10,47.82,44.04,47.73,10190756,45.93
2015/04/22,46.62,52.53,46.62,51.62,11950980,49.57
2015/04/23,51.47,52.90,50.36,52.70,6835191,51.63
2015/04/24,51.72,57.37,50.38,56.70,7611109,53.88
2015/04/27,57.80,59.77,54.90,56.19,4684090,57.34
2015/04/28,55.70,57.70,51.57,55.16,5310380,54.64
2015/04/29,54.36,57.49,53.38,56.90,5408349,55.44
2015/04/30,56.30,58.96,56.30,56.96,3630240,57.63
2015/05/04,56.46,58.37,53.02,53.24,4954289,55.70
2015/05/05,53.38,55.04,53.30,53.37,3417634,54.17
2015/05/06,53.70,56.44,53.44,55.04,3798453,54.94
2015/05/07,54.36,56.62,53.72,55.80,2863721,55.17
2015/05/08,56.78,61.42,56.04,61.42,7300292,58.73
2015/05/11,63.04,65.03,59.70,64.04,5991267,62.37
2015/05/12,63.70,63.98,61.62,63.70,4182446,62.80
2015/05/13,62.70,66.04,61.70,65.37,4535159,63.87
2015/05/14,62.70,66.04,61.70,65.37,0,63.87
2015/05/15,62.70,66.04,61.70,65.37,0,63.87
2015/05/18,62.70,66.04,61.70,65.37,0,63.87
2015/05/19,62.70,66.04,61.70,65.37,0,63.87
2015/05/20,62.70,66.04,61.70,65.37,0,63.87
2015/05/21,62.70,66.04,61.70,65.37,0,63.87
2015/05/22,62.70,66.04,61.70,65.37,0,63.87
2015/05/25,62.70,66.04,61.70,65.37,0,63.87
2015/05/26,62.70,66.04,61.70,65.37,0,63.87
2015/05/27,62.70,66.04,61.70,65.37,0,63.87
2015/05/28,62.70,66.04,61.70,65.37,0,63.87
2015/05/29,62.70,66.04,61.70,65.37,0,63.87
2015/06/01,62.70,66.04,61.70,65.37,0,63.87
2015/06/02,62.70,66.04,61.70,65.37,0,63.87
2015/06/03,62.70,66.04,61.70,65.37,0,63.87
2015/06/04,62.70,66.04,61.70,65.37,0,63.87
2015/06/05,62.70,66.04,61.70,65.37,0,63.87
2015/06/08,62.70,66.04,61.70,65.37,0,63.87
2015/06/09,62.70,66.04,61.70,65.37,0,63.87
2015/06/10,62.70,66.04,61.70,65.37,0,63.87
2015/06/11,62.70,66.04,61.70,65.37,0,63.87
2015/06/12,62.70,66.04,61.70,65.37,0,63.87
2015/06/15,62.70,66.04,61.70,65.37,0,63.87
2015/06/16,62.70,66.04,61.70,65.37,0,63.87
2015/06/17,62.70,66.04,61.70,65.37,0,63.87
2015/06/18,62.70,66.04,61.70,65.37,0,63.87
2015/06/19,62.70,66.04,61.70,65.37,0,63.87
2015/06/23,62.70,66.04,61.70,65.37,0,63.87
2015/06/24,62.70,66.04,61.70,65.37,0,63.87
2015/06/25,62.70,66.04,61.70,65.37,0,63.87
2015/06/26,62.70,66.04,61.70,65.37,0,63.87
2015/06/29,62.70,66.04,61.70,65.37,0,63.87
2015/06/30,62.70,66.04,61.70,65.37,0,63.87
2015/07/01,62.70,66.04,61.70,65.37,0,63.87
2015/07/02,62.70,66.04,61.70,65.37,0,63.87
2015/07/03,62.70,66.04,61.70,65.37,0,63.87
2015/07/06,62.70,66.04,61.70,65.37,0,63.87
2015/07/07,62.70,66.04,61.70,65.37,0,63.87
2015/07/08,62.70,66.04,61.70,65.37,0,63.87
2015/07/09,62.70,66.04,61.70,65.37,0,63.87
2015/07/10,62.70,66.04,61.70,65.37,0,63.87
2015/07/13,62.70,66.04,61.70,65.37,0,63.87
2015/07/14,62.70,66.04,61.70,65.37,0,63.87
2015/07/15,62.70,66.04,61.70,65.37,0,63.87
2015/07/16,62.70,66.04,61.70,65.37,0,63.87
2015/07/17,62.70,66.04,61.70,65.37,0,63.87
2015/07/20,62.70,66.04,61.70,65.37,0,63.87
2015/07/21,62.70,66.04,61.70,65.37,0,63.87
2015/07/22,62.70,66.04,61.70,65.37,0,63.87
2015/07/23,62.70,66.04,61.70,65.37,0,63.87
2015/07/24,62.70,66.04,61.70,65.37,0,63.87
2015/07/27,62.70,66.04,61.70,65.37,0,63.87
2015/07/28,62.70,66.04,61.70,65.37,0,63.87
2015/07/29,62.70,66.04,61.70,65.37,0,63.87
2015/07/30,62.70,66.04,61.70,65.37,0,63.87
2015/07/31,62.70,66.04,61.70,65.37,0,63.87
2015/08/03,62.70,66.04,61.70,65.37,0,63.87
2015/08/04,62.70,66.04,61.70,65.37,0,63.87
2015/08/05,62.70,66.04,61.70,65.37,0,63.87
2015/08/06,62.70,66.04,61.70,65.37,0,63.87
2015/08/07,62.70,66.04,61.70,65.37,0,63.87
2015/08/10,62.70,66.04,61.70,65.37,0,63.87
2015/08/11,62.70,66.04,61.70,65.37,0,63.87
2015/08/12,62.70,66.04,61.70,65.37,0,63.87
2015/08/13,62.70,66.04,61.70,65.37,0,63.87
2015/08/14,62.70,66.04,61.70,65.37,0,63.87
2015/08/17,62.70,66.04,61.70,65.37,0,63.87
2015/08/18,62.70,66.04,61.70,65.37,0,63.87
2015/08/19,62.70,66.04,61.70,65.37,0,63.87
2015/08/20,62.70,66.04,61.70,65.37,0,63.87
2015/08/21,62.70,66.04,61.70,65.37,0,63.87
2015/08/24,62.70,66.04,61.70,65.37,0,63.87
2015/08/25,62.70,66.04,61.70,65.37,0,63.87
2015/08/26,62.70,66.04,61.70,65.37,0,63.87
2015/08/27,62.70,66.04,61.70,65.37,0,63.87
2015/08/28,62.70,66.04,61.70,65.37,0,63.87
2015/08/31,62.70,66.04,61.70,65.37,0,63.87
2015/09/01,62.70,66.04,61.70,65.37,0,63.87
2015/09/02,62.70,66.04,61.70,65.37,0,63.87
2015/09/07,62.70,66.04,61.70,65.37,0,63.87
2015/09/08,62.70,66.04,61.70,65.37,0,63.87
2015/09/09,62.70,66.04,61.70,65.37,0,63.87
2015/09/10,62.70,66.04,61.70,65.37,0,63.87
2015/09/11,62.70,66.04,61.70,65.37,0,63.87
2015/09/14,62.70,66.04,61.70,65.37,0,63.87
2015/09/15,62.70,66.04,61.70,65.37,0,63.87
2015/09/16,62.70,66.04,61.70,65.37,0,63.87
2015/09/17,62.70,66.04,61.70,65.37,0,63.87
2015/09/18,62.70,66.04,61.70,65.37,0,63.87
2015/09/21,62.70,66.04,61.70,65.37,0,63.87
2015/09/22,62.70,66.04,61.70,65.37,0,63.87
2015/09/23,62.70,66.04,61.70,65.37,0,63.87
2015/09/24,62.70,66.04,61.70,65.37,0,63.87
2015/09/25,62.70,66.04,61.70,65.37,0,63.87
2015/09/28,62.70,66.04,61.70,65.37,0,63.87
2015/09/29,62.70,66.04,61.70,65.37,0,63.87
2015/09/30,62.70,66.04,61.70,65.37,0,63.87
2015/10/08,62.70,66.04,61.70,65.37,0,63.87
2015/10/09,62.70,66.04,61.70,65.37,0,63.87
2015/10/12,62.70,66.04,61.70,65.37,0,63.87
2015/10/13,62.70,66.04,61.70,65.37,0,63.87
2015/10/14,62.70,66.04,61.70,65.37,0,63.87
2015/10/15,62.70,66.04,61.70,65.37,0,63.87
2015/10/16,62.70,66.04,61.70,65.37,0,63.87
2015/10/19,62.70,66.04,61.70,65.37,0,63.87
2015/10/20,62.70,66.04,61.70,65.37,0,63.87
2015/10/21,62.70,66.04,61.70,65.37,0,63.87
2015/10/22,62.70,66.04,61.70,65.37,0,63.87
2015/10/23,62.70,66.04,61.70,65.37,0,63.87
2015/10/26,62.70,66.04,61.70,65.37,0,63.87
2015/10/27,62.70,66.04,61.70,65.37,0,63.87
2015/10/28,62.70,66.04,61.70,65.37,0,63.87
2015/10/29,62.70,66.04,61.70,65.37,0,63.87
2015/10/30,62.70,66.04,61.70,65.37,0,63.87
2015/11/02,62.70,66.04,61.70,65.37,0,63.87
2015/11/03,62.70,66.04,61.70,65.37,0,63.87
2015/11/04,62.70,66.04,61.70,65.37,0,63.87
2015/11/05,62.70,66.04,61.70,65.37,0,63.87
2015/11/06,62.70,66.04,61.70,65.37,0,63.87
2015/11/09,62.70,66.04,61.70,65.37,0,63.87
2015/11/10,62.70,66.04,61.70,65.37,0,63.87
2015/11/11,62.70,66.04,61.70,65.37,0,63.87
2015/11/12,62.70,66.04,61.70,65.37,0,63.87
2015/11/13,62.70,66.04,61.70,65.37,0,63.87
2015/11/16,62.70,66.04,61.70,65.37,0,63.87
2015/11/17,62.70,66.04,61.70,65.37,0,63.87
2015/11/18,62.70,66.04,61.70,65.37,0,63.87
2015/11/19,62.70,66.04,61.70,65.37,0,63.87
2015/11/20,62.70,66.04,61.70,65.37,0,63.87
2015/11/23,62.70,66.04,61.70,65.37,0,63.87
2015/11/24,62.70,66.04,61.70,65.37,0,63.87
2015/11/25,62.70,66.04,61.70,65.37,0,63.87
2015/11/26,62.70,66.04,61.70,65.37,0,63.87
2015/11/27,62.70,66.04,61.70,65.37,0,63.87
2015/11/30,62.70,66.04,61.70,65.37,0,63.87
2015/12/01,62.70,66.04,61.70,65.37,0,63.87
2015/12/02,62.70,66.04,61.70,65.37,0,63.87
2015/12/03,62.70,66.04,61.70,65.37,0,63.87
2015/12/04,62.70,66.04,61.70,65.37,0,63.87
2015/12/07,62.70,66.04,61.70,65.37,0,63.87
2015/12/08,62.70,66.04,61.70,65.37,0,63.87
2015/12/09,62.70,66.04,61.70,65.37,0,63.87
2015/12/10,62.70,66.04,61.70,65.37,0,63.87
2015/12/11,62.70,66.04,61.70,65.37,0,63.87
2015/12/14,62.70,66.04,61.70,65.37,0,63.87
2015/12/15,62.70,66.04,61.70,65.37,0,63.87
2015/12/16,62.70,66.04,61.70,65.37,0,63.87
2015/12/17,62.70,66.04,61.70,65.37,0,63.87
2015/12/18,62.70,66.04,61.70,65.37,0,63.87
2015/12/21,62.70,66.04,61.70,65.37,0,63.87
2015/12/22,62.70,66.04,61.70,65.37,0,63.87
2015/12/23,62.70,66.04,61.70,65.37,0,63.87
2015/12/24,62.70,66.04,61.70,65.37,0,63.87
2015/12/25,62.70,66.04,61.70,65.37,0,63.87
2015/12/28,62.70,66.04,61.70,65.37,0,63.87
2015/12/29,62.70,66.04,61.70,65.37,0,63.87
2015/12/30,62.70,66.04,61.70,65.37,0,63.87
2015/12/31,67.85,71.92,61.85,66.95,49145610,68.30
2016/01/04,67.47,68.35,60.24,60.24,13288905,62.26
2016/01/05,54.20,56.45,54.20,54.20,15305582,54.67
2016/01/06,54.65,56.87,51.37,56.59,17569962,54.80
2016/01/07,55.25,55.25,50.92,50.92,1979540,52.34
2016/01/08,51.12,52.12,45.81,47.51,18013469,48.28
2016/01/11,45.34,48.13,42.80,42.85,14047203,45.48
2016/01/12,42.75,46.37,41.87,43.62,11405972,44.47
2016/01/13,44.15,45.77,39.85,40.84,9805416,43.66
2016/01/14,38.05,43.77,38.05,43.14,8529483,41.47
2016/01/15,42.06,46.73,41.85,43.78,14288613,44.87
2016/01/18,42.86,48.17,42.35,47.85,13619654,47.16
2016/01/19,46.86,52.35,46.86,50.84,9749201,48.97
2016/01/20,50.69,52.74,48.11,48.85,10318349,51.02
2016/01/21,48.08,51.36,46.46,46.73,9567180,48.92
2016/01/22,47.55,48.84,43.36,47.06,7724115,46.75
2016/01/25,47.15,48.94,46.05,46.60,3893340,47.79
2016/01/26,46.16,46.70,41.93,41.93,5392953,43.62
2016/01/27,42.20,42.20,37.72,38.46,11251833,38.72
2016/01/28,37.77,39.77,34.95,35.88,7002364,38.51
2016/01/29,36.18,39.45,35.85,38.85,6477823,38.15
2016/02/01,38.84,40.55,38.35,40.23,7475308,39.51
2016/02/02,39.66,43.61,39.45,43.06,7378327,42.78
2016/02/03,41.85,43.33,40.73,42.50,6265940,42.11
2016/02/04,42.65,44.75,42.65,43.75,5145423,43.88
2016/02/05,43.85,44.51,41.43,42.11,4505438,42.95
2016/02/15,40.19,41.45,39.85,41.05,3615557,40.78
2016/02/16,41.25,44.35,41.25,43.05,7059842,43.30
2016/02/17,43.23,43.74,41.73,43.06,6483890,42.81
2016/02/18,44.20,44.75,41.16,41.16,6918181,43.01
2016/02/19,41.15,42.75,39.75,41.94,8277429,41.19
2016/02/22,42.45,42.83,40.94,41.77,9431444,41.56
2016/02/23,41.85,42.52,39.55,40.43,8076643,41.09
2016/02/24,39.85,40.43,36.63,38.25,12986502,38.34
2016/02/25,38.13,38.13,34.41,34.41,13620650,35.88
2016/02/26,34.51,34.84,32.00,32.78,11854655,33.30
2016/02/29,32.73,32.76,29.49,29.49,6910528,30.43
2016/03/01,29.20,31.81,28.18,30.89,13395941,29.81
2016/03/02,30.63,32.75,30.25,32.65,13137815,31.68
2016/03/03,33.05,34.25,31.85,32.00,12096853,33.19
2016/03/04,31.14,31.63,28.79,28.79,11303391,30.04
2016/03/07,29.00,30.80,29.00,29.65,9064381,30.07
2016/03/08,29.45,30.68,26.96,30.43,10550003,29.22
2016/03/09,29.45,30.49,28.94,29.69,5773008,30.08
2016/03/10,29.80,30.35,29.08,29.60,5344605,29.95
2016/03/11,28.87,29.95,28.35,29.81,4481891,29.50
2016/03/14,30.44,32.74,30.09,31.87,9829932,31.85
2016/03/15,31.75,33.00,31.48,31.48,7185286,32.35
2016/03/16,32.01,32.48,30.05,30.46,6694035,31.33
2016/03/17,30.73,33.52,30.35,33.52,14297349,32.67
2016/03/18,34.25,36.85,33.95,36.04,14442446,35.40
2016/03/21,36.90,37.97,36.18,37.26,12271143,37.19
2016/03/22,36.44,39.11,35.95,37.75,14857071,37.58
2016/03/23,37.14,38.06,37.03,37.86,7875427,37.73
2016/03/24,37.58,39.15,37.27,37.55,11814353,38.44
2016/03/25,37.55,37.97,35.95,36.74,8745983,36.85
2016/03/28,36.85,37.35,35.05,35.30,8929341,36.68
2016/03/29,35.01,35.31,33.41,33.85,8335374,34.40
2016/03/30,34.25,36.28,34.16,36.13,10492490,35.11
2016/03/31,36.35,36.61,35.75,36.10,8732675,36.32
2016/04/01,35.85,36.02,34.66,35.52,9180064,35.45
2016/04/05,35.55,37.15,34.85,36.85,10772389,36.30
2016/04/06,36.65,37.57,36.36,37.44,10071738,37.18
2016/04/07,37.44,37.65,35.65,35.85,11241332,36.42
2016/04/08,35.40,35.44,34.20,34.55,6621307,34.85
2016/04/11,34.96,36.35,34.96,36.08,7205195,36.10
2016/04/12,36.00,36.30,34.90,35.65,5244976,35.73
2016/04/13,35.90,37.40,35.90,36.35,10065065,36.95
2016/04/14,36.86,37.07,36.17,36.78,5411207,36.75
2016/04/15,36.80,37.35,36.28,36.52,5993092,36.92
2016/04/18,35.97,36.05,34.82,35.24,5228059,35.33
2016/04/19,35.60,35.73,34.88,35.33,3843759,35.44
2016/04/20,35.73,36.15,32.34,32.71,9626603,34.13
2016/04/21,32.35,32.83,31.50,31.64,4428474,32.48
2016/04/22,31.34,32.34,31.31,32.26,3882250,32.11
2016/04/25,31.85,32.64,31.36,32.19,3476454,32.26
2016/04/26,32.16,32.85,31.71,32.58,3043425,32.42
2016/04/27,32.63,32.63,31.85,31.85,2805113,32.39
2016/04/28,31.98,33.00,31.98,32.93,5343527,32.75
2016/04/29,32.79,32.92,32.28,32.45,3553111,32.74
2016/05/03,32.40,33.83,31.75,33.80,4962564,33.35
2016/05/04,33.52,36.13,33.45,35.07,7232275,34.81
2016/05/05,35.18,35.80,34.65,35.30,4363982,35.38
2016/05/06,35.25,35.52,32.90,32.93,4810368,34.59
2016/05/09,32.97,33.31,31.90,32.30,4202698,32.64
2016/05/10,31.70,32.63,31.70,31.99,2024559,32.35
2016/05/11,32.34,32.57,31.35,31.51,3060818,32.06
2016/05/12,30.87,31.32,30.43,31.03,2257033,31.06
2016/05/13,30.81,31.49,30.55,30.73,2177984,31.19
2016/05/16,30.65,31.11,29.86,30.95,4582901,30.68
2016/05/17,30.86,32.15,30.85,31.54,3942200,31.44
2016/05/18,31.25,31.25,29.86,30.34,3128712,30.66
2016/05/19,30.35,31.41,30.23,30.62,3158535,31.17
2016/05/20,30.35,31.19,30.07,31.17,2059471,31.02
2016/05/23,31.38,33.18,31.29,33.00,5285905,32.60
2016/05/24,33.29,33.35,31.93,32.20,2986322,32.61
2016/05/25,32.35,33.04,31.45,31.64,2458171,32.45
2016/05/26,31.36,32.25,30.54,32.25,2913959,31.48
2016/05/27,31.88,33.12,31.88,32.63,3595007,32.85
2016/05/30,32.53,32.99,31.48,32.51,2836764,32.78
2016/05/31,32.35,34.85,32.35,34.46,6031537,34.04
2016/06/01,34.46,34.80,33.98,34.16,4920654,34.52
2016/06/02,34.06,34.49,33.55,34.01,4491846,34.00
2016/06/03,34.01,34.64,33.75,34.07,3485649,34.25
2016/06/06,34.23,34.81,33.93,34.30,4257496,34.59
2016/06/07,34.30,34.30,33.18,33.42,4543054,33.63
2016/06/08,33.60,33.75,32.93,33.07,4010764,33.31
2016/06/13,32.49,32.49,30.40,30.43,6401817,31.72
2016/06/14,30.21,30.88,29.96,30.14,4332518,30.18
2016/06/15,29.70,32.06,29.52,31.81,5937200,31.28
2016/06/16,31.60,31.89,30.91,31.10,3573502,31.32
2016/06/17,31.32,31.95,30.71,30.89,3443393,31.37
2016/06/20,31.00,32.44,30.71,32.40,5680298,31.76
2016/06/21,32.78,33.75,32.55,33.60,8542932,33.20
2016/06/22,33.50,34.56,32.00,34.07,6895034,33.49
2016/06/23,34.00,35.10,33.92,35.05,7222709,34.59
2016/06/24,34.89,35.30,33.00,34.60,6774111,34.57
2016/06/27,34.18,36.10,33.82,35.91,12269738,34.93
2016/06/28,35.60,36.50,34.70,35.31,8672191,35.44
2016/06/29,35.52,36.39,35.11,35.40,6355872,35.68
2016/06/30,35.06,36.18,34.46,35.53,7578826,35.10
2016/07/01,35.42,35.77,34.80,34.93,3926348,35.13
2016/07/04,34.75,35.56,34.50,35.34,4628679,35.15
2016/07/05,35.44,35.55,34.69,35.02,5019800,35.01
2016/07/06,35.02,35.65,34.85,35.28,3738113,35.18
2016/07/07,35.80,35.80,34.26,35.00,4341145,34.91
2016/07/08,34.89,35.04,34.50,34.66,3700537,34.70
2016/07/11,34.66,35.59,34.39,34.61,5936246,35.11
2016/07/12,34.80,35.53,33.97,35.36,5955396,34.92
2016/07/13,35.60,36.48,35.60,35.98,7696508,36.05
2016/07/14,36.01,37.78,35.70,37.50,8713512,36.99
2016/07/15,37.21,37.49,36.28,36.52,6912773,36.64
2016/07/18,36.45,36.45,35.45,35.84,3932505,35.89
2016/07/19,35.84,36.30,35.62,36.28,3106901,36.04
2016/07/20,36.22,36.53,36.00,36.10,2727984,36.30
2016/07/21,36.00,37.14,35.87,36.20,6521446,36.64
2016/07/22,36.00,36.81,36.00,36.64,4075793,36.45
2016/07/25,36.70,37.70,36.16,36.64,5243266,36.99
2016/07/26,36.90,37.35,36.62,36.94,3368000,36.90
2016/07/27,37.00,37.50,34.23,34.60,6693100,35.89
2016/07/28,34.90,35.20,32.00,33.01,7844800,33.33
2016/07/29,34.18,34.89,32.53,32.54,7505840,33.43
2016/08/01,32.09,32.20,30.81,31.80,5218728,31.47
2016/08/02,31.83,32.33,31.50,32.25,3789695,32.07
2016/08/03,32.18,32.91,31.61,32.04,4860353,32.12
2016/08/04,32.00,32.38,31.71,32.25,3866038,32.16
2016/08/05,32.30,32.30,31.53,31.66,5084527,31.81
2016/08/08,31.50,32.50,31.36,31.86,3803306,31.66
2016/08/09,31.50,32.50,31.36,31.86,0,31.93
