Date, SZ002502.Open, SZ002502.High, SZ002502.Low, SZ002502.Close, SZ002502.Volume, SZ002502.Adjusted
2010/11/17,10.70,11.64,10.70,11.32,13451365,11.17
2010/11/18,11.05,11.29,10.24,10.35,6975964,10.76
2010/11/19,10.33,10.67,10.13,10.52,4698992,10.40
2010/11/22,10.39,10.64,10.30,10.36,3700424,10.47
2010/11/23,10.24,10.33,9.73,9.89,3520875,10.03
2010/11/24,9.82,10.20,9.78,10.17,2389347,9.99
2010/11/25,10.20,10.50,10.18,10.34,2985813,10.34
2010/11/26,10.34,10.89,10.27,10.70,3780304,10.58
2010/11/29,10.62,10.79,10.40,10.53,2087528,10.59
2010/11/30,10.56,10.62,9.87,10.09,2054012,10.24
2010/12/01,10.10,10.26,10.02,10.19,1476972,10.14
2010/12/02,10.30,10.39,10.14,10.19,1444666,10.27
2010/12/03,10.12,10.31,9.94,10.01,1314880,10.13
2010/12/06,10.05,10.05,9.45,9.58,1741811,9.75
2010/12/07,9.52,9.64,9.39,9.62,1405465,9.52
2010/12/08,9.58,9.79,9.56,9.62,1051866,9.67
2010/12/09,9.60,9.69,9.38,9.38,765285,9.54
2010/12/10,9.38,9.57,9.36,9.56,780623,9.46
2010/12/13,9.59,9.84,9.59,9.83,1341489,9.71
2010/12/14,9.85,9.98,9.75,9.95,1084926,9.87
2010/12/15,9.95,9.95,9.80,9.82,933848,9.88
2010/12/16,9.82,9.92,9.80,9.80,739237,9.86
2010/12/17,9.82,9.92,9.80,9.80,0,9.86
2010/12/20,9.94,10.11,9.71,10.01,1660031,9.91
2010/12/21,10.04,10.17,10.02,10.10,1422791,10.09
2010/12/22,10.08,10.11,9.80,9.86,1131660,9.96
2010/12/23,9.81,9.89,9.61,9.64,728416,9.75
2010/12/24,9.64,9.92,9.58,9.67,824969,9.75
2010/12/27,9.64,9.72,9.30,9.34,932037,9.51
2010/12/28,9.20,9.30,9.08,9.13,556627,9.19
2010/12/29,9.14,9.25,9.08,9.24,412899,9.17
2010/12/30,9.23,9.26,9.11,9.19,405727,9.18
2010/12/31,9.14,9.29,9.14,9.24,638728,9.21
2011/01/04,9.27,9.39,9.24,9.34,513403,9.32
2011/01/05,9.34,9.39,9.29,9.33,379571,9.34
2011/01/06,9.30,9.37,9.23,9.23,394181,9.30
2011/01/07,9.23,9.33,9.19,9.24,375296,9.26
2011/01/10,9.24,9.24,8.89,8.93,765808,9.07
2011/01/11,8.92,8.92,8.62,8.74,612699,8.77
2011/01/12,8.70,8.79,8.69,8.79,290677,8.74
2011/01/13,8.80,8.87,8.77,8.80,221336,8.82
2011/01/14,8.80,8.80,8.58,8.60,334889,8.69
2011/01/17,8.52,8.59,8.10,8.14,653302,8.34
2011/01/18,8.13,8.14,7.98,8.04,370656,8.06
2011/01/19,8.05,8.25,8.02,8.20,488809,8.13
2011/01/20,8.15,8.19,7.89,7.89,476829,8.04
2011/01/21,7.89,7.99,7.77,7.92,382956,7.88
2011/01/24,7.92,8.01,7.84,7.87,281862,7.92
2011/01/25,7.87,8.11,7.80,8.09,465503,7.95
2011/01/26,8.08,8.18,8.05,8.16,411220,8.12
2011/01/27,8.10,8.26,7.97,8.22,440921,8.11
2011/01/28,8.19,8.24,8.08,8.15,261775,8.16
2011/01/31,8.15,8.20,8.10,8.17,496704,8.15
2011/02/01,8.19,8.19,8.09,8.12,387149,8.14
2011/02/09,8.05,8.19,7.83,7.86,438089,8.01
2011/02/10,7.81,8.28,7.81,8.24,711935,8.04
2011/02/11,8.23,8.39,8.16,8.28,702569,8.28
2011/02/14,8.30,8.45,8.24,8.41,764343,8.34
2011/02/15,8.39,8.54,8.36,8.46,891447,8.45
2011/02/16,8.52,8.70,8.46,8.66,891424,8.58
2011/02/17,8.70,8.70,8.49,8.59,1832998,8.59
2011/02/18,8.56,8.56,8.42,8.52,1183459,8.49
2011/02/21,8.49,8.59,8.45,8.59,1240521,8.52
2011/02/22,8.58,8.58,8.28,8.28,1177373,8.43
2011/02/23,8.28,8.51,8.28,8.45,804918,8.39
2011/02/24,8.42,8.49,8.33,8.38,700395,8.41
2011/02/25,8.41,8.44,8.33,8.42,421920,8.38
2011/02/28,8.42,8.57,8.37,8.56,690364,8.47
2011/03/01,8.55,8.58,8.46,8.51,737762,8.52
2011/03/02,8.45,8.50,8.37,8.46,586911,8.43
2011/03/03,8.47,8.50,8.20,8.28,780691,8.35
2011/03/04,8.28,8.35,8.22,8.31,507771,8.29
2011/03/07,8.33,8.38,8.25,8.34,804810,8.32
2011/03/08,8.33,8.39,8.31,8.38,543439,8.35
2011/03/09,8.37,8.56,8.34,8.53,1127760,8.45
2011/03/10,8.53,8.54,8.45,8.46,589615,8.49
2011/03/11,8.54,8.77,8.53,8.57,1757695,8.65
2011/03/14,8.55,8.79,8.55,8.79,1453497,8.67
2011/03/15,8.80,8.82,8.52,8.66,960890,8.67
2011/03/16,8.66,8.70,8.59,8.67,579475,8.64
2011/03/17,8.55,9.01,8.54,8.86,1903769,8.77
2011/03/18,8.86,9.08,8.86,8.91,1477903,8.97
2011/03/21,8.89,8.95,8.66,8.71,716162,8.80
2011/03/22,8.68,8.78,8.61,8.71,622155,8.69
2011/03/23,8.76,8.78,8.71,8.75,407612,8.75
2011/03/24,8.75,8.91,8.71,8.86,869282,8.81
2011/03/25,8.89,9.04,8.86,8.91,1299383,8.95
2011/03/28,8.94,9.03,8.72,8.74,1061305,8.88
2011/03/29,8.69,8.92,8.68,8.70,1384814,8.80
2011/03/30,8.59,8.95,8.59,8.92,1279067,8.77
2011/03/31,8.92,9.26,8.92,9.14,2827703,9.09
2011/04/01,9.09,9.09,8.84,8.97,1215751,8.96
2011/04/06,8.99,9.25,8.99,9.10,1325171,9.12
2011/04/07,9.14,9.35,9.05,9.29,2237903,9.20
2011/04/08,8.88,9.12,8.82,9.04,2663787,8.97
2011/04/11,8.98,8.99,8.55,8.57,2151675,8.77
2011/04/12,8.57,8.58,8.22,8.24,1362971,8.40
2011/04/13,8.27,8.34,8.20,8.29,670230,8.27
2011/04/14,8.31,8.61,8.31,8.56,1402173,8.46
2011/04/15,8.58,8.68,8.52,8.65,984567,8.60
2011/04/18,8.64,9.20,8.38,9.19,2278113,8.79
2011/04/19,9.05,9.28,9.00,9.17,1513890,9.14
2011/04/20,9.19,9.36,9.05,9.25,1731297,9.21
2011/04/21,9.27,9.41,9.14,9.35,1521117,9.28
2011/04/22,9.27,9.40,8.80,8.86,1737473,9.10
2011/04/25,8.83,8.92,8.69,8.73,708178,8.80
2011/04/26,8.74,8.79,8.42,8.47,703982,8.60
2011/04/27,8.47,8.55,8.41,8.55,437543,8.48
2011/04/28,8.55,8.67,8.37,8.37,394391,8.52
2011/04/29,8.55,8.67,8.37,8.37,0,8.52
2011/05/03,8.49,8.49,8.39,8.46,405781,8.44
2011/05/04,8.44,8.48,8.20,8.25,352288,8.34
2011/05/05,8.24,8.30,8.20,8.26,296674,8.25
2011/05/06,8.22,8.31,8.13,8.24,280933,8.22
2011/05/09,8.24,8.39,8.24,8.33,246168,8.32
2011/05/10,8.33,8.36,8.27,8.33,241069,8.31
2011/05/11,8.30,8.41,8.30,8.36,272940,8.36
2011/05/12,8.33,8.37,8.18,8.20,318919,8.27
2011/05/13,8.26,8.26,7.99,8.10,347546,8.13
2011/05/16,8.07,8.11,7.84,7.85,344897,7.97
2011/05/17,7.85,7.92,7.79,7.89,230613,7.85
2011/05/18,7.92,7.97,7.82,7.94,201959,7.90
2011/05/19,7.92,7.97,7.82,7.87,127794,7.90
2011/05/20,7.86,7.86,7.55,7.58,497546,7.71
2011/05/23,7.58,7.60,7.05,7.07,477099,7.32
2011/05/24,7.09,7.18,6.89,7.16,356170,7.03
2011/05/25,7.16,7.71,7.16,7.45,1049592,7.44
2011/05/26,7.45,7.56,7.17,7.17,303715,7.36
2011/05/27,7.11,7.11,6.69,6.71,398902,6.90
2011/05/30,6.72,7.05,6.72,6.89,665618,6.88
2011/05/31,6.83,7.16,6.80,7.14,903157,6.98
2011/06/01,7.16,7.34,6.93,7.31,818341,7.13
2011/06/02,7.13,7.25,7.13,7.25,387236,7.19
2011/06/03,7.21,7.45,7.21,7.43,331515,7.33
2011/06/07,7.44,7.47,7.07,7.11,556041,7.27
2011/06/08,7.11,7.16,6.96,7.09,238840,7.06
2011/06/09,7.05,7.26,7.05,7.13,282300,7.15
2011/06/10,7.17,7.17,6.95,7.14,168265,7.06
2011/06/13,7.14,7.14,6.96,7.08,114930,7.05
2011/06/14,7.00,7.20,7.00,7.14,333900,7.10
2011/06/15,7.14,7.20,7.08,7.16,86990,7.14
2011/06/16,7.17,7.39,7.17,7.31,856913,7.28
2011/06/17,7.31,7.31,7.03,7.04,389709,7.17
2011/06/20,7.02,7.10,6.71,6.85,215260,6.90
2011/06/21,6.86,6.86,6.71,6.79,174280,6.79
2011/06/22,6.80,6.85,6.76,6.80,90200,6.80
2011/06/23,6.73,6.92,6.73,6.92,332040,6.83
2011/06/24,6.91,7.09,6.85,7.06,437051,6.97
2011/06/27,7.09,7.26,7.00,7.19,761159,7.13
2011/06/28,7.19,7.24,7.02,7.23,383669,7.13
2011/06/29,7.23,7.26,7.13,7.16,174762,7.19
2011/06/30,7.14,7.19,7.05,7.14,175549,7.12
2011/07/01,7.17,7.29,7.15,7.19,438019,7.22
2011/07/04,7.19,7.52,7.19,7.50,1378306,7.35
2011/07/05,7.42,7.57,7.37,7.57,1990280,7.47
2011/07/06,7.55,7.57,7.39,7.51,840138,7.48
2011/07/07,7.47,7.53,7.42,7.42,698084,7.48
2011/07/08,7.44,7.51,7.38,7.42,319518,7.44
2011/07/11,7.40,7.45,7.27,7.39,348172,7.36
2011/07/12,7.36,7.36,7.19,7.19,418520,7.28
2011/07/13,7.26,7.33,7.17,7.31,573258,7.25
2011/07/14,7.28,7.45,7.27,7.43,703732,7.36
2011/07/15,7.43,7.50,7.38,7.43,533203,7.44
2011/07/18,7.44,7.51,7.42,7.45,527760,7.46
2011/07/19,7.45,7.45,7.28,7.28,379815,7.37
2011/07/20,7.31,7.41,7.27,7.36,305501,7.34
2011/07/21,7.33,7.71,7.33,7.65,2010350,7.52
2011/07/22,7.63,7.63,7.47,7.49,1223967,7.55
2011/07/25,7.48,7.53,6.96,6.98,672499,7.25
2011/07/26,6.96,7.06,6.86,6.95,331191,6.96
2011/07/27,6.86,7.11,6.86,7.08,299444,6.99
2011/07/28,6.99,7.05,6.95,7.04,261793,7.00
2011/07/29,7.02,7.11,6.99,7.07,292834,7.05
2011/08/01,7.01,7.21,6.88,7.15,338976,7.04
2011/08/02,7.16,7.27,7.05,7.24,553817,7.16
2011/08/03,7.22,7.36,7.06,7.24,314709,7.21
2011/08/04,7.32,7.38,7.22,7.27,517011,7.30
2011/08/05,7.05,7.20,6.97,7.09,420910,7.08
2011/08/08,7.05,7.08,6.39,6.53,551177,6.73
2011/08/09,6.42,6.43,5.92,6.26,382078,6.17
2011/08/10,6.58,6.61,6.33,6.58,580150,6.47
2011/08/11,6.45,6.68,6.33,6.66,281579,6.50
2011/08/12,6.66,6.89,6.61,6.89,470210,6.75
2011/08/15,6.87,7.16,6.87,7.12,778089,7.02
2011/08/16,7.14,7.18,7.02,7.07,1609473,7.10
2011/08/17,7.03,7.03,6.71,6.76,915452,6.87
2011/08/18,6.74,6.82,6.55,6.58,372410,6.69
2011/08/19,6.58,6.58,6.38,6.46,304331,6.48
2011/08/22,6.52,6.61,6.44,6.49,198425,6.53
2011/08/23,6.54,6.64,6.49,6.64,244148,6.56
2011/08/24,6.67,6.84,6.62,6.64,326988,6.73
2011/08/25,6.64,6.74,6.58,6.73,441177,6.66
2011/08/26,6.72,7.09,6.70,7.02,904457,6.90
2011/08/29,6.94,7.33,6.85,7.25,1334644,7.09
2011/08/30,7.23,7.55,7.08,7.26,1646964,7.31
2011/08/31,7.33,7.52,7.09,7.26,1409854,7.30
2011/09/01,7.33,7.33,6.98,7.24,1016102,7.16
2011/09/02,7.09,7.32,6.93,7.28,1420713,7.13
2011/09/05,7.24,7.57,7.15,7.42,1755418,7.36
2011/09/06,7.33,7.67,7.20,7.50,1867045,7.44
2011/09/07,7.64,7.64,7.27,7.54,1882281,7.45
2011/09/08,7.45,7.63,7.25,7.37,1502447,7.44
2011/09/09,7.34,7.54,7.08,7.27,1103707,7.31
2011/09/13,7.19,7.26,6.90,7.02,794892,7.08
2011/09/14,7.01,7.19,6.83,6.97,843537,7.01
2011/09/15,6.97,7.03,6.86,6.91,516619,6.95
2011/09/16,6.91,6.99,6.77,6.77,664481,6.88
2011/09/19,6.77,6.81,6.71,6.76,306810,6.76
2011/09/20,6.67,6.81,6.65,6.73,399702,6.73
2011/09/21,6.71,6.89,6.69,6.88,401410,6.79
2011/09/22,6.83,6.87,6.57,6.58,374150,6.72
2011/09/23,6.45,6.54,6.41,6.47,254838,6.48
2011/09/26,6.41,6.54,6.41,6.43,119444,6.48
2011/09/27,6.51,6.53,6.39,6.45,116241,6.46
2011/09/28,6.49,6.49,6.40,6.40,191339,6.45
2011/09/29,6.35,6.36,5.97,6.20,254017,6.17
2011/09/30,6.20,6.22,6.10,6.14,86750,6.16
2011/10/10,6.33,6.33,6.12,6.15,70720,6.23
2011/10/11,6.24,6.33,6.19,6.23,254550,6.26
2011/10/12,6.11,6.56,6.11,6.55,381071,6.33
2011/10/13,6.11,6.56,6.11,6.55,0,6.33
2011/10/14,6.86,6.95,6.69,6.76,852375,6.82
2011/10/17,6.75,6.85,6.75,6.85,484155,6.80
2011/10/18,6.85,6.85,6.72,6.78,369586,6.78
2011/10/19,6.78,6.84,6.72,6.78,377863,6.78
2011/10/20,6.75,6.75,6.44,6.46,403534,6.60
2011/10/21,6.43,6.54,6.35,6.40,150958,6.44
2011/10/24,6.47,6.58,6.25,6.58,374697,6.42
2011/10/25,6.61,6.79,6.55,6.78,607003,6.67
2011/10/26,6.71,7.31,6.71,7.07,1422615,7.01
2011/10/27,7.00,7.18,6.92,7.01,833792,7.05
2011/10/28,7.05,7.22,6.99,7.19,1257948,7.10
2011/10/31,7.14,7.30,7.07,7.23,1303731,7.19
2011/11/01,7.23,7.23,6.97,7.05,912195,7.10
2011/11/02,6.89,7.30,6.88,7.27,1131425,7.09
2011/11/03,7.29,7.50,7.20,7.20,1463138,7.35
2011/11/04,7.27,7.38,7.14,7.30,952713,7.26
2011/11/07,7.33,7.98,7.33,7.79,3410597,7.66
2011/11/08,8.36,8.59,8.30,8.59,5518811,8.45
2011/11/09,8.45,8.59,8.03,8.57,5784325,8.31
2011/11/10,8.30,8.41,8.14,8.16,2732042,8.28
2011/11/11,8.02,8.34,7.99,8.13,1921719,8.17
2011/11/14,8.11,8.24,8.01,8.19,2037877,8.13
2011/11/15,8.10,8.25,8.02,8.18,1886953,8.13
2011/11/16,8.17,8.29,7.76,7.81,1979639,8.02
2011/11/17,7.81,7.95,7.67,7.88,1483104,7.81
2011/11/18,7.83,7.92,7.60,7.61,940901,7.76
2011/11/21,7.59,7.62,7.39,7.54,635554,7.50
2011/11/22,7.38,7.66,7.38,7.61,604203,7.52
2011/11/23,7.64,7.86,7.49,7.72,1248793,7.68
2011/11/24,7.60,7.80,7.50,7.54,891098,7.65
2011/11/25,7.59,8.11,7.52,7.82,2070946,7.81
2011/11/28,7.86,7.93,7.72,7.92,1117275,7.82
2011/11/29,7.97,8.05,7.80,7.91,1017122,7.93
2011/11/30,7.86,7.86,7.10,7.10,1597893,7.48
2011/12/01,7.35,7.39,7.17,7.19,1037232,7.28
2011/12/02,7.45,7.92,7.44,7.56,1945004,7.68
2011/12/05,7.44,7.56,7.08,7.13,1088530,7.32
2011/12/06,6.99,7.26,6.82,7.14,961025,7.04
2011/12/07,7.08,7.19,6.99,7.10,583852,7.09
2011/12/08,7.11,7.83,7.09,7.83,2637532,7.46
2011/12/09,8.05,8.33,7.90,8.12,5249812,8.12
2011/12/12,8.04,8.32,7.93,8.11,3416764,8.13
2011/12/13,7.96,8.34,7.52,8.02,3329735,7.93
2011/12/14,7.85,8.10,7.67,7.81,2304695,7.88
2011/12/15,7.74,8.61,7.68,8.61,7673494,8.14
2011/12/16,8.44,8.83,8.27,8.74,6684199,8.55
2011/12/19,8.62,9.03,8.45,8.80,6724868,8.74
2011/12/20,8.70,8.70,8.36,8.44,3781792,8.53
2011/12/21,8.45,8.65,8.27,8.33,2912083,8.46
2011/12/22,8.11,8.55,7.89,8.35,3182327,8.22
2011/12/23,8.24,8.45,8.11,8.27,2309478,8.28
2011/12/26,8.14,8.32,7.89,7.91,1846395,8.10
2011/12/27,7.80,7.84,7.29,7.29,2305791,7.56
2011/12/28,7.17,7.24,6.72,6.97,2051531,6.98
2011/12/29,6.92,7.17,6.86,6.98,1154542,7.02
2011/12/30,6.99,7.22,6.97,7.02,1861799,7.09
2012/01/04,7.11,7.52,6.89,6.90,2579921,7.20
2012/01/05,6.64,6.68,6.19,6.19,2715684,6.44
2012/01/06,6.08,6.24,6.04,6.24,1584469,6.14
2012/01/09,6.23,6.52,6.11,6.49,2816419,6.31
2012/01/10,6.48,6.83,6.40,6.79,3140467,6.62
2012/01/11,6.69,6.95,6.64,6.68,2943411,6.79
2012/01/12,6.53,7.14,6.52,6.85,3152088,6.83
2012/01/13,6.80,6.88,6.15,6.15,2878548,6.52
2012/01/16,6.80,6.88,6.15,6.15,0,6.52
2012/01/17,5.76,6.30,5.52,6.23,3695868,5.91
2012/01/18,6.05,6.22,5.59,5.59,2802594,5.90
2012/01/19,5.46,5.56,5.09,5.36,2157414,5.32
2012/01/20,5.36,5.54,5.36,5.47,1261792,5.45
2012/01/30,5.49,5.59,5.45,5.49,1033768,5.52
2012/01/31,5.56,5.61,5.36,5.60,1345634,5.49
2012/02/01,5.55,5.67,5.52,5.59,1443894,5.59
2012/02/02,5.63,5.79,5.52,5.76,1848317,5.65
2012/02/03,5.71,5.85,5.69,5.80,1557609,5.77
2012/02/06,5.88,5.89,5.73,5.81,1377198,5.81
2012/02/07,5.77,5.88,5.70,5.73,1659203,5.79
2012/02/08,5.70,5.94,5.66,5.89,1706961,5.80
2012/02/09,5.88,6.12,5.84,5.95,2154962,5.98
2012/02/10,5.90,6.10,5.89,5.95,1554613,5.99
2012/02/13,5.93,6.15,5.87,6.04,1897334,6.01
2012/02/14,6.02,6.15,6.00,6.07,1403725,6.08
2012/02/15,6.01,6.16,6.01,6.14,1971645,6.08
2012/02/16,6.14,6.31,6.08,6.18,2063398,6.19
2012/02/17,6.19,6.23,6.00,6.11,1308119,6.12
2012/02/20,6.18,6.29,6.10,6.10,1764057,6.19
2012/02/21,6.09,6.33,6.02,6.29,3056092,6.17
2012/02/22,6.26,6.51,6.24,6.44,2657932,6.38
2012/02/23,6.44,6.53,6.30,6.40,2021900,6.42
2012/02/24,6.40,6.54,6.37,6.51,2129916,6.46
2012/02/27,6.53,6.61,6.44,6.48,2218138,6.53
2012/02/28,6.42,6.52,6.36,6.51,1899372,6.44
2012/02/29,6.57,6.82,6.39,6.50,3620380,6.60
2012/03/01,6.39,6.44,6.24,6.31,2001098,6.34
2012/03/02,6.33,6.41,6.29,6.41,1330647,6.35
2012/03/05,6.40,6.49,6.38,6.46,1626961,6.44
2012/03/06,6.44,6.45,6.24,6.25,1472377,6.35
2012/03/07,6.16,6.31,6.12,6.27,1289922,6.21
2012/03/08,6.29,6.47,6.24,6.40,1574072,6.35
2012/03/09,6.42,6.54,6.39,6.50,1999971,6.46
2012/03/12,6.56,6.60,6.42,6.54,1612837,6.51
2012/03/13,6.55,6.60,6.48,6.57,1328424,6.54
2012/03/14,6.58,6.68,6.02,6.10,2155427,6.35
2012/03/15,6.08,6.36,6.05,6.19,1602298,6.21
2012/03/16,6.24,6.58,6.23,6.54,2047483,6.41
2012/03/19,6.58,6.63,6.45,6.60,1687465,6.54
2012/03/20,6.61,6.62,6.36,6.38,1209928,6.49
2012/03/21,6.39,6.47,6.24,6.41,784777,6.35
2012/03/22,6.40,6.43,6.27,6.30,615008,6.35
2012/03/23,6.26,6.34,6.14,6.17,646680,6.24
2012/03/26,6.17,6.27,6.05,6.12,621469,6.16
2012/03/27,6.14,6.23,6.12,6.18,470200,6.18
2012/03/28,6.16,6.18,5.64,5.65,1007053,5.91
2012/03/29,5.61,5.75,5.56,5.70,728574,5.65
2012/03/30,5.70,5.82,5.60,5.67,512767,5.71
2012/04/05,5.77,6.25,5.66,6.25,2781088,5.96
2012/04/06,6.26,6.28,6.13,6.25,1826759,6.21
2012/04/09,6.12,6.18,6.01,6.01,1650366,6.09
2012/04/10,5.95,6.10,5.83,6.08,1131107,5.96
2012/04/11,5.99,6.12,5.90,6.09,900908,6.01
2012/04/12,6.14,6.16,5.90,6.09,1686905,6.03
2012/04/13,6.11,6.24,6.00,6.13,1400488,6.12
2012/04/16,6.11,6.13,6.00,6.01,953686,6.06
2012/04/17,6.02,6.10,5.92,5.92,722418,6.01
2012/04/18,5.93,6.04,5.91,6.02,842849,5.98
2012/04/19,6.02,6.02,5.96,5.98,538489,5.99
2012/04/20,6.02,6.16,5.98,6.16,1134394,6.07
2012/04/23,6.17,6.18,5.79,5.81,1268621,5.98
2012/04/24,5.75,5.79,5.45,5.61,858686,5.62
2012/04/25,5.64,5.64,5.52,5.62,563442,5.58
2012/04/26,5.64,5.68,5.52,5.55,577399,5.60
2012/04/27,5.58,5.70,5.54,5.62,712897,5.62
2012/05/02,5.64,5.72,5.59,5.68,638313,5.65
2012/05/03,5.68,5.70,5.60,5.68,343424,5.65
2012/05/04,5.68,5.78,5.65,5.75,541877,5.72
2012/05/07,5.70,5.81,5.70,5.80,469145,5.75
2012/05/08,5.80,6.01,5.80,5.93,1159512,5.90
2012/05/09,5.88,5.88,5.72,5.73,597722,5.80
2012/05/10,5.73,5.83,5.73,5.76,278736,5.78
2012/05/11,5.95,6.23,5.85,5.85,1502254,6.04
2012/05/14,5.83,5.92,5.80,5.81,734024,5.86
2012/05/15,5.75,5.75,5.53,5.63,693108,5.64
2012/05/16,5.75,5.75,5.53,5.63,0,5.64
2012/05/17,5.54,5.68,5.54,5.64,537470,5.61
2012/05/18,5.61,5.61,5.52,5.52,472107,5.56
2012/05/21,5.45,5.58,5.44,5.48,372124,5.51
2012/05/22,5.49,5.58,5.49,5.56,309075,5.54
2012/05/23,5.55,5.60,5.49,5.51,294896,5.54
2012/05/24,5.54,5.54,5.49,5.49,235107,5.52
2012/05/25,5.53,5.53,5.37,5.38,304340,5.45
2012/05/28,5.32,5.36,5.17,5.36,436275,5.27
2012/05/29,5.36,5.46,5.34,5.43,435949,5.40
2012/05/30,5.47,5.47,5.43,5.46,306356,5.45
2012/05/31,5.45,5.56,5.39,5.53,442835,5.47
2012/06/01,5.50,5.59,5.45,5.47,380214,5.52
2012/06/04,5.34,5.35,5.24,5.24,482137,5.29
2012/06/05,5.24,5.29,5.21,5.25,205367,5.25
2012/06/06,5.29,5.29,5.24,5.25,246180,5.27
2012/06/07,5.30,5.33,5.23,5.28,287809,5.28
2012/06/08,5.31,5.44,5.26,5.35,372935,5.35
2012/06/11,5.37,5.56,5.32,5.55,768135,5.44
2012/06/12,5.58,5.58,5.40,5.42,582885,5.49
2012/06/13,5.42,5.51,5.42,5.50,423613,5.46
2012/06/14,5.52,5.52,5.44,5.44,334568,5.48
2012/06/15,5.44,5.48,5.42,5.45,211126,5.45
2012/06/18,5.50,5.55,5.48,5.53,374195,5.52
2012/06/19,5.54,5.58,5.51,5.53,660601,5.54
2012/06/20,5.54,5.63,5.45,5.57,920143,5.54
2012/06/21,5.57,5.66,5.36,5.65,1655452,5.51
2012/06/25,5.62,5.62,5.30,5.30,869045,5.46
2012/06/26,5.22,5.30,5.16,5.24,453503,5.23
2012/06/27,5.22,5.34,5.22,5.25,608087,5.28
2012/06/28,5.22,5.32,5.22,5.26,734936,5.27
2012/06/29,5.51,5.76,5.36,5.52,2624792,5.56
2012/07/02,5.44,5.61,5.44,5.53,1473715,5.53
2012/07/03,5.50,5.61,5.43,5.56,1153932,5.52
2012/07/04,5.54,5.60,5.38,5.44,990585,5.49
2012/07/05,5.42,5.42,5.11,5.16,1137737,5.27
2012/07/06,5.21,5.47,5.10,5.46,1516313,5.28
2012/07/09,5.43,5.46,5.24,5.27,1068705,5.35
2012/07/10,5.29,5.46,5.17,5.43,1182676,5.31
2012/07/11,5.37,5.43,5.25,5.33,769931,5.34
2012/07/12,5.30,5.44,5.20,5.44,1111143,5.32
2012/07/13,5.51,5.53,5.25,5.28,1529148,5.39
2012/07/16,5.26,5.26,4.87,4.88,1149099,5.06
2012/07/17,4.86,5.08,4.84,5.00,660706,4.96
2012/07/18,5.01,5.46,4.88,5.21,1058175,5.17
2012/07/19,5.21,5.55,5.12,5.31,1691792,5.33
2012/07/20,5.27,5.35,5.16,5.18,538520,5.25
2012/07/23,5.13,5.26,5.08,5.20,481179,5.17
2012/07/24,5.16,5.54,5.08,5.42,1396354,5.31
2012/07/25,5.32,5.68,5.32,5.61,3826905,5.50
2012/07/26,5.57,5.83,5.52,5.65,4415753,5.67
2012/07/27,5.65,5.76,5.49,5.50,1726260,5.63
2012/07/30,5.50,5.71,5.37,5.55,1634195,5.54
2012/07/31,5.48,5.70,5.43,5.51,1315508,5.56
2012/08/01,5.55,5.74,5.44,5.71,3631622,5.59
2012/08/02,5.66,5.73,5.54,5.57,1601404,5.64
2012/08/03,5.60,5.70,5.54,5.66,1751939,5.62
2012/08/06,5.65,5.84,5.55,5.83,2858273,5.69
2012/08/07,5.83,5.91,5.70,5.74,2398537,5.81
2012/08/08,5.74,5.81,5.62,5.66,1581198,5.71
2012/08/09,5.66,5.83,5.58,5.73,3508804,5.71
2012/08/10,5.73,5.73,5.57,5.57,1505098,5.65
2012/08/13,5.56,5.64,5.49,5.50,1012100,5.56
2012/08/14,5.49,5.53,5.26,5.44,1167211,5.40
2012/08/15,5.41,5.64,5.34,5.53,1794874,5.49
2012/08/16,5.51,5.51,5.30,5.31,943641,5.40
2012/08/17,5.31,5.32,5.17,5.19,702984,5.25
2012/08/20,5.19,5.26,5.11,5.25,545188,5.19
2012/08/21,5.28,5.60,5.22,5.44,2434081,5.41
2012/08/22,5.42,5.44,5.31,5.32,1010096,5.38
2012/08/23,5.32,5.75,5.26,5.61,3115012,5.50
2012/08/24,5.56,5.81,5.49,5.61,3143375,5.65
2012/08/27,5.58,5.74,5.46,5.52,2650122,5.60
2012/08/28,5.46,5.65,5.45,5.60,1434030,5.55
2012/08/29,5.58,5.62,5.46,5.49,1085218,5.54
2012/08/30,5.51,5.54,5.02,5.14,1780709,5.28
2012/08/31,5.11,5.17,4.99,5.14,642328,5.08
2012/09/03,5.12,5.24,5.08,5.20,510820,5.16
2012/09/04,5.20,5.24,5.12,5.13,765481,5.18
2012/09/05,5.13,5.66,5.09,5.66,5659045,5.38
2012/09/06,5.68,5.86,5.51,5.74,4348935,5.69
2012/09/07,5.72,5.96,5.64,5.84,6188433,5.80
2012/09/10,5.83,6.05,5.69,5.75,4890836,5.87
2012/09/11,5.72,5.90,5.68,5.81,4866632,5.79
2012/09/12,5.82,5.85,5.64,5.73,3565432,5.74
2012/09/13,5.73,5.74,5.58,5.59,3356187,5.66
2012/09/14,5.59,5.68,5.52,5.61,1968008,5.60
2012/09/17,5.56,5.61,5.16,5.21,2510811,5.39
2012/09/18,5.22,5.25,5.17,5.24,1195334,5.21
2012/09/19,5.26,5.56,5.23,5.49,2875138,5.40
2012/09/20,5.56,5.64,5.27,5.45,3665235,5.45
2012/09/21,5.37,5.54,5.33,5.41,3108186,5.44
2012/09/24,5.37,5.50,5.29,5.45,2625891,5.40
2012/09/25,5.44,5.54,5.19,5.19,2271643,5.37
2012/09/26,5.16,5.22,4.93,4.96,1279463,5.07
2012/09/27,4.98,5.14,4.93,5.03,1092385,5.03
2012/09/28,5.03,5.10,4.99,5.09,764558,5.04
2012/10/08,5.14,5.14,5.07,5.10,733875,5.10
2012/10/09,5.12,5.51,5.11,5.42,2630005,5.31
2012/10/10,5.41,5.56,5.30,5.50,3555870,5.43
2012/10/11,5.46,5.61,5.38,5.38,2230708,5.50
2012/10/12,5.45,5.69,5.38,5.46,2849415,5.54
2012/10/15,5.41,5.41,5.19,5.24,1350942,5.30
2012/10/16,5.24,5.44,5.18,5.27,2284349,5.31
2012/10/17,5.27,5.44,5.22,5.36,2287139,5.33
2012/10/18,5.36,5.54,5.33,5.41,2651370,5.44
2012/10/19,5.42,5.49,5.36,5.44,1650380,5.43
2012/10/22,5.43,5.46,5.36,5.45,1240285,5.41
2012/10/23,5.45,5.75,5.34,5.34,2243900,5.54
2012/10/24,5.31,5.44,5.24,5.29,956641,5.34
2012/10/25,5.27,5.34,5.16,5.16,983000,5.25
2012/10/26,5.21,5.34,5.05,5.11,2128320,5.19
2012/10/29,5.11,5.16,5.07,5.09,543860,5.12
2012/10/30,5.09,5.21,5.07,5.14,1328249,5.14
2012/10/31,5.14,5.16,5.08,5.11,692774,5.12
2012/11/01,5.11,5.21,5.11,5.17,1218355,5.16
2012/11/02,5.18,5.23,5.15,5.19,1034778,5.19
2012/11/05,5.14,5.19,5.00,5.16,1654060,5.10
2012/11/06,5.06,5.35,5.06,5.35,4430619,5.20
2012/11/07,5.27,5.27,5.07,5.13,2826635,5.17
2012/11/08,5.09,5.09,4.95,4.96,1068550,5.02
2012/11/09,4.93,5.01,4.93,4.99,602524,4.97
2012/11/12,5.00,5.06,4.98,5.03,463441,5.02
2012/11/13,5.06,5.06,4.89,4.89,691295,4.97
2012/11/14,4.84,4.93,4.84,4.90,662895,4.88
2012/11/15,4.87,4.89,4.72,4.72,693689,4.80
2012/11/16,4.73,4.73,4.52,4.59,864985,4.63
2012/11/19,4.60,4.61,4.52,4.59,441329,4.56
2012/11/20,4.62,4.64,4.56,4.57,397351,4.60
2012/11/21,4.56,4.66,4.53,4.64,641700,4.60
2012/11/22,4.61,4.64,4.56,4.57,355721,4.60
2012/11/23,4.57,4.62,4.56,4.57,491970,4.59
2012/11/26,4.58,4.58,4.19,4.25,1435855,4.39
2012/11/27,4.24,4.25,3.96,3.97,1238157,4.10
2012/11/28,3.96,4.02,3.92,3.93,677989,3.97
2012/11/29,3.94,4.00,3.85,3.86,604955,3.93
2012/11/30,3.90,3.99,3.86,3.90,494180,3.93
2012/12/03,3.88,3.91,3.72,3.72,649118,3.82
2012/12/04,3.71,3.74,3.60,3.72,1004370,3.67
2012/12/05,3.70,3.90,3.66,3.87,1747180,3.78
2012/12/06,3.84,3.91,3.81,3.81,1509868,3.86
2012/12/07,3.84,3.98,3.79,3.95,1822408,3.89
2012/12/10,3.96,4.06,3.94,4.05,1550776,4.00
2012/12/11,4.04,4.08,3.98,4.03,1459822,4.03
2012/12/12,4.03,4.04,3.93,3.98,1225705,3.99
2012/12/13,3.96,4.07,3.92,3.96,1128991,4.00
2012/12/14,3.96,4.14,3.94,4.11,2067872,4.04
2012/12/17,4.12,4.15,4.07,4.13,1553941,4.11
2012/12/18,4.13,4.17,4.09,4.12,1241169,4.13
2012/12/19,4.14,4.24,4.12,4.15,1523562,4.18
2012/12/20,4.15,4.22,4.11,4.20,1452455,4.17
2012/12/21,4.20,4.24,4.10,4.17,1593948,4.17
2012/12/24,4.18,4.20,4.14,4.19,913950,4.17
2012/12/25,4.20,4.30,4.19,4.27,2254548,4.25
2012/12/26,4.28,4.42,4.26,4.41,2250277,4.34
2012/12/27,4.41,4.50,4.37,4.41,2597761,4.44
2012/12/28,4.38,4.42,4.29,4.41,1802194,4.35
2012/12/31,4.40,4.45,4.36,4.43,1254995,4.41
2013/01/04,4.44,4.50,4.40,4.41,1408387,4.45
2013/01/07,4.42,4.54,4.34,4.52,2077097,4.44
2013/01/08,4.50,4.57,4.44,4.51,1764711,4.51
2013/01/09,4.51,4.57,4.45,4.55,2005644,4.51
2013/01/10,4.54,4.66,4.52,4.66,2840809,4.59
2013/01/11,4.68,4.70,4.44,4.45,2393817,4.57
2013/01/14,4.45,4.60,4.41,4.59,1943201,4.50
2013/01/15,4.59,4.70,4.57,4.66,3000005,4.64
2013/01/16,4.65,4.82,4.64,4.78,3848834,4.73
2013/01/17,4.77,4.77,4.63,4.69,2050015,4.70
2013/01/18,4.69,4.73,4.63,4.73,1849528,4.68
2013/01/21,4.73,4.74,4.66,4.72,1972407,4.70
2013/01/22,4.71,4.72,4.56,4.57,1908477,4.64
2013/01/23,4.57,4.91,4.56,4.85,5265436,4.73
2013/01/24,4.79,4.80,4.54,4.56,4591795,4.67
2013/01/25,4.57,4.58,4.47,4.50,1793028,4.52
2013/01/28,4.51,4.59,4.49,4.58,1476049,4.54
2013/01/29,4.58,4.71,4.56,4.64,1489941,4.63
2013/01/30,4.65,4.68,4.58,4.62,1221863,4.63
2013/01/31,4.62,4.68,4.61,4.64,898372,4.65
2013/02/01,4.64,4.74,4.61,4.71,1798335,4.68
2013/02/04,4.69,4.72,4.57,4.58,1506515,4.65
2013/02/05,4.57,4.59,4.49,4.55,1203549,4.54
2013/02/06,4.55,4.59,4.54,4.59,909353,4.56
2013/02/07,4.58,4.71,4.52,4.69,1776251,4.61
2013/02/08,4.70,4.74,4.64,4.71,1924473,4.69
2013/02/18,4.72,4.79,4.68,4.76,2000189,4.73
2013/02/19,4.76,4.77,4.62,4.64,1360082,4.69
2013/02/20,4.77,5.10,4.77,4.94,5863115,4.93
2013/02/21,4.86,4.90,4.76,4.79,3210435,4.83
2013/02/22,4.76,4.90,4.73,4.80,2186099,4.82
2013/02/25,4.80,4.85,4.72,4.79,1666990,4.78
2013/02/26,4.76,4.90,4.72,4.73,2521443,4.81
2013/02/27,4.77,4.78,4.61,4.63,1891265,4.70
2013/02/28,4.64,4.72,4.63,4.71,1172769,4.67
2013/03/01,4.71,4.82,4.71,4.81,2110766,4.77
2013/03/04,4.82,4.82,4.52,4.56,2130951,4.67
2013/03/05,4.55,4.65,4.55,4.64,1036389,4.60
2013/03/06,4.64,4.76,4.64,4.75,1264857,4.70
2013/03/07,4.75,4.83,4.72,4.83,2901020,4.77
2013/03/08,4.83,4.86,4.73,4.74,1633085,4.80
2013/03/11,4.76,4.76,4.67,4.71,869901,4.71
2013/03/12,4.71,4.79,4.54,4.58,1338293,4.67
2013/03/13,4.55,4.59,4.44,4.45,925796,4.52
2013/03/14,4.48,4.49,4.44,4.45,479519,4.47
2013/03/15,4.48,4.51,4.37,4.40,696907,4.44
2013/03/18,4.40,4.44,4.35,4.35,678636,4.40
2013/03/19,4.34,4.41,4.33,4.40,414513,4.37
2013/03/20,4.41,4.50,4.39,4.49,568314,4.44
2013/03/21,4.49,4.54,4.47,4.51,841435,4.50
2013/03/22,4.51,4.54,4.47,4.51,663178,4.50
2013/03/25,4.49,4.54,4.48,4.51,431282,4.51
2013/03/26,4.50,4.50,4.34,4.43,916011,4.42
2013/03/27,4.41,4.45,4.39,4.42,728193,4.42
2013/03/28,4.42,4.42,4.25,4.30,863604,4.33
2013/03/29,4.29,4.32,4.26,4.27,507373,4.29
2013/04/01,4.26,4.28,4.22,4.28,484397,4.25
2013/04/02,4.26,4.36,4.26,4.31,1013733,4.31
2013/04/03,4.34,4.34,4.22,4.30,769294,4.28
2013/04/08,4.30,4.30,4.12,4.24,917689,4.21
2013/04/09,4.24,4.32,4.24,4.29,943087,4.28
2013/04/10,4.29,4.30,4.23,4.28,556663,4.27
2013/04/11,4.29,4.33,4.26,4.28,798204,4.29
2013/04/12,4.31,4.34,4.20,4.24,687122,4.27
2013/04/15,4.24,4.32,4.18,4.25,545820,4.25
2013/04/16,4.18,4.30,4.18,4.30,634238,4.24
2013/04/17,4.27,4.31,4.27,4.31,423436,4.29
2013/04/18,4.26,4.41,4.26,4.37,1508947,4.33
2013/04/19,4.38,4.42,4.34,4.41,1588692,4.38
2013/04/22,4.37,4.42,4.35,4.40,976218,4.38
2013/04/23,4.40,4.49,4.30,4.31,1257733,4.40
2013/04/24,4.26,4.34,4.15,4.32,1706455,4.25
2013/04/25,4.28,4.29,4.17,4.17,1273430,4.23
2013/04/26,4.18,4.21,4.05,4.05,793838,4.13
2013/05/02,4.02,4.06,3.99,4.03,503321,4.02
2013/05/03,4.04,4.12,4.02,4.09,648376,4.07
2013/05/06,4.09,4.23,4.09,4.20,984128,4.16
2013/05/07,4.20,4.33,4.20,4.33,1931087,4.27
2013/05/08,4.33,4.46,4.32,4.46,3010932,4.39
2013/05/09,4.47,4.53,4.42,4.49,2936661,4.48
2013/05/10,4.89,4.96,4.80,4.96,12711208,4.88
2013/05/13,4.89,4.92,4.83,4.86,4766016,4.88
2013/05/14,4.94,5.15,4.85,4.86,5130137,5.00
2013/05/15,4.79,4.90,4.60,4.89,3570263,4.75
2013/05/16,4.84,4.90,4.79,4.79,2911379,4.85
2013/05/17,4.75,4.88,4.71,4.81,2785475,4.79
2013/05/20,4.81,5.06,4.77,5.04,4070672,4.91
2013/05/21,5.02,5.10,4.94,5.09,3895469,5.02
2013/05/22,5.10,5.11,4.89,4.90,2856294,5.00
2013/05/23,4.89,4.94,4.82,4.83,1998200,4.88
2013/05/24,4.82,5.01,4.82,5.01,3120690,4.92
2013/05/27,5.01,5.13,4.99,5.07,2961149,5.06
2013/05/28,5.06,5.09,4.87,4.91,1985680,4.98
2013/05/29,4.91,4.99,4.89,4.99,1746349,4.94
2013/05/30,4.98,4.98,4.89,4.94,1541332,4.94
2013/05/31,5.01,5.14,4.92,5.00,3451357,5.03
2013/06/03,4.96,4.96,4.85,4.86,1768080,4.90
2013/06/04,4.85,4.85,4.56,4.61,2117192,4.70
2013/06/05,4.61,4.63,4.50,4.57,1423564,4.56
2013/06/06,4.55,4.55,4.44,4.44,973272,4.50
2013/06/07,4.49,4.49,4.39,4.47,871946,4.44
2013/06/13,4.41,4.41,4.26,4.28,885987,4.33
2013/06/14,4.31,4.44,4.31,4.44,946319,4.38
2013/06/17,4.52,4.67,4.46,4.58,2228428,4.56
2013/06/18,4.67,4.67,4.49,4.54,1279031,4.58
2013/06/19,4.52,4.55,4.37,4.42,1106634,4.46
2013/06/20,4.37,4.54,4.34,4.34,1448003,4.44
2013/06/21,4.25,4.30,4.07,4.26,1044240,4.19
2013/06/24,4.26,4.30,3.82,3.82,1186445,4.06
2013/06/25,3.82,3.86,3.43,3.73,2298101,3.65
2013/06/26,3.72,3.97,3.69,3.95,1916784,3.83
2013/06/27,3.91,4.33,3.91,4.04,3006838,4.12
2013/06/28,4.01,4.32,3.84,4.31,3743398,4.08
2013/07/01,4.21,4.44,4.14,4.39,3498368,4.29
2013/07/02,4.35,4.39,4.31,4.36,2154760,4.35
2013/07/03,4.31,4.62,4.12,4.55,3859295,4.37
2013/07/04,4.46,4.65,4.38,4.42,2932278,4.52
2013/07/05,4.44,4.47,4.29,4.29,1648726,4.38
2013/07/08,4.21,4.24,3.97,3.98,1435285,4.11
2013/07/09,3.95,4.39,3.95,4.39,3145546,4.17
2013/07/10,4.47,4.81,4.47,4.69,6066114,4.64
2013/07/11,4.62,4.80,4.59,4.77,4829505,4.69
2013/07/12,4.70,5.26,4.69,5.26,7897849,4.98
2013/07/15,5.59,5.75,5.50,5.70,9724197,5.63
2013/07/16,5.61,6.05,5.56,5.79,11458600,5.80
2013/07/17,5.70,6.38,5.64,6.36,12521113,6.01
2013/07/18,6.17,6.85,6.10,6.60,11314402,6.47
2013/07/19,6.46,6.82,6.36,6.47,7836936,6.59
2013/07/22,6.33,6.69,6.31,6.49,7193250,6.50
2013/07/23,6.43,6.79,6.26,6.59,8761450,6.52
2013/07/24,6.51,7.05,6.41,6.76,9559286,6.73
2013/07/25,6.67,6.74,6.08,6.08,10154760,6.41
2013/07/26,5.98,6.32,5.98,6.25,7072951,6.15
2013/07/29,6.11,6.35,5.79,5.81,6643606,6.07
2013/07/30,6.05,6.09,5.74,5.96,6359731,5.92
2013/07/31,5.92,6.09,5.76,5.79,5554536,5.92
2013/08/01,5.81,6.16,5.81,6.11,7114565,5.98
2013/08/02,6.10,6.40,5.98,6.25,9597666,6.19
2013/08/05,6.25,6.64,6.18,6.31,8576778,6.41
2013/08/06,6.21,6.41,6.20,6.29,6192289,6.31
2013/08/07,6.26,6.31,5.78,5.85,7912954,6.04
2013/08/08,5.80,5.88,5.66,5.74,5115874,5.77
2013/08/09,5.79,5.96,5.61,5.92,5251019,5.79
2013/08/12,5.90,6.03,5.82,5.94,4347055,5.93
2013/08/13,5.95,6.06,5.83,5.96,3142119,5.94
2013/08/14,5.94,6.10,5.81,6.07,5946620,5.95
2013/08/15,6.02,6.69,6.01,6.41,13693370,6.35
2013/08/16,6.31,6.46,5.86,5.91,8523080,6.16
2013/08/19,5.81,6.00,5.66,5.94,4357506,5.83
2013/08/20,5.95,6.49,5.91,6.31,7906013,6.20
2013/08/21,6.31,6.85,6.20,6.71,12208360,6.52
2013/08/22,6.56,6.60,6.37,6.52,8429175,6.48
2013/08/23,6.46,7.00,6.19,6.62,10537337,6.60
2013/08/26,6.59,7.29,6.46,7.13,15844376,6.88
2013/08/27,6.96,7.31,6.89,7.23,9842123,7.10
2013/08/28,7.09,7.19,6.72,6.74,8667621,6.96
2013/08/29,6.72,6.91,6.66,6.73,4406994,6.79
2013/08/30,6.67,6.78,6.05,6.06,8310214,6.42
2013/09/02,6.00,6.34,5.87,6.32,4629118,6.10
2013/09/03,6.32,6.81,6.24,6.69,6698567,6.52
2013/09/04,6.56,6.82,6.55,6.61,6247555,6.69
2013/09/05,6.58,7.28,6.48,7.28,9930686,6.88
2013/09/06,7.52,8.01,7.41,7.84,12628955,7.71
2013/09/09,7.94,8.59,7.83,7.88,16212973,8.21
2013/09/10,7.72,7.83,7.46,7.73,11561414,7.65
2013/09/11,7.61,7.65,7.11,7.25,8546013,7.38
2013/09/12,7.13,7.56,7.13,7.35,5842016,7.34
2013/09/13,7.29,7.50,6.97,7.36,5600386,7.23
2013/09/16,7.31,7.84,7.28,7.75,7741487,7.56
2013/09/17,7.66,8.00,7.45,7.48,6627188,7.73
2013/09/18,7.54,8.21,7.53,7.89,8259788,7.87
2013/09/23,7.96,8.54,7.82,8.36,7756662,8.18
2013/09/24,8.31,8.50,8.09,8.50,7257888,8.29
2013/09/25,8.41,8.78,8.15,8.19,7285657,8.46
2013/09/26,8.17,8.34,7.99,8.17,4605912,8.17
2013/09/27,8.21,8.46,8.00,8.44,5301180,8.23
2013/09/30,8.51,9.13,8.42,8.87,7542943,8.78
2013/10/08,8.86,9.06,8.61,8.76,4742871,8.83
2013/10/09,8.79,9.34,8.67,9.26,5604745,9.00
2013/10/10,9.29,9.54,8.94,9.02,5331692,9.24
2013/10/11,9.29,9.54,8.94,9.02,0,9.24
2013/10/14,9.29,9.54,8.94,9.02,0,9.24
2013/10/15,8.99,9.21,8.11,8.39,7593649,8.66
2013/10/16,8.30,8.30,7.54,7.56,7205716,7.92
2013/10/17,7.59,7.80,7.37,7.61,4451327,7.58
2013/10/18,7.57,7.85,7.52,7.69,2641158,7.68
2013/10/21,7.76,8.06,7.57,8.03,4211793,7.82
2013/10/22,8.05,8.05,7.57,7.69,4710650,7.81
2013/10/23,7.69,7.84,7.07,7.27,3325872,7.46
2013/10/24,7.27,7.41,7.17,7.30,2027402,7.29
2013/10/25,7.26,7.33,6.83,6.90,2595216,7.08
2013/10/28,6.97,7.04,6.90,6.99,1362823,6.97
2013/10/29,7.08,7.32,6.75,7.23,3118481,7.04
2013/10/30,7.21,7.35,7.10,7.27,1990346,7.22
2013/10/31,7.26,7.27,6.84,6.86,2061810,7.05
2013/11/01,6.71,6.82,6.32,6.61,1882919,6.57
2013/11/04,6.66,6.71,6.49,6.53,1392185,6.60
2013/11/05,6.53,6.73,6.43,6.71,1441926,6.58
2013/11/06,6.71,6.79,6.58,6.64,1385427,6.69
2013/11/07,6.57,6.62,6.44,6.49,1232222,6.53
2013/11/08,6.41,6.41,6.14,6.21,1334542,6.27
2013/11/11,6.17,6.34,6.17,6.31,786419,6.25
2013/11/12,6.35,6.70,6.28,6.66,2024842,6.49
2013/11/13,6.54,6.74,6.51,6.52,1607727,6.63
2013/11/14,6.50,6.71,6.29,6.67,1758023,6.50
2013/11/15,6.64,7.13,6.64,7.01,3121383,6.88
2013/11/18,7.72,7.72,7.72,7.72,1552879,7.72
2013/11/19,8.50,8.50,8.50,8.50,2577847,8.50
2013/11/20,8.15,8.54,7.92,8.28,13146706,8.23
2013/11/21,8.08,8.16,7.76,7.83,7934006,7.96
2013/11/22,7.74,7.93,7.67,7.77,4395648,7.80
2013/11/25,7.69,7.76,7.51,7.65,3708205,7.63
2013/11/26,7.65,7.85,7.58,7.73,4133325,7.71
2013/11/27,7.69,7.80,7.49,7.75,3953803,7.65
2013/11/28,7.75,7.83,7.67,7.78,3777288,7.75
2013/11/29,7.76,7.93,7.70,7.87,4814943,7.81
2013/12/02,7.51,7.51,7.08,7.08,4255331,7.29
2013/12/03,6.60,6.93,6.49,6.85,3314648,6.71
2013/12/04,6.78,7.08,6.66,6.92,2449105,6.87
2013/12/05,6.91,6.91,6.74,6.75,1569711,6.83
2013/12/06,6.71,6.86,6.68,6.83,998662,6.77
2013/12/09,6.83,6.99,6.83,6.96,1452126,6.91
2013/12/10,6.91,7.03,6.91,6.95,1274443,6.97
2013/12/11,6.92,6.94,6.76,6.83,1332096,6.85
2013/12/12,6.87,7.04,6.84,6.93,1538256,6.94
2013/12/13,6.89,7.08,6.86,7.02,1643071,6.97
2013/12/16,7.03,7.20,6.97,7.08,2129489,7.08
2013/12/17,7.09,7.13,6.82,6.86,1618909,6.98
2013/12/18,6.87,6.93,6.78,6.80,841205,6.85
2013/12/19,7.49,7.49,7.39,7.49,2723803,7.44
2013/12/20,8.01,8.01,7.54,7.65,11932531,7.77
2013/12/23,7.06,7.41,6.95,7.14,5024574,7.18
2013/12/24,7.16,7.69,7.09,7.65,6630858,7.39
2013/12/25,7.54,8.03,7.43,7.80,6735306,7.73
2013/12/26,7.66,8.06,7.49,7.49,6944893,7.78
2013/12/27,7.41,7.71,7.37,7.60,4035623,7.54
2013/12/30,7.56,7.79,7.46,7.57,2898438,7.63
2013/12/31,7.48,7.61,7.18,7.24,3500706,7.40
2014/01/02,7.28,7.56,7.21,7.51,3117175,7.38
2014/01/03,7.49,7.79,7.44,7.68,5211335,7.62
2014/01/06,7.71,7.71,7.30,7.41,2809277,7.50
2014/01/07,7.29,7.98,7.26,7.95,5424188,7.62
2014/01/08,7.89,8.11,7.82,8.04,5683369,7.96
2014/01/09,8.11,8.50,7.69,7.72,7263615,8.10
2014/01/10,7.53,8.26,7.41,8.15,5746118,7.83
2014/01/13,8.11,8.98,8.06,8.81,12661226,8.52
2014/01/14,8.76,8.88,8.52,8.87,6584678,8.70
2014/01/15,8.85,9.17,8.69,8.89,6762504,8.93
2014/01/16,8.84,8.96,8.46,8.49,5142684,8.71
2014/01/17,8.49,9.35,8.42,9.35,11608309,8.88
2014/01/20,9.51,10.29,9.25,10.01,13642909,9.77
2014/01/21,9.91,11.02,9.71,11.02,13609992,10.37
2014/01/22,11.38,11.60,10.82,11.08,12304346,11.21
2014/01/23,11.11,11.90,11.01,11.66,10609901,11.46
2014/01/24,11.37,11.66,11.12,11.44,8348458,11.39
2014/01/27,11.36,11.46,10.52,11.07,6872347,10.99
2014/01/28,11.21,11.53,10.75,10.92,4148306,11.14
2014/01/29,10.84,11.64,10.84,11.41,5711760,11.24
2014/01/30,11.41,12.51,11.29,12.41,7643382,11.90
2014/02/07,12.16,12.36,11.77,12.27,5226050,12.06
2014/02/10,12.16,13.48,12.00,13.18,6268355,12.74
2014/02/11,13.09,14.50,12.99,14.50,7916609,13.75
2014/02/12,14.47,15.04,13.81,14.46,5369562,14.42
2014/02/13,14.16,14.31,13.00,13.01,7555056,13.66
2014/02/14,13.34,13.72,13.01,13.50,4669467,13.37
2014/02/17,13.24,14.16,13.02,13.96,4651347,13.59
2014/02/18,13.81,14.81,13.35,14.28,5617055,14.08
2014/02/19,13.97,14.27,13.54,13.89,3173256,13.90
2014/02/20,14.02,14.05,13.20,13.23,2951707,13.63
2014/02/21,13.06,13.62,12.95,13.18,2086197,13.28
2014/02/24,13.91,14.50,13.42,14.50,5462276,13.96
2014/02/25,14.61,15.67,13.66,14.31,6371733,14.67
2014/02/26,13.91,15.75,13.54,15.75,6937029,14.64
2014/02/27,15.92,16.97,15.49,16.36,6346674,16.23
2014/02/28,16.11,16.11,14.91,15.58,4181656,15.51
2014/03/03,15.35,15.99,14.83,15.49,3659771,15.41
2014/03/04,15.31,15.31,14.80,14.85,4059892,15.06
2014/03/05,14.85,14.89,14.37,14.63,2824576,14.63
2014/03/06,14.57,15.01,14.21,14.26,3169877,14.61
2014/03/07,14.26,15.15,14.24,14.86,3607848,14.70
2014/03/10,14.48,14.79,13.37,13.37,3801501,14.08
2014/03/11,13.02,13.17,12.04,12.39,4991692,12.60
2014/03/12,12.17,12.31,11.41,11.80,6598172,11.86
2014/03/13,11.76,12.16,11.60,11.99,4545408,11.88
2014/03/14,11.76,13.00,11.76,12.51,4788069,12.38
2014/03/17,12.51,12.99,12.28,12.79,3475554,12.63
2014/03/18,12.68,13.59,12.68,13.11,3743522,13.13
2014/03/19,13.00,13.20,12.61,12.66,2524818,12.90
2014/03/20,12.56,12.84,11.86,12.16,2742805,12.35
2014/03/21,11.92,12.56,11.92,12.48,2155040,12.24
2014/03/24,12.41,12.85,12.23,12.26,2363883,12.54
2014/03/25,12.16,12.50,11.91,12.06,2500937,12.21
2014/03/26,12.14,12.64,12.14,12.36,2599883,12.39
2014/03/27,12.35,12.41,11.55,11.55,3136203,11.98
2014/03/28,11.49,11.49,10.38,10.39,5359532,10.94
2014/03/31,10.29,10.66,10.07,10.49,2731610,10.37
2014/04/01,10.61,10.66,10.40,10.49,2681555,10.53
2014/04/02,10.47,10.61,10.06,10.22,2939458,10.33
2014/04/03,10.23,10.73,10.02,10.56,2773589,10.38
2014/04/04,10.42,11.16,10.36,11.07,3253834,10.76
2014/04/08,10.91,10.98,10.61,10.91,2826189,10.79
2014/04/09,10.91,11.36,10.91,11.27,2699350,11.13
2014/04/10,11.23,12.30,11.23,12.01,4405878,11.77
2014/04/11,11.71,13.13,11.56,12.87,4544043,12.35
2014/04/14,12.86,13.50,12.67,12.95,4246954,13.08
2014/04/15,12.94,13.09,12.51,12.58,3767583,12.80
2014/04/16,12.41,13.34,12.29,12.90,3139694,12.81
2014/04/17,12.80,12.95,12.39,12.50,2021620,12.67
2014/04/18,12.52,12.96,12.47,12.80,1661049,12.72
2014/04/21,12.96,13.36,12.91,13.28,3532809,13.13
2014/04/22,13.21,13.30,12.06,12.84,2808949,12.68
2014/04/23,12.81,12.88,12.28,12.45,1666805,12.58
2014/04/24,12.23,12.60,12.21,12.27,908347,12.41
2014/04/25,12.21,12.30,11.32,11.35,1802470,11.81
2014/04/28,10.87,11.14,10.35,10.54,3774674,10.75
2014/04/29,10.53,11.31,10.44,11.19,1835561,10.88
2014/04/30,11.36,12.32,11.35,11.91,4961365,11.83
2014/05/05,11.95,12.21,11.57,12.10,2958386,11.89
2014/05/06,12.05,12.88,11.94,12.67,3415413,12.41
2014/05/07,12.66,12.67,12.20,12.44,2689474,12.43
2014/05/08,12.41,12.63,11.79,12.00,2930085,12.21
2014/05/09,12.15,12.24,11.01,11.27,6426651,11.50
2014/05/12,11.16,12.06,11.16,11.62,6588231,11.69
2014/05/13,11.48,12.79,11.48,12.79,11186654,12.54
2014/05/14,11.48,12.79,11.48,12.79,0,12.13
2014/05/15,11.48,12.79,11.48,12.79,0,12.13
2014/05/16,11.48,12.79,11.48,12.79,0,12.13
2014/05/19,11.48,12.79,11.48,12.79,0,12.13
2014/05/20,11.48,12.79,11.48,12.79,0,12.13
2014/05/21,11.48,12.79,11.48,12.79,0,12.13
2014/05/22,11.48,12.79,11.48,12.79,0,12.13
2014/05/23,11.48,12.79,11.48,12.79,0,12.13
2014/05/26,11.48,12.79,11.48,12.79,0,12.13
2014/05/27,11.48,12.79,11.48,12.79,0,12.13
2014/05/28,11.48,12.79,11.48,12.79,0,12.13
2014/05/29,11.48,12.79,11.48,12.79,0,12.13
2014/05/30,11.48,12.79,11.48,12.79,0,12.13
2014/06/03,11.48,12.79,11.48,12.79,0,12.13
2014/06/04,11.48,12.79,11.48,12.79,0,12.13
2014/06/05,11.48,12.79,11.48,12.79,0,12.13
2014/06/06,11.48,12.79,11.48,12.79,0,12.13
2014/06/09,11.48,12.79,11.48,12.79,0,12.13
2014/06/10,11.48,12.79,11.48,12.79,0,12.13
2014/06/11,11.48,12.79,11.48,12.79,0,12.13
2014/06/12,11.48,12.79,11.48,12.79,0,12.13
2014/06/13,11.48,12.79,11.48,12.79,0,12.13
2014/06/16,11.48,12.79,11.48,12.79,0,12.13
2014/06/17,11.48,12.79,11.48,12.79,0,12.13
2014/06/18,11.48,12.79,11.48,12.79,0,12.13
2014/06/19,11.48,12.79,11.48,12.79,0,12.13
2014/06/20,11.48,12.79,11.48,12.79,0,12.13
2014/06/23,11.48,12.79,11.48,12.79,0,12.13
2014/06/24,11.48,12.79,11.48,12.79,0,12.13
2014/06/25,11.48,12.79,11.48,12.79,0,12.13
2014/06/26,11.48,12.79,11.48,12.79,0,12.13
2014/06/27,11.48,12.79,11.48,12.79,0,12.13
2014/06/30,11.48,12.79,11.48,12.79,0,12.13
2014/07/01,11.48,12.79,11.48,12.79,0,12.13
2014/07/02,11.48,12.79,11.48,12.79,0,12.13
2014/07/03,11.48,12.79,11.48,12.79,0,12.13
2014/07/04,11.48,12.79,11.48,12.79,0,12.13
2014/07/07,11.48,12.79,11.48,12.79,0,12.13
2014/07/08,11.48,12.79,11.48,12.79,0,12.13
2014/07/09,11.48,12.79,11.48,12.79,0,12.13
2014/07/10,11.48,12.79,11.48,12.79,0,12.13
2014/07/11,11.48,12.79,11.48,12.79,0,12.13
2014/07/14,11.48,12.79,11.48,12.79,0,12.13
2014/07/15,11.48,12.79,11.48,12.79,0,12.13
2014/07/16,11.48,12.79,11.48,12.79,0,12.13
2014/07/17,11.48,12.79,11.48,12.79,0,12.13
2014/07/18,11.48,12.79,11.48,12.79,0,12.13
2014/07/21,11.48,12.79,11.48,12.79,0,12.13
2014/07/22,11.48,12.79,11.48,12.79,0,12.13
2014/07/23,11.48,12.79,11.48,12.79,0,12.13
2014/07/24,11.48,12.79,11.48,12.79,0,12.13
2014/07/25,11.48,12.79,11.48,12.79,0,12.13
2014/07/28,14.07,14.07,12.81,13.36,22861446,13.57
2014/07/29,13.61,14.70,13.39,14.70,21524450,14.40
2014/07/30,14.45,14.86,14.14,14.28,19783047,14.45
2014/07/31,14.35,14.41,13.67,13.88,17269165,14.01
2014/08/01,13.71,13.94,13.42,13.94,13221530,13.69
2014/08/04,13.76,13.86,13.49,13.78,6857066,13.78
2014/08/05,13.76,14.11,13.76,14.01,7754988,14.02
2014/08/06,13.95,13.99,13.67,13.87,7085079,13.84
2014/08/07,13.82,13.82,13.54,13.54,5627043,13.66
2014/08/08,13.52,14.45,13.51,14.31,10769387,14.14
2014/08/11,14.25,14.63,14.16,14.36,12132320,14.38
2014/08/12,14.31,14.31,14.06,14.29,6814565,14.24
2014/08/13,14.31,14.86,14.31,14.66,10127515,14.65
2014/08/14,14.55,15.95,14.54,15.45,17486625,15.25
2014/08/15,15.56,15.73,15.31,15.43,10076735,15.51
2014/08/18,15.43,15.69,15.06,15.59,8555270,15.44
2014/08/19,15.59,16.51,15.53,16.26,11536143,16.19
2014/08/20,15.97,16.19,15.76,15.95,6182617,16.05
2014/08/21,15.89,16.40,15.76,16.33,8630370,16.09
2014/08/22,16.36,16.51,16.07,16.23,5919683,16.37
2014/08/25,15.96,16.16,15.36,15.66,7792406,15.75
2014/08/26,15.65,16.11,15.16,15.97,7641119,15.68
2014/08/27,15.82,16.24,15.74,15.94,4073612,16.10
2014/08/28,15.88,15.91,15.36,15.38,3533882,15.59
2014/08/29,15.70,15.87,15.46,15.70,2721425,15.66
2014/09/01,15.71,16.26,15.57,16.15,4790737,16.09
2014/09/02,16.61,16.87,16.33,16.37,7773000,16.61
2014/09/03,16.26,16.61,16.18,16.43,5506172,16.45
2014/09/04,16.44,16.84,16.28,16.76,6491775,16.66
2014/09/05,16.75,16.78,16.38,16.59,4924422,16.58
2014/09/09,16.57,16.76,16.28,16.56,5149564,16.59
2014/09/10,16.36,16.48,16.06,16.34,4221323,16.36
2014/09/11,16.43,17.13,16.43,17.04,10336725,16.92
2014/09/12,17.91,18.65,17.42,17.68,12495311,17.89
2014/09/15,17.80,17.81,17.14,17.65,7081826,17.48
2014/09/16,17.52,17.61,16.47,16.51,5097667,17.19
2014/09/17,16.56,16.73,15.92,16.34,5436827,16.21
2014/09/18,16.34,16.52,16.08,16.32,3052534,16.32
2014/09/19,16.33,17.25,16.33,17.25,4568059,16.79
2014/09/22,17.26,17.26,16.72,16.85,3126304,16.93
2014/09/23,16.76,16.89,16.66,16.78,2235011,16.81
2014/09/24,16.69,16.91,16.66,16.86,3369741,16.84
2014/09/25,17.06,17.06,16.38,16.44,5792241,16.69
2014/09/26,16.45,16.45,16.01,16.21,3605394,16.20
2014/09/29,16.29,16.56,16.07,16.44,3286882,16.36
2014/09/30,16.44,16.52,16.31,16.41,2461068,16.46
2014/10/08,16.42,16.91,16.42,16.86,4507500,16.80
2014/10/09,16.90,17.05,16.42,16.66,4311689,16.73
2014/10/10,16.62,16.62,15.86,15.86,8568121,16.13
2014/10/13,15.76,15.76,15.49,15.57,4200937,15.63
2014/10/14,15.58,15.78,15.17,15.29,6123323,15.48
2014/10/15,15.36,15.51,15.19,15.45,3005430,15.40
2014/10/16,15.46,15.51,14.64,14.67,5124843,15.17
2014/10/17,14.58,15.00,14.14,14.95,5701172,14.52
2014/10/20,14.96,15.10,14.76,15.02,3120395,14.99
2014/10/21,15.01,15.19,14.86,14.87,2832720,15.06
2014/10/22,14.81,14.88,14.49,14.52,2555682,14.70
2014/10/23,14.42,14.52,14.05,14.27,2663469,14.25
2014/10/24,14.32,14.51,14.20,14.41,1538969,14.41
2014/10/27,14.35,14.52,14.18,14.45,1687446,14.42
2014/10/28,14.45,14.95,14.45,14.91,2328437,14.79
2014/10/29,14.88,15.53,14.88,15.47,5355497,15.29
2014/10/30,15.39,15.39,14.98,15.14,3731270,15.24
2014/10/31,15.15,15.23,14.71,14.99,2533717,15.01
2014/11/03,15.13,15.35,15.03,15.16,2029600,15.26
2014/11/04,15.17,15.17,14.66,14.73,2692320,14.90
2014/11/05,14.71,14.76,14.34,14.54,2594502,14.58
2014/11/06,14.67,14.86,14.61,14.85,2414333,14.80
2014/11/07,14.85,14.85,14.40,14.43,3057861,14.64
2014/11/10,14.51,14.52,14.26,14.41,2110925,14.43
2014/11/11,14.46,14.51,13.91,13.96,2765369,14.16
2014/11/12,14.01,14.12,13.76,13.82,2539698,13.93
2014/11/13,13.82,13.83,12.97,13.29,2977033,13.35
2014/11/14,13.24,13.56,12.97,13.42,2420701,13.39
2014/11/17,13.44,14.18,13.43,14.05,2991829,14.01
2014/11/18,14.08,14.12,13.79,13.96,1997146,13.95
2014/11/19,14.01,14.06,13.68,13.86,2194815,13.92
2014/11/20,14.01,14.06,13.68,13.86,0,13.87
2014/11/21,14.01,14.06,13.68,13.86,0,13.87
2014/11/24,14.01,14.06,13.68,13.86,0,13.87
2014/11/25,14.01,14.06,13.68,13.86,0,13.87
2014/11/26,14.01,14.06,13.68,13.86,0,13.87
2014/11/27,15.25,15.25,14.87,15.25,3768300,15.24
2014/11/28,15.95,16.62,15.62,15.65,16573799,15.98
2014/12/01,15.43,15.43,14.27,14.57,9163582,14.76
2014/12/02,14.65,14.65,14.28,14.51,4456125,14.52
2014/12/03,14.36,14.83,14.15,14.82,6501118,14.46
2014/12/04,14.73,14.95,14.66,14.71,4434983,14.79
2014/12/05,14.66,14.66,13.77,13.87,5975713,14.14
2014/12/08,13.74,13.99,13.49,13.63,4118168,13.76
2014/12/09,13.55,13.63,12.76,12.86,5664700,13.32
2014/12/10,12.84,13.43,12.70,13.43,4509116,13.20
2014/12/11,13.46,13.93,13.15,13.54,5202367,13.65
2014/12/12,13.56,13.64,13.46,13.56,2867373,13.57
2014/12/15,13.56,13.84,13.37,13.71,4165337,13.68
2014/12/16,13.67,13.84,13.46,13.47,3757741,13.61
2014/12/17,13.21,13.43,12.97,13.07,4011334,13.14
2014/12/18,13.09,13.24,12.99,13.09,2586571,13.14
2014/12/19,13.01,13.16,12.76,12.85,2999191,12.94
2014/12/22,12.81,12.81,11.67,11.84,3920076,12.06
2014/12/23,11.06,12.50,11.06,12.06,3305492,12.16
2014/12/24,12.06,12.49,12.06,12.49,2133605,12.34
2014/12/25,12.42,12.55,12.37,12.49,1573668,12.53
2014/12/26,12.52,12.83,12.50,12.58,1562562,12.69
2014/12/29,12.56,12.56,11.86,11.96,2305260,12.22
2014/12/30,12.16,12.30,11.70,11.75,1839037,12.01
2014/12/31,11.72,12.18,11.62,12.14,2110727,11.96
2015/01/05,12.15,12.50,12.15,12.49,2245000,12.42
2015/01/06,12.50,13.52,12.36,13.48,6180324,13.19
2015/01/07,13.46,13.71,13.29,13.45,3234295,13.54
2015/01/08,13.41,13.44,13.05,13.08,2017202,13.22
2015/01/09,13.00,13.76,13.00,13.50,5093249,13.62
2015/01/12,13.50,13.76,13.26,13.57,2639318,13.60
2015/01/13,13.58,13.76,13.38,13.56,2909255,13.65
2015/01/14,13.73,14.44,13.66,14.08,4634053,14.14
2015/01/15,13.96,14.61,13.96,14.49,5620312,14.50
2015/01/16,14.58,14.58,14.16,14.44,4323473,14.48
2015/01/19,14.20,14.71,13.78,14.37,5287435,14.35
2015/01/20,14.36,14.92,14.27,14.92,5866548,14.69
2015/01/21,14.96,15.47,14.86,15.26,7872585,15.32
2015/01/22,15.28,15.56,14.95,15.05,5034126,15.23
2015/01/23,15.05,15.06,14.68,14.69,4169876,14.87
2015/01/26,14.76,15.17,14.71,15.15,2878072,14.98
2015/01/27,15.15,15.16,14.78,14.96,2098680,15.02
2015/01/28,14.91,14.91,14.60,14.78,3061235,14.78
2015/01/29,14.66,14.66,14.35,14.39,2193580,14.50
2015/01/30,14.39,14.81,14.17,14.27,2747314,14.54
2015/02/02,14.09,14.41,13.95,14.11,2235407,14.23
2015/02/03,14.16,14.60,14.14,14.54,2345064,14.35
2015/02/04,14.51,14.51,14.13,14.41,1917607,14.38
2015/02/05,14.41,14.49,13.96,14.06,3511863,14.27
2015/02/06,14.01,14.32,13.88,14.28,2131352,14.21
2015/02/09,14.26,14.64,14.04,14.36,2082642,14.42
2015/02/10,14.20,14.40,14.07,14.36,1617850,14.23
2015/02/11,14.36,14.49,14.21,14.36,1693758,14.41
2015/02/12,14.34,14.76,14.22,14.75,3453643,14.62
2015/02/13,14.84,15.07,14.76,15.03,4537402,15.01
2015/02/16,15.10,15.55,15.03,15.54,6388436,15.38
2015/02/17,15.46,15.51,15.17,15.31,3260947,15.35
2015/02/25,15.26,15.56,15.22,15.28,2721272,15.43
2015/02/26,15.29,15.29,14.86,15.17,3068370,15.11
2015/02/27,15.23,15.35,15.01,15.25,3554055,15.26
2015/03/02,15.34,16.33,15.26,15.96,9837882,15.79
2015/03/03,15.88,16.92,15.65,16.62,10874334,16.37
2015/03/04,16.40,17.55,16.31,17.54,13135799,17.20
2015/03/05,17.58,17.61,16.77,17.15,8948344,17.15
2015/03/06,17.16,17.26,16.46,16.75,6405768,16.87
2015/03/09,16.74,17.59,16.74,17.46,9910811,17.37
2015/03/10,17.32,18.74,17.26,18.44,15514055,18.31
2015/03/11,18.39,19.75,17.91,18.04,12981880,18.73
2015/03/12,18.21,18.41,17.06,17.39,7329830,17.63
2015/03/13,17.61,18.36,17.40,18.01,7895670,17.93
2015/03/16,18.35,19.64,18.35,19.34,11699335,19.05
2015/03/17,19.96,20.96,18.76,19.04,18572725,19.90
2015/03/18,19.04,20.44,18.97,20.36,13996507,19.69
2015/03/19,20.35,20.84,19.76,20.74,10549845,20.21
2015/03/20,20.55,21.03,20.17,20.80,9206430,20.67
2015/03/23,20.72,20.75,20.26,20.52,11334558,20.54
2015/03/24,20.51,20.51,19.26,19.64,14825568,19.77
2015/03/25,19.64,20.30,19.46,19.79,8743934,20.00
2015/03/26,19.74,19.74,18.64,18.90,10517458,19.08
2015/03/27,18.81,19.60,18.79,19.44,6598254,19.26
2015/03/30,19.51,20.15,19.51,19.85,8694718,19.91
2015/03/31,19.86,20.00,19.14,19.61,7450060,19.52
2015/04/01,19.86,20.00,19.14,19.61,0,19.57
2015/04/02,19.86,20.00,19.14,19.61,0,19.57
2015/04/03,19.86,20.00,19.14,19.61,0,19.57
2015/04/07,19.86,20.00,19.14,19.61,0,19.57
2015/04/08,19.86,20.00,19.14,19.61,0,19.57
2015/04/09,19.86,20.00,19.14,19.61,0,19.57
2015/04/10,19.86,20.00,19.14,19.61,0,19.57
2015/04/13,19.86,20.00,19.14,19.61,0,19.57
2015/04/14,19.86,20.00,19.14,19.61,0,19.57
2015/04/15,19.86,20.00,19.14,19.61,0,19.57
2015/04/16,19.86,20.00,19.14,19.61,0,19.57
2015/04/17,19.86,20.00,19.14,19.61,0,19.57
2015/04/20,19.86,20.00,19.14,19.61,0,19.57
2015/04/21,19.86,20.00,19.14,19.61,0,19.57
2015/04/22,19.86,20.00,19.14,19.61,0,19.57
2015/04/23,19.86,20.00,19.14,19.61,0,19.57
2015/04/24,19.86,20.00,19.14,19.61,0,19.57
2015/04/27,19.86,20.00,19.14,19.61,0,19.57
2015/04/28,19.86,20.00,19.14,19.61,0,19.57
2015/04/29,19.86,20.00,19.14,19.61,0,19.57
2015/04/30,19.86,20.00,19.14,19.61,0,19.57
2015/05/04,19.86,20.00,19.14,19.61,0,19.57
2015/05/05,19.86,20.00,19.14,19.61,0,19.57
2015/05/06,19.86,20.00,19.14,19.61,0,19.57
2015/05/07,19.86,20.00,19.14,19.61,0,19.57
2015/05/08,19.86,20.00,19.14,19.61,0,19.57
2015/05/11,19.86,20.00,19.14,19.61,0,19.57
2015/05/12,19.86,20.00,19.14,19.61,0,19.57
2015/05/13,19.86,20.00,19.14,19.61,0,19.57
2015/05/14,19.86,20.00,19.14,19.61,0,19.57
2015/05/15,19.86,20.00,19.14,19.61,0,19.57
2015/05/18,19.86,20.00,19.14,19.61,0,19.57
2015/05/19,19.86,20.00,19.14,19.61,0,19.57
2015/05/20,19.86,20.00,19.14,19.61,0,19.57
2015/05/21,19.86,20.00,19.14,19.61,0,19.57
2015/05/22,19.86,20.00,19.14,19.61,0,19.57
2015/05/25,19.86,20.00,19.14,19.61,0,19.57
2015/05/26,19.86,20.00,19.14,19.61,0,19.57
2015/05/27,19.86,20.00,19.14,19.61,0,19.57
2015/05/28,19.86,20.00,19.14,19.61,0,19.57
2015/05/29,19.86,20.00,19.14,19.61,0,19.57
2015/06/01,19.86,20.00,19.14,19.61,0,19.57
2015/06/02,19.86,20.00,19.14,19.61,0,19.57
2015/06/03,19.86,20.00,19.14,19.61,0,19.57
2015/06/04,19.86,20.00,19.14,19.61,0,19.57
2015/06/05,21.58,21.58,21.58,21.58,49983,21.62
2015/06/08,23.74,23.74,23.74,23.74,118339,23.78
2015/06/09,26.12,26.12,26.12,26.12,129170,26.16
2015/06/10,28.74,28.74,27.46,28.74,7739812,28.55
2015/06/11,31.62,31.62,31.62,31.62,1372891,31.66
2015/06/12,34.79,34.79,34.79,34.79,327769,34.83
2015/06/15,37.96,37.96,31.62,33.41,33800347,34.42
2015/06/16,32.14,33.41,31.07,32.47,12243832,32.27
2015/06/17,32.65,32.65,29.62,30.64,11916649,30.74
2015/06/18,30.26,30.86,27.57,27.70,13466095,29.36
2015/06/19,26.46,27.45,25.07,25.52,9552456,26.55
2015/06/23,26.05,27.50,24.28,27.03,11487122,26.45
2015/06/24,27.30,27.82,26.18,27.12,10550340,26.99
2015/06/25,26.98,27.90,24.90,25.51,9864699,26.93
2015/06/26,24.05,24.54,22.96,22.96,7662878,23.42
2015/06/29,23.24,23.34,20.66,20.66,13500611,21.31
2015/06/30,19.80,22.73,18.59,22.29,15805783,20.39
2015/07/01,22.00,23.95,20.61,21.20,16514295,22.72
2015/07/02,20.75,22.15,19.09,19.18,12377456,20.48
2015/07/03,19.18,20.14,17.26,17.32,12427454,18.11
2015/07/06,19.05,19.05,15.59,15.80,12876845,17.20
2015/07/07,19.05,19.05,15.59,15.80,0,17.32
2015/07/08,19.05,19.05,15.59,15.80,0,17.32
2015/07/09,19.05,19.05,15.59,15.80,0,17.32
2015/07/10,19.05,19.05,15.59,15.80,0,17.32
2015/07/13,19.05,19.05,15.59,15.80,0,17.32
2015/07/14,17.38,17.38,17.38,17.38,278045,17.38
2015/07/15,19.12,19.12,18.40,18.40,23157846,18.87
2015/07/16,17.90,20.20,16.71,19.40,16259163,19.13
2015/07/17,20.30,21.34,20.30,21.34,6844045,20.92
2015/07/20,23.45,23.47,22.38,23.47,16959576,23.40
2015/07/21,25.00,25.82,24.64,25.82,4155798,25.30
2015/07/22,28.40,28.40,28.40,28.40,4610003,28.40
2015/07/23,28.50,31.24,26.66,30.79,35621169,29.00
2015/07/24,29.71,33.66,29.69,31.00,19251651,31.68
2015/07/27,29.96,34.10,29.41,29.69,19550461,32.59
2015/07/28,27.71,31.88,26.88,28.09,17505797,28.78
2015/07/29,29.00,30.90,27.64,30.90,14430367,29.44
2015/07/30,31.00,32.69,29.40,29.50,12364506,31.36
2015/07/31,28.27,29.49,26.55,26.70,9714534,27.71
2015/08/03,25.80,25.80,24.03,24.03,6764464,24.47
2015/08/04,23.12,26.43,23.12,26.43,12754566,24.83
2015/08/05,26.30,27.02,24.50,25.00,10688470,25.85
2015/08/06,24.17,25.00,23.51,23.90,7141853,24.15
2015/08/07,24.50,26.29,24.50,26.29,9957185,25.96
2015/08/10,27.31,28.92,26.62,28.90,14281250,27.72
2015/08/11,28.90,30.65,27.80,29.35,11207553,29.11
2015/08/12,28.35,29.80,27.58,27.60,10092494,28.45
2015/08/13,27.60,28.30,26.52,28.30,6254836,27.69
2015/08/14,29.00,29.50,28.20,28.61,6772935,28.83
2015/08/17,27.80,28.34,26.94,27.89,7154465,27.53
2015/08/18,28.60,29.70,25.10,25.10,11894279,27.43
2015/08/19,23.18,25.91,22.70,25.50,11208491,23.87
2015/08/20,23.18,25.91,22.70,25.50,0,24.30
2015/08/21,23.18,25.91,22.70,25.50,0,24.30
2015/08/24,23.18,25.91,22.70,25.50,0,24.30
2015/08/25,23.18,25.91,22.70,25.50,0,24.30
2015/08/26,23.18,25.91,22.70,25.50,0,24.30
2015/08/27,23.18,25.91,22.70,25.50,0,24.30
2015/08/28,23.18,25.91,22.70,25.50,0,24.30
2015/08/31,23.18,25.91,22.70,25.50,0,24.30
2015/09/01,23.18,25.91,22.70,25.50,0,24.30
2015/09/02,23.18,25.91,22.70,25.50,0,24.30
2015/09/07,23.18,25.91,22.70,25.50,0,24.30
2015/09/08,23.18,25.91,22.70,25.50,0,24.30
2015/09/09,23.18,25.91,22.70,25.50,0,24.30
2015/09/10,23.18,25.91,22.70,25.50,0,24.30
2015/09/11,23.18,25.91,22.70,25.50,0,24.30
2015/09/14,23.18,25.91,22.70,25.50,0,24.30
2015/09/15,23.18,25.91,22.70,25.50,0,24.30
2015/09/16,23.18,25.91,22.70,25.50,0,24.30
2015/09/17,23.18,25.91,22.70,25.50,0,24.30
2015/09/18,23.18,25.91,22.70,25.50,0,24.30
2015/09/21,23.18,25.91,22.70,25.50,0,24.30
2015/09/22,23.18,25.91,22.70,25.50,0,24.30
2015/09/23,23.18,25.91,22.70,25.50,0,24.30
2015/09/24,23.18,25.91,22.70,25.50,0,24.30
2015/09/25,23.18,25.91,22.70,25.50,0,24.30
2015/09/28,23.18,25.91,22.70,25.50,0,24.30
2015/09/29,23.18,25.91,22.70,25.50,0,24.30
2015/09/30,23.18,25.91,22.70,25.50,0,24.30
2015/10/08,23.18,25.91,22.70,25.50,0,24.30
2015/10/09,23.18,25.91,22.70,25.50,0,24.30
2015/10/12,23.18,25.91,22.70,25.50,0,24.30
2015/10/13,23.18,25.91,22.70,25.50,0,24.30
2015/10/14,23.18,25.91,22.70,25.50,0,24.30
2015/10/15,23.18,25.91,22.70,25.50,0,24.30
2015/10/16,23.18,25.91,22.70,25.50,0,24.30
2015/10/19,23.18,25.91,22.70,25.50,0,24.30
2015/10/20,23.18,25.91,22.70,25.50,0,24.30
2015/10/21,23.18,25.91,22.70,25.50,0,24.30
2015/10/22,23.18,25.91,22.70,25.50,0,24.30
2015/10/23,23.18,25.91,22.70,25.50,0,24.30
2015/10/26,23.18,25.91,22.70,25.50,0,24.30
2015/10/27,23.18,25.91,22.70,25.50,0,24.30
2015/10/28,23.18,25.91,22.70,25.50,0,24.30
2015/10/29,23.18,25.91,22.70,25.50,0,24.30
2015/10/30,23.18,25.91,22.70,25.50,0,24.30
2015/11/02,23.18,25.91,22.70,25.50,0,24.30
2015/11/03,23.18,25.91,22.70,25.50,0,24.30
2015/11/04,23.18,25.91,22.70,25.50,0,24.30
2015/11/05,23.18,25.91,22.70,25.50,0,24.30
2015/11/06,23.18,25.91,22.70,25.50,0,24.30
2015/11/09,23.18,25.91,22.70,25.50,0,24.30
2015/11/10,23.18,25.91,22.70,25.50,0,24.30
2015/11/11,23.18,25.91,22.70,25.50,0,24.30
2015/11/12,23.18,25.91,22.70,25.50,0,24.30
2015/11/13,23.18,25.91,22.70,25.50,0,24.30
2015/11/16,23.18,25.91,22.70,25.50,0,24.30
2015/11/17,23.18,25.91,22.70,25.50,0,24.30
2015/11/18,23.18,25.91,22.70,25.50,0,24.30
2015/11/19,23.18,25.91,22.70,25.50,0,24.30
2015/11/20,23.18,25.91,22.70,25.50,0,24.30
2015/11/23,23.18,25.91,22.70,25.50,0,24.30
2015/11/24,23.18,25.91,22.70,25.50,0,24.30
2015/11/25,23.18,25.91,22.70,25.50,0,24.30
2015/11/26,23.18,25.91,22.70,25.50,0,24.30
2015/11/27,23.18,25.91,22.70,25.50,0,24.30
2015/11/30,23.18,25.91,22.70,25.50,0,24.30
2015/12/01,23.18,25.91,22.70,25.50,0,24.30
2015/12/02,23.18,25.91,22.70,25.50,0,24.30
2015/12/03,23.18,25.91,22.70,25.50,0,24.30
2015/12/04,23.18,25.91,22.70,25.50,0,24.30
2015/12/07,23.18,25.91,22.70,25.50,0,24.30
2015/12/08,23.18,25.91,22.70,25.50,0,24.30
2015/12/09,23.18,25.91,22.70,25.50,0,24.30
2015/12/10,23.18,25.91,22.70,25.50,0,24.30
2015/12/11,23.18,25.91,22.70,25.50,0,24.30
2015/12/14,23.18,25.91,22.70,25.50,0,24.30
2015/12/15,23.18,25.91,22.70,25.50,0,24.30
2015/12/16,23.18,25.91,22.70,25.50,0,24.30
2015/12/17,23.18,25.91,22.70,25.50,0,24.30
2015/12/18,23.18,25.91,22.70,25.50,0,24.30
2015/12/21,23.18,25.91,22.70,25.50,0,24.30
2015/12/22,23.18,25.91,22.70,25.50,0,24.30
2015/12/23,23.18,25.91,22.70,25.50,0,24.30
2015/12/24,23.18,25.91,22.70,25.50,0,24.30
2015/12/25,23.18,25.91,22.70,25.50,0,24.30
2015/12/28,23.18,25.91,22.70,25.50,0,24.30
2015/12/29,23.18,25.91,22.70,25.50,0,24.30
2015/12/30,23.18,25.91,22.70,25.50,0,24.30
2015/12/31,23.18,25.91,22.70,25.50,0,24.30
2016/01/04,23.18,25.91,22.70,25.50,0,24.30
2016/01/05,23.18,25.91,22.70,25.50,0,24.30
2016/01/06,23.18,25.91,22.70,25.50,0,24.30
2016/01/07,23.18,25.91,22.70,25.50,0,24.30
2016/01/08,23.18,25.91,22.70,25.50,0,24.30
2016/01/11,23.18,25.91,22.70,25.50,0,24.30
2016/01/12,23.18,25.91,22.70,25.50,0,24.30
2016/01/13,23.18,25.91,22.70,25.50,0,24.30
2016/01/14,23.35,28.05,23.35,28.05,27478037,27.52
2016/01/15,28.15,30.86,28.06,28.62,26556250,29.66
2016/01/18,26.89,30.15,26.89,29.20,20732216,28.40
2016/01/19,29.67,32.12,29.67,32.12,17836727,31.62
2016/01/20,33.31,35.05,31.40,31.75,21750739,33.17
2016/01/21,30.90,32.38,28.58,28.58,23468925,30.16
2016/01/22,29.32,31.44,28.75,31.44,25647609,30.68
2016/01/25,31.77,33.49,30.65,31.29,22331607,32.00
2016/01/26,31.29,31.29,28.16,28.16,16783743,29.25
2016/01/27,27.11,27.60,25.34,26.00,21042038,25.82
2016/01/28,25.00,26.59,23.81,24.40,12323558,25.38
2016/01/29,24.10,26.35,24.10,25.35,10539338,25.55
2016/02/01,25.10,27.30,25.10,25.94,12103131,26.40
2016/02/02,25.90,28.53,25.73,28.53,9702343,28.00
2016/02/03,28.53,30.84,28.53,30.33,14566857,29.62
2016/02/04,30.33,31.27,29.65,30.53,9368289,30.53
2016/02/05,30.22,31.40,29.20,29.58,6182282,29.95
2016/02/15,28.15,31.50,28.15,31.50,9359300,30.07
2016/02/16,31.80,32.98,31.00,32.04,9441702,31.94
2016/02/17,31.51,31.83,29.80,31.22,12064707,30.91
2016/02/18,31.00,33.20,30.33,32.78,18206101,31.87
2016/02/19,32.14,32.20,30.40,31.10,13328039,31.20
2016/02/22,31.20,32.20,30.31,32.20,12604358,31.24
2016/02/23,32.05,32.05,29.00,30.14,14826628,30.30
2016/02/24,29.57,29.90,28.38,29.20,9092822,29.07
2016/02/25,29.27,29.27,26.28,26.28,11951722,27.32
2016/02/26,26.28,27.88,25.74,27.33,12942995,26.98
2016/02/29,27.00,27.00,24.60,24.60,9492237,24.99
2016/03/01,24.60,25.65,23.14,25.29,10638546,24.52
2016/03/02,25.30,26.91,25.00,26.89,11550776,26.12
2016/03/03,26.77,27.20,26.01,26.09,10029753,26.45
2016/03/04,26.19,26.20,23.60,23.83,9739007,24.70
2016/03/07,23.60,25.29,23.10,24.08,7125920,24.42
2016/03/08,24.03,25.82,21.71,25.36,14576184,23.99
2016/03/09,24.60,26.22,24.36,24.92,8105059,25.52
2016/03/10,24.65,25.50,24.01,24.05,5624987,24.47
2016/03/11,23.42,24.12,23.18,23.50,4110616,23.57
2016/03/14,23.80,25.84,23.80,25.49,8970408,25.24
2016/03/15,25.39,26.78,24.90,25.00,8197035,26.11
2016/03/16,25.33,25.87,23.81,24.61,6907977,24.87
2016/03/17,24.67,27.07,24.61,27.07,9736331,26.21
2016/03/18,28.08,29.33,27.70,28.55,10988753,28.49
2016/03/21,28.80,30.11,28.55,29.67,10215350,29.26
2016/03/22,28.87,29.98,28.05,28.40,10401647,28.66
2016/03/23,29.40,30.14,28.66,29.55,19884405,29.25
2016/03/24,28.98,29.35,28.01,28.09,11308453,28.81
2016/03/25,27.99,28.57,27.70,28.36,7153467,28.11
2016/03/28,28.64,28.83,27.30,28.10,9124107,28.23
2016/03/29,28.10,28.10,26.26,26.75,9629736,27.13
2016/03/30,27.05,27.65,26.04,27.57,13619842,26.77
2016/03/31,27.21,28.38,27.11,27.41,11926292,27.76
2016/04/01,27.46,28.77,27.09,28.06,14680307,27.98
2016/04/05,28.38,29.06,27.30,28.86,13784006,28.17
2016/04/06,29.82,30.95,29.29,29.36,24683079,30.02
2016/04/07,28.91,29.59,28.10,28.56,13559387,28.73
2016/04/08,28.08,28.50,27.30,27.78,9316872,27.88
2016/04/11,28.03,28.93,28.03,28.26,10680135,28.46
2016/04/12,28.09,28.50,27.14,27.50,8904889,27.70
2016/04/13,27.53,28.16,27.48,27.50,9718582,27.82
2016/04/14,27.94,29.49,27.75,29.23,22518246,28.88
2016/04/15,29.06,29.27,28.45,28.89,10175257,28.83
2016/04/18,28.79,29.19,28.00,28.84,10739963,28.63
2016/04/19,29.11,29.20,27.70,28.21,9460168,28.30
2016/04/20,28.15,28.37,25.39,25.82,17261577,26.48
2016/04/21,25.60,26.05,24.81,24.90,6745546,25.41
2016/04/22,24.91,25.56,24.83,25.38,5279138,25.27
2016/04/25,24.25,24.25,22.84,23.25,16948711,23.27
2016/04/26,22.81,23.55,22.55,23.51,10330568,23.11
2016/04/27,22.81,23.55,22.55,23.51,0,23.05
2016/04/28,22.81,23.55,22.55,23.51,0,23.05
2016/04/29,22.81,23.55,22.55,23.51,0,23.05
2016/05/03,22.81,23.55,22.55,23.51,0,23.05
2016/05/04,22.81,23.55,22.55,23.51,0,23.05
2016/05/05,23.62,25.44,23.62,24.61,16874134,24.36
2016/05/06,24.50,24.54,22.41,22.89,14940897,23.67
2016/05/09,22.50,22.55,21.19,22.01,11084213,21.90
2016/05/10,21.91,22.20,21.61,21.95,7026547,21.98
2016/05/11,22.29,22.43,21.34,21.35,6366239,21.69
2016/05/12,20.58,21.00,19.92,20.69,9913867,20.53
2016/05/13,20.76,21.15,20.50,20.83,6902996,20.84
2016/05/16,20.83,21.54,20.52,21.44,8795265,21.20
2016/05/17,21.48,21.70,20.96,21.20,5708264,21.25
2016/05/18,21.02,21.02,20.17,20.45,6264842,20.45
2016/05/19,20.48,22.00,20.45,21.30,13540764,21.43
2016/05/20,21.00,22.38,20.85,22.25,9715588,21.78
2016/05/23,22.30,23.45,22.30,22.95,11208366,23.12
2016/05/24,22.52,22.96,22.33,22.33,7131973,22.63
2016/05/25,22.28,23.00,21.62,22.04,5887924,22.22
2016/05/26,21.91,22.80,21.50,22.65,7036535,22.14
2016/05/27,22.85,22.85,22.27,22.35,4142086,22.53
2016/05/30,22.23,22.45,21.62,22.15,2904304,22.13
2016/05/31,22.35,23.10,22.22,23.03,9137835,22.84
2016/06/01,23.18,23.55,23.00,23.21,8221082,23.26
2016/06/02,23.15,23.15,22.61,22.92,8218422,22.84
2016/06/03,22.73,23.30,22.70,22.89,9159786,22.97
2016/06/06,23.17,23.88,23.01,23.67,10314420,23.56
2016/06/07,23.52,24.48,23.43,23.77,9933991,23.96
2016/06/08,23.80,25.40,23.77,24.81,14292494,24.65
2016/06/13,24.33,24.37,22.80,22.94,10535214,23.77
2016/06/14,22.33,22.95,22.32,22.48,5763438,22.59
2016/06/15,22.22,24.09,22.07,24.03,8444900,23.33
2016/06/16,23.80,24.95,23.61,24.87,9934164,24.48
2016/06/17,24.80,25.48,24.26,24.65,10021998,24.91
2016/06/20,24.65,25.26,24.21,24.54,6416780,24.70
2016/06/21,24.60,24.90,23.37,23.49,9421248,23.86
2016/06/22,23.36,23.98,23.27,23.94,4192061,23.73
2016/06/23,23.90,23.99,22.93,23.27,7281282,23.27
2016/06/24,23.36,23.59,21.50,23.10,5581060,23.05
2016/06/27,22.80,23.66,22.60,23.66,5749405,23.34
2016/06/28,23.62,24.38,23.33,24.28,11231899,23.97
2016/06/29,24.25,24.90,24.16,24.28,6505708,24.51
2016/06/30,24.40,24.78,24.11,24.60,7196134,24.47
2016/07/01,24.65,25.77,24.27,25.36,12967801,25.32
2016/07/04,25.00,25.97,24.91,25.64,8309928,25.52
2016/07/05,25.35,25.79,25.30,25.40,5411322,25.52
2016/07/06,25.58,25.58,25.00,25.14,3802075,25.17
2016/07/07,25.00,25.28,24.58,25.18,7117315,24.91
2016/07/08,25.28,26.50,24.90,26.35,11762236,25.73
2016/07/11,26.23,27.65,26.23,26.57,14586532,27.01
2016/07/12,26.30,27.56,25.57,27.50,12012754,26.56
2016/07/13,27.30,29.09,27.08,28.71,17807857,28.14
2016/07/14,28.60,29.12,27.80,28.04,12467230,28.42
2016/07/15,28.05,28.33,27.72,28.25,6650047,28.01
2016/07/18,28.88,29.09,27.80,27.91,17806409,28.52
2016/07/19,27.05,27.43,26.38,27.19,11301839,26.85
2016/07/20,27.18,28.67,26.80,28.16,13800669,28.07
2016/07/21,28.19,28.40,27.20,27.70,8487380,27.78
2016/07/22,27.40,27.99,26.88,27.16,6050829,27.42
2016/07/25,27.15,28.53,26.75,27.69,7883976,27.89
2016/07/26,27.71,28.29,27.66,27.90,5032700,27.94
2016/07/27,28.10,28.10,25.11,25.46,11113500,26.32
2016/07/28,25.47,25.76,23.50,25.40,10524400,24.94
2016/07/29,25.20,25.65,24.90,25.10,5447374,25.15
2016/08/01,25.00,25.80,24.31,25.42,6183371,25.26
2016/08/02,25.45,26.15,25.23,25.85,5298371,25.81
2016/08/03,25.77,25.96,25.53,25.68,3127880,25.70
2016/08/04,25.69,25.91,25.40,25.69,3271994,25.61
2016/08/05,25.70,25.90,25.02,25.04,4958965,25.57
2016/08/08,25.10,25.97,24.70,25.75,4674633,25.55
2016/08/09,25.10,25.97,24.70,25.75,0,25.33
