Date, SZ002365.Open, SZ002365.High, SZ002365.Low, SZ002365.Close, SZ002365.Volume, SZ002365.Adjusted
2010/03/05,21.61,22.11,20.64,20.89,13764610,21.38
2010/03/08,21.72,22.11,20.95,21.09,7667706,21.53
2010/03/09,20.51,21.36,19.66,21.14,7179438,20.51
2010/03/10,20.76,21.01,20.31,20.43,3110275,20.66
2010/03/11,20.41,20.89,19.83,20.54,4090346,20.36
2010/03/12,20.30,21.05,19.95,20.67,4328369,20.50
2010/03/15,20.56,20.63,20.07,20.18,1915656,20.35
2010/03/16,20.04,20.26,19.05,19.51,3272043,19.66
2010/03/17,19.56,19.99,19.36,19.79,2854906,19.67
2010/03/18,19.76,19.78,19.11,19.36,2224604,19.45
2010/03/19,19.30,19.59,19.27,19.41,1366745,19.43
2010/03/22,19.36,19.78,19.32,19.65,1643378,19.55
2010/03/23,19.66,19.71,19.28,19.37,1380783,19.50
2010/03/24,19.39,19.91,19.11,19.84,2721414,19.51
2010/03/25,19.81,20.26,19.64,20.11,2889264,19.95
2010/03/26,19.87,19.96,19.46,19.68,1691683,19.71
2010/03/29,19.73,19.87,19.47,19.85,1442258,19.67
2010/03/30,19.79,20.51,19.79,20.26,2442655,20.15
2010/03/31,20.26,20.67,20.16,20.38,2583829,20.42
2010/04/01,20.36,20.81,20.28,20.44,2662306,20.54
2010/04/02,20.29,20.50,20.11,20.28,1512702,20.30
2010/04/06,20.36,20.81,20.16,20.81,1730553,20.48
2010/04/07,21.08,21.24,20.69,21.07,2143333,20.96
2010/04/08,21.08,21.11,20.42,20.46,2185852,20.77
2010/04/09,20.38,20.59,20.36,20.49,1324640,20.47
2010/04/12,20.52,20.61,20.16,20.34,2068984,20.38
2010/04/13,20.40,20.60,19.01,19.54,2642140,19.81
2010/04/14,19.41,20.50,19.21,20.34,2168213,19.86
2010/04/15,20.35,20.75,19.62,19.86,1481418,20.19
2010/04/16,19.71,20.16,19.29,19.78,880101,19.72
2010/04/19,19.62,19.78,19.15,19.15,1148364,19.46
2010/04/20,19.26,19.36,18.39,18.79,1686969,18.88
2010/04/21,18.79,19.26,18.61,19.23,1304795,18.94
2010/04/22,19.06,19.60,18.96,19.32,1125140,19.28
2010/04/23,19.26,19.46,18.85,18.96,1148452,19.16
2010/04/26,18.91,19.56,18.90,19.47,1099697,19.23
2010/04/27,19.42,19.42,18.42,18.78,1014034,18.92
2010/04/28,18.71,19.10,18.50,18.95,551161,18.80
2010/04/29,18.95,19.50,18.95,19.04,850239,19.22
2010/04/30,18.97,19.01,17.62,17.72,1075762,18.32
2010/05/04,17.31,17.71,17.11,17.61,505790,17.41
2010/05/05,17.42,18.06,17.36,18.00,512624,17.71
2010/05/06,18.00,18.07,17.74,17.76,662049,17.90
2010/05/07,17.60,17.73,17.21,17.47,675907,17.47
2010/05/10,17.44,17.64,16.55,16.66,816691,17.10
2010/05/11,16.87,16.99,15.92,15.93,653174,16.45
2010/05/12,15.86,15.86,14.95,15.25,993466,15.40
2010/05/13,15.25,15.81,14.96,15.74,692943,15.39
2010/05/14,15.51,15.87,15.32,15.71,693276,15.59
2010/05/17,15.53,15.54,14.86,14.87,667932,15.20
2010/05/18,15.10,16.44,15.01,16.44,3633886,15.73
2010/05/19,16.44,17.10,15.95,16.71,3249485,16.53
2010/05/20,16.38,16.72,16.26,16.41,1461056,16.49
2010/05/21,16.06,17.39,15.94,17.19,2153659,16.67
2010/05/24,17.16,17.85,16.96,17.71,2051501,17.41
2010/05/25,17.46,17.69,17.12,17.40,1224002,17.41
2010/05/26,17.24,17.46,16.86,16.91,1094169,17.16
2010/05/27,16.86,17.71,16.65,17.61,1459586,17.18
2010/05/28,17.69,18.01,17.47,17.66,1168387,17.74
2010/05/31,17.56,18.01,17.19,17.31,1220468,17.60
2010/06/01,17.09,17.26,16.12,16.47,1410200,16.69
2010/06/02,16.36,16.66,16.02,16.59,846979,16.34
2010/06/03,16.61,17.01,16.49,16.54,1076553,16.75
2010/06/04,16.46,16.71,16.12,16.52,701255,16.42
2010/06/07,16.01,16.91,15.78,16.85,3087719,16.34
2010/06/08,16.81,17.26,16.59,16.94,1910450,16.93
2010/06/09,17.03,17.36,16.90,17.34,1872789,17.13
2010/06/10,17.15,17.66,17.12,17.47,1512380,17.39
2010/06/11,17.51,17.90,17.18,17.85,2275013,17.54
2010/06/17,17.87,17.98,16.98,16.99,2003645,17.48
2010/06/18,16.67,16.84,16.00,16.05,1612011,16.42
2010/06/21,16.06,16.76,15.29,16.56,1206426,16.03
2010/06/22,16.32,16.67,16.32,16.34,737922,16.50
2010/06/23,16.32,16.67,16.32,16.34,0,16.50
2010/06/24,16.23,16.67,16.23,16.41,776433,16.45
2010/06/25,16.35,16.35,15.84,16.07,773191,16.10
2010/06/28,16.05,16.11,15.61,15.72,544574,15.86
2010/06/29,15.79,15.85,14.91,15.05,966643,15.38
2010/06/30,15.01,15.01,14.38,14.50,942187,14.70
2010/07/01,14.51,14.84,14.44,14.61,696312,14.64
2010/07/02,14.61,14.71,13.76,14.26,921412,14.24
2010/07/05,14.07,14.21,13.80,14.09,481953,14.01
2010/07/06,13.98,14.73,13.98,14.63,750573,14.36
2010/07/07,14.66,14.71,14.31,14.66,619691,14.51
2010/07/08,14.69,15.46,14.69,15.25,1563159,15.08
2010/07/09,15.22,15.55,15.11,15.44,1017625,15.33
2010/07/12,15.44,15.46,15.25,15.36,850428,15.36
2010/07/13,15.24,15.24,14.56,14.84,1184862,14.90
2010/07/14,14.79,15.05,14.79,14.81,718934,14.92
2010/07/15,14.76,15.00,14.41,14.44,707145,14.71
2010/07/16,14.31,14.75,14.31,14.67,506706,14.53
2010/07/19,14.56,15.04,14.42,14.95,718115,14.73
2010/07/20,14.95,15.37,14.87,15.35,931061,15.12
2010/07/21,15.36,15.52,15.21,15.26,909281,15.37
2010/07/22,15.22,15.70,15.22,15.68,980438,15.46
2010/07/23,15.69,15.79,15.46,15.67,1105411,15.63
2010/07/26,15.69,15.91,15.56,15.86,887393,15.74
2010/07/27,15.71,15.86,15.69,15.81,731198,15.77
2010/07/28,15.91,15.99,15.76,15.97,965193,15.88
2010/07/29,15.98,16.05,15.76,15.84,914430,15.91
2010/07/30,15.76,15.86,15.61,15.81,597770,15.73
2010/08/02,15.66,17.01,15.66,16.84,2402003,16.34
2010/08/03,16.76,17.17,16.55,16.64,1966507,16.86
2010/08/04,16.61,17.11,16.61,16.91,1447121,16.86
2010/08/05,16.91,17.36,16.90,17.00,1525228,17.13
2010/08/06,17.01,17.41,16.89,17.36,1405320,17.15
2010/08/09,17.36,17.80,17.36,17.62,1334136,17.58
2010/08/10,17.66,17.86,17.17,17.66,3030884,17.52
2010/08/11,17.52,18.69,17.37,18.62,3266319,18.03
2010/08/12,18.32,18.79,18.17,18.49,2263494,18.48
2010/08/13,18.59,19.11,18.12,18.42,1561147,18.62
2010/08/16,18.45,18.71,18.37,18.61,1934111,18.54
2010/08/17,18.57,18.71,18.30,18.48,1560387,18.51
2010/08/18,18.56,19.16,18.56,19.10,2501602,18.86
2010/08/19,19.01,19.14,17.86,18.13,5130850,18.50
2010/08/20,17.94,17.94,17.24,17.31,2695366,17.59
2010/08/23,16.77,16.94,16.69,16.88,2942784,16.82
2010/08/24,16.80,16.86,16.49,16.75,1909445,16.67
2010/08/25,16.70,16.70,16.39,16.46,1676391,16.54
2010/08/26,16.47,16.66,16.46,16.61,1028182,16.56
2010/08/27,16.66,16.76,16.41,16.71,1076344,16.59
2010/08/30,16.77,17.10,16.77,17.03,1699610,16.94
2010/08/31,16.98,16.98,16.51,16.65,2095167,16.75
2010/09/01,16.66,16.66,15.92,16.00,2080401,16.29
2010/09/02,16.07,16.73,16.06,16.59,1882203,16.39
2010/09/03,16.61,16.75,16.44,16.60,1287482,16.60
2010/09/06,16.57,16.71,16.30,16.34,1180962,16.51
2010/09/07,16.57,16.71,16.30,16.34,0,16.51
2010/09/08,16.34,16.85,16.34,16.72,1486239,16.60
2010/09/09,16.76,17.00,16.55,16.59,1531929,16.78
2010/09/10,16.69,16.91,16.29,16.87,1811777,16.60
2010/09/13,17.16,17.84,17.16,17.42,3642773,17.50
2010/09/14,17.46,17.72,17.37,17.49,1910376,17.54
2010/09/15,17.51,17.70,17.36,17.41,1654794,17.53
2010/09/16,17.39,17.56,16.40,16.46,1508575,16.98
2010/09/17,16.47,16.80,16.29,16.49,771022,16.54
2010/09/20,16.54,16.75,16.17,16.34,610742,16.46
2010/09/21,16.36,16.57,15.56,15.62,927355,16.07
2010/09/27,15.63,16.05,15.63,15.98,550765,15.84
2010/09/28,15.99,15.99,15.66,15.67,562485,15.83
2010/09/29,15.67,15.76,15.32,15.32,708512,15.54
2010/09/30,15.33,15.58,15.33,15.47,383225,15.46
2010/10/08,15.57,15.92,15.57,15.92,790436,15.75
2010/10/11,15.92,16.05,15.74,16.03,1182858,15.90
2010/10/12,15.94,16.02,15.73,15.83,915967,15.88
2010/10/13,15.91,15.94,15.59,15.74,855675,15.76
2010/10/14,15.73,15.94,15.65,15.68,804139,15.79
2010/10/15,15.66,15.66,15.16,15.21,1209315,15.41
2010/10/18,15.17,15.17,14.36,15.09,1177144,14.76
2010/10/19,15.06,15.94,14.86,15.82,1127378,15.40
2010/10/20,15.62,16.06,15.48,15.73,1144443,15.77
2010/10/21,15.75,15.88,15.64,15.71,680417,15.76
2010/10/22,15.67,15.86,15.51,15.80,840525,15.68
2010/10/25,15.80,16.11,15.80,16.11,1308309,15.96
2010/10/26,16.13,16.19,15.81,15.97,1143125,16.00
2010/10/27,16.00,16.55,16.00,16.17,1587266,16.28
2010/10/28,16.09,16.56,16.09,16.51,2310208,16.32
2010/10/29,16.36,16.45,16.22,16.28,976878,16.33
2010/11/01,16.23,16.39,16.10,16.36,1581480,16.25
2010/11/02,16.37,16.41,16.16,16.18,1449629,16.29
2010/11/03,16.16,16.16,15.76,15.79,1108626,15.96
2010/11/04,15.79,16.00,15.74,15.99,748276,15.87
2010/11/05,16.01,16.32,15.97,16.24,907778,16.15
2010/11/08,16.34,17.36,16.34,17.13,2869920,16.85
2010/11/09,17.14,17.15,16.59,16.84,2311194,16.87
2010/11/10,16.87,18.05,16.87,17.48,3247832,17.46
2010/11/11,17.50,17.76,16.86,16.97,2446520,17.31
2010/11/12,16.86,17.08,15.71,15.75,2039082,16.39
2010/11/15,15.73,16.32,15.66,16.27,1066876,15.99
2010/11/16,16.35,17.53,16.27,16.84,3152178,16.90
2010/11/17,16.55,17.36,16.23,16.26,1796497,16.79
2010/11/18,16.26,16.60,15.71,16.04,1190676,16.16
2010/11/19,16.06,16.66,15.86,16.60,1400018,16.26
2010/11/22,16.61,17.09,16.47,16.85,1564588,16.78
2010/11/23,16.85,16.85,16.31,16.77,1117624,16.58
2010/11/24,16.66,17.30,16.66,17.30,2096515,16.98
2010/11/25,17.29,17.45,17.04,17.21,1664968,17.24
2010/11/26,17.21,17.31,16.64,16.94,1368966,16.97
2010/11/29,16.94,17.64,16.91,17.51,2038083,17.28
2010/11/30,17.37,17.45,16.36,16.71,1538893,16.90
2010/12/01,16.56,16.74,16.29,16.43,815167,16.51
2010/12/02,16.61,16.77,16.42,16.53,763747,16.60
2010/12/03,16.51,16.61,16.21,16.34,490727,16.41
2010/12/06,16.34,16.36,15.85,15.91,744508,16.10
2010/12/07,16.03,16.14,15.76,16.09,464811,15.95
2010/12/08,16.09,16.19,15.91,15.99,517250,16.05
2010/12/09,16.00,16.06,15.71,15.74,591551,15.88
2010/12/10,15.74,16.04,15.71,15.98,284614,15.88
2010/12/13,16.04,16.35,16.00,16.26,723738,16.18
2010/12/14,16.27,16.34,16.18,16.29,624403,16.26
2010/12/15,16.34,16.36,16.21,16.33,617785,16.29
2010/12/16,16.34,16.66,16.34,16.57,885653,16.50
2010/12/17,16.57,16.66,16.47,16.59,485566,16.56
2010/12/20,16.59,16.71,16.05,16.21,895216,16.38
2010/12/21,16.29,16.51,16.21,16.50,418235,16.36
2010/12/22,16.50,16.59,16.25,16.28,502438,16.42
2010/12/23,16.21,16.38,15.87,15.87,437670,16.12
2010/12/24,15.81,15.96,15.60,15.64,554671,15.78
2010/12/27,15.65,15.84,15.17,15.25,353250,15.50
2010/12/28,15.25,15.35,15.12,15.17,302173,15.23
2010/12/29,15.17,15.43,15.17,15.35,255270,15.30
2010/12/30,15.35,15.45,15.18,15.39,253398,15.31
2010/12/31,15.36,15.53,15.36,15.50,254375,15.44
2011/01/04,15.56,15.91,15.51,15.74,326256,15.71
2011/01/05,15.75,15.76,15.60,15.67,254284,15.68
2011/01/06,15.67,15.80,15.45,15.46,339865,15.63
2011/01/07,15.46,15.54,15.38,15.44,345083,15.46
2011/01/10,15.44,15.56,15.36,15.50,471879,15.46
2011/01/11,15.36,15.71,15.22,15.67,690085,15.47
2011/01/12,15.75,15.75,15.45,15.64,311876,15.60
2011/01/13,15.53,16.01,15.53,15.70,473458,15.77
2011/01/14,15.66,15.66,15.30,15.41,262243,15.48
2011/01/17,15.30,15.39,14.66,14.68,329068,15.03
2011/01/18,14.68,14.80,14.46,14.61,123990,14.63
2011/01/19,14.62,14.82,14.52,14.81,166817,14.67
2011/01/20,14.81,14.90,14.31,14.31,228600,14.61
2011/01/21,14.31,14.61,14.31,14.41,208446,14.46
2011/01/24,14.36,14.60,14.36,14.39,173190,14.48
2011/01/25,14.44,14.53,14.21,14.29,221621,14.37
2011/01/26,14.35,14.45,14.29,14.41,125250,14.37
2011/01/27,14.42,14.55,14.27,14.54,175424,14.41
2011/01/28,14.55,14.75,14.41,14.67,189449,14.58
2011/01/31,14.61,14.81,14.51,14.69,243102,14.66
2011/02/01,14.70,14.79,14.57,14.69,137901,14.68
2011/02/09,14.61,14.71,14.11,14.36,343150,14.41
2011/02/10,14.30,14.84,14.21,14.83,309022,14.53
2011/02/11,14.85,15.01,14.74,14.89,266948,14.88
2011/02/14,14.90,15.14,14.76,15.11,497789,14.95
2011/02/15,15.09,16.07,14.97,15.86,1023508,15.52
2011/02/16,15.81,15.99,15.46,15.69,1174303,15.73
2011/02/17,15.68,15.68,15.44,15.60,451519,15.56
2011/02/18,15.51,15.51,15.20,15.20,475118,15.35
2011/02/21,15.11,15.43,15.11,15.39,275807,15.27
2011/02/22,15.27,15.45,14.91,14.95,436820,15.18
2011/02/23,14.98,15.32,14.87,15.11,343605,15.09
2011/02/24,15.08,15.36,15.06,15.32,388527,15.21
2011/02/25,15.27,15.36,15.02,15.22,312256,15.19
2011/02/28,15.16,15.68,15.11,15.41,650327,15.39
2011/03/01,15.44,15.61,15.37,15.59,844841,15.49
2011/03/02,15.61,15.66,15.41,15.61,754997,15.54
2011/03/03,15.56,15.56,14.96,14.99,667398,15.26
2011/03/04,15.00,15.10,14.62,14.81,623684,14.86
2011/03/07,14.86,15.02,14.75,14.92,520733,14.88
2011/03/08,14.92,14.92,14.76,14.86,522988,14.84
2011/03/09,14.85,15.05,14.84,15.03,446897,14.95
2011/03/10,14.99,15.01,14.90,14.95,425591,14.96
2011/03/11,14.94,15.10,14.86,15.06,414512,14.98
2011/03/14,15.07,15.59,15.06,15.49,832235,15.33
2011/03/15,15.48,15.53,15.16,15.50,1035465,15.34
2011/03/16,15.62,15.76,15.33,15.42,793710,15.54
2011/03/17,15.42,15.51,15.27,15.34,509350,15.39
2011/03/18,15.34,15.51,15.29,15.43,461723,15.40
2011/03/21,15.50,15.56,15.36,15.54,593906,15.46
2011/03/22,15.54,15.70,15.34,15.68,580737,15.52
2011/03/23,15.68,15.89,15.56,15.75,620614,15.73
2011/03/24,15.75,16.06,15.62,15.99,1083963,15.84
2011/03/25,16.00,16.36,15.46,15.89,1656520,15.91
2011/03/28,15.86,16.09,15.60,15.62,1344623,15.84
2011/03/29,15.61,15.61,15.09,15.13,767621,15.35
2011/03/30,15.16,15.31,15.09,15.16,500768,15.20
2011/03/31,15.17,15.48,15.17,15.31,388038,15.33
2011/04/01,15.27,15.56,15.27,15.31,297369,15.42
2011/04/06,15.31,15.33,15.11,15.24,336419,15.22
2011/04/07,15.21,15.40,15.18,15.36,271274,15.29
2011/04/08,15.34,15.88,15.26,15.70,625981,15.57
2011/04/11,15.70,15.81,15.47,15.50,612802,15.64
2011/04/12,15.50,15.61,15.39,15.44,242282,15.50
2011/04/13,15.32,15.61,15.16,15.51,296231,15.38
2011/04/14,15.51,15.81,15.51,15.63,608349,15.66
2011/04/15,15.79,16.16,15.66,16.05,1284171,15.91
2011/04/18,16.01,16.26,15.83,15.87,718977,16.05
2011/04/19,15.80,16.10,15.63,15.96,672059,15.87
2011/04/20,15.95,16.21,15.90,16.14,842440,16.06
2011/04/21,15.95,16.21,15.90,16.14,0,16.06
2011/04/22,16.65,17.26,16.29,16.30,2001088,16.78
2011/04/25,16.07,16.13,15.36,15.99,906934,15.74
2011/04/26,16.05,16.85,15.87,16.52,1625815,16.36
2011/04/27,16.64,16.71,16.32,16.40,906244,16.52
2011/04/28,16.56,16.65,15.49,15.83,818656,16.07
2011/04/29,15.62,16.41,15.62,16.34,907975,16.01
2011/05/03,16.35,16.36,15.53,16.33,1687702,16.57
2011/05/04,16.33,16.33,15.53,15.76,1195167,16.35
2011/05/05,15.56,15.91,15.44,15.45,655715,16.18
2011/05/06,15.26,15.26,14.65,15.06,1510987,15.41
2011/05/09,15.06,15.63,15.06,15.38,745610,15.85
2011/05/10,15.57,15.60,15.06,15.38,961459,15.77
2011/05/11,15.38,15.39,15.07,15.29,580709,15.73
2011/05/12,15.16,15.33,14.96,15.10,442058,15.71
2011/05/13,15.13,15.41,15.02,15.33,657562,15.77
2011/05/16,15.33,15.33,15.01,15.01,505638,15.64
2011/05/17,15.01,15.08,14.82,14.93,501491,15.45
2011/05/18,14.82,15.11,14.82,15.01,292075,15.50
2011/05/19,15.12,15.12,14.66,14.70,656137,15.31
2011/05/20,14.88,14.88,14.51,14.59,481966,15.10
2011/05/23,14.58,14.58,13.59,13.65,860918,14.51
2011/05/24,13.59,13.80,13.33,13.71,681758,14.07
2011/05/25,13.71,13.81,13.52,13.55,422570,14.13
2011/05/26,13.59,13.81,13.52,13.55,278600,14.15
2011/05/27,13.56,13.61,12.66,12.82,559991,13.48
2011/05/30,12.71,12.91,12.56,12.63,322957,13.25
2011/05/31,12.79,12.89,12.62,12.89,380365,13.25
2011/06/01,12.91,13.33,12.82,13.16,542752,13.69
2011/06/02,13.05,13.05,12.58,12.86,457717,13.27
2011/06/03,12.76,13.11,12.71,13.02,409462,13.47
2011/06/07,12.98,14.37,12.91,14.03,1584610,14.48
2011/06/08,13.92,13.98,13.71,13.84,651462,14.32
2011/06/09,13.61,14.10,13.61,13.73,532831,14.36
2011/06/10,13.70,13.92,12.81,13.48,504193,13.90
2011/06/13,13.31,13.39,13.01,13.33,266058,13.67
2011/06/14,13.38,13.67,13.13,13.59,439299,13.98
2011/06/15,13.51,13.67,13.31,13.39,351061,13.92
2011/06/16,13.30,13.39,12.96,13.00,320000,13.67
2011/06/17,13.00,13.03,12.73,12.82,395738,13.41
2011/06/20,12.72,12.91,12.60,12.64,265853,13.17
2011/06/21,12.73,12.91,12.64,12.88,281264,13.29
2011/06/22,12.91,13.11,12.72,12.93,324887,13.42
2011/06/23,12.85,13.28,12.84,13.19,448161,13.63
2011/06/24,13.10,13.96,13.10,13.85,1387333,14.13
2011/06/27,13.83,14.10,13.56,13.90,950574,14.41
2011/06/28,13.89,15.31,13.89,15.27,3027997,15.23
2011/06/29,15.11,15.96,14.85,14.85,5517216,15.96
2011/06/30,14.61,14.78,14.31,14.65,2104323,15.04
2011/07/01,14.71,14.71,14.38,14.48,1604310,15.00
2011/07/04,14.49,14.76,14.49,14.68,1173405,15.11
2011/07/05,14.68,15.10,14.51,14.91,1428676,15.41
2011/07/06,14.81,15.06,14.81,14.93,724006,15.38
2011/07/07,14.89,15.16,14.81,15.11,1268107,15.48
2011/07/08,15.03,15.07,14.86,14.94,636841,15.42
2011/07/11,14.81,14.95,14.51,14.80,683044,15.23
2011/07/12,14.74,14.74,14.14,14.16,1038732,14.90
2011/07/13,14.13,14.65,14.13,14.53,518737,14.93
2011/07/14,14.58,14.99,14.53,14.92,1107272,15.25
2011/07/15,14.96,15.62,14.93,15.60,2719722,15.88
2011/07/18,15.59,15.70,15.10,15.24,2176047,15.89
2011/07/19,15.23,15.23,14.83,14.91,829371,15.44
2011/07/20,14.94,15.55,14.84,15.50,1920380,15.80
2011/07/21,15.36,15.73,15.36,15.48,3088565,16.05
2011/07/22,15.39,15.51,15.06,15.16,1367394,15.71
2011/07/25,15.09,15.36,14.33,14.42,1235612,15.19
2011/07/26,14.37,14.61,14.32,14.49,522470,14.94
2011/07/27,14.49,14.89,14.31,14.75,843096,15.23
2011/07/28,14.62,14.81,14.44,14.66,713684,15.07
2011/07/29,14.81,14.84,14.56,14.67,718035,15.24
2011/08/01,14.68,14.79,14.53,14.61,551025,15.12
2011/08/02,14.74,14.74,14.02,14.34,893657,14.71
2011/08/03,14.33,14.46,14.18,14.41,512293,14.83
2011/08/04,14.40,14.60,14.34,14.34,531569,14.98
2011/08/05,13.98,14.21,13.51,13.83,850409,14.38
2011/08/08,13.53,13.81,12.82,13.12,1021369,13.79
2011/08/09,12.86,13.16,12.52,13.05,820308,13.30
2011/08/10,13.21,13.40,13.21,13.26,689707,13.79
2011/08/11,12.82,13.52,12.82,13.51,688281,13.76
2011/08/12,13.61,13.78,13.51,13.62,780085,14.11
2011/08/15,13.65,13.96,13.51,13.90,774299,14.27
2011/08/16,13.97,14.19,13.82,13.97,1261274,14.53
2011/08/17,14.00,14.11,13.63,13.86,802187,14.35
2011/08/18,13.81,13.91,13.44,13.51,638890,14.15
2011/08/19,13.27,13.41,13.16,13.41,631159,13.76
2011/08/22,13.39,13.56,13.28,13.34,429924,13.88
2011/08/23,13.50,13.66,13.34,13.66,421147,14.03
2011/08/24,13.71,14.07,13.52,13.85,899027,14.42
2011/08/25,13.91,13.98,13.70,13.90,1197290,14.33
2011/08/26,13.82,14.04,13.79,13.93,1319162,14.37
2011/08/29,13.82,14.09,13.82,14.03,1116496,14.46
2011/08/30,14.05,14.20,13.74,13.78,682528,14.49
2011/08/31,13.76,13.80,13.31,13.53,712191,14.00
2011/09/01,13.59,13.73,13.46,13.59,534090,14.09
2011/09/02,13.71,13.71,13.34,13.48,308774,13.97
2011/09/05,13.29,13.31,12.90,13.01,583172,13.57
2011/09/06,12.81,12.97,12.71,12.71,558324,13.31
2011/09/07,12.90,13.11,12.79,13.08,272431,13.45
2011/09/08,13.19,13.20,12.96,13.06,323660,13.59
2011/09/09,12.96,13.06,12.53,12.77,995387,13.30
2011/09/13,12.46,12.66,12.41,12.57,371444,12.99
2011/09/14,12.61,12.76,12.46,12.75,317180,13.09
2011/09/15,12.78,12.91,12.72,12.81,473556,13.32
2011/09/16,12.86,12.87,12.51,12.59,1136504,13.12
2011/09/19,12.47,12.58,12.27,12.32,463460,12.84
2011/09/20,12.32,12.48,12.11,12.39,322084,12.83
2011/09/21,12.33,12.78,12.22,12.71,1523420,13.02
2011/09/22,12.61,12.70,12.26,12.26,950072,12.97
2011/09/23,12.14,12.34,12.02,12.33,671734,12.65
2011/09/26,12.33,12.40,12.19,12.27,457624,12.80
2011/09/27,12.29,12.44,12.19,12.38,370959,12.82
2011/09/28,12.41,12.48,12.22,12.32,353451,12.87
2011/09/29,12.25,12.26,11.77,11.86,462442,12.48
2011/09/30,11.87,12.02,11.83,12.01,235097,12.41
2011/10/10,12.11,12.13,11.91,11.91,184515,12.46
2011/10/11,12.31,12.31,11.76,11.96,456669,12.50
2011/10/12,11.77,12.34,11.77,12.27,651371,12.67
2011/10/13,12.22,12.99,12.21,12.85,1500038,13.13
2011/10/14,12.72,12.73,12.44,12.61,737269,13.06
2011/10/17,12.61,12.80,12.57,12.63,474768,13.18
2011/10/18,12.52,12.82,12.35,12.37,653044,13.05
2011/10/19,12.52,12.52,12.17,12.27,468171,12.80
2011/10/20,12.21,12.21,11.81,11.92,371352,12.40
2011/10/21,11.79,12.01,11.69,11.98,501491,12.28
2011/10/24,11.88,12.00,11.47,11.97,947980,12.18
2011/10/25,11.97,12.24,11.64,12.20,1179494,12.53
2011/10/26,12.09,12.48,11.91,12.34,1070678,12.77
2011/10/27,12.36,12.62,12.15,12.21,1820044,12.87
2011/10/28,12.34,12.49,12.21,12.40,1171593,12.83
2011/10/31,12.44,12.87,12.44,12.77,1867148,13.13
2011/11/01,13.43,14.10,13.43,14.10,5294010,14.49
2011/11/02,14.61,15.56,14.61,15.56,11555088,15.65
2011/11/03,16.37,17.17,16.26,17.10,19324949,17.50
2011/11/04,16.69,17.08,16.56,16.87,14258598,17.28
2011/11/07,16.81,17.07,16.39,16.69,8545840,17.17
2011/11/08,16.66,16.70,15.99,16.09,10228591,16.68
2011/11/09,16.09,16.64,15.87,16.51,13803005,16.75
2011/11/10,16.11,17.50,15.85,16.13,16890123,17.09
2011/11/11,15.81,16.07,15.58,15.73,9750911,16.27
2011/11/14,15.85,16.70,15.78,16.34,10468613,16.69
2011/11/15,16.20,16.48,15.96,16.37,9122239,16.74
2011/11/16,16.44,16.44,15.74,16.13,9510985,16.49
2011/11/17,16.06,17.79,15.91,16.75,27463654,17.67
2011/11/18,15.93,15.93,15.03,15.45,22002995,15.86
2011/11/21,15.21,15.21,14.67,14.94,8317677,15.37
2011/11/22,14.79,15.00,14.57,14.94,5677308,15.32
2011/11/23,14.91,15.06,14.52,14.61,11464733,15.23
2011/11/24,14.35,14.70,14.10,14.47,7222275,14.91
2011/11/25,14.31,14.56,14.10,14.21,5973374,14.81
2011/11/28,14.31,14.48,14.12,14.46,6649137,14.81
2011/11/29,14.60,14.88,14.48,14.71,9760710,15.17
2011/11/30,14.70,14.70,13.19,13.21,9289643,14.29
2011/12/01,13.71,13.98,13.43,13.62,11500948,14.16
2011/12/02,13.53,13.68,13.09,13.66,7230490,13.90
2011/12/05,13.54,13.60,12.86,12.97,5103603,13.70
2011/12/06,12.87,13.46,12.82,13.24,5755470,13.61
2011/12/07,13.19,13.75,13.06,13.64,8133311,13.96
2011/12/08,13.51,14.05,13.13,13.65,9438382,14.11
2011/12/09,13.40,13.81,13.26,13.40,5054944,13.98
2011/12/12,13.33,13.60,13.23,13.31,3427196,13.94
2011/12/13,13.11,13.26,12.28,12.37,5857435,13.14
2011/12/14,12.28,12.68,12.25,12.34,3935721,12.96
2011/12/15,12.16,12.80,12.16,12.49,5524882,13.06
2011/12/16,12.47,13.11,12.19,13.10,6069786,13.17
2011/12/19,12.97,13.21,12.61,13.13,5461632,13.35
2011/12/20,12.96,13.42,12.78,12.85,6216133,13.61
2011/12/21,12.99,13.21,12.37,12.42,5207704,13.40
2011/12/22,12.13,12.17,11.42,11.83,6426980,12.24
2011/12/23,11.63,12.14,11.61,11.97,3811914,12.47
2011/12/26,11.97,12.10,11.66,11.77,2755474,12.39
2011/12/27,11.66,11.99,11.45,11.91,3833891,12.22
2011/12/28,11.98,12.37,10.76,11.09,6927440,11.95
2011/12/29,10.86,11.10,10.63,10.88,3500090,11.38
2011/12/30,10.92,11.20,10.84,11.03,2997654,11.48
2012/01/04,10.92,11.20,10.84,11.03,0,11.02
2012/01/05,9.88,9.88,9.88,9.88,691700,10.37
2012/01/06,8.84,8.84,8.84,8.84,826500,9.33
2012/01/09,8.33,9.19,8.33,9.10,6687973,9.28
2012/01/10,8.97,10.06,8.97,9.87,8703526,10.12
2012/01/11,9.75,10.01,9.62,9.81,6247382,10.29
2012/01/12,9.70,9.98,9.57,9.92,4659178,10.33
2012/01/13,9.88,9.94,9.08,9.09,5234070,9.88
2012/01/16,8.97,8.97,8.58,8.58,2682212,9.25
2012/01/17,8.60,9.45,8.52,9.24,3996932,9.43
2012/01/18,9.17,9.44,8.70,8.83,3642951,9.65
2012/01/19,8.74,9.16,8.70,9.09,2736733,9.51
2012/01/20,9.19,9.71,9.19,9.55,4031623,9.99
2012/01/30,9.40,9.48,9.16,9.24,3192014,9.80
2012/01/31,9.20,9.31,9.03,9.17,1793675,9.64
2012/02/01,9.16,9.40,9.00,9.28,3015560,9.75
2012/02/02,9.24,10.06,9.23,9.96,7375979,10.22
2012/02/03,9.81,9.99,9.73,9.96,6056846,10.37
2012/02/06,9.94,10.14,9.77,10.00,4514657,10.44
2012/02/07,9.97,9.97,9.47,9.62,4144532,10.20
2012/02/08,9.61,10.05,9.57,10.01,4768925,10.40
2012/02/09,10.01,10.48,9.96,10.17,6113934,10.68
2012/02/10,10.16,10.30,9.99,10.29,5074706,10.64
2012/02/13,10.17,10.93,10.07,10.70,7820109,11.08
2012/02/14,10.55,10.76,10.42,10.59,4292045,11.07
2012/02/15,10.57,10.80,10.43,10.79,4531861,11.15
2012/02/16,10.79,11.08,10.63,10.91,5717166,11.35
2012/02/17,10.94,11.23,10.69,10.75,4605635,11.38
2012/02/20,10.94,10.94,10.62,10.66,4155485,11.25
2012/02/21,10.65,10.81,10.41,10.80,4044115,11.10
2012/02/22,10.80,11.16,10.77,11.14,5689623,11.50
2012/02/23,11.14,11.28,10.91,11.17,4659466,11.61
2012/02/24,11.22,11.60,11.22,11.48,6640753,11.93
2012/02/27,11.48,11.69,11.31,11.45,5909145,11.98
2012/02/28,11.37,11.44,11.08,11.25,3729545,11.76
2012/02/29,11.17,11.34,11.09,11.20,2777775,11.72
2012/03/01,11.07,11.70,11.07,11.67,6526056,12.00
2012/03/02,11.96,11.96,11.50,11.73,6042208,12.14
2012/03/05,11.70,11.84,11.51,11.61,4021343,12.14
2012/03/06,11.51,11.52,11.20,11.29,3351655,11.82
2012/03/07,11.17,11.45,11.11,11.22,2683898,11.82
2012/03/08,11.26,11.58,11.26,11.46,3822441,11.96
2012/03/09,11.49,11.60,11.41,11.59,2599732,12.01
2012/03/12,11.59,11.79,11.57,11.76,3232367,12.17
2012/03/13,11.77,12.27,11.61,12.17,8016015,12.53
2012/03/14,12.13,12.21,11.21,11.28,7806641,12.28
2012/03/15,11.31,11.51,10.92,11.33,4935336,11.77
2012/03/16,11.39,11.86,11.35,11.81,5725749,12.16
2012/03/19,11.91,12.16,11.82,12.05,5393488,12.52
2012/03/20,11.95,11.95,11.53,11.59,3398955,12.19
2012/03/21,11.59,11.77,11.31,11.73,2795806,12.05
2012/03/22,11.79,12.07,11.54,12.01,4180525,12.28
2012/03/23,11.91,11.91,11.56,11.66,2998250,12.20
2012/03/26,11.41,11.44,10.87,11.04,3682501,11.56
2012/03/27,11.11,11.20,10.72,10.79,2152699,11.43
2012/03/28,10.79,10.84,9.96,10.07,2891654,10.82
2012/03/29,9.91,10.24,9.84,9.97,1485558,10.51
2012/03/30,10.07,10.07,9.61,9.67,1414384,10.30
2012/04/05,9.71,10.07,9.61,10.00,1489614,10.38
2012/04/06,10.00,10.18,9.91,10.08,1715048,10.54
2012/04/09,10.01,10.04,9.69,9.72,1531344,10.35
2012/04/10,9.66,9.88,9.35,9.87,2071104,10.09
2012/04/11,9.56,9.77,9.42,9.74,2113518,10.14
2012/04/12,9.71,10.16,9.69,10.13,3041207,10.41
2012/04/13,10.13,10.21,9.99,10.18,2922477,10.59
2012/04/16,10.18,10.48,9.98,10.37,3659298,10.67
2012/04/17,10.30,10.62,10.19,10.57,4596288,10.94
2012/04/18,10.51,10.60,10.31,10.57,4523395,10.97
2012/04/19,10.51,10.58,10.32,10.51,2611041,10.94
2012/04/20,10.41,10.55,10.39,10.45,2065455,10.97
2012/04/23,10.41,10.51,9.76,9.81,3141698,10.60
2012/04/24,9.76,9.98,9.54,9.86,2084445,10.26
2012/04/25,9.81,9.88,9.64,9.79,1767594,10.27
2012/04/26,9.82,10.06,9.71,9.95,2133482,10.39
2012/04/27,10.02,10.38,9.98,10.25,3241647,10.75
2012/05/02,10.31,10.53,10.29,10.38,2511057,10.88
2012/05/03,10.38,10.53,10.30,10.45,2146716,10.95
2012/05/04,10.59,10.86,10.57,10.62,3402487,11.20
2012/05/07,10.52,10.62,10.42,10.55,2005385,10.99
2012/05/08,10.60,10.78,10.53,10.75,2638197,11.17
2012/05/09,10.68,10.68,10.35,10.37,2023906,11.00
2012/05/10,10.68,10.68,10.35,10.37,0,10.51
2012/05/11,10.46,11.36,10.46,10.98,5695464,11.49
2012/05/14,10.96,11.79,10.80,11.37,7355817,11.79
2012/05/15,11.28,11.29,10.72,11.01,4180337,11.50
2012/05/16,10.99,11.13,10.76,11.04,2392282,11.46
2012/05/17,10.92,11.14,10.87,10.96,2300647,11.50
2012/05/18,10.89,10.89,10.32,10.40,3044530,11.08
2012/05/21,10.31,10.46,10.10,10.31,1581505,10.80
2012/05/22,10.39,10.59,10.33,10.53,1457747,10.95
2012/05/23,10.57,10.57,10.27,10.41,1284710,10.89
2012/05/24,10.32,10.47,10.16,10.19,1267643,10.80
2012/05/25,10.07,10.30,9.99,10.00,1186231,10.63
2012/05/28,10.00,10.05,9.66,10.03,1553798,10.38
2012/05/29,10.10,10.23,9.96,10.21,1946998,10.58
2012/05/30,10.19,10.38,10.15,10.24,1623167,10.78
2012/05/31,10.19,10.38,10.15,10.24,0,10.27
2012/06/01,10.22,10.39,10.19,10.31,1112498,10.78
2012/06/04,10.11,10.26,9.96,9.98,1221412,10.61
2012/06/05,9.97,10.17,9.92,10.13,1115297,10.58
2012/06/06,10.20,10.30,9.97,10.06,939363,10.62
2012/06/07,10.21,10.25,9.96,9.99,960330,10.57
2012/06/08,10.09,10.18,9.94,9.94,794173,10.51
2012/06/11,9.95,10.23,9.94,10.22,1166122,10.63
2012/06/12,10.19,10.36,10.06,10.22,1229349,10.76
2012/06/13,10.51,11.29,10.50,11.29,9579666,11.61
2012/06/14,11.21,11.27,10.97,11.16,6805019,11.62
2012/06/15,11.13,11.48,11.01,11.19,6101009,11.73
2012/06/18,11.28,11.66,11.07,11.37,7227305,11.72
2012/06/19,11.37,12.03,11.28,11.65,9594445,12.04
2012/06/20,11.51,11.51,11.09,11.15,5373964,11.52
2012/06/21,11.06,11.24,10.82,11.08,3032479,11.31
2012/06/25,11.04,11.30,10.82,10.89,2938599,11.36
2012/06/26,10.81,11.13,10.51,11.09,3159061,11.16
2012/06/27,11.03,11.47,10.96,11.11,3946418,11.49
2012/06/28,11.07,11.38,10.89,10.94,3082038,11.45
2012/06/29,10.87,11.82,10.87,11.80,7283588,11.74
2012/07/02,11.79,12.07,10.86,10.91,16125105,11.69
2012/07/03,10.39,10.41,9.81,10.00,11241873,10.40
2012/07/04,9.89,10.01,9.64,9.69,7150077,10.10
2012/07/05,9.66,9.88,9.59,9.78,3799571,10.06
2012/07/06,9.81,9.89,9.46,9.81,4628342,9.95
2012/07/09,9.76,10.07,9.66,9.75,4375725,10.18
2012/07/10,9.60,9.68,9.48,9.51,2245813,9.87
2012/07/11,9.43,9.56,9.15,9.37,3452830,9.59
2012/07/12,9.27,9.58,9.21,9.48,3627776,9.73
2012/07/13,9.43,9.55,9.34,9.43,2004969,9.72
2012/07/16,9.43,9.48,9.08,9.10,2265255,9.61
2012/07/17,9.14,9.14,8.77,8.92,2180887,9.17
2012/07/18,8.92,8.92,8.61,8.84,2065820,9.03
2012/07/19,8.81,9.07,8.72,9.00,1910971,9.26
2012/07/20,9.00,9.13,8.97,9.01,1483724,9.33
2012/07/23,8.98,8.99,8.77,8.89,872658,9.18
2012/07/24,8.82,9.11,8.74,9.02,1038372,9.28
2012/07/25,8.99,9.40,8.92,9.23,2232973,9.53
2012/07/26,9.26,9.30,9.03,9.06,1428165,9.42
2012/07/27,9.14,9.17,9.03,9.06,837063,9.37
2012/07/30,9.06,9.18,8.79,8.80,843742,9.21
2012/07/31,8.76,8.81,8.46,8.48,1410037,8.86
2012/08/01,8.50,8.70,8.48,8.62,961984,8.90
2012/08/02,8.61,8.91,8.55,8.73,1451060,9.08
2012/08/03,8.74,8.92,8.74,8.92,1020503,9.12
2012/08/06,8.91,9.09,8.85,9.07,1228502,9.28
2012/08/07,9.11,10.00,9.07,9.55,3379931,9.75
2012/08/08,9.40,9.70,9.37,9.41,2112549,9.80
2012/08/09,9.36,9.57,9.33,9.51,1931694,9.75
2012/08/10,9.56,9.64,9.45,9.54,1407936,9.84
2012/08/13,9.48,9.56,9.12,9.16,1561580,9.63
2012/08/14,9.20,9.38,9.10,9.37,1561061,9.55
2012/08/15,9.34,9.50,9.32,9.36,1187613,9.69
2012/08/16,9.27,9.55,9.24,9.42,1093586,9.69
2012/08/17,9.49,9.49,9.21,9.31,959149,9.62
2012/08/20,9.29,9.45,9.13,9.43,966559,9.60
2012/08/21,9.47,9.65,9.41,9.58,1497391,9.85
2012/08/22,9.56,9.65,9.43,9.52,1265660,9.82
2012/08/23,9.47,9.68,9.45,9.67,1551218,9.88
2012/08/24,9.62,9.77,9.43,9.56,1606393,9.89
2012/08/27,9.48,9.71,9.48,9.50,2028894,9.88
2012/08/28,9.50,9.66,9.40,9.58,1466304,9.81
2012/08/29,9.57,10.17,9.49,9.88,4062111,10.19
2012/08/30,9.88,9.98,9.46,9.66,2730981,9.99
2012/08/31,9.56,9.85,9.53,9.78,1405233,10.01
2012/09/03,9.76,10.15,9.66,10.02,2884504,10.28
2012/09/04,10.11,10.26,9.92,10.05,2531160,10.35
2012/09/05,10.03,10.14,9.92,10.03,1770608,10.33
2012/09/06,10.04,10.19,10.04,10.19,1373729,10.42
2012/09/07,10.22,10.50,10.21,10.43,2993454,10.65
2012/09/10,10.44,10.47,10.29,10.42,2036933,10.66
2012/09/11,10.35,10.41,10.24,10.36,1388129,10.60
2012/09/12,10.36,10.48,10.26,10.31,1446934,10.64
2012/09/13,10.32,10.39,9.93,9.93,2748866,10.44
2012/09/14,10.06,10.12,9.89,10.01,1826646,10.29
2012/09/17,10.03,10.16,9.68,9.75,1625889,10.14
2012/09/18,9.67,9.84,9.67,9.80,782461,10.06
2012/09/19,9.80,9.86,9.74,9.82,474214,10.09
2012/09/20,9.76,9.85,9.43,9.43,1289742,9.92
2012/09/21,9.44,9.51,9.35,9.36,616212,9.72
2012/09/24,9.31,9.46,9.22,9.43,430546,9.67
2012/09/25,9.41,9.45,9.14,9.14,800358,9.57
2012/09/26,9.16,9.24,8.83,8.85,657247,9.30
2012/09/27,8.95,9.09,8.79,9.06,1099078,9.27
2012/09/28,9.02,9.32,8.97,9.25,960948,9.46
2012/10/08,9.30,9.46,9.25,9.34,1030556,9.64
2012/10/09,9.33,9.59,9.33,9.54,1220926,9.80
2012/10/10,9.43,9.66,9.43,9.62,1226304,9.89
2012/10/11,9.58,9.65,9.36,9.36,1051853,9.79
2012/10/12,9.37,9.54,9.36,9.46,729916,9.76
2012/10/15,9.45,9.53,9.34,9.45,729543,9.70
2012/10/16,9.46,9.74,9.41,9.64,1721718,9.93
2012/10/17,9.64,9.70,9.48,9.60,1002998,9.90
2012/10/18,9.61,9.76,9.61,9.73,1168305,9.98
2012/10/19,9.73,9.75,9.57,9.67,993270,9.95
2012/10/22,9.58,9.73,9.57,9.72,869002,9.95
2012/10/23,9.73,9.74,9.57,9.60,1072153,9.95
2012/10/24,9.59,9.81,9.52,9.77,1892820,10.00
2012/10/25,9.77,9.83,9.61,9.64,1052684,10.00
2012/10/26,9.64,9.68,9.30,9.31,1214961,9.71
2012/10/29,9.33,9.45,9.23,9.26,721155,9.61
2012/10/30,9.23,9.39,9.23,9.30,416059,9.63
2012/10/31,9.32,9.46,9.30,9.45,568628,9.68
2012/11/01,9.45,9.67,9.41,9.63,1224735,9.89
2012/11/02,9.58,9.77,9.57,9.68,781135,9.95
2012/11/05,9.68,9.77,9.61,9.77,1106338,10.00
2012/11/06,9.77,9.87,9.49,9.64,1039944,9.92
2012/11/07,9.57,9.71,9.54,9.66,520837,9.93
2012/11/08,9.59,9.59,9.37,9.37,901716,9.77
2012/11/09,9.37,9.46,9.32,9.35,659986,9.67
2012/11/12,9.41,9.47,9.31,9.36,752967,9.66
2012/11/13,9.36,9.36,9.09,9.12,650391,9.52
2012/11/14,9.12,9.27,9.07,9.23,596010,9.45
2012/11/15,9.21,9.26,8.94,8.95,604879,9.40
2012/11/16,8.94,9.06,8.90,8.95,466903,9.24
2012/11/19,8.96,8.99,8.81,8.96,401828,9.20
2012/11/20,8.96,9.05,8.89,8.89,458868,9.27
2012/11/21,8.89,9.08,8.83,9.06,620501,9.25
2012/11/22,9.04,9.07,8.91,8.94,418926,9.25
2012/11/23,8.95,9.11,8.90,8.98,596651,9.31
2012/11/26,8.97,9.05,8.93,8.97,266551,9.26
2012/11/27,8.92,8.93,8.54,8.54,814356,8.96
2012/11/28,8.51,8.51,8.27,8.31,571150,8.62
2012/11/29,8.30,8.42,8.01,8.06,900979,8.51
2012/11/30,8.01,8.16,7.99,8.07,541436,8.37
2012/12/03,8.11,8.15,7.79,7.79,505901,8.30
2012/12/04,7.82,8.01,7.60,7.97,785278,8.04
2012/12/05,7.95,8.34,7.88,8.27,936137,8.48
2012/12/06,8.19,8.31,8.12,8.21,613345,8.50
2012/12/07,8.17,8.42,8.10,8.39,843547,8.59
2012/12/10,8.36,8.57,8.32,8.50,1056431,8.73
2012/12/11,8.46,8.59,8.41,8.45,680723,8.79
2012/12/12,8.43,8.49,8.26,8.40,585827,8.65
2012/12/13,8.37,8.55,8.26,8.43,1762096,8.74
2012/12/14,8.35,8.77,8.32,8.73,1666211,8.91
2012/12/17,8.73,8.77,8.61,8.67,1405185,8.98
2012/12/18,8.59,8.82,8.59,8.61,1045923,8.98
2012/12/19,8.63,8.76,8.63,8.69,619519,8.99
2012/12/20,8.70,8.71,8.58,8.67,742301,8.94
2012/12/21,8.64,8.77,8.64,8.70,961142,9.01
2012/12/24,8.67,8.83,8.60,8.76,1087646,9.02
2012/12/25,8.77,9.05,8.76,8.99,1582893,9.24
2012/12/26,8.99,9.16,8.94,9.10,1294430,9.33
2012/12/27,9.16,9.17,8.96,8.96,1364263,9.32
2012/12/28,8.97,9.07,8.85,9.06,1088053,9.28
2012/12/31,9.11,9.12,9.00,9.07,879172,9.35
2013/01/04,9.11,9.17,8.91,9.07,1531627,9.33
2013/01/07,9.06,9.49,9.05,9.27,1913228,9.56
2013/01/08,9.25,9.47,9.18,9.32,1763480,9.61
2013/01/09,9.32,9.43,9.22,9.31,1735591,9.60
2013/01/10,9.28,9.39,9.26,9.33,1155585,9.62
2013/01/11,9.30,9.35,9.01,9.02,1908573,9.45
2013/01/14,9.01,9.38,8.99,9.34,2336611,9.56
2013/01/15,9.36,9.75,9.34,9.65,2995780,9.87
2013/01/16,9.60,9.68,9.39,9.56,2083025,9.84
2013/01/17,9.56,9.69,9.44,9.56,1767486,9.87
2013/01/18,9.59,9.78,9.48,9.78,2300715,9.94
2013/01/21,9.79,9.85,9.66,9.76,1807486,10.02
2013/01/22,9.74,9.85,9.49,9.55,1609741,9.93
2013/01/23,9.51,9.60,9.36,9.52,1061856,9.78
2013/01/24,9.52,9.66,9.13,9.23,1700232,9.75
2013/01/25,9.24,9.33,9.17,9.18,842202,9.53
2013/01/28,9.19,9.54,9.19,9.50,1221926,9.73
2013/01/29,9.53,9.65,9.47,9.62,1231572,9.89
2013/01/30,9.63,9.64,9.52,9.63,893430,9.88
2013/01/31,9.60,9.76,9.51,9.71,1466873,9.93
2013/02/01,9.73,9.76,9.63,9.71,1658679,9.99
2013/02/04,9.69,9.77,9.53,9.56,1359808,9.92
2013/02/05,9.56,9.75,9.52,9.75,1068212,9.93
2013/02/06,9.75,9.81,9.67,9.81,1382199,10.03
2013/02/07,9.77,9.90,9.61,9.64,4242850,9.98
2013/02/08,9.66,10.00,9.61,9.99,3971097,10.12
2013/02/18,10.07,10.50,10.00,10.23,4814623,10.57
2013/02/19,10.28,10.28,9.94,10.00,2373256,10.37
2013/02/20,10.01,10.48,10.00,10.43,3227972,10.59
2013/02/21,10.38,10.71,10.06,10.27,4735426,10.69
2013/02/22,10.21,10.50,10.14,10.22,2382184,10.62
2013/02/25,10.24,10.39,10.15,10.26,2328058,10.54
2013/02/26,10.22,10.59,10.21,10.31,3412028,10.67
2013/02/27,10.36,10.42,9.88,9.96,3438968,10.36
2013/02/28,9.97,10.13,9.92,10.09,2265532,10.36
2013/03/01,10.10,10.35,10.02,10.26,2723367,10.51
2013/03/04,10.21,10.38,9.88,10.00,3079128,10.47
2013/03/05,9.96,10.50,9.91,10.44,3241437,10.66
2013/03/06,10.48,10.97,10.48,10.69,5728830,11.05
2013/03/07,10.61,10.71,10.37,10.47,2721404,10.84
2013/03/08,10.59,10.75,10.38,10.50,2240759,10.87
2013/03/11,10.50,10.61,10.33,10.55,1354655,10.77
2013/03/12,10.51,10.65,10.03,10.21,2610094,10.54
2013/03/13,10.11,10.20,9.86,9.95,1492091,10.27
2013/03/14,9.98,10.08,9.93,9.95,965775,10.29
2013/03/15,9.94,10.22,9.86,10.01,1430196,10.37
2013/03/18,10.01,10.21,9.96,10.00,1096072,10.37
2013/03/19,10.00,10.14,9.92,10.03,1148258,10.32
2013/03/20,10.07,10.43,10.02,10.40,2528776,10.58
2013/03/21,10.44,10.59,10.39,10.59,2862074,10.78
2013/03/22,10.56,10.65,10.46,10.55,1491082,10.86
2013/03/25,10.56,10.65,10.37,10.44,1516892,10.74
2013/03/26,10.41,10.79,10.14,10.74,2936011,10.77
2013/03/27,10.77,10.88,10.58,10.62,2248787,11.01
2013/03/28,10.32,10.32,10.12,10.16,2500763,10.53
2013/03/29,10.16,10.36,10.16,10.20,1171235,10.54
2013/04/01,10.16,10.34,10.15,10.24,1633226,10.51
2013/04/02,10.18,10.40,10.14,10.20,1543095,10.55
2013/04/03,10.20,10.30,9.97,10.07,1220791,10.39
2013/04/08,9.91,10.22,9.83,10.19,1006904,10.32
2013/04/09,10.15,10.25,10.04,10.14,888693,10.42
2013/04/10,10.14,10.22,9.87,9.96,1055279,10.31
2013/04/11,10.03,10.03,9.52,9.63,2385095,10.05
2013/04/12,9.54,9.65,9.34,9.36,1238136,9.79
2013/04/15,9.32,9.41,9.21,9.28,497119,9.61
2013/04/16,9.19,9.41,9.19,9.39,666667,9.60
2013/04/17,9.43,9.49,9.32,9.47,597906,9.69
2013/04/18,9.41,9.55,9.41,9.50,596313,9.78
2013/04/19,9.44,9.74,9.44,9.68,1015873,9.92
2013/04/22,9.30,9.58,9.30,9.45,2376653,9.75
2013/04/23,9.42,9.48,8.80,8.83,2103227,9.35
2013/04/24,8.83,8.91,8.67,8.91,1893212,9.10
2013/04/25,8.85,8.85,8.52,8.54,2515670,8.98
2013/04/26,8.57,8.65,8.47,8.59,979859,8.84
2013/05/02,8.58,8.76,8.54,8.69,1057755,8.98
2013/05/03,8.69,8.89,8.68,8.83,1169362,9.10
2013/05/06,8.81,8.91,8.76,8.91,1798770,9.13
2013/05/07,8.90,8.90,8.78,8.85,937571,9.13
2013/05/08,8.90,9.11,8.88,9.07,1891600,9.32
2013/05/09,9.05,9.11,8.92,9.00,1029524,9.29
2013/05/10,9.00,9.05,8.93,9.02,1002575,9.29
2013/05/13,9.03,9.13,8.94,9.10,1268030,9.35
2013/05/14,9.11,9.16,8.95,8.99,1193378,9.29
2013/05/15,9.03,9.09,8.94,9.07,891732,9.13
2013/05/16,9.06,9.27,9.06,9.19,1323437,9.26
2013/05/17,9.20,9.28,9.14,9.27,1367731,9.32
2013/05/20,9.30,9.31,9.20,9.28,2258548,9.35
2013/05/21,9.27,9.46,9.23,9.44,2012801,9.46
2013/05/22,9.44,9.50,9.33,9.37,1600000,9.51
2013/05/23,9.35,9.42,9.25,9.31,1184331,9.41
2013/05/24,9.29,9.39,9.29,9.37,1158505,9.43
2013/05/27,9.41,9.56,9.39,9.53,1482804,9.59
2013/05/28,9.56,9.60,9.41,9.55,1103173,9.59
2013/05/29,9.60,9.76,9.48,9.70,3272895,9.70
2013/05/30,9.63,9.81,9.57,9.81,1781741,9.76
2013/05/31,9.80,9.81,9.57,9.57,3881379,9.74
2013/06/03,9.59,9.67,9.51,9.55,1549050,9.70
2013/06/04,9.57,9.70,9.39,9.44,1777942,9.62
2013/06/05,9.40,9.50,9.36,9.49,1255311,9.52
2013/06/06,9.49,9.55,9.09,9.12,1565107,9.38
2013/06/07,9.12,9.20,8.96,8.97,1247130,9.17
2013/06/13,8.91,8.91,8.62,8.74,830993,8.85
2013/06/14,8.74,8.90,8.74,8.90,712424,8.94
2013/06/17,8.86,8.97,8.81,8.86,1017902,8.98
2013/06/18,8.86,8.97,8.86,8.92,673132,9.01
2013/06/19,8.89,8.89,8.66,8.80,621499,8.86
2013/06/20,8.82,8.82,8.62,8.62,660873,8.81
2013/06/21,8.59,8.59,8.21,8.41,929538,8.46
2013/06/24,8.41,8.41,7.72,7.77,1135577,8.12
2013/06/25,7.77,7.86,7.22,7.72,1335024,7.66
2013/06/26,7.74,7.96,7.63,7.95,1079426,7.87
2013/06/27,7.95,8.06,7.71,7.77,1152544,8.00
2013/06/28,7.79,7.90,7.66,7.75,893743,7.88
2013/07/01,7.75,7.90,7.65,7.88,603413,7.88
2013/07/02,7.88,8.05,7.83,8.05,954290,8.05
2013/07/03,8.01,8.03,7.81,8.01,894969,8.02
2013/07/04,7.93,8.12,7.89,8.06,878557,8.12
2013/07/05,8.07,8.13,7.99,8.04,696452,8.16
2013/07/08,7.97,8.01,7.66,7.67,687374,7.86
2013/07/09,7.64,7.75,7.63,7.68,460941,7.78
2013/07/10,7.69,7.94,7.68,7.93,671738,7.90
2013/07/11,7.92,8.20,7.90,8.11,1386537,8.17
2013/07/12,8.12,8.21,8.02,8.04,1250775,8.22
2013/07/15,8.02,8.27,8.02,8.26,915137,8.25
2013/07/16,8.26,8.34,8.13,8.33,1086853,8.32
2013/07/17,8.30,8.36,8.11,8.15,1082810,8.32
2013/07/18,8.09,8.19,8.06,8.14,624561,8.21
2013/07/19,8.11,8.28,7.99,7.99,877890,8.23
2013/07/22,7.91,8.10,7.82,8.08,642626,8.12
2013/07/23,8.08,8.29,8.07,8.28,1338050,8.31
2013/07/24,8.26,8.42,8.20,8.39,1475298,8.39
2013/07/25,8.40,8.41,8.21,8.24,1103703,8.40
2013/07/26,8.25,8.36,8.20,8.29,657292,8.37
2013/07/29,8.24,8.42,8.22,8.31,1430370,8.42
2013/07/30,8.31,8.37,8.10,8.21,773940,8.30
2013/07/31,8.31,8.56,8.30,8.51,2029129,8.51
2013/08/01,8.49,8.61,8.41,8.58,1687164,8.60
2013/08/02,8.58,8.71,8.48,8.54,1757399,8.67
2013/08/05,8.59,8.97,8.54,8.88,1910704,8.83
2013/08/06,8.87,9.20,8.81,9.05,3112445,9.11
2013/08/07,9.02,9.02,8.80,8.85,1585365,8.99
2013/08/08,8.91,9.05,8.86,8.92,1173566,9.03
2013/08/09,8.91,8.98,8.76,8.87,1202634,8.96
2013/08/12,8.90,8.96,8.79,8.96,1120406,8.96
2013/08/13,8.99,8.99,8.88,8.95,860434,9.02
2013/08/14,8.93,9.00,8.85,8.90,1199992,9.01
2013/08/15,8.92,8.96,8.81,8.81,766545,8.98
2013/08/16,8.74,8.85,8.56,8.58,1523741,8.78
2013/08/19,8.53,8.70,8.53,8.66,632432,8.72
2013/08/20,8.61,8.72,8.56,8.59,782447,8.72
2013/08/21,8.58,8.82,8.58,8.80,973483,8.82
2013/08/22,8.94,9.66,8.94,9.32,5981312,9.45
2013/08/23,9.20,9.32,9.00,9.17,3491407,9.25
2013/08/26,8.99,9.14,8.82,9.12,3699107,9.06
2013/08/27,9.10,9.15,8.91,9.07,1767698,9.14
2013/08/28,9.07,9.07,8.81,8.83,3050424,8.99
2013/08/29,8.82,8.87,8.75,8.83,1428566,8.90
2013/08/30,8.86,8.90,8.61,8.64,1553180,8.86
2013/09/02,8.71,8.79,8.61,8.79,857172,8.79
2013/09/03,8.71,9.00,8.71,8.96,1430384,9.01
2013/09/04,8.99,9.02,8.89,8.94,1476308,9.04
2013/09/05,8.95,8.99,8.85,8.91,1194095,9.01
2013/09/06,8.96,8.96,8.84,8.92,955043,9.01
2013/09/09,8.93,9.07,8.91,9.01,1413503,9.10
2013/09/10,8.99,9.03,8.92,8.98,1444547,9.07
2013/09/11,9.08,9.08,8.91,8.92,1445414,9.06
2013/09/12,8.92,9.00,8.88,8.98,1099987,9.06
2013/09/13,9.01,9.34,8.91,9.33,3296544,9.22
2013/09/16,9.20,9.48,9.09,9.13,5437064,9.35
2013/09/17,9.09,9.13,8.67,8.76,3607438,8.95
2013/09/18,8.72,8.89,8.70,8.85,933651,8.88
2013/09/23,8.90,9.05,8.77,9.00,1400730,9.02
2013/09/24,8.99,9.08,8.88,9.02,1174140,9.06
2013/09/25,9.08,9.08,8.91,8.93,1155797,9.08
2013/09/26,8.97,8.97,8.62,8.77,1990792,8.87
2013/09/27,8.76,8.86,8.74,8.80,1551863,8.90
2013/09/30,8.89,9.02,8.77,8.97,1796460,8.98
2013/10/08,8.97,9.21,8.96,9.18,3257283,9.22
2013/10/09,9.16,9.40,9.11,9.24,4462649,9.34
2013/10/10,9.24,9.47,9.09,9.41,6317703,9.41
2013/10/11,9.41,9.41,9.26,9.35,3923320,9.42
2013/10/14,9.35,9.43,9.21,9.41,2495581,9.41
2013/10/15,9.44,9.64,9.41,9.47,3735583,9.61
2013/10/16,9.48,9.48,9.07,9.16,2825525,9.29
2013/10/17,9.17,9.26,9.14,9.16,1727480,9.29
2013/10/18,9.16,9.21,9.11,9.15,1154985,9.25
2013/10/21,9.18,9.36,9.14,9.30,2256786,9.37
2013/10/22,9.34,9.38,9.16,9.18,1865087,9.35
2013/10/23,9.22,9.24,8.91,8.93,1602811,9.12
2013/10/24,8.93,9.04,8.81,9.02,851318,9.06
2013/10/25,8.97,9.01,8.68,8.68,1681728,8.89
2013/10/28,8.51,8.66,8.51,8.62,1048240,8.68
2013/10/29,8.58,8.71,8.19,8.36,1349229,8.54
2013/10/30,8.41,8.48,8.22,8.48,984239,8.45
2013/10/31,8.46,8.50,8.34,8.45,595456,8.52
2013/11/01,8.45,8.56,8.31,8.45,874110,8.50
2013/11/04,8.41,8.50,8.40,8.49,405848,8.54
2013/11/05,8.49,8.49,8.30,8.48,776578,8.47
2013/11/06,8.46,8.50,8.38,8.40,998040,8.52
2013/11/07,8.35,8.35,8.17,8.17,1220624,8.33
2013/11/08,8.07,8.11,8.01,8.02,943395,8.15
2013/11/11,8.02,8.20,8.01,8.18,581044,8.21
2013/11/12,8.19,8.28,8.16,8.26,490689,8.33
2013/11/13,8.28,8.30,8.13,8.18,493857,8.31
2013/11/14,8.21,8.34,8.10,8.29,779209,8.33
2013/11/15,8.35,8.48,8.27,8.44,1479403,8.51
2013/11/18,8.44,8.91,8.44,8.84,3369979,8.81
2013/11/19,8.90,8.98,8.75,8.87,2617442,8.95
2013/11/20,8.87,8.95,8.67,8.82,1643333,8.86
2013/11/21,8.76,8.81,8.68,8.71,1156833,8.82
2013/11/22,8.74,8.83,8.70,8.75,927897,8.87
2013/11/25,8.72,8.89,8.71,8.76,685374,8.89
2013/11/26,8.75,8.83,8.75,8.81,883581,8.88
2013/11/27,8.78,8.92,8.76,8.87,1467117,8.97
2013/11/28,8.87,8.95,8.82,8.91,1873122,8.99
2013/11/29,8.95,8.97,8.88,8.91,1652125,9.01
2013/12/02,8.52,8.74,8.31,8.36,2562955,8.64
2013/12/03,8.36,8.56,8.26,8.52,1795484,8.52
2013/12/04,8.46,8.71,8.43,8.66,1646849,8.72
2013/12/05,8.66,8.80,8.60,8.72,1487338,8.82
2013/12/06,8.69,8.78,8.63,8.67,761587,8.81
2013/12/09,8.80,8.80,8.71,8.79,1306647,8.85
2013/12/10,8.82,9.21,8.74,8.92,2317357,9.05
2013/12/11,8.87,8.87,8.63,8.80,1092245,8.86
2013/12/12,8.76,8.85,8.69,8.81,2074209,8.87
2013/12/13,8.79,8.92,8.72,8.83,2174929,8.91
2013/12/16,8.81,8.88,8.60,8.62,2212176,8.82
2013/12/17,8.62,8.71,8.57,8.63,1734461,8.71
2013/12/18,8.66,8.69,8.56,8.66,2174356,8.72
2013/12/19,8.68,8.72,8.62,8.63,1523576,8.77
2013/12/20,8.61,8.68,8.47,8.47,1523363,8.65
2013/12/23,8.55,8.68,8.38,8.58,1326480,8.64
2013/12/24,8.61,8.68,8.52,8.63,1339313,8.70
2013/12/25,8.63,9.33,8.58,8.94,6781798,9.04
2013/12/26,8.82,8.95,8.61,8.63,5297847,8.87
2013/12/27,8.60,8.87,8.58,8.84,3840069,8.84
2013/12/30,8.88,8.90,8.77,8.87,2256332,8.94
2013/12/31,8.83,8.90,8.77,8.85,1869542,8.94
2014/01/02,8.86,8.99,8.83,8.97,2646555,9.02
2014/01/03,8.97,9.05,8.85,8.95,2651635,9.03
2014/01/06,8.94,9.26,8.87,9.01,6149159,9.13
2014/01/07,9.01,9.20,8.95,9.09,4000049,9.16
2014/01/08,9.09,9.19,8.89,8.93,6115545,9.09
2014/01/09,8.89,8.94,8.58,8.61,4052892,8.87
2014/01/10,8.58,8.63,8.22,8.24,3098140,8.47
2014/01/13,8.32,8.37,8.26,8.32,1192338,8.39
2014/01/14,8.29,8.45,8.26,8.44,1513853,8.46
2014/01/15,8.44,8.53,8.40,8.51,1758492,8.56
2014/01/16,8.51,8.59,8.44,8.50,1494822,8.61
2014/01/17,8.50,8.50,8.36,8.39,1377491,8.51
2014/01/20,8.39,8.53,8.32,8.47,1303978,8.54
2014/01/21,8.47,8.60,8.44,8.58,1560807,8.61
2014/01/22,8.58,8.77,8.53,8.73,1824923,8.77
2014/01/23,8.73,8.81,8.66,8.71,1914323,8.81
2014/01/24,8.71,8.89,8.67,8.80,1983800,8.91
2014/01/27,8.82,8.87,8.73,8.80,2121620,8.90
2014/01/28,8.81,8.87,8.70,8.75,1492373,8.85
2014/01/29,8.75,8.93,8.70,8.90,2843567,8.89
2014/01/30,8.81,8.86,8.72,8.76,1618361,8.87
2014/02/07,8.72,8.99,8.67,8.97,2541543,8.99
2014/02/10,8.97,9.23,8.97,9.19,3973528,9.25
2014/02/11,9.21,9.44,9.11,9.31,5357707,9.37
2014/02/12,9.39,9.44,9.19,9.31,3889291,9.39
2014/02/13,9.25,9.46,9.21,9.24,3993492,9.44
2014/02/14,9.22,9.61,9.18,9.59,5716776,9.51
2014/02/17,9.65,10.31,9.59,10.02,11452615,10.08
2014/02/18,9.91,10.03,9.85,9.93,6142875,10.03
2014/02/19,9.91,10.20,9.87,10.01,7381325,10.10
2014/02/20,9.99,10.05,9.61,9.73,5063084,9.87
2014/02/21,9.73,9.93,9.71,9.79,3807090,9.90
2014/02/24,9.75,10.06,9.62,10.03,5605370,9.99
2014/02/25,10.06,10.81,9.81,10.04,12409526,10.37
2014/02/26,9.82,10.32,9.43,10.24,6286588,9.94
2014/02/27,10.14,10.51,10.06,10.11,7051240,10.37
2014/02/28,9.91,9.97,9.63,9.87,4961042,9.89
2014/03/03,9.81,10.11,9.81,10.07,3846058,10.05
2014/03/04,10.01,10.51,9.93,10.39,6818972,10.40
2014/03/05,10.39,10.59,10.13,10.26,4978060,10.42
2014/03/06,10.26,10.30,9.97,10.24,3071453,10.23
2014/03/07,10.24,10.35,9.98,9.99,3158050,10.23
2014/03/10,9.91,9.91,9.46,9.57,3942444,9.78
2014/03/11,9.56,9.87,9.48,9.63,2591770,9.75
2014/03/12,9.63,9.74,9.30,9.49,2360036,9.59
2014/03/13,9.55,9.70,9.45,9.70,2680699,9.69
2014/03/14,9.62,9.90,9.51,9.79,2458541,9.74
2014/03/17,9.82,9.98,9.74,9.97,2449396,9.95
2014/03/18,9.99,10.03,9.87,10.02,2942161,10.04
2014/03/19,10.11,10.29,9.97,10.07,3412302,10.19
2014/03/20,10.08,10.16,9.78,9.78,2656576,10.11
2014/03/21,9.74,10.06,9.65,10.02,2361464,9.94
2014/03/24,10.02,10.13,9.96,10.05,2574213,10.15
2014/03/25,10.05,10.17,9.84,9.85,3057714,10.09
2014/03/26,9.89,9.97,9.87,9.96,1957837,10.01
2014/03/27,9.95,9.95,9.67,9.75,2404588,9.88
2014/03/28,9.69,9.84,9.41,9.49,2447335,9.69
2014/03/31,9.41,9.51,9.05,9.13,3783607,9.31
2014/04/01,9.14,9.27,9.09,9.25,2242593,9.26
2014/04/02,9.25,9.25,9.09,9.15,2178333,9.26
2014/04/03,9.10,9.25,9.10,9.17,1656937,9.25
2014/04/04,9.15,9.27,9.13,9.25,1322558,9.29
2014/04/08,9.25,9.35,9.15,9.33,2022636,9.35
2014/04/09,9.35,9.38,9.29,9.37,1597084,9.43
2014/04/10,9.41,9.51,9.36,9.46,2439701,9.55
2014/04/11,9.43,9.53,9.33,9.33,1835660,9.52
2014/04/14,9.34,9.46,9.28,9.45,1754574,9.44
2014/04/15,9.40,9.51,9.36,9.44,1615710,9.52
2014/04/16,9.41,9.60,9.35,9.58,2470180,9.58
2014/04/17,9.55,9.63,9.52,9.53,2074652,9.68
2014/04/18,9.54,9.58,9.49,9.57,951792,9.63
2014/04/21,9.56,9.56,9.17,9.21,2251803,9.46
2014/04/22,9.19,9.27,9.11,9.21,1598788,9.27
2014/04/23,9.20,9.24,9.11,9.15,1170265,9.27
2014/04/24,9.16,9.21,9.06,9.16,1069926,9.23
2014/04/25,9.16,9.21,8.79,8.83,2342553,9.10
2014/04/28,8.76,8.81,8.43,8.50,1932640,8.66
2014/04/29,8.51,8.75,8.48,8.70,1385411,8.66
2014/04/30,8.70,8.76,8.63,8.74,957588,8.78
2014/05/05,8.74,8.84,8.68,8.81,1025108,8.85
2014/05/06,8.81,8.91,8.79,8.86,1237180,8.93
2014/05/07,8.80,8.86,8.56,8.56,1159162,8.81
2014/05/08,8.59,8.81,8.55,8.69,1160174,8.78
2014/05/09,8.69,8.78,8.56,8.67,804324,8.77
2014/05/12,8.75,8.91,8.65,8.90,1547402,8.93
2014/05/13,8.89,9.00,8.86,8.94,1278447,9.01
2014/05/14,8.92,8.99,8.87,8.90,728671,9.03
2014/05/15,8.99,8.99,8.63,8.64,1463564,8.87
2014/05/16,8.64,8.70,8.59,8.64,875636,8.73
2014/05/19,8.63,8.71,8.47,8.71,1104075,8.66
2014/05/20,8.72,8.87,8.71,8.79,1119638,8.88
2014/05/21,8.78,8.88,8.61,8.86,897783,8.91
2014/05/22,8.83,8.94,8.78,8.79,748641,8.96
2014/05/23,8.79,8.92,8.73,8.92,823161,8.93
2014/05/26,8.92,9.11,8.89,9.07,1830410,9.13
2014/05/27,9.35,9.60,9.24,9.24,6473021,9.52
2014/05/28,9.12,9.26,9.10,9.20,3056993,9.26
2014/05/29,9.15,9.25,9.01,9.02,2079580,9.21
2014/05/30,9.03,9.42,8.99,9.28,3317810,9.34
2014/06/03,9.22,9.45,9.21,9.24,1873477,9.42
2014/06/04,9.20,9.28,9.01,9.15,1417525,9.19
2014/06/05,9.16,9.21,9.12,9.19,1169940,9.25
2014/06/06,9.16,9.27,9.11,9.18,1030903,9.28
2014/06/09,9.20,9.24,9.12,9.17,821979,9.29
2014/06/10,9.17,9.29,9.09,9.29,1561595,9.28
2014/06/11,9.27,9.39,9.22,9.33,2437136,9.40
2014/06/12,9.33,9.38,9.29,9.32,1568616,9.41
2014/06/13,9.33,9.41,9.30,9.33,2195192,9.42
2014/06/16,9.34,9.50,9.30,9.38,2341454,9.47
2014/06/17,9.38,9.43,9.24,9.26,1543990,9.37
2014/06/18,9.22,9.29,9.06,9.10,1592620,9.22
2014/06/19,9.13,9.14,8.79,8.86,1712465,9.04
2014/06/20,8.87,8.94,8.77,8.90,1328079,8.91
2014/06/23,8.90,9.02,8.88,9.01,1270386,9.03
2014/06/24,9.01,9.12,8.99,9.11,1149748,9.13
2014/06/25,9.07,9.11,9.01,9.02,1034481,9.10
2014/06/26,9.06,9.18,9.06,9.17,1659665,9.20
2014/06/27,9.17,9.29,9.13,9.26,1431678,9.30
2014/06/30,9.27,9.44,9.22,9.37,2440982,9.41
2014/07/01,9.35,9.44,9.29,9.34,2285876,9.40
2014/07/02,9.38,9.53,9.32,9.49,4016029,9.50
2014/07/03,9.50,9.56,9.44,9.47,2504161,9.55
2014/07/04,9.45,9.57,9.45,9.49,2359647,9.56
2014/07/07,9.46,9.68,9.42,9.63,5081137,9.61
2014/07/08,9.62,9.73,9.50,9.60,2423912,9.63
2014/07/09,9.57,9.68,9.43,9.45,3515867,9.64
2014/07/10,9.44,9.58,9.44,9.49,1945343,9.57
2014/07/11,9.47,9.78,9.46,9.66,3225107,9.73
2014/07/14,9.64,10.11,9.62,9.97,7358135,9.96
2014/07/15,9.97,10.05,9.81,9.87,3503883,9.96
2014/07/16,9.90,9.97,9.74,9.78,2425146,9.90
2014/07/17,9.78,10.07,9.76,9.97,3496555,10.00
2014/07/18,9.94,10.02,9.85,9.89,2910865,10.00
2014/07/21,9.92,10.02,9.75,9.81,2095349,9.88
2014/07/22,9.77,9.98,9.74,9.94,2360778,9.95
2014/07/23,9.91,9.94,9.64,9.73,1916710,9.85
2014/07/24,9.72,9.77,9.51,9.61,3112320,9.64
2014/07/25,9.60,9.74,9.57,9.69,1721977,9.72
2014/07/28,9.71,9.98,9.71,9.91,2625123,9.94
2014/07/29,9.91,10.32,9.88,10.22,6316221,10.16
2014/07/30,10.13,10.35,10.10,10.30,3969390,10.28
2014/07/31,10.26,10.40,10.20,10.29,2823879,10.36
2014/08/01,10.29,10.44,10.20,10.34,4685063,10.42
2014/08/04,10.35,10.52,10.34,10.50,2989476,10.50
2014/08/05,10.46,10.65,10.36,10.54,3580615,10.57
2014/08/06,10.48,10.53,10.30,10.41,3160577,10.44
2014/08/07,10.37,10.51,10.26,10.29,2679693,10.45
2014/08/08,10.29,10.41,10.23,10.40,2904689,10.39
2014/08/11,10.42,10.62,10.42,10.57,3319943,10.63
2014/08/12,10.54,10.59,10.48,10.50,1605129,10.58
2014/08/13,10.50,10.69,10.46,10.56,3163664,10.65
2014/08/14,10.57,11.00,10.50,10.69,5369673,10.88
2014/08/15,10.67,10.98,10.66,10.92,2562735,10.90
2014/08/18,11.01,11.24,10.84,10.97,3682758,11.08
2014/08/19,10.97,11.19,10.89,11.01,3004827,11.10
2014/08/20,11.05,11.07,10.86,10.90,3034663,10.99
2014/08/21,10.89,10.93,10.70,10.85,2994591,10.86
2014/08/22,10.89,11.44,10.86,11.35,6039908,11.27
2014/08/25,11.33,11.66,11.29,11.52,3741829,11.54
2014/08/26,11.49,11.63,11.04,11.11,4411736,11.38
2014/08/27,11.11,12.14,11.09,11.89,7577775,11.71
2014/08/28,11.79,12.05,11.61,11.81,4724249,11.89
2014/08/29,11.74,11.86,11.49,11.72,2605131,11.71
2014/09/01,11.71,12.28,11.67,12.14,3790192,12.12
2014/09/02,12.19,12.26,11.97,12.24,3846872,12.21
2014/09/03,12.23,12.23,11.99,12.09,4400014,12.15
2014/09/04,12.04,12.32,12.02,12.09,3806520,12.22
2014/09/05,12.09,12.32,11.89,12.27,5141148,12.16
2014/09/09,12.31,12.31,12.11,12.24,3216065,12.25
2014/09/10,12.22,12.94,12.10,12.76,6418405,12.59
2014/09/11,12.77,13.24,12.46,12.70,6423155,12.94
2014/09/12,12.71,13.11,12.56,12.98,3825973,12.98
2014/09/15,12.99,13.34,12.84,13.32,4441376,13.15
2014/09/16,13.30,13.49,12.55,12.58,7510955,13.14
2014/09/17,12.61,12.80,12.32,12.69,4029048,12.65
2014/09/18,12.65,12.88,12.51,12.85,3042875,12.81
2014/09/19,12.85,13.20,12.80,13.18,3322448,13.13
2014/09/22,13.18,13.23,12.39,12.60,6597812,12.71
2014/09/23,12.58,12.75,12.52,12.72,3506714,12.71
2014/09/24,12.64,12.90,12.56,12.84,3066975,12.85
2014/09/25,12.89,13.37,12.87,13.03,5883562,13.20
2014/09/26,12.96,13.19,12.92,13.03,2800056,13.11
2014/09/29,13.08,13.58,13.07,13.52,4567992,13.39
2014/09/30,13.51,13.74,13.49,13.66,3308782,13.67
2014/10/08,13.70,13.78,13.45,13.75,3791386,13.69
2014/10/09,13.75,14.04,13.55,14.03,5293775,13.90
2014/10/10,13.90,14.77,13.80,14.36,8403050,14.46
2014/10/13,14.24,14.83,14.04,14.82,5283422,14.47
2014/10/14,14.80,16.31,14.67,15.55,15887381,15.77
2014/10/15,15.38,16.54,15.34,15.68,14272318,15.98
2014/10/16,15.54,15.90,14.65,14.66,12978291,15.28
2014/10/17,14.67,15.04,14.39,14.90,7945766,14.75
2014/10/20,14.84,15.30,14.74,15.20,4550298,15.17
2014/10/21,15.14,15.18,14.43,14.67,5430036,14.83
2014/10/22,14.69,14.74,14.10,14.15,4241792,14.45
2014/10/23,14.12,14.32,13.72,13.98,3799480,14.06
2014/10/24,13.98,14.22,13.89,14.13,2610569,14.11
2014/10/27,14.04,14.52,13.95,14.52,3120033,14.31
2014/10/28,14.53,14.99,14.39,14.86,3977687,14.83
2014/10/29,14.94,15.07,14.75,14.94,5086839,14.97
2014/10/30,14.93,15.07,14.69,14.85,3937312,14.95
2014/10/31,14.88,14.95,14.37,14.65,3824049,14.67
2014/11/03,14.68,14.78,14.47,14.78,3072683,14.72
2014/11/04,14.79,14.82,14.59,14.64,2269126,14.73
2014/11/05,14.62,14.68,14.29,14.48,2758111,14.47
2014/11/06,14.47,14.72,14.35,14.72,2241103,14.63
2014/11/07,14.74,15.07,14.63,14.75,6255916,14.97
2014/11/10,14.74,15.04,14.73,14.86,2438885,14.91
2014/11/11,14.89,14.92,13.73,13.85,5342598,14.19
2014/11/12,13.84,14.11,13.77,14.09,2376552,13.97
2014/11/13,13.94,14.03,13.28,13.39,4235234,13.61
2014/11/14,13.38,13.39,13.09,13.35,2614691,13.29
2014/11/17,13.48,13.92,13.35,13.78,3173113,13.80
2014/11/18,13.80,13.91,13.63,13.79,1903534,13.81
2014/11/19,13.87,14.03,13.80,13.92,2227406,13.96
2014/11/20,13.90,13.90,13.72,13.77,1737852,13.84
2014/11/21,13.85,13.96,13.73,13.93,1824415,13.91
2014/11/24,14.13,14.14,13.90,14.00,2418714,14.05
2014/11/25,13.89,14.29,13.86,14.28,2681520,14.23
2014/11/26,14.29,14.76,14.29,14.63,4853909,14.54
2014/11/27,14.65,14.78,14.45,14.68,4489704,14.66
2014/11/28,14.81,14.81,14.04,14.31,7486630,14.34
2014/12/01,14.24,14.26,13.77,13.94,4509904,14.04
2014/12/02,13.84,14.19,13.79,14.04,2757243,14.13
2014/12/03,14.08,14.27,13.69,14.24,4196256,13.99
2014/12/04,14.27,14.81,14.17,14.53,7082902,14.61
2014/12/05,14.54,14.55,13.45,13.77,6269307,13.99
2014/12/08,13.68,13.74,13.05,13.41,6334987,13.52
2014/12/09,13.29,13.33,12.59,12.63,5613545,13.10
2014/12/10,12.61,13.20,12.60,13.17,2931976,13.01
2014/12/11,13.12,13.36,13.03,13.34,2382999,13.31
2014/12/12,13.35,13.59,13.35,13.52,2601080,13.53
2014/12/15,13.49,13.74,13.33,13.69,4067373,13.60
2014/12/16,13.62,13.71,13.45,13.62,2723776,13.64
2014/12/17,13.54,13.54,13.06,13.14,2612327,13.32
2014/12/18,13.09,13.29,13.06,13.10,1830058,13.24
2014/12/19,13.11,13.14,12.59,12.70,2764455,12.80
2014/12/22,12.59,12.69,11.57,12.03,3851607,11.99
2014/12/23,11.89,12.34,11.85,11.97,1747434,12.11
2014/12/24,12.08,12.42,12.02,12.40,2192291,12.33
2014/12/25,12.41,12.56,12.30,12.39,1554534,12.47
2014/12/26,12.40,12.54,12.34,12.53,1418877,12.48
2014/12/29,12.49,12.50,12.06,12.13,2191616,12.26
2014/12/30,12.03,12.26,11.77,11.93,1926987,12.03
2014/12/31,11.82,12.02,11.72,12.00,1681285,11.94
2015/01/05,11.96,12.23,11.80,12.20,1841281,12.11
2015/01/06,12.23,12.49,12.07,12.45,4565880,12.35
2015/01/07,12.45,12.45,12.14,12.18,2638107,12.31
2015/01/08,12.18,12.28,12.01,12.04,2684825,12.20
2015/01/09,12.04,12.20,11.97,12.00,2665919,12.16
2015/01/12,11.98,12.01,11.71,11.78,2141925,11.85
2015/01/13,11.74,12.19,11.74,12.17,1948062,12.04
2015/01/14,12.14,12.34,12.06,12.21,2813431,12.27
2015/01/15,12.21,12.43,12.14,12.39,2713479,12.38
2015/01/16,12.36,12.52,12.25,12.52,2837497,12.47
2015/01/19,12.29,12.81,12.12,12.35,4473558,12.62
2015/01/20,12.38,13.32,12.38,13.31,8402908,13.01
2015/01/21,13.33,13.64,13.10,13.31,7855539,13.35
2015/01/22,13.24,13.41,13.17,13.28,4405419,13.37
2015/01/23,13.35,13.54,13.23,13.30,4339412,13.41
2015/01/26,13.27,13.82,13.25,13.69,4878653,13.67
2015/01/27,13.69,13.75,13.26,13.52,3910267,13.60
2015/01/28,13.51,13.64,13.38,13.44,2423309,13.59
2015/01/29,13.39,13.53,12.97,13.04,4857770,13.24
2015/01/30,13.09,13.26,12.84,13.10,3073145,13.17
2015/02/02,12.93,13.19,12.85,13.01,2142623,13.13
2015/02/03,13.01,13.62,13.01,13.46,4043796,13.46
2015/02/04,13.50,13.63,13.23,13.35,3321476,13.41
2015/02/05,13.41,13.48,13.12,13.15,3578724,13.36
2015/02/06,13.12,13.18,12.63,12.80,2546023,13.00
2015/02/09,12.86,12.92,12.62,12.74,1788519,12.80
2015/02/10,12.80,12.89,12.58,12.74,2234892,12.73
2015/02/11,12.80,13.27,12.70,13.20,2916893,13.11
2015/02/12,13.21,13.69,13.17,13.63,6350838,13.62
2015/02/13,13.83,13.88,13.63,13.65,4144353,13.80
2015/02/16,13.62,13.85,13.54,13.85,3585596,13.81
2015/02/17,13.89,14.43,13.69,14.40,6009263,14.15
2015/02/25,14.42,14.44,14.05,14.31,3093925,14.31
2015/02/26,14.17,14.37,13.99,14.15,2959809,14.17
2015/02/27,14.04,14.22,13.81,14.04,6568139,13.98
2015/03/02,14.03,14.32,13.91,14.27,6456730,14.20
2015/03/03,14.17,14.17,13.81,13.81,7512336,14.06
2015/03/04,13.82,14.22,13.81,14.09,6161602,14.09
2015/03/05,14.09,14.75,14.09,14.62,11002499,14.55
2015/03/06,14.63,14.66,14.26,14.38,6202813,14.48
2015/03/09,14.36,14.54,14.14,14.48,3392035,14.44
2015/03/10,14.48,14.83,14.48,14.63,4632965,14.74
2015/03/11,14.66,14.69,14.28,14.32,3312827,14.49
2015/03/12,14.37,14.52,14.15,14.22,3392513,14.38
2015/03/13,14.24,14.48,14.24,14.41,2943365,14.42
2015/03/16,14.53,14.88,14.51,14.79,6197373,14.79
2015/03/17,14.84,15.13,14.72,14.85,7005514,15.02
2015/03/18,14.81,15.44,14.79,15.40,7285763,15.34
2015/03/19,15.45,15.75,15.27,15.71,5989508,15.57
2015/03/20,15.66,15.93,15.56,15.86,5760988,15.81
2015/03/23,16.14,16.34,15.86,16.24,6718313,16.11
2015/03/24,16.17,16.22,15.29,15.74,8304819,15.84
2015/03/25,15.73,16.59,15.56,16.51,9837967,16.19
2015/03/26,16.49,16.49,15.84,16.19,7066903,16.26
2015/03/27,15.86,16.10,15.77,15.95,6909583,15.98
2015/03/30,15.98,16.32,15.89,16.16,6072958,16.22
2015/03/31,16.17,16.93,16.10,16.60,8710693,16.54
2015/04/01,16.64,17.80,16.64,17.50,8668800,17.38
2015/04/02,17.72,18.28,17.52,17.82,10267668,17.97
2015/04/03,17.74,18.52,17.56,18.33,8725020,18.27
2015/04/07,18.32,19.03,18.09,18.74,6951259,18.78
2015/04/08,18.74,18.88,17.36,18.07,8610817,18.25
2015/04/09,17.84,18.08,16.95,17.54,7923947,17.49
2015/04/10,17.63,18.49,17.54,18.44,7661479,18.14
2015/04/13,18.54,19.68,18.37,19.43,9373432,19.13
2015/04/14,19.47,19.64,18.72,19.54,7659503,19.24
2015/04/15,19.43,19.43,17.94,18.04,7925593,18.79
2015/04/16,17.69,18.33,17.35,17.86,6200525,17.89
2015/04/17,18.16,18.20,17.44,17.58,6808841,17.77
2015/04/20,17.40,17.48,16.85,16.94,6880032,17.16
2015/04/21,16.99,17.74,16.87,17.74,6038972,17.34
2015/04/22,17.75,18.71,17.75,18.34,7448342,18.38
2015/04/23,18.04,18.19,17.64,17.99,11744975,17.94
2015/04/24,17.71,17.71,17.27,17.67,6404194,17.63
2015/04/27,17.67,18.05,17.59,17.72,7444185,17.87
2015/04/28,17.72,17.72,16.49,16.68,8674702,17.12
2015/04/29,16.67,17.04,16.44,16.96,5115382,16.92
2015/04/30,16.97,17.23,16.94,17.00,4329660,17.13
2015/05/04,17.00,17.64,16.74,17.46,6497057,17.28
2015/05/05,17.45,17.61,17.03,17.13,4627675,17.37
2015/05/06,17.20,17.70,16.79,16.87,5081390,17.45
2015/05/07,16.74,16.74,16.14,16.32,3589563,16.42
2015/05/08,16.53,17.06,16.51,17.05,4753060,16.83
2015/05/11,17.49,17.94,17.25,17.92,8750340,17.80
2015/05/12,17.93,18.74,17.93,18.20,8624559,18.33
2015/05/13,18.04,18.99,17.52,18.96,11166347,18.49
2015/05/14,18.74,19.32,18.58,18.95,7940110,19.09
2015/05/15,18.74,19.44,18.24,19.20,8173680,18.80
2015/05/18,18.95,20.78,18.95,20.17,11984131,20.14
2015/05/19,20.14,20.89,19.61,20.86,9790712,20.38
2015/05/20,20.87,22.24,20.64,21.34,9442268,21.67
2015/05/21,21.60,22.19,21.34,21.83,7132513,21.84
2015/05/22,21.94,22.25,20.54,21.51,8994658,21.48
2015/05/25,21.14,21.73,20.95,21.61,7262204,21.49
2015/05/26,21.60,23.43,21.44,23.08,12278234,22.39
2015/05/27,23.16,25.39,22.88,25.39,13326289,24.30
2015/05/28,26.52,27.94,26.52,27.04,18170038,27.85
2015/05/29,26.99,29.75,24.72,29.75,24957530,28.40
2015/06/01,30.46,32.62,29.14,31.04,18401652,30.98
2015/06/02,30.36,32.92,30.09,32.27,14356333,31.69
2015/06/03,31.58,32.03,30.14,31.14,11532521,31.05
2015/06/04,30.87,31.02,28.02,29.50,12702461,29.27
2015/06/05,29.75,30.49,28.84,29.85,9823981,29.95
2015/06/08,30.00,32.26,30.00,30.93,10988737,31.13
2015/06/09,30.93,30.93,28.64,29.84,9122280,29.71
2015/06/10,29.84,30.89,28.94,30.36,7757182,30.12
2015/06/11,30.36,30.56,29.44,30.37,6430486,30.01
2015/06/12,30.24,32.72,30.04,31.58,9771517,31.79
2015/06/15,32.02,34.54,32.01,32.94,10343327,33.36
2015/06/16,31.94,32.72,29.75,29.84,9066466,30.74
2015/06/17,30.44,30.88,28.47,30.28,7013723,29.66
2015/06/18,30.69,31.74,28.91,29.21,7901651,30.51
2015/06/19,28.49,28.53,26.28,26.29,5911884,27.60
2015/06/23,26.19,26.64,23.94,26.09,6442832,25.43
2015/06/24,26.62,27.44,25.44,26.64,13742081,26.43
2015/06/25,26.67,26.88,24.04,24.34,7169864,25.77
2015/06/26,23.49,23.49,21.90,21.90,8242080,22.50
2015/06/29,22.44,22.82,19.70,19.70,7929421,20.58
2015/06/30,18.97,20.70,17.72,20.14,16316936,19.44
2015/07/01,20.19,21.29,18.12,19.00,13064474,20.43
2015/07/02,18.40,19.13,17.09,19.00,20710261,18.00
2015/07/03,17.94,19.29,17.09,18.82,14123392,18.15
2015/07/06,20.71,20.71,16.93,16.93,17435050,18.26
2015/07/07,15.81,15.84,15.23,15.23,3556000,15.35
2015/07/08,13.70,13.70,13.70,13.70,22354700,13.76
2015/07/09,12.94,15.08,12.94,15.08,11419525,14.57
2015/07/10,15.94,16.59,15.52,16.59,5195255,16.40
2015/07/13,16.84,18.26,16.84,18.26,15955582,17.84
2015/07/14,18.45,19.92,17.64,18.63,17166558,18.81
2015/07/15,17.89,18.17,16.77,16.77,7847090,17.27
2015/07/16,15.60,17.55,15.09,16.70,10804980,16.46
2015/07/17,16.58,18.09,16.58,17.72,9986977,17.42
2015/07/20,17.95,18.53,17.55,17.95,10198001,17.99
2015/07/21,17.60,19.68,17.11,19.28,11948836,18.64
2015/07/22,19.15,19.34,18.40,19.19,10545893,18.89
2015/07/23,19.09,20.00,19.01,19.80,10637872,19.60
2015/07/24,20.30,20.49,19.18,19.40,12501013,20.03
2015/07/27,18.80,19.78,17.46,17.46,10584568,18.68
2015/07/28,16.00,17.44,15.71,16.20,10241441,16.25
2015/07/29,16.85,17.70,15.93,17.67,8800485,16.59
2015/07/30,17.68,18.34,16.87,17.08,8231360,17.79
2015/07/31,16.40,16.93,15.80,16.15,12927597,16.39
2015/08/03,15.60,15.94,14.54,14.76,9056178,15.08
2015/08/04,14.78,16.24,14.78,16.24,8808297,15.67
2015/08/05,16.47,17.00,16.00,16.46,10466671,16.60
2015/08/06,16.01,16.76,15.80,16.44,5642682,16.39
2015/08/07,16.52,17.88,16.52,17.88,10571238,17.25
2015/08/10,18.02,19.38,17.78,19.16,15454123,18.69
2015/08/11,18.95,19.45,18.64,18.99,11384559,19.01
2015/08/12,18.56,19.15,18.28,18.35,6688030,18.77
2015/08/13,18.37,19.16,18.15,19.13,8494147,18.71
2015/08/14,19.28,20.22,19.23,19.50,11669837,19.75
2015/08/17,19.68,21.00,19.44,20.80,12246990,20.25
2015/08/18,20.70,20.82,18.72,18.72,12397924,19.64
2015/08/19,17.60,19.60,16.87,19.05,12165453,17.94
2015/08/20,18.59,19.99,18.05,19.30,12828365,19.18
2015/08/21,18.90,18.98,17.50,17.63,9666304,18.39
2015/08/24,16.50,16.67,15.87,15.87,5917451,16.00
2015/08/25,14.28,14.99,14.28,14.28,6961251,14.41
2015/08/26,14.49,15.15,13.06,13.50,9552412,14.22
2015/08/27,13.88,14.29,12.50,13.97,8176229,13.62
2015/08/28,14.46,15.08,14.00,15.03,8555841,14.46
2015/08/31,14.79,14.90,13.82,13.86,5679502,14.33
2015/09/01,13.86,13.86,12.47,12.47,6699744,12.91
2015/09/02,11.85,12.94,11.50,11.72,5461495,12.14
2015/09/07,12.01,12.50,11.00,11.95,4992583,12.15
2015/09/08,11.85,12.99,11.80,12.90,4426457,12.28
2015/09/09,13.05,13.67,12.91,13.63,7098320,13.40
2015/09/10,13.42,13.60,13.13,13.34,4230920,13.43
2015/09/11,14.00,14.67,13.70,14.67,6039179,14.45
2015/09/14,15.00,15.08,13.20,13.20,10195904,14.35
2015/09/15,12.44,12.96,11.88,12.10,7552647,12.27
2015/09/16,12.11,13.31,12.04,13.30,6673953,12.65
2015/09/17,13.12,13.95,13.00,13.00,8200233,13.52
2015/09/18,13.19,13.58,12.90,13.31,6321047,13.23
2015/09/21,13.02,14.18,12.99,14.05,7128156,13.66
2015/09/22,13.96,14.28,13.67,13.92,8508905,13.96
2015/09/23,13.67,13.88,13.49,13.60,4944173,13.66
2015/09/24,13.70,14.07,13.63,13.91,4435597,13.86
2015/09/25,15.30,15.30,15.21,15.30,18870156,15.30
2015/09/28,15.20,15.33,14.58,15.26,16569932,15.08
2015/09/29,14.71,15.75,14.60,15.09,14105941,15.16
2015/09/30,15.09,15.25,14.47,14.60,8522629,14.75
2015/10/08,15.16,15.49,14.88,15.30,10120934,15.23
2015/10/09,15.25,15.50,15.11,15.45,8673056,15.32
2015/10/12,15.59,16.34,15.46,16.08,10390278,15.95
2015/10/13,15.91,16.50,15.80,16.28,9353112,16.19
2015/10/14,16.22,16.40,15.65,15.70,8577243,16.01
2015/10/15,15.59,16.41,15.59,16.41,9269524,16.10
2015/10/16,16.35,16.51,15.90,16.40,9607413,16.26
2015/10/19,16.40,16.58,16.01,16.35,7958309,16.31
2015/10/20,16.16,16.86,16.16,16.76,8335527,16.61
2015/10/21,16.95,17.47,15.10,15.45,12304201,16.58
2015/10/22,15.40,16.24,15.25,16.10,8830394,15.85
2015/10/23,16.47,17.55,16.47,17.05,15090866,16.92
2015/10/26,17.48,17.79,17.01,17.48,16639920,17.38
2015/10/27,17.15,17.48,16.32,17.40,10674452,16.98
2015/10/28,17.20,17.70,16.81,16.88,8920230,17.34
2015/10/29,17.00,17.18,16.60,16.93,6188492,16.94
2015/10/30,17.00,17.44,16.51,17.02,6983681,17.01
2015/11/02,16.60,17.24,16.52,16.73,5813363,16.89
2015/11/03,16.79,16.97,16.55,16.73,4660030,16.76
2015/11/04,16.69,17.76,16.69,17.75,10308217,17.36
2015/11/05,17.73,17.76,17.21,17.42,8363482,17.51
2015/11/06,17.40,18.00,17.40,17.83,7453182,17.75
2015/11/09,17.83,18.17,17.25,18.02,11321558,17.75
2015/11/10,17.80,18.90,17.77,18.31,10556088,18.42
2015/11/11,18.25,18.77,18.11,18.73,6878616,18.53
2015/11/12,18.64,18.95,17.95,18.32,9462226,18.32
2015/11/13,18.10,18.28,17.81,17.93,6194234,18.05
2015/11/16,17.55,18.30,17.38,18.22,4983238,17.89
2015/11/17,18.40,18.76,17.96,18.14,9937156,18.43
2015/11/18,18.09,18.75,18.02,18.55,12212820,18.42
2015/11/19,18.65,19.50,18.65,19.49,13063268,19.17
2015/11/20,19.37,19.55,18.75,19.19,9838514,19.11
2015/11/23,19.19,19.40,18.89,19.14,7420504,19.14
2015/11/24,19.06,19.29,18.61,19.26,5978277,18.94
2015/11/25,19.33,19.80,19.16,19.73,7290459,19.54
2015/11/26,19.75,20.38,19.52,19.77,8533759,19.90
2015/11/27,19.88,20.05,17.79,18.27,8889385,19.09
2015/11/30,18.12,18.64,17.01,17.92,7729874,17.73
2015/12/01,17.89,18.50,17.71,18.03,5400744,18.11
2015/12/02,18.06,18.16,17.06,18.06,5989106,17.68
2015/12/03,17.90,18.64,17.80,18.64,5946778,18.22
2015/12/04,18.55,18.85,18.40,18.64,5550219,18.61
2015/12/07,18.60,19.24,18.53,19.11,6385109,18.95
2015/12/08,18.90,19.11,18.44,18.53,5565305,18.70
2015/12/09,18.35,19.10,18.30,18.70,4905386,18.76
2015/12/10,18.69,19.86,18.54,19.49,9468679,19.45
2015/12/11,19.34,19.48,18.96,18.99,5464417,19.18
2015/12/14,18.80,19.98,18.50,19.78,8115215,19.41
2015/12/15,19.70,20.66,19.53,20.35,8729047,20.18
2015/12/16,20.35,20.75,20.08,20.27,5602710,20.31
2015/12/17,20.38,21.01,20.27,20.59,6904052,20.70
2015/12/18,20.55,20.89,20.18,20.31,4544542,20.48
2015/12/21,20.31,21.47,20.20,21.39,7933618,21.13
2015/12/22,21.60,21.98,21.21,21.38,8781080,21.59
2015/12/23,21.54,22.44,21.30,21.60,7307169,21.85
2015/12/24,21.49,22.22,20.82,21.96,10250904,21.43
2015/12/25,22.11,24.11,21.93,23.45,10519128,23.23
2015/12/28,23.35,24.10,22.29,22.57,7196791,23.17
2015/12/29,23.01,23.19,22.08,22.58,5497487,22.65
2015/12/30,22.50,22.86,22.01,22.71,6699475,22.46
2015/12/31,22.71,22.73,21.62,21.62,4604117,22.17
2016/01/04,21.21,21.44,19.46,19.46,6219723,20.18
2016/01/05,18.01,19.40,17.59,18.49,9245002,18.43
2016/01/06,18.51,19.30,18.40,19.03,6464653,18.91
2016/01/07,18.85,18.93,17.13,17.13,2022649,18.04
2016/01/08,17.56,17.88,16.13,17.25,6095571,17.20
2016/01/11,16.89,17.02,15.53,15.53,6075393,16.17
2016/01/12,14.85,15.95,14.85,15.60,5508285,15.42
2016/01/13,15.55,16.00,14.80,14.80,3896827,15.56
2016/01/14,14.20,15.80,14.10,15.72,5639348,15.06
2016/01/15,15.65,16.17,15.22,15.35,5652518,15.76
2016/01/18,15.20,16.09,15.00,15.89,3331543,15.69
2016/01/19,15.71,16.69,15.71,16.60,3998783,16.28
2016/01/20,16.49,16.73,16.19,16.46,4603472,16.51
2016/01/21,16.10,16.90,15.70,15.80,5210161,16.42
2016/01/22,16.02,16.21,15.22,16.04,2866068,15.85
2016/01/25,16.19,16.43,16.00,16.16,2184598,16.21
2016/01/26,15.88,16.36,14.58,14.60,5086737,15.58
2016/01/27,14.90,15.09,13.45,14.72,5498585,14.23
2016/01/28,14.38,14.88,13.98,14.15,3214637,14.46
2016/01/29,13.91,14.88,13.85,14.67,2908300,14.46
2016/02/01,14.59,14.85,14.38,14.50,2174986,14.59
2016/02/02,14.66,15.21,14.52,15.06,2155285,14.97
2016/02/03,14.90,15.23,14.61,15.09,2337857,14.90
2016/02/04,15.20,15.85,15.18,15.48,3037128,15.54
2016/02/05,15.48,15.73,15.30,15.36,2470550,15.53
2016/02/15,14.80,15.42,14.50,15.37,2071831,15.00
2016/02/16,15.41,16.20,15.41,15.97,4100166,15.90
2016/02/17,15.97,16.33,15.90,16.26,3206942,16.11
2016/02/18,16.26,16.43,16.01,16.02,4521270,16.21
2016/02/19,16.10,16.25,15.95,16.16,2227727,16.12
2016/02/22,16.29,16.65,16.29,16.60,3566849,16.48
2016/02/23,16.56,16.68,16.01,16.36,2549844,16.37
2016/02/24,16.25,16.50,15.90,16.30,3356932,16.17
2016/02/25,16.18,16.25,14.67,14.67,6762242,15.23
2016/02/26,14.69,14.92,13.99,14.42,5517093,14.56
2016/02/29,14.41,14.41,12.98,13.11,4679778,13.28
2016/03/01,13.22,13.58,13.02,13.44,5130036,13.27
2016/03/02,13.43,14.78,13.33,14.78,10439769,14.60
2016/03/03,14.85,15.55,14.85,15.04,8330416,15.22
2016/03/04,15.20,15.60,14.58,15.23,8936577,15.09
2016/03/07,15.23,16.75,15.23,16.75,14864613,16.38
2016/03/08,16.77,17.80,15.88,17.32,13591521,16.92
2016/03/09,16.94,16.94,16.28,16.40,5953835,16.60
2016/03/10,16.64,17.05,16.02,16.58,6753572,16.73
2016/03/11,16.09,16.75,16.04,16.48,3624102,16.48
2016/03/14,16.70,17.77,16.67,17.00,5020050,17.22
2016/03/15,17.00,18.21,16.95,17.60,9453191,17.59
2016/03/16,18.50,18.50,17.02,17.21,7028272,17.51
2016/03/17,17.25,18.70,17.15,18.44,11180824,18.07
2016/03/18,18.25,19.60,18.11,19.09,9113420,18.93
2016/03/21,18.98,19.11,17.85,18.75,30813225,18.37
2016/03/22,18.20,18.20,17.88,17.96,11951223,18.03
2016/03/23,18.34,18.34,17.81,18.04,6935976,18.02
2016/03/24,17.85,17.85,17.36,17.40,8340813,17.55
2016/03/25,17.41,17.63,17.31,17.61,4733460,17.47
2016/03/28,17.62,17.91,17.05,17.17,8923293,17.48
2016/03/29,17.22,17.35,16.88,17.13,5422064,17.15
2016/03/30,17.36,17.69,17.24,17.65,6029841,17.48
2016/03/31,17.66,17.83,17.45,17.65,7115764,17.67
2016/04/01,17.52,17.80,17.31,17.50,4128777,17.47
2016/04/05,17.55,18.34,17.55,18.22,9724858,18.01
2016/04/06,18.10,18.45,17.91,18.05,7336682,18.15
2016/04/07,18.08,18.20,17.45,17.45,6092142,17.75
2016/04/08,17.34,17.34,16.78,17.00,4980194,17.05
2016/04/11,17.20,17.63,17.20,17.48,4146363,17.47
2016/04/12,17.48,17.70,17.23,17.68,4710891,17.50
2016/04/13,17.55,18.15,17.55,17.80,7533044,17.92
2016/04/14,17.83,18.19,17.75,18.19,6501614,17.99
2016/04/15,18.08,18.66,18.06,18.45,8352261,18.37
2016/04/18,18.44,18.95,18.12,18.73,11512034,18.65
2016/04/19,18.75,19.20,18.43,18.66,8391538,18.84
2016/04/20,18.60,19.11,17.05,17.78,11546293,18.24
2016/04/21,17.70,18.25,17.33,17.70,7041481,17.87
2016/04/22,17.55,17.80,17.05,17.70,4580127,17.42
2016/04/25,17.68,17.68,16.99,17.36,3738536,17.28
2016/04/26,17.30,17.86,17.18,17.85,4316687,17.55
2016/04/27,17.80,18.28,17.66,17.66,4568652,17.98
2016/04/28,17.65,17.89,17.00,17.89,4789711,17.53
2016/04/29,17.78,18.25,17.58,18.19,5583071,18.00
2016/05/03,18.14,18.76,18.00,18.74,6608126,18.55
2016/05/04,18.51,19.20,18.49,18.84,6801048,18.85
2016/05/05,18.74,18.96,18.44,18.64,5013841,18.68
2016/05/06,18.70,18.73,17.37,17.39,7565418,18.01
2016/05/09,17.12,17.23,15.75,15.82,8333249,16.33
2016/05/10,15.75,15.99,15.50,15.79,4359608,15.79
2016/05/11,15.87,16.10,15.61,15.61,4115378,15.87
2016/05/12,15.40,15.55,14.94,15.49,4485132,15.24
2016/05/13,15.38,15.80,15.20,15.36,3836890,15.51
2016/05/16,15.40,16.16,15.35,16.15,4072245,15.79
2016/05/17,16.04,16.10,15.76,15.91,3989485,15.92
2016/05/18,15.71,15.71,14.50,15.07,4945470,15.20
2016/05/19,15.07,15.56,15.05,15.18,3324362,15.35
2016/05/20,15.07,15.47,15.03,15.45,2699057,15.34
2016/05/23,15.50,15.89,15.43,15.76,3193664,15.69
2016/05/24,15.76,15.78,15.45,15.71,2622796,15.65
2016/05/25,15.83,16.04,15.59,15.71,3285855,15.86
2016/05/26,15.55,15.91,15.35,15.90,4130612,15.60
2016/05/27,15.90,15.94,15.70,15.83,3738123,15.85
2016/05/30,15.70,15.92,15.48,15.69,2585601,15.72
2016/05/31,15.70,16.41,15.70,16.37,4676481,16.17
2016/06/01,16.38,16.65,16.37,16.38,4584805,16.50
2016/06/02,16.42,16.73,16.38,16.59,3638956,16.57
2016/06/03,16.53,16.95,16.45,16.82,3908005,16.71
2016/06/06,16.85,16.89,16.61,16.80,3198891,16.74
2016/06/07,16.78,16.82,16.56,16.82,2598079,16.69
2016/06/08,16.76,16.85,16.56,16.79,2711167,16.72
2016/06/13,16.55,17.13,16.05,16.06,4783775,16.70
2016/06/14,16.01,16.37,15.96,16.09,3064151,16.12
2016/06/15,16.00,16.83,15.91,16.70,3852600,16.57
2016/06/16,16.70,16.83,16.44,16.70,3632416,16.64
2016/06/17,16.70,17.12,16.69,16.91,3711200,16.94
2016/06/20,16.82,17.69,16.78,17.58,7760036,17.33
2016/06/21,17.52,17.87,17.25,17.30,4817370,17.52
2016/06/22,17.28,17.87,17.28,17.87,4343881,17.58
2016/06/23,17.80,17.87,17.45,17.66,3838274,17.65
2016/06/24,17.70,18.15,17.52,17.94,7622163,17.88
2016/06/27,17.73,18.68,17.70,18.33,6554829,18.37
2016/06/28,18.19,18.60,18.00,18.40,5589750,18.34
2016/06/29,18.46,18.73,18.30,18.71,5241691,18.52
2016/06/30,18.73,19.10,18.08,18.21,11619935,18.66
2016/07/01,18.06,19.86,18.06,19.32,12576553,19.16
2016/07/04,19.20,21.25,19.20,21.23,15977270,20.70
2016/07/05,20.94,21.13,20.39,20.57,9852961,20.68
2016/07/06,20.69,22.00,20.69,21.50,12763236,21.17
2016/07/07,21.35,21.35,20.78,20.91,7287152,20.97
2016/07/08,21.80,21.80,20.95,21.01,8941098,21.27
2016/07/11,20.70,21.73,20.59,21.01,7680839,21.21
2016/07/12,21.27,22.30,21.05,21.96,7894826,21.77
2016/07/13,21.95,23.95,21.95,23.74,11492373,23.16
2016/07/14,23.51,23.70,22.97,23.34,5037005,23.24
2016/07/15,23.35,23.62,22.80,22.93,5886284,23.22
2016/07/18,22.95,23.77,22.86,22.93,6410234,23.32
2016/07/19,22.69,22.79,22.09,22.58,4863766,22.46
2016/07/20,22.70,23.19,22.51,22.58,4293789,22.79
2016/07/21,22.58,23.02,22.38,22.56,3387750,22.68
2016/07/22,23.53,23.53,22.60,22.84,5217158,22.99
2016/07/25,22.70,22.80,21.05,21.60,8399379,21.75
2016/07/26,21.75,22.50,21.70,22.44,4925300,22.18
2016/07/27,22.60,22.66,20.44,20.81,9143700,21.31
2016/07/28,20.78,21.30,20.50,20.76,4249500,20.95
2016/07/29,21.00,21.05,19.75,20.70,7309723,20.49
2016/08/01,20.50,20.70,20.00,20.49,3391722,20.38
2016/08/02,20.39,21.24,20.38,21.24,3674571,20.86
2016/08/03,21.04,21.28,20.81,21.01,3245614,21.03
2016/08/04,20.90,21.35,20.79,21.04,3408493,21.11
2016/08/05,21.09,21.13,20.30,20.48,3948946,20.62
2016/08/08,20.48,20.70,20.18,20.67,1762944,20.51
2016/08/09,20.48,20.70,20.18,20.67,0,20.44
