Date, SZ002217.Open, SZ002217.High, SZ002217.Low, SZ002217.Close, SZ002217.Volume, SZ002217.Adjusted
2008/02/20,10.12,10.57,10.07,10.25,18344384,10.32
2008/02/21,9.82,10.20,9.53,10.05,7771545,9.86
2008/02/22,9.83,10.32,9.79,10.05,5043810,10.05
2008/02/25,10.25,11.06,10.06,10.79,9965030,10.56
2008/02/26,10.82,10.93,9.68,9.82,6827849,10.30
2008/02/27,9.75,10.01,9.33,9.91,3905413,9.67
2008/02/28,9.75,9.75,9.34,9.41,2735615,9.54
2008/02/29,9.33,9.59,9.20,9.47,2391341,9.39
2008/03/03,9.31,9.64,9.23,9.52,2445891,9.44
2008/03/04,9.53,9.95,9.41,9.70,3375203,9.68
2008/03/05,9.56,9.64,9.01,9.08,2915608,9.33
2008/03/06,9.12,9.19,8.68,8.84,2588254,8.93
2008/03/07,8.71,8.94,8.68,8.77,1244739,8.81
2008/03/10,8.69,8.78,7.91,7.98,2263874,8.34
2008/03/11,7.79,8.15,7.71,8.08,1196028,7.93
2008/03/12,8.19,8.23,7.53,7.60,1292820,7.88
2008/03/13,7.53,7.99,7.53,7.93,1931349,7.76
2008/03/14,7.82,7.89,7.57,7.75,901981,7.73
2008/03/17,7.75,7.75,6.95,6.95,1389386,7.35
2008/03/18,6.93,7.15,6.23,6.29,2000181,6.69
2008/03/19,6.53,6.72,6.37,6.58,2004498,6.54
2008/03/20,6.43,6.91,5.93,6.80,2354376,6.42
2008/03/21,6.71,6.93,6.61,6.74,1512390,6.77
2008/03/24,6.82,6.86,6.39,6.39,1119230,6.63
2008/03/25,6.27,7.01,6.19,7.01,2340911,6.60
2008/03/26,7.04,7.33,6.86,6.98,2573226,7.10
2008/03/27,6.82,6.82,6.38,6.38,1517282,6.60
2008/03/28,6.23,6.66,6.05,6.63,1412338,6.35
2008/03/31,6.41,6.56,6.15,6.15,935099,6.35
2008/04/01,6.10,6.27,5.51,5.53,1719443,5.89
2008/04/02,5.60,5.74,5.01,5.17,1365501,5.38
2008/04/03,5.30,5.62,5.19,5.54,1165392,5.41
2008/04/07,5.49,6.03,5.37,5.99,1810140,5.70
2008/04/08,5.86,6.17,5.86,6.04,1689097,6.02
2008/04/09,5.97,6.13,5.53,5.56,1371589,5.83
2008/04/10,5.47,5.81,5.44,5.77,1068327,5.63
2008/04/11,5.80,6.20,5.78,5.97,1415442,5.99
2008/04/14,5.86,5.87,5.44,5.54,1200968,5.66
2008/04/15,5.49,5.93,5.49,5.91,940872,5.71
2008/04/16,5.86,6.04,5.76,5.84,958731,5.90
2008/04/17,5.97,6.16,5.86,6.01,1501086,6.01
2008/04/18,5.90,5.96,5.53,5.62,854790,5.75
2008/04/21,6.06,6.21,5.70,5.85,1525539,5.96
2008/04/22,5.77,5.89,5.35,5.84,1053383,5.62
2008/04/23,5.68,6.13,5.54,6.06,2112479,5.83
2008/04/24,6.63,6.70,6.38,6.70,4226190,6.54
2008/04/25,6.63,6.70,6.38,6.70,0,6.54
2008/04/28,6.48,6.77,6.36,6.58,1879237,6.56
2008/04/29,6.57,6.88,6.56,6.82,2112629,6.72
2008/04/30,6.86,7.02,6.73,6.98,2194565,6.88
2008/05/05,7.14,7.26,6.93,7.15,1632340,7.09
2008/05/06,7.03,7.08,6.86,6.93,1702025,6.97
2008/05/07,6.94,7.06,6.63,6.64,1676504,6.84
2008/05/08,6.58,7.33,6.49,7.33,2483399,6.91
2008/05/09,7.78,8.09,7.71,8.09,8182193,7.90
2008/05/12,8.60,8.93,8.34,8.93,5022198,8.63
2008/05/13,9.41,9.84,9.22,9.84,6023949,9.53
2008/05/14,10.23,10.65,9.73,10.42,9943591,10.19
2008/05/15,10.29,11.49,10.03,11.49,10518532,10.76
2008/05/16,11.48,11.66,10.32,10.32,7813559,10.99
2008/05/19,10.07,10.69,9.78,10.15,6579611,10.23
2008/05/20,9.95,11.09,9.89,10.45,12582551,10.49
2008/05/21,10.25,10.55,9.38,10.19,8029955,9.97
2008/05/22,10.02,11.23,9.99,10.87,11218361,10.61
2008/05/23,10.65,11.02,9.76,10.37,9871205,10.39
2008/05/26,10.07,10.15,9.31,9.36,5211495,9.73
2008/05/27,9.31,9.81,9.18,9.52,4889635,9.50
2008/05/28,9.31,9.94,9.31,9.71,4337231,9.63
2008/05/29,9.64,10.13,9.40,9.40,3787535,9.77
2008/05/30,9.38,9.56,8.93,9.13,4590815,9.25
2008/06/02,9.09,9.66,9.02,9.41,3714865,9.34
2008/06/03,9.22,9.39,9.01,9.21,2869903,9.20
2008/06/04,9.05,9.36,8.69,8.81,3443588,9.02
2008/06/05,8.71,9.00,8.58,8.87,2519824,8.79
2008/06/06,8.87,9.29,8.60,8.93,3788687,8.94
2008/06/10,8.51,8.65,8.02,8.15,3035943,8.33
2008/06/11,8.05,8.29,7.87,8.14,2374032,8.08
2008/06/12,8.07,8.64,7.93,8.30,4986189,8.29
2008/06/13,8.21,8.86,8.07,8.42,5923009,8.46
2008/06/16,8.25,8.37,7.55,7.55,4252724,7.96
2008/06/17,7.41,7.73,6.86,6.98,3511868,7.30
2008/06/18,6.98,7.62,6.47,7.51,4534845,7.04
2008/06/19,7.29,7.51,6.74,6.74,3098553,7.13
2008/06/20,6.63,7.21,6.04,6.68,4965242,6.63
2008/06/23,6.48,6.64,6.07,6.28,2343918,6.35
2008/06/24,6.28,6.93,6.27,6.93,3783256,6.60
2008/06/25,7.08,7.44,6.91,7.26,5773545,7.18
2008/06/26,7.13,7.71,7.05,7.48,5448418,7.38
2008/06/27,7.88,8.25,7.80,8.25,10154650,8.02
2008/06/30,8.09,8.35,7.84,7.93,7019499,8.09
2008/07/01,7.86,8.25,7.76,7.78,5018453,8.00
2008/07/02,7.85,8.23,7.60,8.23,5362513,7.92
2008/07/03,8.04,8.89,7.90,8.65,6574464,8.40
2008/07/04,8.62,8.81,8.11,8.28,4847367,8.46
2008/07/07,8.28,9.09,8.15,8.90,6127191,8.62
2008/07/08,8.76,9.22,8.66,8.87,4555088,8.94
2008/07/09,8.89,9.11,8.62,8.92,5560167,8.86
2008/07/10,8.72,8.96,8.48,8.48,4424914,8.72
2008/07/11,8.55,9.35,8.49,9.27,6349874,8.92
2008/07/14,9.27,9.60,9.02,9.21,5078871,9.31
2008/07/15,9.18,9.44,8.81,8.87,4616406,9.13
2008/07/16,8.73,8.75,8.07,8.28,3778851,8.41
2008/07/17,8.42,8.67,8.16,8.25,3091569,8.42
2008/07/18,8.31,8.51,7.66,8.42,3982027,8.08
2008/07/21,8.29,8.91,8.19,8.85,4216942,8.55
2008/07/22,8.81,9.09,8.69,8.86,3696213,8.89
2008/07/23,8.95,9.17,8.54,8.57,3636743,8.85
2008/07/24,8.67,8.82,8.50,8.69,2493167,8.66
2008/07/25,8.47,8.65,8.34,8.39,2509549,8.50
2008/07/28,8.47,8.65,8.34,8.39,0,8.50
2008/07/29,8.31,8.33,8.15,8.20,1931533,8.24
2008/07/30,8.35,8.47,8.11,8.11,1990903,8.29
2008/07/31,8.15,8.27,7.75,7.75,1600556,8.01
2008/08/01,7.75,8.18,7.67,8.02,1854394,7.92
2008/08/04,7.95,7.97,7.51,7.53,1370697,7.74
2008/08/05,7.53,7.82,7.46,7.49,1784179,7.64
2008/08/06,7.53,7.84,7.46,7.79,1911014,7.65
2008/08/07,7.65,7.88,7.62,7.75,1183795,7.75
2008/08/08,7.80,7.80,6.95,6.95,1962932,7.38
2008/08/11,6.86,6.93,6.23,6.23,1588192,6.58
2008/08/12,6.13,6.50,6.12,6.37,1651841,6.31
2008/08/13,6.29,6.48,5.86,6.41,1777663,6.17
2008/08/14,6.29,6.46,6.11,6.33,1320616,6.29
2008/08/15,6.29,6.63,6.20,6.49,1879669,6.42
2008/08/18,6.51,6.53,5.82,5.82,1729482,6.18
2008/08/19,5.79,6.05,5.70,6.01,1157339,5.88
2008/08/20,6.01,6.64,5.80,6.64,2688917,6.22
2008/08/21,6.51,6.73,6.15,6.27,2324664,6.44
2008/08/22,6.13,6.29,5.92,6.16,1270183,6.10
2008/08/25,6.18,6.80,6.07,6.73,3693800,6.44
2008/08/26,6.53,6.60,6.12,6.38,2585721,6.36
2008/08/27,6.25,6.62,6.21,6.53,1531817,6.42
2008/08/28,6.56,7.07,6.49,6.79,3432862,6.78
2008/08/29,6.85,7.07,6.62,6.84,3387835,6.85
2008/09/01,6.81,7.41,6.65,7.41,5039474,7.03
2008/09/02,7.05,7.39,7.00,7.25,3514373,7.19
2008/09/03,7.22,7.25,6.50,6.50,4383377,6.88
2008/09/04,6.33,6.53,6.11,6.36,1766237,6.32
2008/09/05,6.16,6.20,5.81,5.85,1916238,6.00
2008/09/08,5.93,5.98,5.31,5.40,2218080,5.65
2008/09/09,5.40,5.77,5.40,5.58,1821896,5.58
2008/09/10,5.48,5.75,5.22,5.49,1970192,5.48
2008/09/11,5.40,5.52,5.34,5.47,958793,5.43
2008/09/12,5.47,5.71,5.47,5.65,1582861,5.59
2008/09/16,5.47,5.71,5.47,5.65,0,5.59
2008/09/17,5.49,5.70,5.48,5.55,1435963,5.59
2008/09/18,5.38,5.52,5.00,5.29,2232519,5.26
2008/09/19,5.76,5.85,5.73,5.85,2016242,5.79
2008/09/22,6.28,6.45,5.88,6.20,4061380,6.17
2008/09/23,5.89,6.01,5.63,5.65,2453650,5.82
2008/09/24,5.48,5.87,5.38,5.80,1561982,5.63
2008/09/25,5.82,6.06,5.80,5.92,2126788,5.93
2008/09/26,6.01,6.06,5.80,5.92,1885600,5.93
2008/10/06,5.58,5.76,5.35,5.35,2382756,5.55
2008/10/07,5.10,5.42,5.09,5.33,1369493,5.25
2008/10/08,5.22,5.48,5.14,5.37,1225365,5.31
2008/10/09,5.48,5.48,5.18,5.20,1013483,5.33
2008/10/10,4.98,5.00,4.66,4.66,1899102,4.83
2008/10/13,4.66,4.70,4.29,4.70,1779624,4.50
2008/10/14,4.89,4.94,4.30,4.33,1775918,4.62
2008/10/15,4.40,4.40,4.14,4.20,1246256,4.27
2008/10/16,3.98,3.98,3.76,3.76,2029554,3.87
2008/10/17,3.73,3.89,3.71,3.82,1524274,3.80
2008/10/20,3.79,4.13,3.72,4.07,1852348,3.93
2008/10/21,4.13,4.27,4.00,4.07,2455974,4.13
2008/10/22,3.98,4.15,3.93,3.98,1437782,4.04
2008/10/23,3.91,4.33,3.86,4.33,2844341,4.09
2008/10/24,4.19,4.37,4.07,4.16,3700904,4.22
2008/10/27,3.99,4.07,3.72,3.72,2233571,3.90
2008/10/28,3.57,3.87,3.55,3.82,2370048,3.71
2008/10/29,3.85,3.87,3.51,3.53,2046620,3.69
2008/10/30,3.54,3.70,3.43,3.59,2032611,3.57
2008/10/31,3.59,3.76,3.56,3.65,2021733,3.66
2008/11/03,3.63,3.72,3.61,3.67,1016186,3.67
2008/11/04,3.65,3.65,3.32,3.45,1643619,3.48
2008/11/05,3.47,3.66,3.46,3.64,1942833,3.56
2008/11/06,3.52,3.52,3.38,3.47,1048894,3.45
2008/11/07,3.36,3.60,3.33,3.54,1228855,3.47
2008/11/10,3.61,3.92,3.61,3.90,2698231,3.76
2008/11/11,3.83,3.93,3.77,3.77,2112776,3.85
2008/11/12,3.73,3.98,3.72,3.95,2456119,3.85
2008/11/13,3.83,4.21,3.81,4.14,4976579,4.01
2008/11/14,4.19,4.40,4.06,4.40,5229336,4.23
2008/11/17,4.49,4.83,4.48,4.81,5990008,4.66
2008/11/18,4.77,4.77,4.30,4.30,5240626,4.53
2008/11/19,4.29,4.69,4.13,4.66,4978281,4.41
2008/11/20,4.56,4.75,4.38,4.53,3626132,4.56
2008/11/21,4.37,4.57,4.16,4.41,3709474,4.37
2008/11/24,4.37,4.57,4.16,4.41,0,4.37
2008/11/25,4.27,4.38,4.02,4.16,2882258,4.20
2008/11/26,4.15,4.26,4.09,4.16,1433864,4.17
2008/11/27,4.47,4.51,4.18,4.20,2972978,4.34
2008/11/28,4.15,4.27,4.12,4.17,1243439,4.19
2008/12/01,4.17,4.53,4.11,4.49,3160130,4.32
2008/12/02,4.34,4.66,4.33,4.64,4823875,4.50
2008/12/03,4.69,5.10,4.65,5.03,5446339,4.88
2008/12/04,5.09,5.40,4.87,4.89,7227838,5.14
2008/12/05,4.87,5.22,4.82,5.21,4681554,5.02
2008/12/08,5.35,5.57,5.29,5.52,5446560,5.43
2008/12/09,5.53,5.55,5.25,5.26,3713945,5.40
2008/12/10,5.23,5.62,5.22,5.61,4309484,5.42
2008/12/11,5.60,5.66,5.34,5.36,3603191,5.50
2008/12/12,5.25,5.33,4.91,5.00,3570469,5.12
2008/12/15,5.10,5.19,4.94,5.16,2196148,5.07
2008/12/16,5.06,5.29,4.89,5.29,2145053,5.09
2008/12/17,5.36,5.50,5.26,5.29,3374049,5.38
2008/12/18,5.27,5.43,5.14,5.40,2392058,5.28
2008/12/19,5.40,5.73,5.35,5.59,5162235,5.54
2008/12/22,5.59,6.17,5.55,6.13,7897593,5.86
2008/12/23,6.02,6.02,5.49,5.49,5538729,5.75
2008/12/24,5.36,5.45,5.18,5.25,3521446,5.31
2008/12/25,5.27,5.43,5.23,5.36,2837804,5.33
2008/12/26,5.37,5.69,5.37,5.50,3555435,5.53
2008/12/29,5.48,5.48,5.17,5.33,2479247,5.33
2008/12/30,5.27,5.52,5.27,5.33,2303106,5.39
2008/12/31,5.39,5.66,5.33,5.49,3633041,5.50
2009/01/05,5.56,5.82,5.56,5.79,3674229,5.69
2009/01/06,5.76,5.97,5.69,5.97,4169973,5.83
2009/01/07,5.98,6.02,5.85,5.89,3039931,5.93
2009/01/08,5.76,6.11,5.66,6.10,5712601,5.89
2009/01/09,6.05,6.54,6.03,6.39,6189683,6.29
2009/01/12,6.33,6.58,6.25,6.25,5043561,6.42
2009/01/13,6.22,6.37,5.97,6.01,3491400,6.17
2009/01/14,5.98,6.51,5.98,6.43,3586589,6.25
2009/01/15,6.37,6.50,6.25,6.37,3257252,6.38
2009/01/16,6.41,6.57,6.29,6.29,3407827,6.43
2009/01/19,6.34,6.38,6.02,6.30,3176443,6.20
2009/01/20,6.29,6.37,6.21,6.34,1727206,6.29
2009/01/21,6.38,6.81,6.38,6.56,4984325,6.59
2009/01/22,6.55,6.60,6.42,6.55,2554565,6.51
2009/01/23,6.58,6.58,6.36,6.40,2130460,6.47
2009/02/02,6.44,6.56,6.27,6.53,2537060,6.41
2009/02/03,6.52,6.62,6.43,6.56,3020506,6.52
2009/02/04,6.60,6.77,6.49,6.75,4541399,6.63
2009/02/05,6.72,6.73,6.31,6.46,4166515,6.52
2009/02/06,6.43,6.71,6.43,6.69,4037451,6.57
2009/02/09,6.73,6.91,6.61,6.86,5404570,6.76
2009/02/10,6.79,7.21,6.72,7.18,5140023,6.96
2009/02/11,7.03,7.27,6.83,7.07,5008541,7.05
2009/02/12,6.97,7.08,6.62,6.92,3486236,6.85
2009/02/13,6.95,7.11,6.87,7.08,3689825,6.99
2009/02/16,7.14,7.57,7.14,7.47,6773475,7.35
2009/02/17,7.41,7.41,7.10,7.11,3725296,7.25
2009/02/18,6.96,7.11,6.74,6.75,2965696,6.93
2009/02/19,6.84,6.97,6.65,6.88,2502659,6.81
2009/02/20,6.89,7.25,6.87,7.09,4023967,7.06
2009/02/23,6.89,7.25,6.87,7.09,0,7.06
2009/02/24,7.22,7.45,6.93,6.93,6410351,7.19
2009/02/25,6.93,7.08,6.62,6.85,3538835,6.85
2009/02/26,6.85,6.98,6.14,6.14,3962924,6.56
2009/02/27,6.04,6.12,5.53,5.61,3186587,5.83
2009/03/02,5.57,5.79,5.49,5.76,1611283,5.64
2009/03/03,5.56,5.86,5.54,5.77,2198243,5.70
2009/03/04,5.82,6.18,5.82,6.17,4116324,6.00
2009/03/05,6.25,6.33,5.98,6.18,4078758,6.16
2009/03/06,6.02,6.16,5.98,6.05,1898618,6.07
2009/03/09,6.05,6.19,5.67,5.71,2208689,5.93
2009/03/10,5.66,5.88,5.63,5.88,1410083,5.75
2009/03/11,6.03,6.06,5.85,5.90,1761529,5.95
2009/03/12,5.90,5.95,5.67,5.92,1211545,5.81
2009/03/13,5.94,6.06,5.89,5.90,1627596,5.97
2009/03/16,5.89,5.91,5.76,5.86,1143543,5.83
2009/03/17,5.88,6.13,5.85,6.11,2775089,5.99
2009/03/18,6.17,6.33,6.12,6.20,3708978,6.23
2009/03/19,6.20,6.40,6.16,6.40,4012253,6.28
2009/03/20,6.46,6.51,6.27,6.40,3763905,6.39
2009/03/23,6.42,6.68,6.42,6.59,5487962,6.55
2009/03/24,6.65,6.69,6.45,6.56,4610751,6.57
2009/03/25,6.51,6.66,6.43,6.43,3192470,6.54
2009/03/26,6.42,6.50,6.19,6.50,3524468,6.35
2009/03/27,6.76,7.09,6.70,6.75,7222334,6.90
2009/03/30,6.81,6.92,6.69,6.81,3247176,6.81
2009/03/31,6.61,6.95,6.56,6.95,4948434,6.75
2009/04/01,6.97,7.07,6.91,7.00,4902669,6.99
2009/04/02,7.00,7.33,6.96,7.12,6019371,7.15
2009/04/03,7.17,7.31,7.00,7.22,5223950,7.15
2009/04/07,7.27,7.48,7.18,7.38,3885762,7.33
2009/04/08,7.40,7.42,6.92,6.94,4530026,7.17
2009/04/09,6.96,7.13,6.85,7.13,3211624,6.99
2009/04/10,7.20,7.43,7.20,7.37,5588467,7.31
2009/04/13,7.45,7.46,7.26,7.38,4965221,7.36
2009/04/14,7.40,8.11,7.33,8.01,8679258,7.72
2009/04/15,7.90,8.25,7.77,8.05,6919449,8.01
2009/04/16,7.90,8.25,7.77,8.05,0,8.01
2009/04/17,7.87,7.88,7.43,7.61,6796292,7.65
2009/04/20,7.49,7.87,7.47,7.78,3766197,7.67
2009/04/21,7.42,7.44,6.98,7.12,9451823,7.21
2009/04/22,7.12,7.12,6.60,6.71,9088839,6.86
2009/04/23,6.65,6.86,6.65,6.83,3496101,6.76
2009/04/24,6.84,6.86,6.50,6.58,5057313,6.68
2009/04/27,6.61,6.68,6.33,6.41,2527208,6.50
2009/04/28,6.41,6.60,6.40,6.60,2469903,6.50
2009/04/29,6.61,6.68,6.47,6.62,4126485,6.57
2009/04/30,6.51,6.62,6.26,6.46,6552719,6.44
2009/05/04,6.46,6.62,6.36,6.61,4988402,6.49
2009/05/05,6.62,6.78,6.60,6.72,5259538,6.69
2009/05/06,6.72,6.76,6.60,6.71,4828157,6.68
2009/05/07,6.76,6.98,6.57,6.98,8606648,6.78
2009/05/08,6.97,6.97,6.70,6.77,5940259,6.83
2009/05/11,6.72,6.75,6.36,6.38,5808190,6.56
2009/05/12,6.30,6.52,6.24,6.51,2407753,6.38
2009/05/13,6.51,6.60,6.42,6.56,2875005,6.51
2009/05/14,6.52,6.56,6.44,6.47,2208382,6.50
2009/05/15,6.48,6.55,6.43,6.48,2073839,6.49
2009/05/18,6.48,6.56,6.44,6.54,2720593,6.50
2009/05/19,6.55,6.60,6.48,6.51,2881835,6.54
2009/05/20,6.52,6.54,6.39,6.42,3364172,6.46
2009/05/21,6.40,6.40,6.21,6.22,3418225,6.31
2009/05/22,6.24,6.29,6.20,6.28,1748575,6.25
2009/05/25,6.16,6.16,6.00,6.12,2529745,6.08
2009/05/26,6.14,6.25,6.10,6.20,2528351,6.17
2009/05/27,6.18,6.24,6.11,6.14,1475302,6.18
2009/06/01,6.16,6.25,6.16,6.23,2402309,6.21
2009/06/02,6.23,6.41,6.22,6.33,3125083,6.31
2009/06/03,6.39,6.62,6.39,6.54,6643003,6.50
2009/06/04,6.54,6.54,6.37,6.44,3490885,6.46
2009/06/05,6.41,6.49,6.33,6.33,2696805,6.41
2009/06/08,6.39,6.39,6.14,6.18,2617349,6.26
2009/06/09,6.21,6.21,6.06,6.15,1819610,6.13
2009/06/10,6.14,6.28,6.12,6.23,1721465,6.20
2009/06/11,6.23,6.29,6.16,6.29,2233710,6.23
2009/06/12,6.27,6.28,6.06,6.10,2037240,6.17
2009/06/15,6.10,6.24,6.08,6.24,1349852,6.16
2009/06/16,6.18,6.21,6.11,6.12,1153604,6.16
2009/06/17,6.11,6.19,6.09,6.18,1223694,6.14
2009/06/18,6.18,6.24,6.11,6.22,2516650,6.18
2009/06/19,6.20,6.22,6.12,6.18,1982545,6.17
2009/06/22,6.18,6.34,6.14,6.28,4165997,6.24
2009/06/23,6.25,6.46,6.21,6.42,7145954,6.33
2009/06/24,6.41,6.42,6.31,6.36,3889750,6.36
2009/06/25,6.34,6.37,6.21,6.22,3308721,6.29
2009/06/26,6.24,6.28,6.18,6.22,1927462,6.23
2009/06/29,6.26,6.71,6.20,6.64,7899504,6.46
2009/06/30,6.69,6.82,6.51,6.52,16034313,6.67
2009/07/01,6.42,6.45,6.29,6.34,5098543,6.37
2009/07/02,6.35,6.39,6.30,6.34,3161119,6.34
2009/07/03,6.34,6.39,6.28,6.32,3275437,6.33
2009/07/06,6.30,6.37,6.23,6.29,3321956,6.30
2009/07/07,6.29,6.35,6.24,6.33,2679872,6.29
2009/07/08,6.30,6.40,6.29,6.40,3450015,6.35
2009/07/09,6.42,6.61,6.39,6.60,6915961,6.50
2009/07/10,6.63,6.82,6.52,6.72,10013560,6.67
2009/07/13,6.70,6.80,6.62,6.65,6393024,6.71
2009/07/14,6.65,6.72,6.63,6.68,4908818,6.67
2009/07/15,6.70,6.90,6.66,6.83,8832927,6.78
2009/07/16,6.84,6.95,6.74,6.78,8079542,6.85
2009/07/17,6.78,6.86,6.72,6.77,5040433,6.79
2009/07/20,6.84,6.99,6.79,6.95,8425566,6.89
2009/07/21,6.98,7.07,6.77,6.80,8019524,6.92
2009/07/22,6.79,7.28,6.76,7.20,13420120,7.02
2009/07/23,7.26,7.46,7.09,7.11,12462204,7.27
2009/07/24,7.10,7.19,6.85,6.98,7347757,7.02
2009/07/27,6.98,7.08,6.94,7.04,5903944,7.01
2009/07/28,7.05,7.08,6.86,6.97,5507760,6.97
2009/07/29,6.98,7.06,6.26,6.54,6256233,6.66
2009/07/30,6.49,6.64,6.36,6.61,4079440,6.50
2009/07/31,6.63,6.81,6.60,6.78,3920516,6.70
2009/08/03,6.76,7.26,6.76,7.22,10017895,7.01
2009/08/04,7.42,7.86,7.29,7.62,18218495,7.58
2009/08/05,7.62,7.63,7.16,7.36,8444324,7.40
2009/08/06,7.35,7.36,7.02,7.22,6136713,7.19
2009/08/07,7.17,7.46,7.00,7.06,6247671,7.23
2009/08/10,7.16,7.20,6.88,7.05,4315809,7.04
2009/08/11,7.02,7.18,7.02,7.11,2714128,7.10
2009/08/12,7.09,7.11,6.56,6.59,4400290,6.83
2009/08/13,6.65,6.69,6.43,6.59,2910058,6.56
2009/08/14,6.59,6.59,6.29,6.29,3058929,6.44
2009/08/17,6.17,6.28,5.69,5.72,3103003,5.99
2009/08/18,5.69,5.95,5.66,5.92,1987310,5.81
2009/08/19,5.92,5.98,5.52,5.54,2373312,5.75
2009/08/20,5.54,5.82,5.54,5.79,2261840,5.68
2009/08/21,5.79,5.94,5.70,5.92,2288750,5.82
2009/08/24,5.92,6.14,5.88,6.10,4049056,6.01
2009/08/25,6.04,6.56,5.96,6.56,8042275,6.26
2009/08/26,6.55,6.69,6.42,6.60,9446169,6.56
2009/08/27,6.46,6.54,6.32,6.44,5302425,6.43
2009/08/28,6.42,6.42,6.16,6.19,3093684,6.29
2009/08/31,6.09,6.09,5.58,5.62,2815710,5.83
2009/09/01,5.56,5.78,5.56,5.66,2022046,5.67
2009/09/02,5.69,5.75,5.59,5.69,1442075,5.67
2009/09/03,5.69,5.99,5.66,5.97,2888595,5.83
2009/09/04,5.97,6.01,5.90,5.97,2784581,5.96
2009/09/07,6.00,6.20,5.92,6.02,2754540,6.06
2009/09/08,6.00,6.20,5.92,6.02,0,6.06
2009/09/09,6.10,6.19,5.98,6.14,3287360,6.09
2009/09/10,6.16,6.18,6.02,6.04,2272802,6.10
2009/09/11,5.99,6.14,5.99,6.09,2492568,6.06
2009/09/14,6.09,6.31,6.09,6.26,3570923,6.20
2009/09/15,6.27,6.38,6.20,6.32,3776143,6.29
2009/09/16,6.29,6.44,6.26,6.41,5350726,6.35
2009/09/17,6.41,6.62,6.36,6.60,4531696,6.49
2009/09/18,6.60,6.72,6.23,6.29,5962276,6.48
2009/09/21,6.29,6.32,6.03,6.30,2956874,6.18
2009/09/22,6.22,6.36,6.16,6.19,2313372,6.26
2009/09/23,6.16,6.25,5.88,5.90,2650528,6.06
2009/09/24,5.89,5.95,5.74,5.89,2054877,5.85
2009/09/25,5.88,5.94,5.83,5.90,1328898,5.89
2009/09/28,5.91,6.02,5.74,5.76,1481254,5.88
2009/09/29,5.74,5.81,5.52,5.66,1602618,5.66
2009/09/30,5.69,5.79,5.66,5.72,1042217,5.73
2009/10/09,5.81,5.98,5.81,5.98,1430905,5.90
2009/10/12,5.98,6.10,5.92,6.05,2236040,6.01
2009/10/13,6.05,6.08,5.94,6.08,1119659,6.01
2009/10/14,6.08,6.20,6.06,6.11,2123219,6.13
2009/10/15,6.13,6.16,5.99,6.04,1787146,6.08
2009/10/16,6.04,6.12,5.91,5.98,1422236,6.02
2009/10/19,5.96,6.14,5.96,6.14,1753060,6.05
2009/10/20,6.34,6.77,6.34,6.77,6205799,6.55
2009/10/21,7.09,7.09,6.54,6.56,15927574,6.81
2009/10/22,6.42,6.60,6.36,6.46,6004495,6.48
2009/10/23,6.50,7.12,6.49,7.12,17878200,6.81
2009/10/26,7.42,7.82,7.25,7.47,26100480,7.54
2009/10/27,7.29,7.29,6.99,7.04,12221530,7.14
2009/10/28,6.94,7.14,6.84,7.14,6989915,6.99
2009/10/29,6.89,7.00,6.74,6.79,6059658,6.87
2009/10/30,6.88,6.94,6.62,6.66,6653912,6.78
2009/11/02,6.50,6.84,6.44,6.83,7547401,6.64
2009/11/03,6.86,7.08,6.85,6.99,7571458,6.96
2009/11/04,6.97,7.30,6.89,7.28,10695153,7.09
2009/11/05,7.31,7.34,7.04,7.20,6555931,7.19
2009/11/06,7.22,7.39,7.13,7.22,7556117,7.26
2009/11/09,7.22,7.29,7.02,7.14,5786291,7.15
2009/11/10,7.22,7.44,7.09,7.30,8776329,7.27
2009/11/11,7.24,7.28,7.14,7.22,3996472,7.21
2009/11/12,7.22,7.40,7.18,7.21,5415651,7.29
2009/11/13,7.20,7.28,7.08,7.23,4746528,7.18
2009/11/16,7.26,7.48,7.26,7.46,9381464,7.37
2009/11/17,7.50,7.59,7.32,7.54,7701771,7.46
2009/11/18,7.56,7.81,7.40,7.58,7842805,7.60
2009/11/19,7.59,7.80,7.48,7.74,9499164,7.64
2009/11/20,7.74,8.13,7.68,7.84,13451111,7.91
2009/11/23,7.91,8.40,7.88,8.21,14328380,8.14
2009/11/24,8.22,8.29,7.62,7.64,11721117,7.95
2009/11/25,7.60,8.42,7.54,8.42,13800856,7.98
2009/11/26,8.66,9.00,8.23,8.28,24735328,8.62
2009/11/27,8.03,9.12,7.69,9.06,23182945,8.40
2009/11/30,9.33,9.90,9.29,9.36,22558885,9.59
2009/12/01,9.34,10.31,9.28,10.31,22448884,9.79
2009/12/02,10.89,11.36,10.82,11.36,25456079,11.09
2009/12/03,11.69,11.86,11.15,11.54,18361080,11.50
2009/12/04,11.36,11.86,10.56,10.77,18561503,11.21
2009/12/07,10.76,11.30,10.57,11.08,11328950,10.94
2009/12/08,10.92,11.52,10.68,11.20,11481297,11.10
2009/12/09,10.96,10.98,10.64,10.82,8349105,10.81
2009/12/10,10.82,10.96,10.50,10.60,7066589,10.73
2009/12/11,10.64,11.08,10.46,10.86,8655302,10.77
2009/12/14,10.81,11.06,10.64,10.92,6586511,10.85
2009/12/15,10.96,11.26,10.80,10.96,6119480,11.03
2009/12/16,10.82,11.06,10.36,10.50,5408964,10.71
2009/12/17,10.46,10.97,10.38,10.53,6264845,10.68
2009/12/18,10.46,10.68,9.62,9.79,4450199,10.15
2009/12/21,9.72,9.96,9.69,9.85,3949053,9.83
2009/12/22,9.83,9.98,9.56,9.73,3332754,9.77
2009/12/23,9.72,10.16,9.69,10.10,4058857,9.92
2009/12/24,10.12,10.48,9.97,10.37,5636992,10.23
2009/12/25,10.36,10.53,10.08,10.31,5169363,10.30
2009/12/28,10.23,10.41,10.20,10.39,2992257,10.30
2009/12/29,10.34,10.64,10.26,10.62,4361475,10.45
2009/12/30,10.52,10.62,10.16,10.22,4388713,10.39
2009/12/31,10.29,10.33,9.88,10.06,5137956,10.11
2010/01/04,10.08,10.27,10.02,10.14,2916164,10.14
2010/01/05,10.09,10.75,9.97,10.71,8201844,10.36
2010/01/06,10.62,10.68,10.40,10.42,5981619,10.54
2010/01/07,10.32,10.48,9.91,9.95,4658433,10.20
2010/01/08,9.93,10.12,9.82,10.04,3455751,9.97
2010/01/11,10.12,10.12,9.56,9.82,4509321,9.84
2010/01/12,9.82,10.07,9.72,9.98,3950142,9.90
2010/01/13,9.80,10.26,9.72,10.05,4748168,9.99
2010/01/14,10.03,10.34,10.00,10.30,4526197,10.17
2010/01/15,10.26,10.55,10.26,10.44,5230268,10.41
2010/01/18,10.36,10.58,10.32,10.53,4255057,10.45
2010/01/19,10.54,10.66,10.35,10.36,4323218,10.50
2010/01/20,10.66,11.34,10.66,10.71,14618259,11.00
2010/01/21,10.49,10.66,9.72,10.11,7943155,10.19
2010/01/22,9.82,9.82,9.26,9.42,6867356,9.54
2010/01/25,9.42,9.53,8.89,8.98,4532777,9.21
2010/01/26,8.98,9.08,8.52,8.68,2960402,8.80
2010/01/27,8.76,8.82,8.55,8.55,3052457,8.69
2010/01/28,8.57,8.76,8.43,8.68,2395329,8.59
2010/01/29,8.69,8.87,8.53,8.65,2889560,8.70
2010/02/01,8.64,8.64,8.10,8.30,2942546,8.37
2010/02/02,8.39,8.56,8.30,8.32,2294561,8.43
2010/02/03,8.36,8.57,7.93,8.54,2925266,8.25
2010/02/04,8.42,8.68,8.36,8.50,3109703,8.52
2010/02/05,8.36,8.40,7.91,7.96,4440318,8.16
2010/02/08,8.00,8.08,7.89,8.07,3446070,7.98
2010/02/09,8.02,8.08,7.93,8.02,2041515,8.00
2010/02/10,8.09,8.12,7.96,8.12,3656826,8.04
2010/02/11,8.13,8.22,8.09,8.18,4579943,8.16
2010/02/12,8.22,8.31,8.08,8.28,3947458,8.20
2010/02/22,8.26,8.36,8.17,8.30,3719202,8.26
2010/02/23,8.32,8.42,7.98,8.27,4978405,8.20
2010/02/24,8.21,8.85,8.13,8.76,8594044,8.49
2010/02/25,8.74,8.88,8.60,8.82,8619806,8.74
2010/02/26,8.76,9.11,8.73,8.96,7470188,8.92
2010/03/01,8.89,9.06,8.86,9.05,5421469,8.96
2010/03/02,9.12,9.31,9.03,9.11,7029489,9.17
2010/03/03,9.04,9.28,8.98,9.25,5535689,9.13
2010/03/04,9.24,9.33,8.50,8.62,6789194,8.92
2010/03/05,8.67,8.78,8.55,8.66,3383757,8.67
2010/03/08,8.63,9.00,8.62,8.89,4281499,8.81
2010/03/09,8.94,8.96,8.74,8.84,3440961,8.85
2010/03/10,8.81,8.89,8.54,8.64,2947485,8.71
2010/03/11,8.68,8.69,8.44,8.51,3079846,8.56
2010/03/12,8.52,8.66,8.48,8.48,2535149,8.57
2010/03/15,8.55,8.56,8.28,8.30,1997614,8.42
2010/03/16,8.24,8.42,8.22,8.38,1369097,8.32
2010/03/17,8.40,8.65,8.36,8.65,2681011,8.50
2010/03/18,8.67,8.88,8.64,8.72,3100617,8.76
2010/03/19,8.72,8.93,8.70,8.87,3412123,8.81
2010/03/22,8.89,8.93,8.69,8.84,2567298,8.81
2010/03/23,8.86,8.92,8.75,8.88,3304795,8.83
2010/03/24,8.88,9.01,8.83,8.99,4033081,8.92
2010/03/25,8.98,9.00,8.57,8.62,5573502,8.79
2010/03/26,8.64,8.73,8.58,8.72,2350634,8.66
2010/03/29,8.70,8.93,8.70,8.90,3540984,8.81
2010/03/30,8.87,9.26,8.87,9.21,8209286,9.06
2010/03/31,9.16,9.38,9.08,9.22,6586910,9.23
2010/04/01,9.22,9.47,9.17,9.40,6158164,9.32
2010/04/02,9.41,9.54,9.23,9.32,4832979,9.38
2010/04/06,9.46,9.48,9.23,9.32,4276260,9.36
2010/04/07,9.32,9.46,9.21,9.46,6094500,9.34
2010/04/08,9.42,9.70,9.30,9.30,6450876,9.50
2010/04/09,9.26,10.07,9.24,9.95,11007257,9.66
2010/04/12,9.90,10.47,9.81,10.22,12417365,10.14
2010/04/13,10.18,10.39,9.53,10.02,9571475,9.96
2010/04/14,10.01,10.82,9.96,10.46,11922275,10.39
2010/04/15,10.34,10.47,9.76,10.16,9651595,10.12
2010/04/16,9.43,9.74,9.31,9.52,9992800,9.53
2010/04/19,9.46,9.46,8.82,8.87,6815498,9.14
2010/04/20,8.88,9.14,8.63,9.10,4310918,8.89
2010/04/21,9.14,9.41,8.99,9.33,5166823,9.20
2010/04/22,9.31,9.46,9.16,9.34,6024213,9.31
2010/04/23,9.28,9.41,9.19,9.20,3869620,9.30
2010/04/26,8.95,8.95,8.26,8.26,11641938,8.60
2010/04/27,8.16,8.16,7.56,7.87,5804819,7.86
2010/04/28,7.58,8.06,7.58,7.80,3168004,7.82
2010/04/29,7.83,7.95,7.54,7.54,2694327,7.75
2010/04/30,7.56,7.60,7.02,7.32,2743537,7.31
2010/05/04,7.30,7.49,7.10,7.32,1770606,7.29
2010/05/05,7.36,7.53,7.21,7.53,4132600,7.37
2010/05/06,7.49,7.49,6.98,7.02,6494325,7.24
2010/05/07,6.70,6.82,6.48,6.55,7044024,6.65
2010/05/10,6.70,6.82,6.48,6.55,0,6.65
2010/05/11,6.69,6.74,6.28,6.34,4335393,6.51
2010/05/12,6.24,6.49,6.17,6.42,3570834,6.33
2010/05/13,6.44,6.66,6.39,6.62,3349511,6.52
2010/05/14,6.48,6.68,6.42,6.56,2692255,6.55
2010/05/17,6.49,6.49,5.88,5.88,4163828,6.19
2010/05/18,5.90,6.06,5.59,5.96,4200238,5.82
2010/05/19,5.90,6.06,5.81,5.94,3359144,5.93
2010/05/20,5.87,6.06,5.76,5.81,2923799,5.91
2010/05/21,5.62,6.02,5.59,6.02,4993506,5.80
2010/05/24,6.07,6.40,6.06,6.35,7728435,6.23
2010/05/25,6.32,6.38,6.17,6.28,4900644,6.27
2010/05/26,6.26,6.41,6.21,6.39,3803260,6.31
2010/05/27,6.32,6.51,6.21,6.46,4354449,6.36
2010/05/28,6.56,6.78,6.49,6.70,7456658,6.64
2010/05/31,6.60,6.70,6.26,6.26,6269099,6.48
2010/06/01,6.22,6.22,5.92,6.12,3728597,6.07
2010/06/02,6.10,6.26,6.00,6.26,2763673,6.13
2010/06/03,6.32,6.46,6.17,6.18,3326459,6.31
2010/06/04,6.11,6.29,6.08,6.26,2087823,6.19
2010/06/07,6.14,6.24,6.09,6.22,2300712,6.17
2010/06/08,6.23,6.48,6.23,6.46,4627243,6.36
2010/06/09,6.58,6.63,6.45,6.62,4520015,6.54
2010/06/10,6.63,6.83,6.55,6.63,4463257,6.69
2010/06/11,6.72,6.72,6.53,6.55,2954491,6.63
2010/06/17,6.72,6.72,6.53,6.55,0,6.63
2010/06/18,6.45,6.50,6.10,6.15,2886858,6.30
2010/06/21,6.12,6.32,6.06,6.26,2647613,6.19
2010/06/22,6.27,6.44,6.26,6.32,2309672,6.35
2010/06/23,6.26,6.30,6.12,6.19,1926010,6.21
2010/06/24,6.21,6.31,6.19,6.24,1384552,6.25
2010/06/25,6.24,6.24,5.99,6.07,2016840,6.12
2010/06/28,6.08,6.16,6.00,6.02,1209884,6.08
2010/06/29,6.01,6.07,5.51,5.56,3105310,5.79
2010/06/30,5.52,5.53,5.30,5.39,1479466,5.42
2010/07/01,5.40,5.55,5.38,5.42,1780508,5.46
2010/07/02,5.45,5.45,5.13,5.37,2155082,5.29
2010/07/05,5.30,5.32,5.18,5.29,972139,5.25
2010/07/06,5.28,5.52,5.26,5.52,2429470,5.39
2010/07/07,5.49,5.68,5.47,5.68,2795201,5.57
2010/07/08,5.68,5.70,5.48,5.55,2226529,5.59
2010/07/09,5.55,5.72,5.52,5.68,2549886,5.62
2010/07/12,5.69,5.82,5.61,5.78,2617103,5.72
2010/07/13,5.74,5.74,5.58,5.63,1963345,5.66
2010/07/14,5.64,5.79,5.64,5.70,2185109,5.71
2010/07/15,5.71,5.84,5.59,5.59,2701138,5.71
2010/07/16,5.56,5.67,5.41,5.58,1773845,5.54
2010/07/19,5.48,5.74,5.46,5.71,2170197,5.60
2010/07/20,5.72,6.08,5.69,6.02,5567183,5.89
2010/07/21,6.02,6.08,5.95,5.98,3772079,6.02
2010/07/22,5.94,6.05,5.89,6.05,3246858,5.97
2010/07/23,6.06,6.06,5.93,6.03,3159865,5.99
2010/07/26,6.02,6.24,6.02,6.14,3335127,6.13
2010/07/27,6.15,6.16,6.07,6.10,2481619,6.12
2010/07/28,6.16,6.73,6.14,6.73,7976284,6.44
2010/07/29,7.12,7.39,6.83,7.20,21677808,7.11
2010/07/30,6.98,7.05,6.87,6.94,9149737,6.96
2010/08/02,6.91,7.28,6.86,7.14,10501898,7.07
2010/08/03,7.06,7.20,6.92,6.92,7258404,7.06
2010/08/04,6.86,7.10,6.75,7.06,6446842,6.92
2010/08/05,7.02,7.18,6.98,7.07,6262454,7.08
2010/08/06,7.15,7.44,7.13,7.33,10562983,7.29
2010/08/09,7.30,7.38,7.20,7.30,7120227,7.29
2010/08/10,7.34,7.35,6.86,6.88,6185286,7.10
2010/08/11,6.80,6.95,6.76,6.88,3958741,6.85
2010/08/12,6.82,6.89,6.73,6.73,3759110,6.81
2010/08/13,6.76,6.90,6.69,6.90,3592311,6.80
2010/08/16,6.88,7.10,6.83,7.06,4472642,6.96
2010/08/17,7.09,7.18,6.96,7.08,4195545,7.07
2010/08/18,7.09,7.18,6.96,7.08,0,7.07
2010/08/19,7.03,7.18,6.98,7.14,5761289,7.08
2010/08/20,7.12,7.12,6.80,6.82,4230888,6.96
2010/08/23,6.80,7.10,6.76,7.04,4209260,6.93
2010/08/24,7.01,7.13,6.90,7.00,4523847,7.02
2010/08/25,7.00,7.33,6.99,7.15,10710192,7.16
2010/08/26,7.06,7.18,6.86,7.03,5655525,7.02
2010/08/27,7.02,7.04,6.87,6.94,3160938,6.96
2010/08/30,6.98,7.20,6.94,7.20,5831209,7.07
2010/08/31,7.24,7.56,7.21,7.44,10027731,7.38
2010/09/01,7.44,8.02,7.42,7.65,15529063,7.72
2010/09/02,7.86,8.01,7.57,7.89,11677635,7.79
2010/09/03,7.80,7.92,7.66,7.84,7743876,7.79
2010/09/06,7.92,7.94,7.53,7.54,6922105,7.74
2010/09/07,7.56,8.18,7.56,8.13,8931764,7.87
2010/09/08,8.10,8.20,7.96,8.16,6708478,8.08
2010/09/09,8.24,8.24,7.76,7.84,6630997,8.00
2010/09/10,7.81,7.96,7.50,7.75,5064016,7.73
2010/09/13,7.73,7.99,7.72,7.88,5169163,7.85
2010/09/14,7.88,7.96,7.70,7.75,4359987,7.83
2010/09/15,7.73,7.73,7.46,7.48,4020619,7.60
2010/09/16,7.45,7.59,7.06,7.19,3774759,7.32
2010/09/17,7.21,7.32,7.19,7.20,2514880,7.26
2010/09/20,7.19,7.24,6.90,7.08,2345177,7.07
2010/09/21,7.12,7.16,7.00,7.12,1335326,7.08
2010/09/27,7.13,7.36,7.13,7.34,1843263,7.25
2010/09/28,7.34,7.34,7.17,7.20,1794987,7.25
2010/09/29,7.17,7.17,6.89,6.95,2286378,7.03
2010/09/30,6.94,7.08,6.93,6.98,3399059,7.00
2010/10/08,7.01,7.31,7.01,7.23,2866406,7.16
2010/10/11,7.32,7.47,7.20,7.45,5036055,7.33
2010/10/12,7.43,7.86,7.33,7.80,8251604,7.60
2010/10/13,7.77,8.06,7.70,7.96,9553872,7.88
2010/10/14,7.96,8.12,7.64,7.96,12055297,7.88
2010/10/15,7.86,8.10,7.66,7.66,10127003,7.88
2010/10/18,7.86,8.10,7.66,7.66,0,7.88
2010/10/19,7.53,7.76,7.41,7.67,4830484,7.58
2010/10/20,7.53,7.58,7.32,7.43,6559853,7.45
2010/10/21,7.52,8.19,7.44,8.19,15326131,7.81
2010/10/22,8.31,8.36,7.98,8.04,12175492,8.17
2010/10/25,8.30,8.86,8.30,8.86,22381739,8.58
2010/10/26,9.10,9.53,8.86,9.15,22707042,9.19
2010/10/27,9.26,9.40,8.85,8.92,11072296,9.13
2010/10/28,8.80,9.00,8.38,8.50,15942215,8.69
2010/10/29,8.47,8.76,8.35,8.64,10420147,8.55
2010/11/01,8.64,8.93,8.40,8.93,11442286,8.67
2010/11/02,8.97,9.12,8.71,8.86,10692977,8.92
2010/11/03,8.82,9.02,8.76,8.88,8509917,8.89
2010/11/04,8.97,9.32,8.88,9.06,11761746,9.10
2010/11/05,9.05,9.16,8.74,8.92,7987364,8.95
2010/11/08,8.94,9.14,8.79,9.13,8837093,8.96
2010/11/09,9.06,9.10,8.78,8.82,8674985,8.94
2010/11/10,8.84,8.90,8.59,8.69,6030988,8.75
2010/11/11,8.64,8.84,8.60,8.62,6131371,8.72
2010/11/12,8.61,8.68,7.79,7.84,7963178,8.23
2010/11/15,7.84,8.06,7.80,8.02,3468646,7.93
2010/11/16,8.00,8.13,7.37,7.56,4395175,7.75
2010/11/17,7.53,7.72,7.33,7.46,2387739,7.52
2010/11/18,7.54,7.66,7.44,7.53,1951388,7.55
2010/11/19,7.56,7.68,7.43,7.68,2903348,7.55
2010/11/22,7.59,7.78,7.57,7.74,2804170,7.68
2010/11/23,7.63,7.70,7.42,7.56,2562153,7.56
2010/11/24,7.52,7.95,7.46,7.92,4138653,7.71
2010/11/25,8.00,8.22,7.92,7.98,4166678,8.07
2010/11/26,7.94,8.15,7.86,7.92,3135831,8.01
2010/11/29,7.86,7.96,7.66,7.91,2808306,7.81
2010/11/30,7.82,8.02,7.30,7.56,2979325,7.66
2010/12/01,7.56,7.56,7.40,7.52,1391041,7.48
2010/12/02,7.60,7.73,7.53,7.54,1852600,7.63
2010/12/03,7.53,7.60,7.41,7.48,1400505,7.50
2010/12/06,7.49,7.55,7.28,7.32,1820638,7.42
2010/12/07,7.32,7.56,7.26,7.52,1516418,7.41
2010/12/08,7.53,7.60,7.42,7.43,1367014,7.51
2010/12/09,7.43,7.48,7.26,7.26,1218878,7.37
2010/12/10,7.26,7.37,7.20,7.32,1427842,7.29
2010/12/13,7.36,7.55,7.32,7.54,1892577,7.44
2010/12/14,7.54,7.73,7.53,7.70,2368960,7.63
2010/12/15,7.72,7.76,7.57,7.63,2443383,7.67
2010/12/16,7.62,7.66,7.56,7.59,1500558,7.61
2010/12/17,7.59,7.63,7.54,7.62,1018248,7.58
2010/12/20,7.56,7.70,7.20,7.38,2220230,7.45
2010/12/21,7.30,7.48,7.30,7.45,1602033,7.39
2010/12/22,7.48,7.58,7.42,7.46,1662560,7.50
2010/12/23,7.47,7.49,7.26,7.28,2216580,7.38
2010/12/24,7.21,7.24,6.98,7.00,2192227,7.11
2010/12/27,7.00,7.10,6.76,6.79,1428914,6.93
2010/12/28,6.81,6.86,6.55,6.60,1305034,6.71
2010/12/29,6.54,6.68,6.54,6.66,967016,6.61
2010/12/30,6.68,6.78,6.64,6.70,1327738,6.71
2010/12/31,6.73,6.79,6.70,6.78,1385813,6.75
2011/01/04,6.83,6.86,6.74,6.84,1895925,6.80
2011/01/05,6.84,6.84,6.76,6.80,1301327,6.80
2011/01/06,6.85,7.17,6.76,7.14,4878317,6.96
2011/01/07,7.06,7.10,6.94,7.04,2607873,7.02
2011/01/10,7.02,7.02,6.70,6.74,1599219,6.86
2011/01/11,6.74,6.76,6.60,6.69,1029822,6.68
2011/01/12,6.66,6.74,6.59,6.66,1414007,6.67
2011/01/13,6.72,6.81,6.71,6.73,1295656,6.76
2011/01/14,6.70,6.73,6.52,6.53,2303050,6.63
2011/01/17,6.52,6.53,6.14,6.24,1775905,6.33
2011/01/18,6.24,6.32,6.17,6.30,700172,6.25
2011/01/19,6.30,6.42,6.26,6.41,819967,6.34
2011/01/20,6.40,6.40,6.12,6.12,1057255,6.26
2011/01/21,6.12,6.25,6.06,6.23,844234,6.15
2011/01/24,6.23,6.28,6.14,6.17,829126,6.21
2011/01/25,6.18,6.20,6.06,6.10,516003,6.13
2011/01/26,6.15,6.28,6.14,6.24,567345,6.21
2011/01/27,6.22,6.39,6.18,6.34,969891,6.28
2011/01/28,6.34,6.40,6.30,6.37,761008,6.35
2011/01/31,6.36,6.50,6.33,6.50,903943,6.42
2011/02/01,6.58,6.83,6.53,6.54,1480040,6.68
2011/02/09,6.43,6.56,6.39,6.41,1156192,6.47
2011/02/10,6.41,6.73,6.41,6.68,1962614,6.57
2011/02/11,6.68,6.82,6.60,6.72,1687596,6.71
2011/02/14,6.72,6.92,6.69,6.88,2523804,6.81
2011/02/15,6.86,6.90,6.78,6.80,2311731,6.84
2011/02/16,6.78,6.95,6.75,6.92,2066129,6.85
2011/02/17,6.92,7.30,6.76,7.12,4718654,7.03
2011/02/18,7.06,7.12,6.88,6.94,2039456,7.00
2011/02/21,6.92,7.09,6.83,7.08,2261512,6.96
2011/02/22,7.06,7.28,6.96,6.97,4334407,7.12
2011/02/23,6.96,7.16,6.94,7.14,2408649,7.05
2011/02/24,7.31,7.53,7.20,7.26,5234640,7.37
2011/02/25,7.20,7.36,7.20,7.30,2753028,7.28
2011/02/28,7.30,7.45,7.26,7.39,3075406,7.35
2011/03/01,7.40,7.46,7.27,7.32,2823444,7.36
2011/03/02,7.30,7.38,7.18,7.38,2971717,7.28
2011/03/03,7.34,7.42,7.14,7.16,2428527,7.28
2011/03/04,7.14,7.26,7.08,7.23,1809080,7.17
2011/03/07,7.24,7.36,7.23,7.35,2896293,7.30
2011/03/08,7.36,7.46,7.32,7.42,2281698,7.39
2011/03/09,7.38,7.46,7.32,7.38,2301623,7.39
2011/03/10,7.38,7.38,7.22,7.26,1858383,7.30
2011/03/11,7.20,7.44,7.18,7.34,3061468,7.31
2011/03/14,7.32,7.64,7.30,7.62,5110268,7.47
2011/03/15,7.60,7.60,7.27,7.46,3612434,7.43
2011/03/16,7.40,7.83,7.40,7.78,6215248,7.62
2011/03/17,7.66,7.96,7.54,7.59,5209981,7.75
2011/03/18,7.63,7.76,7.52,7.63,2508805,7.64
2011/03/21,7.62,7.67,7.45,7.47,2183047,7.56
2011/03/22,7.47,7.53,7.23,7.32,2476124,7.38
2011/03/23,7.34,7.45,7.30,7.42,1422628,7.38
2011/03/24,7.45,7.57,7.43,7.50,2042600,7.50
2011/03/25,7.51,7.70,7.44,7.58,3226962,7.57
2011/03/28,7.62,7.76,7.61,7.72,4636465,7.69
2011/03/29,7.72,7.84,7.58,7.72,4346228,7.71
2011/03/30,7.66,7.72,7.48,7.51,2608872,7.60
2011/03/31,7.54,7.61,7.20,7.25,3060560,7.41
2011/04/01,7.24,7.39,7.22,7.37,1740996,7.30
2011/04/06,7.37,7.46,7.29,7.30,2121431,7.38
2011/04/07,7.30,7.63,7.23,7.60,3456551,7.43
2011/04/08,7.55,7.70,7.52,7.62,3375628,7.61
2011/04/11,7.65,7.78,7.56,7.72,3593287,7.67
2011/04/12,7.64,7.70,7.46,7.58,3837376,7.58
2011/04/13,7.50,7.70,7.44,7.70,3072379,7.57
2011/04/14,7.76,8.49,7.76,8.49,17567156,8.13
2011/04/15,8.70,9.30,8.55,9.08,30647134,8.93
2011/04/18,8.94,9.52,8.86,9.16,23146470,9.19
2011/04/19,9.18,10.08,9.07,9.89,33856694,9.58
2011/04/20,9.53,9.66,8.90,9.13,26888152,9.28
2011/04/21,9.07,9.36,8.86,9.24,17375462,9.11
2011/04/22,9.12,9.32,8.94,9.25,12209529,9.13
2011/04/25,9.16,9.21,8.39,8.40,13004205,8.80
2011/04/26,8.40,8.57,8.24,8.52,7346986,8.41
2011/04/27,8.46,8.56,8.06,8.18,8257315,8.31
2011/04/28,8.23,8.42,7.97,8.12,6984319,8.19
2011/04/29,8.18,8.48,8.07,8.44,8976774,8.28
2011/05/03,8.37,8.70,8.01,8.69,12817612,8.35
2011/05/04,8.53,8.54,8.12,8.14,11136681,8.33
2011/05/05,8.06,8.06,7.82,7.88,7340862,7.94
2011/05/06,8.06,8.06,7.82,7.88,0,7.94
2011/05/09,8.05,8.39,7.97,8.27,9456344,8.18
2011/05/10,8.18,9.02,8.13,8.78,16316719,8.58
2011/05/11,8.69,8.80,8.45,8.72,11579504,8.63
2011/05/12,8.56,9.18,8.54,9.14,18094722,8.86
2011/05/13,9.13,9.46,8.87,9.14,15203757,9.17
2011/05/16,9.03,9.40,8.92,8.93,8588358,9.16
2011/05/17,8.85,8.85,8.40,8.61,8867216,8.63
2011/05/18,8.44,8.85,8.44,8.85,4868025,8.64
2011/05/19,8.82,9.18,8.76,8.76,7487427,8.97
2011/05/20,8.69,9.32,8.63,9.08,10955764,8.98
2011/05/23,9.07,9.11,8.16,8.16,12104439,8.63
2011/05/24,7.98,8.36,7.88,8.20,6316688,8.12
2011/05/25,8.22,8.26,7.67,7.96,7980781,7.96
2011/05/26,7.99,8.20,7.76,7.94,7435123,7.98
2011/05/27,7.95,7.98,7.40,7.45,5905020,7.69
2011/05/30,7.34,7.49,6.74,6.90,4834368,7.12
2011/05/31,6.93,7.17,6.93,7.16,4503836,7.05
2011/06/01,7.08,7.43,7.05,7.30,5441520,7.24
2011/06/02,7.16,7.18,6.90,7.10,4476544,7.04
2011/06/03,7.09,7.37,7.02,7.28,5351463,7.19
2011/06/07,7.28,7.43,7.18,7.38,4604247,7.30
2011/06/08,7.37,7.40,7.15,7.33,5643086,7.28
2011/06/09,7.30,7.30,7.00,7.00,4966865,7.15
2011/06/10,7.00,7.18,6.90,7.12,3524599,7.04
2011/06/13,7.10,7.30,6.98,7.26,3795271,7.14
2011/06/14,7.20,7.43,7.20,7.30,4709138,7.31
2011/06/15,7.30,7.42,7.26,7.27,3914195,7.34
2011/06/16,7.13,7.13,6.87,6.91,4159767,7.00
2011/06/17,6.90,6.95,6.63,6.66,3135257,6.79
2011/06/20,6.61,6.72,6.49,6.62,2192035,6.60
2011/06/21,6.68,6.82,6.62,6.81,2735271,6.72
2011/06/22,6.82,6.88,6.72,6.75,1861607,6.80
2011/06/23,6.70,6.96,6.66,6.90,3179317,6.81
2011/06/24,6.89,7.24,6.87,7.12,5054704,7.06
2011/06/27,7.14,7.32,7.10,7.27,5348809,7.21
2011/06/28,7.26,7.32,7.16,7.25,3391656,7.24
2011/06/29,7.26,7.56,7.22,7.29,7276056,7.39
2011/06/30,7.34,7.76,7.30,7.59,8659727,7.53
2011/07/01,7.62,7.73,7.46,7.52,5847741,7.60
2011/07/04,7.58,7.74,7.52,7.71,6658049,7.63
2011/07/05,7.70,7.90,7.62,7.75,5397580,7.76
2011/07/06,7.70,7.70,7.56,7.66,4798618,7.63
2011/07/07,7.71,7.94,7.64,7.64,6563902,7.79
2011/07/08,7.60,8.06,7.54,8.02,9891905,7.80
2011/07/11,7.97,8.47,7.92,8.40,11676446,8.20
2011/07/12,8.24,8.70,8.10,8.46,9650636,8.40
2011/07/13,8.38,8.55,8.37,8.49,6923964,8.46
2011/07/14,8.47,8.53,8.22,8.44,6435807,8.38
2011/07/15,8.34,8.50,8.30,8.42,4249417,8.40
2011/07/18,8.42,8.62,8.22,8.30,5609711,8.42
2011/07/19,8.30,8.31,8.00,8.10,4926089,8.16
2011/07/20,8.14,8.45,8.09,8.42,6192708,8.27
2011/07/21,8.37,8.53,8.16,8.17,4299824,8.34
2011/07/22,8.21,8.62,8.18,8.42,7216542,8.40
2011/07/25,8.58,8.76,8.17,8.27,11624623,8.46
2011/07/26,8.17,8.28,7.80,8.16,5207786,8.04
2011/07/27,8.09,8.44,7.97,8.40,5040347,8.20
2011/07/28,8.26,8.42,8.19,8.30,3499064,8.30
2011/07/29,8.24,8.42,8.04,8.06,3783469,8.23
2011/08/01,8.02,8.04,7.84,7.90,5285054,7.94
2011/08/02,7.84,7.84,7.57,7.70,4098697,7.71
2011/08/03,7.57,7.87,7.44,7.76,2256947,7.66
2011/08/04,7.80,7.92,7.73,7.82,2131793,7.83
2011/08/05,7.50,7.84,7.44,7.63,3328674,7.64
2011/08/08,7.50,7.63,6.99,7.24,5757738,7.31
2011/08/09,7.00,7.30,6.81,7.18,3625432,7.05
2011/08/10,7.37,7.48,7.26,7.32,4612307,7.37
2011/08/11,7.11,7.50,7.09,7.48,3990505,7.29
2011/08/12,7.53,7.68,7.49,7.63,4652558,7.58
2011/08/15,7.68,7.80,7.67,7.75,3796611,7.73
2011/08/16,7.75,7.82,7.64,7.82,3843688,7.73
2011/08/17,7.82,8.00,7.72,7.88,5334231,7.86
2011/08/18,7.97,8.16,7.84,7.84,7508159,8.00
2011/08/19,7.64,7.83,7.58,7.77,4340428,7.71
2011/08/22,7.74,7.99,7.74,7.94,3800071,7.87
2011/08/23,7.98,8.40,7.98,8.34,8048632,8.19
2011/08/24,8.26,8.38,8.11,8.16,5339936,8.25
2011/08/25,8.16,8.34,8.12,8.26,5375881,8.23
2011/08/26,8.27,8.34,8.14,8.20,4356215,8.24
2011/08/29,8.18,8.42,8.05,8.34,5055414,8.24
2011/08/30,8.35,8.42,8.11,8.22,4590902,8.26
2011/08/31,8.16,8.22,7.94,8.08,2665526,8.08
2011/09/01,8.10,8.42,8.10,8.25,6134025,8.26
2011/09/02,8.12,8.22,7.92,8.00,3164353,8.07
2011/09/05,7.90,7.96,7.66,7.68,2694107,7.81
2011/09/06,7.58,7.74,7.54,7.62,1937525,7.64
2011/09/07,7.70,8.29,7.65,8.27,5636586,7.97
2011/09/08,8.24,8.36,8.09,8.09,5455060,8.22
2011/09/09,8.12,8.80,8.12,8.34,14658214,8.46
2011/09/13,8.17,8.67,8.12,8.54,15543656,8.39
2011/09/14,8.54,8.96,8.38,8.90,21602931,8.67
2011/09/15,8.82,8.86,8.64,8.66,13106207,8.75
2011/09/16,8.71,9.17,8.60,8.80,19123335,8.88
2011/09/19,8.67,8.68,8.41,8.50,10047971,8.54
2011/09/20,8.44,8.88,8.42,8.85,11396022,8.65
2011/09/21,8.77,9.07,8.60,8.96,13628029,8.83
2011/09/22,8.85,9.24,8.50,8.58,15735626,8.87
2011/09/23,8.37,8.48,8.08,8.31,9965677,8.28
2011/09/26,8.15,8.40,8.12,8.20,5574274,8.26
2011/09/27,8.34,8.44,8.20,8.34,5348542,8.32
2011/09/28,8.40,8.49,7.50,7.50,12154897,8.00
2011/09/29,7.37,7.37,6.92,7.04,6175016,7.15
2011/09/30,7.09,7.20,6.94,7.10,3405658,7.07
2011/10/10,7.14,7.28,7.14,7.18,2866651,7.21
2011/10/11,7.50,7.54,7.20,7.30,5061488,7.37
2011/10/12,7.36,7.69,7.20,7.66,6036407,7.45
2011/10/13,7.63,7.81,7.53,7.70,4999332,7.67
2011/10/14,7.72,7.78,7.54,7.68,4130303,7.66
2011/10/17,7.75,7.80,7.62,7.70,4391170,7.71
2011/10/18,7.63,7.63,7.18,7.24,4431129,7.40
2011/10/19,7.34,7.37,7.15,7.37,2465435,7.26
2011/10/20,7.35,7.35,7.03,7.12,2781493,7.19
2011/10/21,7.11,7.14,6.70,6.76,2937654,6.92
2011/10/24,6.78,7.08,6.67,7.05,3373212,6.88
2011/10/25,7.05,7.32,7.04,7.25,4263964,7.18
2011/10/26,7.17,7.46,7.15,7.28,4266358,7.31
2011/10/27,7.34,7.40,7.20,7.24,3184285,7.30
2011/10/28,7.34,7.50,7.29,7.46,4916500,7.40
2011/10/31,7.43,7.52,7.37,7.45,3629513,7.44
2011/11/01,7.40,7.47,7.29,7.42,3906174,7.38
2011/11/02,7.28,7.52,7.04,7.50,6578372,7.28
2011/11/03,7.51,7.64,7.46,7.50,7263426,7.55
2011/11/04,7.54,7.64,7.42,7.63,5839802,7.53
2011/11/07,7.59,7.74,7.57,7.64,5693186,7.66
2011/11/08,7.62,7.74,7.50,7.54,4883177,7.62
2011/11/09,7.56,7.66,7.37,7.66,4565686,7.52
2011/11/10,7.54,7.59,7.45,7.45,3649359,7.52
2011/11/11,7.46,7.50,7.36,7.38,2844934,7.43
2011/11/14,7.45,7.69,7.42,7.66,4983438,7.56
2011/11/15,7.66,7.78,7.60,7.77,5666950,7.69
2011/11/16,7.76,7.76,7.37,7.50,4527987,7.56
2011/11/17,7.48,7.56,7.34,7.38,3941051,7.45
2011/11/18,7.34,7.34,7.07,7.10,3610734,7.21
2011/11/21,7.34,7.34,7.07,7.10,0,7.21
2011/11/22,7.34,7.34,7.07,7.10,0,7.21
2011/11/23,6.49,6.74,6.49,6.67,13589726,6.62
2011/11/24,6.50,6.54,6.37,6.48,7408111,6.46
2011/11/25,6.44,6.54,6.38,6.53,4613587,6.46
2011/11/28,6.54,6.56,6.40,6.46,2662421,6.48
2011/11/29,6.52,6.61,6.46,6.59,3686147,6.54
2011/11/30,6.58,6.58,6.10,6.11,4687436,6.34
2011/12/01,6.30,6.38,6.23,6.23,4467060,6.31
2011/12/02,6.16,6.21,5.97,6.03,3224751,6.09
2011/12/05,6.00,6.06,5.83,5.85,2143545,5.94
2011/12/06,5.84,5.90,5.78,5.88,1735115,5.84
2011/12/07,5.90,6.00,5.86,5.93,2438026,5.93
2011/12/08,5.93,5.96,5.69,5.88,2363098,5.83
2011/12/09,5.83,5.90,5.80,5.81,1247543,5.85
2011/12/12,5.83,5.92,5.78,5.83,1439856,5.85
2011/12/13,5.82,5.82,5.53,5.55,2532026,5.68
2011/12/14,5.53,5.64,5.44,5.55,2043827,5.54
2011/12/15,5.48,5.57,5.45,5.52,1721129,5.51
2011/12/16,5.54,5.69,5.46,5.68,2096469,5.58
2011/12/19,5.66,5.66,5.45,5.66,1884436,5.56
2011/12/20,5.60,5.79,5.54,5.72,2204542,5.67
2011/12/21,5.78,5.80,5.46,5.47,1828913,5.63
2011/12/22,5.47,5.47,5.18,5.30,2486672,5.32
2011/12/23,5.31,5.44,5.25,5.38,1585823,5.35
2011/12/26,5.34,5.44,5.32,5.34,1321067,5.38
2011/12/27,5.35,5.35,5.16,5.16,1511021,5.25
2011/12/28,5.14,5.15,4.94,5.09,1589999,5.05
2011/12/29,5.05,5.14,5.05,5.10,1224253,5.09
2011/12/30,5.16,5.25,5.11,5.19,1136312,5.18
2012/01/04,5.24,5.31,5.05,5.06,1432619,5.18
2012/01/05,5.04,5.08,4.87,4.88,1724401,4.98
2012/01/06,4.86,4.96,4.72,4.94,943672,4.84
2012/01/09,4.94,5.26,4.86,5.23,1912806,5.06
2012/01/10,5.18,5.47,5.18,5.44,3382094,5.32
2012/01/11,5.46,5.51,5.38,5.47,2234849,5.44
2012/01/12,5.46,5.68,5.40,5.54,4186510,5.54
2012/01/13,5.49,5.56,5.25,5.30,2335647,5.40
2012/01/16,5.24,5.27,5.09,5.10,1302623,5.18
2012/01/17,5.12,5.54,5.02,5.49,2219684,5.28
2012/01/18,5.49,5.63,5.34,5.38,2680903,5.48
2012/01/19,5.43,5.49,5.27,5.43,1281030,5.38
2012/01/20,5.41,5.53,5.41,5.50,1392234,5.47
2012/01/30,5.52,5.56,5.40,5.41,1347088,5.48
2012/01/31,5.42,5.45,5.31,5.44,1425436,5.38
2012/02/01,5.50,5.96,5.50,5.68,8393285,5.73
2012/02/02,5.62,5.77,5.62,5.77,4492088,5.69
2012/02/03,5.76,5.92,5.70,5.85,4800547,5.81
2012/02/06,5.82,5.86,5.73,5.84,3727536,5.80
2012/02/07,5.77,5.78,5.61,5.68,2814753,5.70
2012/02/08,5.65,5.90,5.62,5.86,3970644,5.76
2012/02/09,5.86,5.92,5.81,5.83,3981353,5.86
2012/02/10,5.84,5.90,5.77,5.90,4125299,5.83
2012/02/13,5.84,6.05,5.82,6.00,4918549,5.94
2012/02/14,6.00,6.07,5.91,5.97,3153229,5.99
2012/02/15,5.96,6.06,5.88,6.02,4377910,5.97
2012/02/16,6.00,6.09,5.91,5.97,3506937,6.00
2012/02/17,5.99,6.00,5.84,5.92,2380455,5.92
2012/02/20,5.98,6.02,5.88,5.89,2431715,5.95
2012/02/21,5.90,6.00,5.78,6.00,2579776,5.89
2012/02/22,6.02,6.28,6.00,6.19,6546945,6.14
2012/02/23,6.18,6.56,6.14,6.48,10178889,6.35
2012/02/24,6.40,6.52,6.34,6.44,4773295,6.43
2012/02/27,6.44,6.49,6.38,6.38,4310201,6.44
2012/02/28,6.32,6.36,6.18,6.28,3202508,6.27
2012/02/29,6.30,6.48,6.27,6.32,3770442,6.38
2012/03/01,6.28,6.46,6.24,6.40,2866618,6.35
2012/03/02,6.43,6.62,6.40,6.57,4750173,6.51
2012/03/05,6.61,6.74,6.52,6.54,4402413,6.63
2012/03/06,6.50,6.54,6.30,6.36,3943097,6.42
2012/03/07,6.28,6.48,6.23,6.36,3264414,6.36
2012/03/08,6.37,6.54,6.37,6.48,2433588,6.46
2012/03/09,6.48,6.72,6.48,6.70,4706582,6.60
2012/03/12,6.48,6.72,6.48,6.70,0,6.60
2012/03/13,6.80,6.94,6.61,6.79,6989835,6.78
2012/03/14,6.79,7.02,6.44,6.55,8055363,6.73
2012/03/15,6.53,6.60,6.18,6.44,3818190,6.39
2012/03/16,6.46,6.70,6.43,6.70,3616198,6.56
2012/03/19,6.70,6.86,6.64,6.80,4116667,6.75
2012/03/20,6.80,6.80,6.46,6.48,3438789,6.63
2012/03/21,6.53,6.58,6.34,6.52,3231670,6.46
2012/03/22,6.50,6.50,6.37,6.40,2082286,6.44
2012/03/23,6.42,6.48,6.11,6.16,2393656,6.30
2012/03/26,6.12,6.20,5.96,6.04,2697080,6.08
2012/03/27,6.08,6.14,6.01,6.06,2115469,6.07
2012/03/28,6.04,6.04,5.74,5.78,2337404,5.89
2012/03/29,5.82,5.94,5.62,5.73,3704414,5.78
2012/03/30,5.68,5.76,5.64,5.76,1869881,5.70
2012/04/05,5.78,5.99,5.78,5.99,2570884,5.89
2012/04/06,5.98,6.00,5.85,5.94,2249053,5.92
2012/04/09,5.93,5.94,5.79,5.80,1687503,5.87
2012/04/10,5.77,5.94,5.69,5.94,2172513,5.82
2012/04/11,5.86,5.94,5.82,5.90,2392199,5.88
2012/04/12,5.94,6.03,5.86,6.02,3813001,5.95
2012/04/13,6.02,6.15,5.98,6.10,3776489,6.07
2012/04/16,6.04,6.12,5.98,6.04,1863287,6.05
2012/04/17,6.04,6.10,5.94,5.94,1660631,6.02
2012/04/18,5.96,6.10,5.92,6.06,2213353,6.01
2012/04/19,5.96,6.10,5.92,6.06,0,6.01
2012/04/20,6.10,6.16,6.06,6.12,2814292,6.11
2012/04/23,6.10,6.11,5.90,5.90,2539769,6.01
2012/04/24,5.70,5.82,5.33,5.50,5099971,5.58
2012/04/25,5.48,5.58,5.38,5.54,1975265,5.48
2012/04/26,5.54,5.61,5.49,5.55,2135711,5.55
2012/04/27,5.56,5.58,5.52,5.54,1167198,5.55
2012/05/02,5.58,5.67,5.56,5.62,2144397,5.61
2012/05/03,5.62,5.62,5.54,5.62,1468499,5.58
2012/05/04,5.59,5.68,5.59,5.68,1373035,5.63
2012/05/07,5.68,5.76,5.62,5.76,1621486,5.69
2012/05/08,5.76,5.79,5.67,5.76,1482028,5.73
2012/05/09,5.72,5.73,5.62,5.66,1114749,5.68
2012/05/10,5.71,6.04,5.70,5.90,3683740,5.87
2012/05/11,5.89,5.96,5.80,5.92,2259840,5.88
2012/05/14,6.00,6.00,5.83,5.85,1909906,5.92
2012/05/15,5.79,5.89,5.79,5.79,1591312,5.84
2012/05/16,5.77,5.85,5.67,5.73,2049275,5.82
2012/05/17,5.74,5.81,5.72,5.79,1708325,5.79
2012/05/18,5.78,5.78,5.56,5.61,2088644,5.67
2012/05/21,5.61,5.61,5.42,5.47,1602107,5.53
2012/05/22,5.47,5.59,5.47,5.59,1587496,5.58
2012/05/23,5.62,5.62,5.45,5.56,1418682,5.56
2012/05/24,5.52,5.55,5.44,5.47,1160486,5.52
2012/05/25,5.40,5.52,5.38,5.42,1129731,5.46
2012/05/28,5.42,5.42,5.20,5.39,1967859,5.35
2012/05/29,5.39,5.52,5.37,5.48,1967800,5.48
2012/05/30,5.51,5.60,5.49,5.56,1692159,5.57
2012/05/31,5.55,5.62,5.49,5.58,1613020,5.61
2012/06/01,5.58,5.63,5.48,5.51,1695214,5.60
2012/06/04,5.41,5.41,5.25,5.25,2128889,5.34
2012/06/05,5.22,5.31,5.22,5.26,960224,5.29
2012/06/06,5.32,5.32,5.20,5.21,845841,5.27
2012/06/07,5.25,5.28,5.01,5.07,3035505,5.17
2012/06/08,5.11,5.12,5.01,5.02,1473058,5.09
2012/06/11,5.04,5.06,4.90,5.02,2364512,5.00
2012/06/12,5.00,5.01,4.89,4.91,1524939,4.96
2012/06/13,4.93,5.02,4.90,5.01,1229331,5.00
2012/06/14,4.99,5.10,4.98,5.05,1852477,5.08
2012/06/15,5.02,5.07,4.95,5.01,946755,5.05
2012/06/18,5.01,5.13,5.01,5.09,1647358,5.12
2012/06/19,5.09,5.27,5.05,5.22,3265274,5.21
2012/06/20,5.17,5.22,5.11,5.15,1232919,5.19
2012/06/21,5.12,5.15,5.01,5.03,1029350,5.07
2012/06/25,5.04,5.39,4.96,5.25,5102067,5.25
2012/06/26,5.19,5.25,5.08,5.22,2146888,5.19
2012/06/27,5.22,5.27,5.08,5.10,2085691,5.23
2012/06/28,5.04,5.10,4.97,4.97,1772647,5.06
2012/06/29,4.97,5.04,4.92,5.03,847357,5.01
2012/07/02,5.04,5.11,4.96,5.03,1088549,5.05
2012/07/03,5.02,5.06,4.97,5.01,1200160,5.04
2012/07/04,5.03,5.03,4.96,4.97,1069624,5.01
2012/07/05,4.97,4.97,4.73,4.82,1517418,4.87
2012/07/06,4.78,4.90,4.73,4.88,1174540,4.84
2012/07/09,4.88,4.88,4.61,4.64,1544549,4.76
2012/07/10,4.63,4.65,4.37,4.50,1829782,4.51
2012/07/11,4.48,4.55,4.45,4.51,1333189,4.54
2012/07/12,4.51,4.58,4.33,4.57,2681427,4.47
2012/07/13,4.51,4.53,4.41,4.45,1687915,4.50
2012/07/16,4.45,4.45,4.15,4.17,2120144,4.29
2012/07/17,4.16,4.24,4.11,4.22,1327683,4.22
2012/07/18,4.25,4.34,4.20,4.33,1582130,4.29
2012/07/19,4.30,4.43,4.29,4.32,1277172,4.40
2012/07/20,4.32,4.49,4.30,4.41,1996544,4.44
2012/07/23,4.37,4.48,4.27,4.44,1708555,4.43
2012/07/24,4.38,4.48,4.35,4.42,1063817,4.45
2012/07/25,4.38,4.60,4.38,4.39,1917239,4.52
2012/07/26,4.38,4.47,4.36,4.37,998550,4.43
2012/07/27,4.38,4.40,4.28,4.32,914242,4.38
2012/07/30,4.30,4.34,4.15,4.18,1223907,4.25
2012/07/31,4.17,4.19,4.09,4.12,667499,4.16
2012/08/01,4.12,4.24,4.12,4.21,906764,4.21
2012/08/02,4.15,4.21,4.13,4.17,796485,4.19
2012/08/03,4.19,4.51,4.16,4.38,3028604,4.41
2012/08/06,4.31,4.48,4.31,4.46,2157720,4.45
2012/08/07,4.43,4.75,4.42,4.70,4584610,4.64
2012/08/08,4.64,4.70,4.53,4.64,3750343,4.63
2012/08/09,4.62,4.75,4.50,4.72,3903099,4.67
2012/08/10,4.67,4.76,4.58,4.61,2565292,4.70
2012/08/13,4.59,4.61,4.47,4.49,1627082,4.57
2012/08/14,4.47,4.63,4.32,4.63,2354602,4.52
2012/08/15,4.59,4.62,4.46,4.57,1911100,4.56
2012/08/16,4.56,4.56,4.48,4.51,873850,4.55
2012/08/17,4.51,4.56,4.45,4.52,1049689,4.54
2012/08/20,4.49,4.52,4.36,4.47,1071043,4.48
2012/08/21,4.48,4.92,4.48,4.92,4472617,4.88
2012/08/22,5.12,5.36,4.95,5.23,17068062,5.11
2012/08/23,5.04,5.52,4.99,5.37,16109456,5.28
2012/08/24,5.22,5.32,5.02,5.03,8235254,5.19
2012/08/27,5.03,5.03,4.81,4.96,5720991,4.93
2012/08/28,4.91,5.16,4.86,5.08,6857255,5.06
2012/08/29,5.04,5.16,4.94,5.03,5856539,5.08
2012/08/30,5.04,5.27,4.85,5.08,8231412,5.13
2012/08/31,4.98,5.05,4.86,4.96,4409730,4.98
2012/09/03,4.88,5.08,4.86,5.07,3921156,5.03
2012/09/04,5.08,5.08,4.93,4.98,3652952,5.02
2012/09/05,4.96,5.12,4.90,5.05,4451427,5.06
2012/09/06,5.04,5.10,4.93,5.10,4300345,5.05
2012/09/07,5.11,5.32,5.03,5.17,8081589,5.23
2012/09/10,5.15,5.30,5.10,5.29,6301259,5.21
2012/09/11,5.27,5.27,5.14,5.21,4538983,5.22
2012/09/12,5.20,5.28,5.10,5.19,3781024,5.20
2012/09/13,5.19,5.19,5.03,5.03,3058430,5.15
2012/09/14,5.06,5.10,4.90,4.96,3197446,5.02
2012/09/17,4.96,5.03,4.78,4.80,3123734,4.93
2012/09/18,4.75,4.87,4.75,4.81,1237104,4.84
2012/09/19,4.81,4.85,4.75,4.84,2117725,4.83
2012/09/20,4.87,4.91,4.63,4.64,2283005,4.81
2012/09/21,4.63,4.63,4.39,4.46,2756911,4.53
2012/09/24,4.39,4.50,4.35,4.48,1366019,4.48
2012/09/25,4.46,4.53,4.43,4.46,1148159,4.52
2012/09/26,4.42,4.44,4.20,4.26,1766139,4.36
2012/09/27,4.26,4.69,4.26,4.69,9135416,4.66
2012/09/28,4.26,4.69,4.26,4.69,0,4.48
2012/10/08,4.59,5.06,4.55,4.85,10253075,4.85
2012/10/09,4.78,5.01,4.72,5.00,7701651,4.89
2012/10/10,4.91,4.98,4.85,4.93,5326644,4.94
2012/10/11,4.90,4.98,4.75,4.76,4931155,4.90
2012/10/12,4.76,5.19,4.74,4.98,9898368,5.02
2012/10/15,4.92,5.14,4.88,5.12,7893905,5.05
2012/10/16,5.07,5.15,4.94,4.96,6367733,5.05
2012/10/17,4.96,5.07,4.92,4.95,3306613,5.02
2012/10/18,4.95,5.05,4.92,5.01,3774013,5.03
2012/10/19,5.02,5.02,4.85,4.87,4370978,4.93
2012/10/22,4.85,4.92,4.81,4.88,1936341,4.92
2012/10/23,4.85,4.98,4.85,4.87,2276346,4.95
2012/10/24,4.86,5.23,4.86,5.03,6097384,5.10
2012/10/25,4.97,5.10,4.88,4.91,2967034,5.01
2012/10/26,4.91,5.01,4.73,4.74,3295978,4.87
2012/10/29,4.68,4.72,4.43,4.45,3105938,4.55
2012/10/30,4.46,4.55,4.46,4.51,1350247,4.54
2012/10/31,4.50,4.55,4.45,4.50,1187794,4.52
2012/11/01,4.48,4.65,4.48,4.61,1557038,4.62
2012/11/02,4.62,4.64,4.57,4.63,1326620,4.63
2012/11/05,4.63,4.67,4.60,4.64,1005443,4.66
2012/11/06,4.62,4.69,4.47,4.55,1646217,4.56
2012/11/07,4.57,4.59,4.47,4.57,1131228,4.57
2012/11/08,4.52,4.70,4.42,4.70,3332103,4.60
2012/11/09,4.85,5.17,4.85,5.17,12980565,5.18
2012/11/12,5.27,5.37,5.06,5.13,19018632,5.22
2012/11/13,5.07,5.21,4.89,5.21,12406195,5.04
2012/11/14,5.12,5.12,4.83,4.99,9178923,5.01
2012/11/15,4.95,4.96,4.71,4.72,6598921,4.83
2012/11/16,4.64,4.66,4.52,4.57,4334912,4.61
2012/11/19,4.52,4.75,4.50,4.74,4121276,4.67
2012/11/20,4.71,4.73,4.59,4.63,2498957,4.70
2012/11/21,4.63,4.75,4.57,4.73,3883606,4.69
2012/11/22,4.69,4.86,4.55,4.72,5594952,4.73
2012/11/23,4.67,4.76,4.62,4.67,4130816,4.72
2012/11/26,4.64,4.66,4.48,4.50,3897890,4.59
2012/11/27,4.49,4.49,4.28,4.28,2490269,4.40
2012/11/28,4.29,4.29,4.11,4.17,2032254,4.22
2012/11/29,4.15,4.26,4.07,4.12,1824915,4.22
2012/11/30,4.16,4.23,4.11,4.19,2003821,4.19
2012/12/03,4.20,4.22,3.96,3.97,1914710,4.15
2012/12/04,3.96,4.03,3.75,4.01,2816823,3.92
2012/12/05,3.97,4.27,3.95,4.19,2746313,4.19
2012/12/06,4.18,4.25,4.14,4.18,1470948,4.23
2012/12/07,4.17,4.41,4.14,4.33,4034747,4.30
2012/12/10,4.36,4.44,4.28,4.38,4034454,4.39
2012/12/11,4.36,4.36,4.26,4.27,3033885,4.34
2012/12/12,4.30,4.31,4.19,4.25,2251442,4.27
2012/12/13,4.22,4.29,4.15,4.15,2032806,4.25
2012/12/14,4.15,4.34,4.15,4.33,3959443,4.32
2012/12/17,4.34,4.49,4.34,4.38,3493504,4.43
2012/12/18,4.38,4.44,4.32,4.40,3670370,4.42
2012/12/19,4.40,4.43,4.36,4.41,2363618,4.42
2012/12/20,4.41,4.47,4.27,4.40,3003110,4.41
2012/12/21,4.33,4.44,4.31,4.34,2877915,4.39
2012/12/24,4.34,4.52,4.32,4.45,4251137,4.47
2012/12/25,4.42,4.58,4.39,4.52,5516546,4.53
2012/12/26,4.49,4.56,4.43,4.55,5097356,4.54
2012/12/27,4.55,4.98,4.49,4.69,10467339,4.72
2012/12/28,4.64,4.70,4.55,4.65,4735681,4.65
2012/12/31,4.66,4.68,4.57,4.60,3829301,4.63
2013/01/04,4.63,4.64,4.52,4.57,3645596,4.60
2013/01/07,4.54,4.61,4.54,4.61,2559581,4.62
2013/01/08,4.59,4.71,4.56,4.67,5399105,4.67
2013/01/09,4.64,4.72,4.63,4.68,6000542,4.70
2013/01/10,4.76,4.82,4.66,4.70,5922526,4.75
2013/01/11,4.70,4.72,4.45,4.45,6019848,4.62
2013/01/14,4.40,4.64,4.40,4.61,3990120,4.59
2013/01/15,4.57,4.72,4.57,4.68,5388803,4.71
2013/01/16,4.67,4.86,4.62,4.80,8261043,4.76
2013/01/17,4.77,4.80,4.67,4.72,5085386,4.76
2013/01/18,4.71,4.79,4.67,4.78,4347480,4.77
2013/01/21,4.79,5.02,4.72,4.89,8675109,4.91
2013/01/22,4.85,4.88,4.68,4.72,5307289,4.81
2013/01/23,4.75,4.78,4.62,4.70,2731408,4.73
2013/01/24,4.68,4.79,4.50,4.57,4579412,4.69
2013/01/25,4.57,4.66,4.52,4.56,1982497,4.60
2013/01/28,4.56,4.67,4.56,4.66,2575856,4.65
2013/01/29,4.66,4.74,4.63,4.73,2856722,4.73
2013/01/30,4.75,4.75,4.64,4.72,2774719,4.72
2013/01/31,4.73,4.73,4.64,4.72,2438611,4.71
2013/02/01,4.72,4.79,4.69,4.76,3667898,4.78
2013/02/04,4.76,4.79,4.64,4.69,2861900,4.71
2013/02/05,4.67,4.74,4.60,4.70,2611511,4.70
2013/02/06,4.69,4.73,4.68,4.70,2282081,4.74
2013/02/07,4.70,4.70,4.63,4.66,1978889,4.70
2013/02/08,4.72,4.80,4.66,4.75,3011555,4.76
2013/02/18,4.75,4.80,4.73,4.79,2877996,4.80
2013/02/19,4.79,4.82,4.68,4.70,2507900,4.76
2013/02/20,4.73,4.83,4.68,4.82,4023953,4.81
2013/02/21,4.78,4.82,4.70,4.73,4532422,4.78
2013/02/22,4.71,4.77,4.67,4.70,2698407,4.74
2013/02/25,4.70,4.74,4.64,4.70,2160239,4.72
2013/02/26,4.64,4.88,4.64,4.86,7013514,4.83
2013/02/27,4.78,4.83,4.72,4.79,4723087,4.82
2013/02/28,4.79,5.02,4.77,4.92,10028389,4.95
2013/03/01,4.92,5.01,4.84,4.95,6774103,4.96
2013/03/04,4.90,5.13,4.79,4.85,8115707,4.99
2013/03/05,4.82,5.02,4.82,5.02,5755722,4.99
2013/03/06,5.03,5.12,4.96,5.09,5957813,5.08
2013/03/07,5.08,5.08,4.91,5.00,4858937,5.01
2013/03/08,4.98,5.01,4.88,4.92,2685448,4.96
2013/03/11,4.95,4.95,4.83,4.91,1985394,4.92
2013/03/12,4.93,4.96,4.62,4.67,4455344,4.79
2013/03/13,4.69,4.69,4.48,4.62,2199979,4.61
2013/03/14,4.57,4.64,4.57,4.57,1524527,4.63
2013/03/15,4.58,4.62,4.45,4.52,1914414,4.57
2013/03/18,4.52,4.54,4.44,4.45,1480116,4.53
2013/03/19,4.53,4.55,4.46,4.55,1179736,4.55
2013/03/20,4.55,4.63,4.48,4.60,2313926,4.60
2013/03/21,4.60,4.64,4.57,4.62,2800196,4.63
2013/03/22,4.61,4.61,4.52,4.60,2341825,4.59
2013/03/25,4.61,4.83,4.60,4.78,5079214,4.75
2013/03/26,4.71,4.74,4.61,4.68,2562615,4.70
2013/03/27,4.68,4.72,4.55,4.60,2412724,4.66
2013/03/28,4.57,4.57,4.43,4.44,2037186,4.51
2013/03/29,4.44,4.48,4.39,4.45,924159,4.47
2013/04/01,4.45,4.48,4.43,4.47,1055537,4.49
2013/04/02,4.45,4.52,4.31,4.35,1633851,4.43
2013/04/03,4.35,4.36,4.27,4.30,1464610,4.34
2013/04/08,4.27,4.27,4.16,4.26,1095128,4.25
2013/04/09,4.31,4.34,4.26,4.32,887045,4.33
2013/04/10,4.32,4.35,4.29,4.32,694252,4.35
2013/04/11,4.34,4.35,4.30,4.32,659579,4.36
2013/04/12,4.28,4.33,4.22,4.23,721533,4.30
2013/04/15,4.21,4.21,4.14,4.18,682580,4.19
2013/04/16,4.15,4.23,4.13,4.22,778083,4.21
2013/04/17,4.22,4.23,4.17,4.21,638973,4.22
2013/04/18,4.19,4.29,4.18,4.26,912065,4.27
2013/04/19,4.26,4.40,4.24,4.38,2268416,4.37
2013/04/22,4.37,4.37,4.30,4.33,1223010,4.36
2013/04/23,4.46,4.77,4.43,4.67,17287351,4.75
2013/04/24,4.52,4.83,4.48,4.72,14560590,4.63
2013/04/25,4.60,4.66,4.53,4.54,6342699,4.62
2013/04/26,4.47,4.52,4.35,4.45,3689972,4.47
2013/05/02,4.47,4.52,4.37,4.45,2495261,4.46
2013/05/03,4.48,4.57,4.42,4.47,3849618,4.52
2013/05/06,4.49,4.64,4.48,4.54,4886059,4.56
2013/05/07,4.56,4.60,4.47,4.49,2930247,4.54
2013/05/08,4.47,4.52,4.39,4.46,3969516,4.47
2013/05/09,4.44,4.50,4.40,4.49,3073956,4.49
2013/05/10,4.48,4.61,4.43,4.56,4996766,4.57
2013/05/13,4.50,4.58,4.47,4.54,3312051,4.55
2013/05/14,4.55,4.55,4.42,4.44,2276627,4.50
2013/05/15,4.45,4.49,4.42,4.46,1421468,4.48
2013/05/16,4.46,4.56,4.44,4.53,3671663,4.55
2013/05/17,4.53,4.59,4.52,4.58,2846994,4.59
2013/05/20,4.58,4.65,4.56,4.63,3594032,4.64
2013/05/21,4.62,4.74,4.58,4.72,2691520,4.67
2013/05/22,4.62,4.74,4.58,4.72,0,4.66
2013/05/23,4.62,4.74,4.58,4.72,0,4.66
2013/05/24,4.62,4.74,4.58,4.72,0,4.66
2013/05/27,4.62,4.74,4.58,4.72,0,4.66
2013/05/28,4.73,4.73,4.52,4.57,5589552,4.60
2013/05/29,4.57,4.60,4.52,4.60,3490362,4.59
2013/05/30,4.60,4.69,4.52,4.56,6591438,4.64
2013/05/31,4.54,4.59,4.53,4.55,3857319,4.59
2013/06/03,4.58,4.63,4.53,4.62,3402060,4.60
2013/06/04,4.70,4.70,4.53,4.55,4939955,4.65
2013/06/05,4.47,4.53,4.41,4.50,2560064,4.49
2013/06/06,4.46,4.51,4.43,4.47,3028801,4.50
2013/06/07,4.47,4.62,4.46,4.60,4745726,4.58
2013/06/13,4.58,4.61,4.34,4.46,2917953,4.49
2013/06/14,4.45,4.50,4.37,4.43,2237209,4.46
2013/06/17,4.40,4.46,4.39,4.41,1223299,4.45
2013/06/18,4.45,4.45,4.36,4.39,1009451,4.42
2013/06/19,4.39,4.39,4.22,4.26,2137992,4.30
2013/06/20,4.26,4.27,4.20,4.21,1378090,4.26
2013/06/21,4.20,4.27,4.11,4.23,1164075,4.23
2013/06/24,4.20,4.20,3.92,3.94,1461334,4.08
2013/06/25,3.90,4.03,3.58,3.81,1883834,3.85
2013/06/26,3.83,3.91,3.78,3.90,1508373,3.88
2013/06/27,3.92,3.95,3.72,3.73,1164566,3.88
2013/06/28,3.70,3.81,3.63,3.70,934281,3.75
2013/07/01,3.70,3.81,3.69,3.81,1248830,3.80
2013/07/02,3.82,4.12,3.76,4.01,1403063,3.93
2013/07/03,3.97,3.98,3.90,3.92,1044498,3.97
2013/07/04,3.96,3.99,3.88,3.92,1298655,3.97
2013/07/05,4.04,4.21,4.00,4.02,2727287,4.12
2013/07/08,3.91,3.92,3.77,3.78,1526543,3.85
2013/07/09,3.79,3.83,3.77,3.79,661220,3.82
2013/07/10,3.79,3.92,3.78,3.91,1072699,3.90
2013/07/11,3.90,4.07,3.90,4.00,1411728,4.03
2013/07/12,4.00,4.16,3.89,4.07,2683141,4.08
2013/07/15,4.01,4.08,3.99,4.04,1348801,4.07
2013/07/16,4.00,4.11,4.00,4.09,1517532,4.10
2013/07/17,4.04,4.10,4.02,4.04,1353951,4.09
2013/07/18,4.04,4.06,3.98,4.01,1255883,4.05
2013/07/19,4.05,4.06,3.85,3.88,1585349,3.96
2013/07/22,3.86,3.88,3.78,3.85,1139127,3.86
2013/07/23,3.84,3.96,3.84,3.96,1204401,3.94
2013/07/24,3.96,3.98,3.85,3.92,1065661,3.93
2013/07/25,3.93,3.94,3.84,3.84,1268557,3.90
2013/07/26,3.84,3.85,3.79,3.85,981121,3.85
2013/07/29,3.83,3.83,3.73,3.74,1189150,3.80
2013/07/30,3.74,3.81,3.70,3.80,834859,3.80
2013/07/31,3.80,3.88,3.80,3.80,1107432,3.87
2013/08/01,3.82,3.90,3.82,3.88,1108338,3.88
2013/08/02,3.90,4.02,3.86,4.01,2002732,3.96
2013/08/05,3.98,4.07,3.93,4.02,2516556,4.04
2013/08/06,3.97,4.14,3.94,4.06,2757939,4.07
2013/08/07,4.03,4.08,3.97,4.02,2586781,4.06
2013/08/08,4.04,4.04,3.96,3.99,987318,4.02
2013/08/09,3.98,4.07,3.95,4.05,1851717,4.05
2013/08/12,4.02,4.11,4.01,4.09,2432232,4.09
2013/08/13,4.09,4.13,4.06,4.12,2177638,4.13
2013/08/14,4.12,4.14,4.04,4.06,1883538,4.12
2013/08/15,4.05,4.10,4.03,4.06,2468233,4.10
2013/08/16,4.03,4.13,3.97,4.00,2178886,4.09
2013/08/19,3.98,4.06,3.94,4.05,1082013,4.06
2013/08/20,4.07,4.10,4.02,4.02,1523287,4.10
2013/08/21,4.07,4.09,4.01,4.07,1246923,4.08
2013/08/22,4.07,4.18,4.04,4.14,3092731,4.16
2013/08/23,4.15,4.15,4.05,4.10,1756310,4.14
2013/08/26,4.11,4.23,4.07,4.17,2790295,4.22
2013/08/27,4.15,4.29,4.15,4.20,3189697,4.24
2013/08/28,4.19,4.26,4.13,4.25,2065380,4.24
2013/08/29,4.29,4.29,4.15,4.25,2575251,4.25
2013/08/30,4.22,4.31,4.16,4.17,2327997,4.24
2013/09/02,4.22,4.31,4.16,4.17,0,4.23
2013/09/03,4.22,4.31,4.16,4.17,0,4.23
2013/09/04,4.22,4.31,4.16,4.17,0,4.23
2013/09/05,4.22,4.31,4.16,4.17,0,4.23
2013/09/06,4.22,4.31,4.16,4.17,0,4.23
2013/09/09,4.22,4.31,4.16,4.17,0,4.23
2013/09/10,4.22,4.31,4.16,4.17,0,4.23
2013/09/11,4.22,4.31,4.16,4.17,0,4.23
2013/09/12,4.22,4.31,4.16,4.17,0,4.23
2013/09/13,4.22,4.31,4.16,4.17,0,4.23
2013/09/16,4.22,4.31,4.16,4.17,0,4.23
2013/09/17,4.22,4.31,4.16,4.17,0,4.23
2013/09/18,4.22,4.31,4.16,4.17,0,4.23
2013/09/23,4.22,4.31,4.16,4.17,0,4.23
2013/09/24,4.22,4.31,4.16,4.17,0,4.23
2013/09/25,4.22,4.31,4.16,4.17,0,4.23
2013/09/26,4.22,4.31,4.16,4.17,0,4.23
2013/09/27,4.22,4.31,4.16,4.17,0,4.23
2013/09/30,4.22,4.31,4.16,4.17,0,4.23
2013/10/08,4.22,4.31,4.16,4.17,0,4.23
2013/10/09,4.22,4.31,4.16,4.17,0,4.23
2013/10/10,4.22,4.31,4.16,4.17,0,4.23
2013/10/11,4.22,4.31,4.16,4.17,0,4.23
2013/10/14,4.22,4.31,4.16,4.17,0,4.23
2013/10/15,4.22,4.31,4.16,4.17,0,4.23
2013/10/16,4.22,4.31,4.16,4.17,0,4.23
2013/10/17,4.22,4.31,4.16,4.17,0,4.23
2013/10/18,4.22,4.31,4.16,4.17,0,4.23
2013/10/21,4.22,4.31,4.16,4.17,0,4.23
2013/10/22,4.22,4.31,4.16,4.17,0,4.23
2013/10/23,4.59,4.59,4.59,4.59,498213,4.62
2013/10/24,5.05,5.05,5.05,5.05,619324,5.08
2013/10/25,5.05,5.05,5.05,5.05,0,5.05
2013/10/28,5.56,5.56,5.51,5.56,17574310,5.59
2013/10/29,5.52,5.97,5.45,5.87,37122028,5.82
2013/10/30,5.77,5.78,5.30,5.69,19396641,5.63
2013/10/31,5.47,6.14,5.47,5.52,17964780,5.83
2013/11/01,5.48,5.49,5.21,5.34,11454829,5.34
2013/11/04,5.31,5.45,5.22,5.41,7913758,5.39
2013/11/05,5.36,5.65,5.28,5.62,10316620,5.58
2013/11/06,5.48,5.74,5.47,5.58,10489237,5.63
2013/11/07,5.51,5.62,5.22,5.27,7802215,5.44
2013/11/08,5.35,5.80,5.35,5.80,6168546,5.75
2013/11/11,6.27,6.27,5.68,5.72,24194452,5.97
2013/11/12,5.62,5.67,5.44,5.65,11773722,5.60
2013/11/13,5.51,5.58,5.30,5.33,8546411,5.48
2013/11/14,5.37,5.60,5.30,5.45,9017835,5.46
2013/11/15,5.39,5.71,5.33,5.61,10376515,5.54
2013/11/18,5.55,5.87,5.49,5.68,11379198,5.70
2013/11/19,5.64,5.94,5.63,5.92,13052434,5.83
2013/11/20,5.92,5.92,5.73,5.86,8456172,5.84
2013/11/21,5.84,5.85,5.65,5.70,7045605,5.75
2013/11/22,5.67,5.89,5.63,5.75,7461305,5.78
2013/11/25,5.75,5.76,5.55,5.60,7203430,5.63
2013/11/26,5.62,5.63,5.44,5.58,4932890,5.55
2013/11/27,5.59,5.65,5.51,5.64,3601572,5.62
2013/11/28,5.62,5.71,5.58,5.65,3963487,5.69
2013/11/29,5.64,5.67,5.56,5.58,3292365,5.62
2013/12/02,5.36,5.41,5.02,5.02,8768046,5.21
2013/12/03,4.96,5.10,4.83,5.08,3891675,5.00
2013/12/04,5.09,5.44,5.09,5.38,6030804,5.29
2013/12/05,5.32,5.32,5.12,5.20,6279590,5.22
2013/12/06,5.15,5.20,4.95,5.00,6484761,5.07
2013/12/09,5.03,5.11,5.02,5.07,2459967,5.10
2013/12/10,5.10,5.12,5.02,5.09,2076376,5.10
2013/12/11,5.09,5.09,4.98,5.04,2257335,5.05
2013/12/12,5.07,5.09,5.01,5.09,1737230,5.09
2013/12/13,5.10,5.10,5.01,5.08,1459363,5.08
2013/12/16,5.09,5.09,4.93,4.94,2382576,5.01
2013/12/17,4.92,4.97,4.84,4.95,1687125,4.92
2013/12/18,4.97,4.97,4.88,4.91,1393920,4.96
2013/12/19,4.87,4.96,4.86,4.95,1364898,4.95
2013/12/20,4.95,5.03,4.89,5.00,2208017,5.01
2013/12/23,4.99,5.05,4.96,5.03,1905414,5.05
2013/12/24,5.02,5.18,5.02,5.14,3585912,5.15
2013/12/25,5.09,5.16,5.06,5.15,2559292,5.16
2013/12/26,5.16,5.25,5.11,5.19,4094311,5.21
2013/12/27,5.17,5.24,5.14,5.17,3265511,5.25
2013/12/30,5.19,5.20,5.03,5.03,2988971,5.14
2013/12/31,4.98,5.03,4.89,4.97,2694102,4.99
2014/01/02,4.95,5.10,4.92,5.09,1860642,5.06
2014/01/03,5.09,5.21,5.02,5.17,3353034,5.17
2014/01/06,5.17,5.41,5.03,5.28,5485125,5.26
2014/01/07,5.23,5.31,5.12,5.22,3365889,5.27
2014/01/08,5.20,5.33,5.15,5.26,2973650,5.26
2014/01/09,5.22,5.41,5.21,5.33,4700112,5.37
2014/01/10,5.22,5.41,5.21,5.33,0,5.31
2014/01/13,5.22,5.41,5.21,5.33,0,5.31
2014/01/14,5.22,5.41,5.21,5.33,0,5.31
2014/01/15,5.22,5.41,5.21,5.33,0,5.31
2014/01/16,5.22,5.41,5.21,5.33,0,5.31
2014/01/17,5.22,5.41,5.21,5.33,0,5.31
2014/01/20,5.22,5.41,5.21,5.33,0,5.31
2014/01/21,5.22,5.41,5.21,5.33,0,5.31
2014/01/22,5.22,5.41,5.21,5.33,0,5.31
2014/01/23,5.22,5.41,5.21,5.33,0,5.31
2014/01/24,5.87,5.87,5.87,5.87,806410,5.90
2014/01/27,6.46,6.46,5.70,5.72,16824583,6.05
2014/01/28,5.59,5.69,5.40,5.44,6491280,5.56
2014/01/29,5.40,5.58,5.38,5.45,4169366,5.50
2014/01/30,5.47,5.76,5.41,5.73,4441919,5.61
2014/02/07,5.72,5.72,5.60,5.63,4343120,5.68
2014/02/10,5.58,5.92,5.53,5.90,8456456,5.74
2014/02/11,5.85,6.19,5.80,6.05,13748454,6.08
2014/02/12,5.99,6.27,5.86,6.11,9865690,6.08
2014/02/13,6.07,6.07,5.80,5.85,6086281,6.00
2014/02/14,5.82,6.02,5.79,5.98,4934513,5.96
2014/02/17,6.02,6.10,5.91,6.04,5514528,6.03
2014/02/18,6.00,6.19,5.89,6.08,6233727,6.09
2014/02/19,6.07,6.25,6.03,6.17,6539969,6.20
2014/02/20,6.17,6.34,6.10,6.28,9011158,6.30
2014/02/21,6.28,6.32,6.07,6.15,5711653,6.21
2014/02/24,6.08,6.22,5.92,5.99,5420985,6.07
2014/02/25,6.00,6.12,5.80,5.89,5137650,6.01
2014/02/26,5.92,5.94,5.74,5.85,3159551,5.85
2014/02/27,5.85,5.95,5.80,5.83,2388992,5.90
2014/02/28,5.83,6.21,5.76,6.21,7369687,6.06
2014/03/03,6.15,6.77,6.14,6.74,14202554,6.52
2014/03/04,6.63,6.73,6.42,6.57,6176524,6.60
2014/03/05,6.64,6.69,6.44,6.49,4083399,6.57
2014/03/06,6.49,6.55,6.23,6.33,4073239,6.37
2014/03/07,6.32,6.52,6.28,6.38,3189083,6.41
2014/03/10,6.32,6.75,6.29,6.45,7321394,6.59
2014/03/11,6.46,6.71,6.43,6.48,7650856,6.61
2014/03/12,6.45,6.45,6.19,6.23,4675898,6.29
2014/03/13,6.25,6.35,6.13,6.32,2909018,6.27
2014/03/14,6.31,6.44,6.19,6.41,2397960,6.36
2014/03/17,6.42,6.91,6.42,6.81,7252416,6.76
2014/03/18,6.94,6.94,6.61,6.65,5541640,6.77
2014/03/19,6.61,6.98,6.56,6.98,7341220,6.88
2014/03/20,7.02,7.02,6.59,6.62,5804975,6.81
2014/03/21,6.57,6.71,6.47,6.69,3827630,6.66
2014/03/24,6.74,6.74,6.48,6.62,2843202,6.60
2014/03/25,6.62,6.69,6.51,6.61,1833461,6.63
2014/03/26,6.62,6.90,6.52,6.85,3813684,6.75
2014/03/27,6.70,6.80,6.65,6.66,2902034,6.75
2014/03/28,6.62,6.77,6.07,6.23,6158844,6.42
2014/03/31,6.23,6.23,6.06,6.12,2632733,6.14
2014/04/01,6.16,6.42,6.14,6.41,3396332,6.36
2014/04/02,6.44,6.61,6.38,6.60,3271912,6.57
2014/04/03,6.78,6.78,6.52,6.63,3703801,6.67
2014/04/04,6.56,6.70,6.56,6.67,1830777,6.67
2014/04/08,6.66,7.14,6.62,6.97,12080575,6.99
2014/04/09,6.97,7.11,6.90,7.02,6204889,7.07
2014/04/10,6.99,7.11,6.91,7.04,4437941,7.06
2014/04/11,6.98,7.04,6.92,6.93,2753561,6.99
2014/04/14,6.92,7.26,6.90,7.10,6491938,7.16
2014/04/15,7.09,7.16,6.97,7.08,4629219,7.11
2014/04/16,7.07,7.52,6.99,7.40,8045547,7.33
2014/04/17,7.43,7.65,7.32,7.42,6998511,7.51
2014/04/18,7.46,7.80,7.43,7.76,9445731,7.71
2014/04/21,7.77,7.84,7.53,7.63,7341716,7.73
2014/04/22,7.57,7.82,7.37,7.50,6580996,7.60
2014/04/23,7.55,7.62,7.32,7.34,3457496,7.45
2014/04/24,7.55,7.62,7.32,7.34,0,7.47
2014/04/25,7.55,7.62,7.32,7.34,0,7.47
2014/04/28,7.13,7.15,6.97,6.97,6574400,7.03
2014/04/29,6.65,7.19,6.62,6.98,8333206,6.94
2014/04/30,6.98,7.19,6.96,7.08,4315613,7.13
2014/05/05,7.12,7.26,6.97,7.00,3517320,7.10
2014/05/06,6.99,7.11,6.93,7.05,2602129,7.05
2014/05/07,7.11,7.17,6.77,6.81,2943451,6.98
2014/05/08,6.79,6.92,6.69,6.81,2671133,6.85
2014/05/09,6.87,6.90,6.62,6.75,2046037,6.77
2014/05/12,6.84,6.86,6.72,6.75,2221902,6.81
2014/05/13,6.76,6.87,6.72,6.74,1415763,6.81
2014/05/14,6.73,6.80,6.71,6.75,1184987,6.78
2014/05/15,6.76,6.87,6.55,6.69,2083063,6.72
2014/05/16,6.63,6.63,6.35,6.37,4621705,6.40
2014/05/19,6.37,6.43,6.05,6.05,3099436,6.17
2014/05/20,6.05,6.17,6.04,6.10,1922878,6.13
2014/05/21,6.05,6.07,5.81,6.04,1696394,6.00
2014/05/22,6.04,6.23,6.02,6.15,1488603,6.19
2014/05/23,6.15,6.18,6.09,6.15,822940,6.17
2014/05/26,6.21,6.23,6.11,6.17,938355,6.18
2014/05/27,6.20,6.28,6.07,6.10,1953733,6.19
2014/05/28,6.12,6.17,6.04,6.17,1666506,6.14
2014/05/29,6.17,6.17,5.95,6.01,1919315,6.11
2014/05/30,6.01,6.14,5.98,6.08,1080869,6.09
2014/06/03,6.09,6.24,6.09,6.18,1424671,6.21
2014/06/04,6.22,6.22,6.12,6.18,980239,6.20
2014/06/05,6.18,6.30,6.17,6.27,1165352,6.28
2014/06/06,6.23,6.59,6.23,6.32,3694750,6.45
2014/06/09,6.35,6.45,6.22,6.35,1464474,6.38
2014/06/10,6.37,6.44,6.33,6.41,891520,6.42
2014/06/11,6.38,6.47,6.38,6.44,1193213,6.46
2014/06/12,6.43,6.63,6.41,6.53,1985793,6.58
2014/06/13,6.48,6.62,6.45,6.49,2435035,6.58
2014/06/16,6.49,6.64,6.49,6.54,2278004,6.61
2014/06/17,6.54,6.58,6.37,6.41,2277370,6.49
2014/06/18,6.41,6.48,6.28,6.32,1724631,6.35
2014/06/19,6.30,6.35,6.06,6.20,1903321,6.22
2014/06/20,6.20,6.30,6.20,6.26,703550,6.28
2014/06/23,6.26,6.31,6.20,6.27,1017434,6.29
2014/06/24,6.27,6.29,6.23,6.26,778820,6.29
2014/06/25,6.27,6.37,6.22,6.31,827251,6.30
2014/06/26,6.27,6.34,6.27,6.33,1327768,6.34
2014/06/27,6.33,6.35,6.05,6.10,4264418,6.19
2014/06/30,6.14,6.19,6.03,6.16,2571848,6.15
2014/07/01,6.17,6.21,6.10,6.17,1556751,6.18
2014/07/02,6.16,6.40,6.15,6.40,2519065,6.27
2014/07/03,6.37,6.55,6.34,6.41,3253931,6.48
2014/07/04,6.41,6.46,6.32,6.42,2018829,6.45
2014/07/07,6.47,6.57,6.42,6.44,2125622,6.51
2014/07/08,6.41,6.47,6.34,6.43,2059498,6.44
2014/07/09,6.40,6.49,6.36,6.38,2218037,6.45
2014/07/10,6.38,6.52,6.31,6.36,2398326,6.43
2014/07/11,6.37,6.46,6.28,6.46,2115928,6.41
2014/07/14,6.47,6.52,6.41,6.46,1781252,6.48
2014/07/15,6.46,6.55,6.17,6.45,3636030,6.47
2014/07/16,6.40,6.44,6.33,6.35,1904321,6.40
2014/07/17,6.42,6.42,6.34,6.38,1838238,6.41
2014/07/18,6.37,6.42,6.34,6.39,1461269,6.41
2014/07/21,6.37,6.42,6.34,6.39,0,6.38
2014/07/22,6.37,6.42,6.34,6.39,0,6.38
2014/07/23,6.37,6.42,6.34,6.39,0,6.38
2014/07/24,6.37,6.42,6.34,6.39,0,6.38
2014/07/25,6.37,6.42,6.34,6.39,0,6.38
2014/07/28,6.71,6.71,6.71,6.71,591278,6.74
2014/07/29,7.04,7.04,6.77,6.82,12925601,6.99
2014/07/30,6.74,7.16,6.74,7.16,8463722,7.06
2014/07/31,7.21,7.36,7.14,7.24,8022102,7.26
2014/08/01,7.24,7.26,7.06,7.13,6345351,7.14
2014/08/04,7.13,7.15,6.99,7.15,3102744,7.12
2014/08/05,7.15,7.18,7.02,7.09,3011143,7.14
2014/08/06,7.10,7.11,6.97,7.03,2804027,7.06
2014/08/07,7.05,7.15,6.99,7.03,3173267,7.07
2014/08/08,6.97,7.12,6.97,7.06,2006072,7.08
2014/08/11,7.09,7.41,7.08,7.35,5670070,7.36
2014/08/12,7.30,7.51,7.28,7.33,4318212,7.41
2014/08/13,7.32,7.39,7.16,7.35,3692775,7.29
2014/08/14,7.39,7.39,7.21,7.23,2746664,7.31
2014/08/15,7.20,7.34,7.19,7.30,2691067,7.32
2014/08/18,7.30,7.63,7.27,7.58,5279844,7.54
2014/08/19,7.59,7.70,7.53,7.59,2914394,7.61
2014/08/20,7.59,7.76,7.48,7.62,5529537,7.66
2014/08/21,7.62,7.71,7.51,7.58,3509930,7.62
2014/08/22,7.58,7.63,7.42,7.48,5249920,7.51
2014/08/25,7.48,7.71,7.47,7.62,4748267,7.66
2014/08/26,7.64,7.65,7.24,7.32,5332204,7.47
2014/08/27,7.33,7.44,7.28,7.32,2815539,7.37
2014/08/28,7.37,7.43,7.32,7.35,2439680,7.39
2014/08/29,7.35,7.43,7.32,7.42,2315373,7.42
2014/09/01,7.42,7.50,7.39,7.47,2989469,7.48
2014/09/02,7.52,7.85,7.52,7.85,11654100,7.84
2014/09/03,8.05,8.05,7.85,7.98,10635566,7.99
2014/09/04,7.97,8.27,7.89,8.20,6901017,8.07
2014/09/05,8.23,8.43,8.13,8.31,7117853,8.30
2014/09/09,8.35,8.65,8.29,8.39,6334965,8.47
2014/09/10,8.34,8.43,8.25,8.28,4249662,8.35
2014/09/11,8.35,8.40,8.08,8.16,7902845,8.25
2014/09/12,8.15,8.41,8.10,8.35,4226584,8.27
2014/09/15,8.36,8.77,8.32,8.77,10352914,8.69
2014/09/16,8.74,8.81,8.53,8.57,8943231,8.68
2014/09/17,8.60,8.76,8.46,8.70,5686916,8.66
2014/09/18,8.70,9.09,8.70,8.94,8105423,9.01
2014/09/19,8.86,9.16,8.84,8.96,6496507,9.03
2014/09/22,8.96,9.07,8.66,8.97,6640797,8.85
2014/09/23,8.96,9.03,8.88,9.00,3616783,8.99
2014/09/24,8.97,9.06,8.87,9.06,4317688,9.01
2014/09/25,9.06,9.08,8.80,8.85,5628217,8.96
2014/09/26,8.84,8.91,8.68,8.79,3982026,8.80
2014/09/29,8.79,9.23,8.79,9.23,8691279,9.08
2014/09/30,9.25,9.68,9.17,9.46,6587200,9.47
2014/10/08,9.55,9.55,9.31,9.47,4709053,9.44
2014/10/09,9.75,9.95,9.53,9.63,10569601,9.85
2014/10/10,9.57,10.11,9.48,10.01,9548397,10.00
2014/10/13,10.01,10.30,9.83,10.06,8123574,10.11
2014/10/14,9.98,10.20,9.78,9.89,7616057,9.98
2014/10/15,9.90,9.91,9.39,9.53,10437638,9.59
2014/10/16,9.47,9.75,9.40,9.42,5781176,9.56
2014/10/17,9.41,9.50,9.00,9.47,5823743,9.33
2014/10/20,9.52,9.83,9.44,9.66,5288405,9.67
2014/10/21,9.66,9.85,9.57,9.71,4199226,9.73
2014/10/22,9.58,9.58,9.22,9.22,11792073,9.31
2014/10/23,9.23,9.23,8.77,8.88,8263438,8.93
2014/10/24,8.88,9.33,8.48,9.33,13307060,9.16
2014/10/27,9.30,9.67,9.17,9.37,5921221,9.46
2014/10/28,9.39,9.57,9.38,9.49,4729907,9.52
2014/10/29,9.52,9.94,9.43,9.87,7350480,9.72
2014/10/30,9.87,10.05,9.78,9.94,6583453,9.92
2014/10/31,9.96,10.06,9.77,9.91,6573156,9.92
2014/11/03,9.84,9.94,9.78,9.83,4823431,9.90
2014/11/04,9.84,10.06,9.83,9.83,5630998,9.95
2014/11/05,9.84,9.93,9.67,9.78,3330202,9.81
2014/11/06,9.78,9.92,9.73,9.82,3280325,9.84
2014/11/07,9.81,9.84,9.44,9.59,5121951,9.72
2014/11/10,9.58,9.91,9.38,9.87,5608641,9.73
2014/11/11,9.97,10.04,9.45,9.66,4806500,9.80
2014/11/12,9.67,9.74,9.55,9.67,3328255,9.65
2014/11/13,9.68,9.72,9.42,9.69,4544973,9.61
2014/11/14,9.63,10.18,9.63,10.18,13751284,10.08
2014/11/17,9.63,10.18,9.63,10.18,0,9.91
2014/11/18,9.63,10.18,9.63,10.18,0,9.91
2014/11/19,9.63,10.18,9.63,10.18,0,9.91
2014/11/20,9.63,10.18,9.63,10.18,0,9.91
2014/11/21,9.63,10.18,9.63,10.18,0,9.91
2014/11/24,9.63,10.18,9.63,10.18,0,9.91
2014/11/25,9.63,10.18,9.63,10.18,0,9.91
2014/11/26,9.63,10.18,9.63,10.18,0,9.91
2014/11/27,9.63,10.18,9.63,10.18,0,9.91
2014/11/28,9.63,10.18,9.63,10.18,0,9.91
2014/12/01,9.63,10.18,9.63,10.18,0,9.91
2014/12/02,9.63,10.18,9.63,10.18,0,9.91
2014/12/03,9.63,10.18,9.63,10.18,0,9.91
2014/12/04,9.63,10.18,9.63,10.18,0,9.91
2014/12/05,9.63,10.18,9.63,10.18,0,9.91
2014/12/08,9.63,10.18,9.63,10.18,0,9.91
2014/12/09,9.63,10.18,9.63,10.18,0,9.91
2014/12/10,9.63,10.18,9.63,10.18,0,9.91
2014/12/11,9.63,10.18,9.63,10.18,0,9.91
2014/12/12,9.63,10.18,9.63,10.18,0,9.91
2014/12/15,9.63,10.18,9.63,10.18,0,9.91
2014/12/16,9.63,10.18,9.63,10.18,0,9.91
2014/12/17,9.63,10.18,9.63,10.18,0,9.91
2014/12/18,9.63,10.18,9.63,10.18,0,9.91
2014/12/19,9.63,10.18,9.63,10.18,0,9.91
2014/12/22,9.63,10.18,9.63,10.18,0,9.91
2014/12/23,9.63,10.18,9.63,10.18,0,9.91
2014/12/24,9.63,10.18,9.63,10.18,0,9.91
2014/12/25,9.63,10.18,9.63,10.18,0,9.91
2014/12/26,9.63,10.18,9.63,10.18,0,9.91
2014/12/29,9.63,10.18,9.63,10.18,0,9.91
2014/12/30,9.63,10.18,9.63,10.18,0,9.91
2014/12/31,9.63,10.18,9.63,10.18,0,9.91
2015/01/05,9.63,10.18,9.63,10.18,0,9.91
2015/01/06,9.63,10.18,9.63,10.18,0,9.91
2015/01/07,9.63,10.18,9.63,10.18,0,9.91
2015/01/08,9.63,10.18,9.63,10.18,0,9.91
2015/01/09,9.63,10.18,9.63,10.18,0,9.91
2015/01/12,9.63,10.18,9.63,10.18,0,9.91
2015/01/13,9.63,10.18,9.63,10.18,0,9.91
2015/01/14,9.63,10.18,9.63,10.18,0,9.91
2015/01/15,9.63,10.18,9.63,10.18,0,9.91
2015/01/16,9.63,10.18,9.63,10.18,0,9.91
2015/01/19,9.63,10.18,9.63,10.18,0,9.91
2015/01/20,9.63,10.18,9.63,10.18,0,9.91
2015/01/21,9.63,10.18,9.63,10.18,0,9.91
2015/01/22,9.63,10.18,9.63,10.18,0,9.91
2015/01/23,9.63,10.18,9.63,10.18,0,9.91
2015/01/26,9.63,10.18,9.63,10.18,0,9.91
2015/01/27,9.63,10.18,9.63,10.18,0,9.91
2015/01/28,9.63,10.18,9.63,10.18,0,9.91
2015/01/29,9.63,10.18,9.63,10.18,0,9.91
2015/01/30,9.63,10.18,9.63,10.18,0,9.91
2015/02/02,9.63,10.18,9.63,10.18,0,9.91
2015/02/03,9.63,10.18,9.63,10.18,0,9.91
2015/02/04,9.63,10.18,9.63,10.18,0,9.91
2015/02/05,9.63,10.18,9.63,10.18,0,9.91
2015/02/06,9.63,10.18,9.63,10.18,0,9.91
2015/02/09,9.63,10.18,9.63,10.18,0,9.91
2015/02/10,9.63,10.18,9.63,10.18,0,9.91
2015/02/11,9.63,10.18,9.63,10.18,0,9.91
2015/02/12,9.63,10.18,9.63,10.18,0,9.91
2015/02/13,10.69,10.69,10.69,10.69,336291,10.72
2015/02/16,11.23,11.23,11.23,11.23,78806,11.26
2015/02/17,11.79,11.79,10.90,11.20,23548399,11.48
2015/02/25,11.17,11.46,10.93,10.93,10324632,11.15
2015/02/26,10.94,11.06,10.46,10.60,9629140,10.64
2015/02/27,10.62,10.84,10.50,10.68,6318527,10.73
2015/03/02,10.79,11.07,10.72,10.95,7460911,10.98
2015/03/03,10.94,10.95,10.70,10.71,6551370,10.80
2015/03/04,10.68,10.69,10.40,10.58,6290521,10.59
2015/03/05,10.65,10.93,10.53,10.93,6995228,10.80
2015/03/06,10.87,11.12,10.75,10.89,6027440,10.96
2015/03/09,10.89,10.92,10.67,10.73,5265878,10.77
2015/03/10,10.76,10.92,10.68,10.85,4479994,10.82
2015/03/11,10.87,10.94,10.81,10.81,4299575,10.89
2015/03/12,10.80,10.92,10.56,10.65,5281966,10.68
2015/03/13,10.69,10.82,10.66,10.79,4623251,10.77
2015/03/16,10.83,11.33,10.83,11.33,6645522,11.17
2015/03/17,11.57,11.90,11.37,11.90,14305885,11.86
2015/03/18,11.90,12.38,11.69,11.96,8713240,12.09
2015/03/19,11.96,12.15,11.77,12.11,6303693,12.04
2015/03/20,12.11,12.72,11.99,12.70,10073250,12.56
2015/03/23,12.90,13.34,12.90,13.34,10355853,13.29
2015/03/24,13.55,13.95,12.72,13.75,19375095,13.50
2015/03/25,13.66,13.66,13.28,13.38,8024739,13.50
2015/03/26,13.38,13.94,13.27,13.82,11425010,13.74
2015/03/27,13.86,14.30,13.66,13.68,9188141,13.97
2015/03/30,13.83,13.95,12.99,13.55,10410387,13.43
2015/03/31,13.37,13.96,13.30,13.77,9750740,13.70
2015/04/01,14.02,14.46,14.02,14.46,12261321,14.34
2015/04/02,14.97,15.18,14.52,15.17,20692416,15.07
2015/04/03,15.43,15.93,15.12,15.93,17126434,15.69
2015/04/07,16.73,16.73,16.42,16.73,8109019,16.75
2015/04/08,17.57,17.57,16.47,16.85,31741621,17.20
2015/04/09,16.85,16.85,16.01,16.24,18759216,16.24
2015/04/10,16.12,17.05,15.85,17.05,15557386,16.73
2015/04/13,16.12,17.05,15.85,17.05,0,16.45
2015/04/14,16.12,17.05,15.85,17.05,0,16.45
2015/04/15,17.05,18.16,15.34,15.34,34485091,16.41
2015/04/16,14.58,15.75,13.80,14.71,24419711,14.77
2015/04/17,14.73,15.94,14.27,15.35,23434968,15.03
2015/04/20,15.27,15.97,14.55,14.74,17591059,15.23
2015/04/21,14.77,15.24,14.54,15.05,11163297,14.91
2015/04/22,15.05,15.75,15.05,15.52,13449261,15.55
2015/04/23,15.52,15.77,15.02,15.17,18995227,15.35
2015/04/24,15.16,15.16,14.63,14.87,12034506,14.88
2015/04/27,14.97,16.11,14.89,15.87,23920128,15.57
2015/04/28,15.88,16.07,15.32,15.46,15847939,15.71
2015/04/29,15.47,15.72,15.07,15.43,12553279,15.53
2015/04/30,15.47,15.97,15.47,15.65,15113836,15.79
2015/05/04,15.77,16.77,15.71,16.57,17996198,16.30
2015/05/05,16.57,16.57,14.91,15.28,15310739,15.86
2015/05/06,15.38,15.84,14.79,15.07,11807992,15.47
2015/05/07,15.27,15.42,13.97,13.99,12896615,14.47
2015/05/08,14.27,15.34,14.13,15.26,16196320,14.71
2015/05/11,15.71,16.47,15.46,16.34,23599391,16.18
2015/05/12,16.42,17.01,15.98,16.36,18548061,16.52
2015/05/13,16.46,16.53,15.80,15.99,14477609,16.05
2015/05/14,15.61,16.96,15.61,16.77,22944113,16.49
2015/05/15,17.10,17.10,15.97,16.33,18887388,16.40
2015/05/18,16.35,16.76,15.99,16.35,14114821,16.48
2015/05/19,16.55,17.99,16.53,17.99,32696454,17.40
2015/05/20,18.47,19.67,18.18,18.92,30038714,18.92
2015/05/21,18.72,19.96,18.60,19.64,22068177,19.52
2015/05/22,19.69,19.92,18.77,19.73,24631832,19.38
2015/05/25,19.73,20.38,19.24,20.17,24018418,20.05
2015/05/26,20.12,20.52,19.84,20.39,25556573,20.23
2015/05/27,20.39,22.12,19.57,21.47,28599161,20.78
2015/05/28,21.42,23.07,19.46,19.47,30943498,21.27
2015/05/29,19.79,21.00,18.15,20.35,23586331,20.05
2015/06/01,20.85,22.35,20.71,22.35,21890487,21.82
2015/06/02,22.96,24.27,22.96,24.20,20620479,23.69
2015/06/03,24.23,24.92,22.37,23.77,27753097,23.57
2015/06/04,23.47,23.57,21.67,23.27,17853923,22.76
2015/06/05,23.97,24.45,22.57,23.28,19726303,23.53
2015/06/08,23.27,25.57,23.08,24.90,29443650,24.38
2015/06/09,24.57,26.23,24.16,25.07,26872358,25.43
2015/06/10,24.95,27.27,24.67,27.16,24218046,26.16
2015/06/11,27.16,28.47,26.76,27.92,23383087,27.74
2015/06/12,27.92,27.98,26.77,27.89,21636530,27.36
2015/06/15,27.73,28.73,27.05,27.75,14771799,28.04
2015/06/16,27.79,27.79,25.57,25.58,16973199,26.38
2015/06/17,25.55,26.37,23.89,26.11,14952102,25.38
2015/06/18,26.21,27.51,25.93,25.97,16386720,26.99
2015/06/19,25.43,25.68,23.37,23.38,12536943,24.42
2015/06/23,23.31,24.98,21.04,23.38,15066852,22.87
2015/06/24,24.18,24.38,22.79,24.22,15420745,23.76
2015/06/25,24.89,26.57,23.78,24.35,23672320,25.21
2015/06/26,23.58,23.68,21.91,21.91,14392871,22.55
2015/06/29,21.98,22.93,19.72,21.98,24865120,21.03
2015/06/30,21.89,23.52,19.78,22.40,27463087,21.54
2015/07/01,22.40,23.78,20.68,20.98,24276751,22.84
2015/07/02,22.40,23.78,20.68,20.98,0,22.23
2015/07/03,22.40,23.78,20.68,20.98,0,22.23
2015/07/06,22.40,23.78,20.68,20.98,0,22.23
2015/07/07,22.40,23.78,20.68,20.98,0,22.23
2015/07/08,22.40,23.78,20.68,20.98,0,22.23
2015/07/09,22.40,23.78,20.68,20.98,0,22.23
2015/07/10,22.40,23.78,20.68,20.98,0,22.23
2015/07/13,21.78,22.98,18.98,22.36,73713001,21.27
2015/07/14,20.98,22.02,20.12,20.12,42813909,20.93
2015/07/15,18.48,18.48,18.11,18.11,11071300,18.17
2015/07/16,16.30,18.08,16.30,16.30,34819206,16.78
2015/07/17,16.33,17.88,16.33,17.53,23803915,17.07
2015/07/20,17.29,18.48,17.18,17.73,22961883,17.95
2015/07/21,17.68,18.49,17.15,18.17,15252005,18.03
2015/07/22,18.18,18.99,17.98,18.76,18934993,18.41
2015/07/23,18.63,19.16,18.43,18.90,18886383,18.84
2015/07/24,18.93,19.83,18.00,18.15,19874355,19.15
2015/07/27,17.57,17.86,16.33,16.33,21870570,17.01
2015/07/28,14.78,15.93,14.70,14.70,24529522,14.83
2015/07/29,14.88,15.43,13.28,15.13,28339493,14.27
2015/07/30,15.13,15.13,13.66,13.88,18352592,14.72
2015/07/31,13.58,14.18,13.18,13.46,14341932,13.79
2015/08/03,13.58,14.18,13.18,13.46,0,13.68
2015/08/04,13.58,14.18,13.18,13.46,0,13.68
2015/08/05,13.58,14.18,13.18,13.46,0,13.68
2015/08/06,13.58,14.18,13.18,13.46,0,13.68
2015/08/07,13.58,14.18,13.18,13.46,0,13.68
2015/08/10,13.58,14.18,13.18,13.46,0,13.68
2015/08/11,13.58,14.18,13.18,13.46,0,13.68
2015/08/12,13.58,14.18,13.18,13.46,0,13.68
2015/08/13,13.58,14.18,13.18,13.46,0,13.68
2015/08/14,13.58,14.18,13.18,13.46,0,13.68
2015/08/17,13.58,14.18,13.18,13.46,0,13.68
2015/08/18,13.58,14.18,13.18,13.46,0,13.68
2015/08/19,13.58,14.18,13.18,13.46,0,13.68
2015/08/20,13.58,14.18,13.18,13.46,0,13.68
2015/08/21,13.58,14.18,13.18,13.46,0,13.68
2015/08/24,13.58,14.18,13.18,13.46,0,13.68
2015/08/25,13.58,14.18,13.18,13.46,0,13.68
2015/08/26,13.58,14.18,13.18,13.46,0,13.68
2015/08/27,13.58,14.18,13.18,13.46,0,13.68
2015/08/28,13.58,14.18,13.18,13.46,0,13.68
2015/08/31,13.58,14.18,13.18,13.46,0,13.68
2015/09/01,13.58,14.18,13.18,13.46,0,13.68
2015/09/02,13.58,14.18,13.18,13.46,0,13.68
2015/09/07,13.58,14.18,13.18,13.46,0,13.68
2015/09/08,13.58,14.18,13.18,13.46,0,13.68
2015/09/09,13.58,14.18,13.18,13.46,0,13.68
2015/09/10,13.58,14.18,13.18,13.46,0,13.68
2015/09/11,13.58,14.18,13.18,13.46,0,13.68
2015/09/14,13.58,14.18,13.18,13.46,0,13.68
2015/09/15,13.58,14.18,13.18,13.46,0,13.68
2015/09/16,13.58,14.18,13.18,13.46,0,13.68
2015/09/17,13.58,14.18,13.18,13.46,0,13.68
2015/09/18,13.58,14.18,13.18,13.46,0,13.68
2015/09/21,13.58,14.18,13.18,13.46,0,13.68
2015/09/22,13.58,14.18,13.18,13.46,0,13.68
2015/09/23,13.58,14.18,13.18,13.46,0,13.68
2015/09/24,13.58,14.18,13.18,13.46,0,13.68
2015/09/25,12.33,14.81,12.33,14.28,37400223,13.90
2015/09/28,13.48,13.59,12.85,12.98,23710161,13.15
2015/09/29,12.43,12.97,12.13,12.28,14393092,12.49
2015/09/30,12.18,12.73,12.18,12.32,10757598,12.45
2015/10/08,12.86,13.34,12.58,13.02,14298113,12.98
2015/10/09,13.18,13.63,13.03,13.38,15711052,13.41
2015/10/12,13.66,14.38,13.56,14.36,21295954,14.11
2015/10/13,14.25,15.80,13.99,15.80,25643557,15.09
2015/10/14,15.83,15.95,15.03,15.08,18953441,15.41
2015/10/15,14.96,15.63,14.88,15.48,13306679,15.44
2015/10/16,15.53,16.07,15.22,15.36,15123846,15.61
2015/10/19,15.49,15.66,14.34,14.75,16587421,14.99
2015/10/20,14.66,15.25,14.66,15.14,14795531,14.98
2015/10/21,16.36,16.66,15.50,16.23,43704551,16.43
2015/10/22,15.90,16.58,15.18,16.38,40776095,15.95
2015/10/23,16.38,16.48,15.75,16.34,33760559,16.15
2015/10/26,16.43,16.58,15.73,15.98,24295339,16.01
2015/10/27,16.03,16.04,14.73,15.50,19796237,15.40
2015/10/28,15.38,15.51,14.83,15.07,17666961,15.20
2015/10/29,15.24,15.62,14.85,15.30,14339142,15.25
2015/10/30,15.30,15.30,14.68,14.81,14089670,14.93
2015/11/02,14.38,15.34,14.03,14.82,16085314,14.88
2015/11/03,14.86,16.19,14.86,15.86,27881124,15.61
2015/11/04,15.88,16.78,15.87,16.45,27531551,16.22
2015/11/05,16.83,17.34,16.09,16.52,35857356,16.71
2015/11/06,16.45,16.81,16.42,16.67,18401980,16.64
2015/11/09,16.46,16.60,15.90,16.28,24006864,16.24
2015/11/10,16.25,16.78,16.13,16.58,18497404,16.49
2015/11/11,16.58,18.24,16.48,17.94,39433230,17.69
2015/11/12,17.95,19.50,17.93,18.92,34549019,18.80
2015/11/13,18.59,19.71,17.86,19.29,31193725,18.86
2015/11/16,18.57,20.86,18.41,20.16,26620357,19.80
2015/11/17,20.26,20.78,19.49,19.68,25583336,19.90
2015/11/18,19.59,19.67,18.31,18.74,18999406,18.97
2015/11/19,18.78,19.16,18.38,19.13,13267283,18.86
2015/11/20,19.09,19.52,18.68,19.37,14972039,19.13
2015/11/23,19.38,19.41,18.38,18.49,12842897,18.93
2015/11/24,18.58,18.71,17.88,18.48,11929980,18.27
2015/11/25,18.48,20.23,18.39,19.93,23356770,19.58
2015/11/26,19.76,20.08,19.18,19.23,13704377,19.66
2015/11/27,19.18,19.50,17.31,17.53,13613967,18.50
2015/11/30,17.53,17.98,16.39,17.87,14850814,17.42
2015/12/01,17.43,17.87,17.08,17.49,7641800,17.51
2015/12/02,17.62,17.89,16.43,17.02,7997514,17.08
2015/12/03,16.30,17.74,16.30,17.38,5838032,17.27
2015/12/04,17.53,17.78,17.31,17.40,6364939,17.55
2015/12/07,17.58,17.58,16.92,17.11,8604607,17.18
2015/12/08,16.99,17.96,16.68,17.25,10206346,17.27
2015/12/09,17.08,18.48,16.99,18.08,15971808,18.00
2015/12/10,18.25,18.86,18.08,18.23,12281209,18.49
2015/12/11,18.21,18.32,17.48,17.48,5958706,17.75
2015/12/14,17.44,18.30,16.99,18.10,7934003,17.80
2015/12/15,18.15,18.97,17.99,18.74,11473484,18.66
2015/12/16,18.86,19.02,18.52,18.67,7309064,18.74
2015/12/17,18.78,19.67,18.63,19.37,14558015,19.22
2015/12/18,19.65,19.93,18.78,19.01,10167050,19.39
2015/12/21,18.98,19.06,18.52,18.77,7170792,18.77
2015/12/22,18.77,18.83,18.28,18.62,8930586,18.52
2015/12/23,18.58,18.64,18.09,18.19,8923693,18.33
2015/12/24,17.99,18.53,17.68,18.39,9676908,18.12
2015/12/25,18.39,18.56,18.08,18.18,6239964,18.35
2015/12/28,18.19,18.23,17.45,17.45,13407878,17.68
2015/12/29,17.36,17.51,16.98,17.37,10526350,17.29
2015/12/30,17.51,17.74,17.27,17.54,16656041,17.49
2015/12/31,17.73,17.79,16.86,16.93,14363560,17.23
2016/01/04,16.87,16.96,15.24,15.24,9637595,16.02
2016/01/05,13.98,15.08,13.98,14.88,14209624,14.54
2016/01/06,14.78,15.15,14.28,14.88,12611744,14.70
2016/01/07,14.68,14.68,13.39,13.39,2710503,13.84
2016/01/08,13.91,13.92,12.29,13.19,16963706,13.19
2016/01/11,12.83,12.96,11.87,11.87,13742598,12.40
2016/01/12,11.87,12.16,11.44,11.86,10426935,11.85
2016/01/13,12.03,12.16,11.09,11.18,9208534,11.86
2016/01/14,10.78,11.81,10.64,11.68,10594650,11.25
2016/01/15,11.62,11.98,11.18,11.53,9776341,11.66
2016/01/18,11.00,11.88,11.00,11.66,7034747,11.64
2016/01/19,11.61,12.18,11.61,12.13,8727916,11.96
2016/01/20,12.08,12.12,11.72,11.94,9331380,11.93
2016/01/21,11.69,12.34,11.60,11.75,14720585,12.09
2016/01/22,11.86,12.00,11.63,11.93,5671732,11.87
2016/01/25,12.17,12.83,11.90,12.57,11597645,12.33
2016/01/26,12.36,13.25,11.38,11.86,16973316,12.63
2016/01/27,11.78,12.26,10.68,11.98,12027861,11.49
2016/01/28,11.77,11.96,10.99,11.14,5589441,11.64
2016/01/29,11.18,11.88,11.07,11.74,6073346,11.63
2016/02/01,11.66,12.78,11.48,12.44,7690976,11.93
2016/02/02,12.58,13.13,12.21,12.81,10483016,12.67
2016/02/03,12.53,12.97,12.44,12.80,7863000,12.78
2016/02/04,12.84,13.18,12.71,12.84,5949331,12.98
2016/02/05,12.84,13.26,12.79,12.87,5960128,13.05
2016/02/15,12.34,13.09,12.07,12.86,5418604,12.63
2016/02/16,12.88,13.83,12.88,13.68,8307955,13.53
2016/02/17,13.68,13.84,13.27,13.60,6507783,13.57
2016/02/18,13.69,13.97,13.39,13.43,6324002,13.68
2016/02/19,13.43,13.86,13.41,13.60,5166440,13.65
2016/02/22,13.88,13.97,13.59,13.84,5630102,13.78
2016/02/23,13.94,13.95,13.37,13.54,5600346,13.59
2016/02/24,13.43,13.61,12.48,12.99,13145680,13.02
2016/02/25,12.90,12.99,11.69,11.73,9024515,12.19
2016/02/26,11.72,11.97,11.18,11.90,11655772,11.66
2016/02/29,11.80,11.89,10.76,10.98,9729877,11.17
2016/03/01,11.08,11.51,10.91,11.40,5937759,11.23
2016/03/02,11.30,12.06,11.30,11.97,6958320,11.71
2016/03/03,12.23,12.45,12.00,12.01,7844242,12.28
2016/03/04,11.88,11.99,11.30,11.48,4819087,11.65
2016/03/07,11.54,11.91,11.54,11.72,3814119,11.79
2016/03/08,11.78,11.91,11.13,11.70,3921820,11.48
2016/03/09,11.48,11.66,11.28,11.45,2892400,11.53
2016/03/10,11.39,11.67,11.22,11.28,3751659,11.51
2016/03/11,11.18,11.54,11.05,11.52,3196752,11.38
2016/03/14,11.56,12.04,11.51,11.87,6533147,11.86
2016/03/15,11.79,11.97,11.54,11.78,4509013,11.78
2016/03/16,11.80,11.90,11.51,11.54,2712537,11.68
2016/03/17,11.63,12.21,11.55,12.00,6120398,11.94
2016/03/18,12.01,12.58,12.01,12.58,14667149,12.43
2016/03/21,12.78,12.88,12.55,12.73,8724051,12.69
2016/03/22,12.60,12.95,12.58,12.64,10330613,12.78
2016/03/23,12.64,12.83,12.58,12.79,6458155,12.75
2016/03/24,12.63,12.78,12.43,12.44,6389612,12.65
2016/03/25,12.49,12.56,12.28,12.53,4652664,12.43
2016/03/28,12.59,13.15,12.54,12.71,11386364,12.89
2016/03/29,12.73,12.78,12.07,12.20,7165254,12.33
2016/03/30,12.41,12.66,12.34,12.65,8298957,12.53
2016/03/31,12.60,12.74,12.47,12.57,8369897,12.64
2016/04/01,12.62,12.71,12.03,12.28,7036685,12.33
2016/04/05,12.34,12.70,12.01,12.63,11530293,12.52
2016/04/06,12.60,13.12,12.58,12.98,15320080,12.92
2016/04/07,13.04,13.21,12.58,12.61,11594877,12.85
2016/04/08,12.51,12.64,12.28,12.42,6863967,12.43
2016/04/11,12.54,12.90,12.40,12.60,11069841,12.67
2016/04/12,12.58,12.58,12.08,12.31,8958974,12.29
2016/04/13,12.36,12.84,12.34,12.62,15704403,12.70
2016/04/14,12.69,12.84,12.59,12.78,7657642,12.73
2016/04/15,12.76,13.68,12.74,13.51,25273238,13.31
2016/04/18,13.47,13.73,13.11,13.56,20250509,13.42
2016/04/19,13.48,14.04,13.41,13.71,20098389,13.82
2016/04/20,13.79,13.88,12.64,13.09,20174593,13.19
2016/04/21,13.10,13.42,12.79,13.03,12386549,13.15
2016/04/22,13.00,13.47,12.78,13.46,10034081,13.18
2016/04/25,13.34,13.67,13.08,13.62,9057002,13.46
2016/04/26,13.46,13.65,13.19,13.43,7948011,13.42
2016/04/27,13.51,13.93,13.21,13.86,13207922,13.67
2016/04/28,14.00,14.13,13.36,13.81,13228488,13.82
2016/04/29,13.63,13.90,13.51,13.56,7337572,13.74
2016/05/03,13.53,13.94,13.37,13.87,12716009,13.79
2016/05/04,13.76,15.26,13.71,14.88,25479261,14.56
2016/05/05,14.66,14.87,14.43,14.74,13388164,14.67
2016/05/06,14.71,15.23,14.08,14.14,19821074,14.73
2016/05/09,14.00,14.00,13.01,13.33,11858161,13.58
2016/05/10,13.32,13.77,13.21,13.57,9261903,13.56
2016/05/11,13.68,13.78,13.30,13.40,7165499,13.50
2016/05/12,12.98,13.64,12.80,13.64,7924683,13.25
2016/05/13,13.56,14.31,13.50,13.94,11265249,13.99
2016/05/16,13.88,14.10,13.58,14.03,7455245,13.90
2016/05/17,14.08,14.17,13.79,14.00,5953606,13.97
2016/05/18,13.96,13.96,13.43,13.58,7397305,13.68
2016/05/19,13.58,14.13,13.57,13.87,7636156,13.94
2016/05/20,13.68,14.63,13.51,14.48,14221200,14.30
2016/05/23,14.47,14.63,14.38,14.55,10255302,14.51
2016/05/24,14.58,14.78,14.29,14.68,10373742,14.54
2016/05/25,14.81,15.05,14.54,14.88,12614632,14.82
2016/05/26,14.77,14.77,14.24,14.74,7947277,14.56
2016/05/27,14.68,15.23,14.52,15.08,15543789,14.99
2016/05/30,14.90,14.90,14.02,14.08,18417938,14.44
2016/05/31,14.02,14.59,13.99,14.55,17940260,14.43
2016/06/01,14.55,16.01,14.45,16.01,34994887,15.29
2016/06/02,15.84,17.10,15.66,16.60,47401316,16.25
2016/06/03,16.43,16.98,16.18,16.32,26519599,16.52
2016/06/06,16.48,16.61,16.02,16.43,18922007,16.31
2016/06/07,16.23,16.42,16.06,16.24,15268825,16.23
2016/06/08,16.14,16.38,15.87,16.14,11992686,16.14
2016/06/13,15.83,16.21,14.58,14.72,14494947,15.69
2016/06/14,14.59,14.77,13.88,14.33,17477901,14.34
2016/06/15,13.94,15.33,13.94,15.02,21217000,14.90
2016/06/16,14.98,15.62,14.92,15.02,17971931,15.27
2016/06/17,15.17,15.63,14.76,15.27,27353751,15.23
2016/06/20,15.37,15.49,14.91,15.35,14676974,15.25
2016/06/21,15.48,15.60,14.68,14.84,13141622,15.20
2016/06/22,14.68,15.33,14.60,15.26,10723139,15.10
2016/06/23,15.56,15.57,14.99,15.00,10797574,15.26
2016/06/24,15.02,15.14,14.02,14.58,15388901,14.68
2016/06/27,14.48,15.59,14.48,15.42,16968402,15.20
2016/06/28,15.38,15.86,15.28,15.64,17177331,15.65
2016/06/29,15.66,15.82,15.35,15.43,9144507,15.52
2016/06/30,15.35,15.60,15.11,15.28,9563149,15.32
2016/07/01,15.35,15.45,15.01,15.07,7713636,15.21
2016/07/04,14.87,15.35,14.84,15.27,7614381,15.25
2016/07/05,15.31,15.43,15.05,15.42,10146606,15.26
2016/07/06,15.44,15.55,15.17,15.20,10887884,15.38
2016/07/07,15.20,15.25,14.79,15.02,11888526,15.02
2016/07/08,15.11,15.13,14.88,14.97,7403204,14.99
2016/07/11,14.90,15.39,14.90,15.14,13546985,15.26
2016/07/12,14.98,15.10,14.62,14.94,20435384,14.78
2016/07/13,14.95,15.28,14.88,15.25,13839631,15.06
2016/07/14,15.12,15.27,14.91,15.06,8286569,15.04
2016/07/15,14.93,15.24,14.93,15.10,7769648,15.10
2016/07/18,15.04,15.07,14.80,14.88,6572757,14.89
2016/07/19,14.82,15.10,14.74,15.10,6530448,14.97
2016/07/20,15.15,15.18,14.90,14.93,4776894,15.02
2016/07/21,15.05,15.70,15.00,15.60,25442281,15.44
2016/07/22,15.60,15.60,15.24,15.31,13115561,15.37
2016/07/25,15.31,15.55,15.09,15.27,10491039,15.35
2016/07/26,15.30,15.44,15.20,15.41,9461200,15.34
2016/07/27,15.46,15.46,13.90,14.02,20402500,14.62
2016/07/28,14.04,14.12,13.45,13.71,9322700,13.82
2016/07/29,13.79,13.96,13.58,13.78,5993857,13.81
2016/08/01,13.79,14.15,13.33,13.90,7910668,13.80
2016/08/02,13.89,14.09,13.83,13.94,3323319,13.92
2016/08/03,13.90,13.99,13.50,13.65,5520232,13.77
2016/08/04,13.70,13.78,13.36,13.76,7575358,13.54
2016/08/05,13.70,13.70,13.20,13.50,5184038,13.57
2016/08/08,13.58,13.76,13.51,13.76,4503195,13.66
2016/08/09,13.58,13.76,13.51,13.76,0,13.63
