Date, SZ002324.Open, SZ002324.High, SZ002324.Low, SZ002324.Close, SZ002324.Volume, SZ002324.Adjusted
2009/12/18,16.76,17.20,14.35,14.60,19002919,15.77
2009/12/21,14.99,15.95,14.53,15.63,11282101,15.24
2009/12/22,15.15,15.45,14.20,14.50,7942338,14.82
2009/12/23,14.61,15.03,14.46,14.59,4466516,14.75
2009/12/24,14.50,15.19,13.95,14.95,7250078,14.57
2009/12/25,14.70,16.50,14.49,16.02,9063510,15.50
2009/12/28,15.70,16.35,15.63,16.14,6593508,15.99
2009/12/29,16.02,17.60,15.96,17.00,7968573,16.78
2009/12/30,16.82,17.07,16.21,16.31,5833470,16.64
2009/12/31,16.38,16.69,16.03,16.51,4043848,16.36
2010/01/04,16.55,17.13,16.39,16.41,5220000,16.76
2010/01/05,16.25,16.30,15.60,15.97,5712256,15.95
2010/01/06,15.79,16.40,15.79,15.94,3357288,16.09
2010/01/07,15.80,16.19,15.46,15.70,3359423,15.83
2010/01/08,15.53,15.94,15.00,15.27,3105559,15.47
2010/01/11,15.15,15.75,14.80,15.65,2885294,15.28
2010/01/12,15.55,16.95,15.46,16.33,4919593,16.21
2010/01/13,16.08,16.95,16.03,16.73,4444254,16.49
2010/01/14,16.85,16.90,16.45,16.78,3783136,16.67
2010/01/15,16.79,17.53,16.64,16.64,3522561,17.09
2010/01/18,16.55,16.90,16.39,16.73,2183834,16.64
2010/01/19,16.75,16.85,16.14,16.85,3002171,16.50
2010/01/20,16.81,17.78,16.54,17.19,5955661,17.16
2010/01/21,17.00,17.95,16.58,17.65,5901251,17.26
2010/01/22,17.45,18.20,17.11,17.59,5978866,17.65
2010/01/25,17.45,18.20,17.11,17.59,0,17.65
2010/01/26,17.18,17.20,15.76,16.00,4621224,16.48
2010/01/27,15.80,15.99,15.21,15.40,2621980,15.60
2010/01/28,15.11,15.58,14.71,14.88,3326623,15.15
2010/01/29,14.61,15.36,14.55,15.00,2043748,14.96
2010/02/01,14.86,14.90,14.16,14.29,2159503,14.53
2010/02/02,14.50,14.69,14.23,14.34,1729869,14.46
2010/02/03,14.45,14.93,14.03,14.91,2140549,14.48
2010/02/04,14.70,14.85,14.43,14.57,2001161,14.64
2010/02/05,14.15,14.32,13.20,13.46,2926361,13.76
2010/02/08,13.28,13.75,13.28,13.52,1098415,13.51
2010/02/09,13.51,14.11,13.43,13.73,1195835,13.77
2010/02/10,13.85,13.98,13.70,13.95,974472,13.84
2010/02/11,14.03,14.03,13.70,13.93,1049209,13.86
2010/02/12,13.94,14.30,13.94,14.29,1169761,14.12
2010/02/22,14.20,14.35,14.09,14.18,1484127,14.22
2010/02/23,14.20,14.29,13.46,13.82,1438600,13.88
2010/02/24,13.70,14.35,13.61,14.33,1696292,13.98
2010/02/25,15.25,15.80,15.05,15.11,3648713,15.43
2010/02/26,14.95,15.58,14.95,15.11,1930471,15.26
2010/03/01,15.10,15.48,15.01,15.31,1649889,15.25
2010/03/02,15.34,15.69,15.16,15.55,1764190,15.42
2010/03/03,15.50,15.88,15.41,15.57,1530887,15.65
2010/03/04,15.49,15.60,14.45,14.55,2366491,15.02
2010/03/05,14.51,14.79,14.37,14.54,1410022,14.58
2010/03/08,14.56,15.00,14.54,14.87,977201,14.77
2010/03/09,14.87,15.04,14.78,14.91,882617,14.91
2010/03/10,14.89,15.09,14.60,14.63,922916,14.84
2010/03/11,14.49,14.95,14.49,14.90,901071,14.72
2010/03/12,14.92,15.37,14.91,15.00,1702573,15.14
2010/03/15,14.99,15.05,14.59,14.79,958438,14.82
2010/03/16,14.87,15.08,14.73,14.89,996940,14.91
2010/03/17,14.86,15.18,14.86,15.17,1233063,15.02
2010/03/18,15.16,15.38,14.95,15.03,4496889,15.17
2010/03/19,15.08,15.18,14.78,14.94,2055208,14.98
2010/03/22,14.97,15.20,14.88,15.20,2228943,15.04
2010/03/23,15.22,15.36,15.00,15.10,1425343,15.18
2010/03/24,15.19,15.57,15.04,15.53,2630357,15.30
2010/03/25,15.51,15.93,15.43,15.75,3680887,15.68
2010/03/26,15.60,16.35,15.43,16.25,3256364,15.89
2010/03/29,16.20,16.33,15.81,16.24,2606844,16.07
2010/03/30,16.28,16.74,16.07,16.42,2340015,16.40
2010/03/31,16.44,16.70,16.33,16.50,2070751,16.51
2010/04/01,16.50,16.94,16.32,16.35,2933500,16.63
2010/04/02,16.28,16.28,15.82,16.00,3763820,16.05
2010/04/06,16.10,16.60,16.02,16.59,2352288,16.31
2010/04/07,16.59,16.83,16.37,16.52,3042020,16.60
2010/04/08,16.21,16.92,16.11,16.63,4561624,16.52
2010/04/09,16.54,16.85,16.54,16.67,2452125,16.70
2010/04/12,16.67,17.50,16.63,16.95,3395894,17.06
2010/04/13,17.20,17.69,15.65,16.96,6527078,16.67
2010/04/14,16.71,17.64,16.50,17.46,4665735,17.07
2010/04/15,17.51,17.94,17.21,17.85,6026645,17.58
2010/04/16,17.65,18.24,17.25,18.00,4447167,17.74
2010/04/19,17.94,18.25,17.13,17.23,4428569,17.69
2010/04/20,17.45,18.64,17.24,18.50,4663213,17.94
2010/04/21,18.50,19.30,18.20,18.98,5063714,18.75
2010/04/22,18.80,20.05,18.76,19.94,9525958,19.41
2010/04/23,20.05,21.21,20.05,20.28,6554966,20.63
2010/04/26,20.15,20.70,19.70,20.23,2786326,20.20
2010/04/27,20.30,20.32,18.87,19.25,3368257,19.60
2010/04/28,18.76,19.94,18.76,19.90,2836459,19.35
2010/04/29,18.76,19.94,18.76,19.90,0,19.35
2010/04/30,19.10,19.42,18.06,18.10,3418628,18.74
2010/05/04,17.70,18.45,17.28,18.13,1429218,17.87
2010/05/05,17.76,19.64,17.76,19.30,2093618,18.70
2010/05/06,19.20,19.94,18.49,18.88,2277613,19.21
2010/05/07,18.29,19.51,18.01,19.10,2197176,18.76
2010/05/10,19.16,19.61,17.20,18.04,1901066,18.40
2010/05/11,18.37,18.95,17.95,18.08,1471321,18.45
2010/05/12,17.93,18.62,16.19,16.19,3250685,17.41
2010/05/13,15.96,16.79,15.37,16.79,1906137,16.08
2010/05/14,16.60,17.20,16.26,16.99,1454537,16.73
2010/05/17,16.85,16.85,15.34,15.58,1085382,16.10
2010/05/18,15.65,16.25,15.20,15.87,3027753,15.72
2010/05/19,15.70,16.45,15.38,15.96,2109293,15.92
2010/05/20,15.65,16.14,15.53,15.68,1222767,15.83
2010/05/21,15.27,16.03,15.13,16.00,1767762,15.58
2010/05/24,16.14,16.94,16.14,16.76,1940302,16.54
2010/05/25,16.55,17.06,16.36,16.65,1888269,16.71
2010/05/26,16.60,17.10,16.45,16.90,1669714,16.78
2010/05/27,17.03,17.51,16.91,17.49,2434530,17.21
2010/05/28,17.70,17.75,17.15,17.44,2000512,17.45
2010/05/31,17.15,17.39,16.33,16.48,2447524,16.86
2010/06/01,16.32,16.45,15.50,15.80,1921370,15.97
2010/06/02,15.71,15.80,15.20,15.80,2229931,15.50
2010/06/03,15.89,16.45,15.74,15.90,2517027,16.09
2010/06/04,15.70,16.25,15.48,16.18,1077687,15.87
2010/06/07,15.71,16.63,15.64,16.50,1748364,16.13
2010/06/08,16.35,16.88,16.32,16.73,1638444,16.60
2010/06/09,16.74,17.13,16.74,17.08,1735803,16.93
2010/06/10,17.05,17.58,16.96,17.28,1361502,17.27
2010/06/11,17.26,17.45,16.81,16.95,1524210,17.13
2010/06/17,17.03,17.20,15.95,16.05,1636357,16.57
2010/06/18,16.03,16.29,15.32,15.41,1385084,15.80
2010/06/21,15.61,15.95,15.36,15.80,1265717,15.65
2010/06/22,15.86,16.18,15.81,15.98,992904,16.00
2010/06/23,15.86,16.33,15.75,16.23,1118543,16.04
2010/06/24,16.22,16.44,15.94,16.04,1111371,16.19
2010/06/25,15.88,16.02,15.37,15.53,1148308,15.69
2010/06/28,15.39,15.61,15.28,15.44,930039,15.44
2010/06/29,15.50,15.54,13.83,13.83,2481400,14.68
2010/06/30,13.68,13.68,12.80,13.00,3798864,13.24
2010/07/01,12.90,13.12,12.70,12.85,1572054,12.91
2010/07/02,12.85,12.95,12.18,12.64,1429286,12.56
2010/07/05,12.35,12.95,12.30,12.75,1227535,12.63
2010/07/06,12.75,13.18,12.65,13.00,1520187,12.92
2010/07/07,13.03,13.19,12.63,13.15,1506575,12.91
2010/07/08,13.12,13.32,12.99,13.01,1410194,13.16
2010/07/09,13.00,13.75,12.85,13.56,2019438,13.30
2010/07/12,13.45,13.94,13.40,13.57,1296252,13.67
2010/07/13,13.57,13.57,13.09,13.29,1045152,13.33
2010/07/14,13.30,13.85,13.29,13.53,1375764,13.57
2010/07/15,13.53,13.64,13.01,13.05,1037647,13.33
2010/07/16,12.93,13.19,12.75,13.19,788851,12.97
2010/07/19,13.05,13.68,12.96,13.64,941147,13.32
2010/07/20,13.65,14.15,13.53,14.05,2646764,13.84
2010/07/21,13.98,14.33,13.90,13.96,1701336,14.12
2010/07/22,14.00,14.25,13.85,14.12,1025605,14.05
2010/07/23,14.13,14.41,13.98,14.30,1516962,14.20
2010/07/26,14.30,14.63,14.09,14.30,1453593,14.36
2010/07/27,14.22,14.34,13.99,14.03,1286204,14.17
2010/07/28,13.99,14.44,13.90,14.44,1775080,14.17
2010/07/29,14.52,14.60,14.02,14.33,1835372,14.31
2010/07/30,14.33,14.33,13.96,14.13,1836838,14.15
2010/08/02,14.12,15.16,14.03,15.16,3314083,14.59
2010/08/03,15.21,16.00,15.18,15.49,4147756,15.59
2010/08/04,15.45,16.09,15.10,16.02,3235075,15.59
2010/08/05,15.95,16.33,15.71,16.15,3178955,16.02
2010/08/06,17.40,17.83,17.40,17.83,6070588,17.61
2010/08/09,18.85,19.45,18.40,19.30,7687754,18.92
2010/08/10,18.90,19.15,18.50,18.60,5362777,18.82
2010/08/11,18.89,19.44,18.45,18.96,6289773,18.95
2010/08/12,18.60,18.96,17.79,17.95,4757546,18.38
2010/08/13,17.86,18.35,17.83,18.19,1954338,18.09
2010/08/16,18.19,18.44,17.89,18.33,2674952,18.17
2010/08/17,18.50,19.27,18.34,18.70,3651022,18.80
2010/08/18,18.89,19.05,17.86,18.03,3355842,18.46
2010/08/19,18.20,18.55,18.05,18.32,2529294,18.30
2010/08/20,18.10,18.17,17.49,17.59,2114689,17.83
2010/08/23,18.10,18.17,17.49,17.59,0,17.83
2010/08/24,17.45,18.19,17.45,17.99,1509660,17.82
2010/08/25,17.91,18.01,17.40,17.47,1365989,17.71
2010/08/26,17.45,18.32,17.45,18.15,1821806,17.88
2010/08/27,17.90,18.74,17.90,18.70,1784551,18.32
2010/08/30,18.74,19.28,18.61,18.70,3527448,18.95
2010/08/31,18.75,19.40,18.64,19.40,3032281,19.02
2010/09/01,19.33,19.44,18.33,18.65,2668195,18.88
2010/09/02,18.86,19.04,18.36,18.70,1875189,18.70
2010/09/03,18.96,19.33,18.60,18.73,1981240,18.96
2010/09/06,18.90,19.15,18.06,18.10,2121120,18.60
2010/09/07,18.10,18.40,17.80,18.10,1707894,18.10
2010/09/08,18.05,18.50,17.94,18.50,1125839,18.22
2010/09/09,18.52,18.61,18.08,18.12,1247914,18.34
2010/09/10,18.11,18.23,17.81,18.04,1555250,18.02
2010/09/13,17.98,18.60,17.98,18.45,1468033,18.29
2010/09/14,18.45,18.60,18.10,18.28,1169369,18.35
2010/09/15,18.28,18.95,18.23,18.27,2775899,18.59
2010/09/16,18.19,18.19,16.75,17.25,2334187,17.47
2010/09/17,17.30,17.40,17.00,17.28,1028109,17.20
2010/09/20,17.35,17.59,17.02,17.13,642644,17.30
2010/09/21,17.26,17.27,16.44,16.61,900938,16.86
2010/09/27,16.76,17.85,16.64,17.80,1135389,17.25
2010/09/28,17.79,17.80,17.25,17.38,989457,17.53
2010/09/29,17.42,17.72,17.15,17.20,662956,17.43
2010/09/30,17.20,17.65,17.10,17.55,784854,17.38
2010/10/08,17.91,18.32,17.66,18.11,1446396,17.99
2010/10/11,18.13,18.35,17.95,18.10,1002843,18.15
2010/10/12,18.10,18.84,18.00,18.37,1243623,18.42
2010/10/13,18.05,18.05,17.16,17.31,2248719,17.61
2010/10/14,17.00,17.25,16.66,16.89,2140587,16.96
2010/10/15,16.76,16.76,15.28,15.66,3519771,16.02
2010/10/18,15.61,15.61,14.86,15.15,1335639,15.23
2010/10/19,15.29,16.10,15.29,16.05,1185167,15.70
2010/10/20,15.90,16.59,15.71,16.40,1382399,16.15
2010/10/21,16.35,16.40,16.03,16.25,654364,16.21
2010/10/22,16.45,16.63,16.24,16.40,744607,16.43
2010/10/25,16.40,16.96,16.13,16.81,1467822,16.54
2010/10/26,16.40,16.96,16.13,16.81,0,16.54
2010/10/27,16.75,17.29,16.61,17.04,1923032,16.95
2010/10/28,17.03,17.10,16.37,16.81,1129194,16.74
2010/10/29,16.79,16.95,16.43,16.85,1217850,16.69
2010/11/01,16.95,18.25,16.88,18.12,2569626,17.56
2010/11/02,18.13,18.40,17.69,17.70,2035455,18.04
2010/11/03,17.64,17.79,17.20,17.21,1119829,17.49
2010/11/04,17.13,17.44,17.10,17.34,1270348,17.27
2010/11/05,17.47,18.60,17.17,18.57,2652745,17.89
2010/11/08,18.75,19.16,18.57,18.64,3643315,18.87
2010/11/09,18.50,19.24,18.30,19.20,3142006,18.77
2010/11/10,19.35,20.06,19.08,19.10,2831006,19.57
2010/11/11,19.05,19.35,18.62,18.64,2510707,18.99
2010/11/12,18.55,18.55,17.00,17.03,2345376,17.78
2010/11/15,17.25,17.75,16.69,17.70,2805352,17.22
2010/11/16,17.70,17.99,16.75,16.95,1915037,17.37
2010/11/17,16.85,17.35,16.11,16.36,1240010,16.73
2010/11/18,16.61,17.15,16.43,16.98,1105093,16.79
2010/11/19,17.13,17.95,17.00,17.94,2448072,17.47
2010/11/22,17.90,19.35,17.90,19.31,4498320,18.63
2010/11/23,17.90,19.35,17.90,19.31,0,18.63
2010/11/24,19.85,21.00,19.35,20.70,5481272,20.18
2010/11/25,20.79,21.99,20.58,21.11,4850978,21.28
2010/11/26,20.40,22.35,20.40,21.85,3447644,21.38
2010/11/29,22.05,22.29,21.35,21.70,2212119,21.82
2010/11/30,21.75,22.65,20.36,22.53,4320344,21.50
2010/12/01,22.14,22.48,21.86,21.96,1683252,22.17
2010/12/02,22.25,22.44,21.30,21.34,2005308,21.87
2010/12/03,21.35,21.75,20.65,21.09,1587206,21.20
2010/12/06,21.00,21.19,20.24,20.41,1596740,20.71
2010/12/07,20.36,21.33,20.17,21.21,1353413,20.75
2010/12/08,21.19,21.98,21.11,21.43,1555595,21.54
2010/12/09,21.28,21.68,20.95,21.47,1424828,21.31
2010/12/10,21.45,22.45,21.16,22.25,1977902,21.80
2010/12/13,22.43,23.64,22.00,22.14,3165171,22.82
2010/12/14,22.14,22.89,22.05,22.80,2233202,22.47
2010/12/15,22.14,22.89,22.05,22.80,0,22.47
2010/12/16,22.60,22.85,22.15,22.46,1760718,22.50
2010/12/17,22.36,22.44,21.74,21.92,1471311,22.09
2010/12/20,21.96,22.84,21.63,22.60,1954880,22.23
2010/12/21,22.61,22.83,22.18,22.80,1292710,22.50
2010/12/22,22.59,22.80,22.09,22.33,1656099,22.45
2010/12/23,22.35,22.35,21.07,21.07,2104115,21.71
2010/12/24,20.85,21.00,19.92,20.75,1306425,20.46
2010/12/27,20.70,20.75,18.79,18.85,3238059,19.77
2010/12/28,18.86,19.17,18.55,18.86,2009265,18.86
2010/12/29,18.86,19.10,18.65,18.85,1926517,18.88
2010/12/30,19.03,19.44,18.71,19.24,1658287,19.08
2010/12/31,19.35,19.64,19.19,19.53,1682862,19.42
2011/01/04,19.80,20.02,19.60,19.99,1833480,19.81
2011/01/05,20.03,20.53,19.86,20.21,1426315,20.20
2011/01/06,20.21,20.35,19.60,19.68,1302731,19.98
2011/01/07,19.75,20.08,19.39,19.55,1298238,19.73
2011/01/10,19.66,19.66,18.70,18.75,1049479,19.18
2011/01/11,18.70,18.71,18.10,18.25,1340742,18.41
2011/01/12,18.35,18.82,18.35,18.75,860892,18.59
2011/01/13,18.82,19.04,18.71,19.00,885329,18.88
2011/01/14,19.00,19.00,18.18,18.28,1407396,18.59
2011/01/17,18.18,18.18,17.19,17.36,1038414,17.69
2011/01/18,17.22,17.58,17.21,17.49,643990,17.39
2011/01/19,17.49,17.94,17.43,17.92,969085,17.69
2011/01/20,17.92,17.92,17.05,17.15,1068871,17.49
2011/01/21,17.14,17.42,16.80,16.89,1119177,17.11
2011/01/24,16.89,17.24,16.10,16.28,2597183,16.67
2011/01/25,16.01,16.52,16.01,16.45,526598,16.27
2011/01/26,16.48,16.68,16.30,16.60,733609,16.49
2011/01/27,16.54,17.07,16.36,16.85,921404,16.71
2011/01/28,16.74,16.75,16.15,16.45,2373586,16.45
2011/01/31,16.42,16.63,16.19,16.62,1573320,16.41
2011/02/01,16.51,17.14,16.49,16.98,1605505,16.81
2011/02/09,16.87,17.55,16.70,16.88,1326842,17.13
2011/02/10,17.00,17.60,16.74,17.53,1580067,17.17
2011/02/11,17.61,17.92,17.39,17.80,1727237,17.66
2011/02/14,17.75,18.07,17.73,17.90,1474011,17.90
2011/02/15,17.95,18.14,17.60,17.61,1860678,17.87
2011/02/16,17.60,18.35,17.55,18.19,1193121,17.95
2011/02/17,18.21,19.42,18.20,19.20,3706791,18.81
2011/02/18,19.23,19.37,18.77,19.30,2696317,19.07
2011/02/21,19.05,19.82,19.00,19.37,2413595,19.41
2011/02/22,19.39,19.84,18.79,19.17,2536351,19.31
2011/02/23,19.24,20.50,19.10,20.25,5266812,19.80
2011/02/24,20.27,20.42,18.86,19.14,4205557,19.64
2011/02/25,19.63,19.63,18.01,18.65,5195267,18.82
2011/02/28,18.65,18.98,18.36,18.94,2319707,18.67
2011/03/01,18.94,19.14,18.65,18.79,2343523,18.89
2011/03/02,18.70,19.11,18.40,19.11,2356037,18.75
2011/03/03,19.23,19.55,18.79,18.79,2908021,19.17
2011/03/04,18.79,19.10,18.68,18.95,1356624,18.89
2011/03/07,19.10,19.11,18.81,19.04,1820962,18.96
2011/03/08,18.95,19.45,18.79,19.43,2266150,19.12
2011/03/09,19.50,19.75,19.30,19.69,2145854,19.53
2011/03/10,19.74,19.80,19.40,19.48,1849184,19.60
2011/03/11,19.45,20.35,19.35,19.84,3508491,19.85
2011/03/14,19.69,20.34,19.69,20.06,2597500,20.02
2011/03/15,20.05,20.23,19.30,19.60,2444245,19.77
2011/03/16,19.66,19.83,19.37,19.58,1517883,19.60
2011/03/17,19.27,19.33,18.59,18.68,2482994,18.96
2011/03/18,18.80,18.95,18.56,18.84,1222623,18.75
2011/03/21,18.83,18.99,18.63,18.86,944342,18.81
2011/03/22,18.89,19.00,18.36,18.85,1145896,18.68
2011/03/23,18.89,19.00,18.36,18.85,0,18.68
2011/03/24,19.11,19.33,18.96,18.97,1240070,19.14
2011/03/25,19.09,19.09,18.68,18.77,1658921,18.88
2011/03/28,18.79,18.80,18.34,18.36,1503208,18.57
2011/03/29,18.36,18.45,17.65,17.68,1591145,18.05
2011/03/30,17.67,17.78,17.05,17.20,1686521,17.42
2011/03/31,17.21,17.50,17.10,17.41,968933,17.30
2011/04/01,17.35,17.53,17.26,17.52,604142,17.40
2011/04/06,17.45,17.68,17.40,17.54,737719,17.54
2011/04/07,17.54,17.54,17.19,17.49,766714,17.37
2011/04/08,17.49,17.83,17.35,17.83,749068,17.59
2011/04/11,17.83,17.90,17.39,17.48,1103329,17.64
2011/04/12,17.46,17.91,17.46,17.80,1371627,17.69
2011/04/13,17.85,18.34,17.76,18.20,1106100,18.05
2011/04/14,18.29,18.54,17.96,18.45,1021641,18.25
2011/04/15,18.35,18.58,18.21,18.31,706485,18.39
2011/04/18,18.21,18.44,17.94,18.33,1103861,18.19
2011/04/19,18.25,18.33,17.85,18.30,1314006,18.09
2011/04/20,18.49,19.31,18.49,18.56,5687631,19.53
2011/04/21,18.30,18.30,17.68,18.07,3742456,18.49
2011/04/22,17.95,17.97,17.62,17.66,2623124,18.33
2011/04/25,17.54,17.55,16.48,16.50,3041041,17.45
2011/04/26,16.51,16.88,16.13,16.59,1653337,17.12
2011/04/27,16.60,16.82,16.15,16.34,1585497,17.03
2011/04/28,16.35,16.59,15.38,15.40,2418143,16.39
2011/04/29,15.42,15.87,15.11,15.76,1489218,16.06
2011/05/03,15.76,16.10,15.40,15.92,1069153,16.47
2011/05/04,15.89,15.89,15.18,15.24,1730174,15.99
2011/05/05,15.26,15.39,15.21,15.33,1035582,15.89
2011/05/06,15.40,15.75,15.23,15.65,1039495,16.11
2011/05/09,15.65,15.85,15.58,15.69,1011700,16.36
2011/05/10,15.75,15.83,15.50,15.76,1035234,16.27
2011/05/11,15.76,15.82,15.35,15.72,1290326,16.25
2011/05/12,15.62,16.10,15.45,15.71,1588514,16.49
2011/05/13,15.48,16.25,15.48,16.24,1728942,16.59
2011/05/16,16.40,16.68,16.21,16.46,1887572,17.03
2011/05/17,16.56,16.56,16.00,16.20,1218277,16.80
2011/05/18,16.16,16.25,15.85,15.96,1215425,16.61
2011/05/19,16.06,16.46,16.00,16.01,1300859,16.86
2011/05/20,16.02,16.19,15.85,15.95,766731,16.62
2011/05/23,15.86,15.90,15.00,15.06,1429276,15.90
2011/05/24,14.80,15.15,14.70,14.98,919269,15.50
2011/05/25,14.80,15.15,14.70,14.98,0,14.92
2011/05/26,14.85,15.10,14.48,14.48,1207490,15.24
2011/05/27,14.47,14.50,13.85,13.89,1135190,14.62
2011/05/30,13.89,13.96,13.60,13.80,664845,14.44
2011/05/31,13.80,14.19,13.79,14.16,565609,14.61
2011/06/01,14.17,14.44,14.01,14.31,522713,14.91
2011/06/02,14.18,15.50,13.82,14.90,2577254,15.54
2011/06/03,14.90,15.20,14.60,14.96,880222,15.60
2011/06/07,14.74,15.19,14.74,15.04,664542,15.61
2011/06/08,15.04,15.10,14.84,14.88,611912,15.53
2011/06/09,14.86,15.09,14.24,14.40,770455,15.25
2011/06/10,14.41,14.41,13.91,14.17,968409,14.72
2011/06/13,14.10,14.30,13.72,14.09,672696,14.58
2011/06/14,14.40,14.55,13.98,14.44,779676,15.00
2011/06/15,14.44,14.45,14.18,14.25,786251,14.91
2011/06/16,14.05,14.23,13.75,13.85,558830,14.53
2011/06/17,13.76,13.98,13.70,13.71,376817,14.43
2011/06/20,13.66,13.96,13.66,13.96,528670,14.40
2011/06/21,13.96,14.15,13.75,14.15,526694,14.53
2011/06/22,14.36,15.55,14.36,14.76,3002964,15.57
2011/06/23,14.46,14.96,14.17,14.91,1812921,15.21
2011/06/24,14.81,15.31,14.67,15.03,2515283,15.65
2011/06/27,15.01,15.40,15.01,15.22,2039852,15.82
2011/06/28,15.01,15.40,15.01,15.22,0,15.21
2011/06/29,15.29,15.38,14.80,14.80,1343370,15.68
2011/06/30,14.72,14.95,14.52,14.60,3650825,15.27
2011/07/01,14.63,14.86,14.55,14.65,1832780,15.29
2011/07/04,14.70,15.16,14.70,15.16,2345774,15.62
2011/07/05,15.16,15.30,15.02,15.30,1988505,15.74
2011/07/06,15.35,15.91,15.20,15.82,4528470,16.26
2011/07/07,15.74,15.93,15.54,15.58,3370942,16.34
2011/07/08,15.58,15.70,15.24,15.42,1606372,16.13
2011/07/11,15.35,15.52,15.15,15.34,1846358,15.95
2011/07/12,15.29,15.55,15.15,15.35,2347052,16.02
2011/07/13,15.28,15.86,15.26,15.82,2262818,16.16
2011/07/14,15.80,15.96,15.58,15.87,2683356,16.38
2011/07/15,15.71,16.27,15.71,16.18,3593344,16.69
2011/07/18,16.38,16.40,15.86,15.93,2943859,16.68
2011/07/19,15.91,16.23,15.86,15.92,1931221,16.57
2011/07/20,15.93,16.07,15.44,15.63,1985375,16.31
2011/07/21,15.69,15.77,15.30,15.31,1279260,16.12
2011/07/22,15.41,15.51,15.30,15.35,1060848,15.99
2011/07/25,15.37,15.37,14.29,14.37,2320743,15.31
2011/07/26,14.20,14.48,14.11,14.38,895256,14.90
2011/07/27,14.38,14.79,14.12,14.73,1347827,15.14
2011/07/28,14.55,14.80,14.46,14.73,1085119,15.22
2011/07/29,14.70,14.87,14.45,14.60,896881,15.23
2011/08/01,14.62,14.86,14.52,14.76,719464,15.31
2011/08/02,14.70,14.85,14.50,14.67,911960,15.23
2011/08/03,14.52,14.96,14.42,14.96,1198747,15.41
2011/08/04,15.00,15.17,14.94,15.10,1176809,15.66
2011/08/05,14.60,14.94,14.50,14.76,1418998,15.41
2011/08/08,14.50,14.65,13.61,13.86,2526524,14.84
2011/08/09,13.38,13.89,13.20,13.87,2090059,14.10
2011/08/10,14.08,14.24,13.85,13.91,1595367,14.62
2011/08/11,13.53,14.08,13.51,14.08,1467912,14.45
2011/08/12,14.20,14.28,14.06,14.14,1253579,14.77
2011/08/15,14.10,14.40,14.08,14.32,1647891,14.84
2011/08/16,14.32,14.58,14.21,14.39,1738958,15.06
2011/08/17,14.40,14.49,14.23,14.38,661510,14.92
2011/08/18,14.35,14.65,14.29,14.31,1315900,15.10
2011/08/19,14.00,14.22,13.85,14.20,903717,14.63
2011/08/22,14.20,14.61,14.15,14.25,992320,14.99
2011/08/23,14.21,14.61,14.21,14.61,1170332,15.08
2011/08/24,14.78,14.90,14.60,14.65,1741870,15.35
2011/08/25,14.78,15.07,14.70,14.96,2724284,15.54
2011/08/26,14.96,15.25,14.93,15.22,2056692,15.79
2011/08/29,15.21,15.50,14.96,15.13,1908729,15.88
2011/08/30,15.24,15.40,14.85,14.92,1250754,15.78
2011/08/31,14.90,15.05,14.60,14.90,826571,15.48
2011/09/01,14.90,15.10,14.70,14.81,909947,15.48
2011/09/02,14.80,14.90,14.41,14.48,822897,15.18
2011/09/05,14.31,14.40,14.14,14.19,627946,14.83
2011/09/06,13.99,14.35,13.99,14.35,460770,14.76
2011/09/07,14.38,14.93,14.38,14.91,1234734,15.32
2011/09/08,14.98,15.35,14.85,14.87,2480149,15.75
2011/09/09,15.08,15.15,14.67,15.06,963721,15.56
2011/09/13,14.86,15.34,14.72,15.30,1942748,15.78
2011/09/14,15.41,15.58,14.86,15.31,2058986,15.86
2011/09/15,15.15,15.65,15.15,15.36,2370178,16.10
2011/09/16,15.39,15.54,15.11,15.35,1289193,15.91
2011/09/19,15.23,15.46,14.96,15.00,1292300,15.78
2011/09/20,15.23,15.46,14.96,15.00,0,15.21
2011/09/21,15.20,15.67,15.05,15.63,3900946,15.98
2011/09/22,15.45,15.60,14.99,15.02,2092783,15.95
2011/09/23,14.75,14.99,14.55,14.85,1464509,15.37
2011/09/26,14.86,15.03,14.28,14.38,1588221,15.20
2011/09/27,14.63,14.67,13.98,14.39,1280980,14.91
2011/09/28,14.42,14.57,14.20,14.39,812929,14.98
2011/09/29,14.20,14.56,13.90,14.08,1138032,14.91
2011/09/30,14.21,14.29,13.72,14.13,643095,14.57
2011/10/10,14.28,14.50,13.93,14.27,886373,14.95
2011/10/11,14.28,14.70,13.15,13.25,2909783,14.48
2011/10/12,13.08,13.36,12.49,13.27,3484317,13.58
2011/10/13,13.29,13.61,13.09,13.59,1901069,14.04
2011/10/14,13.71,13.99,13.28,13.89,2020594,14.27
2011/10/17,13.72,14.10,13.72,14.02,1726359,14.51
2011/10/18,13.80,13.90,13.40,13.72,1556378,14.28
2011/10/19,13.72,13.79,13.44,13.57,702162,14.14
2011/10/20,13.42,13.53,12.57,12.70,1450780,13.49
2011/10/21,12.77,12.77,12.10,12.40,1256665,12.93
2011/10/24,12.35,12.37,11.40,11.90,2137996,12.48
2011/10/25,11.78,12.21,11.66,12.17,1411661,12.59
2011/10/26,12.10,12.36,11.91,12.10,1267579,12.83
2011/10/27,12.07,12.29,11.95,12.01,774882,12.71
2011/10/28,12.15,12.84,12.15,12.64,2196528,13.17
2011/10/31,12.63,12.63,12.31,12.56,1457521,13.06
2011/11/01,12.44,12.68,12.35,12.59,1036230,13.11
2011/11/02,12.42,12.85,12.22,12.83,1788868,13.15
2011/11/03,12.87,13.25,12.71,12.88,1863067,13.63
2011/11/04,12.93,13.42,12.93,13.24,2119889,13.75
2011/11/07,13.19,13.37,13.00,13.01,1178489,13.79
2011/11/08,13.01,13.08,12.73,12.76,847194,13.53
2011/11/09,12.73,12.96,12.47,12.95,1928863,13.34
2011/11/10,12.88,12.89,12.70,12.80,1217425,13.38
2011/11/11,12.89,12.89,12.45,12.60,1171237,13.26
2011/11/14,12.70,12.97,12.60,12.97,1800103,13.41
2011/11/15,13.00,13.27,12.91,13.20,2209531,13.73
2011/11/16,13.21,13.28,12.72,12.85,1380711,13.61
2011/11/17,12.84,12.98,12.78,12.85,666730,13.47
2011/11/18,12.80,12.86,12.20,12.50,1028694,13.10
2011/11/21,12.45,12.57,12.25,12.49,569745,13.04
2011/11/22,12.49,12.49,12.18,12.30,505765,12.91
2011/11/23,12.40,12.40,12.17,12.29,550302,12.85
2011/11/24,12.18,12.24,11.97,12.20,522913,12.69
2011/11/25,12.18,12.20,11.85,11.98,625782,12.62
2011/11/28,12.00,12.09,11.75,11.87,591683,12.46
2011/11/29,11.95,12.03,11.76,11.97,1296584,12.52
2011/11/30,11.96,11.96,10.71,10.88,2188280,11.73
2011/12/01,11.20,11.40,11.05,11.10,1799824,11.79
2011/12/02,11.05,11.17,10.32,10.60,1589265,11.31
2011/12/05,10.64,10.72,10.39,10.47,745697,11.12
2011/12/06,10.47,10.58,10.32,10.49,528117,11.04
2011/12/07,10.48,10.57,10.36,10.52,520829,11.12
2011/12/08,10.51,10.83,10.35,10.79,1220561,11.24
2011/12/09,10.74,10.96,10.58,10.83,1139192,11.47
2011/12/12,10.78,10.89,10.57,10.69,1229095,11.28
2011/12/13,10.55,10.59,10.20,10.39,766219,10.98
2011/12/14,10.21,10.46,9.98,10.10,350240,10.85
2011/12/15,9.95,10.11,9.83,9.97,602905,10.56
2011/12/16,10.02,10.28,9.91,10.28,556347,10.68
2011/12/19,10.25,10.25,9.95,10.20,963550,10.70
2011/12/20,10.10,10.57,10.10,10.45,1170537,10.95
2011/12/21,10.52,10.52,10.05,10.25,645361,10.94
2011/12/22,10.07,10.13,9.70,10.08,746684,10.52
2011/12/23,10.05,10.19,9.90,9.99,327834,10.66
2011/12/26,10.05,10.09,9.88,9.96,361830,10.58
2011/12/27,9.89,9.95,9.60,9.60,453738,10.31
2011/12/28,9.49,9.60,9.31,9.58,603082,10.02
2011/12/29,9.58,9.69,9.43,9.52,266536,10.19
2011/12/30,9.55,9.78,9.54,9.62,337631,10.28
2012/01/04,9.77,9.77,9.38,9.48,441624,10.16
2012/01/05,9.45,9.45,8.75,8.90,862666,9.67
2012/01/06,8.97,9.04,8.61,9.00,329246,9.40
2012/01/09,9.00,9.37,8.81,9.37,458799,9.79
2012/01/10,9.39,9.72,9.21,9.69,1262802,10.13
2012/01/11,9.63,9.76,9.57,9.70,739896,10.23
2012/01/12,9.60,10.04,9.60,9.93,1303852,10.44
2012/01/13,9.81,9.89,9.35,9.42,798190,10.15
2012/01/16,9.35,9.35,8.91,8.92,660418,9.74
2012/01/17,8.92,9.40,8.80,9.37,559686,9.80
2012/01/18,9.39,9.60,9.05,9.15,708380,9.94
2012/01/19,9.20,9.28,8.94,9.18,362810,9.75
2012/01/20,9.20,9.41,9.18,9.35,659410,9.89
2012/01/30,9.55,9.55,9.28,9.34,311399,9.96
2012/01/31,9.41,9.41,9.21,9.28,352678,9.87
2012/02/01,9.17,9.39,9.17,9.29,448452,9.88
2012/02/02,9.25,9.37,9.22,9.35,522538,9.90
2012/02/03,9.38,9.70,9.31,9.66,1428142,10.13
2012/02/06,9.90,9.93,9.57,9.79,1349221,10.33
2012/02/07,9.73,9.73,9.53,9.62,856988,10.20
2012/02/08,9.64,10.03,9.54,9.92,1542883,10.40
2012/02/09,9.92,10.12,9.80,9.96,1428700,10.58
2012/02/10,9.98,10.06,9.80,9.89,796016,10.51
2012/02/13,9.80,10.14,9.68,9.99,1378855,10.57
2012/02/14,9.91,10.20,9.87,10.13,1515184,10.62
2012/02/15,10.17,10.47,10.06,10.41,1956142,10.89
2012/02/16,10.40,10.50,10.26,10.39,1426675,10.98
2012/02/17,10.40,10.79,10.32,10.70,2182293,11.23
2012/02/20,10.73,10.85,10.58,10.69,1764130,11.29
2012/02/21,10.55,10.80,10.43,10.73,1253852,11.18
2012/02/22,10.73,11.05,10.65,11.05,1961573,11.49
2012/02/23,11.04,11.42,10.89,11.38,2198524,11.83
2012/02/24,11.40,11.54,11.16,11.45,2325833,11.89
2012/02/27,11.41,11.84,11.31,11.61,2964478,12.22
2012/02/28,11.59,11.68,11.28,11.56,2116968,12.09
2012/02/29,11.66,11.66,11.08,11.10,1824667,11.93
2012/03/01,11.09,11.27,10.98,11.09,1359906,11.67
2012/03/02,11.09,11.39,11.02,11.33,1325142,11.78
2012/03/05,11.28,11.39,11.08,11.17,1721579,11.78
2012/03/06,11.09,11.15,10.89,10.99,1222286,11.59
2012/03/07,10.88,11.27,10.86,11.01,1012889,11.71
2012/03/08,11.01,11.29,11.01,11.21,918963,11.82
2012/03/09,11.25,11.60,11.25,11.53,2064803,12.06
2012/03/12,11.60,11.64,11.46,11.51,1320896,12.13
2012/03/13,11.47,11.90,11.45,11.89,1671547,12.35
2012/03/14,11.88,12.14,11.11,11.44,3080525,12.22
2012/03/15,11.20,11.50,11.05,11.32,1444678,11.87
2012/03/16,11.26,11.85,11.26,11.80,2225378,12.16
2012/03/19,11.82,12.27,11.40,12.10,4847561,12.61
2012/03/20,12.10,12.33,11.82,12.02,3978746,12.70
2012/03/21,12.14,12.44,11.95,12.42,5420470,12.83
2012/03/22,12.40,12.58,12.13,12.33,2699635,12.91
2012/03/23,12.28,12.33,11.63,11.80,2699279,12.51
2012/03/26,11.74,11.82,11.43,11.70,1262058,12.18
2012/03/27,11.74,11.78,11.46,11.54,1181943,12.22
2012/03/28,11.48,11.57,10.63,10.70,1893228,11.58
2012/03/29,10.65,10.65,10.13,10.29,1249451,11.00
2012/03/30,10.29,10.49,10.26,10.28,793346,10.97
2012/04/05,10.36,10.64,10.27,10.60,828458,11.07
2012/04/06,10.69,10.80,10.53,10.66,802584,11.24
2012/04/09,10.62,10.63,10.21,10.24,835468,11.08
2012/04/10,10.18,10.50,10.15,10.50,865115,10.92
2012/04/11,10.40,10.60,10.35,10.48,543593,11.07
2012/04/12,10.50,10.95,10.50,10.85,928962,11.39
2012/04/13,10.85,11.04,10.73,10.95,988263,11.52
2012/04/16,10.95,10.98,10.75,10.75,688127,11.48
2012/04/17,10.72,10.88,10.67,10.75,646249,11.35
2012/04/18,10.66,11.04,10.66,11.00,957610,11.55
2012/04/19,11.01,11.88,10.91,11.47,1656045,12.06
2012/04/20,11.40,11.56,11.30,11.36,928353,12.01
2012/04/23,11.47,11.54,11.16,11.22,661183,11.91
2012/04/24,11.22,11.22,10.51,10.86,1330556,11.44
2012/04/25,10.80,11.03,10.72,10.96,637243,11.53
2012/04/26,10.90,11.05,10.81,10.87,905474,11.51
2012/04/27,10.89,10.94,10.60,10.77,471619,11.34
2012/05/02,11.04,11.15,10.86,11.12,722917,11.63
2012/05/03,11.09,11.40,11.08,11.39,772828,11.91
2012/05/04,11.39,11.46,11.24,11.35,807702,11.93
2012/05/07,11.39,11.58,11.36,11.55,1230023,12.09
2012/05/08,11.59,11.59,11.33,11.33,1164930,12.04
2012/05/09,11.26,11.26,11.00,11.05,863429,11.71
2012/05/10,11.01,11.23,11.01,11.12,417387,11.73
2012/05/11,10.92,11.47,10.89,11.45,1041429,11.87
2012/05/14,11.46,11.70,11.40,11.54,1931431,12.18
2012/05/15,11.46,11.70,11.40,11.54,0,11.55
2012/05/16,11.54,11.54,11.06,11.06,968878,11.96
2012/05/17,11.17,11.51,11.06,11.45,833539,11.92
2012/05/18,11.40,11.56,11.26,11.38,933486,12.00
2012/05/21,11.38,11.74,11.31,11.71,2070989,12.24
2012/05/22,11.73,11.84,11.61,11.80,1730949,12.33
2012/05/23,11.70,11.84,11.51,11.73,1264837,12.27
2012/05/24,11.70,11.87,11.57,11.59,776133,12.29
2012/05/25,11.56,11.57,11.30,11.39,757827,12.05
2012/05/28,11.37,11.49,11.19,11.44,712885,11.95
2012/05/29,11.47,12.28,11.47,12.07,3824858,12.57
2012/05/30,11.85,12.34,11.84,12.07,2415325,12.66
2012/05/31,12.03,12.40,12.00,12.20,1975368,12.75
2012/06/01,12.19,12.23,12.00,12.02,1224355,12.60
2012/06/04,11.91,11.91,11.58,11.60,1092084,12.25
2012/06/05,11.56,12.09,11.56,12.05,1543073,12.38
2012/06/06,11.99,12.15,11.70,11.81,1050416,12.41
2012/06/07,11.88,12.10,11.83,11.83,1146690,12.48
2012/06/08,11.95,12.40,11.84,12.12,1810672,12.67
2012/06/11,12.18,12.59,12.04,12.52,3030936,12.95
2012/06/12,12.46,12.46,12.22,12.35,1222400,12.87
2012/06/13,12.16,12.66,12.16,12.58,1873657,13.04
2012/06/14,12.57,13.05,12.50,12.61,3547690,13.31
2012/06/15,12.62,12.70,12.28,12.48,1658113,12.97
2012/06/18,12.48,12.61,12.39,12.61,1433195,13.01
2012/06/19,12.62,12.65,12.37,12.47,729649,12.96
2012/06/20,12.41,12.65,12.21,12.23,915458,12.90
2012/06/21,12.21,12.33,11.94,12.08,973866,12.60
2012/06/25,11.98,12.08,11.62,11.63,972440,12.26
2012/06/26,11.59,11.90,11.59,11.76,891832,12.27
2012/06/27,11.86,12.99,11.68,12.19,2182420,12.77
2012/06/28,12.22,12.52,11.91,12.07,1286692,12.70
2012/06/29,12.08,12.57,11.50,12.36,1683078,12.59
2012/07/02,12.45,12.49,12.21,12.35,953939,12.87
2012/07/03,12.33,12.55,12.22,12.42,1181260,12.91
2012/07/04,12.42,12.74,12.36,12.61,1749406,13.13
2012/07/05,12.61,12.65,11.95,11.97,1417660,12.70
2012/07/06,12.00,12.21,11.68,12.20,1690037,12.45
2012/07/09,11.98,12.20,11.76,11.76,994061,12.42
2012/07/10,11.68,11.88,11.68,11.75,497349,12.29
2012/07/11,11.75,11.84,11.16,11.25,1557579,11.89
2012/07/12,11.25,11.46,10.98,11.31,944714,11.70
2012/07/13,11.32,11.41,11.20,11.20,531087,11.81
2012/07/16,11.20,11.28,10.25,10.53,1443420,11.10
2012/07/17,10.56,10.74,10.38,10.72,507264,11.13
2012/07/18,10.60,10.80,10.60,10.73,420548,11.18
2012/07/19,10.72,10.93,10.60,10.75,534090,11.30
2012/07/20,10.73,10.87,10.54,10.60,417934,11.13
2012/07/23,10.55,10.80,10.38,10.60,291879,11.08
2012/07/24,10.60,10.78,10.59,10.74,387837,11.19
2012/07/25,10.78,11.16,10.73,10.82,682861,11.43
2012/07/26,10.68,10.96,10.68,10.73,501159,11.33
2012/07/27,10.76,10.95,10.50,10.65,374203,11.14
2012/07/30,10.68,10.74,10.38,10.38,288640,11.03
2012/07/31,10.53,10.65,10.28,10.40,343197,10.96
2012/08/01,10.40,10.69,10.31,10.61,240530,11.10
2012/08/02,10.61,10.74,10.51,10.61,246766,11.11
2012/08/03,10.70,11.10,10.57,11.02,611016,11.37
2012/08/06,10.95,11.26,10.88,11.19,777207,11.67
2012/08/07,11.16,11.35,11.10,11.17,477589,11.71
2012/08/08,11.13,11.25,11.06,11.13,395031,11.66
2012/08/09,11.12,11.38,11.00,11.30,487980,11.76
2012/08/10,11.30,11.54,11.21,11.23,393799,11.85
2012/08/13,11.23,11.33,11.02,11.03,398876,11.65
2012/08/14,10.96,11.15,10.90,11.12,340394,11.50
2012/08/15,11.11,11.11,10.68,10.69,624300,11.35
2012/08/16,10.80,10.80,10.63,10.72,215922,11.20
2012/08/17,10.62,10.78,10.52,10.58,263600,11.15
2012/08/20,10.60,10.70,10.51,10.67,245952,11.11
2012/08/21,10.83,10.99,10.73,10.93,552374,11.40
2012/08/22,10.87,11.22,10.87,11.03,654930,11.56
2012/08/23,11.04,11.41,11.04,11.34,1614387,11.77
2012/08/24,11.28,11.46,11.13,11.20,1119103,11.78
2012/08/27,11.29,11.29,10.75,10.81,530795,11.46
2012/08/28,10.78,11.05,10.68,10.93,386861,11.39
2012/08/29,10.93,11.10,10.83,10.94,402950,11.49
2012/08/30,11.04,11.05,10.62,10.85,506212,11.32
2012/08/31,10.72,10.93,10.70,10.76,292751,11.24
2012/09/03,10.80,11.15,10.73,11.05,431103,11.51
2012/09/04,11.00,11.20,10.91,10.92,516170,11.54
2012/09/05,10.87,11.10,10.83,10.99,312871,11.46
2012/09/06,10.93,11.31,10.93,11.28,1126570,11.71
2012/09/07,11.35,11.80,11.23,11.65,2491737,12.10
2012/09/10,11.55,11.77,11.55,11.63,1163154,12.15
2012/09/11,11.60,11.64,11.30,11.44,1050533,11.95
2012/09/12,11.44,11.86,11.44,11.70,1162775,12.13
2012/09/13,11.70,11.82,11.45,11.47,788620,12.10
2012/09/14,11.51,11.60,11.40,11.54,644942,11.99
2012/09/17,11.50,11.50,11.15,11.18,605778,11.80
2012/09/18,11.18,11.39,11.13,11.27,297907,11.74
2012/09/19,11.28,11.39,11.25,11.35,225782,11.83
2012/09/20,11.35,11.35,10.83,10.84,692560,11.53
2012/09/21,10.84,11.02,10.70,10.97,494830,11.31
2012/09/24,10.95,11.43,10.90,11.08,438091,11.59
2012/09/25,11.09,11.29,10.88,10.89,296638,11.57
2012/09/26,10.81,10.95,10.24,10.37,696129,11.03
2012/09/27,10.46,10.70,10.31,10.59,727847,11.04
2012/09/28,10.50,10.75,10.42,10.69,495018,11.11
2012/10/08,10.73,11.25,10.69,10.78,567936,11.33
2012/10/09,10.59,11.02,10.59,11.01,581778,11.44
2012/10/10,11.01,11.16,10.93,11.09,590774,11.59
2012/10/11,11.12,11.12,10.88,10.88,344520,11.49
2012/10/12,10.99,11.07,10.85,10.87,294463,11.42
2012/10/15,10.86,10.97,10.76,10.89,355606,11.35
2012/10/16,10.85,11.06,10.82,10.95,208460,11.47
2012/10/17,10.91,11.12,10.86,11.07,368822,11.53
2012/10/18,11.13,11.21,11.07,11.12,553828,11.66
2012/10/19,11.05,11.17,10.97,10.97,313500,11.55
2012/10/22,10.91,10.99,10.78,10.97,402387,11.39
2012/10/23,10.99,10.99,10.80,10.84,376107,11.37
2012/10/24,10.92,11.48,10.92,11.30,2826895,11.79
2012/10/25,11.21,11.36,11.08,11.09,990938,11.72
2012/10/26,11.09,11.17,10.76,10.93,846822,11.45
2012/10/29,10.88,11.30,10.79,11.23,916799,11.59
2012/10/30,11.22,11.40,11.13,11.30,928696,11.82
2012/10/31,11.37,11.37,11.12,11.24,486411,11.69
2012/11/01,11.24,11.55,11.24,11.49,1307505,11.96
2012/11/02,11.43,11.62,11.36,11.58,1321279,12.03
2012/11/05,11.59,11.95,11.55,11.86,2928857,12.31
2012/11/06,11.86,11.86,11.55,11.71,1277594,12.16
2012/11/07,11.71,11.84,11.57,11.69,786601,12.18
2012/11/08,11.61,11.61,11.31,11.33,852256,11.95
2012/11/09,11.28,11.48,11.24,11.47,1148336,11.86
2012/11/12,11.41,11.67,11.39,11.50,797420,12.00
2012/11/13,11.45,11.55,11.23,11.28,811167,11.84
2012/11/14,11.27,11.44,11.23,11.31,519558,11.82
2012/11/15,11.20,11.38,11.16,11.25,580870,11.77
2012/11/16,11.21,11.37,11.15,11.27,505199,11.81
2012/11/19,11.29,11.67,11.23,11.65,1367149,12.00
2012/11/20,11.68,11.91,11.56,11.80,1663451,12.24
2012/11/21,11.80,11.81,11.44,11.69,1306452,12.12
2012/11/22,11.65,11.73,11.52,11.56,444617,12.11
2012/11/23,11.65,11.90,11.54,11.90,1570761,12.31
2012/11/26,11.86,12.10,11.60,11.61,1224577,12.33
2012/11/27,11.51,11.60,10.80,10.87,2421967,11.53
2012/11/28,10.88,10.88,10.30,10.30,882755,11.07
2012/11/29,10.34,10.57,10.30,10.37,626811,10.93
2012/11/30,10.45,10.58,10.32,10.49,407204,11.02
2012/12/03,10.47,10.59,9.63,9.90,817854,10.68
2012/12/04,9.88,10.08,9.72,10.02,566442,10.30
2012/12/05,10.10,10.49,10.03,10.33,552706,10.80
2012/12/06,10.46,10.46,10.20,10.25,304351,10.78
2012/12/07,10.30,10.55,10.18,10.52,579630,10.92
2012/12/10,10.52,10.89,10.50,10.69,1061102,11.21
2012/12/11,10.64,10.79,10.58,10.78,502766,11.20
2012/12/12,10.80,10.80,10.54,10.68,412722,11.16
2012/12/13,10.63,10.67,10.31,10.37,628071,11.03
2012/12/14,10.31,10.82,10.31,10.73,739020,11.18
2012/12/17,10.72,11.05,10.56,10.94,1098671,11.41
2012/12/18,10.94,11.42,10.82,11.11,1282160,11.69
2012/12/19,11.10,11.24,10.97,11.10,400879,11.57
2012/12/20,10.98,11.16,10.96,11.15,380502,11.58
2012/12/21,11.18,11.41,11.05,11.41,1553498,11.78
2012/12/24,11.50,11.51,11.29,11.41,709221,11.89
2012/12/25,11.33,11.72,11.29,11.63,1069650,12.06
2012/12/26,11.68,11.70,11.53,11.64,666562,12.09
2012/12/27,11.65,11.70,11.23,11.25,966657,11.89
2012/12/28,11.25,11.36,11.12,11.33,841173,11.78
2012/12/31,11.47,11.91,11.44,11.74,2189032,12.25
2013/01/04,11.75,11.96,11.60,11.79,1620528,12.27
2013/01/07,11.54,11.80,11.54,11.77,737152,12.21
2013/01/08,11.74,11.82,11.63,11.78,954824,12.24
2013/01/09,11.75,12.06,11.52,11.67,1969846,12.32
2013/01/10,11.74,11.99,11.55,11.64,1314620,12.24
2013/01/11,11.65,11.75,11.46,11.51,1369001,12.08
2013/01/14,11.50,11.88,11.39,11.76,2472643,12.23
2013/01/15,11.79,12.13,11.72,12.02,3207909,12.45
2013/01/16,12.00,12.25,11.83,11.92,2156637,12.52
2013/01/17,11.93,12.15,11.84,12.05,1674069,12.47
2013/01/18,11.97,12.10,11.73,11.90,2206744,12.40
2013/01/21,11.95,12.49,11.90,12.44,3623096,12.82
2013/01/22,12.37,12.49,12.00,12.08,2285481,12.75
2013/01/23,12.08,12.15,11.82,12.13,1433056,12.51
2013/01/24,12.12,12.58,11.96,11.99,2423856,12.76
2013/01/25,11.95,12.31,11.95,12.03,1181905,12.59
2013/01/28,11.95,12.76,11.94,12.67,3513918,12.97
2013/01/29,12.74,13.69,12.73,13.28,5875688,13.68
2013/01/30,13.12,13.39,12.96,13.10,2657715,13.61
2013/01/31,13.69,14.35,13.69,13.90,6361070,14.43
2013/02/01,13.79,14.15,13.72,13.96,2279704,14.42
2013/02/04,13.94,14.35,13.71,14.29,2888203,14.58
2013/02/05,14.20,14.40,13.80,14.00,1956377,14.65
2013/02/06,13.86,14.75,13.86,14.59,2773546,15.00
2013/02/07,14.59,14.84,14.45,14.58,2382405,15.17
2013/02/08,14.60,15.28,14.40,15.00,2403837,15.35
2013/02/18,15.10,15.27,14.85,15.05,1133317,15.51
2013/02/19,15.00,15.27,14.47,14.48,3194888,15.35
2013/02/20,14.45,15.25,14.36,15.12,2436354,15.45
2013/02/21,15.10,15.38,14.72,14.99,2444705,15.55
2013/02/22,14.99,15.30,14.85,14.94,2228380,15.62
2013/02/25,14.95,15.08,14.38,14.47,2182305,15.13
2013/02/26,14.47,14.69,14.15,14.18,2021920,14.93
2013/02/27,14.26,14.52,14.08,14.29,1330310,14.76
2013/02/28,14.35,14.55,14.22,14.53,1827559,14.88
2013/03/01,14.70,14.82,14.29,14.59,2593857,15.05
2013/03/04,14.40,14.63,13.90,14.11,2109513,14.76
2013/03/05,14.11,14.61,14.00,14.61,2829522,14.73
2013/03/06,14.78,15.05,14.53,14.93,1746834,15.37
2013/03/07,14.90,15.10,14.61,14.71,1387572,15.34
2013/03/08,14.83,14.96,14.63,14.72,1384009,15.27
2013/03/11,15.08,15.10,14.55,14.57,1315417,15.36
2013/03/12,14.55,14.60,13.58,13.65,1944914,14.49
2013/03/13,13.65,13.96,13.50,13.67,1984931,14.19
2013/03/14,13.56,13.82,13.54,13.78,705606,14.27
2013/03/15,13.70,14.29,13.66,13.86,741542,14.52
2013/03/18,13.71,13.71,13.32,13.39,2052146,13.98
2013/03/19,13.39,13.70,13.39,13.61,894051,14.10
2013/03/20,13.61,14.15,13.61,14.06,1063656,14.55
2013/03/21,14.02,14.48,14.02,14.44,1139649,14.84
2013/03/22,14.50,14.64,14.31,14.46,1021297,14.96
2013/03/25,14.45,14.72,14.41,14.41,1523335,15.06
2013/03/26,14.38,14.40,14.00,14.33,1211849,14.69
2013/03/27,14.21,14.66,14.11,14.42,1186379,14.96
2013/03/28,14.20,15.00,14.10,14.70,2464405,15.21
2013/03/29,14.71,14.90,14.55,14.70,1015301,15.21
2013/04/01,14.60,14.78,14.48,14.65,1411061,15.13
2013/04/02,14.56,14.80,13.82,13.94,2341537,14.81
2013/04/03,13.88,13.98,13.25,13.30,2422583,14.00
2013/04/08,13.16,13.48,12.90,13.45,1263327,13.77
2013/04/09,13.59,13.74,13.36,13.56,794501,14.07
2013/04/10,13.46,13.60,13.10,13.30,1342183,13.88
2013/04/11,13.38,13.65,13.30,13.47,698124,13.96
2013/04/12,13.39,13.53,13.30,13.36,533572,13.92
2013/04/15,13.35,13.36,13.08,13.13,630960,13.67
2013/04/16,13.02,13.45,12.88,13.41,493454,13.69
2013/04/17,13.41,13.70,13.36,13.53,534206,14.02
2013/04/18,13.75,14.20,13.68,14.17,1932162,14.39
2013/04/19,14.04,14.46,14.04,14.35,1477733,14.80
2013/04/22,14.37,15.07,14.37,14.88,3385153,15.31
2013/04/23,14.89,15.15,14.60,14.76,2190710,15.34
2013/04/24,14.76,15.06,14.52,15.05,2236396,15.38
2013/04/25,15.01,15.18,14.60,14.62,1487926,15.43
2013/04/26,14.55,14.70,14.21,14.25,1476398,14.90
2013/05/02,14.21,14.52,13.96,14.45,870607,14.80
2013/05/03,14.39,15.15,14.39,14.99,2298863,15.46
2013/05/06,15.10,15.65,14.92,15.50,2828566,15.87
2013/05/07,15.45,15.60,15.21,15.46,1841809,15.88
2013/05/08,15.49,15.74,15.20,15.48,1521474,15.90
2013/05/09,15.48,15.75,15.24,15.61,2225465,16.03
2013/05/10,15.50,15.67,15.35,15.50,1601436,16.03
2013/05/13,15.49,15.50,15.13,15.32,1186398,15.79
2013/05/14,15.28,15.28,14.80,15.00,1085328,15.47
2013/05/15,15.09,15.46,14.95,15.46,1029511,15.75
2013/05/16,15.50,16.09,15.50,15.84,3051329,16.41
2013/05/17,15.87,15.99,15.62,15.68,2087442,16.33
2013/05/20,15.79,16.14,15.69,15.91,2665432,16.41
2013/05/21,15.91,16.27,15.78,16.00,2388590,16.51
2013/05/22,16.15,16.15,15.55,15.55,2678401,16.34
2013/05/23,15.48,15.79,15.32,15.49,1793194,16.07
2013/05/24,15.50,15.93,15.33,15.91,1412694,16.09
2013/05/27,16.00,16.30,15.88,15.96,2363617,16.57
2013/05/28,16.02,16.05,15.40,15.43,2103573,16.04
2013/05/29,15.55,15.78,15.38,15.78,1439965,16.09
2013/05/30,15.75,15.75,15.41,15.52,1192044,16.04
2013/05/31,15.53,15.65,15.22,15.23,1442287,15.93
2013/06/03,15.21,15.38,15.02,15.19,1135852,15.69
2013/06/04,15.16,15.24,14.53,14.70,1365290,15.37
2013/06/05,14.71,15.24,14.65,15.20,1045337,15.39
2013/06/06,15.15,15.25,14.90,14.94,657389,15.57
2013/06/07,15.10,15.36,14.90,15.25,2119747,15.71
2013/06/13,15.00,15.17,14.00,14.80,1224199,15.22
2013/06/14,14.85,15.84,14.85,15.82,3279717,16.08
2013/06/17,15.83,17.07,15.83,16.80,6192345,17.00
2013/06/18,16.80,16.85,16.35,16.83,2850898,17.05
2013/06/19,16.56,17.76,16.53,17.30,4837591,17.77
2013/06/20,17.10,17.60,16.10,16.60,3509677,17.32
2013/06/21,16.21,17.85,16.00,17.72,4863294,17.56
2013/06/24,17.79,18.10,16.52,17.10,4690732,17.79
2013/06/25,16.42,17.48,15.35,16.26,4915803,16.55
2013/06/26,16.23,17.40,16.02,17.37,4724032,17.15
2013/06/27,17.60,17.73,15.59,15.78,7279475,16.77
2013/06/28,15.87,16.15,15.08,15.22,3195575,16.02
2013/07/01,15.10,15.79,14.92,15.73,2281019,15.81
2013/07/02,15.73,16.25,15.55,16.18,3123149,16.29
2013/07/03,16.18,16.28,15.63,15.96,2188504,16.32
2013/07/04,16.05,16.41,15.71,15.99,1982466,16.53
2013/07/05,15.79,16.06,15.51,15.52,1916388,16.10
2013/07/08,15.21,15.30,13.99,14.01,3200611,14.97
2013/07/09,14.00,14.15,13.61,13.83,2857236,14.20
2013/07/10,13.81,14.55,13.81,14.51,1910424,14.67
2013/07/11,14.54,15.33,14.50,15.06,2226367,15.36
2013/07/12,15.06,15.51,14.96,15.03,1784005,15.56
2013/07/15,15.15,15.55,15.15,15.46,2004805,15.72
2013/07/16,15.26,15.96,15.21,15.85,2558811,15.92
2013/07/17,15.84,16.09,15.19,15.26,3447254,15.93
2013/07/18,15.23,15.52,15.01,15.22,2258011,15.68
2013/07/19,15.25,15.45,14.79,14.80,1899855,15.54
2013/07/22,14.63,15.20,14.60,15.07,1199461,15.37
2013/07/23,15.33,15.69,15.11,15.65,3271416,15.78
2013/07/24,15.65,16.08,15.53,16.06,4810737,16.22
2013/07/25,16.05,16.05,15.45,15.53,2478178,16.12
2013/07/26,15.46,15.65,15.06,15.23,1538943,15.72
2013/07/29,15.17,15.24,14.92,15.05,999440,15.45
2013/07/30,15.03,15.19,14.40,14.56,2033405,15.01
2013/07/31,14.66,14.76,14.56,14.66,869630,15.06
2013/08/01,14.88,15.15,14.71,15.11,1198139,15.37
2013/08/02,15.20,15.33,15.08,15.14,1557240,15.58
2013/08/05,15.16,15.42,14.92,15.34,1836429,15.58
2013/08/06,15.34,15.71,15.10,15.69,2598006,15.86
2013/08/07,15.67,15.70,15.30,15.32,1744014,15.92
2013/08/08,15.30,15.63,15.15,15.45,1420840,15.85
2013/08/09,15.46,15.89,15.29,15.58,1844527,16.03
2013/08/12,15.71,15.97,15.55,15.76,1886342,16.16
2013/08/13,15.89,15.95,15.68,15.85,1633937,16.24
2013/08/14,15.90,15.98,15.20,15.54,2348327,16.07
2013/08/15,15.66,15.66,15.28,15.32,1432468,15.80
2013/08/16,15.10,15.50,14.90,14.94,1340442,15.62
2013/08/19,15.00,15.18,14.80,15.17,876495,15.41
2013/08/20,15.08,15.28,14.93,14.99,955477,15.51
2013/08/21,15.04,15.14,14.60,14.70,2398722,15.09
2013/08/22,14.74,14.79,14.61,14.79,1572771,15.13
2013/08/23,14.84,14.87,14.45,14.58,1712632,15.06
2013/08/26,14.53,15.07,14.53,14.87,2504516,15.23
2013/08/27,14.88,14.94,14.79,14.88,1581036,15.24
2013/08/28,14.81,14.81,14.52,14.65,1838119,15.07
2013/08/29,14.67,14.90,14.65,14.78,1574220,15.17
2013/08/30,14.81,14.92,14.50,14.53,1520199,15.11
2013/09/02,14.63,14.76,14.48,14.71,854024,15.01
2013/09/03,14.64,14.83,14.61,14.83,1727976,15.13
2013/09/04,14.83,15.80,14.75,15.74,5997084,15.67
2013/09/05,15.78,15.96,15.57,15.75,6389746,16.17
2013/09/06,15.78,16.19,15.55,15.85,4750269,16.23
2013/09/09,15.92,16.05,15.60,15.92,4054219,16.19
2013/09/10,15.92,15.92,15.58,15.91,3105103,16.17
2013/09/11,16.08,16.45,15.14,15.26,5424257,16.07
2013/09/12,15.26,15.26,14.91,14.92,2442809,15.41
2013/09/13,14.95,15.16,14.88,15.08,1115995,15.41
2013/09/16,15.12,15.35,14.97,15.19,1028460,15.58
2013/09/17,15.10,15.16,14.72,14.78,1126609,15.37
2013/09/18,14.71,15.03,14.71,15.00,783016,15.34
2013/09/23,14.99,15.37,14.88,15.30,1283787,15.56
2013/09/24,15.29,15.50,15.09,15.50,2224730,15.73
2013/09/25,15.58,15.80,15.31,15.52,2486660,15.98
2013/09/26,15.42,15.60,15.21,15.26,1235353,15.75
2013/09/27,15.15,15.32,14.73,14.86,1740526,15.34
2013/09/30,14.90,15.07,14.83,14.94,1428867,15.36
2013/10/08,14.90,15.09,14.86,15.01,1735027,15.35
2013/10/09,15.01,15.17,14.83,15.17,2101142,15.38
2013/10/10,15.18,15.20,14.98,15.00,1600717,15.46
2013/10/11,15.15,15.62,15.03,15.53,3091221,15.85
2013/10/14,15.69,15.90,15.46,15.61,3258783,16.11
2013/10/15,15.60,15.70,15.30,15.52,2504231,15.84
2013/10/16,15.51,15.51,15.09,15.16,1804704,15.65
2013/10/17,15.40,15.79,15.23,15.72,2440465,15.95
2013/10/18,15.90,15.90,15.44,15.49,1605783,15.99
2013/10/21,15.60,15.84,15.36,15.78,2330815,16.09
2013/10/22,15.80,16.08,15.67,16.03,3064894,16.28
2013/10/23,16.02,16.07,15.37,15.46,2364710,16.09
2013/10/24,15.47,15.75,15.36,15.58,1463003,15.97
2013/10/25,16.15,16.85,15.83,16.03,8993283,16.75
2013/10/28,16.28,17.19,16.26,16.90,10039977,17.13
2013/10/29,16.78,17.06,16.03,16.80,6437277,16.93
2013/10/30,16.68,17.45,16.58,17.28,7082223,17.57
2013/10/31,17.15,17.16,16.70,16.74,3832005,17.35
2013/11/01,16.70,16.70,15.91,16.22,3929295,16.65
2013/11/04,16.33,16.54,16.03,16.40,2510560,16.68
2013/11/05,16.32,16.47,15.96,16.43,2278082,16.64
2013/11/06,16.43,16.50,16.08,16.10,2381862,16.67
2013/11/07,16.10,16.10,15.62,15.67,3070290,16.22
2013/11/08,15.64,15.86,15.51,15.73,1593189,16.12
2013/11/11,15.77,16.03,15.58,15.96,1323462,16.23
2013/11/12,15.87,16.10,15.82,16.01,1389635,16.37
2013/11/13,15.94,15.94,15.11,15.12,2533051,15.92
2013/11/14,15.00,15.35,14.97,15.25,1829997,15.54
2013/11/15,15.34,15.84,15.27,15.53,1986087,16.01
2013/11/18,15.48,16.00,15.48,15.85,2459144,16.20
2013/11/19,15.90,15.90,15.69,15.84,1579767,16.20
2013/11/20,15.90,16.18,15.78,16.13,2117296,16.41
2013/11/21,16.07,16.07,15.66,15.78,2100051,16.20
2013/11/22,15.78,15.82,15.55,15.68,1374960,16.10
2013/11/25,15.65,15.92,15.51,15.78,1231521,16.15
2013/11/26,15.80,16.29,15.67,16.28,2856483,16.45
2013/11/27,16.31,16.56,16.24,16.37,3301532,16.82
2013/11/28,16.38,16.68,16.34,16.35,2845382,16.93
2013/11/29,16.26,16.85,16.25,16.75,3526694,17.06
2013/12/02,16.10,16.48,15.40,15.74,4212728,16.33
2013/12/03,15.73,16.25,15.55,16.19,2977524,16.28
2013/12/04,16.18,16.85,16.10,16.64,4595881,17.02
2013/12/05,16.57,17.31,16.57,17.15,5370638,17.43
2013/12/06,17.15,17.20,16.71,16.87,2420982,17.33
2013/12/09,16.92,17.96,16.92,17.60,5520348,18.04
2013/12/10,17.60,17.75,17.30,17.65,3607558,17.91
2013/12/11,17.63,17.69,17.06,17.22,3027514,17.74
2013/12/12,17.14,17.63,16.94,17.15,2840815,17.68
2013/12/13,17.10,18.29,16.95,18.15,7314052,18.26
2013/12/16,18.21,18.40,17.71,17.77,5274264,18.38
2013/12/17,17.95,18.19,17.36,17.81,3813787,18.11
2013/12/18,17.70,17.83,17.30,17.33,2853971,17.87
2013/12/19,17.45,17.58,17.18,17.32,1827217,17.76
2013/12/20,17.28,17.28,16.55,16.75,2887322,17.22
2013/12/23,16.75,17.02,16.55,16.83,1475013,17.19
2013/12/24,16.76,17.10,16.40,16.65,2392889,17.21
2013/12/25,16.66,17.25,16.51,17.23,2785892,17.44
2013/12/26,17.24,17.24,16.80,16.84,1791898,17.38
2013/12/27,16.93,17.40,16.56,17.27,2171376,17.51
2013/12/30,17.38,17.44,17.03,17.36,1928326,17.60
2013/12/31,17.24,17.50,17.09,17.25,1593701,17.65
2014/01/02,17.20,17.33,16.83,17.06,2467898,17.43
2014/01/03,17.10,17.10,16.51,16.78,2928113,17.14
2014/01/06,16.80,16.80,15.85,16.04,3336152,16.66
2014/01/07,16.04,16.38,15.95,16.24,1798341,16.66
2014/01/08,16.27,16.48,16.05,16.30,1525420,16.66
2014/01/09,16.30,16.38,15.58,15.60,2404456,16.34
2014/01/10,15.48,15.77,15.08,15.20,2237426,15.85
2014/01/13,15.25,15.47,15.10,15.32,1279042,15.67
2014/01/14,15.25,15.58,15.20,15.58,1194021,15.83
2014/01/15,15.59,15.83,15.47,15.82,1530409,16.09
2014/01/16,15.77,15.77,15.53,15.59,1472435,16.03
2014/01/17,15.53,15.75,15.50,15.53,1129557,16.00
2014/01/20,15.53,15.62,15.15,15.18,1302062,15.69
2014/01/21,15.20,15.20,14.26,14.51,7132904,14.97
2014/01/22,14.50,14.82,14.45,14.82,3710598,15.08
2014/01/23,14.72,14.88,14.69,14.76,3028945,15.16
2014/01/24,14.75,15.20,14.70,15.10,3407772,15.36
2014/01/27,15.00,15.16,14.78,14.87,2731868,15.41
2014/01/28,14.90,14.96,14.53,14.67,2060092,15.12
2014/01/29,14.70,15.17,14.68,15.17,2329910,15.42
2014/01/30,15.20,15.20,14.97,15.16,1649723,15.47
2014/02/07,15.05,15.49,14.99,15.49,2508289,15.66
2014/02/10,15.48,15.95,15.41,15.88,3495554,16.16
2014/02/11,15.89,16.03,15.58,15.78,2704670,16.17
2014/02/12,15.80,16.13,15.60,16.10,3137825,16.25
2014/02/13,16.00,16.08,15.58,15.58,3079250,16.25
2014/02/14,15.62,16.04,15.57,16.00,2531114,16.19
2014/02/17,16.07,16.33,15.87,16.30,4213419,16.51
2014/02/18,16.28,16.64,16.13,16.45,4658937,16.82
2014/02/19,16.35,16.54,16.16,16.26,3351864,16.72
2014/02/20,16.30,16.31,15.78,15.80,3645078,16.42
2014/02/21,15.79,15.88,15.60,15.86,2176324,16.16
2014/02/24,15.86,15.98,15.47,15.91,2470805,16.11
2014/02/25,16.01,16.03,14.60,15.18,3374898,15.98
2014/02/26,14.99,15.30,14.92,15.17,1680115,15.44
2014/02/27,15.29,15.36,14.76,14.81,2477033,15.49
2014/02/28,14.79,15.48,14.70,15.08,1629486,15.38
2014/03/03,15.08,15.32,15.05,15.25,1563523,15.61
2014/03/04,15.15,15.16,14.71,14.88,2996810,15.27
2014/03/05,14.91,15.25,14.90,14.96,2005812,15.51
2014/03/06,14.95,15.35,14.95,15.20,2350543,15.61
2014/03/07,15.20,15.36,14.96,15.03,1477749,15.51
2014/03/10,14.98,14.98,14.14,14.24,2774618,14.88
2014/03/11,14.29,14.42,14.03,14.19,1273342,14.64
2014/03/12,14.22,14.29,13.96,14.13,1196110,14.51
2014/03/13,14.10,14.40,14.10,14.38,1396674,14.66
2014/03/14,14.29,14.29,13.99,14.15,1135373,14.53
2014/03/17,14.18,14.52,14.09,14.50,1345950,14.72
2014/03/18,14.51,14.61,14.37,14.52,1195793,14.88
2014/03/19,14.50,14.50,14.28,14.35,1182375,14.75
2014/03/20,14.39,14.39,13.96,13.96,1755031,14.58
2014/03/21,13.97,14.29,13.61,14.20,1925061,14.35
2014/03/24,14.19,14.31,14.02,14.24,1199180,14.56
2014/03/25,14.18,14.46,14.10,14.28,1594003,14.70
2014/03/26,14.30,14.41,14.18,14.41,1219903,14.72
2014/03/27,14.30,14.40,14.04,14.06,1072213,14.56
2014/03/28,14.08,14.08,13.70,13.77,1317126,14.22
2014/03/31,13.77,13.90,13.65,13.86,575660,14.19
2014/04/01,13.89,14.00,13.82,13.96,1132697,14.31
2014/04/02,13.99,13.99,13.76,13.78,1094132,14.23
2014/04/03,13.86,14.21,13.77,14.19,1804105,14.41
2014/04/04,14.16,14.36,14.05,14.24,929125,14.64
2014/04/08,14.12,14.40,14.11,14.32,1087521,14.69
2014/04/09,14.32,14.40,14.20,14.30,1192143,14.68
2014/04/10,14.33,14.39,14.22,14.29,1376771,14.74
2014/04/11,14.26,14.26,14.05,14.19,832255,14.55
2014/04/14,14.18,14.53,14.11,14.51,1271005,14.78
2014/04/15,14.54,14.54,14.32,14.37,982134,14.79
2014/04/16,14.36,14.50,14.31,14.48,1081480,14.84
2014/04/17,14.42,14.54,14.34,14.50,894732,14.85
2014/04/18,14.40,14.40,13.99,14.00,2648087,14.51
2014/04/21,13.90,14.04,13.78,13.82,1216381,14.31
2014/04/22,13.81,13.89,13.05,13.31,2999526,13.82
2014/04/23,13.22,13.35,12.68,13.16,2036940,13.53
2014/04/24,13.03,13.14,12.90,12.99,1513528,13.40
2014/04/25,13.06,13.08,12.82,12.84,1019280,13.33
2014/04/28,12.73,12.80,12.21,12.31,1747963,12.83
2014/04/29,12.34,12.50,12.31,12.50,1000646,12.82
2014/04/30,12.50,12.65,12.45,12.65,836914,12.97
2014/05/05,12.65,12.74,12.44,12.70,817832,12.95
2014/05/06,12.69,12.92,12.63,12.84,1065804,13.21
2014/05/07,12.80,12.80,12.48,12.48,788610,13.02
2014/05/08,12.42,12.69,12.35,12.51,768443,12.95
2014/05/09,12.46,12.50,12.26,12.40,871186,12.76
2014/05/12,12.50,12.79,12.38,12.77,993493,13.06
2014/05/13,12.76,13.01,12.70,12.87,1119039,13.29
2014/05/14,12.87,12.97,12.76,12.87,699992,13.26
2014/05/15,12.85,12.90,12.43,12.49,767277,13.04
2014/05/16,12.49,12.54,12.29,12.46,469451,12.80
2014/05/19,12.46,12.50,12.27,12.38,485407,12.75
2014/05/20,12.54,12.57,12.37,12.40,574077,12.88
2014/05/21,12.36,12.85,12.31,12.82,1067417,13.09
2014/05/22,12.82,13.11,12.78,12.85,1376516,13.36
2014/05/23,12.80,13.04,12.80,13.03,726506,13.33
2014/05/26,13.06,13.24,12.93,13.24,1449507,13.46
2014/05/27,13.21,13.21,13.01,13.07,632803,13.50
2014/05/28,13.12,13.20,13.05,13.18,914589,13.55
2014/05/29,13.20,13.45,12.93,12.95,1235191,13.58
2014/05/30,13.11,13.11,12.91,12.94,1277508,13.17
2014/06/03,13.00,13.10,12.87,12.87,778016,13.20
2014/06/04,12.85,12.92,12.56,12.70,795555,12.93
2014/06/05,12.65,13.00,12.65,12.99,1105312,13.07
2014/06/06,13.00,13.44,12.93,13.40,2179768,13.39
2014/06/09,13.36,13.94,13.20,13.52,5026488,13.83
2014/06/10,13.50,13.77,13.25,13.51,1990173,13.72
2014/06/11,13.46,13.66,13.45,13.56,1134619,13.77
2014/06/12,13.48,13.65,13.38,13.45,834442,13.68
2014/06/13,13.41,13.75,13.41,13.65,1361270,13.84
2014/06/16,13.60,13.78,13.59,13.69,1005672,13.89
2014/06/17,13.68,13.74,13.42,13.42,893642,13.73
2014/06/18,13.40,13.69,13.36,13.42,735544,13.67
2014/06/19,13.45,13.48,12.93,12.93,1029982,13.36
2014/06/20,12.99,13.10,12.85,13.08,875059,13.17
2014/06/23,13.10,13.43,13.10,13.32,863914,13.53
2014/06/24,13.21,13.39,13.21,13.35,727262,13.53
2014/06/25,13.35,13.44,13.18,13.29,617214,13.45
2014/06/26,13.32,13.65,13.27,13.57,1325383,13.74
2014/06/27,13.59,13.69,13.49,13.59,1264039,13.79
2014/06/30,13.61,13.73,13.53,13.58,1001945,13.82
2014/07/01,13.60,13.88,13.51,13.86,1831083,13.92
2014/07/02,13.82,13.89,13.60,13.77,1381896,13.93
2014/07/03,13.76,13.92,13.69,13.86,1572608,14.02
2014/07/04,13.86,13.89,13.63,13.82,1563377,13.95
2014/07/07,14.12,14.12,13.69,13.81,1662291,14.06
2014/07/08,13.70,13.85,13.66,13.78,956137,13.96
2014/07/09,13.78,13.81,13.43,13.49,1876972,13.83
2014/07/10,13.48,13.65,13.45,13.55,1055726,13.77
2014/07/11,13.49,13.94,13.49,13.91,2170719,14.00
2014/07/14,13.90,14.20,13.80,14.19,2237072,14.20
2014/07/15,14.20,14.41,14.01,14.14,2387196,14.40
2014/07/16,14.20,14.39,14.02,14.06,2335583,14.41
2014/07/17,14.04,14.17,13.93,14.01,937205,14.22
2014/07/18,13.98,14.16,13.95,13.95,1095574,14.24
2014/07/21,13.95,14.10,13.88,13.95,826188,14.16
2014/07/22,14.06,14.21,13.87,14.10,1216982,14.26
2014/07/23,14.10,14.15,13.89,13.94,1570088,14.18
2014/07/24,13.96,14.09,13.85,13.92,1281564,14.19
2014/07/25,13.90,14.22,13.87,14.22,1289707,14.33
2014/07/28,14.25,14.72,14.23,14.70,4089821,14.68
2014/07/29,14.60,15.19,14.60,15.04,6124451,15.21
2014/07/30,15.03,15.10,14.91,15.07,2005937,15.18
2014/07/31,15.06,15.25,14.96,15.09,1933006,15.31
2014/08/01,15.24,15.75,15.13,15.16,7103241,15.61
2014/08/04,15.20,15.45,15.16,15.41,3923781,15.55
2014/08/05,15.50,15.55,15.28,15.50,3114108,15.62
2014/08/06,15.49,15.75,15.43,15.60,3577059,15.82
2014/08/07,15.65,15.75,15.20,15.22,4754205,15.73
2014/08/08,15.20,15.50,15.13,15.31,2979048,15.52
2014/08/11,15.34,15.56,15.13,15.49,2047324,15.61
2014/08/12,15.49,15.72,15.32,15.69,2415597,15.74
2014/08/13,15.67,15.74,15.37,15.58,1661725,15.78
2014/08/14,15.64,15.64,15.38,15.38,2018188,15.66
2014/08/15,15.38,15.56,15.25,15.43,1637820,15.63
2014/08/18,15.43,16.05,15.30,16.05,4172684,15.95
2014/08/19,15.98,16.14,15.85,15.96,2096561,16.19
2014/08/20,15.96,16.90,15.96,16.65,7115699,16.64
2014/08/21,16.48,16.79,16.40,16.68,2561913,16.79
2014/08/22,16.67,16.96,16.57,16.60,2560475,16.94
2014/08/25,16.50,16.64,16.12,16.37,2780051,16.58
2014/08/26,16.34,16.53,16.08,16.22,1838366,16.49
2014/08/27,16.08,16.49,16.08,16.36,1415200,16.53
2014/08/28,16.26,16.44,16.20,16.35,1897245,16.49
2014/08/29,16.35,16.70,16.34,16.46,1335585,16.78
2014/09/01,16.48,16.96,16.07,16.08,6022620,16.62
2014/09/02,16.05,16.90,16.02,16.75,6893274,16.75
2014/09/03,16.75,17.26,16.61,16.91,5780837,17.16
2014/09/04,16.89,17.21,16.72,17.21,3063548,17.26
2014/09/05,17.21,17.55,17.01,17.50,3447678,17.54
2014/09/09,17.51,17.76,17.40,17.54,2823586,17.77
2014/09/10,17.56,17.56,17.15,17.20,2756544,17.52
2014/09/11,17.28,17.75,17.09,17.18,3193004,17.61
2014/09/12,17.16,17.38,17.11,17.35,2117255,17.45
2014/09/15,17.28,17.65,17.18,17.43,2166284,17.57
2014/09/16,17.45,17.48,16.86,16.88,2786541,17.31
2014/09/17,16.85,17.09,16.42,16.74,2393694,16.84
2014/09/18,16.74,17.18,16.53,16.95,2111035,17.16
2014/09/19,16.95,17.35,16.87,17.16,2290582,17.30
2014/09/22,17.16,18.20,17.00,17.65,6399471,17.83
2014/09/23,17.50,18.09,17.50,18.02,4373783,18.07
2014/09/24,18.02,18.30,17.94,18.06,3071390,18.35
2014/09/25,18.02,18.28,17.92,17.95,2587157,18.30
2014/09/26,17.95,18.67,17.86,18.61,4361214,18.63
2014/09/29,18.56,19.79,18.48,19.48,5967463,19.51
2014/09/30,19.50,19.87,19.31,19.70,4611885,19.88
2014/10/08,19.50,19.87,19.31,19.70,0,19.59
2014/10/09,19.50,19.87,19.31,19.70,0,19.59
2014/10/10,19.50,19.87,19.31,19.70,0,19.59
2014/10/13,19.50,19.87,19.31,19.70,0,19.59
2014/10/14,19.50,19.87,19.31,19.70,0,19.59
2014/10/15,19.50,19.87,19.31,19.70,0,19.59
2014/10/16,19.50,19.87,19.31,19.70,0,19.59
2014/10/17,19.50,19.87,19.31,19.70,0,19.59
2014/10/20,19.50,19.87,19.31,19.70,0,19.59
2014/10/21,19.50,19.87,19.31,19.70,0,19.59
2014/10/22,19.50,19.87,19.31,19.70,0,19.59
2014/10/23,19.50,19.87,19.31,19.70,0,19.59
2014/10/24,19.50,19.87,19.31,19.70,0,19.59
2014/10/27,19.50,19.87,19.31,19.70,0,19.59
2014/10/28,19.50,19.87,19.31,19.70,0,19.59
2014/10/29,19.50,19.87,19.31,19.70,0,19.59
2014/10/30,19.50,19.87,19.31,19.70,0,19.59
2014/10/31,19.50,19.87,19.31,19.70,0,19.59
2014/11/03,19.50,19.87,19.31,19.70,0,19.59
2014/11/04,19.50,19.87,19.31,19.70,0,19.59
2014/11/05,19.50,19.87,19.31,19.70,0,19.59
2014/11/06,19.50,19.87,19.31,19.70,0,19.59
2014/11/07,19.50,19.87,19.31,19.70,0,19.59
2014/11/10,19.50,19.87,19.31,19.70,0,19.59
2014/11/11,19.50,19.87,19.31,19.70,0,19.59
2014/11/12,19.50,19.87,19.31,19.70,0,19.59
2014/11/13,19.50,19.87,19.31,19.70,0,19.59
2014/11/14,19.50,19.87,19.31,19.70,0,19.59
2014/11/17,19.50,19.87,19.31,19.70,0,19.59
2014/11/18,19.50,19.87,19.31,19.70,0,19.59
2014/11/19,19.50,19.87,19.31,19.70,0,19.59
2014/11/20,19.50,19.87,19.31,19.70,0,19.59
2014/11/21,19.50,19.87,19.31,19.70,0,19.59
2014/11/24,19.50,19.87,19.31,19.70,0,19.59
2014/11/25,19.50,19.87,19.31,19.70,0,19.59
2014/11/26,19.50,19.87,19.31,19.70,0,19.59
2014/11/27,19.50,19.87,19.31,19.70,0,19.59
2014/11/28,19.50,19.87,19.31,19.70,0,19.59
2014/12/01,19.50,19.87,19.31,19.70,0,19.59
2014/12/02,19.50,19.87,19.31,19.70,0,19.59
2014/12/03,19.50,19.87,19.31,19.70,0,19.59
2014/12/04,19.50,19.87,19.31,19.70,0,19.59
2014/12/05,19.50,19.87,19.31,19.70,0,19.59
2014/12/08,19.50,19.87,19.31,19.70,0,19.59
2014/12/09,19.50,19.87,19.31,19.70,0,19.59
2014/12/10,19.50,19.87,19.31,19.70,0,19.59
2014/12/11,19.50,19.87,19.31,19.70,0,19.59
2014/12/12,19.50,19.87,19.31,19.70,0,19.59
2014/12/15,19.50,19.87,19.31,19.70,0,19.59
2014/12/16,19.50,19.87,19.31,19.70,0,19.59
2014/12/17,19.50,19.87,19.31,19.70,0,19.59
2014/12/18,19.50,19.87,19.31,19.70,0,19.59
2014/12/19,19.50,19.87,19.31,19.70,0,19.59
2014/12/22,19.50,19.87,19.31,19.70,0,19.59
2014/12/23,19.50,19.87,19.31,19.70,0,19.59
2014/12/24,19.50,19.87,19.31,19.70,0,19.59
2014/12/25,19.50,19.87,19.31,19.70,0,19.59
2014/12/26,19.50,19.87,19.31,19.70,0,19.59
2014/12/29,19.50,19.87,19.31,19.70,0,19.59
2014/12/30,19.50,19.87,19.31,19.70,0,19.59
2014/12/31,19.50,19.87,19.31,19.70,0,19.59
2015/01/05,19.50,19.87,19.31,19.70,0,19.59
2015/01/06,19.50,19.87,19.31,19.70,0,19.59
2015/01/07,19.50,19.87,19.31,19.70,0,19.59
2015/01/08,19.50,19.87,19.31,19.70,0,19.59
2015/01/09,19.50,19.87,19.31,19.70,0,19.59
2015/01/12,19.50,19.87,19.31,19.70,0,19.59
2015/01/13,19.50,19.87,19.31,19.70,0,19.59
2015/01/14,21.69,21.69,19.80,21.69,20964753,21.30
2015/01/15,22.30,23.79,21.42,21.62,22140674,22.70
2015/01/16,20.90,22.80,20.87,22.37,12330939,22.22
2015/01/19,21.99,23.04,21.17,21.65,12746417,22.40
2015/01/20,21.70,23.84,21.70,23.84,9271290,23.60
2015/01/21,24.79,25.70,24.15,24.72,12076888,24.99
2015/01/22,24.70,24.99,23.93,24.41,5966239,24.60
2015/01/23,24.40,24.59,23.93,24.28,3846734,24.39
2015/01/26,24.38,26.10,24.18,25.50,6228388,25.44
2015/01/27,25.64,25.64,24.60,25.20,2878314,25.22
2015/01/28,25.25,26.50,25.25,25.35,4432355,26.01
2015/01/29,25.09,25.98,24.80,25.21,2756953,25.75
2015/01/30,24.95,26.14,24.95,25.46,3781368,25.95
2015/02/02,25.20,25.45,24.22,24.61,2272456,24.87
2015/02/03,24.65,25.00,23.81,24.15,3280218,24.27
2015/02/04,24.13,24.14,23.70,24.01,2229774,24.12
2015/02/05,24.12,26.32,23.93,26.30,6190761,25.72
2015/02/06,26.29,26.29,23.72,24.80,5132726,25.37
2015/02/09,24.38,25.06,23.81,23.88,1425033,24.37
2015/02/10,23.80,24.59,23.80,24.29,1457493,24.53
2015/02/11,24.78,24.78,23.90,24.38,1043743,24.47
2015/02/12,24.62,24.62,24.05,24.20,1113843,24.40
2015/02/13,24.21,25.19,24.20,24.74,1534328,24.93
2015/02/16,24.74,25.54,24.36,25.49,1938661,25.09
2015/02/17,25.58,25.74,24.78,25.10,1776530,25.34
2015/02/25,25.15,25.40,24.67,24.76,1043487,25.20
2015/02/26,24.76,26.03,24.76,25.67,1987231,25.77
2015/02/27,25.68,26.00,25.38,25.70,831740,25.89
2015/03/02,25.81,26.78,25.73,25.89,1650922,26.24
2015/03/03,25.88,27.10,25.35,26.48,3723671,26.83
2015/03/04,26.72,27.27,26.07,27.19,2046962,27.05
2015/03/05,27.65,29.60,27.32,28.76,4998323,28.73
2015/03/06,28.70,29.28,27.35,27.41,4091193,28.44
2015/03/09,27.31,27.34,26.13,27.00,1981343,26.90
2015/03/10,27.03,27.49,26.40,26.69,2799324,26.90
2015/03/11,26.69,26.93,26.45,26.85,1403253,26.91
2015/03/12,26.61,27.25,26.54,26.73,1367600,27.00
2015/03/13,27.00,27.10,26.56,26.92,1036187,27.04
2015/03/16,26.92,27.78,26.59,27.66,3842468,27.24
2015/03/17,27.70,29.47,27.40,28.66,3374866,28.68
2015/03/18,28.68,29.34,28.13,28.46,3266270,28.68
2015/03/19,28.61,29.80,28.20,29.30,3787242,29.41
2015/03/20,29.41,29.75,28.80,29.18,2662674,29.29
2015/03/23,29.82,31.45,29.80,31.30,4913033,31.10
2015/03/24,31.80,33.30,30.80,32.88,6487113,32.78
2015/03/25,32.88,34.36,32.61,33.19,5312561,33.47
2015/03/26,34.01,34.79,32.60,32.94,8195340,33.99
2015/03/27,33.30,33.33,31.50,32.59,3764601,32.51
2015/03/30,32.60,33.31,31.80,32.28,3067903,32.51
2015/03/31,31.96,33.78,31.96,33.26,4299207,33.34
2015/04/01,33.16,34.75,33.16,34.47,4140280,34.27
2015/04/02,34.47,34.80,33.50,33.86,3048349,34.35
2015/04/03,33.78,33.78,32.88,33.53,4408523,33.62
2015/04/07,33.50,34.05,33.30,33.84,3584068,33.83
2015/04/08,33.91,35.30,33.81,34.60,4907403,34.73
2015/04/09,34.23,34.77,32.12,32.82,4810580,33.16
2015/04/10,32.46,34.66,32.46,34.60,4192115,33.69
2015/04/13,34.80,35.80,34.48,35.20,3874868,35.35
2015/04/14,34.65,35.10,33.40,33.80,3437919,34.27
2015/04/15,33.40,33.74,31.30,31.31,3490130,32.53
2015/04/16,30.91,32.20,29.80,30.03,5846353,31.35
2015/04/17,30.69,31.50,30.50,31.19,3615220,31.25
2015/04/20,31.39,31.77,29.88,30.25,3482254,31.02
2015/04/21,30.35,32.32,30.34,32.31,3710206,31.63
2015/04/22,32.26,33.28,32.25,32.66,2792295,32.99
2015/04/23,32.85,33.25,32.51,32.98,3510530,33.03
2015/04/24,31.80,33.48,31.10,32.99,4107334,32.43
2015/04/27,34.35,35.00,33.48,34.04,7202605,34.29
2015/04/28,34.00,34.68,32.83,33.18,4388822,33.81
2015/04/29,32.92,35.16,32.82,35.02,5937038,34.79
2015/04/30,35.21,35.59,33.80,33.80,5443698,34.55
2015/05/04,33.95,34.11,33.18,33.49,2603764,33.87
2015/05/05,33.50,33.50,31.20,31.29,4980289,32.13
2015/05/06,31.44,32.45,30.60,31.24,4146621,31.86
2015/05/07,31.24,31.68,30.00,30.25,3043698,31.09
2015/05/08,30.88,31.14,30.30,30.96,3050570,30.93
2015/05/11,31.35,32.88,31.10,32.79,5158151,32.53
2015/05/12,32.88,34.00,32.52,33.80,7965099,33.37
2015/05/13,33.43,34.36,33.20,33.80,5297372,33.92
2015/05/14,34.09,34.35,33.38,34.00,4991875,34.00
2015/05/15,34.20,37.42,33.61,37.42,10851376,35.83
2015/05/18,38.20,39.60,37.34,39.10,12253961,38.44
2015/05/19,38.51,39.06,38.15,38.77,6350790,38.80
2015/05/20,38.80,40.60,38.30,38.32,7495956,39.70
2015/05/21,38.72,40.12,37.70,39.85,6662227,39.55
2015/05/22,40.50,40.80,38.48,39.00,6988378,39.34
2015/05/25,38.59,39.75,37.86,39.17,6483805,39.26
2015/05/26,39.50,41.79,39.30,41.15,8781272,40.97
2015/05/27,41.45,42.76,40.20,41.10,7200581,41.43
2015/05/28,40.78,42.58,38.51,38.85,7395255,41.18
2015/05/29,38.96,40.30,37.01,39.10,5502846,38.99
2015/06/01,38.90,41.43,38.81,41.41,7366821,40.79
2015/06/02,41.80,44.33,41.10,44.05,7993952,43.11
2015/06/03,44.41,46.78,43.05,44.82,7236679,45.40
2015/06/04,44.30,44.30,40.32,42.31,6599591,42.22
2015/06/05,42.70,44.35,41.48,43.00,5897318,43.34
2015/06/08,43.07,43.57,40.80,41.30,6156372,41.86
2015/06/09,41.39,42.04,39.80,40.44,4807827,41.09
2015/06/10,40.00,42.35,39.40,41.77,4984837,41.47
2015/06/11,41.65,43.47,41.40,43.27,4790272,42.94
2015/06/12,43.88,44.27,42.85,43.38,7927837,43.88
2015/06/15,43.59,43.68,41.11,41.38,6720645,42.27
2015/06/16,40.95,42.20,40.25,40.66,4390737,41.31
2015/06/17,41.00,41.48,38.88,41.00,4488921,40.48
2015/06/18,40.80,41.11,38.14,38.30,5125216,40.15
2015/06/19,37.26,39.37,36.00,36.07,4088420,37.85
2015/06/23,36.41,37.71,33.30,37.71,4641058,36.69
2015/06/24,37.88,39.08,37.30,38.32,4663878,38.48
2015/06/25,38.68,38.80,36.30,36.89,5303038,38.02
2015/06/26,35.38,35.80,33.18,33.18,6030110,34.43
2015/06/29,34.30,34.71,29.84,31.95,9740412,32.54
2015/06/30,31.91,34.80,30.48,34.50,8984904,33.45
2015/07/01,34.80,35.93,32.73,33.61,7026094,34.97
2015/07/02,33.60,34.07,30.28,30.80,6529484,32.61
2015/07/03,29.80,31.68,27.70,28.30,8626001,28.96
2015/07/06,31.15,31.15,25.74,27.58,10087384,28.95
2015/07/07,26.68,27.28,24.80,24.80,4214045,25.87
2015/07/08,26.68,27.28,24.80,24.80,0,26.04
2015/07/09,26.68,27.28,24.80,24.80,0,26.04
2015/07/10,26.68,27.28,24.80,24.80,0,26.04
2015/07/13,26.68,27.28,24.80,24.80,0,26.04
2015/07/14,26.68,27.28,24.80,24.80,0,26.04
2015/07/15,26.68,27.28,24.80,24.80,0,26.04
2015/07/16,26.68,27.28,24.80,24.80,0,26.04
2015/07/17,27.29,27.29,27.29,27.29,158409,27.39
2015/07/20,30.03,30.03,30.03,30.03,356302,30.13
2015/07/21,31.82,33.04,30.40,33.04,13768874,32.27
2015/07/22,33.04,33.89,32.05,32.66,10742357,32.84
2015/07/23,32.11,34.19,32.11,33.79,8174631,33.56
2015/07/24,33.95,33.98,32.30,32.54,6631596,33.55
2015/07/27,31.90,32.23,29.28,29.28,8020909,30.88
2015/07/28,27.00,30.25,26.58,28.13,6176088,27.96
2015/07/29,28.80,29.30,26.61,29.25,4661344,28.09
2015/07/30,28.85,29.58,27.93,27.93,4676685,29.16
2015/07/31,27.30,28.77,27.20,27.83,3391003,27.97
2015/08/03,26.90,27.81,26.22,26.59,2826923,27.16
2015/08/04,26.79,28.70,26.56,28.69,4886600,27.64
2015/08/05,28.40,28.93,27.60,27.80,4578778,28.42
2015/08/06,27.10,27.90,26.91,27.25,2463921,27.44
2015/08/07,27.38,28.85,27.38,28.70,4767277,28.42
2015/08/10,29.30,30.37,28.71,30.15,5749175,29.74
2015/08/11,29.91,30.43,29.40,29.50,5043467,30.04
2015/08/12,29.45,30.60,29.25,29.99,6587293,30.12
2015/08/13,29.93,30.32,29.25,30.26,3472010,29.97
2015/08/14,30.39,30.55,29.70,30.13,4550884,30.23
2015/08/17,29.80,30.10,29.30,29.91,3407800,29.81
2015/08/18,29.83,30.82,27.90,28.81,6915300,29.65
2015/08/19,27.94,29.65,26.61,28.86,3772864,28.36
2015/08/20,28.70,28.70,27.50,27.53,2861857,28.12
2015/08/21,27.34,27.40,24.91,25.20,4673517,26.02
2015/08/24,23.90,23.90,22.67,22.67,3005700,22.88
2015/08/25,20.39,24.95,20.39,20.39,6935905,21.01
2015/08/26,20.88,20.89,18.35,18.55,8405659,19.81
2015/08/27,19.10,19.72,18.55,19.72,5931276,19.36
2015/08/28,20.06,21.29,20.05,21.28,6058383,20.59
2015/08/31,20.86,20.86,19.17,19.18,8633936,19.86
2015/09/01,18.63,19.12,17.25,17.25,4729325,18.09
2015/09/02,16.40,18.10,16.00,16.68,4995399,17.26
2015/09/07,17.35,18.31,17.35,17.52,4929028,17.94
2015/09/08,17.45,19.28,17.22,19.20,5747942,18.36
2015/09/09,19.63,20.27,19.33,19.98,8051487,19.97
2015/09/10,19.50,20.24,19.38,19.62,5561148,20.01
2015/09/11,19.50,19.95,19.38,19.70,3984974,19.77
2015/09/14,20.01,20.09,17.72,17.72,5657439,18.71
2015/09/15,17.60,17.65,16.50,16.63,4586594,17.14
2015/09/16,16.95,18.30,16.80,18.28,4313513,17.64
2015/09/17,18.45,19.15,18.20,18.20,5768098,18.86
2015/09/18,18.38,18.71,17.95,18.50,2761023,18.43
2015/09/21,18.23,19.46,18.06,19.46,4150904,19.07
2015/09/22,19.56,19.76,19.00,19.41,5410783,19.53
2015/09/23,19.10,19.66,18.98,19.20,3985663,19.40
2015/09/24,19.38,20.05,19.35,19.70,4363534,19.78
2015/09/25,19.60,19.79,18.42,18.71,3528702,19.10
2015/09/28,18.83,19.12,18.40,19.10,1993000,18.96
2015/09/29,18.61,18.98,18.43,18.67,1947968,18.80
2015/09/30,18.78,19.32,18.70,19.01,2035233,19.15
2015/10/08,19.80,20.59,19.52,20.20,5577390,20.14
2015/10/09,20.33,20.50,19.91,20.45,4208756,20.35
2015/10/12,20.77,22.51,20.72,22.51,10285760,22.17
2015/10/13,22.39,23.61,22.20,23.15,8951859,23.01
2015/10/14,22.84,23.15,22.50,22.85,5487001,22.84
2015/10/15,22.90,23.89,22.56,23.89,6857884,23.38
2015/10/16,24.05,24.19,23.04,23.67,8383357,23.59
2015/10/19,23.99,24.00,22.66,23.01,9592764,23.36
2015/10/20,22.79,23.58,22.70,23.50,6593607,23.31
2015/10/21,23.42,23.58,21.21,21.43,8257492,22.64
2015/10/22,21.64,22.68,21.64,22.67,7276594,22.34
2015/10/23,22.75,23.88,22.75,23.67,8172489,23.60
2015/10/26,23.93,25.60,23.93,24.98,9580273,24.79
2015/10/27,24.71,25.29,23.40,25.24,9074998,24.46
2015/10/28,24.90,25.79,23.91,24.23,6639815,25.02
2015/10/29,24.50,24.78,23.51,24.14,5170767,24.06
2015/10/30,24.18,24.29,23.52,24.00,4714466,24.04
2015/11/02,23.40,24.11,23.15,23.31,5318115,23.66
2015/11/03,23.42,23.67,23.15,23.45,3699023,23.52
2015/11/04,23.60,25.38,23.46,25.38,8339929,24.63
2015/11/05,25.36,26.01,25.13,25.48,8388653,25.65
2015/11/06,25.41,28.04,22.92,27.10,14627563,26.63
2015/11/09,26.79,28.40,26.43,27.97,11753624,27.72
2015/11/10,27.41,27.96,26.84,27.48,7563938,27.57
2015/11/11,27.41,27.97,27.00,27.88,6541165,27.74
2015/11/12,27.76,29.18,27.76,28.75,10752469,28.59
2015/11/13,28.50,30.10,28.27,29.12,12054871,29.41
2015/11/16,28.29,29.36,27.95,29.22,6507358,28.83
2015/11/17,29.75,29.90,28.41,28.48,8078736,29.22
2015/11/18,28.46,28.66,26.89,26.98,5375312,27.86
2015/11/19,27.20,27.85,27.00,27.84,5315387,27.59
2015/11/20,27.88,28.75,27.74,28.70,5118627,28.48
2015/11/23,28.43,29.08,27.82,27.95,6409248,28.55
2015/11/24,27.94,29.69,27.78,29.54,8560445,29.10
2015/11/25,29.56,29.74,29.01,29.63,6506537,29.52
2015/11/26,29.90,30.90,29.61,29.88,8230464,30.32
2015/11/27,29.58,30.23,27.25,27.90,7923810,29.05
2015/11/30,28.16,29.89,27.40,29.85,7082933,28.53
2015/12/01,30.40,31.66,29.81,30.28,9664796,30.88
2015/12/02,29.90,30.20,28.32,29.73,6474693,29.39
2015/12/03,29.60,30.69,29.60,30.42,5414984,30.40
2015/12/04,30.49,30.49,29.50,29.72,5471956,30.05
2015/12/07,29.75,30.03,29.31,29.75,3914266,29.70
2015/12/08,29.68,29.68,28.71,28.83,4528750,29.18
2015/12/09,28.45,28.86,28.20,28.49,4009173,28.54
2015/12/10,28.62,28.94,28.40,28.51,2643192,28.75
2015/12/11,28.46,28.85,28.30,28.45,2261626,28.68
2015/12/14,27.90,29.38,27.72,29.31,3377508,28.83
2015/12/15,29.30,29.88,29.16,29.40,3284298,29.60
2015/12/16,29.42,30.50,29.42,30.28,5390968,30.02
2015/12/17,30.41,31.29,30.15,31.25,7518401,30.88
2015/12/18,31.13,31.66,30.80,31.35,6239018,31.35
2015/12/21,31.40,32.88,31.17,32.73,10186482,32.42
2015/12/22,32.55,33.10,32.44,32.79,10858656,32.83
2015/12/23,32.70,32.74,31.72,31.77,6736935,32.36
2015/12/24,31.65,32.45,31.09,32.24,4686528,31.79
2015/12/25,32.30,33.79,32.10,33.66,7431547,33.35
2015/12/28,33.60,34.10,32.26,32.30,6277259,33.23
2015/12/29,32.29,32.70,31.50,32.60,4875723,32.24
2015/12/30,32.91,33.00,32.18,32.63,3999002,32.64
2015/12/31,32.70,32.70,31.20,31.48,4568359,31.92
2016/01/04,31.32,31.58,28.63,28.71,4728021,30.11
2016/01/05,27.55,29.60,27.41,29.38,6003890,28.79
2016/01/06,29.12,29.59,28.65,29.47,5198231,29.32
2016/01/07,28.61,28.65,26.52,26.60,1278500,27.84
2016/01/08,27.25,28.10,25.42,27.09,6201893,27.31
2016/01/11,26.46,27.75,26.05,26.05,5552809,26.98
2016/01/12,26.15,27.18,26.06,26.81,4575426,26.76
2016/01/13,27.08,27.31,26.05,26.05,3982145,26.90
2016/01/14,25.00,27.14,24.86,26.88,4765023,26.11
2016/01/15,26.55,26.95,25.08,25.11,4483387,26.01
2016/01/18,24.60,25.89,24.60,25.45,3329633,25.41
2016/01/19,25.45,26.67,24.91,26.55,4106425,26.24
2016/01/20,26.41,27.22,26.34,26.68,4930602,26.94
2016/01/21,26.14,27.10,25.97,25.97,3762511,26.56
2016/01/22,26.07,26.68,25.41,26.53,3747658,26.24
2016/01/25,26.90,27.06,26.40,26.64,2531685,26.87
2016/01/26,26.40,26.63,24.41,24.61,3931104,25.77
2016/01/27,24.90,25.07,22.89,24.31,4218509,24.33
2016/01/28,24.01,24.26,22.52,22.63,2981003,23.68
2016/01/29,22.58,23.83,22.30,23.42,2930293,23.30
2016/02/01,23.42,24.05,22.78,23.47,2877125,23.68
2016/02/02,23.40,24.45,23.39,24.22,2954574,24.13
2016/02/03,23.98,24.10,23.50,24.02,2580672,23.91
2016/02/04,24.12,24.75,24.12,24.36,3584763,24.53
2016/02/05,24.64,24.64,24.05,24.05,2184971,24.35
2016/02/15,22.92,23.86,22.92,23.60,2192187,23.47
2016/02/16,23.82,24.65,23.76,24.62,3441614,24.47
2016/02/17,24.53,25.87,24.42,25.68,4537352,25.18
2016/02/18,25.69,25.95,25.43,25.46,3520932,25.76
2016/02/19,25.28,26.35,25.08,26.09,3261451,25.97
2016/02/22,26.40,26.78,26.15,26.41,3079580,26.63
2016/02/23,26.41,26.88,25.91,26.74,3309606,26.54
2016/02/24,26.40,26.74,25.37,26.35,3769014,26.15
2016/02/25,26.09,26.27,23.71,23.71,5080500,24.85
2016/02/26,24.39,24.48,23.52,24.15,3071459,24.10
2016/02/29,24.09,24.09,21.93,22.79,4231940,22.83
2016/03/01,22.95,23.50,22.57,23.30,2800774,23.09
2016/03/02,23.36,24.69,23.13,24.45,3783725,24.02
2016/03/03,24.28,24.84,24.15,24.18,2926132,24.57
2016/03/04,23.93,24.34,22.80,23.49,3234604,23.66
2016/03/07,23.58,24.34,23.56,24.00,2233723,24.17
2016/03/08,23.91,24.10,22.70,23.85,2234395,23.39
2016/03/09,23.01,23.65,22.95,23.23,1370815,23.41
2016/03/10,23.21,23.40,22.75,22.90,1430999,23.19
2016/03/11,22.89,23.08,22.60,22.74,1232361,22.90
2016/03/14,22.96,24.00,22.96,23.64,2282223,23.69
2016/03/15,23.58,23.73,23.30,23.36,1467405,23.57
2016/03/16,23.51,23.73,23.27,23.42,1677652,23.64
2016/03/17,23.58,24.55,23.44,24.52,3960012,24.30
2016/03/18,24.69,25.45,24.52,25.30,4399030,25.18
2016/03/21,25.55,25.78,25.25,25.65,3702310,25.62
2016/03/22,25.48,26.15,25.13,25.89,2996656,26.00
2016/03/23,25.72,25.97,25.43,25.85,2613968,25.79
2016/03/24,25.55,25.80,25.20,25.20,3462346,25.62
2016/03/25,25.09,25.97,25.09,25.61,3715936,25.73
2016/03/28,24.90,25.17,24.40,24.48,8634125,24.89
2016/03/29,24.35,24.48,23.56,23.76,4416790,24.06
2016/03/30,23.90,24.53,23.86,24.48,4543652,24.25
2016/03/31,24.60,24.67,24.22,24.34,4018929,24.54
2016/04/01,24.34,24.49,23.63,24.20,4501883,24.13
2016/04/05,24.27,25.12,23.96,25.07,4977145,24.78
2016/04/06,25.08,25.44,24.71,25.00,5296931,25.23
2016/04/07,25.09,25.58,24.71,25.10,4684201,25.18
2016/04/08,24.98,25.78,24.73,25.78,5028516,25.40
2016/04/11,25.95,26.23,25.61,25.89,6429142,26.01
2016/04/12,25.61,25.83,24.99,25.25,4010885,25.41
2016/04/13,25.39,26.12,25.39,25.58,4451403,25.88
2016/04/14,25.64,26.07,25.60,26.05,3966678,25.93
2016/04/15,26.01,26.12,25.10,25.79,3447345,25.89
2016/04/18,25.59,25.59,25.10,25.40,3394186,25.41
2016/04/19,25.50,25.74,25.32,25.72,2790911,25.65
2016/04/20,25.70,25.79,23.91,24.56,4139473,24.95
2016/04/21,24.54,24.74,24.02,24.15,2381761,24.51
2016/04/22,24.13,24.45,23.91,24.40,1797938,24.35
2016/04/25,24.32,24.68,24.11,24.56,1717151,24.56
2016/04/26,24.78,25.43,24.56,25.19,2911270,25.15
2016/04/27,25.20,25.36,24.80,24.89,1825643,25.13
2016/04/28,24.89,25.56,24.76,25.49,3707078,25.30
2016/04/29,25.25,25.69,25.20,25.32,2390036,25.56
2016/05/03,25.21,26.20,25.12,26.15,5619953,25.89
2016/05/04,26.10,26.54,25.92,26.15,6668503,26.36
2016/05/05,25.95,26.22,25.81,26.16,2987179,26.09
2016/05/06,26.08,26.42,24.85,24.92,5192855,25.57
2016/05/09,24.70,24.74,24.30,24.64,3004910,24.67
2016/05/10,24.45,24.76,24.35,24.58,1530033,24.70
2016/05/11,24.72,25.09,24.39,24.69,2103254,24.88
2016/05/12,24.56,25.14,24.10,25.10,2102941,24.79
2016/05/13,25.12,25.48,24.93,25.45,2536760,25.38
2016/05/16,25.35,26.30,25.35,26.27,5061080,26.05
2016/05/17,26.24,26.41,25.71,25.91,3987182,26.15
2016/05/18,25.72,26.09,25.38,25.99,3488789,25.82
2016/05/19,25.85,27.45,25.81,26.62,11754370,26.90
2016/05/20,26.50,26.75,26.20,26.73,4875676,26.53
2016/05/23,26.85,27.18,26.60,27.01,5700676,26.87
2016/05/24,26.85,26.96,26.30,26.35,3756824,26.53
2016/05/25,26.60,27.18,26.40,26.55,4225450,26.75
2016/05/26,26.46,27.45,26.00,27.33,5563872,26.65
2016/05/27,27.26,28.56,27.07,28.03,7687063,27.98
2016/05/30,27.26,28.56,27.07,28.03,0,27.81
2016/05/31,27.26,28.56,27.07,28.03,0,27.81
2016/06/01,27.26,28.56,27.07,28.03,0,27.81
2016/06/02,27.26,28.56,27.07,28.03,0,27.81
2016/06/03,27.26,28.56,27.07,28.03,0,27.81
2016/06/06,27.26,28.56,27.07,28.03,0,27.81
2016/06/07,27.26,28.56,27.07,28.03,0,27.81
2016/06/08,27.26,28.56,27.07,28.03,0,27.81
2016/06/13,28.61,29.97,28.05,28.59,11723132,28.98
2016/06/14,28.62,29.43,28.02,29.40,6124025,28.79
2016/06/15,29.09,30.40,28.78,30.04,7792400,29.95
2016/06/16,29.85,30.18,29.45,29.50,5587782,29.74
2016/06/17,29.48,29.74,28.83,28.89,5633341,29.28
2016/06/20,29.00,29.84,28.86,29.36,3694735,29.36
2016/06/21,29.57,29.80,28.32,28.65,4282960,29.29
2016/06/22,28.64,29.09,28.31,28.94,3736957,28.69
2016/06/23,28.92,28.94,28.38,28.50,2432118,28.61
2016/06/24,28.08,28.94,27.55,28.74,3811740,28.47
2016/06/27,28.50,29.68,28.40,29.52,4070600,29.27
2016/06/28,29.50,29.77,29.18,29.54,3180699,29.47
2016/06/29,29.74,29.74,29.10,29.34,3043491,29.30
2016/06/30,29.33,29.47,29.00,29.12,1924953,29.18
2016/07/01,29.26,29.67,29.07,29.27,3225966,29.46
2016/07/04,28.88,29.69,28.76,29.50,3593216,29.30
2016/07/05,29.53,30.39,29.52,29.73,4211426,29.96
2016/07/06,29.62,29.73,29.31,29.50,3084279,29.48
2016/07/07,29.49,29.67,29.11,29.51,3006455,29.34
2016/07/08,29.70,30.96,29.40,30.56,7747349,30.35
2016/07/11,30.46,30.58,30.03,30.13,4096332,30.28
2016/07/12,30.20,30.38,29.49,30.25,4276726,29.88
2016/07/13,30.28,30.67,30.07,30.45,4021447,30.42
2016/07/14,30.29,30.39,30.00,30.12,2866232,30.16
2016/07/15,30.18,30.58,29.99,30.18,3559225,30.24
2016/07/18,30.14,30.25,29.79,30.08,2772580,29.99
2016/07/19,30.00,30.33,29.91,30.27,2179000,30.11
2016/07/20,30.20,31.00,30.13,30.50,3339237,30.68
2016/07/21,30.38,30.87,30.31,30.36,2821083,30.48
2016/07/22,30.20,30.44,30.08,30.15,2762569,30.23
2016/07/25,30.03,30.30,29.85,30.09,1449433,30.10
2016/07/26,30.03,30.60,30.02,30.50,2197200,30.42
2016/07/27,30.42,30.55,28.82,29.02,4242000,29.59
2016/07/28,29.10,29.25,28.71,29.03,2178800,28.97
2016/07/29,28.87,29.26,28.82,29.04,974431,29.02
2016/08/01,28.88,29.19,28.60,28.71,1835149,28.79
2016/08/02,28.70,28.87,28.58,28.82,664641,28.73
2016/08/03,28.83,29.24,28.68,29.14,1482675,29.07
2016/08/04,29.05,29.28,28.93,29.16,727404,29.08
2016/08/05,29.16,29.16,28.87,28.90,785553,28.98
2016/08/08,28.89,29.12,28.52,29.12,946758,28.92
2016/08/09,28.89,29.12,28.52,29.12,0,28.82
