Date, SZ002553.Open, SZ002553.High, SZ002553.Low, SZ002553.Close, SZ002553.Volume, SZ002553.Adjusted
2011/02/25,4.76,7.28,4.71,5.93,15195812,6.00
2011/02/28,5.67,6.56,5.44,6.56,12378517,6.00
2011/03/01,6.39,7.13,6.25,6.86,10465412,6.69
2011/03/02,6.64,6.78,6.34,6.64,6080977,6.56
2011/03/03,6.50,6.60,6.11,6.18,5483368,6.35
2011/03/04,6.11,6.46,6.03,6.16,4183942,6.25
2011/03/07,6.09,6.37,6.07,6.23,3412024,6.22
2011/03/08,6.18,6.44,6.04,6.44,4205141,6.24
2011/03/09,6.46,7.12,6.36,7.12,7090265,6.74
2011/03/10,7.37,7.87,7.29,7.87,9793707,7.58
2011/03/11,8.07,8.47,7.78,7.79,8993232,8.13
2011/03/14,7.45,7.80,7.39,7.50,5809452,7.59
2011/03/15,7.41,7.70,7.21,7.59,5298224,7.46
2011/03/16,7.44,8.26,7.35,8.01,6136590,7.80
2011/03/17,7.83,7.83,7.34,7.51,4214121,7.58
2011/03/18,7.61,8.19,7.29,7.94,4936378,7.74
2011/03/21,7.87,8.77,7.80,8.77,7651660,8.28
2011/03/22,8.76,9.19,8.36,8.46,8346591,8.77
2011/03/23,8.24,8.82,8.00,8.68,5296528,8.41
2011/03/24,8.51,9.03,8.42,8.58,5303787,8.72
2011/03/25,8.54,8.73,8.32,8.51,3566895,8.53
2011/03/28,8.49,8.69,8.33,8.46,3650466,8.51
2011/03/29,8.34,8.39,7.65,7.69,4818655,8.02
2011/03/30,7.68,7.75,7.35,7.39,2623745,7.55
2011/03/31,7.28,7.96,7.28,7.60,3714920,7.62
2011/04/01,7.52,7.93,7.47,7.70,2254708,7.70
2011/04/06,7.64,7.70,7.29,7.51,2040249,7.50
2011/04/07,7.53,7.74,7.35,7.64,1976510,7.54
2011/04/08,7.61,7.96,7.55,7.84,2597087,7.75
2011/04/11,7.81,8.32,7.64,7.98,3483306,7.98
2011/04/12,7.91,8.26,7.74,7.86,2787349,8.00
2011/04/13,7.76,7.84,7.51,7.72,1996398,7.67
2011/04/14,7.69,7.91,7.56,7.59,1804721,7.73
2011/04/15,7.58,7.69,7.40,7.44,1630165,7.55
2011/04/18,7.39,7.50,7.22,7.30,1691468,7.36
2011/04/19,7.30,7.48,7.26,7.33,1423119,7.37
2011/04/20,7.31,7.38,7.14,7.20,1395958,7.26
2011/04/21,7.17,7.25,6.89,6.94,2097412,7.07
2011/04/22,6.94,6.98,6.65,6.67,1803489,6.82
2011/04/25,6.64,6.85,6.36,6.78,2078477,6.60
2011/04/26,6.64,6.68,6.41,6.41,946263,6.54
2011/04/27,6.41,6.52,6.24,6.41,1196312,6.38
2011/04/28,6.39,6.43,6.08,6.10,953855,6.25
2011/04/29,6.10,6.23,5.92,6.10,823330,6.08
2011/05/03,6.13,6.32,5.95,6.30,1249358,6.14
2011/05/04,6.21,6.43,6.15,6.18,1416129,6.29
2011/05/05,6.18,6.22,6.01,6.09,784160,6.11
2011/05/06,6.05,6.53,5.95,6.43,1704322,6.24
2011/05/09,6.35,6.75,6.34,6.62,2224246,6.54
2011/05/10,6.57,6.63,6.39,6.49,1374572,6.51
2011/05/11,6.49,6.53,6.26,6.31,977142,6.40
2011/05/12,6.31,6.31,6.05,6.07,896921,6.18
2011/05/13,5.95,6.13,5.95,6.11,757621,6.04
2011/05/16,6.06,6.13,5.96,5.99,615487,6.04
2011/05/17,5.95,6.26,5.84,6.11,1238813,6.05
2011/05/18,6.09,6.31,5.99,6.19,1326437,6.15
2011/05/19,6.16,6.25,6.01,6.05,824843,6.13
2011/05/20,5.97,6.05,5.89,5.90,816233,5.97
2011/05/23,5.90,5.96,5.60,5.60,855331,5.78
2011/05/24,5.59,5.60,5.17,5.45,966122,5.38
2011/05/25,5.34,5.78,5.33,5.49,1427565,5.56
2011/05/26,5.43,5.53,5.21,5.24,1186341,5.37
2011/05/27,5.25,5.26,4.95,4.96,862228,5.10
2011/05/30,4.94,5.11,4.89,4.96,848322,5.00
2011/05/31,4.96,5.10,4.95,5.06,736907,5.02
2011/06/01,5.04,5.16,5.03,5.09,930469,5.10
2011/06/02,5.02,5.05,4.85,4.99,740336,4.95
2011/06/03,4.99,5.39,4.98,5.23,1825120,5.19
2011/06/07,5.14,5.24,5.14,5.20,985000,5.19
2011/06/08,5.18,5.38,4.96,5.26,2291230,5.17
2011/06/09,5.19,5.24,4.98,4.98,1450701,5.11
2011/06/10,4.98,5.01,4.85,4.96,769348,4.93
2011/06/13,4.96,5.03,4.84,4.98,556385,4.94
2011/06/14,4.89,5.07,4.89,5.03,865874,4.98
2011/06/15,5.03,5.09,4.89,4.93,669999,4.99
2011/06/16,4.86,4.86,4.72,4.74,845082,4.79
2011/06/17,4.74,4.81,4.66,4.67,510987,4.73
2011/06/20,4.68,4.73,4.47,4.55,607663,4.60
2011/06/21,4.50,4.64,4.50,4.63,590288,4.57
2011/06/22,4.63,4.79,4.59,4.72,818597,4.69
2011/06/23,4.66,4.94,4.65,4.87,1580936,4.80
2011/06/24,4.82,5.13,4.81,5.04,2112308,4.97
2011/06/27,5.04,5.19,5.00,5.08,2002720,5.10
2011/06/28,5.09,5.34,4.95,5.18,2115824,5.15
2011/06/29,5.13,5.21,5.04,5.06,1280188,5.13
2011/06/30,5.03,5.20,5.03,5.10,1228512,5.12
2011/07/01,5.10,5.27,5.08,5.19,1788533,5.17
2011/07/04,5.21,5.32,5.18,5.32,2242404,5.25
2011/07/05,5.32,5.32,5.22,5.30,1405720,5.27
2011/07/06,5.32,5.34,5.18,5.34,1688181,5.26
2011/07/07,5.31,5.58,5.28,5.39,3005135,5.43
2011/07/08,5.35,5.38,5.25,5.29,1468249,5.31
2011/07/11,5.14,5.34,5.14,5.30,855850,5.24
2011/07/12,5.27,5.27,5.09,5.09,1100068,5.18
2011/07/13,5.09,5.26,5.09,5.22,1437048,5.17
2011/07/14,5.21,5.51,5.19,5.46,3213038,5.35
2011/07/15,5.44,5.53,5.33,5.48,2218976,5.43
2011/07/18,5.49,5.70,5.42,5.46,1896928,5.56
2011/07/19,5.42,5.46,5.31,5.35,1090046,5.38
2011/07/20,5.37,5.58,5.35,5.58,1781227,5.46
2011/07/21,5.55,5.75,5.52,5.54,3210560,5.63
2011/07/22,5.49,5.60,5.42,5.51,1261683,5.51
2011/07/25,5.42,5.42,5.07,5.09,1627201,5.25
2011/07/26,5.09,5.13,4.99,5.03,836342,5.06
2011/07/27,4.99,5.12,4.96,5.11,704787,5.04
2011/07/28,5.00,5.13,4.84,5.12,813256,4.98
2011/07/29,5.09,5.15,4.99,5.00,654712,5.07
2011/08/01,5.00,5.07,4.96,5.02,503191,5.02
2011/08/02,5.00,5.02,4.85,5.00,733815,4.93
2011/08/03,4.92,5.14,4.92,5.10,955529,5.03
2011/08/04,5.10,5.32,5.10,5.30,1703967,5.21
2011/08/05,5.11,5.20,5.01,5.06,1290273,5.10
2011/08/08,4.94,4.97,4.52,4.52,1460768,4.74
2011/08/09,4.36,4.46,4.15,4.39,1088657,4.31
2011/08/10,4.45,4.62,4.45,4.46,1289029,4.54
2011/08/11,4.27,4.52,4.27,4.52,883009,4.39
2011/08/12,4.56,4.66,4.54,4.57,917678,4.60
2011/08/15,4.79,4.79,4.61,4.69,908037,4.70
2011/08/16,4.69,4.69,4.58,4.58,641634,4.64
2011/08/17,4.54,4.66,4.54,4.60,551820,4.60
2011/08/18,4.59,4.59,4.43,4.44,708520,4.51
2011/08/19,4.39,4.44,4.30,4.42,401449,4.37
2011/08/22,4.41,4.50,4.34,4.45,380232,4.42
2011/08/23,4.45,4.65,4.44,4.65,1015332,4.55
2011/08/24,4.69,4.69,4.57,4.59,842027,4.63
2011/08/25,4.61,4.70,4.57,4.70,820979,4.64
2011/08/26,4.69,4.73,4.65,4.68,580921,4.69
2011/08/29,4.68,4.68,4.58,4.59,515989,4.63
2011/08/30,4.60,4.70,4.54,4.54,721485,4.62
2011/08/31,4.57,4.57,4.41,4.45,497219,4.49
2011/09/01,4.51,4.52,4.42,4.45,342610,4.47
2011/09/02,4.45,4.46,4.37,4.40,292790,4.42
2011/09/05,4.34,4.35,4.26,4.27,346145,4.30
2011/09/06,4.24,4.30,4.20,4.23,279251,4.25
2011/09/07,4.24,4.41,4.24,4.38,375088,4.33
2011/09/08,4.39,4.41,4.30,4.31,359738,4.35
2011/09/09,4.35,4.36,4.26,4.28,225889,4.31
2011/09/13,4.23,4.24,4.12,4.16,354623,4.18
2011/09/14,4.19,4.19,4.11,4.18,325814,4.15
2011/09/15,4.18,4.41,4.18,4.37,817762,4.29
2011/09/16,4.35,4.46,4.33,4.35,761962,4.40
2011/09/19,4.35,4.35,4.19,4.19,413229,4.27
2011/09/20,4.16,4.23,4.14,4.21,260820,4.19
2011/09/21,4.20,4.43,4.16,4.40,642274,4.29
2011/09/22,4.34,4.39,4.21,4.22,526850,4.30
2011/09/23,4.18,4.27,4.15,4.27,426004,4.21
2011/09/26,4.25,4.32,4.19,4.20,354378,4.26
2011/09/27,4.27,4.31,4.19,4.28,439951,4.25
2011/09/28,4.30,4.38,4.27,4.32,715520,4.32
2011/09/29,4.31,4.31,4.02,4.02,740827,4.16
2011/09/30,4.00,4.08,3.76,3.87,608231,3.92
2011/10/10,3.89,3.94,3.81,3.82,246310,3.88
2011/10/11,3.90,3.98,3.82,3.84,334421,3.90
2011/10/12,3.84,4.03,3.78,4.01,565428,3.91
2011/10/13,4.01,4.10,3.98,4.08,594741,4.04
2011/10/14,4.08,4.14,4.03,4.11,579902,4.08
2011/10/17,4.12,4.15,4.08,4.10,531560,4.12
2011/10/18,4.06,4.09,3.96,3.96,501613,4.02
2011/10/19,3.98,4.18,3.92,4.07,669348,4.05
2011/10/20,4.01,4.04,3.88,3.98,435762,3.96
2011/10/21,3.98,4.01,3.84,3.86,215543,3.92
2011/10/24,3.84,3.90,3.64,3.90,445798,3.77
2011/10/25,3.87,4.01,3.81,3.95,530791,3.91
2011/10/26,3.95,4.10,3.92,4.00,706817,4.01
2011/10/27,4.00,4.04,3.97,3.97,534190,4.01
2011/10/28,4.04,4.08,4.00,4.06,794325,4.04
2011/10/31,4.08,4.13,4.03,4.11,1006905,4.08
2011/11/01,4.08,4.12,4.04,4.09,843990,4.08
2011/11/02,4.03,4.28,3.98,4.24,1343503,4.13
2011/11/03,4.23,4.36,4.23,4.24,1685550,4.30
2011/11/04,4.27,4.28,4.18,4.22,829543,4.23
2011/11/07,4.20,4.26,4.20,4.22,415180,4.23
2011/11/08,4.23,4.26,4.19,4.20,422098,4.23
2011/11/09,4.20,4.33,4.17,4.32,923665,4.25
2011/11/10,4.27,4.43,4.24,4.32,1491648,4.33
2011/11/11,4.32,4.59,4.27,4.44,2137180,4.43
2011/11/14,4.42,4.56,4.42,4.50,1315682,4.49
2011/11/15,4.49,4.51,4.42,4.50,921377,4.46
2011/11/16,4.48,4.51,4.23,4.35,924039,4.37
2011/11/17,4.36,4.51,4.32,4.51,1636903,4.42
2011/11/18,4.52,4.63,4.39,4.52,2179682,4.51
2011/11/21,4.48,4.48,4.31,4.47,1115339,4.40
2011/11/22,4.39,4.74,4.29,4.71,3227620,4.52
2011/11/23,4.64,4.86,4.61,4.76,3401049,4.74
2011/11/24,4.66,5.13,4.64,5.07,4644874,4.88
2011/11/25,4.98,5.21,4.94,5.06,4077184,5.08
2011/11/28,5.06,5.19,4.99,5.14,3643882,5.09
2011/11/29,5.14,5.16,5.01,5.09,2981690,5.08
2011/11/30,5.05,5.05,4.54,4.68,3230976,4.79
2011/12/01,4.81,5.01,4.73,4.77,3560585,4.87
2011/12/02,4.71,4.71,4.45,4.50,1628888,4.58
2011/12/05,4.46,4.47,4.25,4.26,1125665,4.36
2011/12/06,4.24,4.53,4.21,4.44,1963317,4.37
2011/12/07,4.44,4.54,4.37,4.50,1537307,4.46
2011/12/08,4.45,4.64,4.41,4.48,1437513,4.52
2011/12/09,4.49,4.51,4.42,4.46,881215,4.46
2011/12/12,4.47,4.50,4.36,4.42,496552,4.43
2011/12/13,4.39,4.39,3.95,3.95,1457565,4.17
2011/12/14,3.95,3.95,3.71,3.71,616417,3.83
2011/12/15,3.72,3.77,3.66,3.71,866110,3.72
2011/12/16,3.73,3.89,3.73,3.86,1109779,3.81
2011/12/19,3.84,3.94,3.75,3.93,1007589,3.84
2011/12/20,3.89,3.98,3.78,3.80,653599,3.88
2011/12/21,3.84,3.94,3.64,3.65,898807,3.79
2011/12/22,3.63,3.63,3.26,3.49,882598,3.44
2011/12/23,3.45,3.58,3.40,3.49,530620,3.49
2011/12/26,3.46,3.52,3.44,3.44,250077,3.48
2011/12/27,3.44,3.45,3.23,3.25,690029,3.34
2011/12/28,3.23,3.27,3.07,3.26,483506,3.17
2011/12/29,3.24,3.38,3.22,3.29,500991,3.30
2011/12/30,3.30,3.36,3.28,3.32,357427,3.32
2012/01/04,3.36,3.41,3.11,3.14,376839,3.26
2012/01/05,3.09,3.15,2.98,2.98,488289,3.06
2012/01/06,2.98,3.04,2.87,3.00,350913,2.96
2012/01/09,3.00,3.15,2.92,3.14,420623,3.03
2012/01/10,3.14,3.34,3.14,3.33,776238,3.24
2012/01/11,3.33,3.36,3.26,3.28,777804,3.31
2012/01/12,3.26,3.32,3.22,3.28,426606,3.27
2012/01/13,3.28,3.30,3.04,3.04,493764,3.17
2012/01/16,3.04,3.04,2.89,2.90,305857,2.97
2012/01/17,2.90,3.09,2.89,3.08,659796,2.99
2012/01/18,3.06,3.14,2.99,3.01,489344,3.07
2012/01/19,2.95,3.08,2.95,3.06,384955,3.02
2012/01/20,3.04,3.18,3.02,3.17,429123,3.10
2012/01/30,3.18,3.23,3.13,3.13,446269,3.18
2012/01/31,3.13,3.13,3.07,3.12,219026,3.10
2012/02/01,3.09,3.34,3.07,3.25,868414,3.20
2012/02/02,3.25,3.29,3.21,3.27,507021,3.25
2012/02/03,3.28,3.33,3.24,3.31,637411,3.29
2012/02/06,3.28,3.39,3.26,3.36,607292,3.32
2012/02/07,3.34,3.35,3.23,3.26,634887,3.29
2012/02/08,3.28,3.34,3.21,3.33,579119,3.27
2012/02/09,3.32,3.44,3.28,3.34,854674,3.36
2012/02/10,3.36,3.41,3.33,3.39,543142,3.37
2012/02/13,3.38,3.44,3.34,3.42,598102,3.39
2012/02/14,3.39,3.44,3.37,3.38,478185,3.41
2012/02/15,3.38,3.47,3.36,3.47,740903,3.42
2012/02/16,3.42,3.63,3.39,3.55,1146150,3.51
2012/02/17,3.55,3.55,3.46,3.51,608760,3.50
2012/02/20,3.51,3.56,3.44,3.47,651194,3.50
2012/02/21,3.47,3.56,3.40,3.49,491456,3.48
2012/02/22,3.49,3.65,3.47,3.62,1672043,3.56
2012/02/23,3.59,3.63,3.52,3.56,1324140,3.57
2012/02/24,3.54,3.64,3.54,3.63,1066254,3.59
2012/02/27,3.65,3.70,3.60,3.64,1315647,3.65
2012/02/28,3.59,3.63,3.54,3.59,789771,3.58
2012/02/29,3.58,3.60,3.48,3.48,725436,3.54
2012/03/01,3.50,3.58,3.45,3.50,627424,3.52
2012/03/02,3.53,3.67,3.52,3.60,834448,3.59
2012/03/05,3.60,3.62,3.57,3.60,814840,3.59
2012/03/06,3.59,3.60,3.48,3.50,659637,3.54
2012/03/07,3.44,3.53,3.41,3.45,572075,3.47
2012/03/08,3.46,3.84,3.46,3.84,2685658,3.65
2012/03/09,3.92,4.23,3.90,4.13,5319715,4.07
2012/03/12,4.09,4.11,3.99,4.10,2515192,4.05
2012/03/13,4.04,4.11,4.02,4.07,1545146,4.06
2012/03/14,4.09,4.20,3.78,3.80,2360485,3.99
2012/03/15,3.82,3.86,3.64,3.75,1534548,3.75
2012/03/16,3.75,3.88,3.68,3.88,1474675,3.78
2012/03/19,3.87,4.01,3.80,4.00,1586021,3.90
2012/03/20,3.93,3.98,3.81,3.81,916131,3.90
2012/03/21,3.84,3.91,3.73,3.84,843599,3.82
2012/03/22,3.85,3.86,3.77,3.84,522576,3.81
2012/03/23,3.84,3.85,3.61,3.61,713114,3.73
2012/03/26,3.61,3.69,3.55,3.65,489285,3.62
2012/03/27,3.63,3.73,3.62,3.69,623733,3.68
2012/03/28,3.64,3.66,3.46,3.47,792455,3.56
2012/03/29,3.44,3.46,3.23,3.32,535816,3.34
2012/03/30,3.32,3.34,3.25,3.30,322597,3.29
2012/04/05,3.29,3.47,3.26,3.44,509112,3.36
2012/04/06,3.43,3.49,3.41,3.46,384057,3.45
2012/04/09,3.42,3.61,3.34,3.54,471369,3.47
2012/04/10,3.53,3.56,3.38,3.52,429333,3.47
2012/04/11,3.50,3.55,3.44,3.53,330673,3.49
2012/04/12,3.53,3.60,3.48,3.58,339477,3.54
2012/04/13,3.59,3.96,3.54,3.84,1414450,3.75
2012/04/16,3.79,3.83,3.74,3.76,536303,3.79
2012/04/17,3.73,3.80,3.65,3.66,453047,3.72
2012/04/18,3.65,3.78,3.65,3.73,439402,3.71
2012/04/19,3.74,3.88,3.72,3.74,713554,3.80
2012/04/20,3.64,3.86,3.63,3.72,1517090,3.74
2012/04/23,3.70,3.71,3.34,3.46,1190120,3.52
2012/04/24,3.42,3.44,3.29,3.42,768431,3.36
2012/04/25,3.41,3.55,3.39,3.52,560800,3.47
2012/04/26,3.48,3.52,3.39,3.44,607172,3.46
2012/04/27,3.41,3.73,3.41,3.54,1111728,3.57
2012/05/02,3.62,3.68,3.50,3.59,654056,3.59
2012/05/03,3.56,3.71,3.54,3.67,776093,3.63
2012/05/04,3.64,3.69,3.59,3.66,697710,3.64
2012/05/07,3.65,3.68,3.59,3.68,597955,3.64
2012/05/08,3.69,3.74,3.62,3.70,802312,3.68
2012/05/09,3.66,3.77,3.64,3.72,1269191,3.71
2012/05/10,3.66,3.77,3.64,3.72,0,3.71
2012/05/11,3.68,3.84,3.68,3.73,1111646,3.76
2012/05/14,3.76,3.82,3.66,3.70,584911,3.74
2012/05/15,3.64,3.68,3.52,3.59,566086,3.60
2012/05/16,3.59,3.63,3.53,3.55,381492,3.58
2012/05/17,3.56,3.61,3.55,3.60,380876,3.58
2012/05/18,3.58,3.60,3.49,3.49,357585,3.55
2012/05/21,3.50,3.88,3.50,3.88,2186111,3.69
2012/05/22,4.03,4.10,3.76,3.83,4889755,3.93
2012/05/23,3.74,3.90,3.73,3.80,2913517,3.81
2012/05/24,3.76,3.94,3.76,3.85,2899449,3.85
2012/05/25,3.80,4.04,3.71,3.96,4767942,3.88
2012/05/28,3.96,3.99,3.79,3.97,3946293,3.89
2012/05/29,3.92,4.16,3.88,3.98,4127181,4.02
2012/05/30,3.98,3.98,3.87,3.90,2032077,3.93
2012/05/31,3.83,3.89,3.80,3.85,1580329,3.84
2012/06/01,3.84,3.91,3.82,3.88,1098308,3.86
2012/06/04,3.81,3.81,3.61,3.61,1597503,3.71
2012/06/05,3.63,3.66,3.54,3.55,869804,3.60
2012/06/06,3.55,3.62,3.55,3.58,591117,3.58
2012/06/07,3.61,3.66,3.54,3.54,560230,3.60
2012/06/08,3.57,3.60,3.53,3.55,514149,3.56
2012/06/11,3.49,3.63,3.49,3.61,625011,3.56
2012/06/12,3.59,3.60,3.54,3.56,367670,3.57
2012/06/13,3.57,3.64,3.54,3.63,649710,3.59
2012/06/14,3.61,3.70,3.61,3.62,853251,3.66
2012/06/15,3.63,3.69,3.60,3.66,565300,3.65
2012/06/18,3.67,3.69,3.63,3.67,580878,3.66
2012/06/19,3.63,3.69,3.61,3.69,748223,3.65
2012/06/20,3.71,3.80,3.69,3.80,1392172,3.74
2012/06/21,3.78,3.78,3.71,3.72,944518,3.74
2012/06/25,3.71,3.71,3.49,3.50,825981,3.60
2012/06/26,3.50,3.50,3.37,3.43,609783,3.44
2012/06/27,3.42,3.48,3.39,3.40,450180,3.44
2012/06/28,3.45,3.45,3.35,3.35,596393,3.40
2012/06/29,3.35,3.40,3.19,3.32,788621,3.29
2012/07/02,3.31,3.39,3.31,3.33,449619,3.35
2012/07/03,3.31,3.38,3.31,3.34,495967,3.34
2012/07/04,3.41,3.41,3.34,3.36,422509,3.38
2012/07/05,3.36,3.36,3.22,3.25,510218,3.29
2012/07/06,3.25,3.38,3.19,3.37,532145,3.28
2012/07/09,3.34,3.34,3.16,3.16,481043,3.25
2012/07/10,3.16,3.24,3.06,3.20,673384,3.15
2012/07/11,3.19,3.28,3.19,3.24,463459,3.23
2012/07/12,3.21,3.27,3.14,3.24,505883,3.21
2012/07/13,3.30,3.34,3.24,3.25,892551,3.29
2012/07/16,3.29,3.29,3.03,3.04,671256,3.16
2012/07/17,3.04,3.10,3.03,3.07,197502,3.06
2012/07/18,3.07,3.11,3.03,3.09,308201,3.07
2012/07/19,3.07,3.15,3.07,3.12,363603,3.11
2012/07/20,3.11,3.18,3.09,3.10,265499,3.14
2012/07/23,3.10,3.10,3.04,3.05,221383,3.07
2012/07/24,3.03,3.09,3.03,3.07,206334,3.06
2012/07/25,3.07,3.11,3.06,3.07,198999,3.08
2012/07/26,3.07,3.11,3.03,3.07,258579,3.07
2012/07/27,3.07,3.10,3.04,3.08,176910,3.07
2012/07/30,3.10,3.14,2.96,3.01,247787,3.05
2012/07/31,3.00,3.00,2.88,2.91,456349,2.94
2012/08/01,2.87,2.99,2.69,2.91,296792,2.84
2012/08/02,2.94,2.94,2.79,2.81,379187,2.86
2012/08/03,2.82,2.88,2.82,2.87,178349,2.85
2012/08/06,2.87,2.96,2.85,2.94,435096,2.91
2012/08/07,2.94,2.98,2.93,2.96,367646,2.96
2012/08/08,2.95,3.01,2.94,2.98,403697,2.97
2012/08/09,2.96,3.03,2.94,3.01,400050,2.98
2012/08/10,3.01,3.04,2.96,3.02,409302,3.00
2012/08/13,3.03,3.06,2.89,3.01,386002,2.98
2012/08/14,3.26,3.26,2.96,3.07,738556,3.11
2012/08/15,3.04,3.07,2.98,2.98,301795,3.02
2012/08/16,2.96,2.99,2.91,2.93,260300,2.95
2012/08/17,2.87,2.94,2.84,2.88,499380,2.89
2012/08/20,2.82,2.90,2.82,2.88,227352,2.86
2012/08/21,2.88,3.04,2.86,2.99,277104,2.95
2012/08/22,2.95,3.01,2.95,2.98,261257,2.98
2012/08/23,2.94,3.04,2.94,3.04,493001,2.99
2012/08/24,3.03,3.03,2.95,3.01,262306,2.99
2012/08/27,3.02,3.02,2.82,2.94,171852,2.92
2012/08/28,2.90,3.01,2.90,2.96,221474,2.95
2012/08/29,2.98,2.98,2.93,2.94,199601,2.96
2012/08/30,2.93,2.97,2.84,2.86,282302,2.91
2012/08/31,2.86,2.90,2.85,2.88,153500,2.88
2012/09/03,2.88,2.95,2.88,2.93,171373,2.92
2012/09/04,2.91,2.97,2.91,2.96,184888,2.94
2012/09/05,2.95,3.02,2.94,3.02,297995,2.98
2012/09/06,3.06,3.09,3.02,3.02,453183,3.05
2012/09/07,3.02,3.16,2.99,3.12,942989,3.08
2012/09/10,3.13,3.21,3.08,3.19,897220,3.15
2012/09/11,3.13,3.20,3.10,3.13,596607,3.15
2012/09/12,3.15,3.16,3.10,3.12,396443,3.13
2012/09/13,3.12,3.13,3.05,3.05,377752,3.09
2012/09/14,3.10,3.13,3.06,3.13,474307,3.09
2012/09/17,3.13,3.20,3.02,3.04,422377,3.11
2012/09/18,2.99,3.04,2.95,3.01,271516,3.00
2012/09/19,3.03,3.03,2.94,3.02,178100,2.98
2012/09/20,3.02,3.03,2.87,2.95,287188,2.95
2012/09/21,2.82,2.97,2.79,2.91,222558,2.88
2012/09/24,2.82,2.97,2.82,2.90,158902,2.90
2012/09/25,2.89,2.94,2.86,2.88,119460,2.90
2012/09/26,2.86,2.92,2.81,2.84,117898,2.86
2012/09/27,2.81,2.91,2.80,2.88,289950,2.85
2012/09/28,2.89,2.93,2.85,2.92,178318,2.89
2012/10/08,2.89,2.95,2.88,2.92,241121,2.92
2012/10/09,2.96,3.15,2.87,3.10,794084,3.01
2012/10/10,3.07,3.10,3.04,3.08,407890,3.07
2012/10/11,3.06,3.08,2.98,2.98,378108,3.03
2012/10/12,3.00,3.08,2.95,2.99,322183,3.02
2012/10/15,2.99,3.00,2.95,3.00,168289,2.98
2012/10/16,3.02,3.02,2.97,2.99,256501,3.00
2012/10/17,3.00,3.00,2.95,2.99,200781,2.98
2012/10/18,2.97,3.05,2.97,3.03,357501,3.01
2012/10/19,3.06,3.06,3.02,3.02,348190,3.04
2012/10/22,2.97,3.03,2.97,3.03,248890,3.00
2012/10/23,3.02,3.14,3.02,3.08,983208,3.08
2012/10/24,3.08,3.13,3.07,3.11,671866,3.10
2012/10/25,3.11,3.13,3.08,3.08,380564,3.10
2012/10/26,3.06,3.14,3.06,3.08,694653,3.10
2012/10/29,3.00,3.08,3.00,3.00,456900,3.04
2012/10/30,3.01,3.04,2.99,3.00,158795,3.02
2012/10/31,3.03,3.03,2.97,3.01,174790,3.00
2012/11/01,2.99,3.06,2.99,3.06,382027,3.03
2012/11/02,3.08,3.14,3.06,3.13,534138,3.10
2012/11/05,3.15,3.15,3.04,3.11,462754,3.09
2012/11/06,3.11,3.17,3.04,3.09,723659,3.10
2012/11/07,3.10,3.10,3.02,3.06,201527,3.06
2012/11/08,3.02,3.03,2.97,2.98,303759,3.00
2012/11/09,3.01,3.16,2.98,3.03,424616,3.07
2012/11/12,2.99,3.08,2.99,3.05,192600,3.04
2012/11/13,3.01,3.06,3.01,3.04,182320,3.03
2012/11/14,3.04,3.13,3.04,3.12,581594,3.08
2012/11/15,3.10,3.12,3.05,3.06,393481,3.08
2012/11/16,3.05,3.05,2.90,2.92,537908,2.97
2012/11/19,2.85,2.92,2.85,2.89,185497,2.89
2012/11/20,2.89,2.91,2.86,2.89,136640,2.89
2012/11/21,2.90,2.92,2.87,2.91,187151,2.90
2012/11/22,2.89,2.92,2.89,2.89,191229,2.91
2012/11/23,2.94,2.96,2.89,2.91,116283,2.93
2012/11/26,2.89,2.92,2.86,2.86,135459,2.89
2012/11/27,2.86,2.86,2.64,2.65,461388,2.75
2012/11/28,2.61,2.65,2.59,2.60,137681,2.62
2012/11/29,2.66,2.66,2.54,2.55,149569,2.60
2012/11/30,2.61,2.61,2.54,2.58,131266,2.57
2012/12/03,2.44,2.88,2.44,2.64,360542,2.66
2012/12/04,2.65,2.68,2.56,2.68,201486,2.62
2012/12/05,2.68,2.78,2.64,2.73,381375,2.71
2012/12/06,2.72,2.76,2.69,2.73,287665,2.72
2012/12/07,2.75,2.78,2.71,2.77,262381,2.74
2012/12/10,2.79,2.81,2.75,2.80,255869,2.78
2012/12/11,2.77,2.79,2.71,2.73,274889,2.75
2012/12/12,2.70,2.76,2.70,2.76,175390,2.73
2012/12/13,2.75,2.75,2.70,2.70,153098,2.73
2012/12/14,2.66,2.81,2.66,2.80,414071,2.74
2012/12/17,2.79,2.82,2.79,2.81,265348,2.80
2012/12/18,2.81,2.87,2.79,2.80,398812,2.83
2012/12/19,2.81,2.86,2.80,2.83,273917,2.83
2012/12/20,2.83,2.83,2.78,2.83,189851,2.80
2012/12/21,2.83,2.86,2.80,2.86,487818,2.83
2012/12/24,2.89,2.89,2.84,2.87,263433,2.86
2012/12/25,2.86,2.95,2.85,2.94,416975,2.90
2012/12/26,2.95,3.02,2.93,3.02,547278,2.98
2012/12/27,3.03,3.09,2.96,2.97,1043439,3.02
2012/12/28,3.00,3.01,2.93,2.99,530181,2.97
2012/12/31,3.00,3.29,2.69,3.14,1513345,2.99
2013/01/04,3.11,3.21,3.09,3.19,1461728,3.15
2013/01/07,3.18,3.19,3.12,3.14,711974,3.16
2013/01/08,3.13,3.19,3.11,3.15,496880,3.15
2013/01/09,3.16,3.16,3.06,3.08,699038,3.11
2013/01/10,3.05,3.11,3.03,3.05,523448,3.07
2013/01/11,3.05,3.11,3.05,3.05,627295,3.08
2013/01/14,3.00,3.18,3.00,3.18,868160,3.09
2013/01/15,3.16,3.25,3.14,3.21,923245,3.20
2013/01/16,3.22,3.32,3.16,3.19,1282808,3.24
2013/01/17,3.19,3.28,3.19,3.24,882683,3.23
2013/01/18,3.28,3.29,3.21,3.25,465694,3.25
2013/01/21,3.25,3.25,3.18,3.24,529127,3.22
2013/01/22,3.24,3.24,3.13,3.18,641166,3.19
2013/01/23,3.14,3.29,3.12,3.19,531304,3.21
2013/01/24,3.17,3.23,3.03,3.06,725887,3.13
2013/01/25,3.06,3.06,2.98,2.98,471000,3.02
2013/01/28,2.99,3.10,2.98,3.10,409222,3.04
2013/01/29,3.14,3.14,3.07,3.14,301526,3.10
2013/01/30,3.13,3.14,3.09,3.13,282970,3.11
2013/01/31,3.14,3.23,3.13,3.17,482792,3.18
2013/02/01,3.14,3.19,3.09,3.11,546172,3.14
2013/02/04,3.10,3.14,3.07,3.08,332750,3.10
2013/02/05,3.05,3.13,3.05,3.12,298937,3.09
2013/02/06,3.09,3.14,3.08,3.11,307089,3.11
2013/02/07,3.11,3.13,3.08,3.11,244449,3.10
2013/02/08,3.09,3.18,3.09,3.17,367916,3.14
2013/02/18,3.20,3.21,3.15,3.19,399102,3.18
2013/02/19,3.20,3.21,3.15,3.17,391101,3.18
2013/02/20,3.17,3.29,3.13,3.27,1018413,3.21
2013/02/21,3.26,3.41,3.23,3.34,2540876,3.32
2013/02/22,3.33,3.38,3.28,3.35,1144530,3.33
2013/02/25,3.36,3.39,3.29,3.37,654455,3.34
2013/02/26,3.31,3.38,3.29,3.30,541512,3.33
2013/02/27,3.30,3.33,3.25,3.28,870738,3.29
2013/02/28,3.33,3.36,3.23,3.30,1106922,3.29
2013/03/01,3.34,3.34,3.25,3.31,999026,3.29
2013/03/04,3.26,3.31,3.21,3.23,651469,3.26
2013/03/05,3.22,3.29,3.22,3.26,744965,3.26
2013/03/06,3.29,3.32,3.24,3.32,922208,3.28
2013/03/07,3.31,3.33,3.27,3.28,634120,3.30
2013/03/08,3.27,3.33,3.27,3.32,599043,3.30
2013/03/11,3.33,3.36,3.29,3.33,706136,3.32
2013/03/12,3.36,3.36,3.13,3.21,1458035,3.24
2013/03/13,3.19,3.23,3.13,3.15,454819,3.18
2013/03/14,3.14,3.17,3.04,3.09,405700,3.10
2013/03/15,3.08,3.29,3.04,3.21,2688798,3.17
2013/03/18,3.19,3.21,2.99,3.00,1089476,3.10
2013/03/19,3.00,3.05,2.88,2.92,664914,2.96
2013/03/20,2.93,3.01,2.88,3.00,451568,2.94
2013/03/21,3.01,3.03,2.99,3.02,450130,3.01
2013/03/22,3.02,3.02,2.98,3.01,371317,3.00
2013/03/25,3.02,3.03,2.99,3.02,306401,3.01
2013/03/26,3.02,3.03,2.93,2.94,501201,2.98
2013/03/27,2.96,2.98,2.94,2.95,358211,2.96
2013/03/28,2.93,2.93,2.83,2.84,424727,2.88
2013/03/29,2.85,2.88,2.80,2.86,217086,2.84
2013/04/01,2.89,2.91,2.85,2.89,197183,2.88
2013/04/02,2.91,2.92,2.85,2.88,220423,2.89
2013/04/03,2.89,2.89,2.84,2.84,169000,2.86
2013/04/08,2.78,2.78,2.64,2.70,550548,2.71
2013/04/09,2.75,2.76,2.70,2.76,222029,2.73
2013/04/10,2.75,2.76,2.73,2.74,240638,2.74
2013/04/11,2.74,2.77,2.74,2.74,222629,2.76
2013/04/12,2.73,2.82,2.72,2.76,377238,2.77
2013/04/15,2.73,2.76,2.66,2.76,387056,2.71
2013/04/16,2.73,3.06,2.70,3.05,1437388,2.88
2013/04/17,3.00,3.05,2.95,3.03,1782963,3.00
2013/04/18,3.00,3.04,2.91,2.94,870947,2.98
2013/04/19,2.96,2.99,2.94,2.95,958496,2.97
2013/04/22,2.88,2.89,2.82,2.86,1229403,2.85
2013/04/23,2.86,2.86,2.74,2.75,716786,2.80
2013/04/24,2.75,2.82,2.74,2.80,468911,2.78
2013/04/25,2.83,2.84,2.75,2.75,373382,2.79
2013/04/26,2.75,2.78,2.72,2.74,361642,2.75
2013/05/02,2.71,2.78,2.70,2.74,395273,2.74
2013/05/03,2.74,2.81,2.74,2.79,573878,2.78
2013/05/06,2.79,2.85,2.79,2.84,598403,2.82
2013/05/07,2.84,2.86,2.80,2.83,506176,2.83
2013/05/08,2.85,2.87,2.82,2.86,611654,2.84
2013/05/09,2.87,2.88,2.83,2.86,448274,2.85
2013/05/10,2.84,2.90,2.64,2.89,653304,2.77
2013/05/13,2.89,2.92,2.87,2.89,505176,2.90
2013/05/14,2.89,2.89,2.79,2.84,377724,2.84
2013/05/15,2.86,2.88,2.83,2.88,345338,2.85
2013/05/16,2.88,2.95,2.88,2.94,876236,2.92
2013/05/17,2.95,2.95,2.91,2.95,817657,2.93
2013/05/20,2.95,3.03,2.95,2.99,871275,2.99
2013/05/21,3.02,3.09,2.97,3.08,1368656,3.03
2013/05/22,3.06,3.10,2.99,3.05,1884397,3.05
2013/05/23,2.98,3.15,2.97,3.02,1724184,3.06
2013/05/24,3.01,3.10,2.99,3.06,1607955,3.05
2013/05/27,3.18,3.18,3.07,3.10,1765269,3.13
2013/05/28,3.10,3.13,3.02,3.08,1969561,3.07
2013/05/29,3.11,3.12,3.08,3.11,1755967,3.10
2013/05/30,3.11,3.13,3.07,3.08,1390942,3.10
2013/05/31,3.07,3.11,3.05,3.06,1257662,3.08
2013/06/03,3.05,3.10,3.03,3.05,756035,3.06
2013/06/04,3.05,3.06,2.92,2.94,999366,2.99
2013/06/05,2.93,2.98,2.91,2.95,548911,2.95
2013/06/06,2.95,2.95,2.89,2.90,572900,2.92
2013/06/07,2.87,3.03,2.84,2.89,463220,2.93
2013/06/13,2.83,2.89,2.79,2.82,326938,2.84
2013/06/14,2.83,3.03,2.83,2.97,1451230,2.93
2013/06/17,2.96,3.07,2.96,3.05,1112567,3.01
2013/06/18,3.05,3.09,2.98,3.07,1633989,3.03
2013/06/19,3.04,3.13,3.00,3.11,2367065,3.06
2013/06/20,3.09,3.13,2.96,2.96,996948,3.04
2013/06/21,2.91,3.11,2.82,3.08,1174324,2.96
2013/06/24,3.08,3.11,2.89,2.91,1630433,3.00
2013/06/25,2.92,2.93,2.69,2.87,1047405,2.81
2013/06/26,2.91,2.98,2.83,2.95,708319,2.91
2013/06/27,2.95,2.99,2.82,2.84,981781,2.91
2013/06/28,2.80,2.88,2.76,2.79,589607,2.82
2013/07/01,2.78,2.99,2.78,2.94,642268,2.89
2013/07/02,2.93,3.11,2.90,3.06,1708422,3.00
2013/07/03,3.05,3.08,2.96,3.03,1157284,3.02
2013/07/04,3.01,3.11,3.00,3.07,1935830,3.05
2013/07/05,3.05,3.18,3.03,3.08,2241087,3.10
2013/07/08,3.03,3.22,2.96,3.15,3434042,3.09
2013/07/09,3.14,3.25,3.12,3.15,3599743,3.19
2013/07/10,3.11,3.24,3.08,3.24,2498559,3.16
2013/07/11,3.23,3.29,3.18,3.24,2756339,3.24
2013/07/12,3.23,3.36,3.21,3.26,2795133,3.28
2013/07/15,3.26,3.33,3.22,3.29,2015469,3.28
2013/07/16,3.28,3.32,3.22,3.28,1940383,3.27
2013/07/17,3.24,3.28,3.11,3.14,2099840,3.19
2013/07/18,3.13,3.25,3.13,3.18,1670847,3.19
2013/07/19,3.19,3.50,3.16,3.35,4790484,3.33
2013/07/22,3.31,3.56,3.29,3.55,4258397,3.43
2013/07/23,3.51,3.56,3.47,3.53,2909396,3.52
2013/07/24,3.50,3.68,3.49,3.64,2928514,3.59
2013/07/25,3.60,3.64,3.42,3.43,2357114,3.53
2013/07/26,3.40,3.51,3.38,3.43,1970916,3.44
2013/07/29,3.43,3.43,3.28,3.34,1496338,3.35
2013/07/30,3.33,3.53,3.27,3.53,2345191,3.40
2013/07/31,3.51,3.56,3.44,3.47,1321577,3.50
2013/08/01,3.47,3.60,3.47,3.53,1938122,3.54
2013/08/02,3.54,3.58,3.48,3.48,1563137,3.53
2013/08/05,3.47,3.56,3.43,3.54,1118167,3.50
2013/08/06,3.57,3.57,3.49,3.50,1373580,3.53
2013/08/07,3.52,3.52,3.32,3.35,2133236,3.42
2013/08/08,3.33,3.41,3.33,3.39,946562,3.37
2013/08/09,3.40,3.43,3.34,3.42,957382,3.39
2013/08/12,3.43,3.46,3.39,3.44,894696,3.43
2013/08/13,3.44,3.46,3.39,3.40,874465,3.43
2013/08/14,3.40,3.42,3.34,3.38,1110987,3.38
2013/08/15,3.38,3.50,3.35,3.46,2094843,3.43
2013/08/16,3.44,3.46,3.27,3.30,1558306,3.36
2013/08/19,3.24,3.38,3.21,3.36,681339,3.29
2013/08/20,3.36,3.47,3.33,3.42,1273488,3.40
2013/08/21,3.43,3.48,3.41,3.44,1185966,3.45
2013/08/22,3.46,3.53,3.42,3.50,1202011,3.47
2013/08/23,3.50,3.55,3.37,3.46,1305623,3.46
2013/08/26,3.44,3.58,3.44,3.58,1834800,3.51
2013/08/27,3.58,3.61,3.53,3.60,817799,3.57
2013/08/28,3.59,3.59,3.46,3.47,1212278,3.52
2013/08/29,3.50,3.54,3.41,3.44,826000,3.48
2013/08/30,3.44,3.49,3.31,3.34,975206,3.40
2013/09/02,3.34,3.40,3.34,3.39,442440,3.37
2013/09/03,3.37,3.46,3.37,3.44,623650,3.42
2013/09/04,3.44,3.51,3.44,3.49,1090826,3.47
2013/09/05,3.45,3.50,3.36,3.42,1003184,3.43
2013/09/06,3.40,3.53,3.38,3.51,1390533,3.45
2013/09/09,3.53,3.61,3.53,3.53,1649730,3.57
2013/09/10,3.57,3.59,3.49,3.54,1043959,3.54
2013/09/11,3.53,3.54,3.41,3.46,1069952,3.48
2013/09/12,3.45,3.54,3.42,3.53,1465282,3.48
2013/09/13,3.53,3.59,3.47,3.53,982411,3.53
2013/09/16,3.53,3.68,3.53,3.59,2046900,3.60
2013/09/17,3.57,3.81,3.56,3.77,3750861,3.69
2013/09/18,3.77,3.77,3.70,3.76,1633782,3.74
2013/09/23,3.72,3.81,3.71,3.80,1593376,3.76
2013/09/24,3.81,3.81,3.64,3.68,1948066,3.73
2013/09/25,3.69,3.72,3.64,3.67,1026773,3.68
2013/09/26,3.67,3.71,3.60,3.61,802066,3.66
2013/09/27,3.61,3.67,3.59,3.67,565183,3.63
2013/09/30,3.68,3.73,3.65,3.70,587199,3.69
2013/10/08,3.71,3.73,3.63,3.72,1037546,3.68
2013/10/09,3.73,3.89,3.65,3.87,1823072,3.77
2013/10/10,3.84,4.06,3.81,3.82,1907993,3.93
2013/10/11,3.80,3.86,3.78,3.83,987448,3.82
2013/10/14,3.83,3.90,3.76,3.88,1193081,3.83
2013/10/15,3.88,3.89,3.75,3.78,1049568,3.82
2013/10/16,3.77,3.77,3.59,3.62,1810594,3.68
2013/10/17,3.64,3.70,3.63,3.66,699135,3.67
2013/10/18,3.62,3.76,3.62,3.75,820725,3.69
2013/10/21,3.78,3.82,3.74,3.81,746685,3.78
2013/10/22,3.82,3.98,3.79,3.94,2185716,3.89
2013/10/23,3.93,3.96,3.74,3.87,1430781,3.85
2013/10/24,3.86,4.04,3.82,4.03,1974260,3.93
2013/10/25,4.01,4.01,3.86,3.89,1552651,3.93
2013/10/28,3.88,4.14,3.83,4.12,1986446,3.98
2013/10/29,4.13,4.23,3.87,4.08,2912492,4.05
2013/10/30,4.05,4.48,4.02,4.42,3962318,4.25
2013/10/31,4.38,4.53,4.29,4.48,2911247,4.41
2013/11/01,4.40,4.44,4.27,4.34,2052177,4.35
2013/11/04,4.34,4.63,4.22,4.55,3124209,4.42
2013/11/05,4.45,4.73,4.45,4.54,3051068,4.59
2013/11/06,4.44,4.59,4.36,4.40,1870767,4.48
2013/11/07,4.36,4.54,4.24,4.26,1493059,4.39
2013/11/08,4.25,4.41,4.14,4.37,1799827,4.27
2013/11/11,4.35,4.66,4.35,4.61,1787950,4.50
2013/11/12,4.57,4.69,4.54,4.56,1682936,4.62
2013/11/13,4.51,4.69,4.48,4.56,1106430,4.59
2013/11/14,4.56,4.83,4.49,4.81,1977218,4.66
2013/11/15,4.80,5.10,4.74,5.06,3068858,4.92
2013/11/18,5.06,5.23,4.90,5.00,3368852,5.07
2013/11/19,5.03,5.05,4.89,5.02,2004834,4.97
2013/11/20,5.01,5.01,4.84,4.95,1581874,4.92
2013/11/21,4.89,5.05,4.86,4.96,1223146,4.96
2013/11/22,4.97,5.03,4.89,4.93,940452,4.96
2013/11/25,4.89,5.19,4.85,5.14,2136994,5.02
2013/11/26,5.10,5.16,5.03,5.06,1571314,5.10
2013/11/27,5.05,5.28,5.04,5.24,2068572,5.16
2013/11/28,5.20,5.41,5.16,5.24,1747662,5.29
2013/11/29,5.20,5.79,5.19,5.69,3355402,5.49
2013/12/02,5.36,5.66,5.10,5.10,2937726,5.38
2013/12/03,5.03,5.42,4.74,5.40,2201837,5.08
2013/12/04,5.41,5.75,5.34,5.51,2101181,5.54
2013/12/05,5.46,5.76,5.44,5.67,1667521,5.60
2013/12/06,5.68,5.73,5.49,5.52,1334130,5.61
2013/12/09,5.64,5.66,5.29,5.41,2731615,5.48
2013/12/10,5.43,5.58,5.29,5.45,1644381,5.44
2013/12/11,5.39,5.49,5.31,5.41,1241084,5.40
2013/12/12,5.38,5.53,5.36,5.43,1102548,5.45
2013/12/13,5.41,5.51,5.34,5.43,1037949,5.42
2013/12/16,5.43,5.55,5.37,5.52,1337888,5.46
2013/12/17,5.55,5.55,4.99,5.34,2192228,5.27
2013/12/18,5.31,5.35,5.19,5.21,794933,5.27
2013/12/19,5.20,5.34,5.15,5.20,814444,5.25
2013/12/20,5.21,5.27,5.15,5.21,449970,5.21
2013/12/23,5.21,5.41,5.17,5.41,1309259,5.29
2013/12/24,5.44,5.69,5.41,5.68,1815124,5.55
2013/12/25,5.70,6.26,5.70,6.17,3802814,5.98
2013/12/26,6.06,6.19,5.94,6.08,2584332,6.07
2013/12/27,6.08,6.26,5.96,6.19,2394776,6.11
2013/12/30,6.19,6.56,6.18,6.51,2321422,6.37
2013/12/31,6.44,6.60,6.27,6.29,2603223,6.43
2014/01/02,6.38,6.73,6.19,6.63,3002550,6.46
2014/01/03,6.69,6.89,6.10,6.16,8801825,6.49
2014/01/06,6.04,6.04,5.52,5.55,4914414,5.78
2014/01/07,5.43,5.63,5.38,5.52,2572037,5.50
2014/01/08,5.51,5.71,5.49,5.65,2698124,5.60
2014/01/09,5.63,5.68,5.26,5.29,2677698,5.47
2014/01/10,5.24,5.48,5.21,5.40,1546279,5.35
2014/01/13,5.41,5.50,5.32,5.39,1101265,5.41
2014/01/14,5.39,5.51,5.37,5.51,1300799,5.44
2014/01/15,5.46,5.61,5.45,5.59,1928779,5.53
2014/01/16,5.60,6.18,5.56,6.13,4921784,5.87
2014/01/17,6.06,6.13,5.99,6.05,2295229,6.06
2014/01/20,5.98,6.31,5.89,6.04,1976929,6.10
2014/01/21,5.99,6.14,5.93,6.06,1446440,6.03
2014/01/22,6.06,6.15,6.02,6.15,1752919,6.08
2014/01/23,6.15,6.26,6.01,6.04,2049625,6.13
2014/01/24,6.00,6.07,5.94,6.00,1340099,6.01
2014/01/27,6.00,6.16,5.95,6.12,1650056,6.06
2014/01/28,6.13,6.21,6.03,6.15,1359697,6.12
2014/01/29,6.15,6.17,6.04,6.11,1527910,6.10
2014/01/30,6.11,6.31,6.04,6.29,1759617,6.17
2014/02/07,6.39,6.68,6.29,6.63,3436660,6.48
2014/02/10,6.63,6.92,6.63,6.69,3685016,6.77
2014/02/11,6.69,7.31,6.59,7.17,5351339,6.95
2014/02/12,7.16,7.28,6.93,7.20,2795738,7.10
2014/02/13,7.14,7.29,7.02,7.10,2276424,7.15
2014/02/14,7.00,7.44,7.00,7.40,2388744,7.22
2014/02/17,7.44,7.51,7.27,7.40,1948040,7.39
2014/02/18,7.71,7.71,6.92,7.11,8190759,7.31
2014/02/19,7.03,7.16,6.75,6.76,3807629,6.96
2014/02/20,6.74,6.75,6.41,6.60,3754627,6.58
2014/02/21,6.50,6.74,6.50,6.64,1993281,6.62
2014/02/24,6.51,6.51,6.31,6.49,2649774,6.41
2014/02/25,6.44,6.81,6.44,6.58,3701545,6.63
2014/02/26,6.49,6.81,6.44,6.81,2508440,6.63
2014/02/27,6.78,6.93,6.58,6.58,3148487,6.75
2014/02/28,6.47,6.56,6.07,6.56,2782776,6.31
2014/03/03,6.39,6.52,6.31,6.38,1977571,6.41
2014/03/04,6.38,6.55,6.24,6.49,2705978,6.40
2014/03/05,6.52,6.52,6.31,6.41,3033527,6.41
2014/03/06,6.28,6.29,5.76,6.06,11924201,6.02
2014/03/07,5.95,6.18,5.94,6.11,8319685,6.06
2014/03/10,6.05,6.12,5.79,5.92,4177882,5.96
2014/03/11,5.87,6.10,5.82,6.02,4766156,5.96
2014/03/12,6.05,6.11,5.83,6.03,4496003,5.97
2014/03/13,6.01,6.51,5.93,6.49,10276614,6.22
2014/03/14,6.41,6.69,6.25,6.54,8183592,6.47
2014/03/17,6.53,6.58,6.37,6.43,6127731,6.48
2014/03/18,6.43,6.55,6.37,6.41,5570581,6.46
2014/03/19,6.32,6.40,6.06,6.18,8070428,6.23
2014/03/20,6.16,6.29,5.85,5.85,7780694,6.07
2014/03/21,5.75,5.88,5.63,5.87,4814928,5.75
2014/03/24,5.90,5.90,5.69,5.75,4982680,5.80
2014/03/25,5.67,5.72,5.52,5.57,5640804,5.62
2014/03/26,5.57,5.69,5.52,5.68,5097773,5.60
2014/03/27,5.67,5.67,5.37,5.39,6239844,5.52
2014/03/28,5.38,5.45,4.99,5.01,4989562,5.22
2014/03/31,5.02,5.15,4.85,5.07,3412661,5.00
2014/04/01,5.08,5.11,5.00,5.09,3136758,5.06
2014/04/02,5.09,5.10,4.96,5.00,2779364,5.03
2014/04/03,5.02,5.09,4.98,5.06,2766344,5.04
2014/04/04,5.05,5.44,4.98,5.36,5968430,5.21
2014/04/08,5.30,5.50,5.24,5.43,4745857,5.37
2014/04/09,5.43,5.47,5.35,5.44,3656889,5.41
2014/04/10,5.44,5.60,5.41,5.48,4852366,5.50
2014/04/11,5.43,5.43,5.33,5.38,3166817,5.38
2014/04/14,5.38,5.40,5.32,5.35,2253018,5.36
2014/04/15,5.38,5.39,5.29,5.32,2336857,5.34
2014/04/16,5.33,5.34,5.21,5.22,2878834,5.27
2014/04/17,5.24,5.24,5.12,5.13,2382553,5.18
2014/04/18,5.15,5.37,5.13,5.31,3533730,5.25
2014/04/21,5.26,5.31,5.21,5.22,2225425,5.26
2014/04/22,5.23,5.29,5.14,5.25,2447853,5.21
2014/04/23,5.24,5.44,5.24,5.43,3955244,5.34
2014/04/24,5.43,5.43,5.25,5.26,2192156,5.34
2014/04/25,5.24,5.30,5.05,5.10,2095117,5.17
2014/04/28,5.07,5.07,4.75,4.78,2615827,4.91
2014/04/29,4.78,4.89,4.75,4.85,1523614,4.82
2014/04/30,4.89,4.89,4.80,4.87,1050139,4.84
2014/05/05,4.84,4.96,4.84,4.96,1362816,4.90
2014/05/06,4.95,5.08,4.93,5.02,1820290,5.00
2014/05/07,4.98,5.19,4.96,5.06,2770680,5.08
2014/05/08,5.03,5.14,5.02,5.06,1394354,5.08
2014/05/09,5.06,5.07,4.94,5.02,1121793,5.01
2014/05/12,4.95,5.10,4.95,5.10,1357263,5.02
2014/05/13,5.12,5.13,5.02,5.03,1298168,5.07
2014/05/14,5.03,5.11,5.03,5.08,1044064,5.07
2014/05/15,5.09,5.11,4.90,4.91,2165923,5.01
2014/05/16,4.90,4.92,4.81,4.89,1009456,4.86
2014/05/19,4.89,4.95,4.85,4.91,587969,4.90
2014/05/20,4.91,5.05,4.91,4.94,920134,4.98
2014/05/21,4.91,4.95,4.85,4.95,679250,4.90
2014/05/22,4.93,5.06,4.91,4.97,1386740,4.98
2014/05/23,4.97,5.23,4.95,5.20,3706971,5.09
2014/05/26,5.21,5.25,5.13,5.20,3056797,5.19
2014/05/27,5.19,5.23,5.08,5.10,2021067,5.16
2014/05/28,5.13,5.15,5.05,5.12,1944973,5.10
2014/05/29,5.13,5.15,5.02,5.03,1903680,5.08
2014/05/30,5.00,5.08,4.92,4.96,2856824,5.00
2014/06/03,4.96,5.09,4.96,5.00,2123532,5.02
2014/06/04,5.00,5.03,4.96,5.00,1175320,5.00
2014/06/05,4.99,5.07,4.95,5.06,2211176,5.01
2014/06/06,5.05,5.07,5.00,5.03,1285039,5.04
2014/06/09,5.02,5.07,5.00,5.01,1330737,5.04
2014/06/10,5.01,5.06,4.97,5.00,2575655,5.01
2014/06/11,4.98,5.02,4.94,4.97,2366901,4.98
2014/06/12,4.95,5.00,4.94,4.96,1644330,4.97
2014/06/13,5.00,5.18,4.96,5.07,3652812,5.07
2014/06/16,5.09,5.16,5.06,5.14,3108739,5.11
2014/06/17,5.14,5.14,5.02,5.03,2160240,5.08
2014/06/18,5.01,5.05,4.95,4.96,1500165,5.00
2014/06/19,4.96,5.01,4.83,4.86,1528997,4.92
2014/06/20,4.99,4.99,4.87,4.93,1322823,4.93
2014/06/23,4.93,5.07,4.90,5.05,2355993,4.99
2014/06/24,5.05,5.30,5.02,5.21,6507496,5.16
2014/06/25,5.16,5.27,5.08,5.24,4901936,5.17
2014/06/26,5.23,5.44,5.22,5.36,6346132,5.33
2014/06/27,5.35,5.91,5.30,5.80,12219069,5.60
2014/06/30,5.83,6.01,5.65,5.69,11939807,5.83
2014/07/01,5.75,5.85,5.69,5.84,5699894,5.77
2014/07/02,5.87,5.88,5.74,5.77,3478943,5.81
2014/07/03,5.73,5.75,5.61,5.68,3890424,5.68
2014/07/04,5.64,5.84,5.64,5.70,3261345,5.74
2014/07/07,5.71,5.82,5.66,5.78,2399733,5.74
2014/07/08,5.77,5.77,5.64,5.74,2061952,5.70
2014/07/09,5.71,6.10,5.69,5.86,5788495,5.90
2014/07/10,5.82,5.92,5.78,5.90,3238883,5.85
2014/07/11,5.88,5.97,5.82,5.96,2908299,5.90
2014/07/14,6.04,6.55,6.04,6.39,10321105,6.29
2014/07/15,6.32,6.52,6.27,6.42,5093505,6.39
2014/07/16,6.42,6.42,6.07,6.07,4473058,6.25
2014/07/17,6.06,6.07,5.83,5.87,4079455,5.95
2014/07/18,5.92,6.12,5.86,5.93,2989119,5.99
2014/07/21,5.92,5.99,5.87,5.87,2184759,5.93
2014/07/22,5.90,6.08,5.88,5.96,3426332,5.98
2014/07/23,5.99,6.07,5.93,5.96,2925019,6.00
2014/07/24,5.97,5.99,5.67,5.70,3727935,5.83
2014/07/25,5.69,5.75,5.64,5.70,2347926,5.69
2014/07/28,5.75,5.83,5.72,5.81,2376169,5.77
2014/07/29,5.81,6.05,5.81,5.99,4086675,5.93
2014/07/30,5.99,6.05,5.86,5.95,2926148,5.96
2014/07/31,5.94,5.99,5.89,5.98,2398449,5.94
2014/08/01,5.99,6.01,5.87,5.88,2896157,5.94
2014/08/04,5.87,5.99,5.86,5.97,2583353,5.93
2014/08/05,5.96,6.06,5.94,6.02,2807298,6.00
2014/08/06,6.01,6.02,5.93,5.99,2398590,5.97
2014/08/07,6.00,6.02,5.94,5.96,2403321,5.98
2014/08/08,5.97,6.00,5.93,5.98,2352128,5.96
2014/08/11,5.98,6.09,5.94,6.08,4678924,6.02
2014/08/12,6.08,6.10,6.00,6.06,3284186,6.05
2014/08/13,6.06,6.08,5.93,6.01,3798302,6.00
2014/08/14,6.00,6.08,5.98,6.00,3550513,6.03
2014/08/15,5.98,6.22,5.98,6.22,5419570,6.10
2014/08/18,6.30,6.54,6.30,6.44,8831978,6.42
2014/08/19,6.48,6.50,6.30,6.35,5851126,6.40
2014/08/20,6.35,6.54,6.35,6.45,6767656,6.44
2014/08/21,6.56,7.04,6.56,6.77,12505365,6.80
2014/08/22,6.70,6.75,6.58,6.70,6388557,6.67
2014/08/25,6.73,6.75,6.46,6.46,5022995,6.60
2014/08/26,6.43,6.43,6.22,6.28,4165169,6.32
2014/08/27,6.26,6.37,6.25,6.32,2191024,6.31
2014/08/28,6.33,6.33,6.11,6.14,2739917,6.22
2014/08/29,6.14,6.27,6.13,6.26,1715613,6.20
2014/09/01,6.28,6.48,6.26,6.40,2651042,6.37
2014/09/02,6.43,6.55,6.43,6.55,4090164,6.49
2014/09/03,6.56,6.65,6.42,6.51,4859997,6.54
2014/09/04,6.51,6.59,6.44,6.57,4955215,6.52
2014/09/05,6.56,6.65,6.54,6.60,4185876,6.60
2014/09/09,6.61,6.63,6.46,6.56,3791377,6.54
2014/09/10,6.50,6.60,6.45,6.57,3503369,6.52
2014/09/11,6.58,6.79,6.56,6.71,8199021,6.67
2014/09/12,6.72,6.90,6.71,6.90,8198986,6.81
2014/09/15,6.96,6.97,6.79,6.85,5788161,6.88
2014/09/16,6.85,6.85,6.50,6.51,7336253,6.67
2014/09/17,6.49,6.55,6.40,6.54,3017094,6.48
2014/09/18,6.50,6.60,6.43,6.54,2421944,6.51
2014/09/19,6.55,6.86,6.52,6.73,4437939,6.69
2014/09/22,6.63,6.70,6.52,6.55,3367769,6.61
2014/09/23,6.53,6.63,6.51,6.60,2126771,6.57
2014/09/24,6.56,6.73,6.55,6.69,3363528,6.64
2014/09/25,6.75,6.78,6.61,6.62,3270943,6.70
2014/09/26,6.62,6.73,6.61,6.69,3164017,6.67
2014/09/29,6.72,6.83,6.70,6.79,4957394,6.77
2014/09/30,6.81,6.85,6.76,6.84,4268153,6.80
2014/10/08,6.84,7.04,6.84,7.03,6434840,6.94
2014/10/09,7.04,7.05,6.81,6.98,6447180,6.93
2014/10/10,6.90,7.24,6.83,7.14,10392717,7.04
2014/10/13,7.10,7.14,6.93,7.14,4187948,7.03
2014/10/14,7.14,7.36,6.97,7.06,7556199,7.17
2014/10/15,7.06,7.08,6.88,6.99,3535111,6.98
2014/10/16,6.95,7.09,6.88,6.88,3633574,6.98
2014/10/17,6.88,6.95,6.71,6.79,3483991,6.83
2014/10/20,6.81,6.90,6.81,6.89,1697571,6.85
2014/10/21,6.89,6.98,6.84,6.88,2390035,6.91
2014/10/22,6.88,6.94,6.74,6.76,2492813,6.84
2014/10/23,6.74,6.74,6.48,6.50,3147911,6.61
2014/10/24,6.52,6.60,6.48,6.52,1735912,6.54
2014/10/27,6.53,6.64,6.48,6.58,1365839,6.56
2014/10/28,6.63,6.88,6.63,6.88,2920227,6.75
2014/10/29,6.88,6.92,6.85,6.90,3433638,6.88
2014/10/30,6.89,6.94,6.85,6.88,2610583,6.90
2014/10/31,6.87,6.92,6.68,6.73,4038802,6.80
2014/11/03,6.72,6.93,6.71,6.83,3669952,6.82
2014/11/04,6.83,6.83,6.68,6.70,2201026,6.75
2014/11/05,6.71,6.76,6.62,6.71,1659468,6.69
2014/11/06,6.71,6.80,6.67,6.80,2324533,6.73
2014/11/07,6.81,6.92,6.70,6.79,3800191,6.81
2014/11/10,6.94,7.13,6.93,6.95,7263485,7.03
2014/11/11,6.96,7.00,6.65,6.65,4817878,6.83
2014/11/12,6.68,6.76,6.61,6.75,2057744,6.69
2014/11/13,6.80,6.80,6.68,6.68,2242560,6.74
2014/11/14,6.65,6.65,6.40,6.45,3494859,6.53
2014/11/17,6.45,6.55,6.37,6.51,2227190,6.46
2014/11/18,6.50,6.55,6.45,6.48,2201225,6.50
2014/11/19,6.47,6.58,6.47,6.55,1959246,6.52
2014/11/20,6.55,6.60,6.52,6.56,1416004,6.56
2014/11/21,6.55,6.67,6.55,6.58,1860675,6.61
2014/11/24,6.70,6.70,6.58,6.60,2391927,6.64
2014/11/25,6.59,6.66,6.57,6.65,2807377,6.62
2014/11/26,6.69,6.78,6.62,6.75,3387790,6.70
2014/11/27,6.75,6.80,6.68,6.75,3354588,6.74
2014/11/28,6.76,6.77,6.60,6.66,3000472,6.68
2014/12/01,6.66,6.66,6.43,6.51,3213568,6.54
2014/12/02,6.51,6.59,6.47,6.55,2055790,6.53
2014/12/03,6.50,6.58,6.37,6.57,4448662,6.48
2014/12/04,6.57,6.97,6.57,6.94,9722172,6.77
2014/12/05,6.96,6.98,6.62,6.70,6339847,6.80
2014/12/08,6.64,6.69,6.53,6.55,5101925,6.61
2014/12/09,6.52,6.52,6.19,6.20,5755319,6.35
2014/12/10,6.20,6.42,6.18,6.38,2253643,6.30
2014/12/11,6.33,6.43,6.30,6.39,2273324,6.36
2014/12/12,6.40,6.43,6.33,6.42,2265926,6.38
2014/12/15,6.42,6.52,6.42,6.50,2493130,6.47
2014/12/16,6.45,6.53,6.41,6.50,2275116,6.47
2014/12/17,6.47,6.53,6.30,6.41,2299008,6.42
2014/12/18,6.36,6.43,6.28,6.28,2261807,6.35
2014/12/19,6.25,6.25,6.05,6.09,3068056,6.15
2014/12/22,6.13,6.13,5.50,5.58,3578727,5.81
2014/12/23,5.60,5.73,5.60,5.61,1687780,5.67
2014/12/24,5.69,5.80,5.66,5.79,1166370,5.73
2014/12/25,5.75,5.89,5.75,5.80,1285616,5.82
2014/12/26,5.82,5.84,5.73,5.75,1630302,5.79
2014/12/29,5.82,5.84,5.73,5.75,0,5.79
2014/12/30,5.82,5.84,5.73,5.75,0,5.79
2014/12/31,5.82,5.84,5.73,5.75,0,5.79
2015/01/05,5.82,5.84,5.73,5.75,0,5.79
2015/01/06,5.90,6.23,5.80,6.05,5488786,6.02
2015/01/07,6.05,6.05,5.88,5.92,3231384,5.96
2015/01/08,5.91,5.99,5.81,5.97,2712065,5.90
2015/01/09,6.00,6.00,5.88,5.89,1727484,5.94
2015/01/12,5.89,5.89,5.70,5.70,1850134,5.79
2015/01/13,5.70,5.79,5.70,5.77,945727,5.75
2015/01/14,5.75,5.80,5.72,5.76,999051,5.76
2015/01/15,5.75,5.80,5.75,5.75,1227485,5.77
2015/01/16,5.75,5.89,5.75,5.85,1477635,5.82
2015/01/19,5.80,5.92,5.70,5.77,2702966,5.81
2015/01/20,5.78,5.93,5.78,5.93,2261153,5.85
2015/01/21,6.02,6.16,5.95,6.07,3862382,6.06
2015/01/22,6.08,6.17,6.02,6.14,2731751,6.09
2015/01/23,6.15,6.18,6.03,6.04,2232776,6.10
2015/01/26,6.05,6.22,6.05,6.21,2798762,6.13
2015/01/27,6.16,6.29,6.15,6.22,2505634,6.22
2015/01/28,6.23,6.33,6.19,6.24,3355049,6.26
2015/01/29,6.20,6.26,6.13,6.21,2046519,6.19
2015/01/30,6.22,6.26,6.13,6.17,1692252,6.19
2015/02/02,6.09,6.47,6.06,6.42,4894599,6.26
2015/02/03,6.46,7.08,6.46,7.03,21797076,6.77
2015/02/04,7.10,7.76,7.04,7.76,21423903,7.40
2015/02/05,8.15,8.22,7.74,7.91,23436236,7.98
2015/02/06,8.30,8.59,7.99,8.13,20424681,8.29
2015/02/09,7.97,8.25,7.80,7.93,11892687,8.02
2015/02/10,7.83,7.98,7.64,7.97,9710085,7.81
2015/02/11,7.88,8.20,7.75,7.98,9981256,7.97
2015/02/12,7.89,8.15,7.81,8.02,8516500,7.98
2015/02/13,8.08,8.36,8.00,8.14,10215653,8.18
2015/02/16,8.19,8.47,7.91,8.31,8257870,8.19
2015/02/17,8.35,8.35,7.98,8.02,5943987,8.17
2015/02/25,8.04,8.04,7.74,7.93,4672357,7.89
2015/02/26,7.92,8.74,7.90,8.74,11876436,8.32
2015/02/27,8.59,8.59,8.30,8.47,11807005,8.45
2015/03/02,8.35,8.68,8.33,8.44,8365023,8.50
2015/03/03,8.37,8.57,8.25,8.26,7306590,8.41
2015/03/04,8.20,8.35,8.11,8.34,5731585,8.23
2015/03/05,8.35,8.93,8.34,8.70,12265731,8.63
2015/03/06,8.70,8.90,8.34,8.34,6129857,8.62
2015/03/09,8.20,8.30,7.85,8.05,9692694,8.08
2015/03/10,8.03,8.29,7.91,8.29,6454539,8.10
2015/03/11,8.28,8.41,8.06,8.06,5437500,8.24
2015/03/12,8.16,8.88,8.16,8.41,10394335,8.52
2015/03/13,8.41,9.27,8.33,9.27,15284749,8.80
2015/03/16,8.41,9.27,8.33,9.27,0,8.80
2015/03/17,8.41,9.27,8.33,9.27,0,8.80
2015/03/18,8.41,9.27,8.33,9.27,0,8.80
2015/03/19,8.41,9.27,8.33,9.27,0,8.80
2015/03/20,8.41,9.27,8.33,9.27,0,8.80
2015/03/23,8.41,9.27,8.33,9.27,0,8.80
2015/03/24,8.41,9.27,8.33,9.27,0,8.80
2015/03/25,8.41,9.27,8.33,9.27,0,8.80
2015/03/26,8.41,9.27,8.33,9.27,0,8.80
2015/03/27,8.41,9.27,8.33,9.27,0,8.80
2015/03/30,8.41,9.27,8.33,9.27,0,8.80
2015/03/31,8.41,9.27,8.33,9.27,0,8.80
2015/04/01,8.41,9.27,8.33,9.27,0,8.80
2015/04/02,8.41,9.27,8.33,9.27,0,8.80
2015/04/03,8.41,9.27,8.33,9.27,0,8.80
2015/04/07,9.40,10.22,9.30,10.22,19430262,9.76
2015/04/08,11.26,11.26,11.26,11.26,2617516,11.26
2015/04/09,11.73,12.40,11.55,12.40,29899941,11.98
2015/04/10,12.14,13.55,11.80,13.05,21377080,12.68
2015/04/13,13.30,14.35,12.70,14.28,18837887,13.52
2015/04/14,14.31,15.30,13.55,13.58,20333381,14.43
2015/04/15,13.20,13.21,12.55,12.57,14217775,12.88
2015/04/16,12.08,13.02,12.05,12.73,9341354,12.54
2015/04/17,12.62,12.70,12.31,12.40,9110721,12.50
2015/04/20,12.25,12.25,11.55,11.59,10831500,11.90
2015/04/21,11.55,12.18,11.49,12.12,7051405,11.83
2015/04/22,12.20,12.63,12.12,12.33,7306428,12.38
2015/04/23,12.20,12.53,11.95,12.26,8608833,12.24
2015/04/24,11.98,12.19,11.75,12.03,6726046,11.97
2015/04/27,12.00,12.62,12.00,12.45,10136144,12.31
2015/04/28,12.46,12.53,11.64,11.90,7720738,12.08
2015/04/29,11.81,12.38,11.71,12.38,7048825,12.05
2015/04/30,12.47,12.60,11.80,12.20,6177098,12.20
2015/05/04,12.05,12.43,11.85,12.36,6581974,12.14
2015/05/05,12.47,13.40,12.23,13.40,11793622,12.82
2015/05/06,13.20,14.09,13.05,14.05,14966659,13.57
2015/05/07,14.06,14.13,12.62,12.62,9390441,13.38
2015/05/08,12.60,13.45,12.11,13.15,11720596,12.78
2015/05/11,13.15,13.95,12.80,13.63,14201949,13.38
2015/05/12,13.35,13.88,13.10,13.30,24121977,13.48
2015/05/13,13.38,14.64,13.05,14.64,42271096,14.26
2015/05/14,15.00,15.88,14.40,14.90,43456328,15.20
2015/05/15,14.57,14.68,13.91,14.12,24296159,14.36
2015/05/18,14.05,14.42,13.75,14.14,18625685,14.34
2015/05/19,14.20,15.30,14.20,15.10,26769657,15.07
2015/05/20,15.32,16.62,15.30,16.62,33130067,16.38
2015/05/21,17.10,17.50,16.60,16.92,40663900,17.19
2015/05/22,16.93,18.62,16.20,18.62,31704342,17.23
2015/05/25,16.93,18.62,16.20,18.62,0,17.41
2015/05/26,16.93,18.62,16.20,18.62,0,17.41
2015/05/27,16.93,18.62,16.20,18.62,0,17.41
2015/05/28,16.93,18.62,16.20,18.62,0,17.41
2015/05/29,16.93,18.62,16.20,18.62,0,17.41
2015/06/01,16.93,18.62,16.20,18.62,0,17.41
2015/06/02,16.93,18.62,16.20,18.62,0,17.41
2015/06/03,16.93,18.62,16.20,18.62,0,17.41
2015/06/04,16.93,18.62,16.20,18.62,0,17.41
2015/06/05,16.93,18.62,16.20,18.62,0,17.41
2015/06/08,16.93,18.62,16.20,18.62,0,17.41
2015/06/09,16.93,18.62,16.20,18.62,0,17.41
2015/06/10,16.93,18.62,16.20,18.62,0,17.41
2015/06/11,16.93,18.62,16.20,18.62,0,17.41
2015/06/12,16.93,18.62,16.20,18.62,0,17.41
2015/06/15,16.93,18.62,16.20,18.62,0,17.41
2015/06/16,16.93,18.62,16.20,18.62,0,17.41
2015/06/17,16.93,18.62,16.20,18.62,0,17.41
2015/06/18,16.93,18.62,16.20,18.62,0,17.41
2015/06/19,16.93,18.62,16.20,18.62,0,17.41
2015/06/23,16.93,18.62,16.20,18.62,0,17.41
2015/06/24,16.93,18.62,16.20,18.62,0,17.41
2015/06/25,16.93,18.62,16.20,18.62,0,17.41
2015/06/26,16.93,18.62,16.20,18.62,0,17.41
2015/06/29,16.93,18.62,16.20,18.62,0,17.41
2015/06/30,16.93,18.62,16.20,18.62,0,17.41
2015/07/01,16.93,18.62,16.20,18.62,0,17.41
2015/07/02,16.93,18.62,16.20,18.62,0,17.41
2015/07/03,16.93,18.62,16.20,18.62,0,17.41
2015/07/06,16.93,18.62,16.20,18.62,0,17.41
2015/07/07,16.93,18.62,16.20,18.62,0,17.41
2015/07/08,16.93,18.62,16.20,18.62,0,17.41
2015/07/09,16.93,18.62,16.20,18.62,0,17.41
2015/07/10,16.93,18.62,16.20,18.62,0,17.41
2015/07/13,16.93,18.62,16.20,18.62,0,17.41
2015/07/14,16.93,18.62,16.20,18.62,0,17.41
2015/07/15,16.93,18.62,16.20,18.62,0,17.41
2015/07/16,16.93,18.62,16.20,18.62,0,17.41
2015/07/17,16.93,18.62,16.20,18.62,0,17.41
2015/07/20,16.93,18.62,16.20,18.62,0,17.41
2015/07/21,16.93,18.62,16.20,18.62,0,17.41
2015/07/22,16.93,18.62,16.20,18.62,0,17.41
2015/07/23,16.93,18.62,16.20,18.62,0,17.41
2015/07/24,16.93,18.62,16.20,18.62,0,17.41
2015/07/27,16.93,18.62,16.20,18.62,0,17.41
2015/07/28,16.93,18.62,16.20,18.62,0,17.41
2015/07/29,16.93,18.62,16.20,18.62,0,17.41
2015/07/30,16.93,18.62,16.20,18.62,0,17.41
2015/07/31,16.93,18.62,16.20,18.62,0,17.41
2015/08/03,16.93,18.62,16.20,18.62,0,17.41
2015/08/04,16.93,18.62,16.20,18.62,0,17.41
2015/08/05,16.93,18.62,16.20,18.62,0,17.41
2015/08/06,16.93,18.62,16.20,18.62,0,17.41
2015/08/07,16.93,18.62,16.20,18.62,0,17.41
2015/08/10,16.93,18.62,16.20,18.62,0,17.41
2015/08/11,16.93,18.62,16.20,18.62,0,17.41
2015/08/12,16.93,18.62,16.20,18.62,0,17.41
2015/08/13,16.93,18.62,16.20,18.62,0,17.41
2015/08/14,16.93,18.62,16.20,18.62,0,17.41
2015/08/17,16.93,18.62,16.20,18.62,0,17.41
2015/08/18,16.93,18.62,16.20,18.62,0,17.41
2015/08/19,16.93,18.62,16.20,18.62,0,17.41
2015/08/20,16.93,18.62,16.20,18.62,0,17.41
2015/08/21,16.93,18.62,16.20,18.62,0,17.41
2015/08/24,16.93,18.62,16.20,18.62,0,17.41
2015/08/25,16.93,18.62,16.20,18.62,0,17.41
2015/08/26,16.93,18.62,16.20,18.62,0,17.41
2015/08/27,16.93,18.62,16.20,18.62,0,17.41
2015/08/28,16.93,18.62,16.20,18.62,0,17.41
2015/08/31,16.93,18.62,16.20,18.62,0,17.41
2015/09/01,16.93,18.62,16.20,18.62,0,17.41
2015/09/02,16.93,18.62,16.20,18.62,0,17.41
2015/09/07,16.93,18.62,16.20,18.62,0,17.41
2015/09/08,16.93,18.62,16.20,18.62,0,17.41
2015/09/09,16.93,18.62,16.20,18.62,0,17.41
2015/09/10,16.93,18.62,16.20,18.62,0,17.41
2015/09/11,16.93,18.62,16.20,18.62,0,17.41
2015/09/14,16.93,18.62,16.20,18.62,0,17.41
2015/09/15,16.93,18.62,16.20,18.62,0,17.41
2015/09/16,16.93,18.62,16.20,18.62,0,17.41
2015/09/17,16.93,18.62,16.20,18.62,0,17.41
2015/09/18,16.93,18.62,16.20,18.62,0,17.41
2015/09/21,16.93,18.62,16.20,18.62,0,17.41
2015/09/22,16.93,18.62,16.20,18.62,0,17.41
2015/09/23,16.93,18.62,16.20,18.62,0,17.41
2015/09/24,16.93,18.62,16.20,18.62,0,17.41
2015/09/25,16.93,18.62,16.20,18.62,0,17.41
2015/09/28,16.93,18.62,16.20,18.62,0,17.41
2015/09/29,16.75,16.75,16.75,16.75,79900,16.85
2015/09/30,15.07,15.07,15.07,15.07,55200,15.17
2015/10/08,13.55,13.55,13.55,13.55,1301200,13.65
2015/10/09,12.19,12.19,12.19,12.19,1614100,12.29
2015/10/12,10.96,13.35,10.96,12.73,70792603,11.76
2015/10/13,11.80,12.25,11.60,12.01,45629138,12.03
2015/10/14,11.90,12.38,11.80,12.12,28341084,12.21
2015/10/15,12.00,12.30,11.80,12.23,26045086,12.20
2015/10/16,12.30,12.38,12.03,12.16,25013545,12.25
2015/10/19,12.19,13.14,12.06,13.08,35554861,12.59
2015/10/20,12.81,13.00,12.50,12.92,26245221,12.88
2015/10/21,12.93,13.54,11.70,11.71,30972268,12.83
2015/10/22,11.44,12.15,11.28,11.98,20269869,11.83
2015/10/23,11.99,12.16,11.72,12.04,18454171,12.03
2015/10/26,12.12,12.65,12.00,12.32,20509726,12.35
2015/10/27,12.18,12.21,11.60,12.09,14067662,12.06
2015/10/28,12.00,12.31,11.86,11.98,13030813,12.21
2015/10/29,12.12,12.16,11.89,11.95,10492601,12.12
2015/10/30,11.90,11.90,11.60,11.70,9168494,11.85
2015/11/02,11.50,11.78,11.40,11.41,8402242,11.67
2015/11/03,11.50,11.75,11.38,11.58,7336673,11.65
2015/11/04,11.55,12.02,11.55,12.02,13475321,11.94
2015/11/05,12.01,12.26,11.91,12.09,16642818,12.18
2015/11/06,12.15,12.25,12.06,12.15,15560089,12.24
2015/11/09,12.16,12.68,11.85,12.40,22805317,12.35
2015/11/10,12.30,13.05,12.23,12.75,25277165,12.78
2015/11/11,12.79,12.83,12.39,12.62,17048266,12.66
2015/11/12,12.59,13.08,12.51,12.90,23448570,12.90
2015/11/13,12.87,13.18,12.70,12.80,22247423,13.03
2015/11/16,12.46,13.05,12.41,13.05,14771266,12.83
2015/11/17,13.10,13.46,12.67,12.72,20480221,13.13
2015/11/18,12.80,12.97,12.55,12.65,11279500,12.88
2015/11/19,12.88,13.93,12.84,13.93,30036909,13.47
2015/11/20,14.80,15.29,14.43,15.06,46431415,14.96
2015/11/23,14.68,14.77,14.10,14.23,29322601,14.53
2015/11/24,14.15,14.49,14.05,14.45,14239742,14.44
2015/11/25,14.40,14.42,14.10,14.30,17752118,14.31
2015/11/26,14.31,14.34,13.97,14.04,16520598,14.21
2015/11/27,13.94,14.25,12.63,12.71,20139118,13.63
2015/11/30,12.45,12.85,11.50,12.47,15862199,12.39
2015/12/01,12.45,12.47,12.10,12.26,10953395,12.36
2015/12/02,12.39,12.50,11.83,12.34,8711307,12.35
2015/12/03,12.34,12.74,12.28,12.72,9403725,12.58
2015/12/04,12.55,12.80,12.45,12.52,8786709,12.71
2015/12/07,12.60,12.63,12.38,12.53,7840531,12.61
2015/12/08,12.45,12.50,12.02,12.07,8652392,12.27
2015/12/09,12.00,12.18,11.94,12.04,5454549,12.14
2015/12/10,12.03,12.25,11.91,12.00,6938228,12.23
2015/12/11,11.98,12.19,11.90,12.10,4925248,12.15
2015/12/14,12.00,12.65,11.94,12.51,7410954,12.37
2015/12/15,12.51,12.70,12.44,12.64,8070691,12.65
2015/12/16,12.65,12.77,12.52,12.75,7803889,12.74
2015/12/17,12.76,13.45,12.76,13.32,15309529,13.34
2015/12/18,13.26,13.79,13.13,13.21,15740202,13.52
2015/12/21,13.18,13.83,13.08,13.65,13223517,13.57
2015/12/22,13.65,13.70,13.36,13.53,9186894,13.58
2015/12/23,13.50,13.64,13.18,13.19,9016138,13.52
2015/12/24,13.13,13.32,12.83,13.19,8268446,13.20
2015/12/25,13.22,14.52,13.20,14.52,27860971,14.30
2015/12/28,14.90,15.14,14.21,14.55,34247073,14.74
2015/12/29,14.40,15.90,14.26,15.18,41556308,15.17
2015/12/30,15.03,15.06,14.56,14.82,21370188,14.89
2015/12/31,14.82,14.97,14.08,14.11,15922649,14.52
2016/01/04,14.11,14.18,12.69,12.69,12092993,13.38
2016/01/05,11.81,12.82,11.55,12.25,16056806,12.36
2016/01/06,12.30,12.77,12.15,12.64,11034133,12.57
2016/01/07,12.44,12.45,11.37,11.37,3207525,11.87
2016/01/08,11.60,11.87,10.50,11.43,10790950,11.57
2016/01/11,11.00,11.36,10.28,10.28,13220813,10.78
2016/01/12,10.23,10.45,9.45,10.00,9478809,10.07
2016/01/13,10.05,10.18,9.50,9.53,6342157,10.00
2016/01/14,9.40,10.09,9.10,9.94,8310425,9.66
2016/01/15,9.92,10.08,9.59,9.63,7164166,9.95
2016/01/18,9.34,9.94,9.34,9.75,7326178,9.83
2016/01/19,9.75,10.23,9.69,10.22,8480529,10.10
2016/01/20,10.27,10.62,10.08,10.25,10239825,10.44
2016/01/21,9.98,10.30,9.66,9.66,7332528,10.14
2016/01/22,9.80,9.94,9.46,9.80,5262733,9.83
2016/01/25,9.90,10.04,9.73,9.90,4892865,10.00
2016/01/26,9.73,9.85,8.90,8.90,7780170,9.39
2016/01/27,9.08,9.08,8.05,8.43,8761403,8.47
2016/01/28,8.28,8.48,7.77,7.81,5720479,8.23
2016/01/29,7.88,8.28,7.81,8.21,6646346,8.17
2016/02/01,8.20,8.34,7.92,8.12,5796326,8.26
2016/02/02,8.15,8.57,8.15,8.51,6211945,8.51
2016/02/03,8.36,9.05,8.33,8.97,8307780,8.78
2016/02/04,8.92,9.28,8.92,9.14,7140632,9.21
2016/02/05,9.38,9.50,9.13,9.14,6510187,9.41
2016/02/15,8.76,9.00,8.62,8.95,4615918,8.94
2016/02/16,8.97,9.46,8.97,9.38,5829218,9.36
2016/02/17,9.35,9.45,9.23,9.40,5358500,9.44
2016/02/18,9.67,9.86,9.46,9.57,9280966,9.77
2016/02/19,9.44,9.88,9.41,9.85,8181480,9.75
2016/02/22,9.94,10.78,9.85,10.72,13192754,10.43
2016/02/23,10.67,10.67,10.04,10.38,9742199,10.45
2016/02/24,10.30,10.49,10.08,10.38,7142310,10.39
2016/02/25,10.35,10.35,9.33,9.33,7715157,9.91
2016/02/26,9.70,9.70,8.99,9.29,5012753,9.40
2016/02/29,9.20,9.24,8.35,8.45,5718905,8.72
2016/03/01,8.59,8.91,8.37,8.82,5465912,8.73
2016/03/02,8.76,9.39,8.70,9.34,7053682,9.18
2016/03/03,9.35,9.59,9.28,9.31,5897916,9.53
2016/03/04,9.30,9.53,8.86,9.37,6272708,9.35
2016/03/07,9.36,10.05,9.30,9.93,8928120,9.78
2016/03/08,9.78,10.05,9.43,9.87,5824566,9.81
2016/03/09,9.80,9.85,9.52,9.71,4997709,9.77
2016/03/10,9.54,9.84,9.52,9.55,4073108,9.78
2016/03/11,9.54,9.70,9.34,9.62,2950218,9.65
2016/03/14,9.71,10.04,9.71,9.93,6713921,10.04
2016/03/15,9.90,9.98,9.68,9.84,4351350,9.92
2016/03/16,9.90,10.05,9.73,9.74,4488157,9.96
2016/03/17,9.84,10.28,9.75,10.26,9334885,10.18
2016/03/18,10.15,10.88,10.06,10.60,15703604,10.58
2016/03/21,10.80,11.29,10.62,11.00,18289969,10.99
2016/03/22,11.08,11.80,10.81,10.94,22395382,11.39
2016/03/23,10.74,11.28,10.62,10.84,14800229,11.01
2016/03/24,10.66,11.93,10.53,11.93,23738740,11.79
2016/03/25,11.80,11.95,11.35,11.54,24172484,11.73
2016/03/28,11.53,11.67,11.07,11.16,15292729,11.49
2016/03/29,11.14,11.54,11.02,11.28,11449307,11.37
2016/03/30,11.30,11.65,11.25,11.62,10563990,11.56
2016/03/31,11.72,11.72,11.27,11.35,10411730,11.56
2016/04/01,11.20,11.31,10.76,11.05,9020871,11.10
2016/04/05,11.10,11.55,11.00,11.50,9387680,11.50
2016/04/06,11.42,11.59,11.18,11.34,6982142,11.50
2016/04/07,11.40,11.53,11.20,11.21,8708746,11.45
2016/04/08,11.07,11.21,10.90,11.02,5587161,11.09
2016/04/11,11.07,11.48,11.07,11.30,5203393,11.41
2016/04/12,11.30,11.40,11.06,11.40,5849523,11.33
2016/04/13,11.53,11.87,11.50,11.53,11658957,11.73
2016/04/14,11.57,11.70,11.43,11.66,6922161,11.68
2016/04/15,11.83,12.19,11.65,12.04,14907886,12.01
2016/04/18,11.90,12.38,11.73,12.19,14198760,12.20
2016/04/19,12.25,12.28,11.96,12.10,9213273,12.21
2016/04/20,12.16,12.36,11.00,11.49,13918078,11.94
2016/04/21,11.53,11.66,11.15,11.17,6535511,11.50
2016/04/22,11.10,11.36,10.90,11.34,6849034,11.26
2016/04/25,11.28,12.20,11.08,11.99,14570438,11.96
2016/04/26,11.81,12.20,11.78,12.16,8834633,12.05
2016/04/27,12.24,12.88,12.16,12.45,16172240,12.74
2016/04/28,12.52,12.67,12.00,12.33,10769678,12.39
2016/04/29,12.43,13.15,12.40,12.92,16311646,12.92
2016/05/03,12.81,13.49,12.71,13.31,14990634,13.39
2016/05/04,13.50,14.13,13.34,13.59,18505607,13.86
2016/05/05,13.43,13.70,13.22,13.66,10630435,13.58
2016/05/06,13.61,13.75,12.86,12.89,13431232,13.29
2016/05/09,12.65,12.65,11.91,12.18,10719140,12.41
2016/05/10,12.12,12.33,11.80,11.90,6566381,12.24
2016/05/11,12.06,12.16,11.31,11.38,10844922,11.75
2016/05/12,11.05,11.58,10.76,11.54,10810700,11.28
2016/05/13,11.53,11.62,11.33,11.38,5126016,11.57
2016/05/16,11.40,12.10,11.35,12.04,8576322,11.87
2016/05/17,12.07,12.11,11.85,11.96,5047178,12.08
2016/05/18,11.88,11.88,11.20,11.39,6364648,11.55
2016/05/19,11.25,11.80,11.25,11.37,6327081,11.69
2016/05/20,11.30,11.80,11.29,11.80,6688952,11.74
2016/05/23,11.83,12.21,11.83,12.12,7454327,12.14
2016/05/24,12.18,12.25,11.66,11.89,4983600,11.96
2016/05/25,11.98,12.13,11.69,11.71,4550378,12.00
2016/05/26,11.67,11.77,11.33,11.70,3863859,11.63
2016/05/27,11.71,11.86,11.57,11.67,3359339,11.84
2016/05/30,11.56,12.10,11.51,12.02,5854129,12.05
2016/05/31,11.96,12.54,11.96,12.45,8264547,12.40
2016/06/01,12.40,12.57,12.21,12.29,8796299,12.47
2016/06/02,12.26,12.37,12.20,12.31,5175650,12.39
2016/06/03,12.29,12.67,12.25,12.39,8914496,12.54
2016/06/06,12.41,13.10,12.30,12.86,10126737,12.88
2016/06/07,12.90,13.10,12.70,12.77,7155539,12.87
2016/06/08,12.78,12.87,12.35,12.63,6919855,12.58
2016/06/13,12.44,12.58,11.72,11.79,5490135,12.29
2016/06/14,11.72,12.20,11.70,11.94,4170210,11.97
2016/06/15,11.85,12.69,11.80,12.59,6671800,12.41
2016/06/16,12.64,13.13,12.45,12.86,6393824,12.85
2016/06/17,12.65,13.08,12.55,12.72,4674890,12.78
2016/06/20,12.71,12.95,12.49,12.86,5520552,12.72
2016/06/21,13.28,13.30,12.86,12.95,10652923,13.06
2016/06/22,12.94,13.60,12.80,13.51,11376108,13.40
2016/06/23,13.43,13.77,13.27,13.60,10591046,13.51
2016/06/24,13.59,13.62,12.72,13.16,8650375,13.32
2016/06/27,13.02,14.25,12.98,14.08,12189117,13.88
2016/06/28,13.98,14.18,13.85,14.01,7013939,14.02
2016/06/29,14.20,14.23,13.70,13.82,6190361,13.92
2016/06/30,14.16,14.83,14.09,14.09,12186966,14.45
2016/07/01,14.12,14.88,14.12,14.69,12931719,14.53
2016/07/04,14.50,15.49,14.35,15.15,19434108,14.97
2016/07/05,15.20,15.34,14.78,15.16,13185015,14.96
2016/07/06,15.00,15.14,14.73,14.83,9173521,14.88
2016/07/07,14.94,15.14,14.51,15.11,14400120,14.86
2016/07/08,14.89,15.68,14.81,15.58,12685771,15.33
2016/07/11,15.52,15.88,14.96,14.96,12180542,15.37
2016/07/12,15.00,15.10,14.30,14.89,9642403,14.68
2016/07/13,14.89,15.13,14.51,14.90,7985229,14.94
2016/07/14,14.89,15.00,14.60,14.75,7468649,14.76
2016/07/15,14.76,15.00,14.37,14.60,6263386,14.59
2016/07/18,14.68,15.14,13.40,13.87,21693705,14.12
2016/07/19,13.79,14.40,13.36,14.20,16807887,13.85
2016/07/20,14.36,14.75,14.16,14.16,11465940,14.45
2016/07/21,14.02,14.37,14.00,14.16,7402352,14.18
2016/07/22,14.25,14.25,13.92,14.03,6137040,14.08
2016/07/25,13.92,14.50,13.90,14.40,7060740,14.27
2016/07/26,14.50,14.59,14.30,14.49,5711400,14.47
2016/07/27,14.56,14.56,13.40,13.90,9934400,14.05
2016/07/28,13.91,14.06,13.38,13.55,6860800,13.58
2016/07/29,13.54,13.73,13.45,13.57,2307087,13.57
2016/08/01,13.58,13.65,13.31,13.58,3050351,13.46
2016/08/02,13.59,13.76,13.44,13.76,2652769,13.63
2016/08/03,13.71,14.56,13.66,14.47,9681480,14.25
2016/08/04,14.47,15.12,14.35,14.96,11738845,14.83
2016/08/05,14.95,15.07,14.61,14.67,5811651,14.75
2016/08/08,14.65,15.06,14.60,14.75,3978304,14.85
2016/08/09,14.65,15.06,14.60,14.75,0,14.83
