Date, SZ002479.Open, SZ002479.High, SZ002479.Low, SZ002479.Close, SZ002479.Volume, SZ002479.Adjusted
2010/09/21,7.98,8.39,7.25,7.30,26004930,7.82
2010/09/27,7.10,7.10,6.75,6.85,11726663,6.92
2010/09/28,6.75,6.80,6.60,6.67,7299903,6.70
2010/09/29,6.62,6.68,6.52,6.64,4199879,6.60
2010/09/30,6.57,6.80,6.54,6.74,4473602,6.67
2010/10/08,6.75,6.98,6.75,6.93,6141251,6.87
2010/10/11,6.96,7.07,6.82,6.99,6507288,6.95
2010/10/12,7.01,7.01,6.82,6.83,4143460,6.92
2010/10/13,6.81,6.81,6.63,6.72,4526025,6.72
2010/10/14,6.73,6.89,6.68,6.79,4254020,6.78
2010/10/15,6.72,6.85,6.66,6.67,3978818,6.75
2010/10/18,6.72,6.85,6.66,6.67,0,6.75
2010/10/19,6.74,7.00,6.66,6.93,5579488,6.83
2010/10/20,6.79,6.98,6.75,6.84,4380637,6.87
2010/10/21,6.97,7.01,6.83,6.97,4668831,6.92
2010/10/22,7.00,7.04,6.92,7.01,4616478,6.98
2010/10/25,7.06,7.28,7.04,7.23,6787798,7.16
2010/10/26,7.17,7.19,7.03,7.08,4545412,7.11
2010/10/27,7.07,7.22,7.00,7.09,3855421,7.11
2010/10/28,7.10,7.28,7.09,7.25,4444415,7.19
2010/10/29,7.25,7.47,7.19,7.36,5162219,7.33
2010/11/01,7.45,7.67,7.37,7.50,5316976,7.52
2010/11/02,7.48,7.52,7.24,7.27,5125057,7.38
2010/11/03,7.19,7.23,7.07,7.09,3127876,7.15
2010/11/04,7.10,7.23,7.09,7.21,2159791,7.16
2010/11/05,7.22,7.28,7.16,7.26,2481242,7.22
2010/11/08,7.28,7.57,7.28,7.48,4990685,7.43
2010/11/09,7.48,7.54,7.34,7.43,3411451,7.44
2010/11/10,7.40,7.66,7.37,7.63,4761642,7.52
2010/11/11,7.58,7.80,7.46,7.49,4934596,7.63
2010/11/12,7.48,7.53,6.89,7.00,4958104,7.21
2010/11/15,7.07,7.31,7.07,7.31,3001957,7.19
2010/11/16,7.34,7.54,7.04,7.10,4053457,7.29
2010/11/17,7.10,7.21,7.04,7.09,2245211,7.13
2010/11/18,7.37,7.87,7.27,7.80,11507471,7.57
2010/11/19,7.69,7.90,7.57,7.90,8697295,7.74
2010/11/22,7.82,8.19,7.76,7.98,8632039,7.97
2010/11/23,8.06,8.47,8.01,8.10,8120007,8.24
2010/11/24,8.05,8.27,8.01,8.21,5024151,8.14
2010/11/25,8.19,8.37,8.04,8.10,4961076,8.20
2010/11/26,8.09,8.42,8.07,8.24,4325075,8.25
2010/11/29,8.28,8.36,8.12,8.25,3082941,8.24
2010/11/30,8.25,8.27,7.59,7.82,5632928,7.93
2010/12/01,7.82,7.97,7.78,7.87,2508833,7.88
2010/12/02,7.99,8.02,7.84,7.87,2293595,7.93
2010/12/03,7.85,7.94,7.63,7.81,1923081,7.79
2010/12/06,7.82,7.84,7.57,7.63,1795337,7.71
2010/12/07,7.61,7.91,7.57,7.90,2081545,7.74
2010/12/08,7.87,8.08,7.84,7.92,2542967,7.96
2010/12/09,7.92,8.07,7.85,7.86,1852286,7.96
2010/12/10,7.71,7.92,7.71,7.87,1538522,7.81
2010/12/13,7.96,8.27,7.95,8.15,3580656,8.11
2010/12/14,8.23,8.32,8.14,8.32,3517069,8.23
2010/12/15,8.34,8.34,8.16,8.25,2820836,8.25
2010/12/16,8.24,8.34,8.18,8.32,2865364,8.26
2010/12/17,8.31,8.31,8.10,8.21,2242575,8.21
2010/12/20,8.28,8.70,8.18,8.65,6916615,8.44
2010/12/21,8.54,8.83,8.44,8.72,9308766,8.63
2010/12/22,8.50,9.19,8.50,9.09,7913921,8.84
2010/12/23,8.95,9.12,8.82,9.04,4385370,8.97
2010/12/24,8.90,9.01,8.54,8.68,5350419,8.77
2010/12/27,8.68,8.79,8.24,8.34,5109759,8.51
2010/12/28,8.28,8.53,8.22,8.35,2965218,8.38
2010/12/29,8.37,8.64,8.37,8.64,2288360,8.50
2010/12/30,8.63,8.83,8.51,8.82,3544540,8.67
2010/12/31,8.87,9.30,8.81,9.27,4292385,9.06
2011/01/04,10.29,10.29,10.29,10.29,2604311,10.29
2011/01/05,11.15,11.15,10.39,10.48,14390688,10.77
2011/01/06,10.40,11.57,10.40,11.22,12162649,10.99
2011/01/07,10.92,11.17,10.48,10.77,7674952,10.83
2011/01/10,10.77,11.57,10.63,11.50,8642225,11.10
2011/01/11,11.22,11.34,10.59,10.74,5839048,10.96
2011/01/12,10.78,11.02,10.23,10.67,5456265,10.63
2011/01/13,10.65,10.78,10.05,10.17,5229655,10.42
2011/01/14,10.06,10.47,9.90,10.22,4760768,10.19
2011/01/17,10.00,10.48,9.92,10.12,5325412,10.20
2011/01/18,10.00,10.19,9.36,9.54,5301290,9.77
2011/01/19,10.00,10.19,9.36,9.54,0,9.77
2011/01/20,10.58,10.58,10.58,10.58,1634138,10.58
2011/01/21,10.95,11.72,10.92,11.72,24889942,11.32
2011/01/24,11.44,11.51,10.66,10.66,11789720,11.08
2011/01/25,10.68,10.78,10.13,10.66,7433187,10.46
2011/01/26,10.53,10.83,10.35,10.55,6215214,10.59
2011/01/27,10.39,10.62,9.89,10.47,8297907,10.25
2011/01/28,10.28,11.60,10.18,11.23,10468198,10.89
2011/01/31,11.12,11.48,10.83,11.33,7034017,11.16
2011/02/01,11.28,11.42,10.99,11.01,4452331,11.21
2011/02/09,10.98,11.79,10.73,11.76,9669435,11.26
2011/02/10,11.57,12.68,11.52,12.26,10309954,12.10
2011/02/11,12.13,12.45,12.01,12.27,6346976,12.23
2011/02/14,12.24,12.88,12.07,12.28,7795522,12.48
2011/02/15,12.28,12.75,12.14,12.57,8242289,12.45
2011/02/16,12.60,12.95,12.47,12.82,7864794,12.71
2011/02/17,12.60,12.95,12.47,12.82,0,12.71
2011/02/18,12.66,12.82,12.04,12.12,7846482,12.43
2011/02/21,12.10,13.18,12.10,13.01,7434486,12.64
2011/02/22,12.95,12.95,12.24,12.42,6670120,12.59
2011/02/23,12.40,13.13,12.39,12.67,7447699,12.76
2011/02/24,12.57,12.57,11.92,12.22,7192461,12.25
2011/02/25,12.21,12.32,11.99,12.22,3120152,12.16
2011/02/28,12.10,12.43,11.96,12.36,3887238,12.20
2011/03/01,12.36,12.36,12.16,12.26,3175754,12.26
2011/03/02,12.19,12.19,11.75,11.91,4299518,11.97
2011/03/03,12.10,12.25,11.42,11.51,6640020,11.83
2011/03/04,11.46,11.78,11.42,11.71,3245543,11.60
2011/03/07,11.88,12.29,11.84,12.19,5562184,12.06
2011/03/08,12.26,13.28,12.17,13.13,12307669,12.72
2011/03/09,13.37,14.51,12.87,14.51,38947295,13.69
2011/03/10,14.54,15.94,14.54,15.66,43663982,15.24
2011/03/11,14.54,15.94,14.54,15.66,0,15.24
2011/03/14,14.95,15.15,14.37,14.57,23471872,14.76
2011/03/15,14.58,14.75,13.72,14.16,19801969,14.24
2011/03/16,13.99,14.48,13.75,14.26,16454618,14.12
2011/03/17,14.01,14.25,13.71,13.77,10696073,13.98
2011/03/18,13.97,14.05,13.71,13.87,6193615,13.88
2011/03/21,13.84,14.19,13.52,14.10,9184807,13.85
2011/03/22,14.18,14.19,13.66,13.75,8436312,13.92
2011/03/23,13.75,14.58,13.34,14.39,17249963,13.96
2011/03/24,14.39,14.41,14.01,14.04,10992664,14.21
2011/03/25,14.01,14.21,13.71,13.93,8348519,13.96
2011/03/28,13.89,13.89,13.59,13.61,9474214,13.74
2011/03/29,13.61,13.61,13.18,13.18,7683527,13.39
2011/03/30,13.06,13.54,13.01,13.22,5002088,13.27
2011/03/31,13.19,13.46,12.89,13.00,4767485,13.18
2011/04/01,13.00,13.12,12.89,13.08,3196262,13.00
2011/04/06,13.07,13.07,12.84,13.01,4702137,12.96
2011/04/07,13.01,14.29,13.01,13.87,12381565,13.65
2011/04/08,13.88,13.89,13.55,13.71,6570121,13.72
2011/04/11,13.70,13.71,13.31,13.32,5703089,13.51
2011/04/12,13.22,13.42,13.02,13.18,4312391,13.22
2011/04/13,13.13,13.26,12.88,13.24,4242277,13.07
2011/04/14,13.19,13.21,13.01,13.03,3904217,13.11
2011/04/15,13.01,13.17,12.94,13.11,3156206,13.05
2011/04/18,13.02,13.21,13.02,13.07,3412726,13.12
2011/04/19,13.01,13.01,12.47,12.55,6124116,12.74
2011/04/20,12.54,12.65,12.31,12.54,5087594,12.48
2011/04/21,12.51,12.81,12.37,12.72,4534038,12.59
2011/04/22,12.65,13.27,12.55,12.81,5944041,12.91
2011/04/25,12.72,12.72,12.25,12.28,4355919,12.49
2011/04/26,12.25,12.42,12.03,12.05,3004078,12.22
2011/04/27,12.07,12.22,10.95,11.16,4880039,11.58
2011/04/28,11.17,11.32,10.31,10.31,4402033,10.82
2011/04/29,10.31,10.76,9.82,10.67,4718978,10.29
2011/05/03,10.59,10.60,10.31,10.56,2909893,10.46
2011/05/04,10.54,11.06,10.31,10.71,4757536,10.69
2011/05/05,10.55,10.78,10.42,10.59,2274574,10.60
2011/05/06,10.49,10.74,10.37,10.59,2229746,10.55
2011/05/09,10.69,10.91,10.69,10.83,2745215,10.80
2011/05/10,10.87,11.69,10.72,11.69,6778651,11.21
2011/05/11,11.68,11.68,11.28,11.34,4504077,11.48
2011/05/12,11.14,11.62,10.95,11.19,3674581,11.28
2011/05/13,11.16,11.29,10.88,11.06,2684992,11.08
2011/05/16,11.05,11.22,10.79,10.79,2937665,11.00
2011/05/17,10.77,10.82,10.47,10.61,2734949,10.65
2011/05/18,10.61,10.78,10.51,10.67,1846346,10.64
2011/05/19,10.72,10.72,10.50,10.51,1781754,10.61
2011/05/20,10.37,10.62,10.37,10.45,1575024,10.49
2011/05/23,10.45,10.49,9.89,9.91,2255603,10.19
2011/05/24,9.89,10.26,9.39,10.08,3259408,9.83
2011/05/25,9.95,10.06,9.69,9.69,2151293,9.88
2011/05/26,9.67,9.87,9.48,9.49,1857565,9.67
2011/05/27,9.47,9.60,9.22,9.22,1889893,9.41
2011/05/30,9.10,9.12,8.72,8.79,2488200,8.92
2011/05/31,8.81,9.06,8.79,9.05,2452486,8.92
2011/06/01,9.05,9.29,8.96,9.22,2405717,9.13
2011/06/02,9.00,9.01,8.79,8.90,2097147,8.90
2011/06/03,8.92,9.52,8.92,9.30,3734168,9.22
2011/06/07,9.28,9.41,9.13,9.38,2308235,9.27
2011/06/08,9.38,9.48,9.25,9.39,2010939,9.37
2011/06/09,9.40,10.02,9.35,9.47,4853624,9.68
2011/06/10,9.48,9.48,8.97,9.18,2728491,9.23
2011/06/13,9.07,9.10,8.85,9.05,1381360,8.97
2011/06/14,9.02,9.28,9.02,9.23,1598219,9.15
2011/06/15,9.25,9.29,9.04,9.07,1711860,9.16
2011/06/16,8.95,9.16,8.89,8.90,1456730,9.03
2011/06/17,8.87,8.99,8.73,8.75,1437020,8.86
2011/06/20,8.75,8.83,8.42,8.51,1618212,8.63
2011/06/21,8.52,8.83,8.52,8.71,1430360,8.67
2011/06/22,8.81,8.88,8.67,8.71,1301876,8.78
2011/06/23,8.72,9.05,8.54,9.01,2882813,8.79
2011/06/24,9.10,9.37,9.09,9.26,4984946,9.23
2011/06/27,9.20,9.81,9.20,9.45,4901250,9.50
2011/06/28,9.42,9.52,9.27,9.45,2821263,9.39
2011/06/29,9.42,9.75,9.40,9.41,3078284,9.58
2011/06/30,9.39,9.54,9.32,9.49,2129604,9.43
2011/07/01,9.52,9.72,9.52,9.59,2534443,9.62
2011/07/04,9.70,9.89,9.61,9.89,4005837,9.75
2011/07/05,9.90,9.95,9.68,9.79,3336254,9.81
2011/07/06,9.78,9.78,9.47,9.66,3630224,9.63
2011/07/07,9.61,9.85,9.55,9.67,3748156,9.70
2011/07/08,9.64,9.68,9.39,9.47,2507298,9.54
2011/07/11,9.28,9.59,9.28,9.52,1940253,9.43
2011/07/12,9.44,9.44,9.32,9.33,1987350,9.38
2011/07/13,9.33,9.77,9.33,9.74,3826039,9.55
2011/07/14,9.77,10.78,9.75,10.78,10868354,10.26
2011/07/15,10.78,11.35,10.66,11.05,14024126,11.00
2011/07/18,11.08,11.34,10.89,10.94,6851533,11.12
2011/07/19,10.81,10.81,10.51,10.51,4699010,10.66
2011/07/20,10.81,11.62,10.75,11.18,10471052,11.18
2011/07/21,11.06,11.18,10.65,10.74,5078092,10.92
2011/07/22,10.76,10.89,10.58,10.71,2960890,10.74
2011/07/25,10.71,10.71,10.02,10.07,4418299,10.37
2011/07/26,9.99,10.37,9.98,10.31,2652102,10.17
2011/07/27,10.29,10.65,10.03,10.52,3434335,10.34
2011/07/28,10.31,10.42,10.13,10.29,2751863,10.28
2011/07/29,10.24,10.39,10.15,10.15,2026839,10.27
2011/08/01,10.01,10.47,10.01,10.33,2522418,10.24
2011/08/02,10.21,10.87,10.21,10.84,5160873,10.54
2011/08/03,10.64,10.95,10.61,10.73,4118198,10.78
2011/08/04,10.72,10.92,10.56,10.59,2907393,10.74
2011/08/05,10.24,10.25,9.89,10.07,3531149,10.07
2011/08/08,9.89,9.89,8.99,9.12,5052420,9.44
2011/08/09,8.60,9.12,8.42,8.96,3982687,8.77
2011/08/10,9.21,9.42,9.19,9.19,3155782,9.30
2011/08/11,8.89,9.40,8.84,9.37,2801486,9.12
2011/08/12,9.60,9.72,9.38,9.39,2919195,9.55
2011/08/15,9.43,9.69,9.32,9.64,2586857,9.50
2011/08/16,9.72,9.84,9.54,9.55,2585984,9.69
2011/08/17,9.54,9.63,9.37,9.38,2087222,9.50
2011/08/18,9.38,9.48,9.18,9.18,1948029,9.33
2011/08/19,8.74,9.54,8.74,9.51,3604987,9.14
2011/08/22,9.51,9.88,9.42,9.57,4806162,9.65
2011/08/23,9.52,9.65,9.49,9.62,2252069,9.57
2011/08/24,9.68,9.86,9.52,9.54,3380835,9.69
2011/08/25,9.65,10.04,9.65,9.82,4452353,9.84
2011/08/26,9.85,9.92,9.71,9.82,2044625,9.82
2011/08/29,9.84,9.84,9.59,9.60,2209377,9.71
2011/08/30,9.74,9.79,9.38,9.38,1828141,9.58
2011/08/31,9.37,9.51,9.25,9.39,1297844,9.38
2011/09/01,9.42,9.49,9.16,9.17,1683320,9.33
2011/09/02,9.17,9.27,9.00,9.08,1303607,9.13
2011/09/05,9.05,9.05,8.89,8.89,1161849,8.97
2011/09/06,8.84,8.93,8.78,8.86,826460,8.85
2011/09/07,8.95,9.20,8.90,9.20,1330401,9.05
2011/09/08,9.49,10.19,9.48,9.90,12758042,9.83
2011/09/09,9.71,9.79,9.54,9.66,6388998,9.66
2011/09/13,9.41,9.52,9.14,9.26,3311130,9.33
2011/09/14,9.33,9.50,9.05,9.49,3208340,9.28
2011/09/15,9.59,9.69,9.39,9.41,3051021,9.54
2011/09/16,9.48,9.51,8.94,8.96,4701125,9.22
2011/09/19,8.84,8.84,8.63,8.71,2593624,8.74
2011/09/20,8.69,8.89,8.65,8.78,1685471,8.77
2011/09/21,8.78,9.19,8.78,9.18,2985615,8.98
2011/09/22,9.09,9.19,8.89,8.99,2542418,9.04
2011/09/23,8.82,9.14,8.74,9.09,2541375,8.94
2011/09/26,9.06,9.16,8.89,8.99,2023566,9.03
2011/09/27,9.04,9.11,8.69,8.91,2272945,8.90
2011/09/28,9.08,9.17,8.77,8.79,1980559,8.97
2011/09/29,8.72,8.89,8.60,8.65,2053997,8.75
2011/09/30,8.60,8.71,8.44,8.59,1425062,8.58
2011/10/10,8.60,8.83,8.49,8.61,1027948,8.66
2011/10/11,8.92,8.97,8.57,8.68,1284464,8.77
2011/10/12,8.68,9.01,8.58,8.99,2100365,8.79
2011/10/13,8.93,9.16,8.91,9.15,3158097,9.04
2011/10/14,9.12,9.13,8.95,9.01,1789855,9.04
2011/10/17,9.07,9.15,8.95,9.10,1624972,9.05
2011/10/18,9.01,9.39,8.93,9.10,5078996,9.16
2011/10/19,9.11,9.18,8.81,8.89,2228672,9.00
2011/10/20,8.89,8.90,8.58,8.65,1832529,8.74
2011/10/21,8.85,9.21,8.79,8.85,2889652,9.00
2011/10/24,8.89,9.17,8.55,9.13,3001342,8.86
2011/10/25,9.14,9.76,9.01,9.57,6297272,9.38
2011/10/26,9.48,10.05,9.42,9.69,9669324,9.74
2011/10/27,9.74,10.37,9.73,10.02,11344156,10.05
2011/10/28,10.21,10.81,9.85,10.60,14303233,10.33
2011/10/31,10.52,10.71,10.39,10.55,10041802,10.55
2011/11/01,10.41,10.52,10.23,10.37,7467655,10.38
2011/11/02,10.18,10.78,10.05,10.73,11130454,10.42
2011/11/03,10.73,10.73,10.34,10.41,10075303,10.54
2011/11/04,10.48,10.54,10.25,10.35,5293158,10.39
2011/11/07,10.30,10.54,10.28,10.37,4186274,10.41
2011/11/08,10.39,10.42,10.12,10.15,4469789,10.27
2011/11/09,10.15,10.32,9.89,10.32,5156320,10.11
2011/11/10,10.17,10.78,10.17,10.43,12078671,10.47
2011/11/11,10.48,10.51,10.19,10.24,4152637,10.35
2011/11/14,10.41,10.75,10.39,10.51,5860477,10.57
2011/11/15,10.57,10.87,10.44,10.87,11079053,10.65
2011/11/16,10.82,10.94,10.25,10.35,10682939,10.59
2011/11/17,10.39,10.77,10.26,10.43,7213010,10.51
2011/11/18,10.32,10.32,9.90,9.92,6062712,10.11
2011/11/21,9.92,9.98,9.61,9.84,2994327,9.79
2011/11/22,9.69,9.96,9.66,9.93,2421478,9.81
2011/11/23,9.98,10.09,9.78,9.79,2611079,9.93
2011/11/24,9.72,9.98,9.67,9.88,2820495,9.83
2011/11/25,9.89,9.98,9.77,9.90,2484506,9.88
2011/11/28,10.00,10.04,9.88,9.95,2532210,9.96
2011/11/29,10.04,10.09,9.90,10.04,2780731,10.00
2011/11/30,10.00,10.29,9.58,9.88,6783194,9.93
2011/12/01,10.24,10.41,10.04,10.31,7257454,10.22
2011/12/02,10.25,10.30,9.84,9.84,4626051,10.07
2011/12/05,9.89,9.90,9.14,9.17,4098042,9.52
2011/12/06,9.07,9.41,9.01,9.28,2106808,9.21
2011/12/07,9.25,9.39,9.13,9.18,1892299,9.26
2011/12/08,9.25,9.39,9.13,9.18,0,9.26
2011/12/09,9.13,9.36,9.02,9.31,2438325,9.19
2011/12/12,9.34,9.41,9.20,9.26,1727126,9.30
2011/12/13,9.20,9.28,8.77,8.88,2138305,9.02
2011/12/14,8.87,9.00,8.66,8.69,1925489,8.83
2011/12/15,8.59,8.77,8.54,8.62,2300365,8.65
2011/12/16,8.67,9.17,8.65,9.16,3154883,8.91
2011/12/19,9.16,9.36,8.97,9.30,3219601,9.17
2011/12/20,9.19,9.34,9.08,9.10,2408447,9.21
2011/12/21,9.25,9.34,8.66,8.67,2454675,9.00
2011/12/22,8.60,9.07,8.19,8.85,4393442,8.63
2011/12/23,8.88,9.31,8.74,9.11,4640249,9.03
2011/12/26,9.01,9.20,8.77,8.84,2219324,8.98
2011/12/27,8.89,9.03,8.55,8.55,1884771,8.79
2011/12/28,8.32,8.51,8.23,8.46,1997248,8.37
2011/12/29,8.42,8.59,8.31,8.42,1446835,8.45
2011/12/30,8.46,8.70,8.46,8.70,1957575,8.58
2012/01/04,9.08,9.11,8.67,8.69,2572559,8.89
2012/01/05,8.62,8.71,8.28,8.30,2315239,8.50
2012/01/06,8.31,8.53,8.22,8.51,1737303,8.38
2012/01/09,8.48,8.89,8.48,8.88,2625499,8.69
2012/01/10,8.89,9.18,8.83,9.13,4355025,9.00
2012/01/11,9.12,9.29,8.94,9.18,4427931,9.11
2012/01/12,9.20,9.32,9.08,9.18,5551075,9.20
2012/01/13,9.18,9.25,8.84,8.89,4105338,9.04
2012/01/16,8.83,8.98,8.49,8.49,2726647,8.74
2012/01/17,8.50,9.04,8.48,8.99,4068870,8.76
2012/01/18,9.03,9.07,8.60,8.64,4036985,8.83
2012/01/19,8.52,8.72,8.45,8.55,4267902,8.58
2012/01/20,8.52,8.72,8.45,8.55,0,8.58
2012/01/30,8.66,8.75,8.49,8.49,2169004,8.62
2012/01/31,8.48,8.57,8.35,8.51,2116861,8.46
2012/02/01,8.51,8.62,8.42,8.44,2206609,8.52
2012/02/02,8.44,8.58,8.40,8.58,2169580,8.49
2012/02/03,8.54,8.75,8.54,8.72,3463731,8.64
2012/02/06,8.84,8.91,8.64,8.73,2906681,8.78
2012/02/07,8.62,8.71,8.49,8.55,2188621,8.60
2012/02/08,8.62,8.71,8.49,8.55,0,8.60
2012/02/09,8.81,9.11,8.81,8.83,6125684,8.96
2012/02/10,8.73,8.92,8.72,8.88,3864335,8.82
2012/02/13,8.92,9.07,8.91,9.04,5270015,8.99
2012/02/14,9.05,9.07,8.93,8.99,2735025,9.00
2012/02/15,8.96,9.30,8.96,9.29,6737693,9.13
2012/02/16,9.29,9.47,9.19,9.43,5175424,9.33
2012/02/17,9.39,9.39,9.07,9.14,5199199,9.23
2012/02/20,9.28,9.31,9.07,9.10,4000890,9.19
2012/02/21,9.10,9.22,9.02,9.22,3612735,9.12
2012/02/22,9.22,9.39,9.16,9.38,6547420,9.28
2012/02/23,9.41,9.51,9.24,9.31,5466932,9.38
2012/02/24,9.37,9.59,9.31,9.51,7488297,9.45
2012/02/27,9.55,9.61,9.44,9.44,7316518,9.52
2012/02/28,9.39,9.75,9.26,9.67,8657852,9.50
2012/02/29,9.60,9.66,9.40,9.44,5469712,9.53
2012/03/01,9.51,9.65,9.44,9.48,3987322,9.54
2012/03/02,9.54,9.71,9.49,9.60,5624539,9.60
2012/03/05,9.65,9.69,9.49,9.52,4210793,9.59
2012/03/06,9.48,9.48,9.27,9.27,4162884,9.38
2012/03/07,9.20,9.34,9.14,9.18,2855417,9.24
2012/03/08,9.21,9.34,9.21,9.29,2932746,9.28
2012/03/09,9.32,9.44,9.28,9.42,3365126,9.36
2012/03/12,9.47,9.53,9.41,9.49,3604168,9.47
2012/03/13,9.54,9.55,9.42,9.54,3771547,9.49
2012/03/14,9.60,9.61,9.00,9.05,7445153,9.30
2012/03/15,9.01,9.12,8.70,8.82,3930626,8.91
2012/03/16,8.93,9.15,8.87,9.05,3461449,9.01
2012/03/19,9.07,9.14,8.94,9.13,3184384,9.04
2012/03/20,9.08,9.11,8.86,8.87,3126789,8.98
2012/03/21,8.94,9.13,8.88,9.01,2862963,9.01
2012/03/22,9.08,9.08,8.90,8.97,2008653,8.99
2012/03/23,8.97,8.97,8.73,8.76,2008683,8.85
2012/03/26,8.77,8.86,8.72,8.81,1201287,8.79
2012/03/27,8.91,8.94,8.75,8.77,1369435,8.84
2012/03/28,8.77,8.77,8.46,8.48,2587103,8.62
2012/03/29,8.54,8.59,8.37,8.45,1893986,8.48
2012/03/30,8.45,8.57,8.28,8.31,1680926,8.42
2012/04/05,8.31,8.54,8.29,8.51,1609576,8.41
2012/04/06,8.53,8.57,8.44,8.51,1574963,8.50
2012/04/09,8.51,8.51,8.32,8.35,1412863,8.42
2012/04/10,8.31,8.39,8.12,8.38,1952817,8.25
2012/04/11,8.27,8.43,8.25,8.33,1421693,8.34
2012/04/12,8.27,8.43,8.25,8.33,0,8.34
2012/04/13,8.58,8.58,8.47,8.52,2685722,8.53
2012/04/16,8.51,8.52,8.42,8.47,1484154,8.47
2012/04/17,8.52,8.52,8.42,8.47,1445552,8.47
2012/04/18,8.59,8.77,8.59,8.77,3646843,8.68
2012/04/19,8.78,8.87,8.69,8.72,2557870,8.78
2012/04/20,8.72,8.79,8.65,8.74,1949507,8.72
2012/04/23,8.78,8.82,8.54,8.56,2545809,8.68
2012/04/24,8.56,8.68,8.31,8.44,2304907,8.50
2012/04/25,8.45,8.52,8.30,8.49,2120230,8.41
2012/04/26,8.51,8.55,8.35,8.45,2037006,8.45
2012/04/27,8.44,8.47,8.36,8.39,1552325,8.42
2012/05/02,8.55,8.58,8.45,8.52,2013571,8.51
2012/05/03,8.53,9.22,8.46,8.99,5659177,8.84
2012/05/04,9.02,9.22,8.97,8.98,6651607,9.10
2012/05/07,8.87,9.09,8.83,9.05,4073469,8.96
2012/05/08,9.06,9.08,8.89,8.91,3231441,8.99
2012/05/09,8.85,8.92,8.71,8.77,2854255,8.82
2012/05/10,8.77,8.88,8.72,8.79,2236327,8.80
2012/05/11,8.81,8.92,8.74,8.77,1644800,8.83
2012/05/14,8.85,8.87,8.68,8.69,2012402,8.77
2012/05/15,8.60,8.64,8.44,8.54,2215973,8.54
2012/05/16,8.54,8.57,8.44,8.47,1118164,8.50
2012/05/17,8.47,8.59,8.42,8.55,1516616,8.50
2012/05/18,8.52,8.67,8.42,8.47,2318787,8.54
2012/05/21,8.48,8.49,8.31,8.39,1436980,8.40
2012/05/22,8.42,8.51,8.42,8.49,1116721,8.46
2012/05/23,8.50,8.51,8.34,8.37,1435655,8.42
2012/05/24,8.34,8.47,8.32,8.41,1292050,8.40
2012/05/25,8.47,8.57,8.41,8.44,1744545,8.49
2012/05/28,8.45,8.62,8.35,8.58,2207747,8.48
2012/05/29,8.60,8.69,8.53,8.65,3201785,8.61
2012/05/30,8.65,8.93,8.61,8.79,6074259,8.77
2012/05/31,8.75,8.88,8.68,8.71,4289529,8.78
2012/06/01,8.77,8.80,8.52,8.59,2817894,8.66
2012/06/04,8.43,8.59,8.38,8.40,2143618,8.49
2012/06/05,8.37,8.53,8.37,8.44,1456191,8.45
2012/06/06,8.49,8.49,8.31,8.32,1585421,8.40
2012/06/07,8.38,8.56,8.34,8.38,2254696,8.45
2012/06/08,8.51,8.51,8.35,8.37,1277058,8.43
2012/06/11,8.37,8.85,8.37,8.72,6265225,8.61
2012/06/12,8.69,8.81,8.56,8.60,3442755,8.69
2012/06/13,8.64,8.85,8.59,8.76,4555852,8.72
2012/06/14,8.72,8.92,8.72,8.78,5127159,8.82
2012/06/15,8.78,8.84,8.55,8.71,3676787,8.70
2012/06/18,8.72,8.92,8.69,8.89,5575373,8.80
2012/06/19,8.83,8.85,8.64,8.66,2996610,8.75
2012/06/20,8.67,8.94,8.67,8.88,5172590,8.80
2012/06/21,8.93,8.99,8.67,8.89,7436905,8.83
2012/06/25,8.84,9.04,8.59,8.77,4874542,8.81
2012/06/26,8.63,8.69,8.36,8.47,3244611,8.52
2012/06/27,8.46,8.54,8.38,8.41,2307348,8.46
2012/06/28,8.42,8.48,8.35,8.35,1974109,8.42
2012/06/29,8.24,8.41,8.22,8.41,2320209,8.32
2012/07/02,8.51,8.57,8.40,8.45,2421946,8.49
2012/07/03,8.47,8.51,8.37,8.37,2343528,8.44
2012/07/04,8.42,8.42,8.24,8.28,2450342,8.33
2012/07/05,8.31,8.42,8.28,8.35,2601071,8.35
2012/07/06,8.39,8.51,8.25,8.48,2711590,8.38
2012/07/09,8.42,8.48,8.25,8.28,1861612,8.37
2012/07/10,8.26,8.42,8.21,8.37,1485670,8.32
2012/07/11,8.42,8.48,8.37,8.47,1643379,8.42
2012/07/12,8.45,8.55,8.41,8.51,3103190,8.48
2012/07/13,8.45,8.51,8.32,8.32,1777738,8.42
2012/07/16,8.34,8.42,8.04,8.04,2530570,8.23
2012/07/17,7.95,8.12,7.95,8.06,1143403,8.03
2012/07/18,8.07,8.07,7.66,7.87,2786795,7.87
2012/07/19,7.87,8.04,7.81,7.89,1850540,7.92
2012/07/20,7.89,7.94,7.82,7.85,1318767,7.88
2012/07/23,7.85,7.85,7.66,7.71,1223406,7.75
2012/07/24,7.68,7.77,7.64,7.74,1097596,7.70
2012/07/25,7.76,7.91,7.69,7.81,1521850,7.80
2012/07/26,7.81,7.87,7.72,7.72,820676,7.79
2012/07/27,7.75,7.81,7.69,7.77,727253,7.75
2012/07/30,7.81,7.84,7.68,7.71,822321,7.76
2012/07/31,7.69,7.74,7.31,7.31,1498880,7.52
2012/08/01,7.28,7.49,7.28,7.41,939917,7.39
2012/08/02,7.42,7.48,7.25,7.34,1143934,7.37
2012/08/03,7.34,7.48,7.31,7.44,969955,7.40
2012/08/06,7.42,7.64,7.39,7.62,1764575,7.51
2012/08/07,7.67,7.70,7.58,7.62,1383270,7.64
2012/08/08,7.65,7.68,7.54,7.66,1356956,7.61
2012/08/09,7.61,7.69,7.55,7.68,1669246,7.62
2012/08/10,7.69,7.69,7.59,7.62,972189,7.64
2012/08/13,7.58,7.61,7.41,7.42,1230341,7.51
2012/08/14,7.37,7.54,7.29,7.53,1513696,7.42
2012/08/15,7.48,7.64,7.47,7.58,1731989,7.55
2012/08/16,7.68,7.74,7.47,7.50,2346265,7.60
2012/08/17,7.46,7.50,7.39,7.47,868798,7.44
2012/08/20,7.47,7.52,7.34,7.51,757757,7.43
2012/08/21,7.48,7.69,7.48,7.66,1801805,7.59
2012/08/22,7.78,8.07,7.72,7.75,3687404,7.90
2012/08/23,7.68,7.82,7.64,7.75,1614116,7.73
2012/08/24,7.69,7.71,7.57,7.58,1453984,7.64
2012/08/27,7.60,7.78,7.55,7.55,2196850,7.67
2012/08/28,7.48,7.55,7.35,7.52,1330113,7.45
2012/08/29,7.45,7.54,7.39,7.43,1019665,7.46
2012/08/30,7.43,7.47,7.04,7.13,1911884,7.25
2012/08/31,7.10,7.18,7.05,7.12,1032472,7.11
2012/09/03,7.12,7.28,7.09,7.25,987672,7.19
2012/09/04,7.27,7.34,7.19,7.24,1152120,7.27
2012/09/05,7.19,7.30,7.19,7.25,755762,7.25
2012/09/06,7.29,7.38,7.24,7.34,926660,7.31
2012/09/07,7.45,7.75,7.45,7.65,3922764,7.60
2012/09/10,7.71,7.77,7.60,7.65,2188420,7.68
2012/09/11,7.66,7.66,7.52,7.62,1806953,7.59
2012/09/12,7.65,7.71,7.57,7.66,2115979,7.64
2012/09/13,7.69,7.69,7.54,7.54,1666861,7.62
2012/09/14,7.69,7.69,7.54,7.54,0,7.62
2012/09/17,7.69,7.69,7.54,7.54,0,7.62
2012/09/18,7.30,7.48,7.19,7.24,1663206,7.34
2012/09/19,7.27,7.37,7.24,7.29,1070077,7.31
2012/09/20,7.25,7.37,7.19,7.21,1390357,7.28
2012/09/21,7.21,7.21,7.05,7.08,1119913,7.13
2012/09/24,7.08,7.14,6.99,7.14,734891,7.06
2012/09/25,7.10,7.18,7.03,7.05,729362,7.10
2012/09/26,7.05,7.11,6.81,6.82,871776,6.96
2012/09/27,6.83,7.01,6.81,6.94,1213179,6.91
2012/09/28,6.94,7.10,6.87,7.09,1165476,6.98
2012/10/08,7.04,7.17,7.04,7.12,873155,7.10
2012/10/09,7.12,7.28,7.12,7.28,1107965,7.20
2012/10/10,7.25,7.29,7.19,7.25,1100854,7.24
2012/10/11,7.25,7.25,7.09,7.09,1132432,7.17
2012/10/12,7.09,7.18,7.01,7.10,850809,7.09
2012/10/15,7.13,7.15,7.01,7.11,692699,7.08
2012/10/16,7.08,7.25,7.08,7.15,1269168,7.17
2012/10/17,7.16,7.25,7.13,7.22,1222367,7.19
2012/10/18,7.22,7.34,7.22,7.31,1780412,7.28
2012/10/19,7.35,7.51,7.26,7.33,2462800,7.38
2012/10/22,7.27,7.47,7.11,7.31,3662397,7.29
2012/10/23,7.27,7.36,7.20,7.21,2094542,7.28
2012/10/24,7.14,7.25,7.14,7.19,1171709,7.19
2012/10/25,7.24,7.24,7.08,7.08,1319852,7.16
2012/10/26,7.07,7.11,6.91,6.95,1240096,7.01
2012/10/29,6.94,7.00,6.90,6.92,665656,6.95
2012/10/30,6.92,7.01,6.92,6.98,541686,6.96
2012/10/31,6.97,7.01,6.95,6.99,542179,6.98
2012/11/01,7.01,7.15,6.99,7.12,1265821,7.07
2012/11/02,7.09,7.15,7.07,7.12,752856,7.11
2012/11/05,7.10,7.25,7.07,7.19,1274292,7.16
2012/11/06,7.14,7.24,7.01,7.07,929523,7.13
2012/11/07,7.08,7.14,7.05,7.11,828075,7.09
2012/11/08,7.06,7.06,6.95,6.99,976470,7.00
2012/11/09,6.97,7.04,6.95,6.97,736739,7.00
2012/11/12,6.95,7.24,6.95,7.10,1592045,7.10
2012/11/13,7.14,7.17,6.99,7.01,1024791,7.08
2012/11/14,7.00,7.19,7.00,7.18,1565078,7.10
2012/11/15,7.13,7.28,7.09,7.15,2293474,7.19
2012/11/16,7.18,7.33,7.12,7.21,2670285,7.23
2012/11/19,7.28,7.31,7.18,7.28,2733891,7.24
2012/11/20,7.27,7.27,7.09,7.13,2289401,7.18
2012/11/21,7.13,7.18,6.97,7.14,1850576,7.07
2012/11/22,7.13,7.22,7.02,7.10,1629261,7.12
2012/11/23,7.03,7.19,7.03,7.05,1437357,7.11
2012/11/26,7.06,7.09,6.71,6.71,3097350,6.90
2012/11/27,6.67,6.67,6.27,6.30,2387591,6.47
2012/11/28,6.30,6.30,6.10,6.10,1758058,6.20
2012/11/29,6.13,6.19,6.02,6.05,840259,6.10
2012/11/30,6.07,6.17,6.04,6.13,539855,6.10
2012/12/03,6.08,6.13,5.84,5.86,736834,5.98
2012/12/04,5.86,5.95,5.42,5.92,1847947,5.69
2012/12/05,5.81,6.17,5.81,6.11,1901263,5.99
2012/12/06,6.11,6.17,6.05,6.10,968298,6.11
2012/12/07,6.10,6.31,6.08,6.28,1930921,6.19
2012/12/10,6.28,6.37,6.18,6.37,2130532,6.27
2012/12/11,6.31,6.38,6.25,6.34,1787472,6.31
2012/12/12,6.33,6.42,6.17,6.39,2579873,6.29
2012/12/13,6.38,6.42,6.14,6.15,1590564,6.28
2012/12/14,6.12,6.47,6.12,6.44,2469419,6.29
2012/12/17,6.51,6.51,6.37,6.41,1732789,6.44
2012/12/18,6.40,6.49,6.32,6.38,1443917,6.41
2012/12/19,6.34,6.43,6.33,6.42,1284900,6.38
2012/12/20,6.37,6.48,6.35,6.44,1411619,6.42
2012/12/21,6.39,6.54,6.38,6.46,1818784,6.46
2012/12/24,6.48,6.58,6.43,6.55,1654557,6.50
2012/12/25,6.55,6.79,6.50,6.70,2999082,6.65
2012/12/26,6.69,6.79,6.66,6.78,2244398,6.73
2012/12/27,6.78,6.89,6.71,6.75,2832657,6.80
2012/12/28,6.75,6.88,6.65,6.81,2297794,6.77
2012/12/31,6.84,6.96,6.79,6.89,2660807,6.88
2013/01/04,6.95,7.00,6.68,6.74,2502864,6.84
2013/01/07,6.73,6.90,6.62,6.89,2625311,6.76
2013/01/08,6.89,7.13,6.83,6.97,3925067,6.98
2013/01/09,7.04,7.20,6.95,7.11,5099796,7.08
2013/01/10,7.06,7.22,7.06,7.13,3708898,7.14
2013/01/11,7.14,7.46,7.14,7.22,7018391,7.30
2013/01/14,7.45,7.89,7.45,7.59,6130974,7.67
2013/01/15,7.70,8.19,7.59,8.19,10843751,7.89
2013/01/16,8.18,8.18,7.65,7.84,7132577,7.92
2013/01/17,7.83,7.83,7.59,7.59,4095147,7.71
2013/01/18,7.59,7.76,7.59,7.64,2788202,7.67
2013/01/21,7.66,7.75,7.54,7.65,4977531,7.65
2013/01/22,7.60,7.64,7.28,7.33,5814162,7.46
2013/01/23,7.33,7.53,7.32,7.40,3568425,7.43
2013/01/24,7.39,7.53,7.15,7.20,4266991,7.34
2013/01/25,7.25,7.45,7.25,7.34,2891370,7.35
2013/01/28,7.34,7.48,7.34,7.48,2928238,7.41
2013/01/29,7.47,7.69,7.46,7.65,4323835,7.58
2013/01/30,7.65,7.68,7.45,7.51,4692490,7.56
2013/01/31,7.51,7.58,7.41,7.49,2855960,7.50
2013/02/01,7.45,7.59,7.41,7.58,3197897,7.50
2013/02/04,7.68,7.68,7.31,7.35,3627234,7.49
2013/02/05,7.30,7.48,7.25,7.46,1566887,7.37
2013/02/06,7.47,7.59,7.45,7.55,2171288,7.52
2013/02/07,7.53,7.62,7.50,7.61,2421541,7.56
2013/02/08,7.62,7.87,7.62,7.83,4474149,7.75
2013/02/18,7.84,8.06,7.84,8.01,7369604,7.95
2013/02/19,8.01,8.01,7.72,7.75,4445313,7.86
2013/02/20,7.77,8.25,7.77,8.24,10120005,8.01
2013/02/21,8.25,8.64,8.13,8.37,16480094,8.39
2013/02/22,8.34,8.71,8.34,8.59,9895887,8.53
2013/02/25,8.56,9.42,8.51,9.35,14885701,8.96
2013/02/26,9.35,9.35,8.76,8.77,20542139,9.05
2013/02/27,8.66,8.92,8.37,8.60,11994255,8.64
2013/02/28,8.57,8.79,8.42,8.74,8437132,8.60
2013/03/01,8.78,9.33,8.74,9.29,15759954,9.04
2013/03/04,9.19,10.13,9.12,9.49,23745850,9.63
2013/03/05,9.36,9.77,9.05,9.54,13543668,9.41
2013/03/06,9.51,9.67,9.38,9.47,8877245,9.53
2013/03/07,9.48,9.81,9.11,9.29,10956098,9.46
2013/03/08,9.29,9.42,8.98,8.99,6628884,9.20
2013/03/11,9.01,9.28,9.00,9.06,4651813,9.14
2013/03/12,9.11,9.14,8.45,8.72,7343040,8.79
2013/03/13,8.66,8.66,8.43,8.56,3699999,8.54
2013/03/14,8.53,8.75,8.48,8.55,3554262,8.62
2013/03/15,8.57,9.25,8.57,8.91,9896850,8.91
2013/03/18,8.89,9.37,8.84,9.12,7733830,9.10
2013/03/19,9.13,9.19,8.81,9.04,4795301,9.00
2013/03/20,9.05,9.34,9.02,9.34,7441486,9.18
2013/03/21,9.31,9.87,9.31,9.67,12268169,9.59
2013/03/22,9.71,9.75,9.51,9.64,7120175,9.63
2013/03/25,9.55,9.71,9.48,9.51,7365498,9.60
2013/03/26,9.45,9.45,9.17,9.43,5442074,9.31
2013/03/27,9.43,9.63,9.31,9.48,6204755,9.47
2013/03/28,9.35,9.82,9.13,9.39,16205398,9.86
2013/03/29,9.33,9.33,8.80,8.84,11792650,9.33
2013/04/01,8.81,9.32,8.73,9.30,11395124,9.41
2013/04/02,9.31,9.58,9.07,9.22,12447245,9.66
2013/04/03,9.22,9.22,8.75,8.89,8499531,9.17
2013/04/08,8.61,8.86,8.21,8.80,7290002,8.82
2013/04/09,8.80,8.95,8.67,8.86,5102533,9.10
2013/04/10,8.84,8.84,8.52,8.65,6777860,8.92
2013/04/11,8.62,8.81,8.56,8.61,5779434,8.96
2013/04/12,8.57,8.64,8.31,8.32,5772994,8.72
2013/04/15,8.30,8.30,8.06,8.12,3841130,8.43
2013/04/16,8.02,8.31,8.00,8.29,3747818,8.48
2013/04/17,8.30,8.43,8.22,8.34,3446785,8.61
2013/04/18,8.31,8.71,8.24,8.62,7727447,8.80
2013/04/19,8.62,8.85,8.52,8.78,10508757,8.96
2013/04/22,8.60,8.70,8.54,8.67,6755509,8.90
2013/04/23,8.68,8.70,8.23,8.26,7216811,8.65
2013/04/24,8.22,8.41,8.11,8.36,7877798,8.56
2013/04/25,8.32,8.32,8.02,8.02,6787526,8.41
2013/04/26,8.06,8.15,7.84,7.86,4539905,8.27
2013/05/02,7.91,7.98,7.83,7.97,2521972,8.19
2013/05/03,7.95,8.20,7.94,8.09,3711040,8.41
2013/05/06,8.08,8.21,8.08,8.20,5819552,8.43
2013/05/07,8.20,8.44,8.15,8.36,7662454,8.63
2013/05/08,8.42,8.56,8.30,8.37,5761181,8.65
2013/05/09,8.40,8.66,8.24,8.50,13779976,8.77
2013/05/10,8.51,8.67,8.36,8.44,9786283,8.78
2013/05/13,8.40,8.48,8.24,8.28,8760477,8.56
2013/05/14,8.29,8.36,7.98,8.05,6843077,8.40
2013/05/15,8.05,8.14,8.03,8.11,5208092,8.36
2013/05/16,8.11,8.21,8.03,8.14,6463361,8.40
2013/05/17,8.14,8.28,8.10,8.25,7316986,8.48
2013/05/20,8.25,8.67,8.23,8.66,16223147,8.81
2013/05/21,8.67,9.12,8.54,9.08,21951632,9.13
2013/05/22,9.06,9.17,8.84,8.90,15039810,9.28
2013/05/23,8.88,9.09,8.81,8.85,11692033,9.24
2013/05/24,8.79,9.01,8.78,8.98,8673886,9.19
2013/05/27,9.08,9.32,9.00,9.18,12931753,9.46
2013/05/28,9.21,9.22,8.93,9.01,8911972,9.30
2013/05/29,9.03,9.09,8.93,8.97,6980338,9.28
2013/05/30,8.90,8.97,8.77,8.87,8933475,9.14
2013/05/31,8.86,9.09,8.82,8.89,9502090,9.24
2013/06/03,8.94,8.94,8.74,8.77,6031095,9.11
2013/06/04,8.75,8.96,8.53,8.65,7595060,9.07
2013/06/05,8.60,8.74,8.52,8.63,4795837,8.89
2013/06/06,8.58,8.58,8.24,8.26,6732712,8.67
2013/06/07,8.30,8.35,8.02,8.07,5498164,8.43
2013/06/13,7.99,7.99,7.63,7.82,4446825,8.07
2013/06/14,7.87,8.06,7.77,7.99,4074192,8.21
2013/06/17,8.02,8.20,7.91,8.08,3930582,8.33
2013/06/18,8.06,8.11,7.93,8.04,2645391,8.31
2013/06/19,8.01,8.01,7.78,7.94,3443202,8.16
2013/06/20,7.80,7.92,7.67,7.67,3094226,8.07
2013/06/21,7.52,7.59,7.31,7.47,3677015,7.72
2013/06/24,7.47,7.47,6.70,6.79,5083655,7.31
2013/06/25,6.74,6.94,6.14,6.92,5669388,6.89
2013/06/26,6.95,7.09,6.83,7.00,3928264,7.25
2013/06/27,7.04,7.37,7.01,7.01,5705690,7.45
2013/06/28,6.98,7.22,6.74,7.00,3307172,7.29
2013/07/01,6.99,7.13,6.90,7.13,2616457,7.31
2013/07/02,7.14,7.29,7.12,7.28,3980645,7.48
2013/07/03,7.23,7.24,6.96,7.12,3445529,7.39
2013/07/04,7.05,7.22,6.94,7.13,3576742,7.38
2013/07/05,7.09,7.19,7.06,7.06,3207720,7.39
2013/07/08,6.92,6.92,6.61,6.61,3929607,7.01
2013/07/09,6.62,6.71,6.58,6.67,1492954,6.93
2013/07/10,6.67,6.99,6.67,6.95,3261823,7.14
2013/07/11,6.98,7.25,6.95,7.20,5353575,7.42
2013/07/12,7.19,7.48,7.03,7.25,10549219,7.48
2013/07/15,7.28,7.37,7.15,7.31,7538007,7.55
2013/07/16,7.32,7.36,7.21,7.30,4817720,7.55
2013/07/17,7.30,7.30,6.97,6.98,6468014,7.43
2013/07/18,6.97,7.02,6.82,6.86,4545855,7.18
2013/07/19,6.90,6.96,6.76,6.76,3819860,7.15
2013/07/22,6.72,7.09,6.66,7.09,6121994,7.19
2013/07/23,7.08,7.36,7.07,7.32,10415427,7.54
2013/07/24,7.27,7.84,7.09,7.64,14269003,7.77
2013/07/25,7.65,7.70,7.33,7.34,8546293,7.77
2013/07/26,7.32,7.48,7.21,7.41,5619557,7.64
2013/07/29,7.30,7.38,7.22,7.24,3600342,7.56
2013/07/30,7.25,7.31,6.94,7.08,3820014,7.42
2013/07/31,7.15,7.50,7.14,7.35,7057192,7.64
2013/08/01,7.41,7.65,7.30,7.64,10154918,7.81
2013/08/02,7.75,7.81,7.53,7.56,9699961,7.93
2013/08/05,7.56,7.66,7.54,7.61,5361724,7.87
2013/08/06,7.56,7.71,7.52,7.66,5945363,7.93
2013/08/07,7.66,7.73,7.49,7.52,6178427,7.87
2013/08/08,7.47,7.66,7.45,7.56,4505596,7.83
2013/08/09,7.56,7.62,7.42,7.49,4204958,7.79
2013/08/12,7.74,8.27,7.73,8.27,11771210,8.41
2013/08/13,8.72,9.10,8.52,8.88,48267614,9.10
2013/08/14,8.72,9.02,8.64,8.93,26449084,9.12
2013/08/15,8.93,9.06,8.71,8.81,17637002,9.12
2013/08/16,8.67,8.82,8.35,8.44,16821291,8.89
2013/08/19,8.33,8.71,8.28,8.70,10779263,8.84
2013/08/20,8.68,8.69,8.47,8.61,8970263,8.85
2013/08/21,8.54,9.50,8.54,9.16,28590624,9.42
2013/08/22,8.96,9.18,8.92,9.02,14041738,9.29
2013/08/23,9.07,9.11,8.63,8.90,13303195,9.17
2013/08/26,8.82,8.95,8.72,8.93,11198711,9.14
2013/08/27,8.93,8.93,8.73,8.80,9564894,9.08
2013/08/28,8.72,8.73,8.45,8.60,10070591,8.87
2013/08/29,8.50,8.71,8.48,8.54,6028025,8.89
2013/08/30,8.52,8.60,8.10,8.16,11919169,8.63
2013/09/02,8.19,8.47,8.10,8.38,7216919,8.58
2013/09/03,8.36,8.46,8.30,8.44,6306870,8.69
2013/09/04,8.35,8.46,8.25,8.27,5867187,8.59
2013/09/05,8.26,8.50,8.24,8.46,7943092,8.71
2013/09/06,8.42,8.69,8.30,8.61,10098045,8.79
2013/09/09,8.62,8.87,8.52,8.83,15034474,8.97
2013/09/10,8.88,9.05,8.71,8.87,17401122,9.15
2013/09/11,8.86,8.86,8.45,8.54,11591820,8.88
2013/09/12,8.49,8.60,8.44,8.49,5875291,8.80
2013/09/13,8.55,8.81,8.55,8.61,9109711,8.96
2013/09/16,8.57,8.61,8.37,8.40,7482112,8.71
2013/09/17,8.33,8.34,8.10,8.12,7456842,8.47
2013/09/18,8.03,8.21,8.00,8.16,4168906,8.39
2013/09/23,8.17,8.34,8.08,8.33,6034055,8.52
2013/09/24,8.33,8.40,8.27,8.31,5820179,8.62
2013/09/25,8.26,8.30,8.10,8.11,5424384,8.46
2013/09/26,8.08,8.15,8.06,8.11,3552591,8.39
2013/09/27,8.08,8.15,8.02,8.10,2972620,8.37
2013/09/30,8.12,8.22,8.10,8.21,3344209,8.46
2013/10/08,8.25,8.47,8.23,8.42,7194043,8.67
2013/10/09,8.39,8.50,8.29,8.46,7687482,8.71
2013/10/10,8.46,8.46,8.23,8.25,5948127,8.60
2013/10/11,8.30,8.42,8.28,8.37,4400014,8.63
2013/10/14,8.37,8.69,8.35,8.66,11021988,8.78
2013/10/15,8.68,8.81,8.56,8.74,15147315,8.97
2013/10/16,8.74,9.06,8.40,8.83,20743450,9.08
2013/10/17,8.80,9.65,8.77,9.19,33805608,9.55
2013/10/18,9.12,9.27,8.87,9.02,14444193,9.31
2013/10/21,9.02,9.87,9.02,9.71,31656772,9.88
2013/10/22,9.72,10.62,9.61,9.79,38553260,10.36
2013/10/23,9.74,10.24,9.52,10.15,35092355,10.21
2013/10/24,9.98,9.99,9.50,9.61,17074329,9.97
2013/10/25,9.61,10.12,9.54,9.64,19991023,10.11
2013/10/28,9.62,9.62,9.03,9.14,13334651,9.55
2013/10/29,9.11,9.20,8.33,9.01,16685321,9.09
2013/10/30,9.01,9.16,8.75,9.10,10984427,9.27
2013/10/31,9.10,9.10,8.65,8.72,8677950,9.11
2013/11/01,8.73,8.78,8.42,8.61,6341770,8.84
2013/11/04,8.62,9.01,8.62,8.91,8182063,9.18
2013/11/05,8.83,9.18,8.81,9.16,9473465,9.32
2013/11/06,9.18,9.50,9.02,9.03,13669922,9.57
2013/11/07,8.97,9.35,8.97,9.28,10442580,9.50
2013/11/08,9.28,9.41,9.05,9.11,8190909,9.47
2013/11/11,9.11,9.21,8.75,8.90,5768647,9.23
2013/11/12,8.92,9.30,8.82,9.29,6964964,9.33
2013/11/13,9.18,9.43,9.05,9.06,9071629,9.57
2013/11/14,9.05,9.07,8.78,9.04,6413146,9.22
2013/11/15,9.08,9.36,9.04,9.32,10661758,9.55
2013/11/18,9.43,9.52,9.28,9.51,12722534,9.71
2013/11/19,9.55,9.68,9.32,9.51,11440758,9.80
2013/11/20,9.50,9.67,9.37,9.64,10541846,9.80
2013/11/21,9.66,9.71,9.38,9.58,10307787,9.82
2013/11/22,9.54,9.69,9.25,9.26,14334495,9.70
2013/11/25,9.21,9.47,9.02,9.21,9569842,9.53
2013/11/26,9.16,9.35,9.04,9.08,7127448,9.42
2013/11/27,9.02,9.39,8.98,9.23,9670718,9.47
2013/11/28,9.25,9.39,9.18,9.22,9104571,9.55
2013/11/29,9.22,9.30,9.14,9.21,7917316,9.49
2013/12/02,9.05,9.05,8.28,8.41,12047918,8.96
2013/12/03,8.39,8.62,8.29,8.60,4431033,8.81
2013/12/04,8.60,8.78,8.60,8.68,6366645,8.99
2013/12/05,8.74,9.09,8.67,8.86,6913919,9.20
2013/12/06,8.92,9.06,8.77,8.81,4185871,9.13
2013/12/09,8.91,8.97,8.77,8.90,4631936,9.15
2013/12/10,8.89,8.92,8.70,8.74,5021221,9.07
2013/12/11,8.63,8.71,8.53,8.58,3893357,8.89
2013/12/12,8.60,8.71,8.58,8.58,2540935,8.92
2013/12/13,8.59,8.63,8.48,8.60,2893558,8.85
2013/12/16,8.60,8.60,8.39,8.44,4175868,8.74
2013/12/17,8.44,8.50,8.33,8.40,2448338,8.68
2013/12/18,8.41,8.46,8.31,8.36,2679280,8.65
2013/12/19,8.40,8.55,8.40,8.43,3204734,8.76
2013/12/20,8.46,8.46,8.32,8.34,1885249,8.64
2013/12/23,8.35,8.45,8.00,8.09,4047716,8.41
2013/12/24,8.08,8.21,8.05,8.10,3275772,8.40
2013/12/25,8.10,8.17,8.02,8.13,3283725,8.39
2013/12/26,8.13,8.17,7.75,7.77,5238767,8.21
2013/12/27,7.78,7.89,7.74,7.85,2922734,8.12
2013/12/30,7.87,8.07,7.86,7.99,3272911,8.26
2013/12/31,7.98,8.01,7.90,7.99,2681447,8.25
2014/01/02,7.99,8.07,7.96,8.05,2395760,8.30
2014/01/03,8.05,8.05,7.92,7.98,2124193,8.24
2014/01/06,7.94,7.94,7.72,7.73,3404777,8.05
2014/01/07,7.69,7.75,7.61,7.70,2359669,7.97
2014/01/08,7.73,7.87,7.73,7.80,2547381,8.09
2014/01/09,7.80,7.97,7.73,7.80,3678119,8.12
2014/01/10,7.80,7.85,7.11,7.36,6621011,7.71
2014/01/13,7.34,7.40,6.92,7.03,3998439,7.42
2014/01/14,7.03,7.19,6.95,7.16,2456622,7.36
2014/01/15,7.15,7.25,7.09,7.20,2260921,7.44
2014/01/16,7.20,7.60,7.15,7.43,4646132,7.64
2014/01/17,7.41,7.69,7.26,7.38,3825592,7.71
2014/01/20,7.37,7.61,7.34,7.40,3462494,7.76
2014/01/21,7.40,7.48,7.30,7.38,2320128,7.67
2014/01/22,7.38,7.56,7.38,7.55,3166547,7.78
2014/01/23,7.54,7.62,7.52,7.61,3285001,7.86
2014/01/24,7.55,7.68,7.55,7.66,3323180,7.91
2014/01/27,7.62,7.62,7.44,7.49,2883330,7.80
2014/01/28,7.49,7.58,7.47,7.49,2139834,7.79
2014/01/29,7.49,7.56,7.40,7.41,2856169,7.72
2014/01/30,7.42,7.49,7.33,7.46,1564096,7.71
2014/02/07,7.44,7.62,7.20,7.61,4038606,7.72
2014/02/10,7.63,7.86,7.62,7.85,6404972,8.04
2014/02/11,7.78,8.30,7.78,8.09,11511924,8.38
2014/02/12,8.13,8.30,8.06,8.11,8325657,8.45
2014/02/13,8.15,8.27,8.02,8.02,6653680,8.43
2014/02/14,8.02,8.12,7.97,8.11,4657211,8.33
2014/02/17,8.20,8.26,8.11,8.25,7871725,8.48
2014/02/18,8.28,8.29,8.10,8.15,6203273,8.43
2014/02/19,8.12,8.18,8.07,8.08,5087489,8.40
2014/02/20,8.09,8.18,7.97,8.12,5882664,8.38
2014/02/21,8.09,8.17,7.88,7.95,4521993,8.31
2014/02/24,7.99,8.11,7.84,8.05,4568460,8.28
2014/02/25,8.07,8.10,7.53,7.56,5444983,8.12
2014/02/26,7.50,7.61,7.45,7.52,3966099,7.80
2014/02/27,7.53,7.65,7.45,7.46,3903470,7.84
2014/02/28,7.47,7.55,7.36,7.50,3085359,7.73
2014/03/03,7.51,8.24,7.51,8.23,10598237,8.25
2014/03/04,8.22,8.23,8.01,8.10,6846778,8.37
2014/03/05,8.10,8.16,7.97,7.98,4776239,8.33
2014/03/06,7.95,8.16,7.95,8.13,5777289,8.38
2014/03/07,8.15,8.17,7.92,7.97,4107049,8.30
2014/03/10,7.87,8.00,7.57,7.64,4531647,8.05
2014/03/11,7.52,7.65,7.51,7.57,3104539,7.85
2014/03/12,7.54,7.71,7.52,7.62,3113745,7.90
2014/03/13,7.63,7.78,7.62,7.68,2648757,7.97
2014/03/14,7.68,7.68,7.54,7.56,2491369,7.86
2014/03/17,7.56,7.69,7.53,7.69,2286919,7.91
2014/03/18,7.70,7.92,7.65,7.85,4573024,8.07
2014/03/19,7.82,7.82,7.67,7.78,2943450,8.01
2014/03/20,7.77,7.83,7.50,7.52,3127453,7.97
2014/03/21,7.52,7.68,7.31,7.68,5653665,7.74
2014/03/24,7.69,7.77,7.62,7.71,3195503,7.96
2014/03/25,7.71,7.81,7.64,7.70,2842208,8.01
2014/03/26,7.69,7.76,7.63,7.67,2275054,7.96
2014/03/27,7.62,7.64,7.45,7.47,3361100,7.79
2014/03/28,7.43,7.49,7.25,7.28,3505668,7.62
2014/03/31,7.28,7.35,7.22,7.30,1395638,7.58
2014/04/01,7.28,7.41,7.28,7.40,1186801,7.65
2014/04/02,7.39,7.45,7.32,7.34,1387171,7.65
2014/04/03,7.33,7.41,7.31,7.36,1670966,7.65
2014/04/04,7.36,7.43,7.34,7.42,1522706,7.66
2014/04/08,7.40,7.51,7.38,7.50,2289284,7.75
2014/04/09,7.51,7.54,7.47,7.53,2070447,7.79
2014/04/10,7.53,7.57,7.47,7.50,2650640,7.79
2014/04/11,7.50,7.51,7.40,7.41,2138054,7.72
2014/04/14,7.42,7.49,7.41,7.47,1858465,7.73
2014/04/15,7.47,7.48,7.35,7.35,2120325,7.67
2014/04/16,7.35,7.40,7.33,7.35,1471125,7.64
2014/04/17,7.35,7.38,7.35,7.36,1391332,7.64
2014/04/18,7.36,7.43,7.33,7.43,1429459,7.68
2014/04/21,7.40,7.43,7.23,7.25,2635650,7.61
2014/04/22,7.25,7.31,7.06,7.15,2297252,7.46
2014/04/23,7.17,7.22,7.12,7.14,1171031,7.45
2014/04/24,7.16,7.20,7.08,7.08,1174059,7.40
2014/04/25,7.09,7.13,6.97,6.98,1882686,7.33
2014/04/28,6.98,6.98,6.70,6.72,2369668,7.05
2014/04/29,6.73,6.81,6.70,6.79,1641178,7.03
2014/04/30,6.80,6.87,6.77,6.83,1032024,7.11
2014/05/05,6.84,6.84,6.72,6.79,1314337,7.06
2014/05/06,6.81,6.89,6.77,6.86,1889496,7.12
2014/05/07,6.85,6.85,6.72,6.72,1516750,7.06
2014/05/08,6.68,6.82,6.68,6.71,1263360,7.03
2014/05/09,6.72,6.79,6.70,6.76,1486905,7.02
2014/05/12,6.81,6.99,6.79,6.95,2611377,7.19
2014/05/13,6.96,6.99,6.88,6.90,1560200,7.20
2014/05/14,6.87,6.95,6.87,6.91,1083284,7.20
2014/05/15,6.92,6.96,6.75,6.77,1366739,7.10
2014/05/16,6.73,6.82,6.73,6.82,934601,7.07
2014/05/19,6.88,6.88,6.75,6.80,845256,7.06
2014/05/20,6.85,6.92,6.81,6.81,1770546,7.14
2014/05/21,6.83,7.05,6.78,7.01,2881806,7.23
2014/05/22,6.97,7.19,6.97,7.03,3276623,7.34
2014/05/23,7.03,7.39,6.98,7.17,6114636,7.47
2014/05/26,7.12,7.21,7.05,7.12,3179537,7.39
2014/05/27,7.14,7.14,6.93,6.93,3393798,7.29
2014/05/28,6.95,7.02,6.95,7.02,1942397,7.26
2014/05/29,7.02,7.03,6.90,6.92,1594962,7.26
2014/05/30,6.95,7.00,6.90,6.95,1199858,7.24
2014/06/03,6.96,7.02,6.93,6.99,1056995,7.27
2014/06/04,6.99,7.12,6.97,7.07,3446369,7.33
2014/06/05,7.05,7.07,6.97,7.04,2164301,7.29
2014/06/06,7.00,7.05,6.91,6.93,2044865,7.25
2014/06/09,6.96,6.96,6.80,6.81,1998624,7.16
2014/06/10,6.81,6.88,6.77,6.87,1566463,7.11
2014/06/11,6.87,7.08,6.84,7.01,3468698,7.29
2014/06/12,6.97,7.00,6.89,6.91,2019834,7.20
2014/06/13,6.88,7.10,6.88,7.10,4464377,7.31
2014/06/16,7.11,7.71,7.11,7.63,20684954,7.74
2014/06/17,7.51,7.67,7.38,7.65,12584401,7.79
2014/06/18,7.60,7.88,7.56,7.76,12915226,8.06
2014/06/19,7.75,7.75,7.47,7.56,5897769,7.88
2014/06/20,7.38,7.63,7.38,7.61,3310219,7.83
2014/06/23,7.67,7.71,7.46,7.51,4172691,7.82
2014/06/24,7.50,7.69,7.47,7.56,5025708,7.85
2014/06/25,7.57,7.62,7.46,7.62,2638957,7.81
2014/06/26,7.66,7.73,7.56,7.62,4555342,7.91
2014/06/27,7.61,7.62,7.47,7.50,4183421,7.81
2014/06/30,7.54,7.57,7.40,7.42,4912979,7.73
2014/07/01,7.43,7.87,7.43,7.80,8882576,7.94
2014/07/02,7.75,7.85,7.62,7.75,5922390,8.02
2014/07/03,7.77,8.27,7.68,8.08,15347444,8.32
2014/07/04,8.05,8.05,7.62,7.71,14880512,8.08
2014/07/07,7.68,7.77,7.56,7.61,6054558,7.95
2014/07/08,7.62,7.66,7.51,7.61,5945918,7.86
2014/07/09,7.62,7.71,7.47,7.49,5663313,7.88
2014/07/10,7.51,7.56,7.42,7.52,3773105,7.77
2014/07/11,7.51,7.57,7.46,7.52,3623948,7.80
2014/07/14,7.52,7.72,7.50,7.70,4767896,7.92
2014/07/15,7.68,7.73,7.58,7.71,3846645,7.93
2014/07/16,7.72,7.74,7.53,7.61,2760450,7.92
2014/07/17,7.57,7.58,7.46,7.49,2702443,7.79
2014/07/18,7.37,7.52,7.36,7.44,1880226,7.73
2014/07/21,7.42,7.45,7.25,7.34,2420965,7.63
2014/07/22,7.32,7.45,7.29,7.42,2334180,7.70
2014/07/23,7.45,7.47,7.35,7.40,1947007,7.70
2014/07/24,7.37,7.48,7.34,7.46,3078857,7.69
2014/07/25,7.48,7.57,7.43,7.53,2790940,7.79
2014/07/28,7.54,7.68,7.53,7.62,5432227,7.89
2014/07/29,7.65,7.70,7.57,7.63,5323175,7.92
2014/07/30,7.63,7.69,7.58,7.66,4421359,7.93
2014/07/31,7.65,7.67,7.59,7.66,3895996,7.91
2014/08/01,7.61,7.75,7.59,7.60,6392015,7.97
2014/08/04,7.55,7.81,7.55,7.75,5972471,7.99
2014/08/05,7.74,7.74,7.63,7.73,4824626,7.98
2014/08/06,7.72,7.84,7.68,7.82,6749848,8.07
2014/08/07,7.85,7.87,7.64,7.65,6114129,8.03
2014/08/08,7.65,7.71,7.62,7.64,3998513,7.94
2014/08/11,7.68,7.78,7.64,7.78,7066307,8.00
2014/08/12,7.78,7.84,7.74,7.84,5948068,8.09
2014/08/13,7.84,7.84,7.73,7.80,4849665,8.06
2014/08/14,7.78,7.94,7.76,7.76,8805762,8.15
2014/08/15,7.77,7.92,7.77,7.92,8400022,8.15
2014/08/18,7.96,8.03,7.89,8.01,7331115,8.24
2014/08/19,7.99,8.07,7.97,8.02,6324436,8.29
2014/08/20,8.02,8.02,7.89,7.92,6681893,8.22
2014/08/21,7.90,7.99,7.79,7.88,5242788,8.15
2014/08/22,7.88,8.01,7.84,8.01,7367774,8.21
2014/08/25,8.07,8.07,7.90,7.91,6378743,8.25
2014/08/26,7.85,7.93,7.75,7.76,5930318,8.12
2014/08/27,7.77,7.85,7.72,7.80,3553135,8.07
2014/08/28,7.81,7.88,7.77,7.77,3943252,8.11
2014/08/29,7.77,7.97,7.76,7.94,4795711,8.15
2014/09/01,7.93,8.03,7.92,8.01,5375861,8.28
2014/09/02,8.04,8.12,7.97,8.08,8516753,8.33
2014/09/03,8.09,8.36,8.04,8.27,16040832,8.48
2014/09/04,8.27,8.56,8.18,8.49,16474809,8.68
2014/09/05,8.44,8.59,8.38,8.53,13647093,8.78
2014/09/09,8.56,8.68,8.42,8.54,5690169,8.81
2014/09/10,8.56,8.68,8.42,8.54,0,8.55
2014/09/11,8.56,8.68,8.42,8.54,0,8.55
2014/09/12,8.56,8.68,8.42,8.54,0,8.55
2014/09/15,8.56,8.68,8.42,8.54,0,8.55
2014/09/16,8.56,8.68,8.42,8.54,0,8.55
2014/09/17,8.56,8.68,8.42,8.54,0,8.55
2014/09/18,8.56,8.68,8.42,8.54,0,8.55
2014/09/19,8.56,8.68,8.42,8.54,0,8.55
2014/09/22,8.56,8.68,8.42,8.54,0,8.55
2014/09/23,8.56,8.68,8.42,8.54,0,8.55
2014/09/24,8.56,8.68,8.42,8.54,0,8.55
2014/09/25,8.56,8.68,8.42,8.54,0,8.55
2014/09/26,8.56,8.68,8.42,8.54,0,8.55
2014/09/29,8.56,8.68,8.42,8.54,0,8.55
2014/09/30,9.05,9.42,8.84,8.99,32011878,9.39
2014/10/08,8.98,9.42,8.92,9.38,24243351,9.51
2014/10/09,9.29,9.50,9.09,9.28,16200819,9.55
2014/10/10,9.22,9.35,9.11,9.12,10324149,9.48
2014/10/13,9.05,9.05,8.75,8.92,9719339,9.16
2014/10/14,8.93,9.08,8.85,8.93,7694035,9.23
2014/10/15,8.96,9.11,8.92,9.01,8561453,9.29
2014/10/16,8.99,9.04,8.76,8.76,8343546,9.20
2014/10/17,8.76,8.80,8.32,8.67,13631457,8.90
2014/10/20,8.70,8.79,8.62,8.75,5046603,8.98
2014/10/21,8.73,9.07,8.62,8.91,10548016,9.19
2014/10/22,8.85,8.97,8.72,8.74,5469180,9.13
2014/10/23,8.77,8.99,8.62,8.72,9779329,9.11
2014/10/24,8.72,8.98,8.72,8.83,8526571,9.15
2014/10/27,8.85,9.56,8.84,9.34,22696063,9.52
2014/10/28,9.28,9.52,9.21,9.46,17296324,9.65
2014/10/29,9.46,9.55,9.36,9.45,14710836,9.73
2014/10/30,9.41,9.51,9.22,9.31,11343564,9.63
2014/10/31,9.27,9.72,9.23,9.70,22763748,9.83
2014/11/03,9.70,9.76,9.53,9.62,11703176,9.91
2014/11/04,9.53,9.86,9.53,9.61,11510647,9.97
2014/11/05,9.57,9.71,9.44,9.65,7750380,9.87
2014/11/06,9.65,9.97,9.52,9.92,14008128,10.07
2014/11/07,9.92,10.12,9.66,9.73,15788432,10.23
2014/11/10,9.73,9.82,9.49,9.71,11580694,9.91
2014/11/11,9.70,9.70,9.12,9.12,11969746,9.63
2014/11/12,9.11,9.35,9.02,9.35,6555021,9.44
2014/11/13,9.36,9.36,9.07,9.12,6254267,9.45
2014/11/14,9.12,9.12,8.77,8.84,7742891,9.18
2014/11/17,8.85,8.98,8.83,8.93,6427177,9.19
2014/11/18,8.93,9.14,8.88,9.13,4662887,9.34
2014/11/19,9.14,9.42,9.12,9.33,8711709,9.57
2014/11/20,9.32,9.32,9.17,9.24,4507741,9.52
2014/11/21,9.24,9.29,9.13,9.27,3312148,9.49
2014/11/24,9.32,9.37,9.18,9.31,6160312,9.56
2014/11/25,9.24,9.47,9.23,9.42,8055337,9.62
2014/11/26,9.38,9.46,9.29,9.43,8076677,9.66
2014/11/27,9.48,9.63,9.26,9.38,10361533,9.70
2014/11/28,9.38,9.48,9.30,9.41,7756123,9.65
2014/12/01,9.41,9.41,8.96,9.02,11326175,9.37
2014/12/02,9.02,9.27,9.02,9.19,10048879,9.45
2014/12/03,9.20,9.35,8.92,9.32,15901353,9.43
2014/12/04,9.31,9.33,9.22,9.32,20341619,9.56
2014/12/05,9.32,9.71,8.83,9.47,47667989,9.59
2014/12/08,9.37,9.51,9.10,9.22,29970376,9.53
2014/12/09,9.19,9.22,8.57,8.60,25329992,9.18
2014/12/10,8.60,9.07,8.60,9.00,14463804,9.18
2014/12/11,9.03,9.47,9.00,9.19,20311823,9.52
2014/12/12,9.22,9.37,9.15,9.29,18005703,9.55
2014/12/15,9.31,9.61,9.18,9.61,24378545,9.73
2014/12/16,9.61,9.65,9.40,9.47,22669011,9.77
2014/12/17,9.47,9.47,9.09,9.22,15337387,9.51
2014/12/18,9.20,9.67,9.12,9.61,27311638,9.80
2014/12/19,9.55,9.57,9.23,9.44,14396400,9.65
2014/12/22,9.42,9.57,9.09,9.54,25820981,9.67
2014/12/23,9.47,9.47,8.84,8.95,20819557,9.48
2014/12/24,9.06,9.26,8.81,8.96,18152941,9.32
2014/12/25,8.99,9.04,8.85,9.02,13337863,9.21
2014/12/26,9.03,9.09,8.95,8.99,9680772,9.29
2014/12/29,8.99,9.08,8.82,8.88,10111470,9.23
2014/12/30,8.92,8.97,8.71,8.72,8243773,9.06
2014/12/31,8.64,8.84,8.42,8.80,9922653,8.90
2015/01/05,8.87,9.10,8.75,8.99,11076169,9.25
2015/01/06,8.94,9.09,8.87,9.09,10373235,9.27
2015/01/07,9.04,9.17,8.95,9.02,11632061,9.34
2015/01/08,9.02,9.12,8.89,8.93,7276125,9.28
2015/01/09,8.93,9.02,8.84,8.84,6801790,9.20
2015/01/12,8.81,8.81,8.56,8.58,5134627,8.93
2015/01/13,8.54,8.68,8.54,8.67,4501376,8.90
2015/01/14,8.67,8.70,8.42,8.49,5449556,8.83
2015/01/15,8.51,8.76,8.49,8.66,6001918,8.95
2015/01/16,8.66,8.71,8.58,8.69,5126175,8.92
2015/01/19,8.62,8.79,8.30,8.45,6916176,8.84
2015/01/20,8.53,8.74,8.50,8.71,5198292,8.94
2015/01/21,8.74,8.91,8.72,8.89,7994953,9.13
2015/01/22,8.96,8.97,8.80,8.95,9004415,9.17
2015/01/23,8.95,8.95,8.82,8.84,6432373,9.15
2015/01/26,8.84,8.97,8.79,8.97,10087273,9.18
2015/01/27,8.97,9.03,8.80,8.91,11029890,9.19
2015/01/28,8.86,9.05,8.82,8.97,12217837,9.25
2015/01/29,8.91,9.01,8.84,8.99,7392318,9.23
2015/01/30,8.99,9.08,8.94,9.01,9650772,9.31
2015/02/02,8.96,8.96,8.74,8.75,6553014,9.14
2015/02/03,8.78,9.05,8.78,9.05,10651875,9.21
2015/02/04,9.03,9.05,8.89,8.89,7521441,9.26
2015/02/05,8.95,9.01,8.84,8.85,5902045,9.20
2015/02/06,8.85,8.89,8.53,8.63,6500594,9.01
2015/02/09,8.57,8.64,8.46,8.51,4817413,8.84
2015/02/10,8.51,8.82,8.46,8.77,7200266,8.93
2015/02/11,8.75,8.78,8.68,8.74,3465530,9.01
2015/02/12,8.74,8.87,8.74,8.84,3416428,9.10
2015/02/13,8.84,9.13,8.82,9.03,10024457,9.32
2015/02/16,9.07,9.46,9.07,9.42,20309409,9.60
2015/02/17,9.46,9.52,9.31,9.49,15477040,9.70
2015/02/25,9.52,9.64,9.31,9.35,17690464,9.78
2015/02/26,9.35,9.50,9.33,9.46,10483522,9.70
2015/02/27,9.49,9.68,9.49,9.63,14013820,9.89
2015/03/02,9.99,10.50,9.99,10.07,34784851,10.43
2015/03/03,10.08,10.80,10.01,10.41,42510407,10.72
2015/03/04,10.25,10.52,10.18,10.42,19334305,10.61
2015/03/05,10.45,10.72,10.23,10.47,20072051,10.70
2015/03/06,10.40,10.52,10.10,10.14,13612951,10.53
2015/03/09,10.10,10.34,10.01,10.13,14819338,10.45
2015/03/10,10.16,10.43,10.16,10.32,13212612,10.59
2015/03/11,10.30,10.83,10.18,10.69,31264690,10.89
2015/03/12,10.76,10.80,10.43,10.51,17403063,10.86
2015/03/13,10.52,10.91,10.48,10.70,19790370,11.00
2015/03/16,10.81,11.56,10.81,11.43,25915428,11.61
2015/03/17,11.52,12.60,11.52,12.60,56249018,12.74
2015/03/18,12.42,12.75,12.23,12.74,48088730,12.89
2015/03/19,12.72,12.72,12.31,12.47,26288569,12.76
2015/03/20,12.46,13.02,12.39,12.62,22050435,13.04
2015/03/23,12.67,13.82,12.52,13.71,32837589,13.59
2015/03/24,13.71,14.33,12.92,13.89,30480473,14.02
2015/03/25,13.89,14.14,13.38,13.75,16806224,14.05
2015/03/26,13.71,13.71,13.27,13.43,17743597,13.76
2015/03/27,13.38,13.67,13.23,13.45,8621117,13.76
2015/03/30,13.45,13.66,13.33,13.52,14637975,13.76
2015/03/31,13.52,13.72,13.23,13.58,16251855,13.73
2015/04/01,13.56,14.22,13.56,14.10,18655224,14.32
2015/04/02,14.30,14.52,13.94,14.44,18130957,14.58
2015/04/03,14.22,14.82,14.10,14.55,16386086,14.82
2015/04/07,14.57,15.21,14.57,14.88,15914251,15.21
2015/04/08,14.88,14.97,13.94,14.22,23380349,14.61
2015/04/09,14.14,14.20,13.23,13.75,21915798,13.84
2015/04/10,13.72,14.07,13.43,13.93,13826228,14.17
2015/04/13,14.04,14.37,13.82,14.10,23480826,14.31
2015/04/14,14.10,14.16,13.72,13.89,18334163,14.16
2015/04/15,13.87,13.88,13.25,13.29,13831927,13.79
2015/04/16,13.10,13.96,12.73,13.67,15263747,13.78
2015/04/17,13.72,14.02,13.53,13.55,15676553,13.99
2015/04/20,13.55,13.77,13.08,13.30,14860787,13.73
2015/04/21,13.25,13.95,13.20,13.91,17124533,13.97
2015/04/22,13.93,14.32,13.93,14.22,19801940,14.47
2015/04/23,14.23,14.81,14.00,14.76,26672578,14.72
2015/04/24,14.51,14.69,14.14,14.52,14226201,14.72
2015/04/27,14.72,14.77,14.27,14.48,19508850,14.81
2015/04/28,14.32,14.38,13.40,13.53,16114840,14.10
2015/04/29,13.20,13.81,13.20,13.61,8947511,13.89
2015/04/30,13.67,14.02,13.43,14.00,16446866,14.00
2015/05/04,14.00,14.55,13.62,14.31,16510224,14.54
2015/05/05,14.23,14.52,13.70,13.89,12000236,14.32
2015/05/06,13.90,14.52,13.51,13.81,15272460,14.47
2015/05/07,13.84,13.90,13.37,13.53,8162027,13.85
2015/05/08,13.59,14.50,13.59,14.50,15115871,14.40
2015/05/11,14.55,15.98,14.55,15.77,31592478,15.85
2015/05/12,15.92,16.20,15.52,15.94,28835368,16.01
2015/05/13,15.85,15.95,15.20,15.70,16348523,15.86
2015/05/14,15.70,16.82,15.70,16.43,18912847,16.61
2015/05/15,16.38,16.40,15.93,16.13,13881264,16.25
2015/05/18,16.13,16.82,15.83,16.00,13864108,16.41
2015/05/19,16.32,16.32,15.69,16.18,13614678,16.12
2015/05/20,16.29,17.29,16.25,16.43,19024500,16.80
2015/05/21,16.40,17.13,16.25,16.74,16082681,16.75
2015/05/22,16.74,18.43,16.66,18.43,30177766,18.11
2015/05/25,18.43,19.96,17.88,19.27,22981070,19.37
2015/05/26,19.45,19.70,19.02,19.39,20142515,19.48
2015/05/27,19.47,21.34,19.17,21.14,30487188,20.49
2015/05/28,20.86,21.49,19.01,19.01,30801998,20.55
2015/05/29,18.51,19.83,17.21,19.00,28053617,18.90
2015/06/01,19.10,19.80,18.85,19.80,19842275,19.59
2015/06/02,19.88,20.75,19.55,20.40,26681621,20.37
2015/06/03,20.40,20.53,19.39,19.72,21842302,19.97
2015/06/04,19.80,20.45,17.73,19.72,20325537,19.62
2015/06/05,20.00,20.45,19.20,19.70,20581888,19.92
2015/06/08,19.71,20.01,18.85,19.05,21654617,19.37
2015/06/09,19.06,19.23,18.65,18.88,14045065,19.02
2015/06/10,18.89,19.53,17.85,19.08,24201968,19.18
2015/06/11,19.12,20.39,19.11,20.30,42330477,20.05
2015/06/12,20.55,22.35,20.55,22.24,50973181,21.72
2015/06/15,22.76,24.48,22.13,22.86,54759616,23.54
2015/06/16,22.87,24.27,21.91,23.85,41166234,23.69
2015/06/17,23.85,24.24,22.75,23.83,38798117,23.61
2015/06/18,24.00,25.83,23.44,24.23,33079918,24.81
2015/06/19,23.21,23.76,21.91,22.32,26004425,23.08
2015/06/23,22.15,22.15,20.22,21.85,22864673,21.44
2015/06/24,22.15,23.20,21.75,22.58,20425865,22.60
2015/06/25,22.65,22.95,20.41,21.69,17391987,22.09
2015/06/26,20.65,21.24,19.51,19.51,17888868,20.09
2015/06/29,20.19,20.35,17.54,17.54,24962561,18.24
2015/06/30,16.85,19.23,15.77,18.20,24954953,17.41
2015/07/01,18.35,19.14,16.64,17.52,24669536,18.61
2015/07/02,16.72,18.47,15.75,15.75,27361965,16.41
2015/07/03,14.16,15.22,14.16,14.16,18495864,14.50
2015/07/06,15.55,15.55,12.73,12.75,42333494,13.47
2015/07/07,11.46,11.85,11.46,11.46,7381100,11.62
2015/07/08,11.46,11.85,11.46,11.46,0,11.66
2015/07/09,11.46,11.85,11.46,11.46,0,11.66
2015/07/10,11.46,11.85,11.46,11.46,0,11.66
2015/07/13,11.46,11.85,11.46,11.46,0,11.66
2015/07/14,11.46,11.85,11.46,11.46,0,11.66
2015/07/15,12.62,12.62,12.62,12.62,3492380,12.77
2015/07/16,11.65,13.34,11.34,13.09,49875551,12.50
2015/07/17,12.85,14.41,12.61,14.41,32967110,13.95
2015/07/20,14.75,15.87,14.35,15.87,42722276,15.46
2015/07/21,15.86,17.28,15.23,16.72,33134553,16.63
2015/07/22,16.15,17.05,16.15,16.77,24969394,16.78
2015/07/23,16.55,17.05,16.55,16.90,18020205,16.96
2015/07/24,16.88,17.39,15.85,16.52,20791266,17.09
2015/07/27,16.25,17.22,14.95,15.07,30465167,16.08
2015/07/28,14.76,15.65,13.60,14.74,29457473,14.79
2015/07/29,15.05,15.64,14.30,15.58,23010075,15.06
2015/07/30,15.67,16.44,15.25,15.33,22454049,15.98
2015/07/31,15.02,15.35,13.93,15.03,17083292,15.07
2015/08/03,14.75,14.85,13.51,13.52,15688944,14.09
2015/08/04,13.57,14.80,13.57,14.67,18421608,14.30
2015/08/05,14.73,14.94,14.03,14.43,15901535,14.70
2015/08/06,13.85,14.65,13.85,14.55,9879413,14.39
2015/08/07,14.57,15.40,14.57,15.21,18098914,15.20
2015/08/10,15.32,16.23,15.23,16.23,24878820,15.90
2015/08/11,16.15,16.35,15.65,15.91,22235586,16.14
2015/08/12,15.70,15.98,15.35,15.48,14446758,15.80
2015/08/13,15.36,15.98,15.28,15.93,12967446,15.81
2015/08/14,16.10,16.65,15.85,15.98,20688856,16.35
2015/08/17,16.00,16.45,15.85,16.44,16898200,16.36
2015/08/18,16.48,16.95,14.78,14.78,27637514,16.18
2015/08/19,13.90,15.35,13.55,15.13,21509541,14.57
2015/08/20,14.71,15.24,14.35,14.53,12634275,14.92
2015/08/21,14.14,14.63,13.62,13.63,12911886,14.11
2015/08/24,13.15,13.15,12.25,12.25,10074823,12.52
2015/08/25,11.01,11.15,11.01,11.01,17586804,11.17
2015/08/26,10.96,11.35,9.89,9.89,24837704,10.51
2015/08/27,10.18,10.65,9.45,10.56,22975700,10.32
2015/08/28,10.60,11.45,10.41,11.28,24774641,10.98
2015/08/31,11.23,11.23,10.30,10.30,20321533,10.89
2015/09/01,10.30,10.35,9.26,10.31,16900211,9.86
2015/09/02,9.62,10.45,9.26,10.22,29989492,9.97
2015/09/07,10.20,10.81,10.00,10.13,15665512,10.56
2015/09/08,9.96,10.52,9.65,10.43,13956397,10.21
2015/09/09,10.50,11.13,10.50,11.05,20819755,10.90
2015/09/10,10.77,10.95,10.65,10.66,11856434,10.94
2015/09/11,10.55,10.80,10.45,10.68,8979090,10.80
2015/09/14,10.83,10.90,9.60,9.60,20164350,10.11
2015/09/15,9.27,9.45,8.63,8.63,19745526,9.15
2015/09/16,8.59,9.51,8.59,9.42,16270928,9.14
2015/09/17,9.35,9.84,9.16,9.35,20266703,9.66
2015/09/18,9.41,9.80,9.40,9.69,12342687,9.79
2015/09/21,9.89,10.66,9.79,10.64,19690698,10.40
2015/09/22,10.65,10.67,10.23,10.46,20058324,10.63
2015/09/23,10.23,10.53,10.08,10.33,14487314,10.43
2015/09/24,10.33,10.75,10.30,10.63,13291329,10.66
2015/09/25,10.55,11.05,10.45,10.74,24547481,10.92
2015/09/28,10.83,11.26,10.13,11.12,22102874,10.95
2015/09/29,10.75,11.90,10.71,11.64,25294761,11.54
2015/09/30,11.67,12.82,11.55,12.20,30355389,12.43
2015/10/08,12.65,13.44,12.64,13.10,27707861,13.21
2015/10/09,13.03,13.35,12.65,12.79,16718140,13.06
2015/10/12,12.79,13.79,12.74,13.40,19200650,13.46
2015/10/13,13.24,14.00,13.15,13.52,21933950,13.65
2015/10/14,13.26,13.62,12.85,12.88,17913272,13.26
2015/10/15,12.78,13.65,12.63,13.60,18127501,13.38
2015/10/16,13.60,14.34,13.60,13.95,22998206,14.08
2015/10/19,14.07,14.20,13.22,13.45,19537238,13.80
2015/10/20,13.46,13.68,13.21,13.57,13957179,13.60
2015/10/21,13.56,13.60,12.20,12.20,18849692,13.07
2015/10/22,12.08,12.95,12.08,12.85,13917230,12.77
2015/10/23,13.00,13.51,12.56,13.35,19639466,13.21
2015/10/26,14.65,14.65,13.17,13.29,28590543,13.80
2015/10/27,13.15,13.15,12.35,13.00,18499430,12.97
2015/10/28,13.00,13.24,12.70,12.73,18418232,13.14
2015/10/29,12.84,13.02,12.61,12.83,15699786,12.95
2015/10/30,12.86,12.97,12.51,12.72,13902780,12.88
2015/11/02,11.75,12.97,11.75,12.50,17502932,12.74
2015/11/03,12.45,12.79,12.30,12.58,9616473,12.73
2015/11/04,12.53,13.25,12.53,13.19,16483355,13.17
2015/11/05,13.34,13.62,13.01,13.35,23734297,13.49
2015/11/06,13.37,13.62,13.27,13.46,25568488,13.59
2015/11/09,13.35,13.69,13.14,13.45,22974114,13.57
2015/11/10,13.45,13.92,13.36,13.61,28106532,13.80
2015/11/11,13.66,13.94,13.57,13.88,23389907,13.94
2015/11/12,13.88,13.94,13.67,13.75,20977802,13.92
2015/11/13,13.58,13.70,13.08,13.44,18450483,13.64
2015/11/16,13.20,13.58,13.01,13.55,14490374,13.44
2015/11/17,13.73,14.33,13.66,13.90,34431920,14.07
2015/11/18,13.90,13.91,13.33,13.36,15000268,13.80
2015/11/19,13.43,13.75,13.41,13.72,11155161,13.75
2015/11/20,13.74,14.00,13.67,13.79,19104713,13.96
2015/11/23,13.79,14.30,13.74,14.15,32174828,14.22
2015/11/24,14.15,14.28,13.85,14.11,14764876,14.14
2015/11/25,14.08,14.31,14.01,14.25,20687315,14.31
2015/11/26,14.35,14.43,13.90,14.05,23114893,14.36
2015/11/27,14.13,15.33,13.97,14.66,60493734,14.80
2015/11/30,15.05,16.03,14.66,15.84,68570118,15.52
2015/12/01,15.56,16.42,15.05,15.35,61453464,15.79
2015/12/02,15.15,15.15,13.96,14.38,33475984,14.75
2015/12/03,14.45,14.90,14.40,14.61,20206122,14.80
2015/12/04,14.65,15.29,14.63,14.88,28279433,15.11
2015/12/07,14.87,15.34,14.45,15.24,24166377,15.09
2015/12/08,15.20,15.55,14.45,14.50,23330950,15.15
2015/12/09,14.36,14.65,14.01,14.03,19171009,14.36
2015/12/10,14.05,14.23,13.77,13.77,13813201,14.13
2015/12/11,13.77,13.93,13.25,13.49,16022337,13.70
2015/12/14,13.47,13.83,13.30,13.82,10383916,13.74
2015/12/15,13.85,14.12,13.82,13.93,11482225,14.13
2015/12/16,14.03,14.16,13.86,14.07,13032196,14.17
2015/12/17,14.12,14.52,14.10,14.46,19905608,14.51
2015/12/18,14.42,14.63,13.92,14.04,16440731,14.35
2015/12/21,13.85,14.15,13.75,14.06,15398762,14.10
2015/12/22,14.16,14.16,13.89,14.04,10027813,14.13
2015/12/23,14.02,14.11,13.77,13.84,12432860,14.11
2015/12/24,13.76,13.90,13.45,13.78,9802105,13.81
2015/12/25,13.83,13.90,13.65,13.84,7744212,13.94
2015/12/28,13.93,14.02,13.56,13.57,11566633,13.99
2015/12/29,13.48,13.66,13.43,13.59,7339426,13.71
2015/12/30,13.69,13.82,13.47,13.69,8421902,13.78
2015/12/31,13.68,13.75,13.21,13.25,10646275,13.63
2016/01/04,13.24,13.24,11.91,11.91,11639342,12.57
2016/01/05,11.30,11.94,10.71,11.18,21075165,11.46
2016/01/06,11.25,11.42,11.08,11.36,11672062,11.45
2016/01/07,11.20,11.20,10.21,10.21,3713300,10.64
2016/01/08,10.47,10.66,9.35,10.18,17730353,10.25
2016/01/11,9.88,10.04,9.17,9.20,14689271,9.85
2016/01/12,9.25,9.84,9.18,9.65,12466399,9.62
2016/01/13,9.70,9.92,9.36,9.50,11258769,9.87
2016/01/14,9.20,10.03,9.08,10.00,11453099,9.77
2016/01/15,9.87,10.05,9.42,9.57,11040699,9.93
2016/01/18,9.20,9.88,9.20,9.76,8184529,9.86
2016/01/19,9.75,10.12,9.67,10.07,10280349,10.12
2016/01/20,10.05,10.10,9.77,9.95,11076950,10.10
2016/01/21,9.76,10.04,9.50,9.51,9301932,9.93
2016/01/22,9.61,9.72,9.36,9.60,5921320,9.70
2016/01/25,9.67,9.83,9.58,9.65,5189104,9.84
2016/01/26,9.55,9.57,8.70,8.78,8036674,9.37
2016/01/27,8.85,9.00,7.96,8.49,9625530,8.59
2016/01/28,8.35,8.47,7.96,8.03,6178823,8.42
2016/01/29,8.13,8.45,8.05,8.37,6519559,8.46
2016/02/01,8.37,8.46,8.19,8.32,5447153,8.52
2016/02/02,8.41,8.80,8.35,8.67,6805589,8.78
2016/02/03,8.56,8.73,8.42,8.65,7400659,8.67
2016/02/04,8.73,8.90,8.65,8.82,7775599,8.95
2016/02/05,8.89,8.94,8.73,8.78,5691476,8.97
2016/02/15,8.38,8.72,8.38,8.65,4977003,8.68
2016/02/16,8.77,9.13,8.34,9.05,9328225,9.09
2016/02/17,8.95,9.22,8.94,9.22,9773727,9.22
2016/02/18,9.30,9.35,9.11,9.14,10420054,9.36
2016/02/19,9.11,9.26,9.06,9.16,7230951,9.31
2016/02/22,9.24,9.45,9.17,9.36,11468616,9.46
2016/02/23,9.36,9.41,9.10,9.25,9959605,9.39
2016/02/24,9.20,9.32,9.07,9.32,9046214,9.36
2016/02/25,9.26,9.44,8.37,8.55,19119306,9.25
2016/02/26,8.66,8.73,8.40,8.63,11158941,8.74
2016/02/29,8.56,8.59,7.85,8.00,11040243,8.22
2016/03/01,8.00,8.29,7.84,8.17,8307044,8.25
2016/03/02,8.22,8.62,8.15,8.62,10796719,8.56
2016/03/03,8.62,8.97,8.55,8.83,14204342,8.95
2016/03/04,8.77,8.89,8.30,8.48,10319068,8.76
2016/03/07,8.58,8.84,8.57,8.67,7584043,8.85
2016/03/08,8.67,8.68,8.30,8.63,8706874,8.61
2016/03/09,8.46,8.61,8.31,8.44,6428924,8.62
2016/03/10,8.48,8.60,8.25,8.31,6176420,8.59
2016/03/11,8.26,8.39,8.18,8.29,4389474,8.42
2016/03/14,8.41,8.70,8.38,8.60,9343839,8.73
2016/03/15,8.57,8.68,8.50,8.57,6832540,8.75
2016/03/16,8.62,8.68,8.38,8.41,5895309,8.66
2016/03/17,8.43,8.83,8.43,8.82,12595058,8.84
2016/03/18,8.88,9.49,8.83,9.30,19371869,9.36
2016/03/21,9.31,9.54,9.26,9.50,15952917,9.56
2016/03/22,9.44,9.47,9.32,9.36,8676780,9.54
2016/03/23,9.36,9.60,9.23,9.55,10940547,9.58
2016/03/24,9.44,9.49,9.28,9.28,10376935,9.52
2016/03/25,9.24,9.37,9.20,9.32,5429155,9.44
2016/03/28,9.39,9.53,9.17,9.23,8015693,9.53
2016/03/29,9.21,9.27,8.92,9.11,7806115,9.22
2016/03/30,9.17,9.85,9.17,9.85,17372632,9.68
2016/03/31,9.95,9.95,9.66,9.71,12327535,9.95
2016/04/01,9.71,9.78,9.33,9.63,8873797,9.70
2016/04/05,9.75,10.55,9.69,10.43,25154682,10.33
2016/04/06,10.26,10.73,10.18,10.56,15926884,10.58
2016/04/07,10.60,11.18,10.37,10.42,27113839,10.97
2016/04/08,10.43,10.67,10.15,10.50,13442922,10.57
2016/04/11,10.65,11.57,10.65,11.57,29869103,11.41
2016/04/12,11.65,12.73,11.57,12.71,60989880,12.34
2016/04/13,12.75,13.09,12.19,12.93,47930086,12.85
2016/04/14,12.76,12.91,12.53,12.68,19714389,12.81
2016/04/15,12.65,13.00,12.37,12.44,16727527,12.82
2016/04/18,12.35,12.37,11.79,12.00,19988666,12.18
2016/04/19,12.12,12.30,11.85,12.16,11877298,12.22
2016/04/20,12.24,12.30,11.00,11.30,16627992,11.76
2016/04/21,11.24,11.67,11.13,11.15,12699494,11.58
2016/04/22,11.34,11.61,11.00,11.61,10425542,11.46
2016/04/25,11.62,12.01,11.26,11.67,13094391,11.74
2016/04/26,11.62,11.97,11.56,11.92,10142666,11.97
2016/04/27,11.92,11.92,11.45,11.49,10700401,11.85
2016/04/28,11.35,11.54,10.70,11.19,15928067,11.17
2016/04/29,11.04,11.47,11.01,11.09,9047607,11.40
2016/05/03,11.35,11.97,11.11,11.86,13047784,11.61
2016/05/04,11.86,11.99,11.43,11.54,14871771,11.65
2016/05/05,11.48,11.74,11.45,11.68,7631780,11.63
2016/05/06,11.83,11.83,11.05,11.05,13826947,11.30
2016/05/09,10.90,10.90,10.18,10.27,12057783,10.43
2016/05/10,10.21,10.39,10.10,10.24,5917954,10.23
2016/05/11,10.33,10.37,10.03,10.29,5661249,10.22
2016/05/12,10.11,10.26,9.90,10.20,7213752,10.06
2016/05/13,10.20,10.47,10.12,10.29,7477841,10.34
2016/05/16,10.20,10.52,10.12,10.52,6191328,10.36
2016/05/17,10.52,10.52,10.27,10.40,5402200,10.39
2016/05/18,10.36,10.36,9.89,9.99,5628038,10.08
2016/05/19,10.00,10.26,9.99,10.02,5449899,10.12
2016/05/20,10.01,10.45,9.89,10.40,6498681,10.22
2016/05/23,10.40,10.67,10.38,10.45,5982260,10.51
2016/05/24,10.40,10.44,10.12,10.21,4939423,10.23
2016/05/25,10.30,10.41,10.14,10.20,4183285,10.28
2016/05/26,10.22,10.38,9.98,10.35,5496841,10.20
2016/05/27,10.35,10.41,10.22,10.27,3769703,10.31
2016/05/30,10.23,10.39,10.01,10.23,3175008,10.22
2016/05/31,10.26,10.74,10.17,10.72,12333431,10.57
2016/06/01,10.80,10.83,10.66,10.70,7531150,10.75
2016/06/02,10.75,10.88,10.62,10.87,6807418,10.73
2016/06/03,10.86,10.93,10.71,10.84,6143253,10.81
2016/06/06,10.87,10.88,10.60,10.71,6017346,10.72
2016/06/07,10.77,10.77,10.46,10.61,6545438,10.57
2016/06/08,10.61,11.02,10.47,10.99,9863708,10.74
2016/06/13,10.81,10.97,10.42,10.42,8606917,10.75
2016/06/14,10.28,10.40,10.02,10.17,6229933,10.23
2016/06/15,10.13,10.52,10.03,10.44,6610200,10.37
2016/06/16,10.44,11.25,10.44,10.88,14773857,10.96
2016/06/17,10.80,10.97,10.70,10.79,7744855,10.83
2016/06/20,10.79,10.80,10.44,10.67,5574966,10.60
2016/06/21,10.75,10.86,10.43,10.50,5845729,10.65
2016/06/22,10.47,10.64,10.41,10.63,3571590,10.53
2016/06/23,10.45,11.00,10.45,10.84,7790646,10.75
2016/06/24,10.72,11.05,10.46,10.82,13281275,10.87
2016/06/27,10.61,11.06,10.60,11.02,8565869,10.91
2016/06/28,11.02,11.24,10.92,11.19,10751156,11.12
2016/06/29,11.20,11.79,11.12,11.29,16376802,11.46
2016/06/30,11.28,11.49,11.20,11.23,7555125,11.31
2016/07/01,11.20,11.35,11.03,11.10,8448118,11.14
2016/07/04,11.16,11.36,11.09,11.29,6578527,11.25
2016/07/05,11.28,11.52,11.20,11.37,10025413,11.36
2016/07/06,11.45,11.49,11.31,11.45,8933316,11.42
2016/07/07,11.45,11.45,11.05,11.38,11915671,11.27
2016/07/08,11.31,11.31,11.14,11.15,5303701,11.19
2016/07/11,11.17,11.23,11.06,11.13,5786179,11.14
2016/07/12,11.10,11.20,11.00,11.18,6733597,11.12
2016/07/13,11.20,11.29,11.16,11.23,6820558,11.23
2016/07/14,11.22,11.24,11.11,11.21,5271423,11.18
2016/07/15,11.20,11.51,11.10,11.37,9973889,11.28
2016/07/18,11.34,11.45,11.15,11.23,7448360,11.24
2016/07/19,11.15,11.24,11.05,11.21,4864905,11.16
2016/07/20,11.21,11.26,11.12,11.15,4621426,11.17
2016/07/21,11.15,11.20,11.03,11.09,7238182,11.11
2016/07/22,11.11,11.22,11.05,11.12,5012404,11.14
2016/07/25,11.09,11.22,11.09,11.16,3951092,11.15
2016/07/26,11.18,11.39,11.12,11.39,8844400,11.30
2016/07/27,11.34,11.42,10.75,10.86,10156200,11.05
2016/07/28,10.86,10.95,10.65,10.83,4526400,10.83
2016/07/29,10.76,10.87,10.70,10.75,2878851,10.76
2016/08/01,10.70,10.75,10.39,10.56,4462283,10.52
2016/08/02,10.62,10.68,10.39,10.54,4488474,10.50
2016/08/03,10.53,10.58,10.40,10.54,3291512,10.50
2016/08/04,10.51,10.62,10.50,10.58,2882760,10.58
2016/08/05,10.58,10.64,10.51,10.53,2328128,10.58
2016/08/08,10.50,10.66,10.50,10.64,2308635,10.60
2016/08/09,10.50,10.66,10.50,10.64,0,10.58
