Date, SZ002170.Open, SZ002170.High, SZ002170.Low, SZ002170.Close, SZ002170.Volume, SZ002170.Adjusted
2007/09/19,4.04,4.18,3.41,3.53,11622888,3.79
2007/09/20,3.36,3.48,3.23,3.27,6002044,3.35
2007/09/21,3.19,3.29,3.06,3.20,3287430,3.18
2007/09/24,3.13,3.16,3.02,3.02,2017406,3.09
2007/09/25,3.01,3.06,2.94,3.02,1739302,3.00
2007/09/26,2.98,3.02,2.86,2.87,1132968,2.94
2007/09/27,2.87,2.98,2.85,2.97,1233636,2.92
2007/09/28,2.99,3.10,2.95,3.07,1591601,3.03
2007/10/08,3.11,3.11,2.93,2.94,1318696,3.02
2007/10/09,2.94,3.08,2.89,3.06,1297210,2.99
2007/10/10,3.03,3.10,2.99,3.05,1513258,3.05
2007/10/11,3.05,3.28,3.05,3.27,3034468,3.16
2007/10/12,3.40,3.63,3.39,3.63,5533091,3.51
2007/10/15,3.83,4.02,3.65,3.72,4787664,3.83
2007/10/16,3.64,4.13,3.52,4.03,3405549,3.82
2007/10/17,3.94,4.19,3.84,3.84,2706526,4.02
2007/10/18,3.78,4.05,3.71,3.90,2451632,3.88
2007/10/19,3.84,4.09,3.84,3.88,1714696,3.96
2007/10/22,3.84,3.87,3.46,3.46,1785952,3.67
2007/10/23,3.38,3.55,3.38,3.53,1086443,3.46
2007/10/24,3.53,3.56,3.40,3.43,761368,3.48
2007/10/25,3.37,3.38,3.10,3.11,1430126,3.24
2007/10/26,3.11,3.31,3.10,3.24,929155,3.21
2007/10/29,3.26,3.29,3.16,3.27,621902,3.23
2007/10/30,3.26,3.29,3.16,3.27,0,3.23
2007/10/31,3.37,3.62,3.37,3.48,1235937,3.50
2007/11/01,3.48,3.49,3.32,3.36,789385,3.41
2007/11/02,3.29,3.49,3.22,3.37,753573,3.36
2007/11/05,3.35,3.70,3.31,3.61,1413635,3.51
2007/11/06,3.61,3.75,3.51,3.57,1496534,3.63
2007/11/07,3.57,3.69,3.37,3.48,770524,3.53
2007/11/08,3.48,3.56,3.38,3.40,812980,3.47
2007/11/09,3.37,3.44,3.24,3.26,822505,3.34
2007/11/12,3.18,3.28,3.04,3.14,742828,3.16
2007/11/13,3.18,3.24,3.11,3.14,463513,3.18
2007/11/14,3.20,3.33,3.18,3.33,701901,3.26
2007/11/15,3.34,3.34,3.24,3.25,544109,3.29
2007/11/16,3.18,3.26,3.12,3.23,467445,3.19
2007/11/19,3.20,3.39,3.20,3.36,819567,3.30
2007/11/20,3.33,3.49,3.31,3.42,869232,3.40
2007/11/21,3.37,3.48,3.33,3.43,639750,3.41
2007/11/22,3.40,3.44,3.19,3.20,610342,3.31
2007/11/23,3.23,3.28,3.18,3.27,345545,3.23
2007/11/26,3.28,3.32,3.19,3.19,463816,3.25
2007/11/27,3.15,3.18,3.06,3.07,649169,3.12
2007/11/28,3.07,3.14,3.05,3.06,301291,3.09
2007/11/29,3.13,3.22,3.09,3.21,494464,3.16
2007/11/30,3.19,3.22,3.07,3.08,474743,3.15
2007/12/03,3.09,3.17,3.06,3.13,217465,3.11
2007/12/04,3.13,3.18,3.11,3.14,251236,3.15
2007/12/05,3.11,3.30,3.09,3.24,583200,3.19
2007/12/06,3.24,3.33,3.20,3.27,495439,3.27
2007/12/07,3.24,3.40,3.24,3.36,777088,3.32
2007/12/10,3.33,3.49,3.31,3.47,1079574,3.40
2007/12/11,3.47,3.77,3.45,3.72,2398576,3.61
2007/12/12,3.67,3.80,3.59,3.76,1486614,3.69
2007/12/13,3.74,3.84,3.65,3.66,1441797,3.74
2007/12/14,3.61,3.81,3.59,3.78,1181814,3.70
2007/12/17,3.80,3.85,3.66,3.74,753764,3.76
2007/12/18,3.72,3.75,3.52,3.52,660501,3.64
2007/12/19,3.51,3.85,3.51,3.85,3813281,3.68
2007/12/20,3.85,3.95,3.78,3.91,2349757,3.86
2007/12/21,3.86,4.12,3.86,4.03,1945302,3.99
2007/12/24,4.05,4.11,3.95,3.97,1964856,4.03
2007/12/25,3.98,4.05,3.95,4.01,1191330,4.00
2007/12/26,4.01,4.24,3.98,4.21,1591214,4.11
2007/12/27,4.23,4.30,4.14,4.16,1381579,4.22
2007/12/28,4.16,4.19,4.05,4.10,1099061,4.12
2008/01/02,4.13,4.52,4.09,4.47,1713375,4.30
2008/01/03,4.43,4.63,4.40,4.42,1709433,4.52
2008/01/04,4.40,4.56,4.31,4.55,1197342,4.43
2008/01/07,4.50,4.63,4.46,4.54,1083825,4.54
2008/01/08,4.48,4.57,4.30,4.34,1525779,4.44
2008/01/09,4.35,4.50,4.32,4.44,805442,4.41
2008/01/10,4.44,4.63,4.43,4.45,1074499,4.53
2008/01/11,4.43,4.57,4.32,4.35,1267795,4.45
2008/01/14,4.30,4.36,4.23,4.30,1252283,4.30
2008/01/15,4.31,4.74,4.31,4.62,1840745,4.52
2008/01/16,4.50,4.74,4.50,4.62,1692874,4.62
2008/01/17,4.60,4.91,4.43,4.69,2364382,4.67
2008/01/18,4.69,4.80,4.57,4.74,1206238,4.69
2008/01/21,4.74,4.76,4.39,4.52,948892,4.57
2008/01/22,4.42,4.42,4.04,4.04,2020947,4.23
2008/01/23,4.04,4.24,3.77,4.18,1760854,4.01
2008/01/24,4.47,4.56,4.30,4.36,1717407,4.43
2008/01/25,4.30,4.42,4.24,4.24,912595,4.33
2008/01/28,4.18,4.19,3.79,3.79,1146714,3.99
2008/01/29,3.77,3.94,3.77,3.84,718107,3.85
2008/01/30,3.89,4.03,3.77,3.91,652607,3.90
2008/01/31,3.90,3.96,3.78,3.78,373630,3.87
2008/02/01,3.76,3.89,3.37,3.55,744740,3.63
2008/02/04,3.70,3.94,3.64,3.93,777951,3.79
2008/02/05,3.89,4.07,3.81,4.04,991234,3.94
2008/02/13,3.91,4.06,3.90,3.93,409851,3.98
2008/02/14,4.03,4.03,3.93,3.94,348010,3.98
2008/02/15,3.94,3.94,3.77,3.89,461667,3.85
2008/02/18,3.94,4.19,3.94,4.13,952288,4.07
2008/02/19,4.14,4.23,4.10,4.18,650332,4.17
2008/02/20,4.21,4.26,4.10,4.13,771784,4.18
2008/02/21,4.10,4.29,4.10,4.26,901128,4.19
2008/02/22,4.24,4.25,3.97,4.03,714892,4.11
2008/02/25,4.04,4.10,3.94,3.94,638776,4.02
2008/02/26,4.03,4.10,3.74,3.89,535015,3.92
2008/02/27,3.97,4.14,3.97,4.06,491472,4.05
2008/02/28,4.10,4.10,3.97,4.06,464783,4.03
2008/02/29,4.12,4.12,4.00,4.03,460046,4.06
2008/03/03,4.01,4.18,3.81,4.16,1141589,3.99
2008/03/04,4.14,4.22,4.09,4.20,1202833,4.15
2008/03/05,4.17,4.24,4.04,4.13,954959,4.14
2008/03/06,4.15,4.17,4.03,4.06,606922,4.10
2008/03/07,4.03,4.08,3.94,3.98,588387,4.01
2008/03/10,3.94,3.97,3.72,3.76,696859,3.85
2008/03/11,3.70,3.81,3.66,3.78,294492,3.74
2008/03/12,3.84,3.87,3.51,3.53,599695,3.69
2008/03/13,3.53,3.56,3.38,3.45,455473,3.47
2008/03/14,3.45,3.52,3.38,3.45,280250,3.45
2008/03/17,3.45,3.51,3.19,3.19,454581,3.35
2008/03/18,3.19,3.25,2.86,2.90,544550,3.05
2008/03/19,2.97,3.17,2.93,3.07,897522,3.05
2008/03/20,3.02,3.24,2.79,3.20,824631,3.02
2008/03/21,3.18,3.27,3.12,3.18,644245,3.20
2008/03/24,3.24,3.27,3.19,3.20,973239,3.23
2008/03/25,3.16,3.30,3.08,3.28,688880,3.19
2008/03/26,3.28,3.41,3.25,3.36,810405,3.33
2008/03/27,3.32,3.55,3.27,3.47,1809466,3.41
2008/03/28,3.47,3.52,3.28,3.48,1285375,3.40
2008/03/31,3.40,3.43,3.28,3.28,601500,3.35
2008/04/01,3.28,3.33,2.92,2.96,841732,3.13
2008/04/02,3.02,3.11,2.67,2.75,1057012,2.89
2008/04/03,2.80,2.98,2.75,2.93,607935,2.86
2008/04/07,2.93,3.16,2.91,3.14,1140821,3.04
2008/04/08,3.15,3.20,3.09,3.15,972235,3.15
2008/04/09,3.09,3.16,2.93,2.93,670530,3.05
2008/04/10,2.85,3.07,2.85,3.07,470030,2.96
2008/04/11,3.12,3.22,3.08,3.14,737214,3.15
2008/04/14,3.10,3.10,2.93,2.94,799134,3.02
2008/04/15,2.85,3.06,2.83,3.06,574654,2.95
2008/04/16,3.02,3.07,2.93,2.97,364832,3.00
2008/04/17,3.02,3.04,2.85,2.91,375550,2.95
2008/04/18,2.91,3.10,2.86,2.96,1264117,2.98
2008/04/21,3.27,3.27,3.00,3.06,1482985,3.14
2008/04/22,3.27,3.27,3.00,3.06,0,3.14
2008/04/23,3.04,3.37,3.04,3.33,1393159,3.21
2008/04/24,3.64,3.70,3.44,3.65,2447609,3.57
2008/04/25,3.61,3.72,3.51,3.55,1918857,3.61
2008/04/28,3.45,3.64,3.43,3.56,831703,3.54
2008/04/29,3.61,3.87,3.59,3.77,1684017,3.73
2008/04/30,3.77,3.90,3.71,3.89,1554977,3.80
2008/05/05,3.92,4.14,3.91,4.10,1760441,4.02
2008/05/06,4.06,4.16,3.99,4.06,1357222,4.08
2008/05/07,4.03,4.05,3.78,3.78,1837442,3.91
2008/05/08,3.79,3.97,3.62,3.97,1803308,3.80
2008/05/09,4.02,4.20,3.97,4.03,2987131,4.09
2008/05/12,3.96,4.18,3.90,4.10,2223128,4.04
2008/05/13,3.94,4.20,3.87,4.16,3098450,4.04
2008/05/14,4.11,4.18,4.02,4.11,2419363,4.10
2008/05/15,4.11,4.29,4.09,4.11,2260915,4.19
2008/05/16,4.07,4.14,3.85,3.97,2150011,3.99
2008/05/19,4.08,4.12,3.97,4.00,1316296,4.05
2008/05/20,4.07,4.11,3.73,3.73,1835914,3.92
2008/05/21,3.64,3.88,3.47,3.81,2117741,3.68
2008/05/22,3.72,3.81,3.64,3.65,1197331,3.73
2008/05/23,3.65,3.71,3.48,3.49,1137369,3.59
2008/05/26,3.42,3.56,3.42,3.46,893955,3.49
2008/05/27,3.46,3.56,3.41,3.45,990357,3.49
2008/05/28,3.46,3.61,3.44,3.60,1209018,3.52
2008/05/29,3.56,3.59,3.45,3.45,1015382,3.52
2008/05/30,3.42,3.51,3.26,3.30,1875411,3.38
2008/06/02,3.26,3.39,3.26,3.36,638981,3.32
2008/06/03,3.36,3.46,3.35,3.39,853450,3.41
2008/06/04,3.40,3.40,3.22,3.26,817918,3.31
2008/06/05,3.23,3.32,3.19,3.27,558022,3.25
2008/06/06,3.30,3.39,3.26,3.32,754383,3.32
2008/06/10,3.14,3.21,2.95,2.95,952520,3.08
2008/06/11,2.80,2.89,2.71,2.82,1335548,2.80
2008/06/12,2.83,2.87,2.67,2.76,886699,2.77
2008/06/13,2.79,2.82,2.58,2.58,730067,2.70
2008/06/16,2.55,2.62,2.43,2.53,782400,2.53
2008/06/17,2.57,2.75,2.52,2.65,2202385,2.64
2008/06/18,2.59,2.87,2.47,2.85,2011685,2.67
2008/06/19,2.78,2.84,2.54,2.54,1460347,2.69
2008/06/20,2.59,2.78,2.47,2.67,1466333,2.63
2008/06/23,2.61,2.73,2.55,2.58,880894,2.64
2008/06/24,2.58,2.71,2.58,2.69,860359,2.65
2008/06/25,2.69,2.90,2.68,2.86,1465505,2.79
2008/06/26,2.87,2.93,2.78,2.88,1718830,2.85
2008/06/27,2.73,2.77,2.56,2.61,1388769,2.67
2008/06/30,2.59,2.65,2.54,2.64,614170,2.59
2008/07/01,2.64,2.66,2.55,2.57,643815,2.60
2008/07/02,2.59,2.71,2.57,2.65,781358,2.64
2008/07/03,2.60,2.90,2.58,2.84,1904651,2.74
2008/07/04,2.80,2.96,2.80,2.91,1859474,2.88
2008/07/07,2.92,3.05,2.91,3.02,1410215,2.98
2008/07/08,3.02,3.07,2.90,3.04,1738620,2.98
2008/07/09,3.08,3.14,3.03,3.14,2063944,3.08
2008/07/10,3.09,3.21,2.98,2.99,1744692,3.09
2008/07/11,2.96,3.02,2.92,3.02,1311089,2.97
2008/07/14,2.97,3.35,2.97,3.35,4318164,3.16
2008/07/15,3.42,3.65,3.37,3.50,6707156,3.51
2008/07/16,3.46,3.46,3.13,3.29,3455863,3.29
2008/07/17,3.36,3.53,3.27,3.31,2813262,3.40
2008/07/18,3.32,3.41,3.12,3.35,2124489,3.27
2008/07/21,3.32,3.55,3.26,3.50,2263023,3.40
2008/07/22,3.51,3.55,3.41,3.47,2013293,3.48
2008/07/23,3.49,3.52,3.34,3.35,1588361,3.43
2008/07/24,3.37,3.45,3.35,3.41,1373949,3.40
2008/07/25,3.38,3.41,3.26,3.29,1440947,3.33
2008/07/28,3.27,3.42,3.27,3.39,1159067,3.34
2008/07/29,3.36,3.55,3.31,3.52,2801142,3.43
2008/07/30,3.54,3.56,3.40,3.42,1775129,3.48
2008/07/31,3.45,3.46,3.23,3.23,1177401,3.34
2008/08/01,3.21,3.31,3.10,3.27,1191950,3.21
2008/08/04,3.24,3.33,3.16,3.20,865705,3.25
2008/08/05,3.21,3.27,3.04,3.16,823754,3.16
2008/08/06,3.17,3.29,3.13,3.28,1314538,3.21
2008/08/07,3.28,3.28,3.09,3.16,1347185,3.18
2008/08/08,3.15,3.18,2.81,2.81,1668587,3.00
2008/08/11,2.75,2.81,2.50,2.52,1356427,2.66
2008/08/12,2.52,2.58,2.44,2.52,741475,2.51
2008/08/13,2.50,2.61,2.46,2.58,719957,2.53
2008/08/14,2.52,2.63,2.52,2.57,485896,2.57
2008/08/15,2.57,2.63,2.49,2.57,608272,2.56
2008/08/18,2.64,2.65,2.31,2.32,770257,2.48
2008/08/19,2.31,2.42,2.28,2.37,464225,2.35
2008/08/20,2.33,2.64,2.31,2.64,979541,2.48
2008/08/21,2.55,2.66,2.49,2.50,845608,2.58
2008/08/22,2.47,2.51,2.38,2.45,517283,2.44
2008/08/25,2.45,2.50,2.39,2.47,341790,2.45
2008/08/26,2.39,2.44,2.26,2.35,678928,2.35
2008/08/27,2.31,2.39,2.26,2.37,402579,2.32
2008/08/28,2.37,2.42,2.32,2.41,533701,2.37
2008/08/29,2.40,2.54,2.37,2.46,731775,2.46
2008/09/01,2.43,2.43,2.27,2.27,674994,2.35
2008/09/02,2.26,2.27,2.15,2.18,668306,2.21
2008/09/03,2.16,2.21,2.07,2.09,622474,2.14
2008/09/04,2.07,2.13,2.05,2.09,560637,2.09
2008/09/05,2.02,2.04,1.88,1.88,980417,1.96
2008/09/08,1.88,1.90,1.72,1.72,731180,1.81
2008/09/09,1.72,1.81,1.71,1.77,509129,1.76
2008/09/10,1.76,1.85,1.71,1.77,456522,1.78
2008/09/11,1.75,1.78,1.70,1.71,462923,1.74
2008/09/12,1.71,1.75,1.71,1.72,317760,1.73
2008/09/16,1.74,1.81,1.71,1.76,855160,1.76
2008/09/17,1.76,1.80,1.74,1.78,506792,1.77
2008/09/18,1.74,1.77,1.58,1.68,951228,1.68
2008/09/19,1.88,1.88,1.83,1.88,976614,1.85
2008/09/22,2.06,2.10,1.91,1.98,2293108,2.01
2008/09/23,1.90,1.90,1.76,1.76,1261903,1.83
2008/09/24,1.67,1.82,1.67,1.82,588602,1.74
2008/09/25,1.78,1.93,1.78,1.89,879038,1.85
2008/09/26,1.90,1.92,1.84,1.88,756989,1.88
2008/10/06,1.84,1.98,1.80,1.92,1584772,1.89
2008/10/07,1.83,1.95,1.81,1.91,629894,1.88
2008/10/08,1.88,1.90,1.82,1.84,523186,1.86
2008/10/09,1.88,1.88,1.84,1.85,340545,1.86
2008/10/10,1.78,1.78,1.64,1.65,604019,1.71
2008/10/13,1.63,1.71,1.59,1.71,632194,1.65
2008/10/14,1.78,1.79,1.64,1.66,746839,1.71
2008/10/15,1.64,1.66,1.64,1.65,213278,1.65
2008/10/16,1.60,1.60,1.45,1.45,762768,1.53
2008/10/17,1.50,1.50,1.40,1.44,388769,1.45
2008/10/20,1.44,1.53,1.43,1.52,527990,1.48
2008/10/21,1.55,1.70,1.52,1.62,2048996,1.61
2008/10/22,1.56,1.67,1.56,1.62,1425568,1.61
2008/10/23,1.53,1.66,1.52,1.63,1305731,1.59
2008/10/24,1.65,1.66,1.56,1.58,721050,1.61
2008/10/27,1.54,1.55,1.45,1.46,1017027,1.50
2008/10/28,1.41,1.56,1.41,1.52,584960,1.48
2008/10/29,1.55,1.59,1.43,1.43,645370,1.51
2008/10/30,1.45,1.49,1.42,1.46,740895,1.45
2008/10/31,1.45,1.45,1.33,1.34,979555,1.39
2008/11/03,1.30,1.38,1.30,1.33,379231,1.34
2008/11/04,1.34,1.34,1.28,1.30,278182,1.31
2008/11/05,1.31,1.38,1.31,1.35,541966,1.34
2008/11/06,1.32,1.38,1.28,1.38,792690,1.33
2008/11/07,1.33,1.42,1.33,1.40,916828,1.38
2008/11/10,1.45,1.56,1.41,1.52,1338483,1.48
2008/11/11,1.50,1.55,1.46,1.47,1253147,1.51
2008/11/12,1.45,1.55,1.44,1.55,1123245,1.49
2008/11/13,1.52,1.72,1.52,1.67,2815315,1.62
2008/11/14,1.69,1.81,1.69,1.80,3191808,1.75
2008/11/17,1.79,1.87,1.73,1.87,2355509,1.80
2008/11/18,1.84,1.85,1.65,1.65,2519559,1.75
2008/11/19,1.64,1.83,1.63,1.82,2179180,1.73
2008/11/20,1.64,1.83,1.63,1.82,0,1.73
2008/11/21,1.75,1.83,1.64,1.74,1748625,1.73
2008/11/24,1.76,1.84,1.73,1.74,1653022,1.79
2008/11/25,1.78,1.81,1.69,1.74,1001076,1.75
2008/11/26,1.75,1.77,1.69,1.74,664737,1.73
2008/11/27,1.87,1.92,1.78,1.79,2646995,1.85
2008/11/28,1.76,1.81,1.74,1.79,1225480,1.78
2008/12/01,1.75,1.97,1.75,1.96,2378686,1.86
2008/12/02,1.88,2.06,1.85,1.95,3606289,1.96
2008/12/03,1.98,2.13,1.95,2.12,4130041,2.04
2008/12/04,2.15,2.21,2.07,2.07,4194878,2.14
2008/12/05,2.08,2.21,2.07,2.19,2710821,2.14
2008/12/08,2.26,2.34,2.21,2.28,3340670,2.27
2008/12/09,2.31,2.31,2.19,2.28,2291540,2.25
2008/12/10,2.22,2.40,2.20,2.37,1955450,2.30
2008/12/11,2.37,2.42,2.24,2.25,2042226,2.33
2008/12/12,2.21,2.26,2.03,2.06,1940774,2.14
2008/12/15,2.12,2.18,2.04,2.11,1002686,2.11
2008/12/16,2.07,2.27,2.04,2.26,1441184,2.16
2008/12/17,2.26,2.41,2.24,2.28,2050262,2.33
2008/12/18,2.30,2.35,2.26,2.34,1207613,2.30
2008/12/19,2.33,2.41,2.33,2.35,1286580,2.37
2008/12/22,2.35,2.49,2.29,2.44,2211514,2.39
2008/12/23,2.44,2.44,2.19,2.21,2184325,2.31
2008/12/24,2.07,2.18,2.05,2.10,1264546,2.11
2008/12/25,2.06,2.11,2.05,2.09,1112633,2.08
2008/12/26,2.14,2.23,2.10,2.11,2043122,2.17
2008/12/29,2.07,2.09,1.90,2.01,1049882,1.99
2008/12/30,2.00,2.04,1.96,1.97,1284911,2.00
2008/12/31,1.97,2.01,1.92,1.97,1025488,1.96
2009/01/05,1.97,2.10,1.97,2.10,3188224,2.04
2009/01/06,1.97,2.10,1.97,2.10,0,2.04
2009/01/07,2.19,2.30,2.19,2.22,3568073,2.24
2009/01/08,2.16,2.25,2.13,2.19,1950830,2.19
2009/01/09,2.15,2.34,2.15,2.32,2685336,2.24
2009/01/12,2.35,2.42,2.31,2.32,2931364,2.36
2009/01/13,2.29,2.29,2.20,2.20,1746610,2.25
2009/01/14,2.18,2.30,2.18,2.29,1134244,2.24
2009/01/15,2.27,2.38,2.23,2.31,1917638,2.30
2009/01/16,2.32,2.38,2.26,2.26,1934417,2.32
2009/01/19,2.19,2.31,2.19,2.29,1244210,2.25
2009/01/20,2.30,2.32,2.26,2.30,973676,2.29
2009/01/21,2.28,2.41,2.25,2.37,2293258,2.33
2009/01/22,2.42,2.42,2.32,2.35,1604534,2.37
2009/01/23,2.35,2.40,2.34,2.36,1391312,2.37
2009/02/02,2.40,2.57,2.38,2.54,3652980,2.47
2009/02/03,2.52,2.59,2.50,2.58,2645358,2.54
2009/02/04,2.56,2.60,2.51,2.58,2932424,2.55
2009/02/05,2.57,2.62,2.47,2.50,2497598,2.55
2009/02/06,2.50,2.63,2.50,2.56,3179353,2.56
2009/02/09,2.59,2.66,2.55,2.66,4798210,2.60
2009/02/10,2.64,2.71,2.60,2.69,4078056,2.66
2009/02/11,2.66,2.80,2.61,2.71,4685986,2.70
2009/02/12,2.72,2.73,2.60,2.70,3665287,2.67
2009/02/13,2.72,2.78,2.67,2.76,3464643,2.72
2009/02/16,2.76,2.86,2.76,2.80,3908558,2.81
2009/02/17,2.80,2.80,2.65,2.66,3559798,2.72
2009/02/18,2.60,2.74,2.60,2.66,3952171,2.67
2009/02/19,2.69,2.83,2.67,2.82,4141743,2.75
2009/02/20,2.84,3.13,2.84,2.97,6826725,2.98
2009/02/23,2.94,3.05,2.83,3.04,4306842,2.94
2009/02/24,3.02,3.02,2.84,2.84,3688026,2.93
2009/02/25,2.88,3.04,2.82,3.02,3555162,2.93
2009/02/26,3.04,3.07,2.69,2.70,3149819,2.88
2009/02/27,2.66,2.66,2.40,2.41,2670211,2.53
2009/03/02,2.35,2.45,2.35,2.43,1715672,2.40
2009/03/03,2.38,2.47,2.31,2.39,1651843,2.39
2009/03/04,2.44,2.59,2.42,2.59,2523794,2.50
2009/03/05,2.62,2.69,2.52,2.61,2595396,2.60
2009/03/06,2.54,2.59,2.51,2.54,1364365,2.55
2009/03/09,2.53,2.59,2.39,2.41,1378507,2.49
2009/03/10,2.41,2.48,2.35,2.47,939813,2.42
2009/03/11,2.54,2.57,2.44,2.44,1080060,2.50
2009/03/12,2.41,2.42,2.31,2.38,1154974,2.36
2009/03/13,2.42,2.54,2.40,2.47,1622737,2.47
2009/03/16,2.42,2.48,2.40,2.48,1122810,2.44
2009/03/17,2.48,2.59,2.48,2.58,2109606,2.53
2009/03/18,2.58,2.85,2.57,2.83,5363964,2.71
2009/03/19,2.78,2.85,2.76,2.83,5195717,2.80
2009/03/20,2.84,2.84,2.66,2.74,2940188,2.75
2009/03/23,2.74,2.94,2.74,2.85,4365672,2.84
2009/03/24,2.95,3.13,2.89,3.08,8627785,3.01
2009/03/25,3.21,3.21,3.04,3.04,10321457,3.13
2009/03/26,3.09,3.12,3.00,3.11,4432198,3.06
2009/03/27,3.13,3.13,3.05,3.06,3951786,3.09
2009/03/30,3.06,3.12,3.06,3.07,2519452,3.09
2009/03/31,3.02,3.04,2.94,3.03,2303851,2.99
2009/04/01,3.03,3.17,3.03,3.11,3650096,3.10
2009/04/02,3.14,3.36,3.09,3.27,5994493,3.22
2009/04/03,3.30,3.44,3.26,3.37,6218870,3.35
2009/04/07,3.37,3.42,3.33,3.36,3007207,3.38
2009/04/08,3.41,3.49,3.21,3.23,5947280,3.35
2009/04/09,3.24,3.39,3.21,3.36,3048709,3.30
2009/04/10,3.45,3.48,3.35,3.48,4541749,3.42
2009/04/13,3.51,3.61,3.51,3.60,4318274,3.56
2009/04/14,3.58,3.99,3.54,3.99,7442936,3.77
2009/04/15,4.01,4.34,3.98,4.16,9700989,4.16
2009/04/16,4.17,4.22,3.95,4.03,5169198,4.08
2009/04/17,4.03,4.04,3.77,3.86,4136772,3.91
2009/04/20,3.81,4.09,3.80,4.04,2865548,3.94
2009/04/21,3.99,4.04,3.77,3.86,2984856,3.91
2009/04/22,3.99,4.04,3.77,3.86,0,3.91
2009/04/23,3.61,3.80,3.55,3.74,2931961,3.67
2009/04/24,3.74,3.75,3.59,3.60,1853553,3.67
2009/04/27,3.58,3.61,3.37,3.40,2144351,3.49
2009/04/28,3.21,3.36,3.15,3.36,4556260,3.25
2009/04/29,3.32,3.43,3.23,3.40,3846036,3.33
2009/04/30,3.40,3.45,3.35,3.36,2240045,3.40
2009/05/04,3.38,3.66,3.38,3.64,2936636,3.52
2009/05/05,3.64,3.75,3.60,3.66,2906969,3.68
2009/05/06,3.66,3.75,3.66,3.69,3674505,3.71
2009/05/07,3.71,3.75,3.54,3.64,4225116,3.65
2009/05/08,3.56,3.70,3.49,3.55,4269023,3.60
2009/05/11,3.56,3.64,3.21,3.26,5448853,3.43
2009/05/12,3.19,3.33,3.16,3.32,3043276,3.25
2009/05/13,3.32,3.37,3.24,3.35,3717539,3.31
2009/05/14,3.30,3.41,3.28,3.40,3974178,3.34
2009/05/15,3.41,3.42,3.32,3.34,2888323,3.37
2009/05/18,3.34,3.35,3.21,3.30,3253978,3.28
2009/05/19,3.31,3.34,3.24,3.28,3261600,3.29
2009/05/20,3.28,3.29,3.23,3.26,3004164,3.26
2009/05/21,3.25,3.25,3.15,3.17,3290479,3.20
2009/05/22,3.15,3.24,3.14,3.24,2407046,3.19
2009/05/25,3.20,3.20,3.09,3.19,2303618,3.15
2009/05/26,3.22,3.33,3.19,3.28,3673172,3.26
2009/05/27,3.30,3.33,3.23,3.24,2007504,3.28
2009/06/01,3.26,3.28,3.22,3.24,2438334,3.25
2009/06/02,3.24,3.41,3.23,3.36,5441916,3.32
2009/06/03,3.37,3.39,3.28,3.30,3548670,3.33
2009/06/04,3.31,3.32,3.21,3.25,2930966,3.26
2009/06/05,3.25,3.27,3.19,3.20,2511384,3.23
2009/06/08,3.20,3.22,3.14,3.17,1876155,3.18
2009/06/09,3.17,3.19,3.11,3.18,2077708,3.15
2009/06/10,3.17,3.27,3.16,3.26,2976687,3.22
2009/06/11,3.26,3.49,3.22,3.46,11669198,3.36
2009/06/12,3.45,3.45,3.27,3.34,6586004,3.36
2009/06/15,3.35,3.47,3.32,3.47,9128116,3.40
2009/06/16,3.44,3.44,3.32,3.36,5061328,3.38
2009/06/17,3.34,3.41,3.28,3.41,4204599,3.34
2009/06/18,3.39,3.47,3.33,3.45,6712833,3.40
2009/06/19,3.41,3.53,3.41,3.51,11055486,3.47
2009/06/22,3.52,3.52,3.34,3.38,5259919,3.43
2009/06/23,3.38,3.42,3.31,3.35,3187305,3.36
2009/06/24,3.35,3.38,3.30,3.34,2730305,3.34
2009/06/25,3.34,3.44,3.31,3.42,3236293,3.38
2009/06/26,3.39,3.42,3.34,3.35,2301345,3.38
2009/06/29,3.34,3.35,3.29,3.30,2937811,3.32
2009/06/30,3.31,3.31,3.21,3.21,3219145,3.26
2009/07/01,3.22,3.27,3.18,3.23,2326794,3.23
2009/07/02,3.22,3.29,3.20,3.28,2890343,3.25
2009/07/03,3.28,3.34,3.26,3.31,3421901,3.30
2009/07/06,3.30,3.30,3.21,3.28,2999826,3.25
2009/07/07,3.27,3.36,3.21,3.30,3814905,3.28
2009/07/08,3.26,3.44,3.23,3.41,6914844,3.33
2009/07/09,3.41,3.52,3.35,3.51,10724292,3.44
2009/07/10,3.53,3.58,3.47,3.49,8847236,3.53
2009/07/13,3.45,3.55,3.43,3.49,5696562,3.49
2009/07/14,3.49,3.85,3.47,3.77,11465849,3.66
2009/07/15,3.75,3.85,3.64,3.76,13123090,3.75
2009/07/16,3.73,3.87,3.73,3.76,9239160,3.80
2009/07/17,3.77,3.97,3.76,3.93,10938817,3.86
2009/07/20,3.94,4.14,3.94,3.97,11475266,4.04
2009/07/21,3.98,4.02,3.71,3.71,8085693,3.86
2009/07/22,3.70,3.91,3.68,3.80,5663013,3.80
2009/07/23,3.80,3.92,3.75,3.78,4574813,3.83
2009/07/24,3.79,3.85,3.60,3.67,5154369,3.73
2009/07/27,3.65,3.77,3.65,3.71,3757678,3.71
2009/07/28,3.69,3.81,3.62,3.80,6017524,3.72
2009/07/29,3.80,3.80,3.39,3.51,5030096,3.59
2009/07/30,3.48,3.60,3.34,3.45,3730817,3.47
2009/07/31,3.49,3.63,3.44,3.61,3867439,3.53
2009/08/03,3.62,3.76,3.57,3.76,5248832,3.66
2009/08/04,3.76,4.11,3.76,4.03,13340500,3.94
2009/08/05,4.03,4.03,3.78,3.88,8821901,3.91
2009/08/06,3.88,3.88,3.69,3.73,5096703,3.78
2009/08/07,3.69,3.83,3.63,3.64,3966509,3.73
2009/08/10,3.67,3.71,3.55,3.63,2862010,3.63
2009/08/11,3.65,3.70,3.63,3.65,2050162,3.67
2009/08/12,3.67,3.68,3.38,3.39,3120679,3.53
2009/08/13,3.38,3.47,3.29,3.44,2493657,3.38
2009/08/14,3.44,3.44,3.17,3.17,2789424,3.30
2009/08/17,3.15,3.15,2.83,2.83,3523136,2.99
2009/08/18,2.79,2.94,2.68,2.90,2699164,2.81
2009/08/19,2.91,2.91,2.61,2.65,2371997,2.76
2009/08/20,2.70,2.75,2.66,2.75,1956597,2.71
2009/08/21,2.79,2.86,2.75,2.84,2185529,2.80
2009/08/24,2.86,2.91,2.79,2.91,2708462,2.85
2009/08/25,2.92,2.92,2.72,2.79,2652600,2.82
2009/08/26,2.82,2.94,2.76,2.92,2869153,2.85
2009/08/27,2.90,3.06,2.87,3.02,3752397,2.97
2009/08/28,3.02,3.18,2.96,3.17,7172437,3.07
2009/08/31,3.17,3.17,2.82,2.82,3536218,2.99
2009/09/01,2.74,2.90,2.73,2.86,1837448,2.81
2009/09/02,2.86,2.89,2.70,2.82,1632870,2.80
2009/09/03,2.82,3.02,2.82,3.01,2852278,2.92
2009/09/04,3.02,3.12,2.96,3.06,2670372,3.04
2009/09/07,3.06,3.17,3.05,3.11,3117321,3.11
2009/09/08,3.06,3.12,3.00,3.09,2093768,3.06
2009/09/09,3.06,3.10,3.00,3.07,2604772,3.05
2009/09/10,3.07,3.29,3.04,3.22,5600625,3.17
2009/09/11,3.20,3.30,3.13,3.23,4243137,3.21
2009/09/14,3.23,3.31,3.20,3.29,4148540,3.26
2009/09/15,3.29,3.29,3.21,3.26,3501757,3.25
2009/09/16,3.26,3.30,3.16,3.26,3420136,3.23
2009/09/17,3.26,3.38,3.26,3.33,4615647,3.32
2009/09/18,3.36,3.68,3.36,3.42,10163693,3.52
2009/09/21,3.32,3.58,3.30,3.55,6423271,3.44
2009/09/22,3.51,3.54,3.36,3.38,4323740,3.45
2009/09/23,3.34,3.41,3.15,3.15,3370553,3.28
2009/09/24,3.13,3.14,2.96,3.05,2389020,3.05
2009/09/25,3.04,3.11,3.03,3.05,1102484,3.07
2009/09/28,3.05,3.14,2.86,2.89,1428557,3.00
2009/09/29,2.89,2.97,2.73,2.83,1521981,2.85
2009/09/30,2.84,2.89,2.84,2.88,1129466,2.86
2009/10/09,2.92,3.02,2.92,3.02,1483147,2.97
2009/10/12,3.02,3.09,2.99,3.03,1442669,3.04
2009/10/13,3.02,3.07,2.99,3.06,1081574,3.03
2009/10/14,3.08,3.13,3.06,3.08,1849289,3.09
2009/10/15,3.08,3.12,3.08,3.11,1386744,3.10
2009/10/16,3.15,3.21,3.07,3.15,2117583,3.14
2009/10/19,3.12,3.22,3.08,3.21,2403675,3.15
2009/10/20,3.23,3.38,3.17,3.35,3912439,3.27
2009/10/21,3.53,3.68,3.43,3.45,13193101,3.56
2009/10/22,3.34,3.79,3.28,3.72,17442610,3.53
2009/10/23,3.72,3.76,3.57,3.61,10129303,3.66
2009/10/26,3.61,3.67,3.55,3.64,5699282,3.61
2009/10/27,3.63,3.63,3.41,3.45,5728605,3.52
2009/10/28,3.43,3.47,3.25,3.41,4655028,3.36
2009/10/29,3.30,3.47,3.21,3.34,5181712,3.34
2009/10/30,3.35,3.49,3.30,3.34,4427547,3.40
2009/11/02,3.28,3.44,3.21,3.40,3342984,3.32
2009/11/03,3.37,3.55,3.37,3.55,5003730,3.46
2009/11/04,3.52,3.61,3.50,3.55,4963211,3.55
2009/11/05,3.61,3.94,3.60,3.94,22493630,3.77
2009/11/06,4.02,4.32,3.98,4.01,28353220,4.15
2009/11/09,3.93,4.19,3.82,4.13,15583015,4.01
2009/11/10,4.11,4.15,4.03,4.05,8295448,4.09
2009/11/11,4.02,4.11,3.97,3.99,5765399,4.04
2009/11/12,3.98,4.24,3.98,4.10,11269973,4.11
2009/11/13,4.07,4.13,3.99,4.08,4927140,4.06
2009/11/16,4.13,4.33,4.09,4.19,11146565,4.21
2009/11/17,4.19,4.36,4.11,4.34,10147841,4.24
2009/11/18,4.36,4.53,4.27,4.30,10065056,4.40
2009/11/19,4.29,4.37,4.22,4.35,6930244,4.29
2009/11/20,4.32,4.55,4.29,4.50,8455180,4.42
2009/11/23,4.50,4.73,4.50,4.55,9996056,4.62
2009/11/24,4.55,4.64,4.13,4.14,9981416,4.38
2009/11/25,4.09,4.36,4.05,4.35,6493421,4.21
2009/11/26,4.33,4.38,4.09,4.12,5726314,4.23
2009/11/27,4.07,4.12,3.91,3.93,4011137,4.02
2009/11/30,3.96,4.24,3.96,4.23,4359185,4.10
2009/12/01,4.32,4.37,4.18,4.33,4563101,4.27
2009/12/02,4.34,4.61,4.34,4.51,8412280,4.48
2009/12/03,4.51,4.74,4.43,4.71,9845993,4.58
2009/12/04,4.70,4.70,4.32,4.40,8290320,4.51
2009/12/07,4.42,4.58,4.32,4.54,5284961,4.45
2009/12/08,4.60,4.73,4.56,4.64,8996818,4.65
2009/12/09,4.64,4.64,4.41,4.49,4067730,4.52
2009/12/10,4.51,4.60,4.44,4.53,2777078,4.52
2009/12/11,4.53,4.56,4.42,4.44,3121515,4.49
2009/12/14,4.48,4.48,4.20,4.36,3343711,4.34
2009/12/15,4.37,4.38,4.29,4.31,3149841,4.33
2009/12/16,4.27,4.35,4.26,4.30,3901987,4.30
2009/12/17,4.30,4.34,4.06,4.09,3658323,4.20
2009/12/18,4.02,4.05,3.85,3.94,3224842,3.95
2009/12/21,3.89,4.05,3.89,4.03,2338002,3.97
2009/12/22,4.05,4.07,3.85,3.85,2228077,3.96
2009/12/23,3.87,3.94,3.81,3.94,1586038,3.88
2009/12/24,3.97,4.12,3.97,4.10,2404989,4.05
2009/12/25,4.13,4.16,4.07,4.14,1997497,4.12
2009/12/28,4.15,4.20,4.11,4.17,2665123,4.16
2009/12/29,4.15,4.23,4.11,4.22,3044905,4.17
2009/12/30,4.22,4.25,4.05,4.09,3365134,4.15
2009/12/31,4.09,4.11,4.02,4.10,2075543,4.06
2010/01/04,4.18,4.29,4.12,4.21,5385196,4.21
2010/01/05,4.20,4.41,4.12,4.37,6517163,4.27
2010/01/06,4.38,4.58,4.32,4.34,7960436,4.45
2010/01/07,4.32,4.32,4.20,4.20,3465180,4.26
2010/01/08,4.20,4.25,4.13,4.25,2243902,4.19
2010/01/11,4.25,4.32,4.20,4.20,2344319,4.26
2010/01/12,4.17,4.44,4.16,4.40,4968358,4.30
2010/01/13,4.33,4.49,4.29,4.41,5678629,4.39
2010/01/14,4.41,4.67,4.36,4.56,9318082,4.52
2010/01/15,4.56,4.61,4.48,4.52,4019589,4.55
2010/01/18,4.52,4.60,4.46,4.57,6731597,4.53
2010/01/19,4.59,4.60,4.45,4.48,4557661,4.52
2010/01/20,4.48,4.49,4.20,4.21,4239961,4.35
2010/01/21,4.21,4.38,4.20,4.30,2075355,4.29
2010/01/22,4.20,4.30,4.11,4.19,2108887,4.21
2010/01/25,4.14,4.25,4.12,4.15,1370872,4.19
2010/01/26,4.15,4.20,3.89,3.89,2375880,4.05
2010/01/27,3.93,4.02,3.91,3.96,2119818,3.96
2010/01/28,3.98,4.00,3.92,3.97,1434408,3.96
2010/01/29,3.96,4.00,3.92,3.97,2536254,3.96
2010/02/01,3.98,4.12,3.98,4.04,3294422,4.05
2010/02/02,4.04,4.19,3.97,3.98,1932652,4.08
2010/02/03,4.02,4.22,3.75,4.19,4198612,3.98
2010/02/04,4.15,4.42,4.09,4.34,8001565,4.25
2010/02/05,4.21,4.50,4.20,4.34,8870122,4.35
2010/02/08,4.33,4.48,4.26,4.47,7064355,4.37
2010/02/09,4.48,4.54,4.28,4.38,6980305,4.41
2010/02/10,4.48,4.54,4.28,4.38,0,4.41
2010/02/11,4.38,4.45,4.27,4.36,3540403,4.36
2010/02/12,4.34,4.46,4.25,4.37,5021670,4.35
2010/02/22,4.36,4.43,4.29,4.37,2761098,4.36
2010/02/23,4.37,4.47,4.32,4.46,8744358,4.40
2010/02/24,4.41,4.58,4.39,4.54,9300199,4.48
2010/02/25,4.53,4.65,4.48,4.61,9630417,4.57
2010/02/26,4.61,4.64,4.46,4.48,8394884,4.55
2010/03/01,4.46,4.74,4.44,4.72,11873770,4.59
2010/03/02,4.72,4.73,4.61,4.66,8454998,4.67
2010/03/03,4.67,4.87,4.64,4.70,12830763,4.75
2010/03/04,4.68,4.72,4.37,4.41,10182422,4.54
2010/03/05,4.38,4.47,4.27,4.32,4828196,4.37
2010/03/08,4.31,4.42,4.31,4.38,2829170,4.36
2010/03/09,4.37,4.43,4.35,4.40,2457231,4.39
2010/03/10,4.39,4.43,4.19,4.24,3467006,4.31
2010/03/11,4.24,4.28,4.13,4.21,2387846,4.21
2010/03/12,4.21,4.26,4.14,4.16,2475092,4.20
2010/03/15,4.14,4.23,4.07,4.23,1850668,4.15
2010/03/16,4.23,4.27,4.20,4.26,1550442,4.23
2010/03/17,4.27,4.34,4.23,4.33,2302611,4.29
2010/03/18,4.36,4.36,4.26,4.30,2466574,4.31
2010/03/19,4.30,4.38,4.29,4.37,2940977,4.33
2010/03/22,4.37,4.38,4.31,4.36,2541029,4.34
2010/03/23,4.36,4.42,4.32,4.32,2763527,4.37
2010/03/24,4.32,4.35,4.24,4.25,2607650,4.29
2010/03/25,4.24,4.32,4.14,4.29,3417246,4.23
2010/03/26,4.25,4.40,4.25,4.39,3925427,4.33
2010/03/29,4.41,4.52,4.37,4.49,8143758,4.44
2010/03/30,4.49,4.62,4.44,4.57,9519980,4.53
2010/03/31,4.66,4.75,4.54,4.64,11793203,4.65
2010/04/01,4.67,4.67,4.53,4.64,10272668,4.60
2010/04/02,4.64,4.73,4.56,4.71,12493016,4.65
2010/04/06,4.73,5.00,4.67,4.98,21614776,4.83
2010/04/07,4.97,5.02,4.84,5.00,17564288,4.93
2010/04/08,4.96,5.08,4.89,5.02,15197612,4.98
2010/04/09,4.99,5.07,4.92,4.94,10870570,5.00
2010/04/12,5.01,5.01,4.82,4.90,9410195,4.92
2010/04/13,4.90,4.93,4.48,4.58,11036379,4.71
2010/04/14,4.58,4.65,4.50,4.62,4980744,4.58
2010/04/15,4.62,4.65,4.46,4.50,4663311,4.56
2010/04/16,4.49,4.61,4.44,4.55,2985944,4.53
2010/04/19,4.54,4.61,4.35,4.36,4545667,4.48
2010/04/20,4.32,4.55,4.32,4.53,3898039,4.44
2010/04/21,4.51,4.60,4.48,4.57,4577478,4.54
2010/04/22,4.51,4.60,4.48,4.57,0,4.54
2010/04/23,4.57,4.63,4.51,4.54,3605841,4.57
2010/04/26,4.52,4.73,4.49,4.64,5629593,4.61
2010/04/27,4.60,4.65,4.46,4.62,4046037,4.56
2010/04/28,4.52,4.84,4.52,4.81,11880015,4.68
2010/04/29,4.80,4.89,4.71,4.80,10980460,4.80
2010/04/30,4.79,4.84,4.29,4.39,7824210,4.56
2010/05/04,4.24,4.66,4.08,4.62,7040396,4.37
2010/05/05,4.49,4.76,4.47,4.71,11433795,4.61
2010/05/06,4.66,4.77,4.30,4.41,8809642,4.53
2010/05/07,4.20,4.45,4.15,4.22,4659106,4.30
2010/05/10,4.22,4.32,3.90,3.98,4471922,4.11
2010/05/11,4.05,4.11,3.72,3.72,3655836,3.92
2010/05/12,3.67,3.75,3.45,3.53,3245606,3.60
2010/05/13,3.44,3.63,3.43,3.63,3367023,3.53
2010/05/14,3.60,3.67,3.55,3.58,3452815,3.61
2010/05/17,3.55,3.58,3.19,3.19,3199409,3.39
2010/05/18,3.04,3.25,3.04,3.19,3299451,3.15
2010/05/19,3.17,3.27,3.09,3.20,2945129,3.18
2010/05/20,3.17,3.24,3.04,3.05,2634091,3.14
2010/05/21,2.96,3.19,2.91,3.19,3497468,3.05
2010/05/24,3.20,3.42,3.20,3.38,4082515,3.31
2010/05/25,3.38,3.42,3.29,3.36,3549486,3.35
2010/05/26,3.32,3.41,3.32,3.37,2090746,3.36
2010/05/27,3.34,3.47,3.26,3.46,3369713,3.36
2010/05/28,3.48,3.54,3.44,3.47,3723783,3.49
2010/05/31,3.47,3.50,3.26,3.26,3169270,3.38
2010/06/01,3.23,3.56,3.14,3.56,6120628,3.35
2010/06/02,3.48,3.67,3.47,3.66,8815594,3.57
2010/06/03,3.66,3.73,3.57,3.72,9355076,3.65
2010/06/04,3.73,3.84,3.69,3.82,11478317,3.76
2010/06/07,3.75,3.85,3.60,3.73,7970021,3.73
2010/06/08,3.66,3.72,3.57,3.61,5958252,3.65
2010/06/09,3.64,3.70,3.58,3.67,5207062,3.64
2010/06/10,3.64,3.70,3.61,3.62,4078046,3.66
2010/06/11,3.62,3.67,3.55,3.55,3268435,3.61
2010/06/17,3.58,3.64,3.56,3.57,2355775,3.60
2010/06/18,3.57,3.58,3.35,3.39,2750263,3.47
2010/06/21,3.37,3.54,3.34,3.51,2606684,3.44
2010/06/22,3.52,3.58,3.48,3.53,2219066,3.53
2010/06/23,3.51,3.53,3.38,3.52,2277218,3.45
2010/06/24,3.51,3.52,3.45,3.47,1128594,3.49
2010/06/25,3.41,3.48,3.34,3.37,1365538,3.41
2010/06/28,3.38,3.43,3.34,3.39,939634,3.39
2010/06/29,3.38,3.44,3.13,3.13,2612896,3.28
2010/06/30,3.14,3.14,2.96,3.00,1973095,3.05
2010/07/01,3.01,3.12,3.00,3.05,1769587,3.06
2010/07/02,3.08,3.38,3.02,3.34,4729469,3.20
2010/07/05,3.26,3.44,3.21,3.44,5468154,3.32
2010/07/06,3.42,3.62,3.39,3.60,9043435,3.51
2010/07/07,3.55,3.70,3.51,3.69,11263838,3.60
2010/07/08,3.64,3.69,3.56,3.61,7541370,3.63
2010/07/09,3.61,3.78,3.53,3.73,11088887,3.65
2010/07/12,3.70,3.70,3.60,3.62,7105712,3.65
2010/07/13,3.60,3.65,3.52,3.58,4132893,3.58
2010/07/14,3.66,3.66,3.49,3.53,6678577,3.58
2010/07/15,3.51,3.55,3.32,3.33,4447389,3.43
2010/07/16,3.30,3.47,3.26,3.47,4103901,3.36
2010/07/19,3.39,3.55,3.39,3.52,4229491,3.47
2010/07/20,3.52,3.70,3.49,3.69,5970247,3.60
2010/07/21,3.69,3.70,3.59,3.62,5747829,3.65
2010/07/22,3.63,3.70,3.57,3.70,5666985,3.64
2010/07/23,3.69,3.69,3.58,3.61,4182261,3.64
2010/07/26,3.61,3.69,3.58,3.69,4290204,3.64
2010/07/27,3.69,3.69,3.61,3.64,3499618,3.65
2010/07/28,3.66,3.96,3.62,3.96,10478884,3.79
2010/07/29,3.96,4.04,3.86,3.97,9846588,3.95
2010/07/30,3.97,4.02,3.90,3.98,7592610,3.96
2010/08/02,4.10,4.18,4.03,4.10,7951750,4.10
2010/08/03,4.14,4.14,3.91,3.91,7068447,4.02
2010/08/04,3.89,3.97,3.84,3.95,4988266,3.91
2010/08/05,3.94,3.99,3.91,3.94,3618699,3.95
2010/08/06,3.91,4.14,3.91,4.11,6956479,4.02
2010/08/09,4.11,4.19,4.06,4.16,7009820,4.13
2010/08/10,4.14,4.15,3.88,3.88,5739865,4.02
2010/08/11,4.14,4.15,3.88,3.88,0,4.02
2010/08/12,3.91,3.97,3.78,3.79,4963926,3.88
2010/08/13,3.79,3.90,3.73,3.88,3130954,3.81
2010/08/16,3.90,4.02,3.88,3.99,3377544,3.95
2010/08/17,4.03,4.03,3.93,3.99,3785451,3.98
2010/08/18,3.99,4.09,3.94,4.05,5121661,4.01
2010/08/19,4.07,4.09,4.00,4.05,4396330,4.04
2010/08/20,4.02,4.11,3.90,3.93,5320501,4.01
2010/08/23,3.98,4.35,3.98,4.35,17910578,4.16
2010/08/24,4.40,4.74,4.37,4.49,25229940,4.56
2010/08/25,4.54,4.78,4.54,4.59,15682586,4.66
2010/08/26,4.58,4.69,4.45,4.63,12561018,4.57
2010/08/27,4.58,5.07,4.52,4.87,17944256,4.79
2010/08/30,4.94,5.37,4.91,5.22,17182997,5.14
2010/08/31,5.14,5.77,5.14,5.77,16573532,5.45
2010/09/01,5.95,6.05,5.50,5.82,21220282,5.77
2010/09/02,5.75,6.43,5.65,6.03,16852329,6.04
2010/09/03,5.91,6.02,5.78,5.82,12448866,5.90
2010/09/06,5.78,6.05,5.39,5.58,12233411,5.72
2010/09/07,5.52,5.80,5.45,5.76,8254474,5.63
2010/09/08,5.91,6.17,5.73,6.08,12956968,5.95
2010/09/09,6.08,6.10,5.82,5.89,9806410,5.96
2010/09/10,5.89,6.11,5.73,6.04,9831018,5.92
2010/09/13,6.21,6.55,6.21,6.33,13757132,6.38
2010/09/14,6.27,6.33,6.15,6.22,7808584,6.24
2010/09/15,6.20,6.20,5.94,5.98,6468198,6.07
2010/09/16,5.93,5.95,5.49,5.73,6379187,5.72
2010/09/17,5.63,5.70,5.35,5.46,5598855,5.52
2010/09/20,5.41,5.68,5.32,5.50,5661673,5.50
2010/09/21,5.56,5.62,5.37,5.58,4584246,5.50
2010/09/27,5.60,5.84,5.60,5.83,5761224,5.72
2010/09/28,5.84,5.89,5.71,5.82,3406893,5.80
2010/09/29,5.82,5.85,5.61,5.69,2735808,5.73
2010/09/30,5.61,5.84,5.56,5.80,2704459,5.70
2010/10/08,5.91,5.93,5.76,5.91,9621252,5.84
2010/10/11,5.94,6.19,5.86,6.02,10136111,6.03
2010/10/12,5.99,5.99,5.78,5.82,6221029,5.89
2010/10/13,5.84,5.88,5.59,5.72,4894780,5.73
2010/10/14,5.84,5.88,5.59,5.72,0,5.73
2010/10/15,5.56,5.56,5.37,5.45,5587606,5.46
2010/10/18,5.45,5.47,5.14,5.47,5271744,5.30
2010/10/19,5.46,5.63,5.35,5.61,3473898,5.49
2010/10/20,5.51,5.75,5.38,5.53,4073414,5.56
2010/10/21,5.57,5.67,5.45,5.53,4045311,5.56
2010/10/22,5.61,5.76,5.50,5.75,5239894,5.63
2010/10/25,5.91,5.98,5.75,5.83,7759648,5.87
2010/10/26,5.90,6.17,5.73,6.17,9590391,5.95
2010/10/27,6.20,6.29,5.95,5.97,8651059,6.12
2010/10/28,5.80,5.91,5.70,5.78,7973122,5.81
2010/10/29,5.76,5.97,5.71,5.80,7071128,5.84
2010/11/01,5.81,6.39,5.80,6.36,11994648,6.09
2010/11/02,6.35,6.75,6.32,6.60,13429715,6.54
2010/11/03,6.54,6.97,6.33,6.34,9681698,6.65
2010/11/04,6.27,6.52,6.27,6.45,5302212,6.39
2010/11/05,6.51,6.91,6.42,6.85,8599105,6.67
2010/11/08,6.96,7.13,6.76,6.79,9267185,6.94
2010/11/09,6.81,6.92,6.67,6.86,6090046,6.79
2010/11/10,6.80,7.05,6.74,6.85,4989712,6.90
2010/11/11,6.76,6.79,6.57,6.57,7782092,6.68
2010/11/12,6.54,6.54,5.97,6.16,6604589,6.25
2010/11/15,6.14,6.29,6.08,6.26,3402098,6.19
2010/11/16,6.24,6.37,5.90,5.90,3677561,6.14
2010/11/17,5.86,5.97,5.66,5.69,3253555,5.81
2010/11/18,5.73,6.11,5.73,5.95,4336118,5.92
2010/11/19,6.00,6.46,5.91,6.41,7447746,6.19
2010/11/22,6.33,6.50,6.24,6.36,5564544,6.37
2010/11/23,6.33,6.33,5.94,6.13,3757510,6.14
2010/11/24,6.10,6.22,6.03,6.21,3532843,6.13
2010/11/25,6.23,6.37,6.21,6.25,3839133,6.29
2010/11/26,6.27,6.37,6.24,6.26,3625629,6.31
2010/11/29,6.21,6.23,6.05,6.16,2696734,6.14
2010/11/30,6.17,6.20,5.69,5.77,4569146,5.95
2010/12/01,5.77,5.86,5.73,5.82,1742785,5.80
2010/12/02,5.91,6.02,5.82,5.83,2581751,5.92
2010/12/03,5.84,5.86,5.63,5.70,2536452,5.75
2010/12/06,5.70,5.70,5.52,5.53,1920815,5.61
2010/12/07,5.52,5.67,5.52,5.64,1683574,5.59
2010/12/08,5.64,5.80,5.61,5.73,1810945,5.71
2010/12/09,5.73,5.73,5.55,5.58,1380092,5.64
2010/12/10,5.53,5.76,5.52,5.71,1930424,5.64
2010/12/13,5.86,6.32,5.85,6.32,6116469,6.08
2010/12/14,6.72,6.74,6.38,6.52,13132932,6.56
2010/12/15,6.54,7.19,6.52,6.89,15405280,6.85
2010/12/16,6.80,7.10,6.76,6.99,10528954,6.93
2010/12/17,6.96,7.07,6.85,7.03,5124524,6.96
2010/12/20,7.05,7.18,6.57,7.02,8178238,6.88
2010/12/21,6.97,7.08,6.76,6.89,4428410,6.92
2010/12/22,6.85,7.10,6.80,7.02,8700357,6.95
2010/12/23,7.01,7.16,6.81,6.85,7778308,6.98
2010/12/24,6.74,6.96,6.41,6.92,6060116,6.69
2010/12/27,6.91,6.99,6.55,6.74,4392373,6.77
2010/12/28,6.59,6.70,6.42,6.58,3187225,6.56
2010/12/29,6.52,7.06,6.46,7.04,7122205,6.76
2010/12/30,6.97,6.97,6.61,6.71,16621013,6.79
2010/12/31,6.64,7.38,6.47,7.19,19203463,6.92
2011/01/04,7.20,7.56,6.99,7.49,14513509,7.27
2011/01/05,7.36,7.57,7.32,7.48,9313915,7.45
2011/01/06,7.45,7.72,7.42,7.53,7870018,7.57
2011/01/07,7.44,7.65,7.35,7.42,7847059,7.50
2011/01/10,7.43,7.43,6.79,6.80,8389195,7.11
2011/01/11,6.72,7.01,6.59,6.85,5837214,6.80
2011/01/12,6.85,6.97,6.67,6.70,2983653,6.82
2011/01/13,6.70,6.95,6.68,6.90,2625849,6.81
2011/01/14,6.81,6.97,6.76,6.88,2839030,6.86
2011/01/17,6.79,6.87,6.16,6.26,5122475,6.52
2011/01/18,6.25,6.63,6.23,6.40,3051729,6.43
2011/01/19,6.44,6.46,6.25,6.42,3804862,6.35
2011/01/20,6.43,6.43,6.16,6.33,3216658,6.29
2011/01/21,6.31,6.53,6.28,6.37,2853157,6.41
2011/01/24,6.38,6.42,5.95,6.09,2929500,6.19
2011/01/25,5.99,6.16,5.80,5.87,2115740,5.98
2011/01/26,5.95,6.13,5.86,5.95,2929016,6.00
2011/01/27,5.86,6.19,5.76,6.04,3486761,5.98
2011/01/28,6.07,6.35,6.04,6.23,3708373,6.19
2011/01/31,6.24,6.47,6.16,6.38,4622220,6.31
2011/02/01,6.36,6.50,6.29,6.39,3808356,6.40
2011/02/09,6.33,6.78,6.24,6.49,5283329,6.51
2011/02/10,6.46,6.73,6.46,6.69,4316286,6.60
2011/02/11,6.64,6.82,6.59,6.70,3856958,6.71
2011/02/14,6.67,6.76,6.64,6.73,4461882,6.70
2011/02/15,6.74,7.08,6.74,6.85,6006760,6.91
2011/02/16,6.85,7.02,6.84,6.97,4419612,6.93
2011/02/17,6.96,7.07,6.84,7.06,5357122,6.96
2011/02/18,7.02,7.35,6.92,7.21,6761017,7.13
2011/02/21,7.26,7.97,7.23,7.97,13783208,7.60
2011/02/22,7.94,8.25,7.73,7.83,17187355,7.99
2011/02/23,7.82,7.82,7.39,7.53,9918900,7.60
2011/02/24,7.49,7.56,7.26,7.55,6069602,7.41
2011/02/25,7.51,7.53,7.27,7.33,5269531,7.40
2011/02/28,7.38,7.55,7.33,7.54,6463712,7.44
2011/03/01,7.54,7.61,7.17,7.31,9588928,7.39
2011/03/02,7.23,7.23,7.01,7.11,7553960,7.12
2011/03/03,7.11,7.25,6.97,7.02,6028627,7.11
2011/03/04,7.03,7.11,6.97,7.10,3991645,7.04
2011/03/07,7.13,7.29,7.13,7.21,6573428,7.21
2011/03/08,7.21,7.26,7.06,7.10,5440552,7.16
2011/03/09,7.10,7.12,6.88,7.04,7063553,7.00
2011/03/10,7.03,7.17,6.97,7.07,5564024,7.07
2011/03/11,7.06,7.21,6.98,7.13,6428491,7.10
2011/03/14,7.13,7.38,7.06,7.37,9278379,7.22
2011/03/15,7.13,7.38,7.06,7.37,0,7.22
2011/03/16,7.25,7.47,7.15,7.34,9809863,7.31
2011/03/17,7.32,7.47,7.06,7.07,8473082,7.26
2011/03/18,7.09,7.26,6.99,7.04,3944379,7.13
2011/03/21,7.03,7.05,6.70,6.70,6316094,6.88
2011/03/22,6.70,6.81,6.63,6.76,2900891,6.72
2011/03/23,6.77,6.92,6.77,6.87,3390250,6.84
2011/03/24,6.77,6.92,6.77,6.87,0,6.84
2011/03/25,6.88,7.08,6.74,7.01,5019526,6.91
2011/03/28,7.04,7.09,6.75,6.76,4848486,6.92
2011/03/29,6.71,6.87,6.64,6.70,4556002,6.75
2011/03/30,6.70,6.75,6.51,6.54,4631870,6.63
2011/03/31,6.55,6.73,6.55,6.65,3024827,6.64
2011/04/01,6.66,6.78,6.61,6.75,1957200,6.70
2011/04/06,6.74,6.80,6.67,6.72,2238216,6.73
2011/04/07,6.72,7.09,6.72,7.04,5653554,6.90
2011/04/08,6.97,7.08,6.92,7.02,4019937,7.00
2011/04/11,7.01,7.01,6.76,6.76,4777546,6.88
2011/04/12,6.76,6.92,6.76,6.84,3067078,6.84
2011/04/13,6.80,6.86,6.72,6.81,2566587,6.79
2011/04/14,6.81,7.03,6.79,7.00,5172500,6.91
2011/04/15,7.00,7.04,6.76,6.90,4759169,6.90
2011/04/18,6.84,6.97,6.73,6.91,3795581,6.85
2011/04/19,6.79,7.22,6.76,7.08,7555959,6.99
2011/04/20,7.06,7.29,6.97,7.22,9886168,7.13
2011/04/21,7.24,7.29,7.01,7.22,6019365,7.15
2011/04/22,7.15,7.15,6.90,6.94,5760037,7.03
2011/04/25,6.90,6.90,6.54,6.57,5496570,6.72
2011/04/26,6.54,6.54,6.04,6.07,7663676,6.29
2011/04/27,6.06,6.20,5.98,6.05,3063511,6.09
2011/04/28,6.12,6.12,5.90,5.91,2236012,6.01
2011/04/29,5.92,6.05,5.92,6.04,2545321,5.98
2011/05/03,6.09,6.13,6.02,6.12,1512781,6.07
2011/05/04,6.12,6.12,5.77,5.77,3848414,5.94
2011/05/05,5.78,5.84,5.73,5.76,2221976,5.79
2011/05/06,5.71,5.78,5.52,5.73,2389130,5.65
2011/05/09,5.75,5.84,5.74,5.79,1673652,5.79
2011/05/10,5.84,5.91,5.76,5.91,2258794,5.83
2011/05/11,5.91,5.92,5.79,5.87,1866527,5.85
2011/05/12,5.84,6.17,5.75,5.98,4841261,5.96
2011/05/13,5.95,6.09,5.84,6.00,2162328,5.96
2011/05/16,6.00,6.05,5.86,5.88,1850535,5.96
2011/05/17,5.87,5.87,5.58,5.72,2738184,5.73
2011/05/18,5.72,5.77,5.51,5.70,2348867,5.64
2011/05/19,5.67,5.77,5.66,5.75,2027889,5.71
2011/05/20,5.75,5.75,5.61,5.66,1452028,5.68
2011/05/23,5.66,5.66,5.26,5.31,3790269,5.46
2011/05/24,5.31,5.34,5.16,5.30,1803247,5.25
2011/05/25,5.30,5.32,5.17,5.20,1438604,5.25
2011/05/26,5.20,5.31,5.02,5.11,2164323,5.16
2011/05/27,5.06,5.17,4.95,4.95,1685744,5.06
2011/05/30,4.95,5.07,4.65,4.74,2099664,4.86
2011/05/31,4.75,4.88,4.68,4.88,1840637,4.78
2011/06/01,4.88,5.01,4.82,4.99,1897111,4.92
2011/06/02,4.94,4.94,4.75,4.82,1798763,4.85
2011/06/03,4.81,4.94,4.79,4.92,1636514,4.87
2011/06/07,4.92,4.98,4.87,4.98,1450263,4.93
2011/06/08,4.98,5.01,4.86,4.95,1979076,4.94
2011/06/09,4.94,4.94,4.74,4.77,2321537,4.84
2011/06/10,4.77,4.83,4.65,4.82,1912895,4.74
2011/06/13,4.79,4.81,4.70,4.79,1182969,4.75
2011/06/14,4.80,4.91,4.78,4.87,1554567,4.85
2011/06/15,4.87,4.91,4.82,4.84,1484121,4.87
2011/06/16,4.78,4.78,4.69,4.71,1574367,4.74
2011/06/17,4.78,5.21,4.78,5.21,14869483,5.00
2011/06/20,5.21,5.76,5.16,5.76,23951620,5.46
2011/06/21,5.76,6.21,5.75,6.02,24027633,5.98
2011/06/22,6.00,6.07,5.89,6.06,19590710,5.98
2011/06/23,5.95,6.05,5.79,5.98,16042370,5.92
2011/06/24,5.86,6.10,5.86,6.09,22952216,5.98
2011/06/27,6.09,6.33,6.01,6.29,23253153,6.17
2011/06/28,6.17,6.21,6.01,6.10,15508199,6.11
2011/06/29,6.10,6.27,6.04,6.06,12735719,6.15
2011/06/30,6.04,6.24,6.04,6.20,11900717,6.14
2011/07/01,6.19,6.47,6.07,6.15,18804892,6.27
2011/07/04,6.10,6.27,6.01,6.21,13685967,6.14
2011/07/05,6.24,6.55,6.11,6.51,22646238,6.33
2011/07/06,6.40,6.44,6.29,6.36,12410991,6.37
2011/07/07,6.33,6.47,6.24,6.33,9195750,6.35
2011/07/08,6.31,6.33,6.05,6.06,8529717,6.19
2011/07/11,6.06,6.19,6.04,6.13,5854663,6.12
2011/07/12,6.06,6.19,6.04,6.13,0,6.12
2011/07/13,6.01,6.37,6.01,6.31,9254865,6.19
2011/07/14,6.30,6.45,6.19,6.41,9242729,6.32
2011/07/15,6.36,6.52,6.32,6.52,13674020,6.42
2011/07/18,6.58,6.65,6.36,6.46,8589707,6.51
2011/07/19,6.40,6.40,6.21,6.24,4973563,6.31
2011/07/20,6.25,6.31,6.01,6.04,7160251,6.16
2011/07/21,6.04,6.17,5.92,5.93,4853010,6.04
2011/07/22,5.94,6.09,5.94,6.01,4141859,6.02
2011/07/25,5.96,6.07,5.41,5.50,6380945,5.74
2011/07/26,5.49,5.58,5.43,5.55,3357857,5.50
2011/07/27,5.52,6.13,5.44,6.13,11824169,5.79
2011/07/28,6.16,6.27,6.01,6.10,13189080,6.14
2011/07/29,6.02,6.09,5.73,5.76,7301335,5.91
2011/08/01,5.71,5.85,5.66,5.76,3195514,5.75
2011/08/02,5.77,5.77,5.55,5.77,3891087,5.66
2011/08/03,5.72,5.84,5.62,5.83,3607527,5.73
2011/08/04,5.72,5.84,5.62,5.83,0,5.73
2011/08/05,5.46,5.66,5.46,5.56,3683601,5.56
2011/08/08,5.46,5.56,4.98,5.06,5422874,5.27
2011/08/09,4.95,5.37,4.71,5.21,5269450,5.04
2011/08/10,5.32,5.39,5.25,5.29,4466587,5.32
2011/08/11,5.12,5.38,5.04,5.37,3916813,5.21
2011/08/12,5.37,5.60,5.37,5.44,4335397,5.48
2011/08/15,5.51,5.59,5.40,5.57,3927741,5.50
2011/08/16,5.59,5.61,5.42,5.45,3231808,5.52
2011/08/17,5.45,5.53,5.41,5.42,2272884,5.47
2011/08/18,5.44,5.44,5.27,5.29,2638228,5.35
2011/08/19,5.16,5.25,5.07,5.23,2187148,5.16
2011/08/22,5.19,5.37,5.19,5.29,2460006,5.28
2011/08/23,5.31,5.41,5.26,5.41,2242646,5.33
2011/08/24,5.48,5.59,5.39,5.40,3467883,5.49
2011/08/25,5.38,5.55,5.37,5.51,3379147,5.46
2011/08/26,5.50,5.64,5.45,5.59,4321344,5.54
2011/08/29,5.51,5.65,5.50,5.54,3412842,5.58
2011/08/30,5.58,5.64,5.38,5.39,3059608,5.51
2011/08/31,5.40,5.47,5.28,5.34,1925698,5.38
2011/09/01,5.39,5.42,5.31,5.35,1376661,5.36
2011/09/02,5.35,5.35,5.19,5.23,1814988,5.27
2011/09/05,5.17,5.20,5.07,5.07,1442396,5.14
2011/09/06,5.01,5.14,4.92,4.97,2135415,5.03
2011/09/07,4.98,5.29,4.98,5.27,3600125,5.14
2011/09/08,5.35,5.35,5.13,5.16,3299445,5.24
2011/09/09,5.13,5.32,5.12,5.22,1990890,5.22
2011/09/13,5.19,5.20,4.93,5.12,1504554,5.06
2011/09/14,5.13,5.20,5.00,5.20,1694693,5.10
2011/09/15,5.21,5.27,5.17,5.20,1760732,5.22
2011/09/16,5.26,5.34,5.19,5.34,3059469,5.27
2011/09/19,5.30,5.50,5.27,5.31,4945250,5.38
2011/09/20,5.28,5.39,5.10,5.39,3440864,5.24
2011/09/21,5.36,5.50,5.32,5.47,4332967,5.41
2011/09/22,5.39,5.54,5.27,5.29,3791503,5.40
2011/09/23,5.17,5.23,5.10,5.17,2360381,5.17
2011/09/26,5.13,5.20,5.04,5.04,1755090,5.12
2011/09/27,5.10,5.15,4.95,5.01,2004835,5.05
2011/09/28,5.09,5.09,4.93,4.94,1493843,5.01
2011/09/29,4.92,4.94,4.52,4.61,2657231,4.73
2011/09/30,4.62,4.71,4.34,4.37,3973845,4.52
2011/10/10,4.38,4.46,4.38,4.42,1100088,4.42
2011/10/11,4.54,4.73,4.41,4.48,1852654,4.57
2011/10/12,4.44,4.70,4.40,4.69,1872040,4.55
2011/10/13,4.68,4.79,4.62,4.72,2219130,4.71
2011/10/14,4.72,4.72,4.61,4.68,1722216,4.67
2011/10/17,4.68,4.76,4.61,4.66,1922446,4.69
2011/10/18,4.56,4.61,4.40,4.40,2516135,4.51
2011/10/19,4.43,4.45,4.36,4.40,925555,4.41
2011/10/20,4.37,4.37,4.10,4.18,1937737,4.23
2011/10/21,4.17,4.22,4.07,4.07,975871,4.15
2011/10/24,4.10,4.20,4.01,4.17,1062261,4.10
2011/10/25,4.17,4.30,4.12,4.29,1743153,4.21
2011/10/26,4.26,4.37,4.22,4.29,2191351,4.29
2011/10/27,4.30,4.33,4.25,4.27,1596135,4.29
2011/10/28,4.32,4.44,4.30,4.40,2461283,4.37
2011/10/31,4.40,4.45,4.37,4.43,1633785,4.41
2011/11/01,4.38,4.44,4.35,4.38,1433718,4.40
2011/11/02,4.36,4.53,4.29,4.52,3117902,4.41
2011/11/03,4.53,4.66,4.49,4.60,4399719,4.58
2011/11/04,4.59,4.66,4.54,4.64,3460022,4.60
2011/11/07,4.64,4.70,4.57,4.59,2221237,4.64
2011/11/08,4.57,4.62,4.46,4.47,2034319,4.54
2011/11/09,4.48,4.54,4.44,4.51,1974603,4.49
2011/11/10,4.45,4.50,4.37,4.37,1988068,4.44
2011/11/11,4.34,4.42,4.34,4.39,1356468,4.38
2011/11/14,4.41,4.85,4.41,4.85,5431272,4.63
2011/11/15,4.90,5.04,4.89,5.00,11596134,4.96
2011/11/16,5.00,5.02,4.81,4.90,7189582,4.91
2011/11/17,4.91,4.96,4.84,4.90,4079608,4.90
2011/11/18,4.86,4.86,4.72,4.78,4703124,4.79
2011/11/21,4.75,4.95,4.68,4.94,3445272,4.81
2011/11/22,4.90,4.99,4.84,4.95,3895684,4.92
2011/11/23,4.95,4.98,4.81,4.88,2324269,4.90
2011/11/24,4.83,4.89,4.74,4.77,1854553,4.81
2011/11/25,4.79,4.82,4.75,4.79,1346382,4.79
2011/11/28,4.80,4.95,4.80,4.91,2650859,4.88
2011/11/29,4.94,5.01,4.89,5.01,4018692,4.95
2011/11/30,4.98,5.01,4.70,4.74,4034985,4.85
2011/12/01,4.89,4.98,4.79,4.90,3256726,4.89
2011/12/02,4.89,4.89,4.70,4.73,2432666,4.79
2011/12/05,4.73,4.75,4.48,4.49,2133568,4.62
2011/12/06,4.47,4.48,4.26,4.37,1747530,4.37
2011/12/07,4.39,4.44,4.35,4.36,757106,4.40
2011/12/08,4.36,4.45,4.26,4.45,1266658,4.35
2011/12/09,4.40,4.45,4.37,4.38,753310,4.41
2011/12/12,4.34,4.41,4.27,4.30,676332,4.34
2011/12/13,4.29,4.29,4.12,4.16,1131944,4.21
2011/12/14,4.12,4.22,4.01,4.03,1303288,4.11
2011/12/15,4.01,4.03,3.74,3.93,1583009,3.89
2011/12/16,3.93,4.14,3.93,4.14,1377267,4.03
2011/12/19,4.10,4.22,4.05,4.21,1706561,4.13
2011/12/20,4.12,4.25,4.12,4.16,941963,4.19
2011/12/21,4.12,4.25,4.12,4.16,0,4.19
2011/12/22,4.06,4.09,3.79,4.01,1995332,3.94
2011/12/23,3.90,4.12,3.90,4.05,948430,4.01
2011/12/26,4.01,4.37,4.00,4.19,1913010,4.19
2011/12/27,4.19,4.19,3.96,3.96,978093,4.08
2011/12/28,3.94,4.03,3.85,4.03,946994,3.94
2011/12/29,3.96,4.06,3.92,3.93,719936,3.99
2011/12/30,3.98,4.00,3.91,3.97,1533453,3.96
2012/01/04,3.99,4.04,3.85,3.86,1206573,3.95
2012/01/05,3.84,3.95,3.62,3.71,1280629,3.79
2012/01/06,3.67,3.81,3.62,3.76,632152,3.72
2012/01/09,3.76,3.94,3.71,3.93,836996,3.82
2012/01/10,3.91,4.25,3.90,4.22,2306876,4.07
2012/01/11,4.21,4.24,4.10,4.17,1617725,4.17
2012/01/12,4.12,4.22,4.12,4.15,922830,4.17
2012/01/13,4.12,4.20,4.01,4.05,1195545,4.10
2012/01/16,4.01,4.06,3.84,3.89,493040,3.95
2012/01/17,3.90,4.13,3.90,4.12,1235020,4.01
2012/01/18,4.14,4.16,4.00,4.02,1097945,4.08
2012/01/19,4.00,4.11,3.99,4.05,635534,4.05
2012/01/20,4.05,4.19,4.04,4.14,1015585,4.12
2012/01/30,4.19,4.22,4.11,4.11,1468507,4.17
2012/01/31,4.10,4.14,4.02,4.06,805231,4.08
2012/02/01,4.06,4.14,4.04,4.06,850153,4.09
2012/02/02,4.12,4.15,4.04,4.14,1383793,4.10
2012/02/03,4.14,4.22,4.09,4.21,2706565,4.15
2012/02/06,4.20,4.23,4.14,4.17,2957211,4.19
2012/02/07,4.17,4.17,4.03,4.07,1766322,4.10
2012/02/08,4.09,4.19,4.02,4.16,1850816,4.10
2012/02/09,4.17,4.25,4.15,4.19,2917157,4.20
2012/02/10,4.15,4.39,4.15,4.32,4848765,4.27
2012/02/13,4.29,4.36,4.25,4.33,3684835,4.31
2012/02/14,4.33,4.44,4.29,4.37,3515684,4.37
2012/02/15,4.34,4.42,4.31,4.39,3129676,4.36
2012/02/16,4.39,4.47,4.33,4.38,2641480,4.40
2012/02/17,4.38,4.42,4.30,4.36,2173700,4.36
2012/02/20,4.42,4.51,4.36,4.45,5267450,4.44
2012/02/21,4.45,4.47,4.35,4.46,2023131,4.41
2012/02/22,4.45,4.51,4.40,4.50,3169421,4.46
2012/02/23,4.49,4.52,4.44,4.49,2578831,4.48
2012/02/24,4.49,4.51,4.44,4.51,3703239,4.48
2012/02/27,4.51,4.59,4.47,4.51,4187450,4.53
2012/02/28,4.47,4.51,4.35,4.44,3140673,4.43
2012/02/29,4.41,4.44,4.37,4.39,1567844,4.41
2012/03/01,4.36,4.42,4.34,4.39,1626853,4.38
2012/03/02,4.39,4.49,4.35,4.49,3228975,4.42
2012/03/05,4.49,4.54,4.42,4.43,3404372,4.48
2012/03/06,4.40,4.42,4.34,4.37,2058361,4.38
2012/03/07,4.42,4.80,4.36,4.55,11885960,4.58
2012/03/08,4.51,4.64,4.50,4.60,6149215,4.57
2012/03/09,4.60,4.67,4.56,4.65,4867402,4.61
2012/03/12,4.64,4.69,4.59,4.62,2848837,4.64
2012/03/13,4.63,4.69,4.60,4.69,3958099,4.65
2012/03/14,4.68,4.80,4.31,4.45,7386760,4.55
2012/03/15,4.45,4.50,4.25,4.34,3027798,4.38
2012/03/16,4.35,4.47,4.35,4.47,2076563,4.41
2012/03/19,4.46,4.52,4.41,4.52,2397263,4.46
2012/03/20,4.52,4.52,4.34,4.37,2672438,4.43
2012/03/21,4.40,4.42,4.32,4.36,1697346,4.37
2012/03/22,4.40,4.42,4.32,4.36,0,4.37
2012/03/23,4.32,4.42,4.27,4.28,1862589,4.34
2012/03/26,4.39,4.74,4.37,4.74,21162885,4.56
2012/03/27,4.74,4.81,4.66,4.75,21240636,4.73
2012/03/28,4.69,4.69,4.54,4.63,10919034,4.62
2012/03/29,4.56,4.56,4.20,4.20,9990927,4.38
2012/03/30,4.15,4.15,3.95,3.99,9238970,4.05
2012/04/05,4.01,4.16,3.99,4.15,6098955,4.08
2012/04/06,4.12,4.16,4.04,4.11,5639759,4.10
2012/04/09,4.09,4.09,3.96,4.00,3483676,4.02
2012/04/10,3.96,4.05,3.85,4.05,4023049,3.95
2012/04/11,3.97,4.05,3.95,4.05,2999635,4.00
2012/04/12,4.06,4.19,4.06,4.18,5101810,4.13
2012/04/13,4.20,4.42,4.15,4.27,7268371,4.29
2012/04/16,4.20,4.42,4.15,4.27,0,4.29
2012/04/17,4.19,4.19,4.04,4.07,5914407,4.12
2012/04/18,4.07,4.21,4.01,4.19,4487554,4.11
2012/04/19,4.17,4.30,4.15,4.22,4917705,4.23
2012/04/20,4.26,4.35,4.23,4.27,4198508,4.29
2012/04/23,4.28,4.29,4.16,4.17,3539986,4.23
2012/04/24,4.17,4.26,4.04,4.14,3378186,4.15
2012/04/25,4.12,4.22,4.08,4.20,2607282,4.15
2012/04/26,4.20,4.40,4.17,4.36,9431565,4.29
2012/04/27,4.32,4.35,4.23,4.27,4921478,4.29
2012/05/02,4.33,4.40,4.26,4.37,4792092,4.33
2012/05/03,4.39,4.47,4.35,4.46,5204419,4.41
2012/05/04,4.44,4.48,4.39,4.42,3223627,4.44
2012/05/07,4.40,4.43,4.32,4.41,3050337,4.38
2012/05/08,4.41,4.41,4.35,4.37,2785823,4.38
2012/05/09,4.33,4.33,4.22,4.22,3239547,4.27
2012/05/10,4.21,4.27,4.21,4.27,1941729,4.24
2012/05/11,4.29,4.36,4.26,4.27,2006586,4.31
2012/05/14,4.29,4.34,4.15,4.20,2183922,4.25
2012/05/15,4.16,4.25,4.12,4.25,1960764,4.19
2012/05/16,4.23,4.24,4.16,4.16,1391401,4.20
2012/05/17,4.17,4.23,4.16,4.23,1560511,4.20
2012/05/18,4.24,4.40,4.23,4.37,7743671,4.32
2012/05/21,4.35,4.49,4.32,4.39,5098597,4.41
2012/05/22,4.35,4.49,4.32,4.39,0,4.41
2012/05/23,4.35,4.49,4.32,4.39,0,4.41
2012/05/24,4.35,4.49,4.32,4.39,0,4.41
2012/05/25,4.35,4.49,4.32,4.39,0,4.41
2012/05/28,4.86,4.86,4.86,4.86,4253144,4.86
2012/05/29,5.11,5.11,4.71,4.76,20025536,4.91
2012/05/30,4.67,4.74,4.62,4.72,7892148,4.68
2012/05/31,4.66,5.17,4.63,4.98,15955948,4.90
2012/06/01,4.94,5.29,4.91,4.98,12443323,5.10
2012/06/04,4.84,5.16,4.76,4.80,9955712,4.96
2012/06/05,4.78,4.85,4.62,4.64,7167805,4.73
2012/06/06,4.69,4.87,4.61,4.73,7457464,4.74
2012/06/07,4.78,4.79,4.60,4.62,4835675,4.69
2012/06/08,4.65,4.75,4.61,4.67,4031292,4.68
2012/06/11,4.74,5.08,4.64,4.95,11249763,4.86
2012/06/12,4.74,5.08,4.64,4.95,0,4.86
2012/06/13,4.95,5.22,4.95,5.05,12974338,5.08
2012/06/14,4.98,5.05,4.89,4.91,6038374,4.97
2012/06/15,4.91,5.00,4.71,4.85,8871251,4.85
2012/06/18,4.85,4.97,4.84,4.91,6792010,4.90
2012/06/19,4.89,4.89,4.77,4.85,4426732,4.83
2012/06/20,4.87,4.90,4.74,4.75,4053614,4.82
2012/06/21,4.75,4.82,4.65,4.72,3477682,4.74
2012/06/25,4.71,4.71,4.49,4.49,3379139,4.60
2012/06/26,4.44,4.54,4.34,4.50,2718353,4.44
2012/06/27,4.49,4.54,4.34,4.34,3298058,4.44
2012/06/28,4.34,4.40,4.29,4.29,2237199,4.35
2012/06/29,4.27,4.38,4.21,4.36,2313867,4.29
2012/07/02,4.37,4.49,4.36,4.45,2599386,4.43
2012/07/03,4.44,4.55,4.44,4.53,3314825,4.50
2012/07/04,4.51,4.61,4.45,4.61,3108930,4.53
2012/07/05,4.54,4.55,4.44,4.46,2185128,4.50
2012/07/06,4.50,4.56,4.40,4.54,1881636,4.48
2012/07/09,4.49,4.56,4.45,4.46,2216969,4.50
2012/07/10,4.42,4.46,4.27,4.38,1729947,4.36
2012/07/11,4.38,4.57,4.34,4.55,3174093,4.46
2012/07/12,4.68,4.76,4.64,4.72,7150290,4.70
2012/07/13,4.70,4.70,4.60,4.64,3470976,4.65
2012/07/16,4.66,4.86,4.60,4.67,6690346,4.73
2012/07/17,4.66,4.89,4.62,4.89,10531907,4.75
2012/07/18,4.81,4.90,4.74,4.88,9217681,4.82
2012/07/19,4.90,4.92,4.79,4.81,7766988,4.85
2012/07/20,4.76,4.90,4.75,4.78,5223560,4.83
2012/07/23,4.74,4.77,4.62,4.68,4174281,4.69
2012/07/24,4.63,4.72,4.61,4.62,3955785,4.67
2012/07/25,4.59,4.66,4.56,4.59,3826498,4.61
2012/07/26,4.59,4.65,4.54,4.57,2747406,4.60
2012/07/27,4.59,4.61,4.41,4.41,4066514,4.51
2012/07/30,4.38,4.42,4.24,4.28,3050334,4.33
2012/07/31,4.28,4.38,4.22,4.31,2144876,4.30
2012/08/01,4.31,4.44,4.28,4.43,2513337,4.36
2012/08/02,4.40,4.44,4.31,4.32,1658910,4.38
2012/08/03,4.33,4.47,4.33,4.46,2500545,4.40
2012/08/06,4.42,4.61,4.41,4.60,3486245,4.51
2012/08/07,4.60,4.62,4.54,4.60,2763431,4.58
2012/08/08,4.60,4.73,4.57,4.65,3477388,4.65
2012/08/09,4.62,4.69,4.57,4.66,2995984,4.63
2012/08/10,4.68,4.72,4.64,4.65,2883495,4.68
2012/08/13,4.65,4.67,4.51,4.51,2160376,4.59
2012/08/14,4.51,4.63,4.42,4.62,2589193,4.52
2012/08/15,4.61,4.81,4.56,4.69,6236927,4.68
2012/08/16,4.67,4.77,4.63,4.66,3608368,4.70
2012/08/17,4.66,4.74,4.64,4.73,3301293,4.69
2012/08/20,4.74,4.74,4.61,4.67,2821950,4.68
2012/08/21,4.67,4.77,4.67,4.70,3785875,4.72
2012/08/22,4.70,4.71,4.61,4.61,2846414,4.66
2012/08/23,4.62,4.65,4.46,4.58,3579898,4.56
2012/08/24,4.56,4.69,4.50,4.50,2796555,4.60
2012/08/27,4.44,4.44,4.28,4.29,3129343,4.36
2012/08/28,4.30,4.36,4.28,4.34,1705083,4.32
2012/08/29,4.34,4.37,4.29,4.31,1194945,4.33
2012/08/30,4.31,4.36,4.24,4.30,1532796,4.30
2012/08/31,4.30,4.33,4.14,4.27,3314465,4.23
2012/09/03,4.25,4.33,4.18,4.32,1993544,4.25
2012/09/04,4.30,4.35,4.24,4.28,1704336,4.29
2012/09/05,4.27,4.31,4.20,4.30,1130778,4.25
2012/09/06,4.30,4.34,4.27,4.34,1597843,4.30
2012/09/07,4.34,4.52,4.34,4.48,5805365,4.43
2012/09/10,4.40,4.49,4.35,4.45,3708707,4.42
2012/09/11,4.46,4.56,4.40,4.52,5219495,4.48
2012/09/12,4.56,4.62,4.45,4.56,5628568,4.54
2012/09/13,4.55,4.55,4.40,4.41,3202253,4.48
2012/09/14,4.45,4.49,4.37,4.45,2179703,4.43
2012/09/17,4.45,4.45,4.21,4.21,3456019,4.33
2012/09/18,4.17,4.26,4.17,4.24,1428452,4.21
2012/09/19,4.25,4.27,4.19,4.22,1613188,4.23
2012/09/20,4.24,4.25,4.06,4.12,2413208,4.15
2012/09/21,4.12,4.16,4.06,4.12,1460730,4.11
2012/09/24,4.09,4.14,3.95,4.12,1622229,4.04
2012/09/25,4.11,4.15,4.05,4.06,1027852,4.10
2012/09/26,4.04,4.08,3.97,4.06,1468248,4.03
2012/09/27,4.06,4.31,4.02,4.18,1807233,4.16
2012/09/28,4.15,4.25,4.13,4.21,1556471,4.19
2012/10/08,4.23,4.23,4.13,4.17,1177229,4.18
2012/10/09,4.17,4.29,4.17,4.25,3274160,4.23
2012/10/10,4.23,4.26,4.19,4.24,1776438,4.23
2012/10/11,4.24,4.24,4.13,4.14,1961596,4.19
2012/10/12,4.15,4.18,4.06,4.11,1611465,4.12
2012/10/15,4.12,4.18,4.11,4.16,1504405,4.15
2012/10/16,4.14,4.20,4.13,4.14,1119141,4.17
2012/10/17,4.15,4.17,4.10,4.15,1140980,4.13
2012/10/18,4.15,4.22,4.15,4.20,1984351,4.19
2012/10/19,4.21,4.24,4.19,4.20,1576358,4.22
2012/10/22,4.18,4.24,4.18,4.24,1525132,4.21
2012/10/23,4.25,4.25,4.15,4.16,1537188,4.20
2012/10/24,4.16,4.20,4.15,4.16,1203203,4.18
2012/10/25,4.16,4.17,4.09,4.09,1250911,4.13
2012/10/26,4.09,4.13,4.01,4.03,1222333,4.07
2012/10/29,4.03,4.07,3.94,3.95,974409,4.01
2012/10/30,3.96,4.04,3.95,3.98,995377,4.00
2012/10/31,4.01,4.02,3.98,4.00,574031,4.00
2012/11/01,3.99,4.07,3.99,4.06,1017133,4.03
2012/11/02,4.07,4.07,4.03,4.06,939486,4.05
2012/11/05,4.06,4.07,3.98,4.00,1354669,4.03
2012/11/06,3.98,4.02,3.92,3.94,1411027,3.97
2012/11/07,3.93,3.97,3.89,3.92,1426338,3.93
2012/11/08,3.91,3.91,3.76,3.79,1405222,3.83
2012/11/09,3.77,3.87,3.77,3.81,1615397,3.82
2012/11/12,3.89,4.07,3.87,4.01,2764530,3.97
2012/11/13,4.00,4.12,3.87,3.89,2613161,4.00
2012/11/14,3.87,3.95,3.76,3.94,1545753,3.85
2012/11/15,3.92,3.92,3.79,3.83,934042,3.85
2012/11/16,3.79,3.85,3.79,3.81,872520,3.82
2012/11/19,3.83,3.83,3.74,3.79,1311305,3.79
2012/11/20,3.82,3.83,3.76,3.76,696907,3.79
2012/11/21,3.77,3.81,3.71,3.80,607701,3.76
2012/11/22,3.79,3.80,3.75,3.75,535395,3.77
2012/11/23,3.79,3.98,3.78,3.91,2355382,3.88
2012/11/26,3.89,3.89,3.83,3.84,1122737,3.86
2012/11/27,3.81,3.82,3.71,3.74,1034581,3.76
2012/11/28,3.70,3.73,3.47,3.52,1754306,3.60
2012/11/29,3.52,3.60,3.45,3.46,738960,3.53
2012/11/30,3.46,3.52,3.41,3.50,817307,3.47
2012/12/03,3.55,3.55,3.40,3.40,882800,3.47
2012/12/04,3.44,3.46,3.29,3.43,879112,3.38
2012/12/05,3.43,3.56,3.40,3.53,1500785,3.48
2012/12/06,3.54,3.57,3.47,3.50,845785,3.52
2012/12/07,3.52,3.68,3.44,3.66,2255232,3.56
2012/12/10,3.66,3.76,3.63,3.73,3054187,3.69
2012/12/11,3.73,3.83,3.66,3.70,2891572,3.75
2012/12/12,3.67,3.78,3.67,3.76,2326107,3.72
2012/12/13,3.72,3.90,3.71,3.78,5588109,3.80
2012/12/14,3.78,3.91,3.74,3.90,4599883,3.83
2012/12/17,3.91,3.92,3.85,3.89,3133631,3.89
2012/12/18,3.89,3.95,3.83,3.85,3210449,3.89
2012/12/19,3.84,3.86,3.79,3.85,1691785,3.82
2012/12/20,3.85,4.02,3.83,4.01,4939634,3.92
2012/12/21,4.06,4.08,3.91,3.95,4809716,4.00
2012/12/24,3.89,3.95,3.87,3.89,2450505,3.91
2012/12/25,3.89,3.97,3.87,3.94,4117942,3.92
2012/12/26,3.97,4.05,3.91,4.01,3576275,3.98
2012/12/27,3.98,4.01,3.90,3.90,3578546,3.95
2012/12/28,3.89,3.92,3.86,3.92,2449928,3.89
2012/12/31,3.94,3.95,3.90,3.95,1944502,3.93
2013/01/04,3.97,3.99,3.83,3.94,2164579,3.91
2013/01/07,3.96,3.97,3.91,3.97,2005807,3.94
2013/01/08,3.97,4.07,3.95,4.02,3880667,4.01
2013/01/09,4.03,4.21,4.00,4.11,6864369,4.10
2013/01/10,4.09,4.16,4.08,4.09,2782578,4.12
2013/01/11,4.09,4.16,4.01,4.05,3776604,4.08
2013/01/14,4.04,4.22,4.03,4.20,6074522,4.13
2013/01/15,4.20,4.31,4.15,4.26,5293390,4.23
2013/01/16,4.25,4.25,4.15,4.21,3309535,4.20
2013/01/17,4.17,4.25,4.17,4.19,2324977,4.21
2013/01/18,4.22,4.27,4.19,4.26,2601352,4.23
2013/01/21,4.27,4.41,4.22,4.38,4350846,4.31
2013/01/22,4.36,4.40,4.30,4.36,3532949,4.35
2013/01/23,4.38,4.41,4.26,4.31,2562967,4.33
2013/01/24,4.35,4.41,4.15,4.18,3374269,4.28
2013/01/25,4.16,4.24,4.14,4.17,1318429,4.19
2013/01/28,4.17,4.26,4.16,4.26,1771487,4.21
2013/01/29,4.31,4.37,4.24,4.35,3190964,4.31
2013/01/30,4.33,4.46,4.28,4.41,3424333,4.37
2013/01/31,4.43,4.55,4.40,4.45,3334101,4.48
2013/02/01,4.47,4.57,4.42,4.44,3862127,4.50
2013/02/04,4.42,4.52,4.40,4.44,2454821,4.46
2013/02/05,4.39,4.47,4.39,4.44,1428065,4.43
2013/02/06,4.43,4.47,4.41,4.43,1180190,4.44
2013/02/07,4.43,4.53,4.42,4.49,2237246,4.48
2013/02/08,4.49,4.62,4.49,4.60,2877562,4.56
2013/02/18,4.61,4.69,4.61,4.64,2648499,4.65
2013/02/19,4.62,4.62,4.50,4.54,2272274,4.56
2013/02/20,4.50,4.60,4.50,4.60,1520576,4.55
2013/02/21,4.57,4.57,4.44,4.48,1906919,4.51
2013/02/22,4.45,4.52,4.45,4.45,1025142,4.48
2013/02/25,4.45,4.60,4.44,4.59,1910767,4.52
2013/02/26,4.56,4.61,4.50,4.51,1819501,4.56
2013/02/27,4.52,4.55,4.46,4.47,1093757,4.50
2013/02/28,4.47,4.55,4.36,4.51,2621504,4.46
2013/03/01,4.49,4.55,4.45,4.52,2052494,4.50
2013/03/04,4.77,4.99,4.77,4.90,17373964,4.88
2013/03/05,4.77,4.93,4.69,4.89,11083697,4.81
2013/03/06,4.82,5.06,4.82,5.00,10703470,4.94
2013/03/07,4.97,5.09,4.90,4.94,6741755,5.00
2013/03/08,4.91,5.02,4.80,4.83,4742791,4.91
2013/03/11,4.81,4.88,4.79,4.86,1961078,4.83
2013/03/12,4.83,4.93,4.79,4.85,3285137,4.86
2013/03/13,4.80,4.91,4.79,4.91,2641012,4.85
2013/03/14,4.94,4.94,4.81,4.87,2651705,4.88
2013/03/15,4.89,4.93,4.77,4.82,2918760,4.85
2013/03/18,4.81,4.83,4.62,4.65,2935354,4.73
2013/03/19,4.65,4.74,4.61,4.70,2387921,4.68
2013/03/20,4.71,4.80,4.70,4.79,2611406,4.75
2013/03/21,4.79,4.87,4.77,4.86,2120243,4.82
2013/03/22,4.85,4.89,4.82,4.87,1808138,4.85
2013/03/25,4.90,5.01,4.84,4.97,4036476,4.92
2013/03/26,4.97,4.99,4.89,4.91,2758359,4.94
2013/03/27,4.92,5.05,4.92,4.96,3347080,4.98
2013/03/28,5.05,5.07,4.89,4.94,4371078,4.98
2013/03/29,4.94,5.02,4.91,5.02,3808372,4.96
2013/04/01,5.05,5.13,5.00,5.12,4913295,5.06
2013/04/02,5.13,5.26,5.07,5.15,8903200,5.17
2013/04/03,5.15,5.15,5.00,5.11,3019551,5.08
2013/04/08,5.02,5.26,4.97,5.22,2972689,5.11
2013/04/09,5.22,5.32,5.17,5.31,4764333,5.25
2013/04/10,5.31,5.32,5.20,5.25,3194764,5.26
2013/04/11,5.25,5.36,5.25,5.31,3381367,5.31
2013/04/12,5.32,5.35,5.21,5.22,3646014,5.28
2013/04/15,5.21,5.22,5.09,5.12,2971411,5.15
2013/04/16,5.06,5.19,5.05,5.19,1852053,5.12
2013/04/17,5.17,5.34,5.16,5.30,3129902,5.25
2013/04/18,5.22,5.36,5.22,5.29,2589667,5.29
2013/04/19,5.28,5.40,5.28,5.38,4327622,5.34
2013/04/22,5.33,5.44,5.32,5.44,5001342,5.38
2013/04/23,5.44,5.55,5.37,5.43,7889504,5.46
2013/04/24,5.40,5.66,5.39,5.63,9048691,5.52
2013/04/25,5.61,5.92,5.59,5.77,13017596,5.75
2013/04/26,5.77,5.87,5.68,5.85,9775756,5.77
2013/05/02,5.86,5.97,5.72,5.97,8808524,5.84
2013/05/03,5.97,6.01,5.80,5.80,13569969,5.90
2013/05/06,5.75,5.80,5.62,5.75,10675276,5.71
2013/05/07,5.76,5.79,5.50,5.55,13796277,5.65
2013/05/08,5.57,5.67,5.54,5.64,7879271,5.60
2013/05/09,5.66,5.69,5.52,5.66,7208608,5.60
2013/05/10,5.65,5.71,5.56,5.66,6616507,5.63
2013/05/13,5.63,5.78,5.60,5.78,12087452,5.88
2013/05/14,5.78,5.95,5.74,5.91,17452949,6.06
2013/05/15,5.93,5.96,5.78,5.85,10411595,6.01
2013/05/16,5.87,5.87,5.59,5.66,19668113,5.87
2013/05/17,5.65,5.74,5.59,5.74,10414539,5.85
2013/05/20,5.74,5.89,5.67,5.84,13260267,5.96
2013/05/21,5.81,5.86,5.74,5.86,12438961,5.97
2013/05/22,5.86,6.13,5.81,6.04,21753586,6.18
2013/05/23,6.04,6.08,5.94,6.00,11199346,6.18
2013/05/24,5.97,6.07,5.96,6.04,8570926,6.18
2013/05/27,6.08,6.16,6.03,6.07,8637732,6.25
2013/05/28,6.05,6.06,5.95,6.01,9179849,6.17
2013/05/29,6.01,6.08,5.99,6.03,8601868,6.19
2013/05/30,6.03,6.44,5.99,6.31,25729626,6.38
2013/05/31,6.30,6.35,6.23,6.24,14008988,6.45
2013/06/03,6.23,6.35,6.20,6.29,8902070,6.46
2013/06/04,6.24,6.27,6.08,6.09,11902197,6.34
2013/06/05,6.12,6.12,5.98,5.99,7107865,6.20
2013/06/06,6.00,6.11,5.98,6.01,5677306,6.21
2013/06/07,6.01,6.09,5.91,6.01,5953497,6.15
2013/06/13,5.99,5.99,5.49,5.74,6555915,5.91
2013/06/14,5.70,5.80,5.63,5.71,5223006,5.88
2013/06/17,5.72,5.73,5.38,5.46,8775520,5.69
2013/06/18,5.49,5.61,5.39,5.54,4197041,5.67
2013/06/19,5.48,5.54,5.41,5.51,2816668,5.65
2013/06/20,5.46,5.57,5.38,5.45,4096803,5.65
2013/06/21,5.39,5.39,5.15,5.28,4214165,5.46
2013/06/24,5.29,5.43,5.22,5.22,3626834,5.50
2013/06/25,5.29,5.43,5.22,5.22,0,5.32
2013/06/26,5.29,5.43,5.22,5.22,0,5.32
2013/06/27,5.29,5.43,5.22,5.22,0,5.32
2013/06/28,5.29,5.43,5.22,5.22,0,5.32
2013/07/01,5.29,5.43,5.22,5.22,0,5.32
2013/07/02,5.28,5.60,5.22,5.31,12712329,5.52
2013/07/03,5.25,5.30,4.89,4.93,15072166,5.18
2013/07/04,4.85,4.99,4.73,4.89,9722448,5.06
2013/07/05,4.89,4.95,4.83,4.83,6195706,5.06
2013/07/08,4.77,4.77,4.52,4.61,7316034,4.78
2013/07/09,4.59,4.64,4.53,4.62,6667560,4.75
2013/07/10,4.60,4.65,4.53,4.63,9185590,4.77
2013/07/11,4.63,4.82,4.63,4.81,12941439,4.91
2013/07/12,4.78,4.86,4.73,4.73,9579503,4.95
2013/07/15,4.70,4.94,4.69,4.85,6380169,5.00
2013/07/16,4.82,4.94,4.80,4.90,7144519,5.06
2013/07/17,4.89,4.98,4.61,4.66,14344894,4.97
2013/07/18,4.70,4.75,4.51,4.53,17265806,4.77
2013/07/19,4.49,4.53,4.29,4.36,19397418,4.55
2013/07/22,4.29,4.45,4.25,4.44,8198785,4.54
2013/07/23,4.46,4.52,4.32,4.45,35422618,4.57
2013/07/24,4.43,4.49,4.31,4.36,20360318,4.55
2013/07/25,4.36,4.39,4.27,4.28,10868519,4.50
2013/07/26,4.27,4.32,4.10,4.19,13072966,4.38
2013/07/29,4.13,4.18,4.07,4.09,7870651,4.29
2013/07/30,4.09,4.26,4.08,4.18,13199560,4.37
2013/07/31,4.21,4.22,4.14,4.17,7545658,4.34
2013/08/01,4.16,4.26,4.15,4.25,9366254,4.39
2013/08/02,4.26,4.29,4.20,4.21,10020935,4.40
2013/08/05,4.22,4.29,4.19,4.28,9587342,4.43
2013/08/06,4.28,4.39,4.25,4.37,12944708,4.52
2013/08/07,4.34,4.39,4.28,4.31,11550262,4.50
2013/08/08,4.32,4.36,4.28,4.32,6615103,4.50
2013/08/09,4.33,4.40,4.31,4.37,9522620,4.53
2013/08/12,4.39,4.48,4.36,4.47,14034565,4.59
2013/08/13,4.46,4.77,4.44,4.70,33305135,4.81
2013/08/14,4.74,4.75,4.58,4.60,18440512,4.81
2013/08/15,4.57,4.68,4.55,4.58,12965187,4.78
2013/08/16,4.57,4.63,4.39,4.42,14801673,4.67
2013/08/19,4.39,4.49,4.35,4.47,7462109,4.61
2013/08/20,4.48,4.52,4.39,4.42,7757987,4.61
2013/08/21,4.41,4.47,4.37,4.47,6470564,4.59
2013/08/22,4.46,4.60,4.42,4.55,13959224,4.69
2013/08/23,4.55,4.60,4.40,4.51,11338533,4.69
2013/08/26,4.48,4.58,4.48,4.58,9390995,4.73
2013/08/27,4.57,4.63,4.56,4.62,11293897,4.77
2013/08/28,4.59,4.59,4.50,4.52,10996014,4.72
2013/08/29,4.53,4.56,4.48,4.55,7988124,4.69
2013/08/30,4.54,4.55,4.48,4.49,8045110,4.68
2013/09/02,4.47,4.51,4.39,4.48,7560827,4.61
2013/09/03,4.47,4.62,4.47,4.59,13504557,4.75
2013/09/04,4.60,5.07,4.54,4.92,55132221,5.06
2013/09/05,4.83,5.08,4.79,4.96,42825276,5.13
2013/09/06,4.93,5.17,4.86,5.15,28785604,5.15
2013/09/09,5.13,5.22,5.03,5.04,37907147,5.27
2013/09/10,5.04,5.05,4.94,4.97,17816976,5.15
2013/09/11,5.04,5.21,4.99,5.04,27454752,5.24
2013/09/12,5.03,5.03,4.93,4.96,13714037,5.14
2013/09/13,4.93,5.01,4.92,4.99,9139041,5.15
2013/09/16,4.99,5.00,4.84,4.89,10751737,5.09
2013/09/17,4.86,4.92,4.76,4.77,10290980,4.99
2013/09/18,4.76,4.89,4.69,4.84,9792426,4.95
2013/09/23,4.84,4.96,4.83,4.93,9040151,5.06
2013/09/24,4.92,4.93,4.81,4.83,8243408,5.03
2013/09/25,4.83,4.92,4.69,4.71,12743447,4.97
2013/09/26,4.83,4.98,4.77,4.81,14888914,5.05
2013/09/27,4.83,4.93,4.75,4.78,7013503,5.00
2013/09/30,4.83,4.88,4.74,4.86,5885972,4.98
2013/10/08,4.87,4.95,4.75,4.94,10832273,5.07
2013/10/09,4.99,5.09,4.95,4.98,14024114,5.18
2013/10/10,4.95,5.01,4.85,4.87,10481927,5.08
2013/10/11,4.91,4.93,4.85,4.91,9912383,5.06
2013/10/14,4.91,5.00,4.89,4.96,11410431,5.12
2013/10/15,4.97,4.98,4.88,4.94,9535002,5.08
2013/10/16,4.91,4.91,4.69,4.72,10397820,4.98
2013/10/17,4.74,4.82,4.74,4.79,6259069,4.96
2013/10/18,4.79,4.80,4.74,4.79,5203830,4.94
2013/10/21,4.80,4.92,4.77,4.91,7735078,5.03
2013/10/22,4.92,4.99,4.88,4.93,12268210,5.11
2013/10/23,4.93,5.07,4.87,4.90,14023641,5.14
2013/10/24,4.92,4.92,4.79,4.80,7156180,5.00
2013/10/25,4.81,4.85,4.73,4.75,5913035,4.94
2013/10/28,4.76,4.83,4.73,4.79,4257728,4.95
2013/10/29,4.76,4.82,4.43,4.52,9802177,4.77
2013/10/30,4.52,4.61,4.43,4.57,5153363,4.72
2013/10/31,4.57,4.57,4.43,4.46,7155906,4.67
2013/11/01,4.47,4.51,4.44,4.49,3125889,4.65
2013/11/04,4.49,4.53,4.45,4.49,3789895,4.66
2013/11/05,4.47,4.50,4.37,4.49,5323319,4.60
2013/11/06,4.49,4.59,4.45,4.51,6083041,4.70
2013/11/07,4.51,4.53,4.44,4.44,3926108,4.63
2013/11/08,4.45,4.46,4.37,4.37,3338920,4.57
2013/11/11,4.38,4.42,4.31,4.40,2380621,4.53
2013/11/12,4.41,4.46,4.39,4.46,2724888,4.59
2013/11/13,4.44,4.44,4.34,4.37,4691224,4.55
2013/11/14,4.40,4.44,4.34,4.39,2779404,4.56
2013/11/15,4.40,4.48,4.35,4.46,7082992,4.60
2013/11/18,4.45,4.57,4.45,4.54,7770872,4.69
2013/11/19,4.54,4.71,4.51,4.65,11076386,4.78
2013/11/20,4.63,4.86,4.58,4.81,17728307,4.93
2013/11/21,4.81,5.31,4.74,5.31,54506589,5.28
2013/11/22,5.86,5.86,5.86,5.86,20406138,6.03
2013/11/25,5.93,6.31,5.85,6.08,145548972,6.22
2013/11/26,6.00,6.24,5.88,6.03,97596137,6.21
2013/11/27,5.99,6.14,5.91,6.02,72186819,6.19
2013/11/28,6.08,6.64,6.08,6.40,118441942,6.52
2013/11/29,6.33,6.50,6.24,6.41,75958349,6.54
2013/12/02,6.16,6.70,6.00,6.45,98599222,6.65
2013/12/03,6.21,7.11,6.15,7.11,108110669,6.89
2013/12/04,7.08,7.70,7.00,7.23,123592853,7.48
2013/12/05,7.23,7.43,6.93,6.98,83424243,7.33
2013/12/06,7.01,7.40,6.69,7.35,94268979,7.14
2013/12/09,7.24,7.60,7.24,7.28,85473539,7.56
2013/12/10,7.28,7.41,6.99,7.23,57040651,7.34
2013/12/11,7.15,7.38,7.00,7.24,49923107,7.36
2013/12/12,7.23,7.34,7.07,7.12,40944677,7.36
2013/12/13,7.00,7.23,6.79,7.22,64371702,7.14
2013/12/16,7.33,7.33,6.79,6.80,48431734,7.20
2013/12/17,6.73,6.84,6.58,6.60,34448651,6.84
2013/12/18,6.60,6.75,6.49,6.58,31568498,6.81
2013/12/19,6.59,6.66,6.36,6.38,28128636,6.67
2013/12/20,6.37,6.52,6.25,6.51,32917972,6.59
2013/12/23,6.62,6.67,6.39,6.47,32353410,6.69
2013/12/24,6.41,6.89,6.36,6.83,53866895,6.86
2013/12/25,6.68,6.76,6.58,6.67,36720216,6.84
2013/12/26,6.64,6.74,6.19,6.19,31705293,6.64
2013/12/27,6.09,6.22,5.97,6.12,26352277,6.29
2013/12/30,6.17,6.38,6.13,6.32,25733623,6.42
2013/12/31,6.23,6.34,6.13,6.21,19655588,6.42
2014/01/02,6.19,6.31,6.19,6.28,14749480,6.42
2014/01/03,6.26,6.26,6.10,6.18,16488538,6.36
2014/01/06,6.12,6.15,5.71,5.79,23393918,6.06
2014/01/07,5.84,5.97,5.78,5.90,14298739,6.05
2014/01/08,5.93,5.99,5.84,5.88,13592928,6.09
2014/01/09,5.87,6.08,5.83,5.92,19922142,6.15
2014/01/10,5.91,5.92,5.73,5.74,13318003,5.96
2014/01/13,5.74,5.85,5.64,5.84,13323357,5.92
2014/01/14,5.85,6.04,5.80,6.03,19299627,6.11
2014/01/15,6.03,6.31,5.92,6.29,38710490,6.32
2014/01/16,6.29,6.29,6.14,6.17,22070227,6.36
2014/01/17,6.13,6.25,5.99,6.13,16587278,6.29
2014/01/20,6.22,6.30,5.88,5.92,22750129,6.26
2014/01/21,5.83,6.05,5.79,6.02,14529266,6.14
2014/01/22,6.01,6.16,5.96,6.11,17979397,6.25
2014/01/23,6.11,6.25,6.06,6.17,18537388,6.31
2014/01/24,6.22,6.31,6.19,6.25,22295392,6.41
2014/01/27,6.21,6.23,6.13,6.15,14350738,6.34
2014/01/28,6.13,6.22,5.97,6.03,12112242,6.23
2014/01/29,6.06,6.12,6.02,6.10,9827688,6.25
2014/01/30,6.09,6.09,5.91,5.94,11022788,6.14
2014/02/07,5.98,6.55,5.98,6.55,41132200,6.52
2014/02/10,6.65,6.80,6.55,6.72,47607688,6.84
2014/02/11,6.73,6.81,6.53,6.72,33078059,6.86
2014/02/12,6.72,7.18,6.64,7.02,45188878,7.17
2014/02/13,6.94,7.09,6.81,6.83,29919486,7.11
2014/02/14,6.77,6.87,6.55,6.81,32051936,6.89
2014/02/17,6.82,6.90,6.73,6.88,25602875,7.00
2014/02/18,6.86,6.96,6.72,6.77,25871930,6.99
2014/02/19,6.75,6.80,6.64,6.71,21345018,6.89
2014/02/20,6.68,6.93,6.47,6.68,32494240,6.90
2014/02/21,6.61,6.71,6.54,6.70,15140707,6.79
2014/02/24,6.64,6.81,6.60,6.77,16417985,6.90
2014/02/25,6.76,6.80,6.12,6.22,25061053,6.68
2014/02/26,6.16,6.16,5.87,6.01,24772909,6.15
2014/02/27,6.00,6.11,5.90,5.91,15372659,6.18
2014/02/28,5.93,6.06,5.84,6.05,11906361,6.12
2014/03/03,6.06,6.29,5.99,6.27,16308479,6.31
2014/03/04,6.19,6.26,6.09,6.16,11804592,6.33
2014/03/05,6.16,6.27,6.07,6.09,11603019,6.35
2014/03/06,6.05,6.10,5.95,6.02,9934928,6.19
2014/03/07,6.05,6.09,5.92,5.94,10148621,6.15
2014/03/10,5.95,5.95,5.73,5.77,10671852,6.00
2014/03/11,5.77,5.87,5.71,5.87,7595839,5.96
2014/03/12,5.88,5.91,5.72,5.83,8320172,5.99
2014/03/13,5.81,5.89,5.78,5.85,6718232,6.01
2014/03/14,5.76,5.82,5.74,5.79,4869929,5.95
2014/03/17,5.81,5.95,5.79,5.95,8801048,6.07
2014/03/18,6.06,6.18,5.99,6.06,14518333,6.25
2014/03/19,6.06,6.06,5.93,6.01,7494901,6.14
2014/03/20,6.00,6.03,5.79,5.79,9210675,6.07
2014/03/21,5.82,5.98,5.80,5.97,7383214,6.07
2014/03/24,5.97,6.05,5.96,5.98,8709622,6.17
2014/03/25,5.98,5.98,5.84,5.95,6404162,6.09
2014/03/26,5.95,5.99,5.90,5.94,5832545,6.12
2014/03/27,5.94,5.95,5.82,5.83,7223051,6.03
2014/03/28,5.83,5.89,5.55,5.60,11356671,5.85
2014/03/31,5.61,5.68,5.48,5.52,5059777,5.69
2014/04/01,5.54,5.61,5.53,5.61,4223553,5.74
2014/04/02,5.63,5.75,5.57,5.72,6455562,5.85
2014/04/03,5.72,5.72,5.58,5.58,5101312,5.82
2014/04/04,5.54,5.69,5.54,5.69,4865356,5.81
2014/04/08,5.63,5.76,5.63,5.74,6152335,5.88
2014/04/09,5.74,5.81,5.72,5.79,5973470,5.94
2014/04/10,5.78,5.81,5.74,5.78,7149961,5.94
2014/04/11,5.77,5.77,5.65,5.67,7112578,5.87
2014/04/14,5.67,5.71,5.59,5.70,6085962,5.82
2014/04/15,5.70,5.71,5.58,5.60,6114714,5.79
2014/04/16,5.57,5.88,5.55,5.85,17652484,5.94
2014/04/17,5.81,5.84,5.75,5.77,9685412,5.95
2014/04/18,5.73,5.85,5.72,5.83,7058144,5.95
2014/04/21,5.80,5.83,5.64,5.68,6251603,5.92
2014/04/22,5.68,5.68,5.54,5.62,5612267,5.77
2014/04/23,5.64,5.72,5.60,5.66,4683485,5.83
2014/04/24,5.65,5.66,5.58,5.62,3606188,5.78
2014/04/25,5.61,5.63,5.35,5.37,7651365,5.63
2014/04/28,5.37,5.50,5.28,5.28,5289347,5.55
2014/04/29,5.29,5.37,5.23,5.34,3188698,5.48
2014/04/30,5.33,5.39,5.30,5.31,4024551,5.50
2014/05/05,5.33,5.38,5.27,5.37,3149777,5.50
2014/05/06,5.37,5.45,5.34,5.40,3392631,5.58
2014/05/07,5.40,5.40,5.21,5.22,4586209,5.46
2014/05/08,5.19,5.28,5.13,5.17,4753655,5.37
2014/05/09,5.13,5.16,5.04,5.07,4831770,5.25
2014/05/12,5.11,5.23,5.11,5.21,4408653,5.34
2014/05/13,5.23,5.37,5.23,5.27,5085180,5.47
2014/05/14,5.28,5.34,5.21,5.33,4665915,5.45
2014/05/15,5.25,5.41,5.24,5.27,5062513,5.50
2014/05/16,5.24,5.27,5.12,5.15,4338939,5.35
2014/05/19,5.15,5.18,5.11,5.16,2582653,5.31
2014/05/20,5.20,5.24,5.19,5.22,2208618,5.33
2014/05/21,5.21,5.41,5.11,5.33,5484812,5.40
2014/05/22,5.32,5.35,5.23,5.27,5129595,5.40
2014/05/23,5.28,5.32,5.24,5.32,3068515,5.39
2014/05/26,5.34,5.37,5.28,5.36,4951451,5.44
2014/05/27,5.40,5.42,5.34,5.35,6039494,5.49
2014/05/28,5.29,5.35,5.26,5.33,4828143,5.42
2014/05/29,5.33,5.39,5.29,5.30,4539640,5.45
2014/05/30,5.30,5.30,5.18,5.23,4764558,5.34
2014/06/03,5.23,5.27,5.22,5.25,2562907,5.36
2014/06/04,5.21,5.23,5.14,5.19,3672943,5.28
2014/06/05,5.19,5.28,5.14,5.28,3570979,5.33
2014/06/06,5.41,5.53,5.32,5.34,12586260,5.53
2014/06/09,5.26,5.26,5.17,5.18,5598696,5.32
2014/06/10,5.25,5.26,5.18,5.24,4667265,5.33
2014/06/11,5.24,5.24,5.19,5.24,3836710,5.33
2014/06/12,5.23,5.23,5.19,5.20,4523982,5.31
2014/06/13,5.19,5.26,5.17,5.24,4107384,5.34
2014/06/16,5.24,5.28,5.23,5.27,4551640,5.37
2014/06/17,5.27,5.28,5.20,5.21,4257399,5.33
2014/06/18,5.20,5.25,5.14,5.14,4947851,5.31
2014/06/19,5.14,5.18,4.92,4.96,5983877,5.17
2014/06/20,4.97,4.99,4.94,4.99,3149328,5.07
2014/06/23,4.99,5.17,4.99,5.12,5739890,5.23
2014/06/24,5.09,5.13,5.05,5.11,2703561,5.21
2014/06/25,5.11,5.13,5.05,5.07,2465711,5.19
2014/06/26,5.07,5.12,5.06,5.09,5386241,5.20
2014/06/27,5.08,5.14,5.06,5.11,4910333,5.22
2014/06/30,5.13,5.22,5.11,5.19,7240562,5.28
2014/07/01,5.22,5.25,5.14,5.25,8534330,5.32
2014/07/02,5.26,5.29,5.20,5.27,7304100,5.36
2014/07/03,5.27,5.31,5.23,5.31,8090541,5.39
2014/07/04,5.30,5.51,5.28,5.40,19802634,5.55
2014/07/07,5.41,5.46,5.31,5.37,7606896,5.47
2014/07/08,5.35,5.36,5.26,5.33,6219564,5.41
2014/07/09,5.32,5.35,5.24,5.24,6485810,5.40
2014/07/10,5.23,5.28,5.21,5.24,4487759,5.35
2014/07/11,5.25,5.31,5.20,5.29,4251121,5.38
2014/07/14,5.28,5.42,5.27,5.41,7076973,5.47
2014/07/15,5.40,5.41,5.28,5.33,7533701,5.45
2014/07/16,5.32,5.43,5.29,5.40,8490992,5.48
2014/07/17,5.39,5.47,5.34,5.39,8725935,5.50
2014/07/18,5.40,5.44,5.35,5.35,6628958,5.50
2014/07/21,5.35,5.38,5.26,5.29,5168811,5.41
2014/07/22,5.28,5.37,5.24,5.36,5548928,5.44
2014/07/23,5.36,5.38,5.27,5.27,5283989,5.43
2014/07/24,5.30,5.35,5.26,5.31,6182650,5.41
2014/07/25,5.30,5.37,5.30,5.37,6379000,5.45
2014/07/28,5.40,5.52,5.39,5.49,12025029,5.57
2014/07/29,5.49,5.53,5.46,5.49,10433375,5.60
2014/07/30,5.47,5.60,5.47,5.57,12932421,5.66
2014/07/31,5.57,5.63,5.52,5.61,9140526,5.70
2014/08/01,5.61,5.86,5.56,5.58,22761490,5.83
2014/08/04,5.59,5.66,5.53,5.65,12000573,5.71
2014/08/05,5.65,5.80,5.60,5.77,12383914,5.80
2014/08/06,5.75,5.78,5.71,5.75,9708947,5.86
2014/08/07,5.75,5.80,5.60,5.62,10907136,5.80
2014/08/08,5.64,5.74,5.62,5.69,8297458,5.78
2014/08/11,5.69,5.84,5.65,5.82,13317917,5.88
2014/08/12,5.89,6.05,5.84,5.89,22305376,6.06
2014/08/13,5.89,6.05,5.84,5.89,0,5.94
2014/08/14,5.89,6.05,5.84,5.89,0,5.94
2014/08/15,5.89,6.05,5.84,5.89,0,5.94
2014/08/18,5.89,6.05,5.84,5.89,0,5.94
2014/08/19,5.89,6.05,5.84,5.89,0,5.94
2014/08/20,5.89,6.05,5.84,5.89,0,5.94
2014/08/21,5.89,6.05,5.84,5.89,0,5.94
2014/08/22,5.89,6.05,5.84,5.89,0,5.94
2014/08/25,5.89,6.05,5.84,5.89,0,5.94
2014/08/26,5.89,6.05,5.84,5.89,0,5.94
2014/08/27,5.89,6.05,5.84,5.89,0,5.94
2014/08/28,5.89,6.05,5.84,5.89,0,5.94
2014/08/29,5.89,6.05,5.84,5.89,0,5.94
2014/09/01,5.89,6.05,5.84,5.89,0,5.94
2014/09/02,5.89,6.05,5.84,5.89,0,5.94
2014/09/03,5.89,6.05,5.84,5.89,0,5.94
2014/09/04,5.89,6.05,5.84,5.89,0,5.94
2014/09/05,5.89,6.05,5.84,5.89,0,5.94
2014/09/09,5.89,6.05,5.84,5.89,0,5.94
2014/09/10,5.89,6.05,5.84,5.89,0,5.94
2014/09/11,5.89,6.05,5.84,5.89,0,5.94
2014/09/12,5.89,6.05,5.84,5.89,0,5.94
2014/09/15,5.89,6.05,5.84,5.89,0,5.94
2014/09/16,5.89,6.05,5.84,5.89,0,5.94
2014/09/17,5.89,6.05,5.84,5.89,0,5.94
2014/09/18,5.89,6.05,5.84,5.89,0,5.94
2014/09/19,5.89,6.05,5.84,5.89,0,5.94
2014/09/22,5.89,6.05,5.84,5.89,0,5.94
2014/09/23,5.89,6.05,5.84,5.89,0,5.94
2014/09/24,5.89,6.05,5.84,5.89,0,5.94
2014/09/25,5.89,6.05,5.84,5.89,0,5.94
2014/09/26,5.89,6.05,5.84,5.89,0,5.94
2014/09/29,5.89,6.05,5.84,5.89,0,5.94
2014/09/30,5.89,6.05,5.84,5.89,0,5.94
2014/10/08,5.89,6.05,5.84,5.89,0,5.94
2014/10/09,5.89,6.05,5.84,5.89,0,5.94
2014/10/10,5.89,6.05,5.84,5.89,0,5.94
2014/10/13,5.89,6.05,5.84,5.89,0,5.94
2014/10/14,5.89,6.05,5.84,5.89,0,5.94
2014/10/15,5.89,6.05,5.84,5.89,0,5.94
2014/10/16,5.89,6.05,5.84,5.89,0,5.94
2014/10/17,5.89,6.05,5.84,5.89,0,5.94
2014/10/20,5.89,6.05,5.84,5.89,0,5.94
2014/10/21,5.89,6.05,5.84,5.89,0,5.94
2014/10/22,5.89,6.05,5.84,5.89,0,5.94
2014/10/23,6.49,6.49,6.49,6.49,1129715,6.60
2014/10/24,7.15,7.15,7.15,7.15,3438203,7.26
2014/10/27,7.16,7.17,6.55,7.02,70895935,7.07
2014/10/28,6.88,7.39,6.88,7.25,46584752,7.35
2014/10/29,7.25,7.61,7.12,7.57,50206711,7.46
2014/10/30,7.44,7.73,7.40,7.54,34522093,7.70
2014/10/31,7.47,7.99,7.45,7.77,35930894,7.90
2014/11/03,7.75,8.04,7.67,8.04,29293008,8.05
2014/11/04,8.21,8.85,8.20,8.67,45446569,8.64
2014/11/05,8.55,8.94,8.22,8.58,25541909,8.71
2014/11/06,8.57,8.77,8.24,8.62,24702580,8.58
2014/11/07,8.62,9.25,8.59,8.76,32325076,9.13
2014/11/10,8.72,9.09,8.41,8.68,21772849,8.80
2014/11/11,8.59,8.66,7.89,7.94,39239033,8.32
2014/11/12,7.97,8.38,7.72,8.28,36786978,8.19
2014/11/13,8.21,8.89,8.13,8.67,37824713,8.70
2014/11/14,8.69,8.87,8.32,8.71,30007774,8.72
2014/11/17,8.61,8.75,8.51,8.61,15028281,8.74
2014/11/18,8.49,8.80,8.49,8.65,11331547,8.78
2014/11/19,8.66,9.41,8.49,9.32,37371674,9.14
2014/11/20,9.29,9.69,9.09,9.40,30839738,9.55
2014/11/21,9.50,9.82,9.21,9.29,24207566,9.63
2014/11/24,9.39,9.39,9.08,9.32,16866367,9.36
2014/11/25,9.28,9.67,9.21,9.63,20741536,9.62
2014/11/26,9.65,9.72,9.22,9.44,17963502,9.55
2014/11/27,9.44,9.57,9.14,9.34,17334878,9.47
2014/11/28,9.39,9.44,8.92,9.01,20612550,9.23
2014/12/01,8.98,8.99,8.52,8.74,21895014,8.83
2014/12/02,8.76,9.03,8.64,8.88,16339369,8.98
2014/12/03,9.05,9.49,8.85,8.98,31920285,9.24
2014/12/04,9.04,9.32,9.03,9.25,20655771,9.32
2014/12/05,9.26,9.35,8.57,8.81,26146148,8.96
2014/12/08,8.81,8.96,8.47,8.77,19804540,8.82
2014/12/09,8.80,9.02,8.49,8.70,26263741,8.89
2014/12/10,8.67,9.58,8.59,9.58,32725936,9.35
2014/12/11,9.75,10.27,9.55,9.92,28039287,10.07
2014/12/12,9.99,10.27,9.90,10.00,15974636,10.14
2014/12/15,9.98,10.24,9.70,10.19,22533245,10.22
2014/12/16,10.21,10.21,9.85,9.96,15037306,10.05
2014/12/17,9.99,10.02,9.38,9.61,17429885,9.78
2014/12/18,9.64,9.87,9.42,9.81,10437241,9.80
2014/12/19,9.79,10.11,9.67,9.92,18524936,10.07
2014/12/22,9.89,10.11,9.14,9.49,25023555,9.68
2014/12/23,9.54,9.54,8.74,8.89,15541237,9.15
2014/12/24,8.95,9.23,8.54,8.89,12274809,8.96
2014/12/25,8.95,9.23,8.54,8.89,0,8.88
2014/12/26,8.95,9.23,8.54,8.89,0,8.88
2014/12/29,8.95,9.23,8.54,8.89,0,8.88
2014/12/30,8.95,9.23,8.54,8.89,0,8.88
2014/12/31,8.95,9.23,8.54,8.89,0,8.88
2015/01/05,9.27,9.27,8.64,8.88,17496785,8.98
2015/01/06,8.88,9.28,8.88,9.14,16870519,9.24
2015/01/07,9.19,9.29,8.83,8.98,15042706,9.14
2015/01/08,8.99,9.20,8.93,9.04,11978579,9.19
2015/01/09,8.90,9.17,8.90,9.01,7317778,9.16
2015/01/12,8.92,9.16,8.86,8.89,9372894,9.11
2015/01/13,8.96,9.09,8.87,9.05,8365613,9.10
2015/01/14,9.09,9.29,9.03,9.24,10685034,9.29
2015/01/15,9.22,9.37,9.16,9.33,8881039,9.40
2015/01/16,9.34,9.40,9.09,9.36,13590109,9.33
2015/01/19,9.20,9.47,8.79,8.95,17112491,9.28
2015/01/20,9.06,9.59,9.01,9.56,19888839,9.45
2015/01/21,9.64,10.24,9.60,10.19,31435372,10.14
2015/01/22,10.39,10.44,10.00,10.10,15896680,10.26
2015/01/23,10.34,10.60,10.14,10.17,24644195,10.45
2015/01/26,10.18,10.46,10.06,10.38,21223019,10.41
2015/01/27,10.48,11.43,10.39,11.38,50090102,11.28
2015/01/28,11.19,11.74,11.12,11.37,44784578,11.60
2015/01/29,11.09,11.39,10.99,11.14,14480564,11.28
2015/01/30,11.41,11.79,10.99,11.17,22028232,11.49
2015/02/02,11.14,11.14,10.59,10.74,14592101,11.00
2015/02/03,10.65,11.03,10.40,10.88,19990701,10.85
2015/02/04,10.88,10.95,10.59,10.66,10485861,10.88
2015/02/05,10.80,10.98,10.34,10.40,13414280,10.87
2015/02/06,10.42,10.84,10.30,10.34,10084203,10.63
2015/02/09,10.34,10.45,9.89,10.13,8278826,10.29
2015/02/10,10.09,10.57,9.99,10.45,7049267,10.44
2015/02/11,10.45,11.49,10.43,10.99,16576331,11.15
2015/02/12,11.09,11.29,10.79,11.01,8738541,11.10
2015/02/13,11.06,11.23,10.96,11.04,7372813,11.15
2015/02/16,11.11,11.39,11.04,11.37,10731983,11.41
2015/02/17,11.44,11.49,11.14,11.25,9167002,11.38
2015/02/25,11.32,11.34,10.91,10.96,7028680,11.13
2015/02/26,11.02,11.48,10.93,11.47,13243515,11.35
2015/02/27,11.44,11.84,11.35,11.67,13665619,11.72
2015/03/02,11.73,12.53,11.39,12.39,19242224,12.02
2015/03/03,12.29,13.20,11.97,12.72,27096879,12.83
2015/03/04,12.55,13.95,12.39,13.77,29058101,13.49
2015/03/05,12.55,13.95,12.39,13.77,0,13.17
2015/03/06,12.55,13.95,12.39,13.77,0,13.17
2015/03/09,12.55,13.95,12.39,13.77,0,13.17
2015/03/10,12.55,13.95,12.39,13.77,0,13.17
2015/03/11,12.55,13.95,12.39,13.77,0,13.17
2015/03/12,13.89,15.09,13.01,14.02,36048933,13.97
2015/03/13,14.02,14.08,13.35,13.48,20467591,13.65
2015/03/16,13.55,14.04,13.20,13.60,24971379,13.74
2015/03/17,14.15,14.42,13.69,14.05,39668701,14.06
2015/03/18,13.70,13.94,13.54,13.79,33978625,13.85
2015/03/19,13.78,13.99,13.59,13.90,31939049,13.89
2015/03/20,13.90,13.90,13.62,13.74,18975622,13.83
2015/03/23,13.69,13.87,13.44,13.62,41536807,13.68
2015/03/24,13.57,14.08,13.15,14.06,54662758,13.75
2015/03/25,14.06,15.48,13.64,15.09,66771320,14.74
2015/03/26,14.88,15.29,14.09,14.20,35493924,14.69
2015/03/27,13.99,14.13,13.58,13.77,27130542,13.87
2015/03/30,13.77,13.86,13.37,13.69,27924327,13.68
2015/03/31,13.69,13.84,13.57,13.77,22013180,13.82
2015/04/01,13.44,14.13,13.32,13.71,30747703,13.88
2015/04/02,13.84,14.42,13.82,14.14,40234726,14.32
2015/04/03,14.15,14.89,14.07,14.89,42341313,14.74
2015/04/07,14.90,15.88,14.90,15.31,41885293,15.57
2015/04/08,15.49,15.69,14.29,14.66,30826000,15.00
2015/04/09,14.69,14.76,13.35,14.32,26057548,14.23
2015/04/10,14.39,15.00,14.09,14.89,27009350,14.80
2015/04/13,15.14,15.89,15.08,15.29,31557047,15.54
2015/04/14,15.28,16.79,14.88,16.48,49769625,16.16
2015/04/15,16.47,16.48,15.14,15.48,30696306,15.83
2015/04/16,15.30,16.54,14.89,15.44,24654450,15.77
2015/04/17,15.46,15.75,15.27,15.55,19899749,15.57
2015/04/20,15.56,15.61,14.69,14.84,27464504,15.12
2015/04/21,14.83,15.69,14.76,15.60,25080124,15.43
2015/04/22,15.89,17.17,15.89,17.17,50355148,16.99
2015/04/23,17.88,18.44,17.24,17.79,45487384,17.96
2015/04/24,17.39,18.02,16.88,17.54,26772253,17.58
2015/04/27,17.61,18.14,17.06,17.89,35715723,17.77
2015/04/28,17.99,18.72,16.99,17.48,46963232,18.12
2015/04/29,17.38,18.09,16.58,17.73,30841595,17.83
2015/04/30,18.59,19.51,18.49,19.51,20877710,19.46
2015/05/04,20.39,20.47,18.75,18.80,34490822,19.43
2015/05/05,18.82,20.44,18.81,19.59,36879432,19.70
2015/05/06,19.35,21.10,18.39,20.59,36514596,20.24
2015/05/07,19.35,21.10,18.39,20.59,0,19.75
2015/05/08,19.35,21.10,18.39,20.59,0,19.75
2015/05/11,19.35,21.10,18.39,20.59,0,19.75
2015/05/12,19.35,21.10,18.39,20.59,0,19.75
2015/05/13,22.66,22.66,22.66,22.66,544850,22.77
2015/05/14,24.94,24.94,22.89,23.20,68881995,24.23
2015/05/15,22.20,23.09,20.89,22.66,46821252,21.98
2015/05/18,22.58,22.58,21.67,21.79,34506988,22.08
2015/05/19,21.79,23.19,21.69,22.44,30144067,22.41
2015/05/20,22.59,23.89,22.19,23.19,36356657,23.29
2015/05/21,23.19,24.40,22.90,24.36,30792513,23.89
2015/05/22,24.57,26.49,24.57,25.62,45746021,25.90
2015/05/25,25.96,26.54,25.20,26.01,36607206,25.96
2015/05/26,25.96,26.54,25.20,26.01,0,25.87
2015/05/27,25.96,26.54,25.20,26.01,0,25.87
2015/05/28,25.96,26.54,25.20,26.01,0,25.87
2015/05/29,25.96,26.54,25.20,26.01,0,25.87
2015/06/01,25.96,26.54,25.20,26.01,0,25.87
2015/06/02,25.96,26.54,25.20,26.01,0,25.87
2015/06/03,25.96,26.54,25.20,26.01,0,25.87
2015/06/04,25.96,26.54,25.20,26.01,0,25.87
2015/06/05,25.96,26.54,25.20,26.01,0,25.87
2015/06/08,25.96,26.54,25.20,26.01,0,25.87
2015/06/09,25.96,26.54,25.20,26.01,0,25.87
2015/06/10,25.96,26.54,25.20,26.01,0,25.87
2015/06/11,25.96,26.54,25.20,26.01,0,25.87
2015/06/12,25.96,26.54,25.20,26.01,0,25.87
2015/06/15,25.96,26.54,25.20,26.01,0,25.87
2015/06/16,25.96,26.54,25.20,26.01,0,25.87
2015/06/17,25.96,26.54,25.20,26.01,0,25.87
2015/06/18,25.96,26.54,25.20,26.01,0,25.87
2015/06/19,25.96,26.54,25.20,26.01,0,25.87
2015/06/23,25.96,26.54,25.20,26.01,0,25.87
2015/06/24,25.96,26.54,25.20,26.01,0,25.87
2015/06/25,25.96,26.54,25.20,26.01,0,25.87
2015/06/26,25.96,26.54,25.20,26.01,0,25.87
2015/06/29,25.96,26.54,25.20,26.01,0,25.87
2015/06/30,25.96,26.54,25.20,26.01,0,25.87
2015/07/01,25.96,26.54,25.20,26.01,0,25.87
2015/07/02,25.96,26.54,25.20,26.01,0,25.87
2015/07/03,25.96,26.54,25.20,26.01,0,25.87
2015/07/06,25.96,26.54,25.20,26.01,0,25.87
2015/07/07,25.96,26.54,25.20,26.01,0,25.87
2015/07/08,25.96,26.54,25.20,26.01,0,25.87
2015/07/09,25.96,26.54,25.20,26.01,0,25.87
2015/07/10,25.96,26.54,25.20,26.01,0,25.87
2015/07/13,25.96,26.54,25.20,26.01,0,25.87
2015/07/14,25.96,26.54,25.20,26.01,0,25.87
2015/07/15,25.96,26.54,25.20,26.01,0,25.87
2015/07/16,25.96,26.54,25.20,26.01,0,25.87
2015/07/17,25.96,26.54,25.20,26.01,0,25.87
2015/07/20,25.96,26.54,25.20,26.01,0,25.87
2015/07/21,25.96,26.54,25.20,26.01,0,25.87
2015/07/22,25.96,26.54,25.20,26.01,0,25.87
2015/07/23,25.96,26.54,25.20,26.01,0,25.87
2015/07/24,25.96,26.54,25.20,26.01,0,25.87
2015/07/27,25.96,26.54,25.20,26.01,0,25.87
2015/07/28,23.40,23.40,23.40,23.40,734600,23.51
2015/07/29,21.05,21.05,21.05,21.05,601900,21.16
2015/07/30,18.93,18.93,18.93,18.93,1985700,19.04
2015/07/31,17.03,17.03,17.03,17.03,1724300,17.14
2015/08/03,15.32,15.32,15.32,15.32,1232100,15.43
2015/08/04,13.78,16.86,13.78,16.78,178584787,15.32
2015/08/05,15.19,15.89,15.09,15.09,134402279,15.60
2015/08/06,14.02,14.59,13.68,13.78,77666609,14.17
2015/08/07,14.08,14.89,14.07,14.62,75919087,14.54
2015/08/10,14.79,15.99,14.40,15.51,97304462,15.16
2015/08/11,15.52,15.54,14.89,15.08,75188874,15.31
2015/08/12,14.79,15.35,14.61,14.79,47109496,15.10
2015/08/13,14.93,15.19,14.36,15.09,52097294,14.93
2015/08/14,15.25,15.35,14.79,14.89,56084000,15.10
2015/08/17,14.90,15.04,14.66,14.99,47226777,14.97
2015/08/18,15.06,15.07,13.48,13.48,53444984,14.44
2015/08/19,12.86,13.87,12.19,13.54,49195798,12.98
2015/08/20,13.19,13.38,12.59,12.62,33988840,13.11
2015/08/21,12.27,12.47,11.35,11.36,42908088,11.96
2015/08/24,10.59,10.67,10.21,10.21,27595439,10.40
2015/08/25,9.18,9.44,9.18,9.18,27700776,9.33
2015/08/26,9.14,9.51,8.25,8.25,59669276,8.86
2015/08/27,8.48,9.09,8.09,9.09,58517720,8.76
2015/08/28,9.34,10.01,9.14,10.01,71025115,9.77
2015/08/31,10.24,10.70,9.59,10.01,79234756,10.42
2015/09/01,9.68,9.79,9.00,9.00,44543249,9.33
2015/09/02,8.17,9.39,8.17,8.19,44864692,8.75
2015/09/07,8.44,8.91,8.40,8.59,41549109,8.76
2015/09/08,8.54,9.46,8.39,9.46,41657265,9.00
2015/09/09,9.69,10.26,9.50,9.93,76634672,9.99
2015/09/10,9.64,9.84,9.49,9.52,42892029,9.79
2015/09/11,9.51,9.95,9.47,9.82,38085723,9.84
2015/09/14,9.85,9.94,8.83,8.83,38286235,9.37
2015/09/15,8.35,8.54,7.94,7.94,40232228,8.24
2015/09/16,7.94,8.75,7.80,8.75,46193473,8.32
2015/09/17,8.69,9.04,8.28,8.29,52112057,8.80
2015/09/18,8.39,8.54,8.09,8.31,28150546,8.42
2015/09/21,8.13,8.80,8.10,8.73,34967993,8.62
2015/09/22,8.74,8.96,8.59,8.83,43927315,8.93
2015/09/23,8.63,8.84,8.54,8.64,33497420,8.79
2015/09/24,8.70,9.52,8.70,9.52,78865124,9.40
2015/09/25,9.69,9.69,8.80,9.01,70818896,9.40
2015/09/28,9.09,9.43,8.72,9.38,43807465,9.28
2015/09/29,9.17,9.38,8.98,9.12,37841844,9.26
2015/09/30,9.14,9.29,8.92,9.09,25015861,9.21
2015/10/08,9.57,9.71,9.30,9.53,51788171,9.64
2015/10/09,9.56,10.49,9.50,10.49,79363576,10.19
2015/10/12,10.89,11.55,10.74,11.49,99743635,11.29
2015/10/13,11.16,11.82,11.09,11.66,74374652,11.51
2015/10/14,11.85,12.25,11.37,11.38,74043574,11.83
2015/10/15,11.39,11.84,11.14,11.76,85783502,11.61
2015/10/16,11.70,11.80,11.24,11.58,85396908,11.63
2015/10/19,11.57,11.58,11.09,11.35,58909606,11.45
2015/10/20,11.29,11.79,11.19,11.66,72499421,11.71
2015/10/21,11.59,12.09,10.48,10.48,88468671,11.45
2015/10/22,10.45,10.99,10.10,10.99,55517585,10.70
2015/10/23,10.89,11.31,10.77,11.20,55421687,11.14
2015/10/26,11.59,12.33,11.39,12.33,143544175,12.24
2015/10/27,12.33,12.33,11.39,12.06,100165194,12.03
2015/10/28,11.89,12.37,11.51,11.63,66661095,12.11
2015/10/29,11.82,12.19,11.49,11.86,52962639,11.94
2015/10/30,11.70,11.77,11.19,11.56,43477136,11.67
2015/11/02,11.29,11.97,11.15,11.49,43492015,11.79
2015/11/03,11.93,12.19,11.58,11.78,54554708,11.95
2015/11/04,11.79,12.74,11.60,12.55,86002057,12.34
2015/11/05,12.61,13.04,12.13,12.30,80318587,12.63
2015/11/06,12.19,13.16,12.19,12.80,70262804,12.77
2015/11/09,12.79,13.14,12.39,12.81,68468255,12.90
2015/11/10,12.92,13.37,12.66,12.97,72687315,13.15
2015/11/11,12.76,13.14,12.66,12.98,50548508,12.96
2015/11/12,13.08,13.36,12.69,13.17,59336116,13.12
2015/11/13,12.89,13.12,12.69,12.71,43458096,12.98
2015/11/16,12.26,12.76,12.16,12.74,30663343,12.62
2015/11/17,12.89,13.74,12.89,13.18,79048767,13.41
2015/11/18,13.18,13.45,12.66,12.75,50216284,13.25
2015/11/19,12.84,12.99,12.57,12.99,35833858,12.92
2015/11/20,13.04,13.35,13.04,13.15,46118055,13.30
2015/11/23,13.15,13.29,12.91,12.94,40495718,13.20
2015/11/24,12.92,13.49,12.59,13.47,53415651,13.20
2015/11/25,13.47,14.34,13.39,14.02,76580294,14.07
2015/11/26,14.24,14.69,13.90,14.30,74953252,14.40
2015/11/27,14.19,14.28,12.86,12.91,60826470,13.76
2015/11/30,12.87,13.29,11.83,13.22,50137507,12.89
2015/12/01,13.09,13.39,12.79,13.39,38858784,13.12
2015/12/02,13.39,13.52,12.57,13.11,34880462,13.22
2015/12/03,13.12,13.75,12.99,13.67,44001382,13.46
2015/12/04,13.49,14.32,13.42,14.05,70400658,13.99
2015/12/07,14.00,14.45,13.82,14.43,63682010,14.31
2015/12/08,14.26,14.45,13.69,13.75,53224264,14.13
2015/12/09,13.50,13.70,13.20,13.58,40207199,13.55
2015/12/10,13.59,13.62,13.02,13.09,35739715,13.43
2015/12/11,12.89,13.02,12.54,12.77,33377892,12.84
2015/12/14,12.66,13.09,12.49,13.03,23131741,12.86
2015/12/15,12.99,13.24,12.91,12.96,22483864,13.18
2015/12/16,13.08,13.19,12.91,12.97,22582219,13.14
2015/12/17,13.06,13.64,13.06,13.57,44701877,13.45
2015/12/18,13.56,13.96,13.39,13.73,47572959,13.78
2015/12/21,13.72,14.05,13.47,13.92,45222477,13.85
2015/12/22,14.04,14.24,13.70,14.06,49334033,14.10
2015/12/23,14.07,14.07,13.47,13.50,42287953,13.85
2015/12/24,13.59,13.88,13.36,13.80,35750138,13.75
2015/12/25,13.77,13.77,13.47,13.68,28295267,13.72
2015/12/28,13.71,13.76,12.84,12.89,41300298,13.41
2015/12/29,12.90,13.03,12.71,13.02,18391956,12.98
2015/12/30,13.09,13.14,12.82,12.99,17574781,13.08
2015/12/31,13.04,13.18,12.84,13.01,19229465,13.14
2016/01/04,13.03,13.11,11.70,11.70,22631942,12.56
2016/01/05,10.89,11.79,10.58,11.16,28381971,11.33
2016/01/06,11.19,11.45,11.09,11.39,18882270,11.39
2016/01/07,11.16,11.16,10.24,10.24,5868936,10.71
2016/01/08,10.59,10.73,9.39,10.24,25140989,10.33
2016/01/11,9.99,10.23,9.21,9.21,23765814,9.82
2016/01/12,9.31,9.38,8.84,9.20,19355045,9.27
2016/01/13,9.24,9.43,8.79,8.80,17665822,9.24
2016/01/14,8.39,9.17,8.34,9.13,18987610,8.96
2016/01/15,9.11,9.53,8.99,9.20,28952612,9.31
2016/01/18,9.09,9.46,8.90,9.30,25497101,9.38
2016/01/19,9.30,9.84,9.16,9.77,32721833,9.61
2016/01/20,9.77,10.15,9.61,9.81,34296911,10.01
2016/01/21,9.61,9.84,9.05,9.08,22980995,9.68
2016/01/22,9.28,9.35,8.85,9.28,19965792,9.26
2016/01/25,9.39,9.48,9.25,9.45,16055738,9.50
2016/01/26,9.30,9.36,8.49,8.49,20864976,9.05
2016/01/27,8.61,8.67,7.69,8.38,23055589,8.30
2016/01/28,8.43,8.82,8.04,8.14,27895798,8.61
2016/01/29,8.14,8.55,7.90,8.46,23294688,8.41
2016/02/01,8.39,8.52,8.09,8.27,16407522,8.45
2016/02/02,8.26,8.57,8.25,8.51,17370127,8.59
2016/02/03,8.40,8.62,8.36,8.57,15284141,8.58
2016/02/04,8.57,8.80,8.57,8.72,17460813,8.82
2016/02/05,8.74,8.84,8.61,8.61,12191142,8.82
2016/02/15,8.27,8.52,8.11,8.40,11621262,8.43
2016/02/16,8.48,8.92,8.47,8.89,19883710,8.85
2016/02/17,8.87,9.00,8.77,8.98,21704948,9.00
2016/02/18,9.13,9.13,8.90,8.93,21345173,9.10
2016/02/19,8.89,9.08,8.86,8.96,20596287,9.09
2016/02/22,9.08,9.34,8.99,9.29,29004787,9.30
2016/02/23,9.33,9.40,9.00,9.27,23678138,9.31
2016/02/24,9.17,9.30,8.94,9.22,25026651,9.24
2016/02/25,9.18,9.21,8.29,8.29,30488323,8.85
2016/02/26,8.42,8.45,8.01,8.24,17105991,8.36
2016/02/29,8.18,8.19,7.45,7.56,19554903,7.76
2016/03/01,7.58,7.83,7.48,7.76,14489150,7.77
2016/03/02,7.84,8.23,7.73,8.17,20237362,8.10
2016/03/03,8.33,8.47,8.19,8.26,24208910,8.42
2016/03/04,8.20,8.26,7.70,7.89,22442559,8.12
2016/03/07,7.99,8.29,7.97,8.14,17809496,8.22
2016/03/08,8.08,8.19,7.72,8.17,19103481,8.09
2016/03/09,8.00,8.04,7.86,7.91,13045926,8.06
2016/03/10,7.95,8.00,7.72,7.75,11067436,7.97
2016/03/11,7.60,7.77,7.60,7.71,9404356,7.79
2016/03/14,7.86,8.09,7.79,8.02,18737366,8.11
2016/03/15,8.04,8.77,7.90,8.24,33068430,8.42
2016/03/16,8.17,8.45,8.14,8.16,22323122,8.37
2016/03/17,8.17,8.47,8.14,8.40,25230121,8.43
2016/03/18,8.44,8.74,8.35,8.69,34289064,8.69
2016/03/21,8.83,9.01,8.71,8.94,33912128,8.96
2016/03/22,8.97,9.19,8.85,8.88,38276919,9.12
2016/03/23,8.81,8.95,8.74,8.92,26530647,8.94
2016/03/24,8.83,8.84,8.61,8.63,22499944,8.84
2016/03/25,8.62,8.86,8.62,8.85,20200392,8.87
2016/03/28,8.98,9.13,8.77,8.82,29121315,9.09
2016/03/29,8.79,8.84,8.52,8.60,16039832,8.76
2016/03/30,8.66,8.97,8.66,8.90,21228819,8.95
2016/03/31,8.96,9.10,8.87,8.97,22216470,9.08
2016/04/01,8.93,8.95,8.69,8.87,17692566,8.91
2016/04/05,8.94,9.13,8.87,9.11,24517958,9.14
2016/04/06,9.09,9.28,8.97,9.26,30243913,9.22
2016/04/07,9.21,9.32,8.93,8.97,23937866,9.23
2016/04/08,8.86,8.92,8.71,8.85,16576053,8.93
2016/04/11,8.92,9.13,8.92,9.01,16984901,9.15
2016/04/12,9.03,9.06,8.79,8.93,14575791,9.03
2016/04/13,8.96,9.19,8.96,9.10,28362000,9.22
2016/04/14,9.16,9.23,9.06,9.19,24711627,9.27
2016/04/15,9.25,9.34,9.16,9.22,27473251,9.34
2016/04/18,9.17,9.17,8.91,8.99,16971997,9.11
2016/04/19,9.06,9.09,8.94,9.02,12859818,9.12
2016/04/20,9.04,9.06,8.18,8.44,26592268,8.71
2016/04/21,8.39,8.49,8.21,8.24,15704049,8.48
2016/04/22,8.29,8.37,8.19,8.33,10401769,8.41
2016/04/25,8.34,8.34,8.05,8.22,11712089,8.24
2016/04/26,8.25,8.35,8.18,8.34,10261445,8.38
2016/04/27,8.37,8.43,8.28,8.30,10297128,8.46
2016/04/28,8.33,8.34,8.00,8.22,11294840,8.28
2016/04/29,8.15,8.23,8.10,8.19,7230089,8.29
2016/05/03,8.27,8.45,8.18,8.44,12784835,8.47
2016/05/04,8.45,8.86,8.38,8.65,23123793,8.74
2016/05/05,8.64,8.72,8.50,8.67,13978061,8.73
2016/05/06,8.74,8.81,8.26,8.27,19022121,8.64
2016/05/09,8.18,8.18,7.77,7.84,15537098,8.05
2016/05/10,7.99,8.05,7.85,7.92,11216691,8.07
2016/05/11,7.95,8.07,7.90,7.94,11098628,8.09
2016/05/12,7.79,7.85,7.68,7.83,9703831,7.88
2016/05/13,7.88,7.94,7.74,7.80,8685108,7.95
2016/05/16,7.74,7.93,7.69,7.92,8022576,7.95
2016/05/17,7.99,7.99,7.81,7.91,8631311,8.01
2016/05/18,7.82,7.85,7.53,7.65,9899271,7.78
2016/05/19,7.73,7.81,7.64,7.66,7498186,7.84
2016/05/20,7.66,7.72,7.57,7.71,7292217,7.75
2016/05/23,7.78,7.82,7.71,7.79,9636778,7.89
2016/05/24,7.83,7.83,7.63,7.68,8303615,7.81
2016/05/25,7.72,7.80,7.65,7.69,7779930,7.84
2016/05/26,7.68,7.73,7.45,7.67,8520909,7.68
2016/05/27,7.73,8.37,7.70,8.20,38520817,8.21
2016/05/30,8.09,8.24,7.95,8.16,21466137,8.22
2016/05/31,8.19,8.51,8.11,8.44,28799245,8.46
2016/06/01,8.39,8.49,8.32,8.37,22590846,8.50
2016/06/02,8.35,8.53,8.30,8.51,20516800,8.51
2016/06/03,8.57,8.57,8.38,8.43,19129266,8.56
2016/06/06,8.42,8.42,8.28,8.34,14017377,8.44
2016/06/07,8.37,8.44,8.31,8.40,12163810,8.47
2016/06/08,8.41,8.47,8.29,8.35,12243721,8.47
2016/06/13,8.19,8.24,7.69,7.75,15561976,8.16
2016/06/14,7.76,7.82,7.69,7.81,8875020,7.88
2016/06/15,7.70,8.07,7.67,8.00,11917500,8.05
2016/06/16,8.01,8.03,7.89,7.92,9600312,8.07
2016/06/17,8.00,8.10,7.94,8.00,10624345,8.14
2016/06/20,8.06,8.06,7.87,8.02,7671734,8.08
2016/06/21,8.09,8.14,7.92,7.95,9722731,8.15
2016/06/22,7.94,8.02,7.92,8.02,9105040,8.08
2016/06/23,8.14,8.51,8.11,8.33,32479181,8.46
2016/06/24,8.33,8.35,7.82,8.10,22478969,8.25
2016/06/27,8.03,8.27,8.01,8.26,13889543,8.18
2016/06/28,8.23,8.54,8.18,8.46,23845966,8.42
2016/06/29,8.59,8.60,8.39,8.44,16767863,8.47
2016/06/30,8.50,8.54,8.37,8.44,11409932,8.43
2016/07/01,8.45,8.49,8.38,8.40,10685258,8.42
2016/07/04,8.31,8.67,8.31,8.63,23210002,8.55
2016/07/05,8.80,8.80,8.59,8.60,21632029,8.68
2016/07/06,8.60,8.67,8.55,8.63,13001363,8.62
2016/07/07,8.63,8.65,8.47,8.58,14144190,8.57
2016/07/08,8.58,8.64,8.52,8.55,10077729,8.58
2016/07/11,8.57,8.79,8.53,8.64,20100674,8.67
2016/07/12,8.65,8.70,8.46,8.70,15398325,8.61
2016/07/13,8.73,9.15,8.71,9.02,33901514,8.96
2016/07/14,9.00,9.00,8.79,8.93,19843257,8.89
2016/07/15,8.93,8.95,8.84,8.88,9950173,8.89
2016/07/18,8.89,8.89,8.72,8.78,8976776,8.80
2016/07/19,8.76,8.76,8.59,8.74,12313934,8.68
2016/07/20,8.75,8.77,8.68,8.70,9318613,8.73
2016/07/21,8.69,8.98,8.65,8.73,23509644,8.84
2016/07/22,8.70,8.94,8.70,8.87,20775328,8.84
2016/07/25,8.91,9.66,8.90,9.51,58231809,9.31
2016/07/26,9.45,9.75,9.41,9.63,39859500,9.59
2016/07/27,9.66,10.10,9.30,9.77,72849200,9.74
2016/07/28,9.65,9.77,9.45,9.64,38078800,9.59
2016/07/29,9.69,9.95,9.32,9.38,32167662,9.62
2016/08/01,9.25,9.25,8.65,9.14,22527619,8.97
2016/08/02,9.08,9.32,9.05,9.25,13518247,9.21
2016/08/03,9.20,9.32,9.05,9.14,14583631,9.17
2016/08/04,9.15,9.26,8.96,9.18,13201791,9.11
2016/08/05,9.23,9.65,9.10,9.57,33240357,9.44
2016/08/08,9.55,10.53,9.42,10.35,54580258,9.96
2016/08/09,9.55,10.53,9.42,10.35,0,9.97
