Date, SZ002145.Open, SZ002145.High, SZ002145.Low, SZ002145.Close, SZ002145.Volume, SZ002145.Adjusted
2007/08/03,10.77,11.70,9.07,11.18,35857844,10.38
2007/08/06,10.06,11.70,10.06,10.84,17077961,10.88
2007/08/07,10.67,11.92,10.47,11.92,17402742,11.20
2007/08/08,11.67,11.86,10.73,11.07,15241806,11.29
2007/08/09,10.73,10.82,10.13,10.18,9602052,10.48
2007/08/10,10.00,11.00,9.18,10.65,12250378,10.09
2007/08/13,10.15,10.48,9.90,9.95,5320256,10.19
2007/08/14,9.83,10.23,9.74,9.96,3214111,9.99
2007/08/15,9.86,10.23,9.74,9.99,3325665,9.99
2007/08/16,9.86,9.87,9.50,9.61,3607796,9.68
2007/08/17,9.61,9.82,9.53,9.63,2626420,9.67
2007/08/20,9.63,9.83,9.63,9.73,2970814,9.73
2007/08/21,9.73,9.73,9.50,9.52,3680939,9.62
2007/08/22,9.43,9.83,9.21,9.69,5344636,9.52
2007/08/23,9.69,9.73,9.33,9.40,2827420,9.53
2007/08/24,9.40,9.57,9.33,9.49,2624768,9.45
2007/08/27,9.50,9.56,9.23,9.30,3121605,9.40
2007/08/28,9.20,10.23,9.20,10.23,12006221,9.71
2007/08/29,10.10,10.67,9.80,9.97,8613214,10.24
2007/08/30,9.89,10.06,9.50,9.68,3133551,9.78
2007/08/31,9.70,9.82,9.57,9.69,2040123,9.70
2007/09/03,9.73,9.77,9.53,9.58,2862792,9.65
2007/09/04,9.65,9.65,9.34,9.41,2430336,9.50
2007/09/05,9.41,9.58,9.34,9.50,1669719,9.46
2007/09/06,9.48,9.56,9.37,9.42,1743928,9.46
2007/09/07,9.43,9.43,9.06,9.09,3805892,9.25
2007/09/10,8.83,9.06,8.67,8.82,2627770,8.87
2007/09/11,8.94,9.10,8.45,8.46,2107469,8.77
2007/09/12,8.46,8.69,7.90,8.28,2935374,8.29
2007/09/13,8.28,8.33,8.07,8.16,2041465,8.20
2007/09/14,8.17,8.97,8.17,8.97,3110759,8.57
2007/09/17,9.27,9.27,8.74,8.76,4383510,9.00
2007/09/18,8.76,8.78,8.30,8.35,2791873,8.54
2007/09/19,8.33,8.53,8.15,8.43,1697752,8.34
2007/09/20,8.43,8.78,8.43,8.49,1905069,8.60
2007/09/21,8.56,8.57,8.10,8.16,1616468,8.33
2007/09/24,8.12,8.68,7.83,8.39,3028695,8.25
2007/09/25,8.33,8.33,8.02,8.03,1179915,8.17
2007/09/26,8.07,8.17,7.90,7.95,826475,8.04
2007/09/27,7.93,8.19,7.88,8.06,1110461,8.03
2007/09/28,8.19,8.19,7.98,8.07,1229840,8.08
2007/10/08,8.10,8.20,7.96,8.08,1335001,8.08
2007/10/09,8.08,8.30,7.96,8.25,1919002,8.13
2007/10/10,8.19,8.30,8.02,8.06,1485619,8.16
2007/10/11,8.07,8.27,8.05,8.16,1943185,8.16
2007/10/12,8.18,8.25,7.40,7.92,2504718,7.83
2007/10/15,7.83,8.60,7.56,8.34,4697692,8.08
2007/10/16,8.34,8.34,7.90,8.04,1766798,8.12
2007/10/17,8.03,8.09,7.83,7.84,1534085,7.96
2007/10/18,7.83,7.84,7.58,7.61,1250067,7.71
2007/10/19,7.70,7.76,7.53,7.60,862501,7.65
2007/10/22,7.54,7.60,6.86,6.95,1405122,7.23
2007/10/23,6.95,7.07,6.57,6.78,1568997,6.82
2007/10/24,6.86,6.96,6.67,6.67,1146640,6.81
2007/10/25,6.68,6.85,6.00,6.00,1718006,6.42
2007/10/26,5.95,6.10,5.67,5.73,1565231,5.88
2007/10/29,5.73,5.93,5.51,5.93,1999400,5.72
2007/10/30,5.78,5.83,5.57,5.76,1850332,5.70
2007/10/31,5.79,6.23,5.77,6.22,2910756,6.00
2007/11/01,6.13,6.13,5.66,5.68,1977032,5.90
2007/11/02,5.59,5.67,5.24,5.30,2183548,5.46
2007/11/05,4.95,5.70,4.87,5.61,9488214,5.29
2007/11/06,5.40,5.82,5.27,5.63,6810972,5.54
2007/11/07,5.55,5.80,5.33,5.46,4470293,5.56
2007/11/08,5.45,5.45,5.06,5.08,2889005,5.25
2007/11/09,5.04,5.26,5.03,5.16,2040164,5.15
2007/11/12,5.13,5.42,5.05,5.40,3181351,5.23
2007/11/13,5.43,5.76,5.28,5.65,4617176,5.52
2007/11/14,5.56,5.87,5.52,5.78,5773822,5.69
2007/11/15,5.83,5.83,5.56,5.57,3293672,5.69
2007/11/16,5.50,5.83,5.42,5.80,3858768,5.63
2007/11/19,5.93,6.33,5.87,6.10,6278943,6.10
2007/11/20,6.00,6.16,5.93,6.00,3472763,6.04
2007/11/21,5.93,6.34,5.93,6.28,4836208,6.13
2007/11/22,6.20,6.23,5.65,5.67,3623379,5.94
2007/11/23,5.60,5.72,5.30,5.55,2362764,5.51
2007/11/26,5.60,5.72,5.30,5.55,0,5.51
2007/11/27,5.46,5.47,5.23,5.33,2048307,5.35
2007/11/28,5.33,5.55,5.32,5.36,1129666,5.44
2007/11/29,5.42,5.62,5.42,5.49,1460366,5.52
2007/11/30,5.50,5.58,5.29,5.32,1263326,5.44
2007/12/03,5.32,5.38,5.20,5.32,1204060,5.29
2007/12/04,5.33,5.42,5.27,5.28,846364,5.34
2007/12/05,5.30,5.64,5.26,5.64,2660341,5.45
2007/12/06,5.67,5.82,5.59,5.77,2457007,5.71
2007/12/07,5.78,5.85,5.67,5.78,1656391,5.76
2007/12/10,5.70,6.00,5.65,5.93,2393633,5.83
2007/12/11,5.93,5.99,5.80,5.90,2166417,5.90
2007/12/12,5.87,5.88,5.70,5.77,1894468,5.79
2007/12/13,5.77,6.12,5.73,5.82,3478613,5.93
2007/12/14,5.79,6.03,5.74,6.03,2351610,5.89
2007/12/17,6.07,6.18,5.97,6.00,2336938,6.07
2007/12/18,5.99,6.00,5.77,5.79,1268840,5.88
2007/12/19,5.80,6.05,5.80,5.95,1348076,5.92
2007/12/20,5.98,6.06,5.84,6.05,2110033,5.95
2007/12/21,6.03,6.27,5.98,6.19,3148109,6.13
2007/12/24,6.19,6.33,6.12,6.13,3461554,6.23
2007/12/25,6.05,6.75,6.05,6.75,6282192,6.40
2007/12/26,6.82,7.40,6.69,7.20,10029961,7.05
2007/12/27,7.19,7.39,7.06,7.22,5748849,7.22
2007/12/28,7.22,7.30,7.06,7.09,2992517,7.18
2008/01/02,7.22,7.30,7.06,7.09,0,7.18
2008/01/03,7.23,7.59,7.12,7.17,3862347,7.35
2008/01/04,7.13,7.45,7.13,7.23,2838795,7.29
2008/01/07,7.17,7.50,6.86,7.34,4564107,7.18
2008/01/08,7.33,7.50,7.07,7.09,3253852,7.29
2008/01/09,6.87,7.17,6.87,7.09,2303227,7.02
2008/01/10,7.09,7.10,6.90,6.92,2932677,7.00
2008/01/11,6.93,7.00,6.83,6.99,2096375,6.92
2008/01/14,6.93,7.00,6.83,6.99,0,6.92
2008/01/15,7.00,7.31,7.00,7.25,2674991,7.15
2008/01/16,7.20,7.20,6.90,6.93,1771357,7.05
2008/01/17,6.93,7.08,6.33,6.49,2196591,6.71
2008/01/18,6.93,7.08,6.33,6.49,0,6.71
2008/01/21,6.69,7.12,6.50,6.71,2752063,6.81
2008/01/22,6.50,6.50,6.04,6.04,2459617,6.27
2008/01/23,6.00,6.33,5.47,6.13,2340639,5.90
2008/01/24,6.13,6.19,5.88,6.09,1952147,6.04
2008/01/25,6.07,6.10,5.83,5.93,1456441,5.96
2008/01/28,5.93,5.95,5.34,5.34,1914641,5.65
2008/01/29,5.34,5.48,5.04,5.27,1328329,5.26
2008/01/30,5.35,5.63,5.32,5.41,1382235,5.48
2008/01/31,5.40,5.53,5.27,5.29,747503,5.40
2008/02/01,5.33,5.43,4.89,5.01,1009467,5.16
2008/02/04,5.44,5.51,5.08,5.51,1230452,5.29
2008/02/05,5.53,5.64,5.35,5.60,1199497,5.49
2008/02/13,5.60,5.60,5.39,5.46,772234,5.49
2008/02/14,5.46,5.58,5.46,5.53,690783,5.52
2008/02/15,5.52,5.52,5.41,5.46,454739,5.46
2008/02/18,5.57,5.69,5.52,5.66,860473,5.60
2008/02/19,5.67,5.83,5.58,5.81,1040207,5.71
2008/02/20,5.82,6.05,5.78,5.82,1553967,5.92
2008/02/21,5.78,5.90,5.63,5.84,970281,5.77
2008/02/22,5.90,5.90,5.53,5.57,779783,5.72
2008/02/25,5.53,5.57,5.24,5.25,1012690,5.41
2008/02/26,5.37,5.46,5.18,5.38,617903,5.32
2008/02/27,5.40,5.57,5.39,5.53,465098,5.48
2008/02/28,5.53,5.56,5.33,5.42,870932,5.44
2008/02/29,5.40,5.53,5.39,5.52,675827,5.46
2008/03/03,5.47,5.79,5.44,5.70,1159510,5.62
2008/03/04,5.71,5.82,5.63,5.64,1071909,5.73
2008/03/05,5.64,5.73,5.53,5.72,1005232,5.63
2008/03/06,5.77,5.83,5.65,5.74,1305942,5.74
2008/03/07,5.74,6.00,5.67,5.93,2663790,5.83
2008/03/10,5.96,6.00,5.74,5.75,2074054,5.87
2008/03/11,5.71,5.71,5.40,5.71,975999,5.56
2008/03/12,5.73,5.81,5.53,5.53,684110,5.67
2008/03/13,5.47,5.47,5.02,5.20,1022855,5.24
2008/03/14,5.20,5.32,5.16,5.24,505919,5.24
2008/03/17,5.17,5.27,4.72,4.72,872318,4.99
2008/03/18,4.72,4.89,4.25,4.28,1219099,4.57
2008/03/19,4.33,4.53,4.30,4.45,972835,4.42
2008/03/20,4.45,4.68,4.27,4.62,891368,4.47
2008/03/21,4.63,4.81,4.59,4.73,839681,4.70
2008/03/24,4.82,4.83,4.50,4.55,704324,4.67
2008/03/25,4.50,4.66,4.44,4.65,571880,4.55
2008/03/26,4.64,4.79,4.54,4.65,594926,4.67
2008/03/27,4.60,4.60,4.24,4.24,660870,4.42
2008/03/28,4.23,4.41,4.07,4.40,787920,4.24
2008/03/31,4.40,4.40,4.19,4.21,526251,4.30
2008/04/01,4.21,4.28,3.79,3.79,718911,4.04
2008/04/02,3.81,3.99,3.42,3.47,1176668,3.71
2008/04/03,3.47,3.60,3.35,3.55,806082,3.48
2008/04/07,3.55,3.80,3.47,3.77,916971,3.64
2008/04/08,3.77,3.93,3.73,3.81,1025161,3.83
2008/04/09,3.77,3.91,3.60,3.68,952315,3.76
2008/04/10,3.35,3.93,3.35,3.93,2322549,3.64
2008/04/11,3.90,4.15,3.78,4.03,2970348,3.97
2008/04/14,3.83,3.93,3.63,3.63,1161048,3.78
2008/04/15,3.50,3.76,3.46,3.73,819875,3.61
2008/04/16,3.72,3.72,3.50,3.53,559359,3.61
2008/04/17,3.51,3.60,3.27,3.33,931249,3.44
2008/04/18,3.39,3.40,3.07,3.09,933998,3.23
2008/04/21,3.28,3.33,3.00,3.02,1049134,3.17
2008/04/22,2.94,3.02,2.72,2.90,991337,2.87
2008/04/23,2.93,3.19,2.88,3.19,2165266,3.03
2008/04/24,3.48,3.51,3.37,3.51,3577215,3.44
2008/04/25,3.50,3.59,3.40,3.43,2857889,3.49
2008/04/28,3.43,3.43,3.24,3.29,1407012,3.34
2008/04/29,3.30,3.39,3.27,3.30,1028305,3.33
2008/04/30,3.33,3.44,3.29,3.41,1633069,3.36
2008/05/05,3.40,3.63,3.39,3.58,1807231,3.51
2008/05/06,3.56,3.70,3.44,3.64,2452407,3.57
2008/05/07,3.60,4.01,3.49,3.83,5413823,3.75
2008/05/08,3.73,4.00,3.64,3.94,2867178,3.82
2008/05/09,3.96,3.96,3.67,3.76,1865917,3.81
2008/05/12,3.63,3.85,3.49,3.72,1270632,3.67
2008/05/13,3.57,3.70,3.50,3.62,1534215,3.60
2008/05/14,3.62,3.83,3.60,3.78,1565376,3.72
2008/05/15,3.79,3.89,3.72,3.78,1862013,3.81
2008/05/16,3.79,3.89,3.72,3.78,0,3.81
2008/05/19,3.73,3.73,3.60,3.62,1182344,3.67
2008/05/20,3.63,3.66,3.36,3.36,1013389,3.51
2008/05/21,3.17,3.36,3.10,3.28,1552905,3.23
2008/05/22,3.23,3.30,3.19,3.22,1124272,3.24
2008/05/23,3.22,3.32,3.21,3.25,653803,3.26
2008/05/26,3.23,3.28,3.20,3.20,686552,3.24
2008/05/27,3.22,3.28,3.07,3.19,463020,3.17
2008/05/28,3.21,3.28,3.16,3.26,650515,3.22
2008/05/29,3.26,3.29,3.20,3.25,784217,3.25
2008/05/30,3.24,3.26,3.12,3.17,653162,3.19
2008/06/02,3.19,3.26,3.13,3.23,562721,3.19
2008/06/03,3.23,3.26,3.17,3.20,416106,3.21
2008/06/04,3.18,3.21,2.93,3.05,852373,3.07
2008/06/05,3.05,3.10,3.00,3.06,580036,3.05
2008/06/06,3.06,3.37,3.02,3.37,3240139,3.20
2008/06/10,3.42,3.66,3.24,3.45,9025716,3.45
2008/06/11,3.45,3.78,3.27,3.65,6559339,3.52
2008/06/12,3.51,3.83,3.47,3.66,6678267,3.65
2008/06/13,3.67,4.00,3.53,3.85,6698468,3.76
2008/06/16,3.79,4.24,3.71,4.24,11236758,3.98
2008/06/17,4.23,4.23,3.83,3.83,9419768,4.03
2008/06/18,3.67,4.13,3.45,4.00,8649911,3.79
2008/06/19,3.63,3.79,3.60,3.60,5518139,3.70
2008/06/20,3.34,3.69,3.24,3.30,6294232,3.47
2008/06/23,3.16,3.16,2.97,2.98,3945571,3.07
2008/06/24,2.82,2.95,2.78,2.87,4007286,2.86
2008/06/25,2.90,3.15,2.90,3.15,4711677,3.02
2008/06/26,3.10,3.40,3.06,3.25,5025394,3.23
2008/06/27,3.10,3.16,2.93,2.93,2539089,3.05
2008/06/30,2.85,2.98,2.80,2.96,1522014,2.89
2008/07/01,2.90,2.96,2.83,2.85,1116438,2.90
2008/07/02,2.88,2.92,2.80,2.82,1233547,2.86
2008/07/03,2.77,3.00,2.66,2.88,2445764,2.83
2008/07/04,2.85,2.93,2.80,2.84,1257829,2.86
2008/07/07,2.83,3.09,2.83,3.04,2317465,2.96
2008/07/08,3.03,3.16,3.00,3.10,2297328,3.08
2008/07/09,3.10,3.40,3.04,3.33,4299656,3.22
2008/07/10,3.27,3.36,3.14,3.16,2874498,3.25
2008/07/11,3.27,3.36,3.14,3.16,0,3.25
2008/07/14,3.05,3.28,3.04,3.20,1815031,3.16
2008/07/15,3.24,3.40,3.19,3.22,2095184,3.29
2008/07/16,3.20,3.20,2.90,2.92,1871806,3.05
2008/07/17,2.98,3.09,2.92,2.93,1291542,3.00
2008/07/18,2.93,3.06,2.88,3.06,1076391,2.97
2008/07/21,3.07,3.20,3.04,3.18,1234646,3.12
2008/07/22,3.18,3.34,3.18,3.27,1459667,3.26
2008/07/23,3.27,3.29,3.19,3.19,1113666,3.24
2008/07/24,3.20,3.49,3.14,3.42,4372211,3.32
2008/07/25,3.37,3.53,3.30,3.40,2511962,3.41
2008/07/28,3.39,3.53,3.33,3.52,4305525,3.43
2008/07/29,3.45,3.70,3.41,3.61,6105668,3.56
2008/07/30,3.61,3.64,3.35,3.44,3741992,3.50
2008/07/31,3.44,3.44,3.21,3.21,2381952,3.32
2008/08/01,3.16,3.32,3.15,3.25,1375607,3.23
2008/08/04,3.26,3.58,3.25,3.42,4380842,3.42
2008/08/05,3.36,3.55,3.33,3.42,2631998,3.44
2008/08/06,3.35,3.43,3.19,3.28,2378610,3.31
2008/08/07,3.27,3.43,3.20,3.21,1194228,3.32
2008/08/08,3.21,3.33,2.97,2.97,1324448,3.15
2008/08/11,2.95,2.95,2.67,2.67,1606530,2.81
2008/08/12,2.67,2.70,2.41,2.53,1620115,2.56
2008/08/13,2.46,2.50,2.34,2.48,931544,2.42
2008/08/14,2.44,2.50,2.42,2.46,504489,2.46
2008/08/15,2.43,2.63,2.37,2.59,1475406,2.50
2008/08/18,2.54,2.60,2.33,2.33,1072708,2.47
2008/08/19,2.33,2.56,2.18,2.55,1424227,2.37
2008/08/20,2.47,2.79,2.47,2.74,1516088,2.63
2008/08/21,2.74,2.85,2.63,2.73,1544247,2.74
2008/08/22,2.71,2.86,2.61,2.75,975588,2.73
2008/08/25,2.73,2.87,2.68,2.81,1119897,2.78
2008/08/26,2.78,2.89,2.74,2.87,1313303,2.82
2008/08/27,2.87,2.89,2.73,2.79,820001,2.81
2008/08/28,2.79,2.87,2.73,2.79,353578,2.80
2008/08/29,2.76,2.88,2.76,2.83,1709150,2.82
2008/09/01,2.85,2.87,2.73,2.79,524139,2.80
2008/09/02,2.74,2.80,2.60,2.74,436607,2.70
2008/09/03,2.67,2.70,2.54,2.55,441576,2.62
2008/09/04,2.55,2.58,2.47,2.51,409843,2.53
2008/09/05,2.51,2.63,2.43,2.52,620303,2.53
2008/09/08,2.52,2.60,2.47,2.50,426539,2.54
2008/09/09,2.56,2.56,2.43,2.51,250291,2.50
2008/09/10,2.44,2.76,2.44,2.76,6830780,2.60
2008/09/11,2.48,2.89,2.48,2.66,29541249,2.69
2008/09/12,2.39,2.49,2.39,2.39,12758927,2.44
2008/09/16,2.15,2.19,2.15,2.15,2359120,2.17
2008/09/17,1.94,1.94,1.94,1.94,560800,1.94
2008/09/18,1.74,1.74,1.74,1.74,668900,1.74
2008/09/19,1.74,1.92,1.74,1.92,25703339,1.83
2008/09/22,1.85,2.08,1.77,1.87,24195341,1.93
2008/09/23,1.78,1.78,1.68,1.68,6595647,1.73
2008/09/24,1.51,1.66,1.51,1.59,14209653,1.58
2008/09/25,1.55,1.65,1.53,1.62,12656296,1.59
2008/09/26,1.61,1.62,1.53,1.58,7137878,1.58
2008/10/06,1.53,1.65,1.50,1.63,8433038,1.57
2008/10/07,1.58,1.66,1.57,1.60,5955942,1.61
2008/10/08,1.54,1.58,1.45,1.47,5080847,1.52
2008/10/09,1.47,1.51,1.37,1.38,4748803,1.44
2008/10/10,1.32,1.32,1.24,1.24,4663016,1.28
2008/10/13,1.17,1.24,1.14,1.24,4526852,1.19
2008/10/14,1.29,1.29,1.17,1.17,3961050,1.23
2008/10/15,1.15,1.18,1.10,1.13,3544165,1.14
2008/10/16,1.07,1.09,1.02,1.03,4242536,1.06
2008/10/17,1.05,1.13,1.04,1.11,5682805,1.08
2008/10/20,1.10,1.15,1.06,1.14,5300059,1.10
2008/10/21,1.13,1.16,1.11,1.12,4927781,1.14
2008/10/22,1.10,1.13,1.06,1.06,3653881,1.09
2008/10/23,1.04,1.09,1.03,1.09,2853554,1.06
2008/10/24,1.08,1.15,1.08,1.09,3670040,1.11
2008/10/27,1.05,1.09,0.98,0.98,3794795,1.04
2008/10/28,0.95,1.06,0.95,1.04,4153230,1.01
2008/10/29,1.04,1.04,0.95,0.98,4363336,0.99
2008/10/30,0.97,1.02,0.96,0.99,3504033,0.99
2008/10/31,1.01,1.01,0.92,0.95,2589425,0.97
2008/11/03,0.94,0.94,0.89,0.89,2271958,0.91
2008/11/04,0.87,0.90,0.84,0.86,2205490,0.87
2008/11/05,0.86,0.91,0.86,0.89,2787798,0.89
2008/11/06,0.86,0.88,0.86,0.87,1859010,0.87
2008/11/07,0.86,0.92,0.85,0.91,3197740,0.89
2008/11/10,0.92,1.00,0.91,1.00,6939541,0.96
2008/11/11,1.01,1.05,0.99,1.03,5929275,1.02
2008/11/12,1.02,1.06,1.00,1.05,3595873,1.03
2008/11/13,1.04,1.16,1.03,1.16,8966598,1.09
2008/11/14,1.17,1.28,1.17,1.28,8080251,1.22
2008/11/17,1.40,1.40,1.33,1.40,11692752,1.36
2008/11/18,1.40,1.54,1.37,1.53,14962073,1.46
2008/11/19,1.40,1.54,1.37,1.53,0,1.46
2008/11/20,1.40,1.54,1.37,1.53,0,1.46
2008/11/21,1.40,1.54,1.37,1.53,0,1.46
2008/11/24,1.40,1.54,1.37,1.53,0,1.46
2008/11/25,1.40,1.54,1.37,1.53,0,1.46
2008/11/26,1.40,1.54,1.37,1.53,0,1.46
2008/11/27,1.40,1.54,1.37,1.53,0,1.46
2008/11/28,1.40,1.54,1.37,1.53,0,1.46
2008/12/01,1.40,1.54,1.37,1.53,0,1.46
2008/12/02,1.40,1.54,1.37,1.53,0,1.46
2008/12/03,1.40,1.54,1.37,1.53,0,1.46
2008/12/04,1.40,1.54,1.37,1.53,0,1.46
2008/12/05,1.40,1.54,1.37,1.53,0,1.46
2008/12/08,1.40,1.54,1.37,1.53,0,1.46
2008/12/09,1.40,1.54,1.37,1.53,0,1.46
2008/12/10,1.40,1.54,1.37,1.53,0,1.46
2008/12/11,1.40,1.54,1.37,1.53,0,1.46
2008/12/12,1.40,1.54,1.37,1.53,0,1.46
2008/12/15,1.40,1.54,1.37,1.53,0,1.46
2008/12/16,1.40,1.54,1.37,1.53,0,1.46
2008/12/17,1.40,1.54,1.37,1.53,0,1.46
2008/12/18,1.40,1.54,1.37,1.53,0,1.46
2008/12/19,1.40,1.54,1.37,1.53,0,1.46
2008/12/22,1.41,1.68,1.41,1.68,24675501,1.54
2008/12/23,1.64,1.85,1.63,1.85,29704781,1.74
2008/12/24,1.79,1.83,1.66,1.66,17628033,1.74
2008/12/25,1.57,1.60,1.50,1.53,23521117,1.55
2008/12/26,1.51,1.55,1.44,1.46,12534178,1.49
2008/12/29,1.45,1.51,1.39,1.47,13588731,1.45
2008/12/30,1.45,1.61,1.42,1.61,19983548,1.52
2008/12/31,1.65,1.76,1.56,1.60,24670408,1.66
2009/01/05,1.57,1.72,1.51,1.69,16710042,1.61
2009/01/06,1.65,1.83,1.61,1.74,18960974,1.72
2009/01/07,1.70,1.78,1.68,1.69,13658361,1.73
2009/01/08,1.66,1.72,1.62,1.63,9848965,1.67
2009/01/09,1.60,1.67,1.60,1.63,8236674,1.64
2009/01/12,1.65,1.80,1.64,1.80,11526275,1.72
2009/01/13,1.83,1.95,1.77,1.84,25891694,1.86
2009/01/14,1.80,2.02,1.75,2.00,20716794,1.89
2009/01/15,1.96,2.07,1.92,1.94,19009852,1.99
2009/01/16,1.94,2.00,1.89,1.90,13844287,1.94
2009/01/19,1.89,1.93,1.83,1.93,9175550,1.88
2009/01/20,1.95,2.04,1.92,1.98,11751084,1.98
2009/01/21,1.98,1.98,1.87,1.89,7750671,1.93
2009/01/22,1.89,1.92,1.84,1.87,6555848,1.88
2009/01/23,1.86,1.86,1.80,1.81,5535467,1.83
2009/02/02,1.83,1.97,1.83,1.88,6370203,1.90
2009/02/03,1.88,1.98,1.84,1.93,10948318,1.91
2009/02/04,1.93,2.13,1.92,2.13,17955826,2.02
2009/02/05,2.13,2.13,1.97,2.02,15871634,2.05
2009/02/06,2.02,2.12,2.01,2.08,11951461,2.06
2009/02/09,2.12,2.27,2.07,2.22,16153818,2.17
2009/02/10,2.18,2.32,2.14,2.28,13147760,2.23
2009/02/11,2.23,2.37,2.18,2.23,11949721,2.28
2009/02/12,2.23,2.26,2.08,2.18,8518520,2.17
2009/02/13,2.18,2.27,2.17,2.25,9204960,2.22
2009/02/16,2.25,2.36,2.24,2.34,11027352,2.30
2009/02/17,2.34,2.49,2.29,2.33,13848542,2.39
2009/02/18,2.25,2.29,2.10,2.11,9769549,2.20
2009/02/19,2.13,2.19,2.07,2.15,5345127,2.13
2009/02/20,2.15,2.21,2.10,2.20,5367734,2.16
2009/02/23,2.20,2.28,2.13,2.26,6872380,2.20
2009/02/24,2.26,2.30,2.07,2.09,8176814,2.18
2009/02/25,2.13,2.15,2.01,2.05,6329779,2.08
2009/02/26,2.05,2.11,1.85,1.89,6643317,1.98
2009/02/27,1.87,1.87,1.70,1.70,5540687,1.79
2009/03/02,1.69,1.87,1.60,1.87,6868423,1.74
2009/03/03,1.81,1.98,1.75,1.89,8800822,1.86
2009/03/04,1.87,2.03,1.85,1.98,7870681,1.94
2009/03/05,1.99,2.05,1.91,1.99,7557273,1.98
2009/03/06,1.93,1.98,1.92,1.93,3697973,1.95
2009/03/09,1.96,1.97,1.78,1.80,3807483,1.88
2009/03/10,1.80,1.87,1.73,1.86,3156789,1.80
2009/03/11,1.90,1.96,1.82,1.91,4619127,1.89
2009/03/12,1.89,1.99,1.87,1.97,6082806,1.93
2009/03/13,1.98,2.00,1.91,1.92,3980087,1.95
2009/03/16,1.91,1.95,1.87,1.94,2574547,1.91
2009/03/17,1.96,2.05,1.93,2.03,5660581,1.99
2009/03/18,2.05,2.12,2.00,2.07,8744298,2.06
2009/03/19,2.06,2.17,2.05,2.13,6790119,2.11
2009/03/20,2.12,2.17,2.06,2.11,5931542,2.11
2009/03/23,2.11,2.28,2.07,2.21,8561078,2.17
2009/03/24,2.21,2.26,2.13,2.22,7889756,2.19
2009/03/25,2.19,2.24,2.08,2.08,6589516,2.16
2009/03/26,2.07,2.14,2.02,2.13,5713337,2.08
2009/03/27,2.14,2.25,2.10,2.20,7724086,2.18
2009/03/30,2.22,2.40,2.18,2.34,12244084,2.29
2009/03/31,2.27,2.39,2.17,2.37,9677022,2.28
2009/04/01,2.36,2.38,2.28,2.34,8602807,2.33
2009/04/02,2.35,2.37,2.28,2.28,6077620,2.32
2009/04/03,2.28,2.30,2.18,2.21,6019546,2.24
2009/04/07,2.20,2.25,2.18,2.25,4233313,2.22
2009/04/08,2.21,2.25,2.09,2.09,4341016,2.17
2009/04/09,2.09,2.13,2.06,2.12,3637598,2.09
2009/04/10,2.14,2.21,2.11,2.19,5339555,2.16
2009/04/13,2.20,2.32,2.20,2.25,8022719,2.26
2009/04/14,2.25,2.29,2.19,2.26,7602332,2.24
2009/04/15,2.24,2.37,2.22,2.32,10488410,2.30
2009/04/16,2.31,2.55,2.28,2.55,19095899,2.41
2009/04/17,2.56,2.66,2.43,2.57,21754941,2.55
2009/04/20,2.57,2.82,2.54,2.62,16171152,2.68
2009/04/21,2.57,2.82,2.54,2.62,0,2.68
2009/04/22,2.49,2.49,2.49,2.49,404600,2.49
2009/04/23,2.36,2.36,2.36,2.36,134900,2.36
2009/04/24,2.25,2.32,2.25,2.25,12036850,2.28
2009/04/27,2.13,2.13,2.13,2.13,1055700,2.13
2009/04/28,2.03,2.13,2.03,2.13,21855263,2.08
2009/04/29,2.04,2.09,2.02,2.03,14380140,2.05
2009/04/30,2.00,2.06,2.00,2.03,7060695,2.03
2009/05/04,2.05,2.13,2.04,2.13,6847656,2.08
2009/05/05,2.20,2.24,2.14,2.24,13069186,2.19
2009/05/06,2.22,2.34,2.20,2.27,7928280,2.27
2009/05/07,2.27,2.33,2.24,2.30,6843997,2.29
2009/05/08,2.27,2.42,2.20,2.42,8921293,2.31
2009/05/11,2.41,2.54,2.39,2.44,9517831,2.47
2009/05/12,2.42,2.57,2.42,2.57,2110958,2.49
2009/05/13,2.70,2.70,2.60,2.64,10699863,2.65
2009/05/14,2.59,2.77,2.58,2.73,9536640,2.68
2009/05/15,2.75,2.75,2.60,2.63,10379651,2.68
2009/05/18,2.75,2.75,2.60,2.63,0,2.68
2009/05/19,2.58,2.65,2.50,2.57,7636627,2.57
2009/05/20,2.55,2.65,2.45,2.57,9444366,2.55
2009/05/21,2.53,2.58,2.44,2.44,7399341,2.51
2009/05/22,2.39,2.51,2.39,2.47,3362381,2.45
2009/05/25,2.45,2.45,2.35,2.39,4615142,2.40
2009/05/26,2.38,2.51,2.38,2.51,5026599,2.44
2009/05/27,2.58,2.62,2.51,2.52,4809610,2.56
2009/06/01,2.55,2.60,2.45,2.49,4515850,2.53
2009/06/02,2.50,2.57,2.47,2.52,3370575,2.52
2009/06/03,2.52,2.54,2.49,2.54,3531479,2.52
2009/06/04,2.52,2.58,2.50,2.55,3343649,2.54
2009/06/05,2.52,2.58,2.50,2.55,0,2.54
2009/06/08,2.53,2.60,2.49,2.57,4414842,2.55
2009/06/09,2.57,2.70,2.55,2.70,6767406,2.63
2009/06/10,2.81,2.81,2.63,2.67,5428331,2.72
2009/06/11,2.67,2.81,2.62,2.80,6256286,2.72
2009/06/12,2.79,2.94,2.75,2.94,9836002,2.84
2009/06/15,2.92,3.08,2.87,2.87,7908532,2.98
2009/06/16,2.78,2.91,2.78,2.83,3752023,2.84
2009/06/17,2.80,2.97,2.77,2.97,4217332,2.87
2009/06/18,3.01,3.12,2.99,3.12,9016983,3.06
2009/06/19,3.19,3.23,3.05,3.06,6469874,3.14
2009/06/22,3.00,3.10,2.91,2.91,7009415,3.01
2009/06/23,2.84,2.96,2.82,2.91,3607065,2.89
2009/06/24,2.91,2.99,2.88,2.94,2735342,2.94
2009/06/25,2.94,2.95,2.82,2.83,2919910,2.89
2009/06/26,2.83,2.96,2.82,2.88,3446807,2.89
2009/06/29,2.87,2.99,2.87,2.90,4082596,2.93
2009/06/30,2.91,2.99,2.88,2.93,2593294,2.94
2009/07/01,2.94,3.08,2.94,3.08,5085781,3.01
2009/07/02,3.10,3.17,3.01,3.01,4322498,3.09
2009/07/03,3.02,3.03,2.93,2.94,4213068,2.98
2009/07/06,2.93,2.98,2.86,2.94,3577608,2.92
2009/07/07,2.94,2.94,2.84,2.89,3117707,2.89
2009/07/08,2.87,2.92,2.86,2.92,2580346,2.89
2009/07/09,2.92,3.06,2.91,2.99,4277741,2.99
2009/07/10,2.98,3.06,2.96,3.01,2884849,3.01
2009/07/13,3.03,3.03,2.96,3.01,3500141,2.99
2009/07/14,3.01,3.08,2.99,3.06,4887276,3.04
2009/07/15,3.04,3.06,2.98,3.00,4843093,3.02
2009/07/16,2.98,3.07,2.97,3.05,5478039,3.02
2009/07/17,3.04,3.06,2.96,2.97,4736808,3.01
2009/07/20,2.97,3.00,2.94,2.98,3988609,2.97
2009/07/21,2.99,3.02,2.88,2.88,4745386,2.95
2009/07/22,2.86,2.97,2.86,2.95,6409118,2.92
2009/07/23,2.94,2.95,2.88,2.91,2964198,2.92
2009/07/24,2.88,2.92,2.78,2.79,4250357,2.85
2009/07/27,2.80,2.93,2.80,2.93,3910715,2.86
2009/07/28,3.08,3.08,3.01,3.03,8712522,3.04
2009/07/29,3.03,3.04,2.88,2.88,6067400,2.96
2009/07/30,2.74,2.81,2.74,2.74,8608255,2.78
2009/07/31,2.76,2.81,2.73,2.78,5819679,2.77
2009/08/03,2.78,2.83,2.77,2.81,4762292,2.80
2009/08/04,2.82,2.83,2.68,2.75,5406077,2.76
2009/08/05,2.77,2.80,2.73,2.79,3595736,2.76
2009/08/06,2.77,2.83,2.75,2.78,4327961,2.79
2009/08/07,2.77,2.81,2.74,2.74,3012625,2.78
2009/08/10,2.76,2.76,2.61,2.65,5993309,2.68
2009/08/11,2.66,2.67,2.58,2.60,2770016,2.63
2009/08/12,2.66,2.67,2.58,2.60,0,2.63
2009/08/13,2.47,2.52,2.47,2.47,4456056,2.50
2009/08/14,2.47,2.47,2.35,2.35,4180511,2.41
2009/08/17,2.30,2.31,2.23,2.23,2642177,2.27
2009/08/18,2.21,2.21,2.12,2.18,3287577,2.17
2009/08/19,2.19,2.24,2.07,2.07,2918610,2.16
2009/08/20,2.01,2.12,2.00,2.12,3140335,2.06
2009/08/21,2.12,2.23,2.07,2.23,4658364,2.15
2009/08/24,2.25,2.26,2.20,2.23,2773253,2.23
2009/08/25,2.23,2.23,2.12,2.14,3057515,2.18
2009/08/26,2.12,2.24,2.10,2.24,3421788,2.17
2009/08/27,2.24,2.35,2.23,2.30,4818624,2.29
2009/08/28,2.26,2.35,2.25,2.33,3152448,2.30
2009/08/31,2.29,2.35,2.21,2.21,3671967,2.28
2009/09/01,2.15,2.26,2.14,2.20,1715533,2.20
2009/09/02,2.18,2.24,2.17,2.22,1538559,2.21
2009/09/03,2.23,2.33,2.20,2.31,2308074,2.27
2009/09/04,2.35,2.35,2.29,2.32,2130181,2.32
2009/09/07,2.34,2.37,2.30,2.33,2387887,2.33
2009/09/08,2.30,2.35,2.26,2.34,2620526,2.30
2009/09/09,2.33,2.34,2.28,2.31,2704670,2.31
2009/09/10,2.30,2.34,2.25,2.25,2966248,2.29
2009/09/11,2.25,2.32,2.25,2.31,2297827,2.28
2009/09/14,2.31,2.43,2.31,2.43,4665432,2.37
2009/09/15,2.48,2.49,2.42,2.44,4372301,2.46
2009/09/16,2.44,2.54,2.41,2.52,3867888,2.48
2009/09/17,2.53,2.54,2.47,2.53,3550273,2.51
2009/09/18,2.53,2.55,2.40,2.45,2916226,2.47
2009/09/21,2.41,2.45,2.37,2.43,2383386,2.41
2009/09/22,2.40,2.45,2.35,2.35,1980372,2.40
2009/09/23,2.35,2.42,2.31,2.32,2319987,2.36
2009/09/24,2.31,2.32,2.20,2.25,3813195,2.26
2009/09/25,2.25,2.35,2.22,2.33,3843535,2.29
2009/09/28,2.34,2.45,2.30,2.43,7509788,2.38
2009/09/29,2.40,2.42,2.32,2.36,3018741,2.37
2009/09/30,2.38,2.43,2.37,2.42,2191551,2.40
2009/10/09,2.45,2.54,2.42,2.50,3903391,2.48
2009/10/12,2.47,2.52,2.46,2.47,1172650,2.49
2009/10/13,2.45,2.49,2.45,2.48,1269107,2.47
2009/10/14,2.50,2.53,2.43,2.47,2782917,2.48
2009/10/15,2.48,2.51,2.43,2.46,1440953,2.47
2009/10/16,2.46,2.49,2.44,2.48,1370421,2.47
2009/10/19,2.48,2.52,2.47,2.51,3302144,2.50
2009/10/20,2.52,2.59,2.48,2.57,3787283,2.53
2009/10/21,2.55,2.62,2.52,2.52,2508515,2.57
2009/10/22,2.51,2.57,2.48,2.56,3398388,2.52
2009/10/23,2.56,2.60,2.52,2.57,3408693,2.56
2009/10/26,2.57,2.57,2.54,2.56,2159227,2.55
2009/10/27,2.54,2.55,2.43,2.45,3026100,2.49
2009/10/28,2.44,2.47,2.44,2.47,1741460,2.46
2009/10/29,2.45,2.46,2.35,2.35,2499354,2.41
2009/10/30,2.37,2.40,2.33,2.35,3922690,2.36
2009/11/02,2.30,2.38,2.28,2.38,2225602,2.33
2009/11/03,2.41,2.47,2.38,2.47,3669394,2.43
2009/11/04,2.45,2.49,2.42,2.45,2630943,2.46
2009/11/05,2.45,2.48,2.44,2.47,2177929,2.46
2009/11/06,2.48,2.54,2.46,2.51,3715102,2.50
2009/11/09,2.54,2.63,2.52,2.61,7583967,2.57
2009/11/10,2.63,2.74,2.62,2.68,9208332,2.68
2009/11/11,2.68,2.79,2.67,2.75,5778629,2.73
2009/11/12,2.75,2.77,2.71,2.74,1654325,2.74
2009/11/13,2.75,2.77,2.71,2.74,0,2.74
2009/11/16,2.75,2.77,2.71,2.74,0,2.74
2009/11/17,2.75,2.77,2.71,2.74,0,2.74
2009/11/18,2.75,2.77,2.71,2.74,0,2.74
2009/11/19,2.75,2.77,2.71,2.74,0,2.74
2009/11/20,2.75,2.77,2.71,2.74,0,2.74
2009/11/23,2.75,2.77,2.71,2.74,0,2.74
2009/11/24,2.75,2.77,2.71,2.74,0,2.74
2009/11/25,2.75,2.77,2.71,2.74,0,2.74
2009/11/26,2.75,2.77,2.71,2.74,0,2.74
2009/11/27,2.75,2.77,2.71,2.74,0,2.74
2009/11/30,2.75,2.77,2.71,2.74,0,2.74
2009/12/01,2.75,2.77,2.71,2.74,0,2.74
2009/12/02,2.75,2.77,2.71,2.74,0,2.74
2009/12/03,2.75,2.77,2.71,2.74,0,2.74
2009/12/04,2.75,2.77,2.71,2.74,0,2.74
2009/12/07,2.75,2.77,2.71,2.74,0,2.74
2009/12/08,2.75,2.77,2.71,2.74,0,2.74
2009/12/09,2.75,2.77,2.71,2.74,0,2.74
2009/12/10,2.75,2.77,2.71,2.74,0,2.74
2009/12/11,2.75,2.77,2.71,2.74,0,2.74
2009/12/14,2.75,2.77,2.71,2.74,0,2.74
2009/12/15,2.75,2.77,2.71,2.74,0,2.74
2009/12/16,2.75,2.77,2.71,2.74,0,2.74
2009/12/17,2.75,2.77,2.71,2.74,0,2.74
2009/12/18,2.75,2.77,2.71,2.74,0,2.74
2009/12/21,2.75,2.77,2.71,2.74,0,2.74
2009/12/22,2.75,2.77,2.71,2.74,0,2.74
2009/12/23,2.75,2.77,2.71,2.74,0,2.74
2009/12/24,2.88,2.88,2.88,2.88,109391,2.88
2009/12/25,3.02,3.02,3.02,3.02,131393,3.02
2009/12/28,3.17,3.17,3.17,3.17,1432391,3.17
2009/12/29,3.33,3.33,3.20,3.33,12884375,3.27
2009/12/30,3.46,3.50,3.41,3.50,5145619,3.46
2009/12/31,3.67,3.68,3.34,3.47,18094855,3.51
2010/01/04,3.46,3.58,3.40,3.50,7169975,3.49
2010/01/05,3.46,3.58,3.40,3.50,0,3.49
2010/01/06,3.46,3.58,3.40,3.50,0,3.49
2010/01/07,3.46,3.58,3.40,3.50,0,3.49
2010/01/08,3.33,3.33,3.33,3.33,914100,3.33
2010/01/11,3.16,3.32,3.16,3.16,16679699,3.24
2010/01/12,3.10,3.17,3.04,3.13,10274128,3.10
2010/01/13,3.12,3.18,3.08,3.13,7072798,3.13
2010/01/14,3.14,3.17,3.06,3.11,6858387,3.11
2010/01/15,3.11,3.15,3.07,3.14,6073538,3.11
2010/01/18,3.15,3.17,3.10,3.14,5192508,3.14
2010/01/19,3.13,3.29,3.10,3.21,8638472,3.20
2010/01/20,3.19,3.23,3.05,3.05,5628536,3.14
2010/01/21,3.01,3.05,2.91,3.02,5729156,2.98
2010/01/22,2.96,2.99,2.88,2.91,3022912,2.94
2010/01/25,2.90,3.03,2.88,2.92,2509554,2.95
2010/01/26,2.97,3.00,2.78,2.83,2748930,2.89
2010/01/27,2.84,2.87,2.74,2.79,2276897,2.81
2010/01/28,2.79,2.83,2.76,2.82,1763532,2.79
2010/01/29,2.78,2.86,2.77,2.81,2068059,2.81
2010/02/01,2.82,2.85,2.74,2.79,1594914,2.80
2010/02/02,2.82,2.87,2.80,2.81,2494543,2.83
2010/02/03,2.79,2.85,2.70,2.84,2212081,2.78
2010/02/04,2.84,2.93,2.82,2.89,2399042,2.88
2010/02/05,2.86,2.86,2.78,2.81,2656229,2.82
2010/02/08,2.82,2.89,2.80,2.82,1719080,2.84
2010/02/09,2.81,2.84,2.78,2.78,1167086,2.81
2010/02/10,2.80,2.83,2.74,2.79,1183299,2.79
2010/02/11,2.79,2.82,2.77,2.80,1477639,2.79
2010/02/12,2.80,2.87,2.80,2.85,1414764,2.83
2010/02/22,2.87,2.96,2.86,2.87,2709251,2.91
2010/02/23,2.90,2.93,2.84,2.92,2099949,2.89
2010/02/24,2.91,2.99,2.87,2.99,3635185,2.93
2010/02/25,2.96,3.14,2.96,3.11,5018877,3.05
2010/02/26,3.11,3.11,3.04,3.08,3232545,3.07
2010/03/01,3.06,3.21,3.04,3.18,4184100,3.13
2010/03/02,3.18,3.27,3.14,3.20,4328626,3.21
2010/03/03,3.17,3.21,3.15,3.17,2135274,3.18
2010/03/04,3.15,3.18,3.01,3.01,3603110,3.09
2010/03/05,2.98,3.03,2.97,2.98,2181549,3.00
2010/03/08,3.00,3.03,2.97,3.00,1577916,3.00
2010/03/09,3.00,3.07,2.99,3.06,2102619,3.03
2010/03/10,3.07,3.07,2.97,2.98,2160992,3.02
2010/03/11,2.97,3.02,2.97,2.98,1369871,3.00
2010/03/12,2.99,3.06,2.98,2.99,1938655,3.02
2010/03/15,2.98,3.00,2.88,2.93,1874643,2.94
2010/03/16,2.92,2.95,2.87,2.92,1971088,2.91
2010/03/17,2.92,3.00,2.91,3.00,1906260,2.96
2010/03/18,3.00,3.03,2.97,3.00,1988824,3.00
2010/03/19,2.99,3.09,2.97,3.06,2028234,3.03
2010/03/22,3.07,3.09,3.04,3.06,2296816,3.06
2010/03/23,3.06,3.08,3.02,3.04,2436140,3.05
2010/03/24,3.03,3.05,2.99,3.04,2125695,3.02
2010/03/25,3.09,3.16,3.06,3.07,4310503,3.11
2010/03/26,3.10,3.20,3.09,3.18,7060787,3.15
2010/03/29,3.17,3.19,3.07,3.11,3916622,3.13
2010/03/30,3.11,3.13,3.07,3.13,2639356,3.10
2010/03/31,3.12,3.17,3.09,3.13,2720165,3.13
2010/04/01,3.10,3.19,3.07,3.16,3893642,3.13
2010/04/02,3.16,3.18,3.14,3.16,2748480,3.16
2010/04/06,3.16,3.16,3.06,3.08,4761152,3.11
2010/04/07,3.09,3.11,3.06,3.11,3938373,3.08
2010/04/08,3.09,3.13,3.08,3.11,3081051,3.10
2010/04/09,3.11,3.19,3.09,3.17,4602023,3.14
2010/04/12,3.17,3.17,3.13,3.15,3408934,3.15
2010/04/13,3.13,3.17,3.00,3.03,4910133,3.08
2010/04/14,3.05,3.11,3.02,3.08,4072425,3.06
2010/04/15,3.08,3.18,3.06,3.18,6844228,3.12
2010/04/16,3.08,3.18,3.06,3.18,0,3.12
2010/04/19,3.03,3.30,3.03,3.17,12340990,3.16
2010/04/20,3.18,3.28,3.11,3.28,11077100,3.19
2010/04/21,3.33,3.36,3.24,3.26,9538637,3.30
2010/04/22,3.25,3.29,3.14,3.21,6645226,3.22
2010/04/23,3.12,3.19,3.05,3.05,7392821,3.12
2010/04/26,3.05,3.12,3.00,3.02,3917567,3.06
2010/04/27,3.02,3.04,2.87,2.90,5093261,2.96
2010/04/28,2.89,2.93,2.83,2.88,2174478,2.88
2010/04/29,2.90,2.91,2.86,2.89,1603719,2.89
2010/04/30,2.86,2.91,2.76,2.82,2201195,2.83
2010/05/04,2.79,2.96,2.76,2.96,2972230,2.86
2010/05/05,2.94,2.99,2.92,2.97,2468364,2.96
2010/05/06,2.98,2.98,2.85,2.85,1727127,2.92
2010/05/07,2.77,2.97,2.74,2.95,2760985,2.86
2010/05/10,2.95,3.03,2.88,3.00,2517928,2.95
2010/05/11,3.01,3.08,2.94,2.99,3114718,3.01
2010/05/12,2.99,3.08,2.93,3.05,5194920,3.01
2010/05/13,3.03,3.14,3.02,3.06,4591753,3.08
2010/05/14,3.08,3.13,3.01,3.05,5764994,3.07
2010/05/17,3.05,3.13,2.90,2.90,4620851,3.01
2010/05/18,2.92,2.97,2.76,2.76,4895896,2.86
2010/05/19,2.69,2.73,2.62,2.62,3598031,2.68
2010/05/20,2.69,2.73,2.62,2.62,0,2.68
2010/05/21,2.49,2.62,2.49,2.56,2924718,2.56
2010/05/24,2.55,2.68,2.50,2.65,2452385,2.59
2010/05/25,2.67,2.67,2.60,2.63,1437721,2.64
2010/05/26,2.67,2.76,2.67,2.76,2628787,2.71
2010/05/27,2.80,2.87,2.76,2.82,3494500,2.81
2010/05/28,2.86,2.88,2.77,2.87,2420822,2.82
2010/05/31,2.82,2.87,2.77,2.77,1307151,2.82
2010/06/01,2.72,2.80,2.63,2.68,2174110,2.71
2010/06/02,2.67,2.71,2.63,2.71,892511,2.67
2010/06/03,2.73,2.73,2.68,2.69,1373810,2.71
2010/06/04,2.67,2.72,2.64,2.69,1425759,2.68
2010/06/07,2.83,2.83,2.82,2.83,3177190,2.82
2010/06/08,2.97,2.97,2.97,2.97,1097702,2.97
2010/06/09,3.12,3.12,2.83,2.84,8370553,2.98
2010/06/10,2.80,2.88,2.77,2.82,2864738,2.82
2010/06/11,2.90,2.91,2.82,2.83,1653796,2.86
2010/06/17,2.84,2.86,2.79,2.82,1577381,2.82
2010/06/18,2.82,2.82,2.68,2.69,1994350,2.75
2010/06/21,2.68,2.74,2.68,2.74,1352596,2.71
2010/06/22,2.74,2.83,2.72,2.77,1143843,2.78
2010/06/23,2.76,2.83,2.75,2.82,1336889,2.79
2010/06/24,2.82,2.85,2.79,2.80,873165,2.82
2010/06/25,2.82,2.85,2.79,2.80,0,2.82
2010/06/28,2.80,2.80,2.69,2.71,1319503,2.74
2010/06/29,2.72,2.73,2.58,2.58,1074383,2.66
2010/06/30,2.57,2.57,2.45,2.47,1443606,2.51
2010/07/01,2.46,2.56,2.46,2.49,911964,2.51
2010/07/02,2.43,2.51,2.37,2.41,2057168,2.44
2010/07/05,2.41,2.41,2.29,2.29,1676900,2.35
2010/07/06,2.30,2.34,2.28,2.32,1235386,2.31
2010/07/07,2.32,2.37,2.32,2.35,1163220,2.34
2010/07/08,2.36,2.38,2.33,2.34,1572190,2.35
2010/07/09,2.33,2.40,2.27,2.38,3438312,2.33
2010/07/12,2.37,2.41,2.34,2.40,2480775,2.38
2010/07/13,2.45,2.52,2.38,2.43,2967140,2.45
2010/07/14,2.42,2.48,2.40,2.42,1528887,2.44
2010/07/15,2.42,2.45,2.37,2.38,966910,2.41
2010/07/16,2.37,2.41,2.34,2.39,1286476,2.38
2010/07/19,2.37,2.42,2.33,2.41,1266625,2.38
2010/07/20,2.42,2.47,2.40,2.47,2565650,2.44
2010/07/21,2.48,2.51,2.46,2.47,2599777,2.48
2010/07/22,2.47,2.50,2.45,2.49,1756987,2.48
2010/07/23,2.52,2.52,2.46,2.50,2397921,2.49
2010/07/26,2.59,2.63,2.59,2.63,3122281,2.61
2010/07/27,2.69,2.69,2.57,2.60,4843605,2.63
2010/07/28,2.59,2.65,2.55,2.62,2727798,2.60
2010/07/29,2.63,2.75,2.60,2.72,4166104,2.68
2010/07/30,2.70,2.73,2.67,2.70,2243171,2.70
2010/08/02,2.71,2.76,2.70,2.73,2116283,2.73
2010/08/03,2.73,2.73,2.65,2.66,3050643,2.69
2010/08/04,2.66,2.68,2.57,2.64,1918175,2.63
2010/08/05,2.63,2.67,2.60,2.62,2145450,2.64
2010/08/06,2.62,2.69,2.60,2.67,2201689,2.65
2010/08/09,2.66,2.70,2.65,2.70,2225370,2.68
2010/08/10,2.69,2.71,2.57,2.59,2421239,2.64
2010/08/11,2.60,2.64,2.58,2.61,1650418,2.61
2010/08/12,2.58,2.59,2.52,2.57,2830264,2.55
2010/08/13,2.58,2.61,2.52,2.60,2273937,2.56
2010/08/16,2.60,2.65,2.60,2.65,2115942,2.63
2010/08/17,2.65,2.70,2.63,2.69,3170116,2.67
2010/08/18,2.68,2.69,2.64,2.66,2477596,2.67
2010/08/19,2.64,2.70,2.64,2.67,2708303,2.67
2010/08/20,2.68,2.69,2.60,2.61,2232073,2.65
2010/08/23,2.60,2.63,2.59,2.59,2378441,2.61
2010/08/24,2.60,2.65,2.57,2.63,2036854,2.61
2010/08/25,2.63,2.77,2.61,2.76,9111415,2.69
2010/08/26,2.76,2.80,2.70,2.71,5707220,2.75
2010/08/27,2.71,2.76,2.69,2.74,2703325,2.72
2010/08/30,2.74,2.88,2.74,2.82,4379244,2.81
2010/08/31,2.82,2.84,2.77,2.81,3344893,2.80
2010/09/01,2.81,2.82,2.67,2.73,3714097,2.74
2010/09/02,2.74,2.86,2.73,2.83,5468503,2.79
2010/09/03,2.80,2.83,2.77,2.81,3236940,2.80
2010/09/06,2.82,2.83,2.75,2.77,3035560,2.79
2010/09/07,2.77,2.79,2.75,2.77,2376886,2.77
2010/09/08,2.79,2.91,2.77,2.87,6017442,2.84
2010/09/09,2.93,3.01,2.92,3.01,2894555,2.96
2010/09/10,3.03,3.13,2.94,3.09,10667890,3.03
2010/09/13,3.03,3.09,3.00,3.03,4541565,3.04
2010/09/14,3.04,3.15,3.02,3.09,4236133,3.08
2010/09/15,3.08,3.08,2.96,2.98,4658698,3.02
2010/09/16,2.95,2.99,2.84,2.87,3551995,2.92
2010/09/17,2.87,2.94,2.84,2.91,2472128,2.89
2010/09/20,2.91,3.03,2.89,2.98,2990589,2.96
2010/09/21,3.00,3.02,2.92,2.95,1892787,2.97
2010/09/27,2.96,3.10,2.95,3.10,4745824,3.03
2010/09/28,3.12,3.26,3.07,3.19,5612156,3.16
2010/09/29,3.17,3.22,3.09,3.10,3258548,3.16
2010/09/30,3.07,3.19,3.07,3.17,2284320,3.13
2010/10/08,3.21,3.28,3.17,3.19,3307324,3.22
2010/10/11,3.17,3.18,3.07,3.11,4188219,3.13
2010/10/12,3.11,3.23,3.10,3.12,3686855,3.17
2010/10/13,3.12,3.15,3.03,3.12,3457767,3.09
2010/10/14,3.12,3.12,2.96,2.96,4496644,3.04
2010/10/15,2.93,2.96,2.81,2.88,4589234,2.89
2010/10/18,2.81,2.83,2.73,2.76,4802396,2.78
2010/10/19,2.76,2.84,2.67,2.84,3508135,2.75
2010/10/20,2.76,2.84,2.73,2.79,3994647,2.78
2010/10/21,2.79,2.88,2.77,2.86,3558968,2.82
2010/10/22,2.79,2.88,2.77,2.86,0,2.82
2010/10/25,2.79,2.88,2.77,2.86,0,2.82
2010/10/26,2.79,2.88,2.77,2.86,0,2.82
2010/10/27,2.79,2.88,2.77,2.86,0,2.82
2010/10/28,2.79,2.88,2.77,2.86,0,2.82
2010/10/29,2.79,2.88,2.77,2.86,0,2.82
2010/11/01,2.71,2.71,2.71,2.71,7454700,2.71
2010/11/02,2.60,2.85,2.60,2.80,23012895,2.73
2010/11/03,2.69,2.74,2.66,2.66,14657862,2.70
2010/11/04,2.64,2.72,2.57,2.68,10526061,2.65
2010/11/05,2.68,2.70,2.64,2.70,8871894,2.67
2010/11/08,2.70,2.82,2.67,2.80,12374956,2.74
2010/11/09,2.79,2.85,2.73,2.81,10465989,2.79
2010/11/10,2.78,2.88,2.77,2.83,8163359,2.82
2010/11/11,2.81,2.89,2.81,2.81,8341069,2.85
2010/11/12,2.81,2.81,2.67,2.67,6476813,2.74
2010/11/15,2.67,2.67,2.56,2.61,5644556,2.61
2010/11/16,2.67,2.67,2.56,2.61,0,2.61
2010/11/17,2.48,2.52,2.48,2.48,3252012,2.50
2010/11/18,2.37,2.44,2.36,2.41,7104516,2.40
2010/11/19,2.40,2.43,2.37,2.43,3760162,2.40
2010/11/22,2.42,2.47,2.38,2.45,3327078,2.43
2010/11/23,2.44,2.45,2.33,2.38,3039748,2.39
2010/11/24,2.35,2.42,2.35,2.41,2866812,2.39
2010/11/25,2.42,2.48,2.40,2.46,3394523,2.44
2010/11/26,2.45,2.46,2.40,2.44,2648882,2.43
2010/11/29,2.44,2.46,2.43,2.46,2602010,2.45
2010/11/30,2.44,2.46,2.34,2.35,5303586,2.40
2010/12/01,2.35,2.39,2.35,2.37,2234533,2.37
2010/12/02,2.38,2.45,2.37,2.39,2399232,2.41
2010/12/03,2.39,2.47,2.39,2.46,4148354,2.43
2010/12/06,2.51,2.56,2.42,2.49,6124050,2.49
2010/12/07,2.49,2.49,2.42,2.47,3031830,2.46
2010/12/08,2.46,2.51,2.44,2.45,2624222,2.47
2010/12/09,2.43,2.47,2.38,2.38,1869218,2.43
2010/12/10,2.38,2.43,2.37,2.42,1460523,2.40
2010/12/13,2.44,2.47,2.42,2.47,2839367,2.45
2010/12/14,2.47,2.54,2.44,2.53,3973599,2.49
2010/12/15,2.52,2.53,2.48,2.48,2300562,2.50
2010/12/16,2.48,2.55,2.48,2.52,2595390,2.51
2010/12/17,2.52,2.63,2.51,2.58,3828994,2.57
2010/12/20,2.59,2.61,2.47,2.52,3697639,2.54
2010/12/21,2.52,2.55,2.49,2.54,2301157,2.52
2010/12/22,2.54,2.56,2.50,2.51,1652373,2.53
2010/12/23,2.50,2.56,2.49,2.50,1901095,2.53
2010/12/24,2.50,2.60,2.48,2.57,3195392,2.54
2010/12/27,2.50,2.60,2.48,2.57,0,2.54
2010/12/28,2.50,2.60,2.48,2.57,0,2.54
2010/12/29,2.50,2.60,2.48,2.57,0,2.54
2010/12/30,2.50,2.60,2.48,2.57,0,2.54
2010/12/31,2.50,2.60,2.48,2.57,0,2.54
2011/01/04,2.50,2.60,2.48,2.57,0,2.54
2011/01/05,2.50,2.60,2.48,2.57,0,2.54
2011/01/06,2.50,2.60,2.48,2.57,0,2.54
2011/01/07,2.50,2.60,2.48,2.57,0,2.54
2011/01/10,2.50,2.60,2.48,2.57,0,2.54
2011/01/11,2.50,2.60,2.48,2.57,0,2.54
2011/01/12,2.50,2.60,2.48,2.57,0,2.54
2011/01/13,2.50,2.60,2.48,2.57,0,2.54
2011/01/14,2.50,2.60,2.48,2.57,0,2.54
2011/01/17,2.50,2.60,2.48,2.57,0,2.54
2011/01/18,2.50,2.60,2.48,2.57,0,2.54
2011/01/19,2.50,2.60,2.48,2.57,0,2.54
2011/01/20,2.70,2.70,2.62,2.70,4962342,2.66
2011/01/21,2.72,2.73,2.57,2.57,11082349,2.65
2011/01/24,2.50,2.57,2.44,2.44,3971278,2.50
2011/01/25,2.34,2.39,2.32,2.32,3975087,2.35
2011/01/26,2.31,2.40,2.31,2.36,2038578,2.35
2011/01/27,2.34,2.40,2.32,2.39,2067307,2.36
2011/01/28,2.39,2.40,2.34,2.39,1925008,2.37
2011/01/31,2.39,2.45,2.38,2.43,2528574,2.42
2011/02/01,2.42,2.49,2.42,2.47,1552796,2.46
2011/02/09,2.46,2.50,2.40,2.46,1787277,2.45
2011/02/10,2.47,2.51,2.43,2.50,1710892,2.47
2011/02/11,2.51,2.53,2.48,2.53,1806380,2.50
2011/02/14,2.55,2.56,2.53,2.55,2344895,2.54
2011/02/15,2.55,2.56,2.52,2.55,3148201,2.54
2011/02/16,2.55,2.56,2.52,2.56,1919500,2.54
2011/02/17,2.56,2.65,2.55,2.61,4673615,2.60
2011/02/18,2.56,2.65,2.55,2.61,0,2.60
2011/02/21,2.57,2.66,2.56,2.66,3387647,2.61
2011/02/22,2.66,2.66,2.56,2.56,2554454,2.61
2011/02/23,2.54,2.66,2.54,2.66,2963552,2.60
2011/02/24,2.66,2.79,2.66,2.76,6981237,2.73
2011/02/25,2.72,2.75,2.68,2.71,3673301,2.72
2011/02/28,2.72,2.75,2.70,2.74,2500352,2.73
2011/03/01,2.74,2.78,2.72,2.74,2330712,2.75
2011/03/02,2.74,2.75,2.68,2.72,2639140,2.72
2011/03/03,2.70,2.79,2.69,2.73,4687328,2.74
2011/03/04,2.73,2.76,2.71,2.75,2103981,2.73
2011/03/07,2.76,2.77,2.73,2.74,2499387,2.75
2011/03/08,2.74,2.76,2.72,2.74,1459324,2.74
2011/03/09,2.73,2.74,2.72,2.73,1405869,2.73
2011/03/10,2.72,2.75,2.69,2.73,2310114,2.72
2011/03/11,2.73,2.87,2.73,2.87,4388685,2.80
2011/03/14,2.95,3.01,2.90,3.01,8025164,2.95
2011/03/15,3.10,3.11,2.87,2.94,12073937,2.99
2011/03/16,2.93,3.03,2.87,3.02,6464754,2.95
2011/03/17,2.94,3.02,2.92,2.94,4620510,2.97
2011/03/18,2.95,2.99,2.90,2.95,3201464,2.95
2011/03/21,2.93,2.95,2.87,2.90,2542424,2.91
2011/03/22,2.89,2.92,2.81,2.91,2292862,2.86
2011/03/23,2.90,3.06,2.87,2.97,4127251,2.97
2011/03/24,2.97,3.03,2.91,2.98,3291581,2.97
2011/03/25,2.97,3.05,2.97,2.99,3269994,3.01
2011/03/28,3.04,3.14,3.00,3.14,6909307,3.07
2011/03/29,3.16,3.23,3.05,3.06,6096369,3.14
2011/03/30,3.04,3.08,2.99,3.03,2772601,3.04
2011/03/31,3.02,3.12,3.01,3.03,2826283,3.06
2011/04/01,3.02,3.09,3.00,3.08,2641136,3.04
2011/04/06,3.06,3.07,3.00,3.03,2878366,3.03
2011/04/07,3.06,3.11,3.05,3.07,2502623,3.08
2011/04/08,3.10,3.23,3.09,3.23,5500173,3.16
2011/04/11,3.30,3.39,3.22,3.33,10930508,3.31
2011/04/12,3.29,3.47,3.27,3.40,6756836,3.37
2011/04/13,3.37,3.47,3.33,3.37,4631109,3.40
2011/04/14,3.38,3.46,3.25,3.38,4326726,3.35
2011/04/15,3.35,3.53,3.30,3.48,7321052,3.41
2011/04/18,3.49,3.66,3.45,3.66,11662247,3.56
2011/04/19,3.62,3.84,3.57,3.65,13108468,3.70
2011/04/20,3.63,3.70,3.47,3.48,8517639,3.59
2011/04/21,3.47,3.65,3.42,3.65,10983374,3.53
2011/04/22,3.62,3.71,3.50,3.60,6925208,3.60
2011/04/25,3.42,3.42,3.42,3.42,992100,3.42
2011/04/26,3.25,3.25,3.25,3.25,384200,3.25
2011/04/27,3.09,3.09,3.09,3.09,1366100,3.09
2011/04/28,2.94,2.94,2.94,2.94,1498800,2.94
2011/04/29,2.79,3.06,2.79,2.95,8788586,2.93
2011/05/03,2.92,3.03,2.81,2.96,6514025,2.92
2011/05/04,2.89,3.02,2.87,2.93,5677041,2.95
2011/05/05,2.93,3.01,2.88,2.98,5056989,2.94
2011/05/06,2.93,3.13,2.93,3.12,9302181,3.03
2011/05/09,3.08,3.11,3.05,3.09,4378354,3.08
2011/05/10,3.09,3.19,3.07,3.13,3945744,3.13
2011/05/11,3.13,3.14,3.05,3.09,3007780,3.09
2011/05/12,3.07,3.19,3.03,3.04,4066625,3.11
2011/05/13,3.03,3.15,3.01,3.13,3785572,3.08
2011/05/16,3.12,3.25,3.11,3.17,4029631,3.18
2011/05/17,3.19,3.19,3.03,3.05,3571250,3.11
2011/05/18,3.19,3.19,3.03,3.05,0,3.11
2011/05/19,3.09,3.13,3.05,3.06,2349608,3.09
2011/05/20,3.06,3.06,2.90,2.90,4680618,2.98
2011/05/23,2.82,2.90,2.76,2.76,4257882,2.83
2011/05/24,2.75,2.76,2.63,2.67,3191936,2.69
2011/05/25,2.69,2.72,2.62,2.67,2314457,2.67
2011/05/26,2.67,2.72,2.65,2.67,2374851,2.69
2011/05/27,2.67,2.70,2.55,2.58,2232063,2.63
2011/05/30,2.58,2.61,2.46,2.46,1769954,2.53
2011/05/31,2.50,2.58,2.48,2.58,2334140,2.53
2011/06/01,2.70,2.71,2.66,2.71,3033646,2.69
2011/06/02,2.72,2.85,2.71,2.85,8768671,2.78
2011/06/03,2.85,2.96,2.80,2.93,5898123,2.88
2011/06/07,2.93,2.98,2.85,2.93,4831947,2.92
2011/06/08,2.90,3.06,2.90,3.00,4875495,2.98
2011/06/09,2.96,2.97,2.85,2.85,3994144,2.91
2011/06/10,2.79,2.94,2.79,2.90,2849694,2.86
2011/06/13,2.85,2.95,2.83,2.94,2219298,2.89
2011/06/14,2.92,2.99,2.90,2.94,2743137,2.95
2011/06/15,2.95,3.05,2.93,2.97,4236228,2.99
2011/06/16,2.87,2.92,2.82,2.83,2898509,2.87
2011/06/17,2.81,2.86,2.73,2.73,2305970,2.79
2011/06/20,2.72,2.76,2.67,2.72,1395417,2.71
2011/06/21,2.73,2.77,2.73,2.77,1504388,2.75
2011/06/22,2.75,2.91,2.75,2.91,4072296,2.83
2011/06/23,2.93,3.04,2.91,2.97,6777098,2.98
2011/06/24,2.93,3.12,2.90,3.10,6317695,3.01
2011/06/27,3.07,3.26,3.06,3.26,10317258,3.16
2011/06/28,3.23,3.27,3.13,3.17,6579459,3.20
2011/06/29,3.16,3.27,3.11,3.15,4861574,3.19
2011/06/30,3.14,3.27,3.13,3.16,4269891,3.20
2011/07/01,3.09,3.22,3.09,3.19,3926620,3.16
2011/07/04,3.20,3.29,3.16,3.24,4395769,3.23
2011/07/05,3.40,3.40,3.37,3.40,2111577,3.39
2011/07/06,3.40,3.40,3.37,3.40,0,3.39
2011/07/07,3.23,3.57,3.23,3.30,18033590,3.40
2011/07/08,3.19,3.22,3.14,3.14,11717826,3.18
2011/07/11,3.10,3.19,3.07,3.16,6228136,3.13
2011/07/12,3.13,3.26,3.11,3.20,7132196,3.18
2011/07/13,3.18,3.25,3.18,3.21,5545366,3.22
2011/07/14,3.22,3.30,3.21,3.24,5166102,3.25
2011/07/15,3.26,3.40,3.24,3.40,11452856,3.32
2011/07/18,3.44,3.44,3.30,3.40,10180032,3.37
2011/07/19,3.36,3.57,3.33,3.43,9534297,3.45
2011/07/20,3.42,3.49,3.30,3.34,6742272,3.40
2011/07/21,3.31,3.38,3.30,3.33,3585699,3.34
2011/07/22,3.33,3.48,3.32,3.42,5897571,3.40
2011/07/25,3.38,3.40,3.25,3.25,6070232,3.32
2011/07/26,3.17,3.24,3.14,3.18,3115341,3.19
2011/07/27,3.20,3.26,3.16,3.24,2998231,3.21
2011/07/28,3.20,3.26,3.16,3.24,0,3.21
2011/07/29,3.20,3.26,3.16,3.24,0,3.21
2011/08/01,3.20,3.26,3.16,3.24,0,3.21
2011/08/02,3.20,3.26,3.16,3.24,0,3.21
2011/08/03,3.20,3.26,3.16,3.24,0,3.21
2011/08/04,3.20,3.26,3.16,3.24,0,3.21
2011/08/05,3.20,3.26,3.16,3.24,0,3.21
2011/08/08,3.20,3.26,3.16,3.24,0,3.21
2011/08/09,3.08,3.08,3.08,3.08,295300,3.08
2011/08/10,2.94,3.09,2.94,3.00,6119498,3.01
2011/08/11,2.89,3.03,2.86,3.02,3987323,2.94
2011/08/12,3.09,3.17,3.07,3.17,6105094,3.12
2011/08/15,3.20,3.22,3.16,3.22,4336692,3.19
2011/08/16,3.26,3.36,3.22,3.30,5417973,3.29
2011/08/17,3.28,3.32,3.23,3.26,3747896,3.27
2011/08/18,3.26,3.42,3.17,3.40,10610039,3.29
2011/08/19,3.32,3.45,3.27,3.37,7960827,3.36
2011/08/22,3.33,3.40,3.23,3.25,5841394,3.31
2011/08/23,3.24,3.33,3.20,3.27,4523206,3.27
2011/08/24,3.26,3.40,3.26,3.35,7444545,3.33
2011/08/25,3.26,3.40,3.26,3.35,0,3.33
2011/08/26,3.34,3.52,3.33,3.52,7899356,3.43
2011/08/29,3.57,3.68,3.50,3.57,12480010,3.59
2011/08/30,3.54,3.58,3.39,3.40,7986791,3.49
2011/08/31,3.37,3.57,3.30,3.57,9596532,3.43
2011/09/01,3.63,3.75,3.60,3.75,18669704,3.68
2011/09/02,3.70,3.75,3.57,3.63,11402161,3.66
2011/09/05,3.50,3.57,3.45,3.45,6906986,3.51
2011/09/06,3.36,3.62,3.30,3.62,10283829,3.46
2011/09/07,3.60,3.74,3.58,3.66,9562842,3.66
2011/09/08,3.65,3.83,3.60,3.70,9096851,3.72
2011/09/09,3.65,3.88,3.62,3.88,9354049,3.75
2011/09/13,3.90,4.07,3.80,3.83,21528541,3.94
2011/09/14,3.87,4.03,3.76,4.03,13829243,3.90
2011/09/15,4.09,4.23,4.08,4.23,17512211,4.16
2011/09/16,4.24,4.44,4.20,4.44,14138424,4.32
2011/09/19,4.53,4.66,4.35,4.37,26214706,4.50
2011/09/20,4.29,4.58,4.18,4.48,17388929,4.38
2011/09/21,4.50,4.71,4.49,4.71,19693281,4.60
2011/09/22,4.78,4.94,4.75,4.94,18053766,4.85
2011/09/23,4.96,5.06,4.70,4.70,18430205,4.88
2011/09/26,4.46,4.46,4.46,4.46,1766100,4.46
2011/09/27,4.24,4.24,4.24,4.24,2554700,4.24
2011/09/28,4.03,4.42,4.03,4.19,18428353,4.23
2011/09/29,4.08,4.11,3.98,3.98,2469312,4.05
2011/09/30,3.78,3.96,3.78,3.79,17181946,3.87
2011/10/10,3.82,3.93,3.69,3.76,11053400,3.81
2011/10/11,3.82,3.93,3.69,3.76,0,3.81
2011/10/12,3.82,3.93,3.69,3.76,0,3.81
2011/10/13,3.82,3.93,3.69,3.76,0,3.81
2011/10/14,3.82,3.93,3.69,3.76,0,3.81
2011/10/17,3.82,3.93,3.69,3.76,0,3.81
2011/10/18,3.82,3.93,3.69,3.76,0,3.81
2011/10/19,3.82,3.93,3.69,3.76,0,3.81
2011/10/20,3.82,3.93,3.69,3.76,0,3.81
2011/10/21,3.82,3.93,3.69,3.76,0,3.81
2011/10/24,3.82,3.93,3.69,3.76,0,3.81
2011/10/25,3.82,3.93,3.69,3.76,0,3.81
2011/10/26,3.82,3.93,3.69,3.76,0,3.81
2011/10/27,3.82,3.93,3.69,3.76,0,3.81
2011/10/28,3.82,3.93,3.69,3.76,0,3.81
2011/10/31,3.82,3.93,3.69,3.76,0,3.81
2011/11/01,3.82,3.93,3.69,3.76,0,3.81
2011/11/02,3.82,3.93,3.69,3.76,0,3.81
2011/11/03,3.82,3.93,3.69,3.76,0,3.81
2011/11/04,3.82,3.93,3.69,3.76,0,3.81
2011/11/07,3.82,3.93,3.69,3.76,0,3.81
2011/11/08,3.82,3.93,3.69,3.76,0,3.81
2011/11/09,3.82,3.93,3.69,3.76,0,3.81
2011/11/10,3.82,3.93,3.69,3.76,0,3.81
2011/11/11,3.82,3.93,3.69,3.76,0,3.81
2011/11/14,3.82,3.93,3.69,3.76,0,3.81
2011/11/15,3.82,3.93,3.69,3.76,0,3.81
2011/11/16,3.82,3.93,3.69,3.76,0,3.81
2011/11/17,3.82,3.93,3.69,3.76,0,3.81
2011/11/18,3.82,3.93,3.69,3.76,0,3.81
2011/11/21,3.82,3.93,3.69,3.76,0,3.81
2011/11/22,3.82,3.93,3.69,3.76,0,3.81
2011/11/23,3.82,3.93,3.69,3.76,0,3.81
2011/11/24,3.82,3.93,3.69,3.76,0,3.81
2011/11/25,3.82,3.93,3.69,3.76,0,3.81
2011/11/28,3.82,3.93,3.69,3.76,0,3.81
2011/11/29,3.82,3.93,3.69,3.76,0,3.81
2011/11/30,3.82,3.93,3.69,3.76,0,3.81
2011/12/01,3.82,3.93,3.69,3.76,0,3.81
2011/12/02,3.82,3.93,3.69,3.76,0,3.81
2011/12/05,3.57,3.57,3.57,3.57,2324800,3.57
2011/12/06,3.39,3.39,3.39,3.39,245700,3.39
2011/12/07,3.22,3.22,3.22,3.22,569000,3.22
2011/12/08,3.06,3.06,3.06,3.06,1591400,3.06
2011/12/09,2.91,2.91,2.91,2.91,2692400,2.91
2011/12/12,2.76,2.87,2.76,2.76,18720491,2.81
2011/12/13,2.62,2.67,2.62,2.62,5820023,2.65
2011/12/14,2.49,2.53,2.49,2.49,9714160,2.51
2011/12/15,2.39,2.41,2.37,2.37,2054700,2.39
2011/12/16,2.25,2.29,2.25,2.26,10885942,2.27
2011/12/19,2.15,2.37,2.14,2.37,14239246,2.26
2011/12/20,2.39,2.49,2.39,2.49,7990894,2.44
2011/12/21,2.59,2.61,2.53,2.61,3501732,2.57
2011/12/22,2.71,2.74,2.48,2.68,16000069,2.61
2011/12/23,2.57,2.76,2.57,2.66,8849008,2.66
2011/12/26,2.64,2.73,2.53,2.53,7126343,2.63
2011/12/27,2.48,2.48,2.40,2.40,5820453,2.44
2011/12/28,2.29,2.52,2.28,2.52,9456828,2.40
2011/12/29,2.53,2.65,2.52,2.65,11447600,2.58
2011/12/30,2.69,2.77,2.57,2.71,14438813,2.67
2012/01/04,2.69,2.77,2.57,2.71,0,2.67
2012/01/05,2.69,2.77,2.57,2.71,0,2.67
2012/01/06,2.69,2.77,2.57,2.71,0,2.67
2012/01/09,2.69,2.77,2.57,2.71,0,2.67
2012/01/10,2.69,2.77,2.57,2.71,0,2.67
2012/01/11,2.69,2.77,2.57,2.71,0,2.67
2012/01/12,2.69,2.77,2.57,2.71,0,2.67
2012/01/13,2.69,2.77,2.57,2.71,0,2.67
2012/01/16,2.69,2.77,2.57,2.71,0,2.67
2012/01/17,2.69,2.77,2.57,2.71,0,2.67
2012/01/18,2.69,2.77,2.57,2.71,0,2.67
2012/01/19,2.69,2.77,2.57,2.71,0,2.67
2012/01/20,2.69,2.77,2.57,2.71,0,2.67
2012/01/30,2.69,2.77,2.57,2.71,0,2.67
2012/01/31,2.69,2.77,2.57,2.71,0,2.67
2012/02/01,2.69,2.77,2.57,2.71,0,2.67
2012/02/02,2.69,2.77,2.57,2.71,0,2.67
2012/02/03,2.69,2.77,2.57,2.71,0,2.67
2012/02/06,2.69,2.77,2.57,2.71,0,2.67
2012/02/07,2.69,2.77,2.57,2.71,0,2.67
2012/02/08,2.69,2.77,2.57,2.71,0,2.67
2012/02/09,2.69,2.77,2.57,2.71,0,2.67
2012/02/10,2.69,2.77,2.57,2.71,0,2.67
2012/02/13,2.69,2.77,2.57,2.71,0,2.67
2012/02/14,2.69,2.77,2.57,2.71,0,2.67
2012/02/15,2.69,2.77,2.57,2.71,0,2.67
2012/02/16,2.69,2.77,2.57,2.71,0,2.67
2012/02/17,2.69,2.77,2.57,2.71,0,2.67
2012/02/20,2.69,2.77,2.57,2.71,0,2.67
2012/02/21,2.69,2.77,2.57,2.71,0,2.67
2012/02/22,2.69,2.77,2.57,2.71,0,2.67
2012/02/23,2.69,2.77,2.57,2.71,0,2.67
2012/02/24,2.69,2.77,2.57,2.71,0,2.67
2012/02/27,2.69,2.77,2.57,2.71,0,2.67
2012/02/28,2.69,2.77,2.57,2.71,0,2.67
2012/02/29,2.69,2.77,2.57,2.71,0,2.67
2012/03/01,2.69,2.77,2.57,2.71,0,2.67
2012/03/02,2.69,2.77,2.57,2.71,0,2.67
2012/03/05,2.69,2.77,2.57,2.71,0,2.67
2012/03/06,2.69,2.77,2.57,2.71,0,2.67
2012/03/07,2.69,2.77,2.57,2.71,0,2.67
2012/03/08,2.69,2.77,2.57,2.71,0,2.67
2012/03/09,2.69,2.77,2.57,2.71,0,2.67
2012/03/12,2.69,2.77,2.57,2.71,0,2.67
2012/03/13,2.69,2.77,2.57,2.71,0,2.67
2012/03/14,2.69,2.77,2.57,2.71,0,2.67
2012/03/15,2.69,2.77,2.57,2.71,0,2.67
2012/03/16,2.69,2.77,2.57,2.71,0,2.67
2012/03/19,2.69,2.77,2.57,2.71,0,2.67
2012/03/20,2.69,2.77,2.57,2.71,0,2.67
2012/03/21,2.69,2.77,2.57,2.71,0,2.67
2012/03/22,2.69,2.77,2.57,2.71,0,2.67
2012/03/23,2.69,2.77,2.57,2.71,0,2.67
2012/03/26,2.69,2.77,2.57,2.71,0,2.67
2012/03/27,2.69,2.77,2.57,2.71,0,2.67
2012/03/28,2.69,2.77,2.57,2.71,0,2.67
2012/03/29,2.69,2.77,2.57,2.71,0,2.67
2012/03/30,2.69,2.77,2.57,2.71,0,2.67
2012/04/05,2.69,2.77,2.57,2.71,0,2.67
2012/04/06,2.69,2.77,2.57,2.71,0,2.67
2012/04/09,2.69,2.77,2.57,2.71,0,2.67
2012/04/10,2.69,2.77,2.57,2.71,0,2.67
2012/04/11,2.69,2.77,2.57,2.71,0,2.67
2012/04/12,2.69,2.77,2.57,2.71,0,2.67
2012/04/13,2.69,2.77,2.57,2.71,0,2.67
2012/04/16,2.69,2.77,2.57,2.71,0,2.67
2012/04/17,2.69,2.77,2.57,2.71,0,2.67
2012/04/18,2.69,2.77,2.57,2.71,0,2.67
2012/04/19,2.69,2.77,2.57,2.71,0,2.67
2012/04/20,2.69,2.77,2.57,2.71,0,2.67
2012/04/23,2.69,2.77,2.57,2.71,0,2.67
2012/04/24,2.69,2.77,2.57,2.71,0,2.67
2012/04/25,2.69,2.77,2.57,2.71,0,2.67
2012/04/26,2.69,2.77,2.57,2.71,0,2.67
2012/04/27,2.69,2.77,2.57,2.71,0,2.67
2012/05/02,2.69,2.77,2.57,2.71,0,2.67
2012/05/03,2.69,2.77,2.57,2.71,0,2.67
2012/05/04,2.69,2.77,2.57,2.71,0,2.67
2012/05/07,2.69,2.77,2.57,2.71,0,2.67
2012/05/08,2.69,2.77,2.57,2.71,0,2.67
2012/05/09,2.69,2.77,2.57,2.71,0,2.67
2012/05/10,2.69,2.77,2.57,2.71,0,2.67
2012/05/11,2.69,2.77,2.57,2.71,0,2.67
2012/05/14,2.69,2.77,2.57,2.71,0,2.67
2012/05/15,2.69,2.77,2.57,2.71,0,2.67
2012/05/16,2.69,2.77,2.57,2.71,0,2.67
2012/05/17,2.69,2.77,2.57,2.71,0,2.67
2012/05/18,2.69,2.77,2.57,2.71,0,2.67
2012/05/21,2.69,2.77,2.57,2.71,0,2.67
2012/05/22,2.69,2.77,2.57,2.71,0,2.67
2012/05/23,2.69,2.77,2.57,2.71,0,2.67
2012/05/24,2.69,2.77,2.57,2.71,0,2.67
2012/05/25,2.69,2.77,2.57,2.71,0,2.67
2012/05/28,2.69,2.77,2.57,2.71,0,2.67
2012/05/29,2.69,2.77,2.57,2.71,0,2.67
2012/05/30,2.69,2.77,2.57,2.71,0,2.67
2012/05/31,2.69,2.77,2.57,2.71,0,2.67
2012/06/01,2.69,2.77,2.57,2.71,0,2.67
2012/06/04,2.69,2.77,2.57,2.71,0,2.67
2012/06/05,2.69,2.77,2.57,2.71,0,2.67
2012/06/06,2.69,2.77,2.57,2.71,0,2.67
2012/06/07,2.69,2.77,2.57,2.71,0,2.67
2012/06/08,2.69,2.77,2.57,2.71,0,2.67
2012/06/11,2.69,2.77,2.57,2.71,0,2.67
2012/06/12,2.69,2.77,2.57,2.71,0,2.67
2012/06/13,2.69,2.77,2.57,2.71,0,2.67
2012/06/14,2.69,2.77,2.57,2.71,0,2.67
2012/06/15,2.69,2.77,2.57,2.71,0,2.67
2012/06/18,2.69,2.77,2.57,2.71,0,2.67
2012/06/19,2.69,2.77,2.57,2.71,0,2.67
2012/06/20,2.69,2.77,2.57,2.71,0,2.67
2012/06/21,2.69,2.77,2.57,2.71,0,2.67
2012/06/25,2.69,2.77,2.57,2.71,0,2.67
2012/06/26,2.69,2.77,2.57,2.71,0,2.67
2012/06/27,2.69,2.77,2.57,2.71,0,2.67
2012/06/28,2.69,2.77,2.57,2.71,0,2.67
2012/06/29,2.69,2.77,2.57,2.71,0,2.67
2012/07/02,2.69,2.77,2.57,2.71,0,2.67
2012/07/03,2.69,2.77,2.57,2.71,0,2.67
2012/07/04,2.69,2.77,2.57,2.71,0,2.67
2012/07/05,2.69,2.77,2.57,2.71,0,2.67
2012/07/06,2.69,2.77,2.57,2.71,0,2.67
2012/07/09,2.69,2.77,2.57,2.71,0,2.67
2012/07/10,2.69,2.77,2.57,2.71,0,2.67
2012/07/11,2.69,2.77,2.57,2.71,0,2.67
2012/07/12,2.69,2.77,2.57,2.71,0,2.67
2012/07/13,2.69,2.77,2.57,2.71,0,2.67
2012/07/16,2.69,2.77,2.57,2.71,0,2.67
2012/07/17,2.69,2.77,2.57,2.71,0,2.67
2012/07/18,2.69,2.77,2.57,2.71,0,2.67
2012/07/19,2.69,2.77,2.57,2.71,0,2.67
2012/07/20,2.69,2.77,2.57,2.71,0,2.67
2012/07/23,2.69,2.77,2.57,2.71,0,2.67
2012/07/24,2.69,2.77,2.57,2.71,0,2.67
2012/07/25,2.69,2.77,2.57,2.71,0,2.67
2012/07/26,2.69,2.77,2.57,2.71,0,2.67
2012/07/27,2.69,2.77,2.57,2.71,0,2.67
2012/07/30,2.69,2.77,2.57,2.71,0,2.67
2012/07/31,2.69,2.77,2.57,2.71,0,2.67
2012/08/01,2.69,2.77,2.57,2.71,0,2.67
2012/08/02,2.69,2.77,2.57,2.71,0,2.67
2012/08/03,2.69,2.77,2.57,2.71,0,2.67
2012/08/06,2.69,2.77,2.57,2.71,0,2.67
2012/08/07,2.69,2.77,2.57,2.71,0,2.67
2012/08/08,2.69,2.77,2.57,2.71,0,2.67
2012/08/09,2.69,2.77,2.57,2.71,0,2.67
2012/08/10,2.69,2.77,2.57,2.71,0,2.67
2012/08/13,2.69,2.77,2.57,2.71,0,2.67
2012/08/14,2.69,2.77,2.57,2.71,0,2.67
2012/08/15,2.69,2.77,2.57,2.71,0,2.67
2012/08/16,2.69,2.77,2.57,2.71,0,2.67
2012/08/17,2.69,2.77,2.57,2.71,0,2.67
2012/08/20,2.69,2.77,2.57,2.71,0,2.67
2012/08/21,2.69,2.77,2.57,2.71,0,2.67
2012/08/22,2.69,2.77,2.57,2.71,0,2.67
2012/08/23,2.69,2.77,2.57,2.71,0,2.67
2012/08/24,2.69,2.77,2.57,2.71,0,2.67
2012/08/27,2.69,2.77,2.57,2.71,0,2.67
2012/08/28,2.69,2.77,2.57,2.71,0,2.67
2012/08/29,2.69,2.77,2.57,2.71,0,2.67
2012/08/30,2.69,2.77,2.57,2.71,0,2.67
2012/08/31,2.69,2.77,2.57,2.71,0,2.67
2012/09/03,2.69,2.77,2.57,2.71,0,2.67
2012/09/04,2.69,2.77,2.57,2.71,0,2.67
2012/09/05,2.69,2.77,2.57,2.71,0,2.67
2012/09/06,2.69,2.77,2.57,2.71,0,2.67
2012/09/07,2.69,2.77,2.57,2.71,0,2.67
2012/09/10,2.69,2.77,2.57,2.71,0,2.67
2012/09/11,2.69,2.77,2.57,2.71,0,2.67
2012/09/12,2.69,2.77,2.57,2.71,0,2.67
2012/09/13,2.69,2.77,2.57,2.71,0,2.67
2012/09/14,2.69,2.77,2.57,2.71,0,2.67
2012/09/17,2.69,2.77,2.57,2.71,0,2.67
2012/09/18,2.69,2.77,2.57,2.71,0,2.67
2012/09/19,2.69,2.77,2.57,2.71,0,2.67
2012/09/20,2.69,2.77,2.57,2.71,0,2.67
2012/09/21,2.69,2.77,2.57,2.71,0,2.67
2012/09/24,2.69,2.77,2.57,2.71,0,2.67
2012/09/25,2.69,2.77,2.57,2.71,0,2.67
2012/09/26,2.69,2.77,2.57,2.71,0,2.67
2012/09/27,2.69,2.77,2.57,2.71,0,2.67
2012/09/28,2.69,2.77,2.57,2.71,0,2.67
2012/10/08,2.58,2.85,2.58,2.85,7779515,2.72
2012/10/09,2.90,2.99,2.89,2.99,7127596,2.94
2012/10/10,3.13,3.14,3.07,3.14,3207248,3.10
2012/10/11,3.30,3.30,2.99,3.06,14743964,3.15
2012/10/12,3.03,3.15,2.91,2.93,7096402,3.03
2012/10/15,2.97,3.08,2.91,3.08,4966243,3.00
2012/10/16,3.10,3.18,2.93,2.96,8333715,3.06
2012/10/17,2.92,2.94,2.84,2.87,5549005,2.89
2012/10/18,2.85,2.92,2.78,2.82,5567761,2.85
2012/10/19,2.80,2.93,2.80,2.86,5680695,2.86
2012/10/22,2.84,2.98,2.81,2.93,5061681,2.90
2012/10/23,2.91,2.93,2.81,2.81,4402334,2.87
2012/10/24,2.79,2.93,2.70,2.89,7560788,2.82
2012/10/25,2.87,2.93,2.74,2.75,5772600,2.84
2012/10/26,2.70,2.75,2.61,2.61,4474333,2.68
2012/10/29,2.59,2.60,2.50,2.50,3218648,2.55
2012/10/30,2.50,2.56,2.43,2.50,4270393,2.50
2012/10/31,2.47,2.63,2.47,2.63,2644309,2.55
2012/11/01,2.68,2.75,2.67,2.68,8595294,2.71
2012/11/02,2.67,2.75,2.67,2.71,3887077,2.71
2012/11/05,2.73,2.81,2.68,2.76,5272946,2.75
2012/11/06,2.76,2.76,2.63,2.63,5677852,2.69
2012/11/07,2.61,2.77,2.61,2.77,3977075,2.69
2012/11/08,2.80,2.91,2.77,2.91,10214396,2.84
2012/11/09,3.03,3.05,2.86,2.94,17116163,2.95
2012/11/12,2.89,2.91,2.79,2.79,9589941,2.85
2012/11/13,2.75,2.83,2.67,2.70,5539271,2.75
2012/11/14,2.73,2.74,2.62,2.71,4057978,2.68
2012/11/15,2.70,2.75,2.64,2.64,3077524,2.70
2012/11/16,2.70,2.77,2.67,2.77,2463961,2.72
2012/11/19,2.84,2.91,2.74,2.83,6896164,2.83
2012/11/20,2.80,2.82,2.71,2.73,4458092,2.76
2012/11/21,2.71,2.79,2.65,2.75,4614931,2.72
2012/11/22,2.76,2.76,2.70,2.71,2974462,2.73
2012/11/23,2.68,2.72,2.66,2.68,3193987,2.69
2012/11/26,2.68,2.75,2.67,2.68,2429737,2.71
2012/11/27,2.68,2.68,2.55,2.55,2956829,2.61
2012/11/28,2.43,2.52,2.42,2.52,4736289,2.47
2012/11/29,2.50,2.52,2.39,2.39,2913165,2.46
2012/11/30,2.37,2.44,2.29,2.42,2726835,2.36
2012/12/03,2.33,2.42,2.30,2.30,3976127,2.36
2012/12/04,2.27,2.36,2.19,2.31,3683315,2.27
2012/12/05,2.39,2.43,2.34,2.43,1784066,2.39
2012/12/06,2.48,2.53,2.41,2.47,5743938,2.47
2012/12/07,2.44,2.51,2.41,2.48,4632374,2.46
2012/12/10,2.45,2.60,2.44,2.55,4970561,2.52
2012/12/11,2.53,2.60,2.49,2.55,3837900,2.55
2012/12/12,2.54,2.58,2.51,2.55,3405645,2.54
2012/12/13,2.54,2.58,2.51,2.55,0,2.54
2012/12/14,2.54,2.58,2.51,2.55,0,2.54
2012/12/17,2.54,2.58,2.51,2.55,0,2.54
2012/12/18,2.54,2.58,2.51,2.55,0,2.54
2012/12/19,2.54,2.58,2.51,2.55,0,2.54
2012/12/20,2.67,2.67,2.67,2.67,162634,2.67
2012/12/21,2.81,2.81,2.81,2.81,1277577,2.81
2012/12/24,2.88,2.88,2.68,2.69,9026345,2.78
2012/12/25,2.71,2.78,2.67,2.77,6251977,2.72
2012/12/26,2.71,2.78,2.67,2.77,0,2.72
2012/12/27,3.05,3.05,3.05,3.05,833468,3.05
2012/12/28,3.36,3.36,3.36,3.36,1941393,3.36
2012/12/31,3.62,3.69,3.53,3.69,27836032,3.61
2013/01/04,3.73,4.06,3.57,4.06,36031946,3.81
2013/01/07,4.00,4.45,3.92,4.24,33420184,4.19
2013/01/08,4.13,4.48,4.06,4.13,29639877,4.27
2013/01/09,4.14,4.24,4.01,4.06,20292072,4.13
2013/01/10,4.03,4.08,3.92,4.00,18470257,4.00
2013/01/11,4.01,4.06,3.87,4.00,17878340,3.96
2013/01/14,3.94,4.10,3.94,4.06,19369936,4.02
2013/01/15,4.02,4.29,3.99,4.19,24514350,4.14
2013/01/16,4.19,4.33,3.83,3.94,21278733,4.08
2013/01/17,3.93,3.93,3.65,3.72,15031352,3.79
2013/01/18,3.72,3.76,3.67,3.73,9279435,3.71
2013/01/21,3.85,4.10,3.85,3.90,15742071,3.97
2013/01/22,3.78,3.90,3.75,3.90,10285628,3.82
2013/01/23,3.95,4.27,3.90,4.20,23665927,4.08
2013/01/24,4.20,4.20,3.78,3.86,17728016,3.99
2013/01/25,3.85,3.85,3.67,3.72,8495773,3.76
2013/01/28,3.70,3.82,3.68,3.81,7807635,3.75
2013/01/29,3.78,3.86,3.74,3.80,7358537,3.80
2013/01/30,3.80,3.81,3.70,3.74,7595515,3.76
2013/01/31,3.75,3.82,3.70,3.74,5651581,3.76
2013/02/01,3.70,3.73,3.52,3.58,7864425,3.63
2013/02/04,3.55,3.61,3.38,3.47,8047583,3.49
2013/02/05,3.45,3.62,3.42,3.59,7002522,3.52
2013/02/06,3.59,3.62,3.53,3.57,4351691,3.57
2013/02/07,3.57,3.61,3.50,3.53,3540983,3.55
2013/02/08,3.52,3.58,3.52,3.57,2807308,3.55
2013/02/18,3.59,3.74,3.59,3.71,8260006,3.67
2013/02/19,3.72,3.74,3.60,3.63,4643042,3.67
2013/02/20,3.60,3.69,3.58,3.68,3070885,3.64
2013/02/21,3.65,3.66,3.47,3.47,5264447,3.57
2013/02/22,3.47,3.52,3.42,3.51,3395008,3.47
2013/02/25,3.51,3.65,3.47,3.64,4492392,3.56
2013/02/26,3.61,3.75,3.57,3.65,9147250,3.66
2013/02/27,3.65,3.73,3.62,3.72,5905004,3.68
2013/02/28,3.83,3.94,3.75,3.79,15003607,3.84
2013/03/01,3.74,3.89,3.74,3.84,9182446,3.82
2013/03/04,3.84,3.84,3.47,3.51,8797120,3.66
2013/03/05,3.51,3.66,3.43,3.64,6274145,3.55
2013/03/06,3.76,3.86,3.73,3.76,10061774,3.79
2013/03/07,3.67,3.76,3.66,3.74,7000122,3.71
2013/03/08,3.74,4.00,3.71,3.93,14237798,3.85
2013/03/11,3.92,4.19,3.86,4.03,16557049,4.03
2013/03/12,3.97,4.02,3.71,3.86,11112282,3.86
2013/03/13,3.80,4.10,3.73,4.02,11348825,3.91
2013/03/14,4.03,4.06,3.89,3.92,8294362,3.97
2013/03/15,3.85,4.02,3.83,3.84,7405065,3.92
2013/03/18,3.83,3.83,3.65,3.65,6252434,3.74
2013/03/19,3.63,3.70,3.53,3.61,4012165,3.61
2013/03/20,3.63,3.74,3.63,3.72,3593642,3.69
2013/03/21,3.71,3.80,3.69,3.79,4863226,3.74
2013/03/22,3.76,4.10,3.61,4.01,17125616,3.85
2013/03/25,3.90,4.10,3.90,3.94,12263471,4.00
2013/03/26,3.89,4.30,3.86,4.22,19765899,4.08
2013/03/27,4.16,4.22,4.07,4.10,13842602,4.15
2013/03/28,4.05,4.07,3.88,3.93,7807466,3.98
2013/03/29,3.93,4.10,3.92,4.00,7881994,4.01
2013/04/01,4.04,4.27,4.03,4.15,12634983,4.15
2013/04/02,4.11,4.29,4.00,4.26,13834738,4.15
2013/04/03,4.23,4.32,4.17,4.19,12576553,4.25
2013/04/08,4.06,4.06,3.77,3.77,12817470,3.91
2013/04/09,3.70,3.83,3.67,3.75,6536237,3.75
2013/04/10,3.75,3.82,3.71,3.78,4927507,3.76
2013/04/11,3.77,3.80,3.63,3.63,6097813,3.71
2013/04/12,3.60,3.72,3.57,3.64,4390385,3.65
2013/04/15,3.61,3.64,3.50,3.53,3926730,3.57
2013/04/16,3.47,3.53,3.34,3.53,4376889,3.43
2013/04/17,3.49,3.59,3.48,3.58,3036754,3.53
2013/04/18,3.55,3.64,3.51,3.60,3084693,3.57
2013/04/19,3.57,3.66,3.57,3.62,3890233,3.61
2013/04/22,3.57,3.60,3.47,3.53,3951429,3.54
2013/04/23,3.50,3.59,3.49,3.49,3858213,3.54
2013/04/24,3.50,3.57,3.48,3.55,3511693,3.52
2013/04/25,3.55,3.58,3.38,3.39,4089619,3.48
2013/04/26,3.39,3.48,3.33,3.35,2649252,3.41
2013/05/02,3.33,3.41,3.28,3.34,1829623,3.34
2013/05/03,3.38,3.43,3.35,3.39,2089899,3.39
2013/05/06,3.38,3.47,3.36,3.47,3186374,3.42
2013/05/07,3.38,3.47,3.36,3.47,0,3.42
2013/05/08,3.43,3.59,3.43,3.52,4762017,3.51
2013/05/09,3.50,3.52,3.41,3.48,3259242,3.47
2013/05/10,3.47,3.58,3.41,3.53,3489823,3.50
2013/05/13,3.54,3.62,3.51,3.59,5059436,3.56
2013/05/14,3.60,3.70,3.54,3.63,8441806,3.62
2013/05/15,3.64,3.96,3.64,3.76,11825253,3.80
2013/05/16,3.70,3.77,3.63,3.74,6481455,3.70
2013/05/17,3.71,3.83,3.69,3.73,6065683,3.76
2013/05/20,3.70,3.80,3.64,3.76,6920797,3.72
2013/05/21,3.74,3.81,3.71,3.81,7804520,3.76
2013/05/22,3.79,3.85,3.75,3.76,7528284,3.80
2013/05/23,3.75,3.83,3.72,3.74,5045303,3.78
2013/05/24,3.76,3.81,3.72,3.76,3809145,3.77
2013/05/27,3.74,3.93,3.74,3.88,8343263,3.84
2013/05/28,3.92,3.92,3.77,3.83,6222806,3.84
2013/05/29,3.82,3.82,3.74,3.80,5083833,3.78
2013/05/30,3.79,3.80,3.75,3.76,3567361,3.77
2013/05/31,3.77,3.85,3.69,3.83,6715461,3.77
2013/06/03,3.79,3.96,3.77,3.91,10995793,3.86
2013/06/04,3.91,3.93,3.74,3.75,6440083,3.84
2013/06/05,3.77,3.81,3.70,3.71,3597566,3.76
2013/06/06,3.70,3.70,3.43,3.43,5810270,3.57
2013/06/07,3.43,3.48,3.40,3.45,2781259,3.44
2013/06/13,3.43,3.43,3.17,3.22,2752501,3.30
2013/06/14,3.22,3.27,3.22,3.24,1826309,3.25
2013/06/17,3.24,3.28,3.17,3.24,2262835,3.22
2013/06/18,3.26,3.42,3.23,3.41,3870038,3.32
2013/06/19,3.42,3.43,3.27,3.35,2906922,3.35
2013/06/20,3.33,3.33,3.18,3.19,2121454,3.26
2013/06/21,3.08,3.23,2.87,3.22,5505599,3.05
2013/06/24,3.12,3.15,2.92,2.97,3302474,3.03
2013/06/25,2.87,2.99,2.67,2.85,4072620,2.83
2013/06/26,2.87,2.91,2.80,2.88,2086691,2.85
2013/06/27,2.89,2.99,2.82,2.83,3304482,2.91
2013/06/28,2.82,2.87,2.70,2.74,2725886,2.79
2013/07/01,2.74,2.85,2.70,2.83,2608379,2.78
2013/07/02,2.82,2.90,2.78,2.87,3095157,2.84
2013/07/03,2.85,2.91,2.80,2.84,2942800,2.85
2013/07/04,2.84,2.91,2.76,2.85,4750803,2.83
2013/07/05,2.83,2.90,2.82,2.85,3916527,2.86
2013/07/08,2.80,2.80,2.57,2.57,4473489,2.68
2013/07/09,2.52,2.60,2.52,2.53,2578224,2.56
2013/07/10,2.51,2.63,2.51,2.62,3221040,2.57
2013/07/11,2.61,2.75,2.59,2.70,5040273,2.67
2013/07/12,2.73,2.80,2.68,2.69,3697125,2.74
2013/07/15,2.75,2.75,2.67,2.75,3578257,2.71
2013/07/16,2.87,3.00,2.79,2.94,8064866,2.90
2013/07/17,2.88,2.92,2.81,2.84,4748787,2.86
2013/07/18,2.83,2.83,2.74,2.76,3048232,2.79
2013/07/19,2.73,2.78,2.62,2.62,3047414,2.70
2013/07/22,2.62,2.76,2.39,2.76,3052440,2.57
2013/07/23,2.78,2.85,2.73,2.80,4096637,2.79
2013/07/24,2.80,2.88,2.78,2.83,3878964,2.83
2013/07/25,2.83,2.97,2.82,2.89,7577046,2.90
2013/07/26,2.86,3.05,2.84,2.99,9861438,2.94
2013/07/29,2.94,2.95,2.81,2.93,5514000,2.88
2013/07/30,2.89,3.13,2.84,3.08,10809875,2.98
2013/07/31,3.03,3.05,2.96,3.01,5927504,3.00
2013/08/01,3.00,3.03,2.94,2.99,5239474,2.98
2013/08/02,3.00,3.02,2.94,2.96,3776946,2.98
2013/08/05,2.95,3.02,2.95,2.98,3787279,2.99
2013/08/06,3.05,3.06,2.97,2.99,4872229,3.02
2013/08/07,2.96,2.98,2.87,2.87,4779836,2.93
2013/08/08,2.88,2.92,2.87,2.88,2544621,2.90
2013/08/09,2.89,2.92,2.86,2.90,3122449,2.89
2013/08/12,2.89,3.02,2.87,2.97,5811167,2.95
2013/08/13,2.96,3.09,2.93,3.06,8182169,3.01
2013/08/14,3.06,3.10,2.98,3.03,5949775,3.04
2013/08/15,3.04,3.27,3.04,3.15,12303473,3.16
2013/08/16,3.08,3.16,2.98,2.98,8772741,3.07
2013/08/19,2.97,3.06,2.93,3.02,4148886,3.00
2013/08/20,3.00,3.05,2.92,2.96,5112050,2.98
2013/08/21,2.94,2.96,2.91,2.93,3402003,2.94
2013/08/22,2.92,3.05,2.91,3.03,6130156,2.98
2013/08/23,3.03,3.17,3.00,3.07,8987972,3.08
2013/08/26,3.03,3.07,2.97,3.06,5575544,3.02
2013/08/27,3.03,3.12,3.03,3.09,5171486,3.07
2013/08/28,3.07,3.07,3.00,3.02,4445361,3.03
2013/08/29,3.01,3.04,2.94,2.97,3468517,2.99
2013/08/30,2.95,2.97,2.83,2.84,3828156,2.90
2013/09/02,2.84,2.95,2.82,2.92,2655033,2.89
2013/09/03,2.95,2.98,2.92,2.95,2710283,2.95
2013/09/04,2.95,3.24,2.92,3.24,17068055,3.08
2013/09/05,3.24,3.38,3.10,3.26,19255017,3.24
2013/09/06,3.23,3.25,3.13,3.17,11040105,3.19
2013/09/09,3.16,3.32,3.12,3.31,15197412,3.22
2013/09/10,3.28,3.39,3.26,3.27,10137031,3.32
2013/09/11,3.23,3.26,3.14,3.18,7031780,3.20
2013/09/12,3.18,3.23,3.13,3.17,5073585,3.18
2013/09/13,3.17,3.24,3.15,3.20,4180043,3.20
2013/09/16,3.21,3.22,3.12,3.14,4128686,3.17
2013/09/17,3.14,3.17,3.09,3.09,3284477,3.13
2013/09/18,3.09,3.12,3.00,3.03,4461377,3.06
2013/09/23,3.01,3.16,3.01,3.15,5136366,3.08
2013/09/24,3.18,3.25,3.15,3.18,7379933,3.20
2013/09/25,3.18,3.20,3.10,3.11,4174579,3.15
2013/09/26,3.09,3.10,2.99,3.00,3984036,3.05
2013/09/27,3.00,3.05,2.99,3.03,2881259,3.02
2013/09/30,3.01,3.06,3.01,3.04,2660355,3.03
2013/10/08,3.04,3.12,2.99,3.08,4478977,3.06
2013/10/09,3.08,3.16,3.04,3.14,5439119,3.10
2013/10/10,3.13,3.28,3.11,3.21,11077974,3.19
2013/10/11,3.21,3.25,3.15,3.18,11150589,3.20
2013/10/14,3.19,3.21,3.13,3.15,5832879,3.17
2013/10/15,3.15,3.18,3.10,3.18,5653809,3.14
2013/10/16,3.18,3.18,2.97,2.99,6295041,3.08
2013/10/17,3.01,3.04,2.95,2.97,3814366,3.00
2013/10/18,2.96,2.99,2.93,2.97,2773426,2.96
2013/10/21,2.96,3.13,2.94,3.10,5845607,3.03
2013/10/22,3.16,3.29,3.09,3.12,13978514,3.19
2013/10/23,3.16,3.18,3.03,3.14,7212300,3.10
2013/10/24,3.15,3.15,3.07,3.07,2886263,3.11
2013/10/25,3.08,3.10,3.02,3.03,3434908,3.06
2013/10/28,3.04,3.04,2.97,2.98,2067481,3.01
2013/10/29,3.00,3.03,2.68,2.79,4389056,2.85
2013/10/30,2.78,2.85,2.72,2.81,2223042,2.79
2013/10/31,2.80,2.88,2.76,2.80,2306414,2.82
2013/11/01,2.80,2.80,2.73,2.76,1791275,2.76
2013/11/04,2.73,2.85,2.73,2.81,2651258,2.79
2013/11/05,2.84,2.85,2.80,2.84,3756006,2.82
2013/11/06,2.85,2.91,2.83,2.84,4973008,2.87
2013/11/07,2.83,2.83,2.77,2.81,2518386,2.80
2013/11/08,2.83,2.88,2.73,2.83,4428496,2.80
2013/11/11,2.83,2.83,2.75,2.80,2271666,2.79
2013/11/12,2.80,2.83,2.78,2.81,2137279,2.80
2013/11/13,2.83,2.83,2.69,2.69,3109308,2.76
2013/11/14,2.69,2.72,2.59,2.66,3386716,2.66
2013/11/15,2.67,2.73,2.65,2.71,3293229,2.69
2013/11/18,2.72,2.78,2.70,2.77,3253641,2.74
2013/11/19,2.76,2.83,2.72,2.77,6735846,2.78
2013/11/20,2.76,2.83,2.72,2.77,0,2.78
2013/11/21,2.76,2.83,2.72,2.77,0,2.78
2013/11/22,2.76,2.83,2.72,2.77,0,2.78
2013/11/25,2.77,2.91,2.67,2.79,7063456,2.79
2013/11/26,2.80,2.83,2.77,2.81,4052635,2.80
2013/11/27,2.80,2.80,2.77,2.79,3349577,2.78
2013/11/28,2.80,2.86,2.78,2.83,5390978,2.82
2013/11/29,2.82,2.82,2.79,2.79,4329405,2.80
2013/12/02,2.75,2.75,2.57,2.57,5530299,2.66
2013/12/03,2.53,2.64,2.53,2.63,2975332,2.58
2013/12/04,2.63,2.67,2.61,2.64,3241854,2.64
2013/12/05,2.64,2.65,2.60,2.61,3083404,2.63
2013/12/06,2.62,2.74,2.60,2.69,6247318,2.67
2013/12/09,2.69,2.71,2.66,2.69,3313278,2.69
2013/12/10,2.69,2.71,2.67,2.67,2501195,2.69
2013/12/11,2.67,2.67,2.58,2.60,4102070,2.63
2013/12/12,2.60,2.63,2.59,2.59,3247770,2.61
2013/12/13,2.58,2.63,2.57,2.59,3097100,2.60
2013/12/16,2.60,2.62,2.56,2.56,2653828,2.59
2013/12/17,2.56,2.58,2.53,2.55,2736328,2.55
2013/12/18,2.55,2.57,2.53,2.55,2470345,2.55
2013/12/19,2.57,2.58,2.53,2.53,2532465,2.55
2013/12/20,2.54,2.55,2.44,2.47,2626571,2.49
2013/12/23,2.48,2.49,2.43,2.47,1454905,2.46
2013/12/24,2.48,2.51,2.47,2.50,1578105,2.49
2013/12/25,2.52,2.52,2.48,2.50,1482404,2.50
2013/12/26,2.48,2.50,2.41,2.42,1915427,2.46
2013/12/27,2.43,2.46,2.41,2.45,1962254,2.44
2013/12/30,2.46,2.48,2.44,2.47,1876580,2.46
2013/12/31,2.47,2.50,2.43,2.48,2062009,2.47
2014/01/02,2.52,2.54,2.50,2.51,2703458,2.52
2014/01/03,2.51,2.52,2.47,2.49,1923437,2.50
2014/01/06,2.48,2.48,2.39,2.40,2267940,2.44
2014/01/07,2.40,2.42,2.38,2.41,1293528,2.40
2014/01/08,2.41,2.43,2.38,2.39,1592013,2.41
2014/01/09,2.39,2.51,2.37,2.41,3812564,2.44
2014/01/10,2.39,2.47,2.37,2.42,3353138,2.42
2014/01/13,2.41,2.48,2.40,2.42,2114991,2.44
2014/01/14,2.43,2.46,2.38,2.46,2418143,2.42
2014/01/15,2.45,2.50,2.44,2.50,3507741,2.47
2014/01/16,2.49,2.50,2.47,2.49,3681612,2.49
2014/01/17,2.48,2.50,2.42,2.42,2069765,2.46
2014/01/20,2.42,2.44,2.40,2.40,1665318,2.42
2014/01/21,2.41,2.44,2.40,2.43,1230269,2.42
2014/01/22,2.43,2.51,2.42,2.50,4199893,2.46
2014/01/23,2.49,2.52,2.47,2.49,3035551,2.50
2014/01/24,2.48,2.54,2.47,2.53,3580885,2.51
2014/01/27,2.51,2.52,2.48,2.50,2394795,2.50
2014/01/28,2.51,2.51,2.47,2.49,1801700,2.49
2014/01/29,2.47,2.49,2.41,2.43,3675378,2.45
2014/01/30,2.41,2.44,2.40,2.43,1474273,2.42
2014/02/07,2.40,2.50,2.40,2.50,2332032,2.45
2014/02/10,2.50,2.59,2.49,2.56,6268284,2.54
2014/02/11,2.55,2.58,2.52,2.57,4624308,2.55
2014/02/12,2.57,2.66,2.54,2.64,6604880,2.60
2014/02/13,2.62,2.68,2.59,2.60,7404960,2.64
2014/02/14,2.61,2.72,2.61,2.66,5193015,2.67
2014/02/17,2.65,2.68,2.64,2.66,5722761,2.66
2014/02/18,2.65,2.66,2.60,2.61,4935769,2.63
2014/02/19,2.60,2.71,2.60,2.71,8622757,2.66
2014/02/20,2.71,2.73,2.63,2.64,5278460,2.68
2014/02/21,2.64,2.65,2.56,2.60,3589116,2.60
2014/02/24,2.59,2.67,2.57,2.67,4390010,2.62
2014/02/25,2.66,2.69,2.56,2.58,5467871,2.63
2014/02/26,2.57,2.65,2.54,2.63,3317858,2.59
2014/02/27,2.63,2.69,2.61,2.65,5144702,2.65
2014/02/28,2.62,2.62,2.54,2.59,3929030,2.58
2014/03/03,2.57,2.60,2.56,2.59,3112300,2.58
2014/03/04,2.58,2.58,2.53,2.55,3990466,2.55
2014/03/05,2.55,2.62,2.54,2.57,3398632,2.58
2014/03/06,2.57,2.57,2.51,2.53,2411866,2.54
2014/03/07,2.55,2.56,2.48,2.49,2604175,2.52
2014/03/10,2.48,2.48,2.37,2.38,2906811,2.43
2014/03/11,2.38,2.42,2.37,2.38,1856601,2.40
2014/03/12,2.39,2.42,2.34,2.41,2882932,2.38
2014/03/13,2.40,2.44,2.40,2.42,1507102,2.42
2014/03/14,2.42,2.42,2.37,2.40,1422447,2.40
2014/03/17,2.40,2.61,2.39,2.56,4961230,2.50
2014/03/18,2.54,2.60,2.52,2.57,4140344,2.56
2014/03/19,2.56,2.71,2.51,2.64,7118375,2.61
2014/03/20,2.61,2.64,2.57,2.58,3745794,2.60
2014/03/21,2.54,2.71,2.52,2.70,9989908,2.61
2014/03/24,2.69,2.71,2.65,2.65,5763724,2.68
2014/03/25,2.64,2.68,2.59,2.65,3857426,2.64
2014/03/26,2.66,2.68,2.60,2.62,2980567,2.64
2014/03/27,2.62,2.69,2.58,2.62,3627205,2.64
2014/03/28,2.62,2.65,2.54,2.54,2492934,2.59
2014/03/31,2.48,2.50,2.35,2.39,3629142,2.43
2014/04/01,2.39,2.44,2.39,2.43,1855440,2.42
2014/04/02,2.43,2.44,2.42,2.43,1413834,2.43
2014/04/03,2.43,2.44,2.41,2.42,1418247,2.43
2014/04/04,2.41,2.51,2.40,2.50,2289144,2.45
2014/04/08,2.53,2.73,2.48,2.61,11387271,2.60
2014/04/09,2.63,2.63,2.55,2.57,7319019,2.59
2014/04/10,2.56,2.60,2.55,2.57,4266800,2.57
2014/04/11,2.56,2.60,2.49,2.49,5362151,2.55
2014/04/14,2.48,2.52,2.47,2.51,2785342,2.50
2014/04/15,2.49,2.56,2.48,2.53,3954295,2.52
2014/04/16,2.53,2.55,2.50,2.53,2524823,2.52
2014/04/17,2.53,2.56,2.52,2.55,2366120,2.54
2014/04/18,2.54,2.57,2.53,2.53,1905381,2.55
2014/04/21,2.53,2.57,2.51,2.53,3047684,2.54
2014/04/22,2.53,2.53,2.42,2.48,2359155,2.47
2014/04/23,2.47,2.49,2.45,2.47,926194,2.47
2014/04/24,2.47,2.50,2.44,2.45,1084300,2.47
2014/04/25,2.45,2.47,2.39,2.40,2040898,2.43
2014/04/28,2.40,2.42,2.37,2.41,2618213,2.40
2014/04/29,2.41,2.44,2.40,2.44,1404170,2.42
2014/04/30,2.45,2.48,2.43,2.48,1366010,2.46
2014/05/05,2.48,2.48,2.44,2.45,1194500,2.46
2014/05/06,2.46,2.48,2.44,2.47,1205243,2.46
2014/05/07,2.46,2.46,2.37,2.37,2910563,2.42
2014/05/08,2.37,2.42,2.35,2.36,3268073,2.39
2014/05/09,2.35,2.38,2.32,2.35,2111122,2.35
2014/05/12,2.35,2.52,2.35,2.47,5172448,2.44
2014/05/13,2.46,2.51,2.42,2.44,3462109,2.46
2014/05/14,2.42,2.49,2.40,2.41,3236543,2.45
2014/05/15,2.41,2.41,2.37,2.41,2286391,2.39
2014/05/16,2.41,2.44,2.37,2.42,1309797,2.41
2014/05/19,2.42,2.48,2.39,2.46,3970995,2.44
2014/05/20,2.44,2.47,2.43,2.44,1861685,2.45
2014/05/21,2.43,2.49,2.40,2.47,3351625,2.45
2014/05/22,2.44,2.48,2.44,2.45,2720438,2.46
2014/05/23,2.46,2.52,2.43,2.48,4947352,2.48
2014/05/26,2.47,2.49,2.44,2.46,3453199,2.47
2014/05/27,2.46,2.49,2.44,2.44,2260386,2.47
2014/05/28,2.44,2.46,2.43,2.46,1566089,2.45
2014/05/29,2.45,2.48,2.41,2.48,2266404,2.45
2014/05/30,2.46,2.49,2.45,2.46,3933639,2.47
2014/06/03,2.44,2.49,2.44,2.48,3028312,2.47
2014/06/04,2.47,2.47,2.43,2.47,1662230,2.45
2014/06/05,2.46,2.51,2.46,2.51,4193461,2.48
2014/06/06,2.54,2.70,2.51,2.56,13129719,2.60
2014/06/09,2.51,2.58,2.48,2.58,6188392,2.53
2014/06/10,2.58,2.62,2.55,2.60,6623130,2.58
2014/06/11,2.66,2.71,2.59,2.60,10594245,2.65
2014/06/12,2.55,2.66,2.54,2.62,7853863,2.60
2014/06/13,2.59,2.64,2.56,2.61,6171546,2.60
2014/06/16,2.62,2.65,2.60,2.61,5507722,2.63
2014/06/17,2.61,2.61,2.55,2.56,3869104,2.58
2014/06/18,2.56,2.69,2.54,2.66,12936306,2.61
2014/06/19,2.64,2.67,2.52,2.62,6792900,2.59
2014/06/20,2.58,2.62,2.55,2.62,3146321,2.58
2014/06/23,2.61,2.65,2.58,2.64,4602900,2.61
2014/06/24,2.64,2.64,2.59,2.61,3635794,2.61
2014/06/25,2.60,2.71,2.57,2.63,8370412,2.64
2014/06/26,2.62,2.68,2.61,2.68,6753599,2.65
2014/06/27,2.67,2.69,2.63,2.66,5619982,2.66
2014/06/30,2.66,2.79,2.63,2.75,12071143,2.71
2014/07/01,2.74,2.77,2.70,2.75,7851280,2.74
2014/07/02,2.75,2.81,2.71,2.78,10034047,2.76
2014/07/03,2.77,2.80,2.73,2.77,8372697,2.76
2014/07/04,2.81,2.86,2.73,2.73,10450702,2.79
2014/07/07,2.72,2.76,2.72,2.73,4809631,2.74
2014/07/08,2.73,2.77,2.68,2.75,6257931,2.73
2014/07/09,2.74,2.74,2.67,2.67,5929820,2.71
2014/07/10,2.67,2.70,2.64,2.66,4288830,2.67
2014/07/11,2.67,2.76,2.67,2.75,10082201,2.71
2014/07/14,2.73,2.91,2.71,2.87,15137133,2.81
2014/07/15,2.83,2.86,2.80,2.83,7453458,2.83
2014/07/16,2.81,2.85,2.79,2.82,5044290,2.82
2014/07/17,2.83,2.84,2.77,2.80,3690176,2.80
2014/07/18,2.81,2.83,2.78,2.80,3730640,2.80
2014/07/21,2.80,2.81,2.74,2.75,4404397,2.78
2014/07/22,2.76,2.83,2.76,2.82,8221823,2.79
2014/07/23,2.82,2.85,2.78,2.80,7024994,2.81
2014/07/24,2.81,2.87,2.77,2.86,9468956,2.82
2014/07/25,2.86,2.91,2.85,2.89,9784864,2.88
2014/07/28,2.87,2.95,2.85,2.90,10348404,2.90
2014/07/29,2.89,3.00,2.88,2.99,12913232,2.94
2014/07/30,3.02,3.09,2.92,2.93,18241273,3.00
2014/07/31,2.90,2.98,2.88,2.97,11373387,2.93
2014/08/01,2.93,3.05,2.92,3.01,11888640,2.98
2014/08/04,3.02,3.19,3.01,3.14,17288710,3.10
2014/08/05,3.12,3.18,3.09,3.17,11749380,3.14
2014/08/06,3.19,3.25,3.13,3.25,16663238,3.19
2014/08/07,3.24,3.31,3.14,3.20,14959849,3.23
2014/08/08,3.27,3.29,3.13,3.23,17655801,3.21
2014/08/11,3.18,3.39,3.17,3.38,20775051,3.28
2014/08/12,3.35,3.48,3.35,3.45,13805964,3.42
2014/08/13,3.45,3.79,3.42,3.65,25031289,3.60
2014/08/14,3.69,3.88,3.47,3.50,47228849,3.68
2014/08/15,3.44,3.51,3.33,3.47,30259459,3.42
2014/08/18,3.43,3.45,3.35,3.40,25632142,3.40
2014/08/19,3.40,3.48,3.37,3.43,17298950,3.43
2014/08/20,3.41,3.42,3.28,3.32,26027046,3.35
2014/08/21,3.33,3.38,3.30,3.37,15480975,3.34
2014/08/22,3.37,3.40,3.32,3.39,11202746,3.36
2014/08/25,3.38,3.38,3.31,3.33,7714844,3.34
2014/08/26,3.33,3.38,3.30,3.36,9970122,3.34
2014/08/27,3.37,3.50,3.34,3.50,19826579,3.42
2014/08/28,3.39,3.41,3.23,3.24,20068386,3.32
2014/08/29,3.23,3.25,3.11,3.22,9861543,3.18
2014/09/01,3.20,3.32,3.19,3.30,8509596,3.25
2014/09/02,3.28,3.36,3.27,3.35,9164876,3.31
2014/09/03,3.42,3.43,3.33,3.35,11667918,3.38
2014/09/04,3.38,3.38,3.33,3.36,10506227,3.35
2014/09/05,3.35,3.44,3.35,3.44,16790085,3.40
2014/09/09,3.45,3.46,3.40,3.43,10037429,3.43
2014/09/10,3.42,3.53,3.39,3.51,19730315,3.46
2014/09/11,3.53,3.54,3.41,3.45,19096254,3.48
2014/09/12,3.44,3.50,3.41,3.49,9319530,3.46
2014/09/15,3.47,3.52,3.43,3.51,12154153,3.48
2014/09/16,3.54,3.60,3.34,3.35,18278417,3.47
2014/09/17,3.34,3.38,3.27,3.37,8792803,3.32
2014/09/18,3.36,3.45,3.33,3.40,6667579,3.39
2014/09/19,3.39,3.42,3.36,3.39,5105203,3.39
2014/09/22,3.39,3.40,3.28,3.28,8644030,3.34
2014/09/23,3.28,3.37,3.27,3.34,7255531,3.32
2014/09/24,3.53,3.61,3.45,3.49,24594941,3.53
2014/09/25,3.47,3.84,3.47,3.74,45224147,3.66
2014/09/26,3.67,3.70,3.60,3.61,22965969,3.65
2014/09/29,3.63,3.76,3.57,3.73,23278151,3.66
2014/09/30,3.71,3.76,3.66,3.68,14074661,3.71
2014/10/08,3.67,3.68,3.56,3.66,12827459,3.62
2014/10/09,3.68,3.69,3.60,3.69,14529259,3.65
2014/10/10,3.67,3.68,3.60,3.62,9644230,3.64
2014/10/13,3.59,3.68,3.59,3.65,9101185,3.64
2014/10/14,3.73,4.02,3.72,3.90,38977324,3.87
2014/10/15,3.85,3.90,3.78,3.88,21630261,3.84
2014/10/16,3.83,3.85,3.71,3.71,14883269,3.78
2014/10/17,3.70,3.73,3.53,3.61,12334702,3.63
2014/10/20,3.61,3.73,3.61,3.70,9016958,3.67
2014/10/21,3.69,3.70,3.60,3.60,8029570,3.65
2014/10/22,3.58,3.68,3.55,3.56,8185844,3.61
2014/10/23,3.56,3.58,3.42,3.44,9396423,3.50
2014/10/24,3.45,3.52,3.45,3.47,5382174,3.49
2014/10/27,3.47,3.55,3.45,3.54,4813348,3.50
2014/10/28,3.56,3.78,3.54,3.72,11655473,3.66
2014/10/29,3.87,3.96,3.78,3.82,27979656,3.87
2014/10/30,3.80,3.90,3.77,3.77,15221884,3.83
2014/10/31,3.77,3.83,3.73,3.79,10989950,3.78
2014/11/03,3.80,3.95,3.79,3.93,20451629,3.87
2014/11/04,3.92,3.92,3.80,3.83,12016544,3.86
2014/11/05,3.83,3.85,3.74,3.78,8026874,3.80
2014/11/06,3.78,3.94,3.75,3.92,15716715,3.84
2014/11/07,3.94,4.00,3.77,3.80,14510267,3.89
2014/11/10,3.94,4.00,3.77,3.80,0,3.89
2014/11/11,3.94,4.00,3.77,3.80,0,3.89
2014/11/12,3.94,4.00,3.77,3.80,0,3.89
2014/11/13,3.94,4.00,3.77,3.80,0,3.89
2014/11/14,3.94,4.00,3.77,3.80,0,3.89
2014/11/17,3.93,4.17,3.83,3.88,27318145,4.00
2014/11/18,3.80,3.92,3.78,3.83,11277490,3.85
2014/11/19,3.81,3.92,3.78,3.92,11920828,3.85
2014/11/20,3.89,4.06,3.87,4.04,20274848,3.96
2014/11/21,4.05,4.43,4.05,4.32,34422379,4.24
2014/11/24,4.30,4.55,4.23,4.39,24707626,4.39
2014/11/25,4.33,4.50,4.28,4.43,16867588,4.39
2014/11/26,4.33,4.37,4.19,4.27,24138766,4.28
2014/11/27,4.24,4.27,4.17,4.23,13714864,4.22
2014/11/28,4.20,4.47,4.18,4.42,21412426,4.32
2014/12/01,4.42,4.48,4.28,4.30,10460098,4.38
2014/12/02,4.24,4.48,4.23,4.46,15732114,4.36
2014/12/03,4.47,4.48,4.35,4.41,11123361,4.42
2014/12/04,4.41,4.55,4.34,4.45,18254900,4.44
2014/12/05,4.43,4.51,4.02,4.51,26864548,4.26
2014/12/08,4.40,4.51,4.27,4.44,15901092,4.39
2014/12/09,4.34,4.47,4.17,4.23,20900951,4.32
2014/12/10,4.20,4.47,4.16,4.33,13309317,4.31
2014/12/11,4.30,4.37,4.26,4.30,6424141,4.31
2014/12/12,4.31,4.43,4.28,4.39,9956396,4.35
2014/12/15,4.39,4.39,4.23,4.32,9560444,4.31
2014/12/16,4.33,4.75,4.27,4.65,25152969,4.51
2014/12/17,4.57,4.61,4.36,4.44,16723559,4.49
2014/12/18,4.41,4.53,4.33,4.42,10155298,4.43
2014/12/19,4.41,4.41,4.22,4.36,11994838,4.31
2014/12/22,4.31,4.31,3.92,4.08,13963343,4.11
2014/12/23,4.00,4.08,3.96,3.97,4224772,4.02
2014/12/24,3.98,4.16,3.98,4.09,6417079,4.07
2014/12/25,4.07,4.15,4.04,4.10,3614031,4.10
2014/12/26,4.09,4.15,4.05,4.12,5079707,4.10
2014/12/29,4.10,4.12,3.99,4.00,4676627,4.06
2014/12/30,4.00,4.04,3.83,3.86,5408180,3.94
2014/12/31,3.85,3.92,3.82,3.88,4239978,3.87
2015/01/05,3.85,3.90,3.70,3.90,5830644,3.80
2015/01/06,3.86,4.02,3.81,3.99,5940296,3.91
2015/01/07,3.99,4.07,3.97,3.99,4282857,4.02
2015/01/08,3.97,3.99,3.89,3.89,3992814,3.94
2015/01/09,3.87,3.91,3.85,3.85,3171574,3.88
2015/01/12,3.83,3.83,3.73,3.77,3135800,3.78
2015/01/13,3.76,3.95,3.74,3.94,4613994,3.85
2015/01/14,3.90,4.03,3.90,3.93,3979002,3.97
2015/01/15,3.93,4.00,3.90,3.95,2638529,3.95
2015/01/16,3.95,4.02,3.93,3.97,4219085,3.97
2015/01/19,3.90,4.03,3.70,3.90,5660420,3.87
2015/01/20,3.92,4.10,3.92,4.10,7539314,4.01
2015/01/21,4.13,4.26,4.13,4.19,10608714,4.19
2015/01/22,4.20,4.23,4.14,4.20,6090200,4.19
2015/01/23,4.20,4.20,4.12,4.13,4854342,4.16
2015/01/26,4.15,4.23,4.14,4.22,6376358,4.19
2015/01/27,4.23,4.39,4.20,4.34,10875983,4.29
2015/01/28,4.34,4.34,4.23,4.24,5427189,4.29
2015/01/29,4.19,4.22,4.15,4.16,3585406,4.19
2015/01/30,4.16,4.17,4.04,4.12,6155737,4.10
2015/02/02,4.05,4.17,4.02,4.10,3182278,4.09
2015/02/03,4.10,4.16,4.10,4.16,2834585,4.13
2015/02/04,4.17,4.19,4.13,4.18,3553144,4.16
2015/02/05,4.20,4.23,4.09,4.10,3013928,4.16
2015/02/06,4.10,4.12,3.94,4.00,4170634,4.03
2015/02/09,3.97,4.01,3.92,3.95,2308650,3.96
2015/02/10,3.95,3.98,3.92,3.98,2112307,3.95
2015/02/11,3.97,4.04,3.96,4.03,3222659,4.00
2015/02/12,4.03,4.06,4.00,4.04,2664342,4.03
2015/02/13,4.04,4.13,4.04,4.13,3445760,4.08
2015/02/16,4.13,4.21,4.12,4.17,3834732,4.17
2015/02/17,4.18,4.33,3.78,4.28,11115218,4.05
2015/02/25,4.28,4.30,4.20,4.23,5412701,4.25
2015/02/26,4.23,4.40,4.22,4.29,5501893,4.31
2015/02/27,4.26,4.31,4.25,4.31,4928506,4.28
2015/03/02,4.36,4.49,4.30,4.48,13489398,4.40
2015/03/03,4.46,4.59,4.38,4.49,11528449,4.48
2015/03/04,4.50,4.75,4.50,4.64,16095747,4.63
2015/03/05,4.64,5.10,4.60,5.02,22820234,4.85
2015/03/06,5.02,5.02,4.82,5.00,12673404,4.92
2015/03/09,4.99,4.99,4.81,4.92,7625972,4.90
2015/03/10,4.93,5.06,4.87,4.88,8331976,4.96
2015/03/11,4.88,4.90,4.75,4.86,6714470,4.83
2015/03/12,4.92,5.28,4.89,5.10,15137483,5.08
2015/03/13,5.01,5.15,4.99,5.13,8571278,5.07
2015/03/16,5.14,5.50,5.10,5.40,12146015,5.30
2015/03/17,5.48,5.66,5.27,5.34,13066354,5.46
2015/03/18,5.35,5.61,5.27,5.60,11510546,5.44
2015/03/19,5.61,5.80,5.50,5.73,9580698,5.65
2015/03/20,5.76,6.06,5.68,5.75,12088856,5.87
2015/03/23,5.63,5.92,5.46,5.76,18514305,5.69
2015/03/24,5.76,5.78,5.53,5.62,11390377,5.66
2015/03/25,5.64,5.72,5.52,5.67,10050478,5.62
2015/03/26,5.62,5.69,5.44,5.54,12221100,5.57
2015/03/27,5.57,5.65,5.47,5.61,7720104,5.56
2015/03/30,5.66,5.88,5.63,5.85,14619984,5.75
2015/03/31,5.85,5.99,5.75,5.77,8572728,5.87
2015/04/01,5.76,5.82,5.68,5.78,6936443,5.75
2015/04/02,5.85,5.87,5.73,5.80,8442699,5.80
2015/04/03,5.83,6.15,5.80,6.10,16962763,5.98
2015/04/07,6.12,6.19,6.00,6.13,14059849,6.10
2015/04/08,6.13,6.19,5.83,5.90,12616860,6.01
2015/04/09,5.90,6.02,5.69,5.97,9595517,5.85
2015/04/10,5.97,6.52,5.85,6.39,14829575,6.18
2015/04/13,6.52,7.03,6.47,7.03,22885965,6.75
2015/04/14,6.96,7.73,6.83,7.20,26411101,7.28
2015/04/15,7.19,7.63,6.89,7.23,23020570,7.26
2015/04/16,7.34,7.67,7.03,7.46,19155409,7.35
2015/04/17,7.46,8.21,7.23,7.37,24743753,7.72
2015/04/20,7.29,7.29,6.93,6.95,17831033,7.11
2015/04/21,7.29,7.29,6.93,6.95,0,7.11
2015/04/22,7.29,7.29,6.93,6.95,0,7.11
2015/04/23,7.29,7.29,6.93,6.95,0,7.11
2015/04/24,7.29,7.29,6.93,6.95,0,7.11
2015/04/27,7.29,7.29,6.93,6.95,0,7.11
2015/04/28,7.29,7.29,6.93,6.95,0,7.11
2015/04/29,7.29,7.29,6.93,6.95,0,7.11
2015/04/30,7.64,7.64,6.85,7.10,19456651,7.24
2015/05/04,6.90,6.99,6.66,6.78,9772645,6.83
2015/05/05,6.73,6.78,6.37,6.41,9946442,6.58
2015/05/06,6.41,6.71,6.35,6.40,8280446,6.53
2015/05/07,6.37,6.70,6.37,6.68,9622031,6.54
2015/05/08,6.68,7.04,6.68,7.03,12354353,6.86
2015/05/11,7.08,7.24,6.88,7.19,14699806,7.06
2015/05/12,7.19,7.25,6.95,7.14,15133334,7.10
2015/05/13,7.04,7.09,6.93,6.96,8979395,7.01
2015/05/14,6.90,7.07,6.68,7.07,9910581,6.88
2015/05/15,7.13,7.70,7.00,7.39,29391616,7.35
2015/05/18,7.27,7.50,6.95,7.16,16031626,7.23
2015/05/19,7.16,7.32,6.97,7.24,11327598,7.15
2015/05/20,7.23,7.48,7.15,7.27,14559046,7.32
2015/05/21,7.26,7.59,7.07,7.58,17925024,7.33
2015/05/22,7.59,7.97,7.41,7.80,21628948,7.69
2015/05/25,7.80,7.97,7.62,7.93,14748217,7.79
2015/05/26,7.92,8.12,7.81,7.96,17347928,7.96
2015/05/27,8.01,8.05,7.67,7.80,15024256,7.86
2015/05/28,7.78,8.00,7.33,7.80,17623979,7.67
2015/05/29,7.46,7.81,7.45,7.73,14972791,7.63
2015/06/01,7.73,8.28,7.67,8.27,28668578,7.97
2015/06/02,8.31,9.10,8.19,9.10,31280798,8.64
2015/06/03,8.99,9.76,8.92,9.26,28174814,9.34
2015/06/04,9.26,10.17,8.67,9.93,25916867,9.42
2015/06/05,10.00,10.77,10.00,10.53,24822680,10.38
2015/06/08,10.75,10.93,10.00,10.07,18941811,10.46
2015/06/09,10.00,10.00,9.39,10.00,13312133,9.70
2015/06/10,9.92,10.28,9.57,10.06,14972986,9.92
2015/06/11,10.05,10.10,9.67,9.90,10696940,9.88
2015/06/12,9.90,9.99,9.70,9.84,11613635,9.84
2015/06/15,9.83,9.83,9.17,9.38,13898924,9.50
2015/06/16,9.36,9.37,8.87,9.29,10055140,9.12
2015/06/17,9.29,9.59,9.04,9.48,10742453,9.31
2015/06/18,9.48,9.73,8.97,9.52,10351500,9.35
2015/06/19,9.33,9.34,8.59,8.60,7265140,8.96
2015/06/23,8.57,8.65,7.74,8.09,8173540,8.20
2015/06/24,8.14,8.33,7.88,8.20,9621593,8.10
2015/06/25,8.19,8.20,7.42,7.76,9347717,7.81
2015/06/26,7.36,7.37,6.99,6.99,5771796,7.18
2015/06/29,7.13,7.13,6.29,6.29,12092959,6.71
2015/06/30,5.67,6.67,5.66,6.37,17245285,6.17
2015/07/01,6.33,7.00,6.01,6.19,16360295,6.50
2015/07/02,6.20,6.27,5.57,5.57,10683099,5.92
2015/07/03,5.02,5.29,5.02,5.02,8968720,5.15
2015/07/06,5.44,5.47,4.52,4.52,13423416,4.99
2015/07/07,5.44,5.47,4.52,4.52,0,4.99
2015/07/08,5.44,5.47,4.52,4.52,0,4.99
2015/07/09,5.44,5.47,4.52,4.52,0,4.99
2015/07/10,5.44,5.47,4.52,4.52,0,4.99
2015/07/13,5.44,5.47,4.52,4.52,0,4.99
2015/07/14,5.44,5.47,4.52,4.52,0,4.99
2015/07/15,5.44,5.47,4.52,4.52,0,4.99
2015/07/16,5.44,5.47,4.52,4.52,0,4.99
2015/07/17,5.44,5.47,4.52,4.52,0,4.99
2015/07/20,5.44,5.47,4.52,4.52,0,4.99
2015/07/21,5.44,5.47,4.52,4.52,0,4.99
2015/07/22,5.44,5.47,4.52,4.52,0,4.99
2015/07/23,5.44,5.47,4.52,4.52,0,4.99
2015/07/24,5.44,5.47,4.52,4.52,0,4.99
2015/07/27,5.44,5.47,4.52,4.52,0,4.99
2015/07/28,5.44,5.47,4.52,4.52,0,4.99
2015/07/29,5.44,5.47,4.52,4.52,0,4.99
2015/07/30,5.44,5.47,4.52,4.52,0,4.99
2015/07/31,5.44,5.47,4.52,4.52,0,4.99
2015/08/03,5.44,5.47,4.52,4.52,0,4.99
2015/08/04,5.44,5.47,4.52,4.52,0,4.99
2015/08/05,5.44,5.47,4.52,4.52,0,4.99
2015/08/06,4.97,4.97,4.97,4.97,15544477,4.97
2015/08/07,5.43,5.47,5.35,5.47,52199627,5.41
2015/08/10,5.62,6.01,5.42,6.01,66426073,5.71
2015/08/11,6.03,6.50,5.78,6.13,61667481,6.14
2015/08/12,5.97,6.06,5.74,5.80,31171966,5.90
2015/08/13,5.70,6.04,5.63,6.00,28293535,5.83
2015/08/14,6.03,6.12,5.84,5.88,26588853,5.98
2015/08/17,5.81,6.01,5.67,5.95,24250968,5.84
2015/08/18,5.92,5.92,5.36,5.36,21639156,5.64
2015/08/19,4.93,5.52,4.84,5.40,22053699,5.18
2015/08/20,5.40,5.40,5.00,5.05,14682083,5.20
2015/08/21,4.98,5.18,4.67,4.74,16060719,4.92
2015/08/24,4.50,4.53,4.27,4.27,9073127,4.40
2015/08/25,3.84,3.94,3.84,3.84,9280810,3.89
2015/08/26,3.82,3.93,3.46,3.46,23319016,3.70
2015/08/27,3.51,3.63,3.12,3.51,21618546,3.38
2015/08/28,3.56,3.82,3.55,3.82,25843431,3.68
2015/08/31,3.83,3.83,3.44,3.44,17736910,3.64
2015/09/01,3.34,3.34,3.09,3.09,18298920,3.21
2015/09/02,2.91,3.23,2.84,2.96,15559748,3.03
2015/09/07,3.03,3.19,2.97,3.08,12748543,3.08
2015/09/08,3.08,3.38,2.98,3.33,14144063,3.18
2015/09/09,3.38,3.50,3.33,3.50,21738326,3.42
2015/09/10,3.41,3.72,3.37,3.49,24117180,3.55
2015/09/11,3.44,3.53,3.39,3.46,12999779,3.46
2015/09/14,3.47,3.54,3.11,3.11,13805694,3.32
2015/09/15,2.93,3.07,2.84,2.90,13185890,2.95
2015/09/16,2.94,3.19,2.93,3.19,13566341,3.06
2015/09/17,3.20,3.45,3.09,3.20,21044822,3.27
2015/09/18,3.22,3.28,3.15,3.25,11190250,3.21
2015/09/21,3.40,3.56,3.33,3.54,24811861,3.45
2015/09/22,3.53,3.60,3.42,3.55,24850263,3.51
2015/09/23,3.44,3.53,3.38,3.40,15454260,3.45
2015/09/24,3.42,3.59,3.42,3.54,17878530,3.50
2015/09/25,3.50,3.52,3.32,3.40,14933486,3.42
2015/09/28,3.40,3.52,3.34,3.49,10133098,3.43
2015/09/29,3.40,3.45,3.39,3.41,9552964,3.42
2015/09/30,3.44,3.45,3.37,3.42,6541375,3.41
2015/10/08,3.55,3.73,3.47,3.68,18612078,3.60
2015/10/09,3.63,3.73,3.60,3.70,16302217,3.67
2015/10/12,3.71,4.04,3.71,4.01,23001288,3.88
2015/10/13,3.93,4.06,3.91,4.01,19077857,3.98
2015/10/14,3.98,4.16,3.96,4.03,21338467,4.06
2015/10/15,3.88,4.20,3.87,4.18,35790759,4.04
2015/10/16,4.14,4.19,4.03,4.14,27738077,4.11
2015/10/19,4.15,4.26,4.01,4.07,23035654,4.13
2015/10/20,4.06,4.22,4.02,4.19,21317764,4.12
2015/10/21,4.17,4.17,3.77,3.77,25803196,3.97
2015/10/22,3.75,3.92,3.69,3.89,18700328,3.80
2015/10/23,3.89,4.04,3.83,4.00,20458952,3.94
2015/10/26,4.06,4.17,4.01,4.12,21906014,4.09
2015/10/27,4.10,4.15,3.80,4.09,19831969,3.98
2015/10/28,4.03,4.33,4.00,4.23,31877948,4.17
2015/10/29,4.22,4.65,4.16,4.65,53200040,4.41
2015/10/30,4.53,4.61,4.38,4.44,36080923,4.50
2015/11/02,4.33,4.48,4.12,4.16,24065452,4.30
2015/11/03,4.21,4.34,4.17,4.29,18780113,4.25
2015/11/04,4.28,4.53,4.23,4.53,25611944,4.38
2015/11/05,4.50,4.56,4.36,4.44,26463790,4.46
2015/11/06,4.45,4.57,4.41,4.51,23543472,4.49
2015/11/09,4.43,4.69,4.34,4.58,26905239,4.52
2015/11/10,4.53,4.73,4.48,4.67,26413506,4.61
2015/11/11,4.64,4.92,4.57,4.86,29156770,4.75
2015/11/12,4.80,5.05,4.80,4.92,37844227,4.92
2015/11/13,4.87,5.03,4.67,4.69,26132239,4.85
2015/11/16,4.53,4.73,4.52,4.71,16160145,4.63
2015/11/17,4.77,4.83,4.61,4.62,17822832,4.72
2015/11/18,4.63,4.73,4.51,4.52,11761815,4.62
2015/11/19,4.53,4.64,4.46,4.64,11523539,4.55
2015/11/20,4.64,4.73,4.60,4.72,15603209,4.67
2015/11/23,4.73,4.89,4.68,4.70,17288592,4.78
2015/11/24,4.65,4.72,4.57,4.72,10840958,4.65
2015/11/25,4.71,4.83,4.69,4.83,17855509,4.76
2015/11/26,4.86,4.86,4.70,4.72,16125877,4.78
2015/11/27,4.67,4.75,4.25,4.28,17623162,4.50
2015/11/30,4.20,4.28,3.90,4.16,15906879,4.09
2015/12/01,4.13,4.22,4.11,4.15,10164018,4.17
2015/12/02,4.16,4.23,3.96,4.10,9797613,4.10
2015/12/03,4.14,4.28,4.10,4.27,12261761,4.19
2015/12/04,4.27,4.45,4.23,4.39,15775891,4.34
2015/12/07,4.38,4.45,4.35,4.41,7400370,4.40
2015/12/08,4.40,4.43,4.19,4.29,10623437,4.31
2015/12/09,4.25,4.31,4.17,4.20,7692208,4.24
2015/12/10,4.21,4.29,4.17,4.24,6871971,4.23
2015/12/11,4.23,4.27,4.15,4.26,5859591,4.21
2015/12/14,4.19,4.43,4.17,4.35,11489661,4.30
2015/12/15,4.43,4.78,4.40,4.78,20608458,4.59
2015/12/16,4.88,4.89,4.68,4.71,30043139,4.78
2015/12/17,4.70,4.99,4.70,4.91,33096514,4.85
2015/12/18,4.86,4.90,4.74,4.79,18310059,4.82
2015/12/21,4.76,4.80,4.69,4.76,11374173,4.75
2015/12/22,4.80,5.24,4.77,5.24,33757159,5.00
2015/12/23,5.38,5.76,5.35,5.57,77631881,5.55
2015/12/24,5.47,6.13,5.25,5.90,71385772,5.69
2015/12/25,5.71,5.99,5.57,5.63,52258814,5.78
2015/12/28,5.60,5.67,5.33,5.34,36854724,5.50
2015/12/29,5.33,5.46,5.28,5.46,25933513,5.37
2015/12/30,5.46,5.47,5.32,5.37,20248103,5.40
2015/12/31,5.40,5.41,5.07,5.10,19238526,5.24
2016/01/04,5.06,5.13,4.59,4.59,14672387,4.86
2016/01/05,4.29,4.59,4.17,4.48,20637332,4.38
2016/01/06,4.50,4.92,4.47,4.92,30592956,4.69
2016/01/07,4.82,4.92,4.43,4.43,8606325,4.67
2016/01/08,4.65,4.87,4.34,4.87,35097676,4.60
2016/01/11,4.74,5.26,4.67,4.92,46191316,4.96
2016/01/12,4.84,5.28,4.77,5.22,40760185,5.02
2016/01/13,5.13,5.19,4.70,4.70,35165956,4.95
2016/01/14,4.33,4.69,4.23,4.63,35206271,4.46
2016/01/15,4.46,4.53,4.17,4.17,22420177,4.35
2016/01/18,3.93,4.23,3.79,4.11,18623507,4.01
2016/01/19,4.07,4.52,4.00,4.52,28446336,4.26
2016/01/20,4.57,4.77,4.51,4.59,36979352,4.64
2016/01/21,4.42,4.86,4.37,4.50,30925730,4.62
2016/01/22,4.59,4.79,4.52,4.75,31102653,4.65
2016/01/25,4.84,4.86,4.63,4.68,24651242,4.75
2016/01/26,4.54,4.58,4.22,4.22,19189110,4.40
2016/01/27,4.19,4.53,3.93,4.52,23400202,4.23
2016/01/28,4.39,4.60,4.23,4.30,22714615,4.42
2016/01/29,4.17,4.44,4.13,4.33,18285081,4.29
2016/02/01,4.17,4.37,4.03,4.16,14630137,4.20
2016/02/02,4.15,4.36,4.15,4.26,11667421,4.26
2016/02/03,4.19,4.19,3.94,4.08,16040568,4.07
2016/02/04,4.13,4.30,4.13,4.17,14150418,4.21
2016/02/05,4.21,4.59,4.21,4.59,33476794,4.40
2016/02/15,4.40,4.75,4.37,4.69,28723320,4.56
2016/02/16,4.61,4.81,4.60,4.79,28717708,4.70
2016/02/17,4.72,4.82,4.60,4.81,20691145,4.71
2016/02/18,4.85,5.06,4.76,4.86,30322217,4.91
2016/02/19,4.74,4.88,4.70,4.87,19038071,4.79
2016/02/22,4.90,5.09,4.85,5.01,22842435,4.97
2016/02/23,4.97,5.46,4.91,5.30,31320713,5.19
2016/02/24,5.27,5.56,5.18,5.42,33739003,5.37
2016/02/25,5.33,5.40,5.00,5.18,30662548,5.20
2016/02/26,5.17,5.53,5.17,5.38,29968153,5.35
2016/02/29,5.32,5.33,4.85,4.85,16568616,5.09
2016/03/01,4.81,4.93,4.40,4.85,23589209,4.67
2016/03/02,5.33,5.33,5.33,5.33,11389479,5.33
2016/03/03,5.86,5.86,5.86,5.86,4054049,5.86
2016/03/04,6.00,6.00,5.53,5.53,52232409,5.77
2016/03/07,5.50,6.03,5.50,5.78,41710836,5.77
2016/03/08,5.98,6.25,5.82,6.02,58825414,6.04
2016/03/09,5.60,5.73,5.45,5.57,35042083,5.59
2016/03/10,5.57,5.83,5.30,5.66,35662891,5.56
2016/03/11,5.48,5.62,5.33,5.39,23779904,5.48
2016/03/14,5.45,5.85,5.43,5.65,31718083,5.64
2016/03/15,5.57,5.71,5.42,5.47,21975518,5.56
2016/03/16,5.58,5.70,5.40,5.50,20869427,5.55
2016/03/17,5.56,5.93,5.50,5.91,41004589,5.71
2016/03/18,5.81,6.29,5.81,6.13,43283159,6.05
2016/03/21,6.23,6.28,6.00,6.20,38058856,6.14
2016/03/22,6.07,6.82,6.02,6.65,53090830,6.42
2016/03/23,6.56,6.89,6.46,6.72,41886048,6.67
2016/03/24,6.60,7.23,6.54,6.80,45464183,6.89
2016/03/25,6.74,6.87,6.37,6.58,33763003,6.62
2016/03/28,6.67,7.06,6.67,6.89,32370938,6.86
2016/03/29,6.77,6.77,6.50,6.54,27489557,6.63
2016/03/30,6.60,7.00,6.57,6.99,40381609,6.79
2016/03/31,6.90,7.07,6.76,6.85,35276854,6.92
2016/04/01,6.90,7.24,6.83,7.12,40234676,7.04
2016/04/05,7.04,7.26,6.93,7.18,31266744,7.09
2016/04/06,7.27,7.52,7.19,7.22,26941114,7.35
2016/04/07,7.33,7.39,6.92,6.98,23551858,7.15
2016/04/08,6.90,6.91,6.55,6.73,20942103,6.73
2016/04/11,6.77,7.04,6.77,6.86,18162165,6.90
2016/04/12,6.83,6.86,6.37,6.59,23717691,6.62
2016/04/13,6.66,6.79,6.60,6.60,17455161,6.69
2016/04/14,6.62,7.06,6.47,7.05,32713347,6.76
2016/04/15,7.05,7.39,6.93,7.33,35126563,7.16
2016/04/18,7.17,7.20,6.93,7.07,20870802,7.06
2016/04/19,7.06,7.15,6.91,6.98,16298395,7.03
2016/04/20,6.98,7.06,6.33,6.43,22451129,6.69
2016/04/21,6.39,6.64,6.33,6.44,16731874,6.48
2016/04/22,6.45,6.56,6.34,6.53,13498931,6.45
2016/04/25,6.51,6.82,6.49,6.67,18899790,6.66
2016/04/26,6.53,6.73,6.50,6.65,11931509,6.62
2016/04/27,6.65,6.72,6.53,6.56,9650634,6.63
2016/04/28,6.53,6.90,6.51,6.77,18839715,6.71
2016/04/29,6.69,6.79,6.55,6.58,13859859,6.67
2016/05/03,6.61,6.92,6.61,6.87,17012815,6.77
2016/05/04,6.87,7.28,6.82,7.10,28493530,7.05
2016/05/05,7.05,7.81,7.05,7.77,54291542,7.43
2016/05/06,7.55,7.68,7.00,7.05,179339711,7.32
2016/05/09,6.72,6.72,6.35,6.35,108688998,6.45
2016/05/10,6.72,6.72,6.35,6.35,0,6.53
2016/05/11,6.72,6.72,6.35,6.35,0,6.53
2016/05/12,6.72,6.72,6.35,6.35,0,6.53
2016/05/13,6.72,6.72,6.35,6.35,0,6.53
2016/05/16,6.72,6.72,6.35,6.35,0,6.53
2016/05/17,6.72,6.72,6.35,6.35,0,6.53
2016/05/18,6.72,6.72,6.35,6.35,0,6.53
2016/05/19,6.72,6.72,6.35,6.35,0,6.53
2016/05/20,6.72,6.72,6.35,6.35,0,6.53
2016/05/23,6.72,6.72,6.35,6.35,0,6.53
2016/05/24,6.72,6.72,6.35,6.35,0,6.53
2016/05/25,6.72,6.72,6.35,6.35,0,6.53
2016/05/26,6.72,6.72,6.35,6.35,0,6.53
2016/05/27,6.72,6.72,6.35,6.35,0,6.53
2016/05/30,6.72,6.72,6.35,6.35,0,6.53
2016/05/31,6.72,6.72,6.35,6.35,0,6.53
2016/06/01,6.72,6.72,6.35,6.35,0,6.53
2016/06/02,6.72,6.72,6.35,6.35,0,6.53
2016/06/03,6.72,6.72,6.35,6.35,0,6.53
2016/06/06,6.72,6.72,6.35,6.35,0,6.53
2016/06/07,6.72,6.72,6.35,6.35,0,6.53
2016/06/08,6.72,6.72,6.35,6.35,0,6.53
2016/06/13,6.72,6.72,6.35,6.35,0,6.53
2016/06/14,6.00,6.20,5.76,6.08,80307538,5.98
2016/06/15,6.10,6.69,6.04,6.69,58339800,6.56
2016/06/16,6.98,7.18,6.69,6.79,164637823,6.91
2016/06/17,6.62,6.80,6.50,6.60,95003839,6.61
2016/06/20,6.50,6.55,6.20,6.37,68717457,6.33
2016/06/21,6.49,6.63,6.27,6.30,54135738,6.36
2016/06/22,6.35,6.40,6.15,6.34,51787711,6.26
2016/06/23,6.26,6.45,6.10,6.33,76727503,6.27
2016/06/24,6.21,6.32,5.85,6.13,55620724,6.14
2016/06/27,6.09,6.22,6.08,6.15,44988709,6.15
2016/06/28,6.14,6.20,6.05,6.14,46035070,6.12
2016/06/29,6.15,6.44,6.12,6.34,82213290,6.29
2016/06/30,6.34,6.38,6.23,6.25,40235721,6.27
2016/07/01,6.29,6.37,6.21,6.30,38963468,6.29
2016/07/04,6.25,6.56,6.22,6.50,83088644,6.40
2016/07/05,6.46,6.75,6.41,6.50,101271436,6.56
2016/07/06,6.48,6.65,6.35,6.53,70769670,6.51
2016/07/07,6.52,7.18,6.47,7.18,195801452,6.92
2016/07/08,7.06,7.15,6.85,6.90,128107246,6.97
2016/07/11,6.94,7.19,6.83,6.93,120073942,7.05
2016/07/12,6.93,7.12,6.88,6.95,82937029,6.98
2016/07/13,6.94,7.40,6.91,7.07,79524194,7.08
2016/07/14,7.05,7.05,6.86,6.93,59141037,6.93
2016/07/15,6.92,6.93,6.73,6.77,43468038,6.82
2016/07/18,6.68,6.98,6.67,6.80,44908205,6.84
2016/07/19,6.78,6.82,6.58,6.74,38802570,6.69
2016/07/20,6.74,6.82,6.69,6.71,25632280,6.74
2016/07/21,6.70,6.85,6.68,6.75,41032307,6.77
2016/07/22,6.71,6.74,6.55,6.57,33313187,6.64
2016/07/25,6.57,6.61,6.49,6.52,31995312,6.52
2016/07/26,6.52,6.55,6.48,6.55,21346900,6.52
2016/07/27,6.55,6.63,6.07,6.19,50370000,6.34
2016/07/28,6.15,6.28,6.09,6.18,27696900,6.18
2016/07/29,6.23,6.25,6.13,6.15,16734619,6.17
2016/08/01,6.19,6.19,5.92,6.14,25179973,6.05
2016/08/02,6.10,6.35,6.09,6.34,31838033,6.24
2016/08/03,6.40,6.50,6.31,6.32,37295556,6.39
2016/08/04,6.27,6.57,6.21,6.49,52562147,6.41
2016/08/05,6.45,6.47,6.29,6.33,31788535,6.36
2016/08/08,6.25,6.43,6.25,6.37,22525058,6.38
2016/08/09,6.25,6.43,6.25,6.37,0,6.34
