Date, SZ002514.Open, SZ002514.High, SZ002514.Low, SZ002514.Close, SZ002514.Volume, SZ002514.Adjusted
2010/12/03,7.33,8.83,7.33,7.85,11734083,8.08
2010/12/06,7.32,7.47,7.05,7.15,7194778,7.26
2010/12/07,6.86,7.13,6.71,6.77,4262592,6.92
2010/12/08,6.81,7.00,6.71,6.83,3089423,6.85
2010/12/09,6.69,6.69,6.22,6.25,3330835,6.46
2010/12/10,6.15,6.28,5.99,6.15,2129506,6.14
2010/12/13,6.16,6.43,6.16,6.35,2461610,6.29
2010/12/14,6.29,6.67,6.25,6.65,2467472,6.46
2010/12/15,6.66,6.76,6.52,6.71,2328149,6.64
2010/12/16,6.75,7.11,6.71,6.91,3392349,6.91
2010/12/17,6.84,7.10,6.80,7.05,2162257,6.95
2010/12/20,7.06,7.30,6.87,7.16,2716648,7.08
2010/12/21,7.22,7.25,6.99,7.05,1745482,7.12
2010/12/22,7.05,7.09,6.80,6.85,1400539,6.94
2010/12/23,6.87,6.99,6.77,6.80,999369,6.88
2010/12/24,6.74,6.74,6.33,6.39,1224482,6.54
2010/12/27,6.40,6.47,6.15,6.20,943985,6.31
2010/12/28,6.20,6.46,6.18,6.38,974553,6.32
2010/12/29,6.41,6.65,6.41,6.64,987666,6.53
2010/12/30,6.62,6.63,6.46,6.54,778010,6.54
2010/12/31,6.50,6.60,6.49,6.59,770799,6.54
2011/01/04,6.56,6.63,6.37,6.55,1093926,6.50
2011/01/05,6.50,6.64,6.41,6.54,823410,6.52
2011/01/06,6.48,6.56,6.25,6.27,1220685,6.40
2011/01/07,6.26,6.32,6.22,6.23,857512,6.27
2011/01/10,6.26,6.32,6.22,6.23,0,6.27
2011/01/11,6.02,6.07,5.75,5.80,987095,5.91
2011/01/12,5.82,5.91,5.79,5.88,533483,5.85
2011/01/13,5.89,5.91,5.80,5.81,395989,5.85
2011/01/14,5.78,5.79,5.51,5.54,653422,5.65
2011/01/17,5.54,5.59,5.48,5.55,435797,5.54
2011/01/18,5.49,5.69,5.46,5.56,502837,5.58
2011/01/19,5.57,5.67,5.49,5.65,491416,5.58
2011/01/20,5.61,5.65,5.25,5.27,560340,5.45
2011/01/21,5.27,5.39,5.20,5.37,523042,5.29
2011/01/24,5.36,5.37,4.93,4.99,476129,5.15
2011/01/25,4.96,5.06,4.84,5.05,473808,4.95
2011/01/26,5.05,5.23,5.00,5.15,410723,5.12
2011/01/27,5.07,5.19,4.99,5.17,456969,5.09
2011/01/28,5.18,5.18,5.02,5.13,470357,5.10
2011/01/31,5.12,5.25,5.10,5.22,438605,5.17
2011/02/01,5.17,5.31,5.17,5.18,269700,5.24
2011/02/09,5.18,5.22,5.12,5.14,241824,5.17
2011/02/10,5.12,5.35,5.07,5.30,569569,5.21
2011/02/11,5.33,5.42,5.30,5.39,657765,5.36
2011/02/14,5.40,5.53,5.35,5.48,713177,5.44
2011/02/15,5.49,5.53,5.43,5.43,649663,5.48
2011/02/16,5.40,5.60,5.40,5.60,782352,5.50
2011/02/17,5.62,5.74,5.49,5.56,684123,5.62
2011/02/18,5.55,5.55,5.40,5.44,587123,5.48
2011/02/21,5.41,5.58,5.40,5.58,460411,5.49
2011/02/22,5.58,5.58,5.34,5.38,614260,5.46
2011/02/23,5.35,5.42,5.35,5.39,246768,5.38
2011/02/24,5.37,5.43,5.24,5.33,564434,5.33
2011/02/25,5.36,5.88,5.35,5.88,1710044,5.61
2011/02/28,5.88,5.88,5.71,5.86,1602963,5.79
2011/03/01,5.86,5.86,5.73,5.74,1074250,5.80
2011/03/02,5.74,5.80,5.57,5.64,875392,5.69
2011/03/03,5.62,5.64,5.44,5.44,1481857,5.54
2011/03/04,5.46,5.55,5.34,5.48,1392370,5.44
2011/03/07,5.49,5.60,5.41,5.57,1545484,5.50
2011/03/08,5.56,5.64,5.48,5.58,937238,5.56
2011/03/09,5.58,5.61,5.51,5.53,664362,5.56
2011/03/10,5.53,5.58,5.48,5.48,755257,5.53
2011/03/11,5.47,5.55,5.38,5.44,889647,5.46
2011/03/14,5.43,5.64,5.42,5.63,1049156,5.53
2011/03/15,5.61,5.61,5.43,5.51,788402,5.52
2011/03/16,5.51,5.60,5.50,5.57,779108,5.55
2011/03/17,5.51,5.61,5.48,5.49,703138,5.55
2011/03/18,5.52,5.64,5.52,5.61,807556,5.58
2011/03/21,5.60,5.74,5.58,5.69,1111184,5.66
2011/03/22,5.71,5.73,5.54,5.57,730171,5.64
2011/03/23,5.57,5.61,5.54,5.58,509838,5.58
2011/03/24,5.56,5.58,5.48,5.48,760461,5.53
2011/03/25,5.49,5.51,5.46,5.48,626781,5.48
2011/03/28,5.49,5.51,5.28,5.28,1334785,5.40
2011/03/29,5.27,5.29,5.07,5.08,715559,5.18
2011/03/30,5.09,5.13,5.00,5.09,327760,5.06
2011/03/31,5.10,5.18,5.08,5.08,323450,5.13
2011/04/01,5.12,5.16,5.07,5.16,213867,5.12
2011/04/06,5.15,5.20,5.04,5.05,355371,5.12
2011/04/07,5.02,5.18,5.02,5.18,671089,5.10
2011/04/08,5.15,5.30,5.13,5.26,544967,5.21
2011/04/11,5.26,5.29,5.16,5.20,361934,5.23
2011/04/12,5.10,5.10,4.91,4.99,1052249,5.00
2011/04/13,4.99,5.03,4.92,5.02,378799,4.98
2011/04/14,5.02,5.03,4.96,4.97,368386,5.00
2011/04/15,4.97,5.00,4.92,4.96,249175,4.96
2011/04/18,4.93,4.97,4.91,4.95,319548,4.94
2011/04/19,4.95,4.95,4.85,4.86,442284,4.90
2011/04/20,4.85,4.99,4.84,4.98,549789,4.92
2011/04/21,4.97,5.49,4.97,5.46,2237749,5.23
2011/04/22,5.38,5.38,5.18,5.18,1493112,5.28
2011/04/25,5.15,5.15,4.88,4.90,709225,5.02
2011/04/26,4.88,4.88,4.71,4.77,485433,4.79
2011/04/27,4.82,4.82,4.58,4.62,560154,4.70
2011/04/28,4.63,4.65,4.51,4.51,385455,4.58
2011/04/29,4.50,4.62,4.49,4.58,280695,4.56
2011/05/03,4.54,4.64,4.52,4.62,221168,4.58
2011/05/04,4.61,4.61,4.46,4.49,301711,4.54
2011/05/05,4.44,4.54,4.43,4.50,139136,4.48
2011/05/06,4.46,4.54,4.39,4.52,246888,4.46
2011/05/09,4.54,4.60,4.50,4.55,180153,4.55
2011/05/10,4.55,4.56,4.51,4.54,142501,4.53
2011/05/11,4.55,4.56,4.51,4.54,0,4.53
2011/05/12,4.50,4.55,4.46,4.54,253600,4.50
2011/05/13,4.57,4.66,4.50,4.57,293663,4.58
2011/05/16,4.60,4.60,4.48,4.50,218018,4.54
2011/05/17,4.50,4.52,4.41,4.49,181035,4.46
2011/05/18,4.50,4.52,4.46,4.50,157690,4.49
2011/05/19,4.50,4.54,4.48,4.54,184100,4.51
2011/05/20,4.53,4.54,4.46,4.49,134900,4.50
2011/05/23,4.46,4.49,4.18,4.18,386406,4.33
2011/05/24,4.13,4.18,3.90,4.13,364850,4.04
2011/05/25,4.10,4.10,3.99,3.99,250970,4.04
2011/05/26,3.99,4.06,3.95,3.96,251373,4.00
2011/05/27,3.96,3.97,3.88,3.88,202985,3.93
2011/05/30,3.88,4.05,3.85,3.94,375719,3.95
2011/05/31,3.94,4.02,3.91,4.02,308382,3.96
2011/06/01,4.02,4.10,3.98,4.06,267316,4.04
2011/06/02,4.02,4.03,3.93,4.00,239895,3.98
2011/06/03,3.98,4.15,3.98,4.11,453534,4.07
2011/06/07,4.10,4.20,4.07,4.15,234585,4.14
2011/06/08,4.05,4.14,4.05,4.14,190216,4.09
2011/06/09,4.13,4.13,4.02,4.02,207901,4.07
2011/06/10,3.99,4.04,3.95,4.02,175176,4.00
2011/06/13,4.00,4.06,3.94,4.04,237250,4.00
2011/06/14,4.01,4.17,4.01,4.12,326335,4.09
2011/06/15,4.09,4.14,4.09,4.10,199200,4.11
2011/06/16,4.07,4.11,4.06,4.09,220696,4.08
2011/06/17,4.09,4.19,4.08,4.16,477338,4.14
2011/06/20,4.17,4.52,4.17,4.36,1450046,4.34
2011/06/21,4.44,4.44,4.27,4.37,915071,4.35
2011/06/22,4.38,4.39,4.25,4.27,576215,4.32
2011/06/23,4.22,4.33,4.14,4.31,717455,4.23
2011/06/24,4.28,4.41,4.26,4.37,841111,4.33
2011/06/27,4.38,4.43,4.35,4.38,653875,4.39
2011/06/28,4.39,4.39,4.32,4.36,439945,4.35
2011/06/29,4.32,4.41,4.30,4.33,357459,4.35
2011/06/30,4.33,4.39,4.31,4.39,444701,4.35
2011/07/01,4.43,4.45,4.37,4.37,435525,4.41
2011/07/04,4.37,4.46,4.37,4.46,572935,4.42
2011/07/05,4.46,4.50,4.41,4.45,424057,4.46
2011/07/06,4.43,4.53,4.40,4.53,575359,4.47
2011/07/07,4.54,4.59,4.50,4.52,728736,4.54
2011/07/08,4.52,4.53,4.43,4.45,457637,4.48
2011/07/11,4.43,4.46,4.38,4.45,364326,4.42
2011/07/12,4.42,4.42,4.35,4.35,327365,4.38
2011/07/13,4.35,4.44,4.35,4.44,301988,4.40
2011/07/14,4.45,4.56,4.43,4.55,686248,4.49
2011/07/15,4.55,4.63,4.50,4.62,731529,4.56
2011/07/18,4.63,4.69,4.56,4.58,567691,4.63
2011/07/19,4.55,4.57,4.48,4.49,259623,4.53
2011/07/20,4.55,4.55,4.47,4.52,235078,4.51
2011/07/21,4.52,4.53,4.39,4.39,332567,4.46
2011/07/22,4.38,4.45,4.38,4.43,202716,4.42
2011/07/25,4.40,4.44,4.13,4.16,451700,4.29
2011/07/26,4.15,4.20,4.12,4.19,223719,4.16
2011/07/27,4.19,4.26,4.14,4.24,204174,4.20
2011/07/28,4.22,4.24,4.14,4.21,305643,4.19
2011/07/29,4.20,4.25,4.15,4.19,310672,4.20
2011/08/01,4.16,4.30,4.15,4.29,281771,4.23
2011/08/02,4.24,4.28,4.15,4.28,231139,4.22
2011/08/03,4.25,4.38,4.19,4.35,401447,4.29
2011/08/04,4.35,4.45,4.33,4.44,472686,4.39
2011/08/05,4.33,4.37,4.26,4.30,429512,4.31
2011/08/08,4.22,4.24,3.93,4.01,457169,4.09
2011/08/09,3.87,3.99,3.81,3.96,372357,3.90
2011/08/10,4.14,4.14,3.97,3.98,315623,4.05
2011/08/11,3.93,4.06,3.84,4.04,273525,3.95
2011/08/12,4.05,4.14,4.05,4.11,267149,4.09
2011/08/15,4.11,4.35,4.11,4.33,587416,4.23
2011/08/16,4.35,4.37,4.24,4.25,515106,4.31
2011/08/17,4.19,4.19,4.09,4.14,542082,4.14
2011/08/18,4.13,4.14,4.06,4.09,298108,4.10
2011/08/19,4.02,4.05,3.96,4.03,251395,4.00
2011/08/22,4.05,4.09,4.00,4.03,187926,4.04
2011/08/23,4.04,4.13,4.02,4.13,248282,4.07
2011/08/24,4.15,4.24,4.14,4.19,536338,4.19
2011/08/25,4.19,4.27,4.14,4.25,584549,4.20
2011/08/26,4.22,4.28,4.22,4.28,417197,4.25
2011/08/29,4.26,4.37,4.23,4.32,570162,4.30
2011/08/30,4.31,4.36,4.21,4.21,447665,4.29
2011/08/31,4.21,4.26,4.15,4.24,227227,4.21
2011/09/01,4.22,4.27,4.19,4.19,126300,4.23
2011/09/02,4.19,4.19,4.05,4.09,172746,4.12
2011/09/05,4.03,4.08,3.94,3.96,128378,4.01
2011/09/06,3.91,3.99,3.89,3.96,76958,3.94
2011/09/07,3.97,4.07,3.97,4.06,188260,4.02
2011/09/08,4.06,4.11,4.02,4.04,170100,4.06
2011/09/09,4.03,4.07,3.93,3.96,111785,4.00
2011/09/13,3.86,3.95,3.86,3.94,116434,3.91
2011/09/14,3.97,4.00,3.90,3.99,85200,3.95
2011/09/15,3.95,4.02,3.95,3.96,93315,3.98
2011/09/16,4.02,4.03,3.96,3.99,128999,4.00
2011/09/19,3.95,3.95,3.89,3.89,82325,3.92
2011/09/20,3.91,3.91,3.86,3.90,77628,3.89
2011/09/21,3.88,4.03,3.88,4.01,169816,3.96
2011/09/22,3.99,4.02,3.88,3.88,169490,3.95
2011/09/23,3.84,3.88,3.81,3.87,153670,3.84
2011/09/26,3.87,3.90,3.82,3.84,100209,3.86
2011/09/27,3.87,3.89,3.85,3.88,107647,3.87
2011/09/28,3.89,3.92,3.83,3.88,160450,3.88
2011/09/29,3.83,3.83,3.68,3.70,147599,3.76
2011/09/30,3.68,3.72,3.63,3.67,114731,3.68
2011/10/10,3.75,3.75,3.63,3.67,53855,3.69
2011/10/11,3.75,3.75,3.64,3.66,99739,3.70
2011/10/12,3.60,3.77,3.60,3.75,164788,3.69
2011/10/13,3.77,3.83,3.75,3.81,173036,3.79
2011/10/14,3.82,3.82,3.77,3.82,82358,3.79
2011/10/17,3.85,3.89,3.81,3.88,168339,3.85
2011/10/18,3.88,3.90,3.76,3.76,210515,3.83
2011/10/19,3.77,3.81,3.71,3.73,95315,3.76
2011/10/20,3.75,3.75,3.53,3.59,201434,3.64
2011/10/21,3.69,3.69,3.53,3.53,149800,3.61
2011/10/24,3.54,3.60,3.48,3.59,122039,3.54
2011/10/25,3.57,3.68,3.53,3.67,212184,3.60
2011/10/26,3.68,3.73,3.66,3.70,298945,3.70
2011/10/27,3.70,3.71,3.66,3.68,190727,3.69
2011/10/28,3.71,3.76,3.70,3.76,238472,3.73
2011/10/31,3.77,3.81,3.74,3.78,246185,3.78
2011/11/01,3.75,3.80,3.70,3.79,258735,3.75
2011/11/02,3.72,3.89,3.70,3.89,579494,3.80
2011/11/03,3.89,4.01,3.88,3.93,665198,3.94
2011/11/04,3.93,3.98,3.88,3.93,359087,3.93
2011/11/07,3.92,3.93,3.86,3.88,233403,3.90
2011/11/08,3.89,3.97,3.83,3.84,364561,3.90
2011/11/09,3.88,4.22,3.84,4.18,1703709,4.03
2011/11/10,4.11,4.13,4.04,4.10,1178699,4.08
2011/11/11,4.04,4.14,4.04,4.05,524224,4.09
2011/11/14,4.09,4.19,4.07,4.13,621657,4.13
2011/11/15,4.09,4.19,4.07,4.13,0,4.13
2011/11/16,4.13,4.38,4.13,4.23,1789817,4.25
2011/11/17,4.24,4.30,4.14,4.23,911014,4.22
2011/11/18,4.21,4.21,4.07,4.09,543829,4.14
2011/11/21,4.09,4.13,3.92,3.97,591997,4.02
2011/11/22,3.93,4.02,3.93,4.00,319140,3.97
2011/11/23,4.05,4.05,3.97,3.98,294706,4.01
2011/11/24,3.90,3.97,3.83,3.90,397182,3.90
2011/11/25,3.90,3.98,3.83,3.86,285411,3.91
2011/11/28,3.85,3.91,3.85,3.87,180414,3.88
2011/11/29,3.94,4.03,3.86,4.03,359702,3.95
2011/11/30,4.01,4.03,3.68,3.72,454113,3.86
2011/12/01,3.81,3.95,3.77,3.78,374889,3.86
2011/12/02,3.73,3.79,3.68,3.69,226430,3.74
2011/12/05,3.68,3.68,3.52,3.53,198400,3.60
2011/12/06,3.53,3.61,3.49,3.59,149761,3.55
2011/12/07,3.59,3.63,3.58,3.60,93569,3.60
2011/12/08,3.65,3.68,3.58,3.66,212687,3.63
2011/12/09,3.61,3.66,3.60,3.61,112773,3.63
2011/12/12,3.49,3.50,3.38,3.42,670305,3.44
2011/12/13,3.39,3.39,3.26,3.27,346100,3.32
2011/12/14,3.26,3.27,3.11,3.13,420746,3.19
2011/12/15,3.15,3.15,3.00,3.03,451899,3.07
2011/12/16,3.04,3.16,2.98,3.14,248598,3.07
2011/12/19,3.10,3.14,3.04,3.11,202593,3.09
2011/12/20,3.13,3.16,3.08,3.10,162629,3.12
2011/12/21,3.11,3.14,2.98,2.99,163468,3.06
2011/12/22,2.97,2.97,2.71,2.82,392625,2.84
2011/12/23,2.78,2.85,2.75,2.76,496592,2.80
2011/12/26,2.77,2.79,2.74,2.74,455882,2.77
2011/12/27,2.70,2.73,2.58,2.59,382442,2.66
2011/12/28,2.58,2.62,2.43,2.53,533694,2.53
2011/12/29,2.50,2.58,2.46,2.50,476851,2.52
2011/12/30,2.50,2.57,2.50,2.56,781510,2.53
2012/01/04,2.60,2.62,2.46,2.46,412892,2.54
2012/01/05,2.44,2.44,2.33,2.35,402292,2.39
2012/01/06,2.37,2.44,2.33,2.43,211208,2.39
2012/01/09,2.44,2.58,2.39,2.56,425196,2.49
2012/01/10,2.52,2.66,2.52,2.65,573295,2.59
2012/01/11,2.63,2.67,2.63,2.66,548622,2.65
2012/01/12,2.67,2.68,2.63,2.65,310028,2.66
2012/01/13,2.63,2.66,2.47,2.48,387650,2.57
2012/01/16,2.44,2.50,2.41,2.42,143310,2.46
2012/01/17,2.42,2.60,2.42,2.59,242430,2.51
2012/01/18,2.60,2.63,2.50,2.51,276300,2.56
2012/01/19,2.50,2.59,2.47,2.56,222489,2.53
2012/01/20,2.53,2.60,2.53,2.60,307851,2.56
2012/01/30,2.60,2.64,2.58,2.60,269368,2.61
2012/01/31,2.60,2.61,2.53,2.60,161300,2.57
2012/02/01,2.59,2.64,2.56,2.58,248196,2.60
2012/02/02,2.58,2.65,2.58,2.63,290922,2.61
2012/02/03,2.64,2.72,2.61,2.70,367995,2.67
2012/02/06,2.72,2.75,2.67,2.71,426277,2.71
2012/02/07,2.71,2.72,2.62,2.67,428490,2.67
2012/02/08,2.66,2.77,2.66,2.76,469979,2.72
2012/02/09,2.76,2.83,2.75,2.77,565778,2.79
2012/02/10,2.77,2.81,2.75,2.79,407814,2.78
2012/02/13,2.79,2.93,2.73,2.90,837734,2.83
2012/02/14,2.89,2.91,2.86,2.89,290182,2.89
2012/02/15,2.89,2.92,2.85,2.92,446969,2.89
2012/02/16,2.92,2.93,2.86,2.89,370741,2.90
2012/02/17,2.89,2.91,2.82,2.86,274830,2.86
2012/02/20,2.89,2.90,2.84,2.85,338197,2.87
2012/02/21,2.85,2.91,2.83,2.91,246374,2.87
2012/02/22,3.02,3.04,2.93,2.99,886193,2.99
2012/02/23,2.95,3.04,2.95,3.01,701209,3.00
2012/02/24,3.00,3.01,2.97,3.01,578569,2.99
2012/02/27,2.99,3.06,2.99,3.00,813469,3.03
2012/02/28,2.95,3.00,2.87,2.92,759510,2.94
2012/02/29,2.88,2.93,2.88,2.88,359502,2.91
2012/03/01,2.85,2.91,2.85,2.89,299059,2.88
2012/03/02,2.91,2.94,2.88,2.94,328290,2.91
2012/03/05,2.94,2.96,2.90,2.92,411205,2.93
2012/03/06,2.91,2.91,2.83,2.89,377192,2.87
2012/03/07,2.88,2.91,2.83,2.86,362660,2.87
2012/03/08,2.89,2.94,2.86,2.94,458657,2.90
2012/03/09,2.95,2.99,2.93,2.98,461583,2.96
2012/03/12,2.98,3.01,2.96,2.99,392101,2.98
2012/03/13,3.00,3.10,2.98,3.08,905240,3.04
2012/03/14,3.09,3.12,2.83,2.86,1032282,2.98
2012/03/15,2.85,2.89,2.79,2.81,541705,2.84
2012/03/16,2.86,2.93,2.82,2.92,450439,2.88
2012/03/19,2.91,3.01,2.89,3.01,333433,2.95
2012/03/20,3.01,3.01,2.89,2.90,312353,2.95
2012/03/21,2.90,3.04,2.86,3.04,494400,2.95
2012/03/22,3.08,3.26,3.08,3.11,1829718,3.17
2012/03/23,3.05,3.11,2.98,2.99,566790,3.04
2012/03/26,2.99,3.01,2.88,2.91,389025,2.94
2012/03/27,2.92,2.93,2.89,2.90,328686,2.91
2012/03/28,2.91,2.91,2.66,2.68,502463,2.79
2012/03/29,2.69,2.69,2.56,2.58,326047,2.63
2012/03/30,2.62,2.62,2.54,2.56,171350,2.58
2012/04/05,2.58,2.65,2.53,2.63,168363,2.59
2012/04/06,2.61,2.66,2.60,2.65,171582,2.63
2012/04/09,2.64,2.67,2.61,2.64,122124,2.64
2012/04/10,2.64,2.69,2.60,2.69,212772,2.65
2012/04/11,2.67,2.71,2.65,2.68,217400,2.68
2012/04/12,2.69,2.77,2.67,2.77,307193,2.72
2012/04/13,2.81,2.81,2.75,2.76,190498,2.78
2012/04/16,2.75,2.77,2.72,2.76,142389,2.75
2012/04/17,2.76,2.77,2.70,2.70,162300,2.74
2012/04/18,2.68,2.80,2.68,2.79,367922,2.74
2012/04/19,2.79,2.86,2.76,2.85,334647,2.81
2012/04/20,2.85,2.87,2.81,2.86,237435,2.84
2012/04/23,2.86,2.87,2.77,2.77,276183,2.82
2012/04/24,2.77,2.77,2.58,2.66,309613,2.68
2012/04/25,2.66,2.89,2.66,2.86,455230,2.78
2012/04/26,2.86,2.88,2.82,2.83,263196,2.85
2012/04/27,2.80,2.85,2.75,2.79,185770,2.80
2012/05/02,2.86,2.86,2.79,2.81,239176,2.82
2012/05/03,2.83,2.93,2.83,2.92,393187,2.88
2012/05/04,2.90,2.93,2.87,2.90,349112,2.90
2012/05/07,2.88,2.92,2.87,2.91,291292,2.90
2012/05/08,2.91,2.99,2.89,2.96,517049,2.94
2012/05/09,2.95,2.95,2.83,2.84,327190,2.89
2012/05/10,2.83,2.93,2.79,2.93,469589,2.86
2012/05/11,2.95,3.07,2.92,2.93,1300205,2.99
2012/05/14,2.93,2.96,2.85,2.92,728510,2.91
2012/05/15,2.93,2.95,2.85,2.89,522419,2.90
2012/05/16,2.92,2.95,2.86,2.88,318891,2.91
2012/05/17,2.92,2.95,2.86,2.88,0,2.91
2012/05/18,2.89,2.97,2.86,2.97,654326,2.92
2012/05/21,2.97,3.04,2.88,2.94,887299,2.96
2012/05/22,2.94,3.12,2.93,3.06,1526590,3.03
2012/05/23,3.03,3.05,2.91,3.01,973876,2.98
2012/05/24,3.01,3.01,2.92,2.93,606726,2.96
2012/05/25,2.93,2.93,2.86,2.90,484309,2.90
2012/05/28,2.89,2.99,2.88,2.95,270471,2.94
2012/05/29,2.97,3.09,2.93,3.05,777148,3.01
2012/05/30,3.05,3.05,2.99,3.04,439446,3.02
2012/05/31,3.00,3.09,2.99,3.06,489925,3.04
2012/06/01,3.05,3.13,3.05,3.11,804674,3.09
2012/06/04,3.07,3.07,2.97,2.99,541020,3.02
2012/06/05,2.98,3.03,2.97,2.99,258126,3.00
2012/06/06,3.03,3.03,2.91,2.92,350423,2.97
2012/06/07,2.93,2.97,2.86,2.88,170187,2.92
2012/06/08,2.90,2.92,2.85,2.88,206923,2.89
2012/06/11,2.85,2.85,2.73,2.84,386262,2.79
2012/06/12,2.83,2.83,2.77,2.79,179417,2.80
2012/06/13,2.78,2.85,2.78,2.84,274235,2.81
2012/06/14,2.85,2.87,2.78,2.83,346564,2.82
2012/06/15,2.81,2.92,2.81,2.88,619791,2.86
2012/06/18,2.89,2.91,2.87,2.89,329553,2.89
2012/06/19,2.90,2.92,2.85,2.90,353732,2.89
2012/06/20,2.90,2.99,2.88,2.97,698726,2.94
2012/06/21,2.96,2.96,2.88,2.95,663845,2.92
2012/06/25,3.01,3.25,3.01,3.05,3323270,3.13
2012/06/26,2.95,2.96,2.73,2.81,1860226,2.84
2012/06/27,2.80,2.81,2.72,2.73,1077254,2.77
2012/06/28,2.73,2.75,2.68,2.68,599563,2.72
2012/06/29,2.68,2.74,2.66,2.72,538783,2.70
2012/07/02,2.75,2.75,2.71,2.74,368927,2.73
2012/07/03,2.74,2.78,2.72,2.73,477831,2.75
2012/07/04,2.75,2.76,2.71,2.73,341747,2.73
2012/07/05,2.73,2.73,2.62,2.62,487712,2.68
2012/07/06,2.63,2.66,2.56,2.66,255300,2.61
2012/07/09,2.63,2.64,2.55,2.55,311920,2.59
2012/07/10,2.54,2.57,2.52,2.54,197793,2.54
2012/07/11,2.55,2.59,2.53,2.59,180575,2.56
2012/07/12,2.59,2.59,2.43,2.53,601143,2.51
2012/07/13,2.51,2.52,2.43,2.44,419501,2.48
2012/07/16,2.45,2.45,2.28,2.28,413440,2.36
2012/07/17,2.28,2.30,2.23,2.30,216160,2.26
2012/07/18,2.25,2.32,2.25,2.32,241720,2.28
2012/07/19,2.32,2.37,2.31,2.37,337780,2.34
2012/07/20,2.37,2.42,2.35,2.35,291090,2.39
2012/07/23,2.34,2.34,2.26,2.30,242444,2.30
2012/07/24,2.29,2.42,2.29,2.32,284531,2.35
2012/07/25,2.33,2.33,2.29,2.30,243669,2.31
2012/07/26,2.30,2.32,2.28,2.29,141619,2.30
2012/07/27,2.32,2.32,2.27,2.29,122110,2.29
2012/07/30,2.31,2.31,2.22,2.22,248205,2.27
2012/07/31,2.22,2.23,2.18,2.18,224150,2.21
2012/08/01,2.20,2.24,2.15,2.21,181629,2.20
2012/08/02,2.21,2.23,2.18,2.19,133849,2.21
2012/08/03,2.21,2.26,2.19,2.26,217054,2.22
2012/08/06,2.22,2.31,2.22,2.30,218829,2.27
2012/08/07,2.30,2.35,2.29,2.34,318980,2.32
2012/08/08,2.32,2.39,2.32,2.36,339436,2.35
2012/08/09,2.36,2.58,2.34,2.58,1636010,2.46
2012/08/10,2.55,2.68,2.50,2.65,2705312,2.59
2012/08/13,2.61,2.70,2.50,2.51,973468,2.60
2012/08/14,2.51,2.55,2.44,2.53,573004,2.49
2012/08/15,2.52,2.52,2.45,2.48,397039,2.49
2012/08/16,2.43,2.50,2.38,2.48,227382,2.44
2012/08/17,2.45,2.48,2.44,2.48,258811,2.46
2012/08/20,2.45,2.49,2.43,2.48,212180,2.46
2012/08/21,2.46,2.54,2.46,2.50,349372,2.50
2012/08/22,2.49,2.53,2.48,2.52,376022,2.50
2012/08/23,2.52,2.57,2.43,2.57,561822,2.50
2012/08/24,2.57,2.60,2.48,2.48,533112,2.54
2012/08/27,2.44,2.44,2.33,2.38,353415,2.39
2012/08/28,2.37,2.41,2.33,2.36,230684,2.37
2012/08/29,2.39,2.45,2.38,2.42,251770,2.42
2012/08/30,2.41,2.41,2.23,2.30,278164,2.32
2012/08/31,2.32,2.35,2.29,2.35,120667,2.32
2012/09/03,2.34,2.41,2.30,2.40,339151,2.35
2012/09/04,2.37,2.45,2.37,2.43,304653,2.41
2012/09/05,2.43,2.47,2.39,2.46,375647,2.43
2012/09/06,2.46,2.51,2.44,2.50,529665,2.47
2012/09/07,2.50,2.63,2.50,2.58,1067181,2.56
2012/09/10,2.58,2.62,2.53,2.58,780695,2.57
2012/09/11,2.57,2.66,2.53,2.65,947183,2.59
2012/09/12,2.65,2.67,2.59,2.62,648538,2.63
2012/09/13,2.63,2.63,2.55,2.56,589180,2.59
2012/09/14,2.58,2.60,2.54,2.57,390712,2.57
2012/09/17,2.55,2.62,2.47,2.48,438080,2.55
2012/09/18,2.47,2.51,2.44,2.49,179016,2.47
2012/09/19,2.49,2.55,2.49,2.55,227078,2.52
2012/09/20,2.53,2.54,2.40,2.43,289338,2.47
2012/09/21,2.45,2.50,2.43,2.43,209910,2.47
2012/09/24,2.40,2.45,2.33,2.41,190735,2.39
2012/09/25,2.39,2.44,2.37,2.37,99316,2.41
2012/09/26,2.42,2.42,2.34,2.36,127440,2.38
2012/09/27,2.40,2.49,2.34,2.43,262216,2.42
2012/09/28,2.40,2.47,2.39,2.46,192641,2.43
2012/10/08,2.46,2.65,2.43,2.58,764109,2.54
2012/10/09,2.59,2.63,2.57,2.62,919039,2.60
2012/10/10,2.60,2.60,2.54,2.59,755826,2.57
2012/10/11,2.58,2.59,2.50,2.50,574356,2.54
2012/10/12,2.53,2.54,2.50,2.54,398354,2.52
2012/10/15,2.54,2.54,2.42,2.45,449945,2.48
2012/10/16,2.47,2.48,2.43,2.44,273398,2.46
2012/10/17,2.44,2.46,2.41,2.46,251812,2.44
2012/10/18,2.46,2.51,2.45,2.50,489616,2.48
2012/10/19,2.48,2.60,2.48,2.52,534913,2.54
2012/10/22,2.53,2.55,2.48,2.53,451117,2.51
2012/10/23,2.55,2.60,2.48,2.49,305423,2.54
2012/10/24,2.47,2.52,2.47,2.49,169444,2.50
2012/10/25,2.52,2.52,2.46,2.46,191850,2.49
2012/10/26,2.45,2.47,2.34,2.34,398261,2.41
2012/10/29,2.34,2.40,2.31,2.34,188970,2.35
2012/10/30,2.37,2.37,2.33,2.34,324880,2.35
2012/10/31,2.33,2.33,2.28,2.33,385146,2.30
2012/11/01,2.31,2.41,2.31,2.38,431202,2.36
2012/11/02,2.38,2.42,2.37,2.38,186822,2.40
2012/11/05,2.38,2.39,2.35,2.38,168399,2.37
2012/11/06,2.37,2.40,2.30,2.40,274003,2.35
2012/11/07,2.43,2.43,2.37,2.40,205247,2.40
2012/11/08,2.36,2.38,2.32,2.32,171320,2.35
2012/11/09,2.28,2.34,2.27,2.29,284737,2.30
2012/11/12,2.29,2.38,2.29,2.36,194948,2.33
2012/11/13,2.34,2.43,2.33,2.40,404793,2.38
2012/11/14,2.43,2.64,2.43,2.64,2556107,2.54
2012/11/15,2.70,2.91,2.68,2.81,8270270,2.80
2012/11/16,2.72,2.74,2.61,2.70,3846293,2.68
2012/11/19,2.64,2.97,2.62,2.97,6910224,2.80
2012/11/20,2.95,3.24,2.90,3.10,7992195,3.07
2012/11/21,3.05,3.11,2.93,3.09,5061494,3.02
2012/11/22,3.03,3.07,2.86,2.90,4572082,2.96
2012/11/23,2.90,2.93,2.83,2.92,4188382,2.88
2012/11/26,2.88,2.89,2.78,2.84,3129708,2.83
2012/11/27,2.79,2.82,2.63,2.68,3006967,2.72
2012/11/28,2.67,2.77,2.66,2.71,2837443,2.72
2012/11/29,2.68,2.95,2.68,2.90,5480685,2.82
2012/11/30,2.85,3.05,2.78,2.99,4303463,2.91
2012/12/03,2.95,3.10,2.88,2.90,4125303,2.99
2012/12/04,2.80,2.80,2.61,2.78,3930467,2.70
2012/12/05,2.74,3.05,2.68,2.96,4280161,2.86
2012/12/06,2.93,3.11,2.88,3.00,4207512,2.99
2012/12/07,2.96,3.21,2.91,3.14,5716976,3.06
2012/12/10,3.15,3.46,3.08,3.46,6796196,3.27
2012/12/11,3.46,3.56,3.27,3.27,5568051,3.42
2012/12/12,3.28,3.38,3.15,3.36,4564963,3.26
2012/12/13,3.29,3.30,3.16,3.17,2964326,3.23
2012/12/14,3.13,3.31,3.13,3.27,3084710,3.22
2012/12/17,3.27,3.35,3.20,3.27,2649458,3.28
2012/12/18,3.27,3.29,3.08,3.11,3291987,3.19
2012/12/19,3.14,3.20,3.08,3.18,2081280,3.14
2012/12/20,3.16,3.23,3.08,3.22,2016955,3.16
2012/12/21,3.21,3.35,3.10,3.30,3735361,3.23
2012/12/24,3.26,3.34,3.23,3.25,1760762,3.28
2012/12/25,3.20,3.33,3.20,3.31,2707817,3.27
2012/12/26,3.30,3.48,3.28,3.36,2859207,3.38
2012/12/27,3.36,3.61,3.36,3.44,5196714,3.48
2012/12/28,3.46,3.54,3.36,3.48,3932663,3.45
2012/12/31,3.49,3.50,3.32,3.35,2725889,3.41
2013/01/04,3.37,3.37,3.27,3.33,1864003,3.32
2013/01/07,3.35,3.44,3.29,3.44,2100348,3.36
2013/01/08,3.44,3.44,3.33,3.38,1935892,3.39
2013/01/09,3.31,3.39,3.21,3.25,2130983,3.30
2013/01/10,3.25,3.33,3.22,3.33,1723987,3.28
2013/01/11,3.31,3.32,3.21,3.23,1607225,3.26
2013/01/14,3.22,3.34,3.20,3.33,1599866,3.27
2013/01/15,3.32,3.39,3.32,3.39,2337513,3.35
2013/01/16,3.40,3.58,3.38,3.45,3800267,3.48
2013/01/17,3.45,3.51,3.31,3.33,1883900,3.41
2013/01/18,3.33,3.37,3.30,3.36,1117832,3.33
2013/01/21,3.36,3.38,3.30,3.32,1192297,3.34
2013/01/22,3.31,3.31,3.14,3.14,2156417,3.23
2013/01/23,3.15,3.16,3.07,3.12,1050634,3.11
2013/01/24,3.13,3.18,3.01,3.04,1374711,3.09
2013/01/25,3.04,3.09,3.01,3.06,698598,3.05
2013/01/28,3.06,3.17,3.06,3.17,1076811,3.11
2013/01/29,3.15,3.19,3.13,3.17,811012,3.16
2013/01/30,3.17,3.18,3.07,3.10,969615,3.13
2013/01/31,3.11,3.14,3.06,3.13,679657,3.10
2013/02/01,3.16,3.16,3.12,3.15,915022,3.14
2013/02/04,3.18,3.18,2.99,2.99,1142501,3.09
2013/02/05,2.99,3.06,2.97,3.05,529211,3.02
2013/02/06,3.03,3.06,3.03,3.06,461233,3.04
2013/02/07,3.09,3.10,3.05,3.07,362056,3.07
2013/02/08,3.10,3.12,3.07,3.10,575786,3.09
2013/02/18,3.12,3.23,3.10,3.19,1252017,3.17
2013/02/19,3.19,3.22,3.16,3.18,900221,3.19
2013/02/20,3.18,3.28,3.13,3.26,1297993,3.20
2013/02/21,3.25,3.25,3.14,3.19,988222,3.20
2013/02/22,3.15,3.19,3.11,3.13,525930,3.15
2013/02/25,3.13,3.16,3.10,3.14,600024,3.13
2013/02/26,3.13,3.15,3.03,3.03,894945,3.09
2013/02/27,3.01,3.08,3.00,3.03,517930,3.04
2013/02/28,3.03,3.17,3.02,3.16,1032951,3.09
2013/03/01,3.16,3.22,3.13,3.18,1028094,3.18
2013/03/04,3.18,3.32,3.15,3.25,2585634,3.23
2013/03/05,3.25,3.55,3.21,3.45,3949888,3.38
2013/03/06,3.45,3.49,3.36,3.47,2378254,3.43
2013/03/07,3.43,3.46,3.36,3.39,1643294,3.41
2013/03/08,3.41,3.50,3.38,3.49,1722029,3.44
2013/03/11,3.55,3.83,3.55,3.63,4007624,3.69
2013/03/12,3.56,3.63,3.30,3.36,2866370,3.46
2013/03/13,3.30,3.39,3.24,3.31,1197589,3.32
2013/03/14,3.33,3.35,3.20,3.20,1248232,3.28
2013/03/15,3.21,3.30,3.18,3.22,902685,3.24
2013/03/18,3.23,3.29,3.21,3.23,825881,3.25
2013/03/19,3.24,3.28,3.19,3.27,621269,3.23
2013/03/20,3.30,3.39,3.25,3.38,1089846,3.32
2013/03/21,3.38,3.48,3.36,3.43,1585457,3.42
2013/03/22,3.41,3.49,3.40,3.43,921180,3.45
2013/03/25,3.45,3.45,3.35,3.35,891408,3.40
2013/03/26,3.35,3.37,3.27,3.31,703051,3.32
2013/03/27,3.31,3.35,3.27,3.33,579700,3.31
2013/03/28,3.30,3.30,3.09,3.09,1101427,3.19
2013/03/29,3.05,3.10,2.98,3.00,674111,3.04
2013/04/01,3.00,3.04,2.95,3.02,437170,3.00
2013/04/02,3.05,3.06,3.00,3.02,365225,3.03
2013/04/03,3.03,3.03,2.98,3.00,236528,3.00
2013/04/08,2.96,2.98,2.84,2.90,528959,2.91
2013/04/09,2.88,3.00,2.88,2.95,425584,2.94
2013/04/10,2.95,2.99,2.85,2.90,348367,2.92
2013/04/11,2.92,2.93,2.87,2.91,347655,2.90
2013/04/12,2.91,2.91,2.86,2.89,207482,2.89
2013/04/15,2.90,3.01,2.90,3.01,481546,2.95
2013/04/16,2.99,3.04,2.97,3.02,472700,3.01
2013/04/17,3.00,3.03,2.97,3.01,379015,3.00
2013/04/18,2.95,2.98,2.91,2.93,440007,2.95
2013/04/19,2.91,3.04,2.91,3.01,441575,2.98
2013/04/22,3.01,3.03,2.95,2.99,397255,2.99
2013/04/23,3.00,3.00,2.90,2.91,459690,2.95
2013/04/24,2.95,2.97,2.88,2.94,329818,2.93
2013/04/25,2.94,3.00,2.85,2.86,424247,2.93
2013/04/26,2.85,2.88,2.71,2.75,358589,2.79
2013/05/02,2.76,2.82,2.70,2.80,243466,2.76
2013/05/03,2.74,2.90,2.74,2.85,226804,2.82
2013/05/06,2.87,2.92,2.85,2.91,305213,2.89
2013/05/07,2.91,2.91,2.84,2.88,266999,2.88
2013/05/08,2.88,3.00,2.88,2.98,663445,2.94
2013/05/09,2.98,2.99,2.91,2.97,510145,2.95
2013/05/10,2.97,3.02,2.92,3.02,515142,2.97
2013/05/13,3.02,3.03,2.98,3.01,285142,3.00
2013/05/14,3.01,3.03,2.95,2.97,549384,2.99
2013/05/15,2.97,3.02,2.96,3.01,449221,2.99
2013/05/16,3.02,3.10,2.99,3.04,676788,3.05
2013/05/17,3.05,3.10,3.03,3.09,457936,3.06
2013/05/20,3.09,3.17,3.05,3.17,698771,3.11
2013/05/21,3.17,3.25,3.14,3.24,1008868,3.20
2013/05/22,3.24,3.25,3.14,3.18,827671,3.20
2013/05/23,3.15,3.22,3.13,3.16,620065,3.18
2013/05/24,3.15,3.20,3.13,3.20,403488,3.17
2013/05/27,3.20,3.24,3.18,3.19,556481,3.21
2013/05/28,3.20,3.22,3.10,3.20,772182,3.16
2013/05/29,3.20,3.27,3.18,3.27,827024,3.23
2013/05/30,3.29,3.36,3.28,3.35,1592671,3.32
2013/05/31,3.35,3.42,3.30,3.35,1409736,3.36
2013/06/03,3.31,3.34,3.23,3.31,642504,3.28
2013/06/04,3.31,3.31,3.13,3.14,943768,3.22
2013/06/05,3.15,3.20,3.04,3.18,572337,3.12
2013/06/06,3.18,3.20,3.06,3.06,422467,3.13
2013/06/07,3.06,3.08,2.95,2.97,569323,3.02
2013/06/13,2.97,2.99,2.86,2.90,369080,2.93
2013/06/14,2.94,2.97,2.90,2.96,345365,2.94
2013/06/17,2.97,3.01,2.89,2.98,362281,2.95
2013/06/18,2.95,3.01,2.95,2.97,242759,2.98
2013/06/19,2.97,2.99,2.87,2.99,380440,2.93
2013/06/20,3.02,3.09,2.93,2.95,803309,3.01
2013/06/21,2.88,2.95,2.78,2.89,495663,2.86
2013/06/24,2.89,2.89,2.70,2.73,387635,2.80
2013/06/25,2.72,2.78,2.46,2.65,654518,2.62
2013/06/26,2.68,2.70,2.58,2.65,300728,2.64
2013/06/27,2.66,2.71,2.63,2.67,612424,2.67
2013/06/28,2.64,2.73,2.60,2.70,391819,2.67
2013/07/01,2.69,2.74,2.61,2.72,249368,2.68
2013/07/02,2.74,2.87,2.73,2.82,562113,2.80
2013/07/03,2.83,2.97,2.83,2.96,778166,2.90
2013/07/04,2.83,2.97,2.83,2.96,0,2.90
2013/07/05,2.83,2.97,2.83,2.96,0,2.90
2013/07/08,2.83,2.97,2.83,2.96,0,2.90
2013/07/09,2.83,2.97,2.83,2.96,0,2.90
2013/07/10,2.83,2.97,2.83,2.96,0,2.90
2013/07/11,2.83,2.97,2.83,2.96,0,2.90
2013/07/12,2.83,2.97,2.83,2.96,0,2.90
2013/07/15,2.83,2.97,2.83,2.96,0,2.90
2013/07/16,2.83,2.97,2.83,2.96,0,2.90
2013/07/17,2.83,2.97,2.83,2.96,0,2.90
2013/07/18,2.83,2.97,2.83,2.96,0,2.90
2013/07/19,2.83,2.97,2.83,2.96,0,2.90
2013/07/22,2.83,2.97,2.83,2.96,0,2.90
2013/07/23,2.83,2.97,2.83,2.96,0,2.90
2013/07/24,2.83,2.97,2.83,2.96,0,2.90
2013/07/25,2.83,2.97,2.83,2.96,0,2.90
2013/07/26,2.83,2.97,2.83,2.96,0,2.90
2013/07/29,2.83,2.97,2.83,2.96,0,2.90
2013/07/30,2.83,2.97,2.83,2.96,0,2.90
2013/07/31,2.83,2.97,2.83,2.96,0,2.90
2013/08/01,2.83,2.97,2.83,2.96,0,2.90
2013/08/02,2.83,2.97,2.83,2.96,0,2.90
2013/08/05,2.83,2.97,2.83,2.96,0,2.90
2013/08/06,2.83,2.97,2.83,2.96,0,2.90
2013/08/07,2.83,2.97,2.83,2.96,0,2.90
2013/08/08,2.83,2.97,2.83,2.96,0,2.90
2013/08/09,2.83,2.97,2.83,2.96,0,2.90
2013/08/12,2.83,2.97,2.83,2.96,0,2.90
2013/08/13,2.83,2.97,2.83,2.96,0,2.90
2013/08/14,2.83,2.97,2.83,2.96,0,2.90
2013/08/15,2.83,2.97,2.83,2.96,0,2.90
2013/08/16,2.83,2.97,2.83,2.96,0,2.90
2013/08/19,2.83,2.97,2.83,2.96,0,2.90
2013/08/20,2.83,2.97,2.83,2.96,0,2.90
2013/08/21,2.83,2.97,2.83,2.96,0,2.90
2013/08/22,2.83,2.97,2.83,2.96,0,2.90
2013/08/23,2.83,2.97,2.83,2.96,0,2.90
2013/08/26,2.83,2.97,2.83,2.96,0,2.90
2013/08/27,2.83,2.97,2.83,2.96,0,2.90
2013/08/28,2.83,2.97,2.83,2.96,0,2.90
2013/08/29,2.83,2.97,2.83,2.96,0,2.90
2013/08/30,2.83,2.97,2.83,2.96,0,2.90
2013/09/02,2.83,2.97,2.83,2.96,0,2.90
2013/09/03,2.83,2.97,2.83,2.96,0,2.90
2013/09/04,2.83,2.97,2.83,2.96,0,2.90
2013/09/05,2.83,2.97,2.83,2.96,0,2.90
2013/09/06,2.83,2.97,2.83,2.96,0,2.90
2013/09/09,2.83,2.97,2.83,2.96,0,2.90
2013/09/10,2.83,2.97,2.83,2.96,0,2.90
2013/09/11,2.83,2.97,2.83,2.96,0,2.90
2013/09/12,2.83,2.97,2.83,2.96,0,2.90
2013/09/13,2.83,2.97,2.83,2.96,0,2.90
2013/09/16,2.83,2.97,2.83,2.96,0,2.90
2013/09/17,2.83,2.97,2.83,2.96,0,2.90
2013/09/18,2.83,2.97,2.83,2.96,0,2.90
2013/09/23,2.83,2.97,2.83,2.96,0,2.90
2013/09/24,2.83,2.97,2.83,2.96,0,2.90
2013/09/25,2.83,2.97,2.83,2.96,0,2.90
2013/09/26,2.83,2.97,2.83,2.96,0,2.90
2013/09/27,2.83,2.97,2.83,2.96,0,2.90
2013/09/30,3.26,3.26,3.26,3.26,109032,3.26
2013/10/08,3.59,3.59,3.59,3.59,159563,3.59
2013/10/09,3.95,3.95,3.88,3.95,3004130,3.92
2013/10/10,4.08,4.35,4.00,4.35,9165963,4.17
2013/10/11,4.16,4.33,4.13,4.26,5900626,4.23
2013/10/14,4.29,4.29,4.09,4.23,4391661,4.19
2013/10/15,4.21,4.50,4.18,4.21,5175086,4.34
2013/10/16,4.11,4.20,3.96,4.04,3845734,4.08
2013/10/17,4.08,4.33,3.98,4.21,4502883,4.16
2013/10/18,4.10,4.16,3.92,4.08,2538593,4.04
2013/10/21,4.02,4.34,3.98,4.26,4022146,4.16
2013/10/22,4.18,4.44,4.03,4.11,3642739,4.24
2013/10/23,4.04,4.10,3.92,4.07,2331603,4.01
2013/10/24,4.05,4.23,3.99,4.09,2224269,4.11
2013/10/25,4.05,4.28,4.01,4.01,2943248,4.15
2013/10/28,3.90,3.90,3.60,3.60,1676500,3.75
2013/10/29,3.48,3.53,3.30,3.39,3571618,3.41
2013/10/30,3.41,3.49,3.39,3.45,1773035,3.44
2013/10/31,3.45,3.55,3.36,3.47,1579425,3.45
2013/11/01,3.45,3.50,3.38,3.38,1273150,3.44
2013/11/04,3.48,3.72,3.45,3.72,1881086,3.59
2013/11/05,3.93,4.10,3.91,4.10,2405914,4.00
2013/11/06,4.35,4.52,4.25,4.52,11870231,4.38
2013/11/07,4.58,4.73,4.32,4.42,7950150,4.53
2013/11/08,4.55,4.79,4.45,4.48,9482877,4.62
2013/11/11,4.44,4.46,4.14,4.42,6294016,4.30
2013/11/12,4.32,4.57,4.28,4.41,5256110,4.43
2013/11/13,4.25,4.45,4.17,4.31,3636092,4.31
2013/11/14,4.35,4.75,4.23,4.75,9779961,4.49
2013/11/15,4.79,4.81,4.55,4.55,8772563,4.68
2013/11/18,4.55,4.55,4.31,4.48,6801308,4.43
2013/11/19,4.39,4.67,4.36,4.64,6315496,4.52
2013/11/20,4.56,4.59,4.41,4.50,3391334,4.50
2013/11/21,4.49,4.56,4.28,4.33,3739888,4.42
2013/11/22,4.22,4.41,4.22,4.38,2604261,4.31
2013/11/25,4.39,4.40,4.23,4.23,1999621,4.32
2013/11/26,4.24,4.42,4.12,4.42,3056501,4.27
2013/11/27,4.33,4.49,4.33,4.43,2763644,4.41
2013/11/28,4.43,4.43,4.25,4.30,2355862,4.34
2013/11/29,4.30,4.45,4.29,4.37,1949520,4.37
2013/12/02,4.18,4.18,3.93,3.93,2536785,4.05
2013/12/03,3.68,4.03,3.68,3.94,1595162,3.86
2013/12/04,4.06,4.26,4.06,4.14,1812856,4.16
2013/12/05,4.10,4.25,4.10,4.11,1225802,4.17
2013/12/06,4.11,4.22,4.09,4.19,830185,4.15
2013/12/09,4.26,4.26,4.15,4.18,579274,4.21
2013/12/10,4.19,4.20,3.97,4.10,847106,4.09
2013/12/11,4.07,4.08,3.97,4.00,689617,4.03
2013/12/12,4.01,4.10,3.98,4.05,680806,4.04
2013/12/13,4.02,4.12,4.00,4.08,675170,4.06
2013/12/16,4.06,4.14,4.01,4.10,766847,4.07
2013/12/17,4.04,4.11,3.98,4.02,503153,4.05
2013/12/18,4.04,4.10,3.98,4.00,497061,4.04
2013/12/19,4.01,4.41,4.01,4.41,2816612,4.21
2013/12/20,4.50,4.57,4.27,4.30,2626740,4.42
2013/12/23,4.30,4.42,4.12,4.13,1845561,4.27
2013/12/24,4.07,4.08,3.95,4.02,1805206,4.02
2013/12/25,4.01,4.11,3.97,4.10,1404064,4.04
2013/12/26,4.11,4.33,4.08,4.30,3238316,4.21
2013/12/27,4.20,4.39,4.18,4.31,2239215,4.28
2013/12/30,4.32,4.74,4.32,4.74,4831541,4.53
2013/12/31,4.75,4.79,4.51,4.73,4187667,4.65
2014/01/02,4.88,5.08,4.76,5.01,5084826,4.92
2014/01/03,4.88,5.19,4.79,5.15,5640425,4.99
2014/01/06,5.09,5.09,4.85,4.85,3637970,4.97
2014/01/07,4.76,4.83,4.60,4.75,2382163,4.71
2014/01/08,4.84,4.88,4.70,4.78,1911045,4.79
2014/01/09,4.82,5.00,4.74,4.77,2672720,4.87
2014/01/10,4.77,4.83,4.52,4.53,1789586,4.67
2014/01/13,4.80,4.80,4.30,4.44,3272104,4.55
2014/01/14,4.45,4.54,4.35,4.48,1969951,4.44
2014/01/15,4.48,4.88,4.39,4.62,3565766,4.63
2014/01/16,4.63,4.78,4.52,4.65,2666650,4.65
2014/01/17,4.58,4.71,4.50,4.50,1720254,4.60
2014/01/20,4.51,4.70,4.45,4.65,1539711,4.58
2014/01/21,4.64,4.87,4.64,4.82,4076418,4.75
2014/01/22,4.84,5.02,4.74,4.94,4279732,4.88
2014/01/23,4.93,4.99,4.83,4.90,1931701,4.91
2014/01/24,4.88,5.08,4.85,4.91,3295363,4.96
2014/01/27,4.91,5.40,4.78,5.25,3872990,5.09
2014/01/28,5.20,5.78,5.20,5.78,5461719,5.49
2014/01/29,6.02,6.35,5.97,6.32,6480028,6.16
2014/01/30,6.29,6.29,6.01,6.25,4491776,6.15
2014/02/07,6.18,6.24,6.05,6.23,5364781,6.15
2014/02/10,6.20,6.28,6.01,6.28,5326453,6.15
2014/02/11,6.24,6.25,5.70,6.03,4487567,5.98
2014/02/12,6.00,6.07,5.88,6.00,3170574,5.98
2014/02/13,6.05,6.50,5.95,5.99,7518759,6.23
2014/02/14,5.78,6.00,5.67,5.91,3090652,5.83
2014/02/17,5.91,6.19,5.86,5.96,2887595,6.03
2014/02/18,5.95,6.33,5.81,6.30,3882058,6.07
2014/02/19,6.25,6.40,6.07,6.09,2693655,6.24
2014/02/20,6.09,6.23,5.83,5.86,1867367,6.03
2014/02/21,5.73,6.01,5.73,5.98,841246,5.87
2014/02/24,6.07,6.24,5.97,6.18,1483857,6.10
2014/02/25,6.23,6.25,5.56,5.56,2260243,5.90
2014/02/26,5.57,5.58,5.11,5.34,2350831,5.35
2014/02/27,5.39,5.39,4.93,4.95,2208134,5.16
2014/02/28,4.90,5.20,4.84,5.08,2082162,5.02
2014/03/03,5.09,5.27,5.09,5.27,2181935,5.18
2014/03/04,5.22,5.24,4.96,5.15,1616785,5.10
2014/03/05,5.19,5.24,5.08,5.13,1122373,5.16
2014/03/06,5.07,5.32,5.07,5.31,2396246,5.20
2014/03/07,5.32,5.35,5.05,5.14,2289038,5.20
2014/03/10,5.17,5.30,4.96,4.96,2010932,5.13
2014/03/11,4.90,4.90,4.57,4.68,2070837,4.74
2014/03/12,4.68,4.86,4.64,4.75,1539325,4.75
2014/03/13,4.74,4.80,4.63,4.78,881101,4.71
2014/03/14,4.78,4.78,4.60,4.66,1760070,4.69
2014/03/17,4.65,4.87,4.64,4.84,1365616,4.75
2014/03/18,4.81,5.02,4.81,4.93,1485721,4.91
2014/03/19,4.93,4.93,4.81,4.87,961326,4.87
2014/03/20,4.88,4.88,4.62,4.62,1323075,4.75
2014/03/21,4.60,4.74,4.45,4.73,1136153,4.60
2014/03/24,4.72,4.76,4.62,4.62,689949,4.69
2014/03/25,4.61,4.90,4.58,4.89,1464337,4.74
2014/03/26,4.91,5.08,4.85,4.99,1847259,4.96
2014/03/27,5.03,5.03,4.67,4.70,1556868,4.85
2014/03/28,4.70,4.73,4.38,4.41,1647848,4.56
2014/03/31,4.41,4.53,4.39,4.46,448174,4.46
2014/04/01,4.48,4.91,4.47,4.89,2870471,4.69
2014/04/02,4.87,4.90,4.71,4.75,1452805,4.81
2014/04/03,4.75,4.98,4.72,4.77,1312292,4.85
2014/04/04,4.77,4.92,4.73,4.90,1341383,4.83
2014/04/08,4.87,5.04,4.84,4.97,1642426,4.94
2014/04/09,5.08,5.15,4.97,5.04,1883160,5.06
2014/04/10,5.04,5.12,5.04,5.06,1333655,5.08
2014/04/11,4.97,5.03,4.90,4.91,910145,4.97
2014/04/14,4.91,5.02,4.91,5.00,619727,4.96
2014/04/15,5.04,5.05,4.93,4.94,503439,4.99
2014/04/16,4.91,4.96,4.83,4.91,720410,4.90
2014/04/17,4.87,4.97,4.83,4.92,498363,4.90
2014/04/18,4.94,5.20,4.94,5.14,2527653,5.07
2014/04/21,5.15,5.16,4.97,5.01,1175988,5.06
2014/04/22,5.01,5.03,4.83,4.88,993625,4.93
2014/04/23,4.90,5.07,4.85,5.05,1261458,4.96
2014/04/24,5.08,5.52,4.99,5.46,3976978,5.25
2014/04/25,5.45,5.90,5.24,5.60,5695277,5.57
2014/04/28,5.58,5.69,5.04,5.04,6568245,5.37
2014/04/29,4.83,5.04,4.63,4.93,3978916,4.83
2014/04/30,4.91,5.34,4.87,5.03,5292658,5.10
2014/05/05,4.95,5.40,4.67,5.36,6715194,5.04
2014/05/06,5.21,5.45,5.19,5.32,5995576,5.32
2014/05/07,5.28,5.60,5.28,5.42,7408759,5.44
2014/05/08,5.35,5.90,5.32,5.74,9607530,5.61
2014/05/09,5.69,5.73,5.53,5.64,6709932,5.63
2014/05/12,5.65,5.66,5.34,5.54,7291089,5.50
2014/05/13,5.52,5.53,5.04,5.05,8336257,5.29
2014/05/14,5.06,5.55,5.04,5.55,9374847,5.29
2014/05/15,5.79,5.90,5.61,5.70,13616323,5.76
2014/05/16,5.65,5.68,5.23,5.37,9989532,5.46
2014/05/19,5.37,5.41,5.06,5.20,7032700,5.23
2014/05/20,5.21,5.72,5.15,5.72,12013709,5.44
2014/05/21,5.75,5.99,5.69,5.92,17970294,5.84
2014/05/22,5.85,6.06,5.77,5.80,13131832,5.91
2014/05/23,5.80,5.97,5.76,5.88,9008762,5.86
2014/05/26,5.83,5.94,5.77,5.86,7298709,5.85
2014/05/27,5.85,6.08,5.69,6.08,9887784,5.89
2014/05/28,6.00,6.07,5.86,5.96,8631521,5.97
2014/05/29,5.89,5.96,5.70,5.70,6877966,5.83
2014/05/30,5.67,5.84,5.59,5.75,4946806,5.71
2014/06/03,5.74,5.98,5.68,5.73,5102638,5.83
2014/06/04,5.68,5.71,5.56,5.66,3388419,5.63
2014/06/05,5.63,5.69,5.51,5.64,4001549,5.60
2014/06/06,5.64,5.74,5.54,5.61,3129404,5.64
2014/06/09,5.41,5.63,5.41,5.49,2829263,5.52
2014/06/10,5.48,5.61,5.34,5.57,3473436,5.48
2014/06/11,5.52,5.84,5.52,5.72,6337390,5.68
2014/06/12,5.66,5.68,5.53,5.60,3641915,5.60
2014/06/13,5.60,5.98,5.58,5.82,9307730,5.78
2014/06/16,5.79,5.93,5.66,5.81,5195452,5.79
2014/06/17,5.81,5.81,5.58,5.65,4644638,5.69
2014/06/18,5.70,5.70,5.43,5.44,4841038,5.56
2014/06/19,5.46,5.50,4.90,5.27,4560227,5.20
2014/06/20,5.23,5.34,5.13,5.28,1784961,5.23
2014/06/23,5.27,5.37,5.25,5.30,1932902,5.31
2014/06/24,5.29,5.33,5.25,5.33,1398421,5.29
2014/06/25,5.32,5.38,5.17,5.19,1658148,5.27
2014/06/26,5.13,5.29,5.13,5.24,2267186,5.21
2014/06/27,5.20,5.38,5.19,5.31,2882339,5.29
2014/06/30,5.42,5.42,5.27,5.28,2827744,5.34
2014/07/01,5.28,5.43,5.26,5.41,3110220,5.34
2014/07/02,5.39,5.50,5.36,5.48,3631101,5.43
2014/07/03,5.39,5.50,5.36,5.48,0,5.43
2014/07/04,5.39,5.50,5.36,5.48,0,5.43
2014/07/07,5.39,5.50,5.36,5.48,0,5.43
2014/07/08,5.39,5.50,5.36,5.48,0,5.43
2014/07/09,5.39,5.50,5.36,5.48,0,5.43
2014/07/10,5.39,5.50,5.36,5.48,0,5.43
2014/07/11,6.03,6.03,5.73,6.03,12941366,5.88
2014/07/14,6.04,6.43,6.00,6.14,17127596,6.21
2014/07/15,6.06,6.30,5.95,6.03,7937057,6.13
2014/07/16,5.93,6.00,5.71,5.79,6834077,5.85
2014/07/17,5.82,5.84,5.61,5.73,3488937,5.73
2014/07/18,5.69,5.82,5.59,5.76,2632194,5.71
2014/07/21,5.77,5.77,5.52,5.54,3906025,5.64
2014/07/22,5.56,5.62,5.53,5.59,2358278,5.58
2014/07/23,5.59,5.63,5.43,5.44,3669448,5.53
2014/07/24,5.44,5.44,5.24,5.31,3184803,5.34
2014/07/25,5.32,5.42,5.30,5.33,1569437,5.36
2014/07/28,5.34,5.43,5.34,5.41,3054542,5.38
2014/07/29,5.41,5.60,5.41,5.60,4049191,5.50
2014/07/30,5.63,5.64,5.50,5.58,3375456,5.57
2014/07/31,5.63,6.14,5.62,6.14,4966160,5.88
2014/08/01,6.35,6.35,5.84,5.91,15884511,6.09
2014/08/04,5.90,5.95,5.80,5.91,6895119,5.88
2014/08/05,5.90,5.95,5.77,5.94,5214312,5.86
2014/08/06,5.90,5.94,5.82,5.89,3235022,5.88
2014/08/07,5.90,6.10,5.89,5.98,8340614,5.99
2014/08/08,5.99,6.16,5.98,6.10,6833018,6.07
2014/08/11,6.12,6.21,6.04,6.12,5441675,6.13
2014/08/12,6.12,6.15,6.03,6.06,3709213,6.09
2014/08/13,6.06,6.10,5.83,5.96,5102534,5.96
2014/08/14,5.91,6.05,5.88,5.99,3919122,5.96
2014/08/15,6.02,6.17,5.95,6.11,5238988,6.06
2014/08/18,6.13,6.39,6.13,6.39,9737622,6.26
2014/08/19,6.40,6.43,6.19,6.31,6923047,6.31
2014/08/20,6.30,6.70,6.26,6.54,10707566,6.48
2014/08/21,6.61,6.63,6.36,6.58,7194568,6.50
2014/08/22,6.55,6.57,6.30,6.41,6904614,6.44
2014/08/25,6.40,6.58,6.31,6.49,6234357,6.44
2014/08/26,6.41,6.80,6.38,6.60,10031602,6.59
2014/08/27,6.50,6.69,6.40,6.59,7112839,6.55
2014/08/28,6.59,6.78,6.32,6.34,7005898,6.55
2014/08/29,6.35,6.51,6.18,6.46,4316603,6.34
2014/09/01,6.46,6.69,6.40,6.66,6375226,6.55
2014/09/02,6.68,6.92,6.62,6.90,11421132,6.77
2014/09/03,6.88,7.57,6.84,7.30,21869992,7.21
2014/09/04,7.11,7.20,7.00,7.08,16908483,7.10
2014/09/05,7.06,7.07,6.81,6.91,11363762,6.94
2014/09/09,6.93,7.09,6.83,6.99,7854439,6.96
2014/09/10,6.93,7.04,6.86,7.02,6575026,6.95
2014/09/11,7.02,7.08,6.80,6.85,7077360,6.94
2014/09/12,6.86,7.07,6.75,7.06,8215470,6.91
2014/09/15,7.04,7.17,6.98,7.09,7632197,7.08
2014/09/16,7.09,7.39,7.05,7.08,12992349,7.22
2014/09/17,7.02,7.39,6.89,7.35,9620427,7.14
2014/09/18,7.36,7.57,7.25,7.51,11477816,7.41
2014/09/19,7.64,7.90,7.49,7.49,11000688,7.70
2014/09/22,7.39,7.83,7.20,7.74,10721168,7.52
2014/09/23,7.70,7.94,7.65,7.78,7179244,7.80
2014/09/24,7.70,7.94,7.65,7.78,0,7.80
2014/09/25,7.70,7.94,7.65,7.78,0,7.80
2014/09/26,7.70,7.94,7.65,7.78,0,7.80
2014/09/29,7.70,7.94,7.65,7.78,0,7.80
2014/09/30,7.70,7.94,7.65,7.78,0,7.80
2014/10/08,7.70,7.94,7.65,7.78,0,7.80
2014/10/09,7.70,7.94,7.65,7.78,0,7.80
2014/10/10,7.70,7.94,7.65,7.78,0,7.80
2014/10/13,7.70,7.94,7.65,7.78,0,7.80
2014/10/14,7.70,7.94,7.65,7.78,0,7.80
2014/10/15,7.70,7.94,7.65,7.78,0,7.80
2014/10/16,7.70,7.94,7.65,7.78,0,7.80
2014/10/17,7.70,7.94,7.65,7.78,0,7.80
2014/10/20,7.70,7.94,7.65,7.78,0,7.80
2014/10/21,7.70,7.94,7.65,7.78,0,7.80
2014/10/22,7.70,7.94,7.65,7.78,0,7.80
2014/10/23,7.70,7.94,7.65,7.78,0,7.80
2014/10/24,7.70,7.94,7.65,7.78,0,7.80
2014/10/27,7.70,7.94,7.65,7.78,0,7.80
2014/10/28,7.70,7.94,7.65,7.78,0,7.80
2014/10/29,7.70,7.94,7.65,7.78,0,7.80
2014/10/30,7.70,7.94,7.65,7.78,0,7.80
2014/10/31,7.70,7.94,7.65,7.78,0,7.80
2014/11/03,7.70,7.94,7.65,7.78,0,7.80
2014/11/04,7.70,7.94,7.65,7.78,0,7.80
2014/11/05,7.70,7.94,7.65,7.78,0,7.80
2014/11/06,7.70,7.94,7.65,7.78,0,7.80
2014/11/07,7.70,7.94,7.65,7.78,0,7.80
2014/11/10,7.70,7.94,7.65,7.78,0,7.80
2014/11/11,7.70,7.94,7.65,7.78,0,7.80
2014/11/12,7.70,7.94,7.65,7.78,0,7.80
2014/11/13,7.70,7.94,7.65,7.78,0,7.80
2014/11/14,7.70,7.94,7.65,7.78,0,7.80
2014/11/17,7.70,7.94,7.65,7.78,0,7.80
2014/11/18,7.70,7.94,7.65,7.78,0,7.80
2014/11/19,7.70,7.94,7.65,7.78,0,7.80
2014/11/20,7.70,7.94,7.65,7.78,0,7.80
2014/11/21,7.89,7.89,7.03,7.30,16605783,7.46
2014/11/24,7.20,7.20,6.94,6.98,13320033,7.07
2014/11/25,6.98,7.09,6.91,7.06,7487250,7.00
2014/11/26,7.05,7.18,6.92,7.17,8949132,7.05
2014/11/27,7.15,7.40,7.13,7.40,11280981,7.27
2014/11/28,7.38,7.61,7.32,7.40,9033100,7.47
2014/12/01,7.35,7.44,7.12,7.12,4426349,7.28
2014/12/02,7.11,7.40,7.05,7.29,5148683,7.23
2014/12/03,7.30,7.41,7.14,7.19,5370249,7.27
2014/12/04,7.18,7.25,7.11,7.13,6616259,7.18
2014/12/05,7.13,7.13,6.60,6.79,6389893,6.86
2014/12/08,6.60,7.20,6.58,7.17,7574362,6.89
2014/12/09,7.15,7.34,6.80,6.87,9453029,7.07
2014/12/10,6.81,7.25,6.78,7.15,6066466,7.02
2014/12/11,7.15,7.40,7.06,7.37,7283886,7.23
2014/12/12,7.37,7.65,7.33,7.59,10807062,7.49
2014/12/15,7.44,7.47,7.31,7.46,8132739,7.39
2014/12/16,7.40,7.47,7.29,7.40,4546972,7.38
2014/12/17,7.39,7.68,7.25,7.62,9048542,7.46
2014/12/18,7.40,7.55,7.27,7.30,6296706,7.41
2014/12/19,7.28,7.28,6.75,6.84,5584436,7.02
2014/12/22,6.84,6.89,6.16,6.16,5037406,6.52
2014/12/23,5.93,5.97,5.54,5.78,5347258,5.75
2014/12/24,5.73,6.20,5.71,6.09,3481263,5.96
2014/12/25,6.09,6.14,5.88,6.02,1979198,6.01
2014/12/26,6.02,6.14,5.99,6.05,1876246,6.06
2014/12/29,6.00,6.00,5.57,5.59,4144066,5.79
2014/12/30,5.60,5.94,5.45,5.49,3546212,5.70
2014/12/31,5.50,5.61,5.49,5.58,1904883,5.55
2015/01/05,5.57,5.62,5.26,5.42,3472863,5.44
2015/01/06,5.36,5.68,5.36,5.63,3259984,5.52
2015/01/07,5.60,5.81,5.58,5.80,2797436,5.69
2015/01/08,5.85,5.98,5.73,5.90,3532342,5.86
2015/01/09,6.00,6.00,5.67,5.76,3186070,5.83
2015/01/12,5.71,5.90,5.66,5.82,2665508,5.78
2015/01/13,5.82,5.87,5.67,5.87,2571788,5.77
2015/01/14,5.87,5.90,5.69,5.75,2029682,5.80
2015/01/15,5.75,6.03,5.75,5.91,3846388,5.89
2015/01/16,5.91,6.04,5.86,5.96,1966369,5.95
2015/01/19,5.91,6.03,5.50,5.75,2460682,5.77
2015/01/20,5.77,6.08,5.77,6.07,4205592,5.92
2015/01/21,6.12,6.42,6.09,6.32,4281961,6.25
2015/01/22,6.31,6.95,6.31,6.90,8879789,6.63
2015/01/23,6.85,7.00,6.62,6.73,5032968,6.81
2015/01/26,6.63,7.07,6.63,6.98,5815397,6.85
2015/01/27,6.98,7.10,6.80,6.88,3524357,6.95
2015/01/28,6.88,7.05,6.81,6.81,3408004,6.93
2015/01/29,6.83,6.88,6.75,6.80,1900427,6.81
2015/01/30,6.80,6.93,6.61,6.61,2253521,6.77
2015/02/02,6.55,6.71,6.39,6.63,2168347,6.55
2015/02/03,6.65,6.73,6.60,6.69,1982338,6.67
2015/02/04,6.71,6.90,6.68,6.73,2515112,6.79
2015/02/05,6.80,6.88,6.70,6.78,1576768,6.79
2015/02/06,6.80,6.88,6.71,6.76,1876335,6.79
2015/02/09,6.79,6.82,6.51,6.58,1508398,6.67
2015/02/10,6.55,6.74,6.55,6.70,890110,6.65
2015/02/11,6.75,6.97,6.75,6.95,2255465,6.86
2015/02/12,7.00,7.00,6.82,6.83,1560450,6.91
2015/02/13,6.89,7.01,6.88,6.90,2827463,6.94
2015/02/16,6.86,7.55,6.86,7.47,6772734,7.21
2015/02/17,7.47,7.65,7.23,7.58,6040142,7.44
2015/02/25,7.50,7.56,7.33,7.46,3207376,7.44
2015/02/26,7.45,7.54,7.34,7.38,2397317,7.44
2015/02/27,7.39,7.54,7.39,7.54,2937521,7.46
2015/03/02,8.03,8.30,7.88,8.30,12106730,8.09
2015/03/03,8.37,8.99,8.30,8.50,9852911,8.65
2015/03/04,8.46,8.80,8.26,8.53,4279989,8.53
2015/03/05,8.55,9.14,8.43,8.98,5772290,8.79
2015/03/06,8.92,9.42,8.70,9.11,6204557,9.06
2015/03/09,9.25,9.40,8.93,9.09,3543678,9.17
2015/03/10,9.05,9.22,8.90,8.93,3511120,9.06
2015/03/11,9.15,9.60,9.10,9.25,4569615,9.35
2015/03/12,9.20,9.22,8.67,8.87,5452804,8.95
2015/03/13,8.88,9.18,8.83,9.17,3625911,9.00
2015/03/16,9.27,9.81,9.20,9.65,4423541,9.50
2015/03/17,9.68,9.74,9.50,9.67,2869265,9.62
2015/03/18,9.70,9.80,9.59,9.62,3301902,9.70
2015/03/19,9.61,9.78,9.40,9.51,3662783,9.59
2015/03/20,9.56,10.00,9.56,9.93,4266991,9.78
2015/03/23,9.92,10.49,9.90,10.43,5345141,10.20
2015/03/24,10.43,10.46,9.70,10.33,7369760,10.08
2015/03/25,10.32,11.36,10.00,11.18,7024679,10.68
2015/03/26,11.00,11.35,10.81,11.07,4493332,11.08
2015/03/27,10.99,11.21,10.81,11.17,2293275,11.01
2015/03/30,11.17,11.17,10.28,10.75,5753454,10.72
2015/03/31,10.73,10.83,10.55,10.55,3012441,10.69
2015/04/01,10.58,11.00,10.37,10.93,4207207,10.68
2015/04/02,11.55,12.00,11.38,11.89,7385449,11.69
2015/04/03,11.64,12.35,11.58,12.24,6400280,11.96
2015/04/07,12.01,12.68,12.01,12.30,6103544,12.34
2015/04/08,12.30,12.43,11.80,12.30,4829618,12.12
2015/04/09,12.30,12.43,11.80,12.30,0,12.12
2015/04/10,12.30,12.43,11.80,12.30,0,12.12
2015/04/13,12.30,12.43,11.80,12.30,0,12.12
2015/04/14,12.30,12.43,11.80,12.30,0,12.12
2015/04/15,12.30,12.43,11.80,12.30,0,12.12
2015/04/16,12.40,13.53,11.08,13.53,7863480,12.30
2015/04/17,13.94,14.20,13.06,13.53,7871164,13.63
2015/04/20,13.30,13.51,12.40,12.40,6964011,12.96
2015/04/21,12.25,12.90,12.23,12.90,3525847,12.57
2015/04/22,12.99,13.39,12.90,12.91,4041611,13.15
2015/04/23,12.90,14.20,12.54,14.20,8970187,13.37
2015/04/24,14.05,14.81,13.89,14.30,5520280,14.35
2015/04/27,14.40,15.16,14.02,15.13,8317704,14.59
2015/04/28,14.72,15.13,14.50,14.52,4465591,14.82
2015/04/29,14.53,14.86,14.00,14.24,3674731,14.43
2015/04/30,14.35,14.94,14.25,14.54,2365351,14.59
2015/05/04,14.54,14.80,14.23,14.67,2543669,14.52
2015/05/05,14.67,14.67,13.40,13.94,3275638,14.04
2015/05/06,13.94,14.19,12.54,12.82,4083564,13.36
2015/05/07,12.80,13.13,12.15,12.28,3277756,12.64
2015/05/08,12.50,12.98,12.29,12.91,4389829,12.63
2015/05/11,12.91,14.17,12.91,14.03,3879212,13.54
2015/05/12,14.02,14.20,13.48,13.98,4634086,13.84
2015/05/13,13.59,14.34,13.59,14.20,5600427,13.96
2015/05/14,14.10,14.35,14.01,14.35,3590828,14.18
2015/05/15,14.35,14.93,14.15,14.50,3809171,14.54
2015/05/18,14.25,14.67,14.23,14.55,3432176,14.45
2015/05/19,14.54,14.90,14.23,14.52,2768995,14.57
2015/05/20,14.54,15.97,14.54,15.81,6899058,15.25
2015/05/21,15.89,16.39,15.45,16.25,4979950,15.92
2015/05/22,16.25,16.62,15.61,16.00,4410570,16.12
2015/05/25,15.95,16.55,15.64,16.35,4557605,16.10
2015/05/26,16.43,17.56,16.28,17.04,4794607,16.92
2015/05/27,17.04,17.35,16.25,16.85,3540820,16.80
2015/05/28,16.42,17.10,15.51,15.55,4824441,16.31
2015/05/29,15.53,16.18,14.80,15.78,4126981,15.49
2015/06/01,16.03,17.36,15.45,17.36,7154220,16.40
2015/06/02,17.57,19.09,17.57,19.09,9058111,18.33
2015/06/03,19.13,19.15,18.08,18.60,5980632,18.61
2015/06/04,18.30,18.80,16.91,18.58,4450593,17.86
2015/06/05,18.57,19.25,18.11,18.45,4726081,18.68
2015/06/08,18.28,18.30,17.53,17.91,4415475,17.92
2015/06/09,17.65,17.88,16.94,17.25,6447934,17.41
2015/06/10,17.15,17.99,16.84,17.70,8155943,17.41
2015/06/11,17.70,18.31,17.50,18.25,5326230,17.90
2015/06/12,18.28,18.85,18.28,18.45,5225196,18.57
2015/06/15,18.48,18.94,17.68,17.70,5774627,18.31
2015/06/16,17.55,17.55,16.26,16.44,4739677,16.91
2015/06/17,16.72,16.99,16.00,16.94,4621422,16.49
2015/06/18,16.90,16.99,15.90,15.96,3169378,16.44
2015/06/19,15.15,15.65,14.37,14.37,4013476,15.01
2015/06/23,14.60,15.06,13.05,15.06,3530951,14.06
2015/06/24,15.09,15.74,14.96,15.23,5829173,15.35
2015/06/25,15.35,15.75,14.61,15.00,4683515,15.18
2015/06/26,14.36,14.50,13.50,13.50,4075738,14.00
2015/06/29,14.00,14.11,12.15,12.15,3796616,13.13
2015/06/30,10.95,12.74,10.94,12.53,4475405,11.84
2015/07/01,12.25,13.05,11.28,11.28,4591848,12.17
2015/07/02,11.28,11.65,10.15,10.15,4912642,10.90
2015/07/03,9.20,10.71,9.14,9.14,7667228,9.93
2015/07/06,10.05,10.05,8.22,8.22,6393536,9.14
2015/07/07,7.60,8.64,7.40,7.40,7737285,8.02
2015/07/08,7.60,8.64,7.40,7.40,0,8.02
2015/07/09,7.60,8.64,7.40,7.40,0,8.02
2015/07/10,7.60,8.64,7.40,7.40,0,8.02
2015/07/13,7.60,8.64,7.40,7.40,0,8.02
2015/07/14,7.60,8.64,7.40,7.40,0,8.02
2015/07/15,7.60,8.64,7.40,7.40,0,8.02
2015/07/16,7.60,8.64,7.40,7.40,0,8.02
2015/07/17,7.60,8.64,7.40,7.40,0,8.02
2015/07/20,7.60,8.64,7.40,7.40,0,8.02
2015/07/21,7.60,8.64,7.40,7.40,0,8.02
2015/07/22,7.60,8.64,7.40,7.40,0,8.02
2015/07/23,7.60,8.64,7.40,7.40,0,8.02
2015/07/24,7.60,8.64,7.40,7.40,0,8.02
2015/07/27,7.60,8.64,7.40,7.40,0,8.02
2015/07/28,7.60,8.64,7.40,7.40,0,8.02
2015/07/29,7.60,8.64,7.40,7.40,0,8.02
2015/07/30,7.60,8.64,7.40,7.40,0,8.02
2015/07/31,7.60,8.64,7.40,7.40,0,8.02
2015/08/03,7.60,8.64,7.40,7.40,0,8.02
2015/08/04,7.60,8.64,7.40,7.40,0,8.02
2015/08/05,7.60,8.64,7.40,7.40,0,8.02
2015/08/06,7.60,8.64,7.40,7.40,0,8.02
2015/08/07,7.60,8.64,7.40,7.40,0,8.02
2015/08/10,7.60,8.64,7.40,7.40,0,8.02
2015/08/11,7.60,8.64,7.40,7.40,0,8.02
2015/08/12,7.60,8.64,7.40,7.40,0,8.02
2015/08/13,7.60,8.64,7.40,7.40,0,8.02
2015/08/14,7.60,8.64,7.40,7.40,0,8.02
2015/08/17,7.60,8.64,7.40,7.40,0,8.02
2015/08/18,7.60,8.64,7.40,7.40,0,8.02
2015/08/19,7.60,8.64,7.40,7.40,0,8.02
2015/08/20,7.60,8.64,7.40,7.40,0,8.02
2015/08/21,7.60,8.64,7.40,7.40,0,8.02
2015/08/24,7.60,8.64,7.40,7.40,0,8.02
2015/08/25,7.60,8.64,7.40,7.40,0,8.02
2015/08/26,7.60,8.64,7.40,7.40,0,8.02
2015/08/27,7.60,8.64,7.40,7.40,0,8.02
2015/08/28,7.60,8.64,7.40,7.40,0,8.02
2015/08/31,7.60,8.64,7.40,7.40,0,8.02
2015/09/01,7.60,8.64,7.40,7.40,0,8.02
2015/09/02,7.60,8.64,7.40,7.40,0,8.02
2015/09/07,7.60,8.64,7.40,7.40,0,8.02
2015/09/08,7.60,8.64,7.40,7.40,0,8.02
2015/09/09,7.60,8.64,7.40,7.40,0,8.02
2015/09/10,7.60,8.64,7.40,7.40,0,8.02
2015/09/11,7.60,8.64,7.40,7.40,0,8.02
2015/09/14,7.60,8.64,7.40,7.40,0,8.02
2015/09/15,7.60,8.64,7.40,7.40,0,8.02
2015/09/16,7.60,8.64,7.40,7.40,0,8.02
2015/09/17,7.60,8.64,7.40,7.40,0,8.02
2015/09/18,7.60,8.64,7.40,7.40,0,8.02
2015/09/21,7.60,8.64,7.40,7.40,0,8.02
2015/09/22,7.60,8.64,7.40,7.40,0,8.02
2015/09/23,7.60,8.64,7.40,7.40,0,8.02
2015/09/24,7.60,8.64,7.40,7.40,0,8.02
2015/09/25,7.60,8.64,7.40,7.40,0,8.02
2015/09/28,7.60,8.64,7.40,7.40,0,8.02
2015/09/29,7.60,8.64,7.40,7.40,0,8.02
2015/09/30,7.60,8.64,7.40,7.40,0,8.02
2015/10/08,7.60,8.64,7.40,7.40,0,8.02
2015/10/09,7.60,8.64,7.40,7.40,0,8.02
2015/10/12,7.60,8.64,7.40,7.40,0,8.02
2015/10/13,7.60,8.64,7.40,7.40,0,8.02
2015/10/14,7.60,8.64,7.40,7.40,0,8.02
2015/10/15,7.60,8.64,7.40,7.40,0,8.02
2015/10/16,7.60,8.64,7.40,7.40,0,8.02
2015/10/19,7.60,8.64,7.40,7.40,0,8.02
2015/10/20,7.60,8.64,7.40,7.40,0,8.02
2015/10/21,7.60,8.64,7.40,7.40,0,8.02
2015/10/22,7.60,8.64,7.40,7.40,0,8.02
2015/10/23,7.60,8.64,7.40,7.40,0,8.02
2015/10/26,7.60,8.64,7.40,7.40,0,8.02
2015/10/27,7.60,8.64,7.40,7.40,0,8.02
2015/10/28,7.60,8.64,7.40,7.40,0,8.02
2015/10/29,7.60,8.64,7.40,7.40,0,8.02
2015/10/30,7.60,8.64,7.40,7.40,0,8.02
2015/11/02,7.60,8.64,7.40,7.40,0,8.02
2015/11/03,7.60,8.64,7.40,7.40,0,8.02
2015/11/04,7.60,8.64,7.40,7.40,0,8.02
2015/11/05,7.60,8.64,7.40,7.40,0,8.02
2015/11/06,7.60,8.64,7.40,7.40,0,8.02
2015/11/09,7.60,8.64,7.40,7.40,0,8.02
2015/11/10,7.60,8.64,7.40,7.40,0,8.02
2015/11/11,7.60,8.64,7.40,7.40,0,8.02
2015/11/12,7.60,8.64,7.40,7.40,0,8.02
2015/11/13,7.60,8.64,7.40,7.40,0,8.02
2015/11/16,7.60,8.64,7.40,7.40,0,8.02
2015/11/17,7.60,8.64,7.40,7.40,0,8.02
2015/11/18,7.60,8.64,7.40,7.40,0,8.02
2015/11/19,7.60,8.64,7.40,7.40,0,8.02
2015/11/20,7.60,8.64,7.40,7.40,0,8.02
2015/11/23,7.60,8.64,7.40,7.40,0,8.02
2015/11/24,7.60,8.64,7.40,7.40,0,8.02
2015/11/25,7.60,8.64,7.40,7.40,0,8.02
2015/11/26,7.60,8.64,7.40,7.40,0,8.02
2015/11/27,7.60,8.64,7.40,7.40,0,8.02
2015/11/30,7.60,8.64,7.40,7.40,0,8.02
2015/12/01,7.60,8.64,7.40,7.40,0,8.02
2015/12/02,7.60,8.64,7.40,7.40,0,8.02
2015/12/03,7.60,8.64,7.40,7.40,0,8.02
2015/12/04,7.60,8.64,7.40,7.40,0,8.02
2015/12/07,7.60,8.64,7.40,7.40,0,8.02
2015/12/08,7.60,8.64,7.40,7.40,0,8.02
2015/12/09,7.60,8.64,7.40,7.40,0,8.02
2015/12/10,7.60,8.64,7.40,7.40,0,8.02
2015/12/11,7.60,8.64,7.40,7.40,0,8.02
2015/12/14,7.60,8.64,7.40,7.40,0,8.02
2015/12/15,7.60,8.64,7.40,7.40,0,8.02
2015/12/16,7.60,8.64,7.40,7.40,0,8.02
2015/12/17,7.60,8.64,7.40,7.40,0,8.02
2015/12/18,7.60,8.64,7.40,7.40,0,8.02
2015/12/21,7.60,8.64,7.40,7.40,0,8.02
2015/12/22,7.60,8.64,7.40,7.40,0,8.02
2015/12/23,7.60,8.64,7.40,7.40,0,8.02
2015/12/24,7.60,8.64,7.40,7.40,0,8.02
2015/12/25,7.60,8.64,7.40,7.40,0,8.02
2015/12/28,7.60,8.64,7.40,7.40,0,8.02
2015/12/29,7.60,8.64,7.40,7.40,0,8.02
2015/12/30,7.60,8.64,7.40,7.40,0,8.02
2015/12/31,7.60,8.64,7.40,7.40,0,8.02
2016/01/04,7.60,8.64,7.40,7.40,0,8.02
2016/01/05,7.60,8.64,7.40,7.40,0,8.02
2016/01/06,7.60,8.64,7.40,7.40,0,8.02
2016/01/07,7.60,8.64,7.40,7.40,0,8.02
2016/01/08,8.14,8.14,8.14,8.14,45521,8.14
2016/01/11,8.96,8.96,8.96,8.96,54102,8.96
2016/01/12,9.85,9.85,9.61,9.85,14443823,9.73
2016/01/13,9.85,10.50,9.55,9.60,24302275,10.03
2016/01/14,8.75,10.34,8.64,10.13,19196780,9.49
2016/01/15,9.70,10.67,9.70,10.50,19047036,10.18
2016/01/18,10.25,10.93,10.07,10.46,12900857,10.50
2016/01/19,10.35,10.88,9.90,10.59,12665836,10.39
2016/01/20,10.35,11.59,10.31,11.18,13918541,10.95
2016/01/21,11.12,11.45,10.75,10.75,10255112,11.10
2016/01/22,11.00,11.10,10.31,11.06,6611341,10.71
2016/01/25,11.05,12.17,11.05,12.17,11411017,11.61
2016/01/26,12.17,12.74,10.95,10.97,18770986,11.84
2016/01/27,10.67,10.75,9.87,9.90,12277236,10.31
2016/01/28,9.51,10.04,8.91,8.91,8874618,9.47
2016/01/29,8.59,9.28,8.35,8.98,10700915,8.81
2016/02/01,8.75,9.51,8.66,9.09,8819003,9.08
2016/02/02,9.00,9.70,9.00,9.66,7356138,9.35
2016/02/03,9.50,9.70,9.30,9.58,4427726,9.50
2016/02/04,9.66,9.94,9.58,9.77,4583257,9.76
2016/02/05,9.78,9.95,9.30,9.34,4325588,9.63
2016/02/15,8.75,9.33,8.75,9.14,3634163,9.04
2016/02/16,9.25,9.83,9.15,9.66,4982829,9.49
2016/02/17,9.60,10.55,9.40,10.50,9343565,9.98
2016/02/18,10.43,10.90,10.40,10.40,8009107,10.65
2016/02/19,10.30,10.68,10.25,10.43,5020720,10.46
2016/02/22,10.55,10.87,10.36,10.80,5630017,10.61
2016/02/23,10.80,10.81,10.35,10.52,6429896,10.58
2016/02/24,10.45,10.50,9.73,10.00,7234464,10.12
2016/02/25,10.05,10.09,9.00,9.00,7232573,9.54
2016/02/26,9.25,9.25,8.50,8.74,5649336,8.88
2016/02/29,8.74,8.91,7.87,8.03,7489551,8.39
2016/03/01,8.05,8.30,7.90,8.20,4763610,8.10
2016/03/02,8.15,8.84,8.05,8.71,5692509,8.45
2016/03/03,8.72,9.05,8.60,8.72,4840844,8.83
2016/03/04,8.61,8.80,8.01,8.18,4380040,8.41
2016/03/07,8.27,8.76,8.26,8.53,4572099,8.51
2016/03/08,8.50,9.10,8.05,8.98,4563438,8.58
2016/03/09,8.66,9.15,8.61,8.75,4462695,8.88
2016/03/10,8.76,9.10,8.59,8.64,3830133,8.84
2016/03/11,8.41,8.89,8.41,8.68,3149301,8.65
2016/03/14,8.80,9.17,8.80,8.95,5321452,8.99
2016/03/15,8.95,9.10,8.87,8.93,3850385,8.98
2016/03/16,9.00,9.10,8.73,8.77,3571508,8.92
2016/03/17,8.83,9.16,8.75,9.16,4696511,8.96
2016/03/18,9.20,9.70,9.11,9.55,5895091,9.40
2016/03/21,9.58,9.83,9.48,9.76,7121287,9.66
2016/03/22,9.64,10.55,9.55,10.18,8996923,10.05
2016/03/23,10.23,11.20,10.11,11.20,12206738,10.65
2016/03/24,11.30,11.98,11.08,11.50,13820403,11.53
2016/03/25,11.45,11.65,10.79,11.50,11675221,11.22
2016/03/28,11.38,11.55,10.95,10.98,7149170,11.25
2016/03/29,10.79,10.98,10.35,10.47,6427851,10.67
2016/03/30,10.70,11.06,10.56,11.04,5508923,10.81
2016/03/31,11.15,11.23,10.75,10.85,7546913,10.99
2016/04/01,10.83,10.84,10.43,10.62,4529768,10.63
2016/04/05,10.69,11.09,10.59,10.95,5899243,10.84
2016/04/06,10.92,11.50,10.74,11.45,10500138,11.12
2016/04/07,11.33,11.54,11.20,11.22,9358774,11.37
2016/04/08,11.00,11.06,10.51,10.75,5491827,10.79
2016/04/11,10.93,11.15,10.80,10.90,4340848,10.98
2016/04/12,10.90,11.00,10.55,10.72,4071919,10.78
2016/04/13,10.76,11.04,10.76,10.82,5404533,10.90
2016/04/14,10.82,10.99,10.75,10.99,5132557,10.87
2016/04/15,11.04,11.10,10.86,10.92,4528060,10.98
2016/04/18,10.81,10.82,10.40,10.45,4459174,10.61
2016/04/19,10.53,10.72,10.35,10.50,3954275,10.54
2016/04/20,10.56,10.84,10.00,10.46,8643503,10.42
2016/04/21,10.44,10.62,10.22,10.25,3916549,10.42
2016/04/22,10.00,10.37,9.58,9.83,6906489,9.97
2016/04/25,9.75,10.05,9.62,9.88,3509096,9.83
2016/04/26,9.88,10.00,9.76,9.98,2470432,9.88
2016/04/27,9.98,10.48,9.95,10.30,5396618,10.21
2016/04/28,10.05,10.37,9.75,10.08,5166297,10.06
2016/04/29,10.08,10.15,9.95,9.98,2131274,10.05
2016/05/03,10.03,10.44,9.93,10.38,6064315,10.18
2016/05/04,10.29,10.42,10.25,10.28,3625710,10.33
2016/05/05,10.23,11.31,10.21,11.10,17718365,10.76
2016/05/06,11.00,11.50,10.48,11.48,24383736,10.99
2016/05/09,11.40,11.81,10.86,11.58,20150413,11.33
2016/05/10,11.26,12.29,10.93,12.03,24403457,11.61
2016/05/11,11.82,12.40,10.83,11.15,24882713,11.62
2016/05/12,10.55,11.37,10.16,11.30,14876122,10.76
2016/05/13,11.10,11.62,10.94,11.59,18330978,11.28
2016/05/16,11.58,12.25,11.23,12.05,18864674,11.74
2016/05/17,11.90,12.24,11.15,11.21,17283060,11.70
2016/05/18,10.85,11.59,10.76,11.40,13050816,11.17
2016/05/19,11.30,12.13,11.23,11.89,16975989,11.68
2016/05/20,11.65,13.05,11.59,12.75,25452479,12.32
2016/05/23,12.74,13.31,12.42,12.56,22692629,12.87
2016/05/24,12.56,13.60,12.43,13.40,21317413,13.01
2016/05/25,13.25,13.55,12.76,12.98,23413082,13.16
2016/05/26,12.65,12.75,11.68,12.09,27516908,12.21
2016/05/27,11.70,12.63,11.23,12.20,42735641,11.86
2016/05/30,11.95,12.08,11.10,11.13,28432587,11.61
2016/05/31,11.25,11.59,11.05,11.49,31207343,11.37
2016/06/01,11.50,12.64,11.36,12.64,50710683,12.13
2016/06/02,12.49,13.27,12.30,12.76,70552679,12.76
2016/06/03,12.90,12.90,12.17,12.20,57927955,12.39
2016/06/06,12.02,12.66,12.01,12.57,38220035,12.27
2016/06/07,12.50,13.83,12.41,13.83,92679481,13.38
2016/06/08,13.56,15.06,13.24,14.25,95056109,13.99
2016/06/13,13.71,14.07,12.83,12.83,56515439,13.54
2016/06/14,12.50,12.79,12.12,12.71,31428124,12.51
2016/06/15,12.34,13.59,12.22,13.48,45378700,13.11
2016/06/16,13.33,14.16,13.14,13.77,56797611,13.64
2016/06/17,13.48,13.89,13.00,13.23,42303963,13.44
2016/06/20,13.16,13.82,13.08,13.55,32285530,13.53
2016/06/21,13.59,13.75,12.60,12.82,38516416,13.14
2016/06/22,12.82,13.16,12.53,13.14,20831714,12.91
2016/06/23,13.05,13.05,12.42,12.56,27433917,12.67
2016/06/24,12.55,12.70,11.40,12.07,29719573,12.15
2016/06/27,11.90,12.45,11.78,12.35,20366388,12.23
2016/06/28,12.25,12.60,12.21,12.36,20905587,12.42
2016/06/29,12.42,12.59,12.14,12.57,22928712,12.31
2016/06/30,12.50,12.56,12.16,12.22,17077672,12.30
2016/07/01,12.23,12.32,11.98,12.02,14634515,12.11
2016/07/04,11.86,12.47,11.85,12.39,20122128,12.24
2016/07/05,12.41,12.52,12.14,12.21,16934529,12.26
2016/07/06,12.22,12.35,12.11,12.23,13242714,12.24
2016/07/07,12.22,12.28,12.00,12.09,15258719,12.11
2016/07/08,12.12,12.34,12.00,12.22,14238006,12.18
2016/07/11,12.21,12.27,12.01,12.06,11780618,12.11
2016/07/12,12.02,12.15,11.36,11.91,17693349,11.85
2016/07/13,11.96,12.02,11.71,11.79,14826827,11.81
2016/07/14,11.79,11.88,11.60,11.66,11964603,11.66
2016/07/15,11.51,11.79,11.51,11.64,10078062,11.66
2016/07/18,11.68,11.68,11.31,11.38,11057201,11.45
2016/07/19,11.40,11.45,11.27,11.39,8979129,11.34
2016/07/20,11.35,11.96,11.35,11.85,22720656,11.74
2016/07/21,11.80,11.85,11.61,11.69,12063825,11.73
2016/07/22,11.70,11.75,11.45,11.47,8056874,11.58
2016/07/25,11.50,11.54,11.29,11.35,8445389,11.39
2016/07/26,11.40,11.55,11.37,11.50,6875400,11.48
2016/07/27,11.50,11.55,10.53,10.61,16824100,10.95
2016/07/28,10.61,10.65,9.80,10.19,14220100,10.23
2016/07/29,10.19,10.23,9.95,9.98,7379061,10.04
2016/08/01,9.98,9.98,9.56,9.71,7143995,9.68
2016/08/02,9.65,9.89,9.65,9.87,5103040,9.79
2016/08/03,9.89,9.93,9.75,9.79,5134116,9.82
2016/08/04,9.86,10.08,9.73,9.97,8262919,9.91
2016/08/05,10.04,10.05,9.80,9.80,6626764,9.88
2016/08/08,9.88,9.96,9.70,9.95,6509113,9.89
2016/08/09,9.88,9.96,9.70,9.95,0,9.83
