Date, SZ002513.Open, SZ002513.High, SZ002513.Low, SZ002513.Close, SZ002513.Volume, SZ002513.Adjusted
2010/12/03,20.48,24.58,20.48,21.18,12350444,22.53
2010/12/06,19.79,20.83,19.02,20.00,5641891,19.92
2010/12/07,19.58,20.58,19.37,20.43,3802542,19.97
2010/12/08,20.18,20.41,19.12,19.12,3454690,19.77
2010/12/09,18.76,18.89,17.19,17.37,4141618,18.04
2010/12/10,17.05,17.56,17.02,17.48,1855646,17.29
2010/12/13,17.46,18.36,17.29,17.99,2164027,17.82
2010/12/14,18.05,18.80,17.85,18.71,2401590,18.33
2010/12/15,18.71,18.88,18.30,18.33,1894879,18.59
2010/12/16,18.23,18.73,18.23,18.45,1437540,18.48
2010/12/17,18.36,19.13,18.26,19.11,2242100,18.70
2010/12/20,19.13,20.14,18.64,20.05,3161860,19.39
2010/12/21,20.07,20.19,19.38,19.89,2072208,19.79
2010/12/22,19.82,19.98,19.51,19.70,1036164,19.75
2010/12/23,19.68,19.89,18.89,18.92,1498768,19.39
2010/12/24,18.75,18.75,17.78,17.98,1131923,18.27
2010/12/27,18.06,18.54,17.42,17.42,871319,17.98
2010/12/28,17.70,18.19,17.26,17.86,891448,17.73
2010/12/29,17.88,18.23,17.73,18.18,513724,17.98
2010/12/30,18.18,18.33,17.98,18.12,603758,18.15
2010/12/31,18.11,18.30,18.06,18.24,631679,18.18
2011/01/04,18.44,18.45,18.05,18.37,777889,18.25
2011/01/05,18.27,18.51,18.16,18.36,636497,18.34
2011/01/06,18.06,18.40,17.65,17.69,811275,18.02
2011/01/07,17.69,18.04,17.52,17.63,417667,17.78
2011/01/10,17.63,17.76,17.04,17.12,564684,17.40
2011/01/11,17.08,17.26,16.61,16.65,570221,16.94
2011/01/12,16.62,17.12,16.62,16.93,345084,16.87
2011/01/13,16.94,17.03,16.72,16.77,268855,16.88
2011/01/14,16.66,16.84,16.11,16.15,495608,16.47
2011/01/17,15.80,16.30,15.78,15.90,270796,16.04
2011/01/18,15.81,15.94,15.45,15.91,226272,15.69
2011/01/19,15.90,16.23,15.87,16.21,327953,16.05
2011/01/20,16.21,16.21,15.28,15.29,409673,15.75
2011/01/21,15.14,15.66,15.12,15.62,325794,15.39
2011/01/24,15.62,15.76,15.03,15.27,260018,15.39
2011/01/25,15.27,15.48,14.97,15.47,286200,15.23
2011/01/26,15.47,15.82,15.28,15.73,296851,15.55
2011/01/27,15.66,15.89,15.51,15.74,355531,15.70
2011/01/28,15.57,15.57,14.97,15.25,895263,15.27
2011/01/31,15.27,15.29,15.03,15.28,578889,15.16
2011/02/01,15.28,15.41,15.10,15.23,371670,15.25
2011/02/09,15.10,15.41,15.02,15.35,404443,15.21
2011/02/10,15.32,16.41,15.31,16.28,897052,15.86
2011/02/11,15.97,16.31,15.97,16.11,595065,16.14
2011/02/14,16.24,16.32,16.04,16.23,557108,16.18
2011/02/15,16.37,16.37,16.12,16.12,562617,16.25
2011/02/16,16.11,16.48,15.97,16.36,561457,16.23
2011/02/17,16.33,16.65,16.29,16.41,548458,16.47
2011/02/18,16.47,16.48,15.97,15.97,495856,16.23
2011/02/21,15.81,16.22,15.81,16.22,577867,16.01
2011/02/22,16.28,16.56,15.94,15.94,700137,16.25
2011/02/23,15.94,16.04,15.66,16.00,436103,15.85
2011/02/24,16.00,16.93,15.82,16.90,1503582,16.38
2011/02/25,16.70,16.80,16.42,16.49,808898,16.61
2011/02/28,16.33,16.63,16.26,16.43,609940,16.45
2011/03/01,16.37,16.57,16.24,16.37,535776,16.40
2011/03/02,16.35,16.35,16.07,16.15,446383,16.21
2011/03/03,16.11,16.24,15.48,15.48,1215954,15.86
2011/03/04,15.52,15.58,15.18,15.35,1380957,15.38
2011/03/07,15.37,15.51,15.34,15.47,1021508,15.42
2011/03/08,15.48,15.67,15.41,15.58,791602,15.54
2011/03/09,15.62,15.65,15.55,15.62,933192,15.60
2011/03/10,15.64,15.66,15.52,15.56,900042,15.59
2011/03/11,15.55,15.81,15.49,15.69,1111451,15.65
2011/03/14,15.58,16.00,15.34,15.97,1007132,15.67
2011/03/15,15.96,15.97,15.45,15.66,764296,15.71
2011/03/16,15.62,15.86,15.62,15.85,604550,15.74
2011/03/17,15.76,15.85,15.47,15.49,630192,15.66
2011/03/18,15.54,15.83,15.54,15.73,559190,15.68
2011/03/21,15.68,15.78,15.43,15.50,456958,15.60
2011/03/22,15.50,15.62,15.34,15.47,330550,15.48
2011/03/23,15.45,15.65,15.41,15.61,288727,15.53
2011/03/24,15.59,15.76,15.56,15.63,346476,15.66
2011/03/25,15.59,15.76,15.56,15.63,0,15.66
2011/03/28,15.69,16.00,15.54,15.96,1119412,15.77
2011/03/29,15.90,15.93,15.53,15.65,985066,15.73
2011/03/30,15.63,15.81,15.27,15.27,561190,15.54
2011/03/31,15.28,15.31,15.00,15.08,458594,15.16
2011/04/01,15.13,15.37,14.97,15.33,241661,15.17
2011/04/06,15.34,15.36,15.10,15.14,318154,15.23
2011/04/07,15.13,15.34,15.11,15.33,214145,15.22
2011/04/08,15.27,15.51,15.24,15.44,275989,15.38
2011/04/11,15.45,15.58,15.14,15.15,388247,15.36
2011/04/12,15.15,15.21,14.82,14.89,402120,15.02
2011/04/13,14.86,15.12,14.78,15.10,235008,14.95
2011/04/14,15.03,15.16,15.03,15.15,205721,15.09
2011/04/15,15.15,15.15,14.62,14.95,480871,14.88
2011/04/18,14.87,14.88,14.62,14.85,527916,14.75
2011/04/19,14.57,14.57,14.09,14.09,934762,14.33
2011/04/20,14.06,14.21,14.05,14.21,568400,14.13
2011/04/21,14.14,14.29,14.06,14.20,406778,14.17
2011/04/22,14.16,14.26,14.06,14.26,425032,14.16
2011/04/25,14.44,14.58,14.27,14.37,660612,14.42
2011/04/26,14.27,14.42,13.90,13.94,425430,14.16
2011/04/27,13.95,14.18,13.77,13.91,322529,13.97
2011/04/28,13.93,14.05,13.23,13.24,407581,13.64
2011/04/29,13.38,13.38,13.11,13.21,346096,13.25
2011/05/03,13.27,13.81,13.26,13.70,414285,13.54
2011/05/04,13.59,13.64,13.33,13.37,232831,13.49
2011/05/05,13.37,13.46,13.26,13.40,157791,13.36
2011/05/06,13.30,13.46,13.21,13.44,234810,13.34
2011/05/09,13.30,13.46,13.21,13.44,0,13.34
2011/05/10,13.53,13.61,13.42,13.59,237215,13.51
2011/05/11,13.61,13.66,13.51,13.56,195761,13.58
2011/05/12,13.55,13.55,13.19,13.19,298550,13.37
2011/05/13,13.21,13.25,13.11,13.25,176855,13.18
2011/05/16,13.22,13.36,13.19,13.27,165756,13.27
2011/05/17,13.29,13.46,13.12,13.43,289510,13.29
2011/05/18,13.44,13.44,13.32,13.37,174595,13.38
2011/05/19,13.40,13.43,13.30,13.31,156790,13.37
2011/05/20,13.31,13.36,13.20,13.24,162851,13.28
2011/05/23,13.23,13.23,12.77,12.78,404804,13.00
2011/05/24,12.76,13.00,12.58,12.93,198740,12.79
2011/05/25,12.93,12.94,12.68,12.74,175299,12.81
2011/05/26,12.84,12.89,12.68,12.69,161468,12.79
2011/05/27,12.68,12.69,12.20,12.21,235635,12.44
2011/05/30,12.21,12.28,12.08,12.20,128374,12.18
2011/05/31,12.17,12.59,12.16,12.56,285265,12.38
2011/06/01,12.50,12.58,12.43,12.56,199509,12.50
2011/06/02,12.39,12.45,12.12,12.22,214699,12.28
2011/06/03,12.21,12.45,12.19,12.43,135555,12.32
2011/06/07,12.43,12.73,12.27,12.63,217621,12.50
2011/06/08,12.60,12.65,12.41,12.53,146105,12.53
2011/06/09,12.55,12.60,12.26,12.26,156440,12.43
2011/06/10,12.26,12.31,11.89,11.98,299575,12.10
2011/06/13,11.94,12.04,11.84,12.04,152330,11.94
2011/06/14,11.95,12.20,11.87,12.15,188570,12.03
2011/06/15,12.15,12.31,12.10,12.28,288349,12.21
2011/06/16,12.20,13.16,12.15,12.63,621106,12.66
2011/06/17,12.55,12.98,12.53,12.70,445900,12.75
2011/06/20,12.70,13.26,12.68,12.88,694151,12.97
2011/06/21,12.89,13.19,12.68,12.89,678786,12.93
2011/06/22,12.90,13.15,12.71,12.74,481100,12.93
2011/06/23,12.74,12.93,12.50,12.93,504205,12.71
2011/06/24,12.91,13.40,12.83,13.23,727873,13.12
2011/06/27,13.58,13.58,13.19,13.22,567383,13.38
2011/06/28,13.29,13.29,13.07,13.18,325625,13.18
2011/06/29,13.18,13.31,13.01,13.02,198182,13.16
2011/06/30,13.05,13.24,12.99,13.15,256816,13.12
2011/07/01,13.15,13.34,13.15,13.28,320225,13.25
2011/07/04,13.40,13.75,13.38,13.68,605559,13.57
2011/07/05,13.71,13.71,13.48,13.61,443126,13.60
2011/07/06,13.82,13.82,13.46,13.77,452382,13.64
2011/07/07,13.82,14.51,13.82,14.16,1208826,14.17
2011/07/08,14.14,14.31,13.90,14.06,446972,14.11
2011/07/11,14.06,14.86,13.94,14.81,1551477,14.40
2011/07/12,14.73,15.10,14.58,14.71,1118523,14.84
2011/07/13,14.86,15.13,14.71,15.00,792996,14.92
2011/07/14,15.13,15.13,14.74,14.90,795221,14.94
2011/07/15,14.87,15.06,14.73,14.98,700948,14.90
2011/07/18,15.05,15.05,14.74,14.82,594890,14.90
2011/07/19,14.75,15.00,14.34,14.43,484738,14.67
2011/07/20,14.55,14.64,14.24,14.39,289543,14.44
2011/07/21,14.54,14.84,14.38,14.65,419994,14.61
2011/07/22,14.65,14.76,14.59,14.62,206758,14.67
2011/07/25,14.72,14.72,13.89,13.96,427195,14.31
2011/07/26,13.97,14.10,13.89,14.06,208217,14.00
2011/07/27,14.27,14.92,14.10,14.74,501515,14.51
2011/07/28,14.65,14.76,14.45,14.75,347528,14.60
2011/07/29,14.74,14.84,14.36,14.36,387351,14.60
2011/08/01,14.31,15.10,14.30,15.00,639080,14.70
2011/08/02,14.93,15.10,14.63,15.06,533466,14.87
2011/08/03,14.96,15.33,14.81,15.31,777029,15.07
2011/08/04,15.45,15.78,15.12,15.26,908829,15.45
2011/08/05,14.79,15.46,14.58,15.38,838553,15.02
2011/08/08,15.27,15.66,14.23,14.92,886603,14.95
2011/08/09,14.27,15.38,14.23,15.31,887418,14.81
2011/08/10,15.63,15.75,14.76,14.96,2119565,15.25
2011/08/11,14.44,14.83,14.33,14.75,1295747,14.58
2011/08/12,14.89,15.30,14.76,15.24,1478448,15.03
2011/08/15,15.36,15.45,15.12,15.26,912164,15.28
2011/08/16,15.36,15.36,14.82,14.93,841771,15.09
2011/08/17,14.82,15.22,14.82,15.11,617861,15.02
2011/08/18,15.13,15.13,14.72,14.72,506094,14.93
2011/08/19,14.28,14.57,14.16,14.34,427132,14.37
2011/08/22,14.27,14.96,14.27,14.39,327268,14.62
2011/08/23,14.39,14.86,14.39,14.79,430018,14.63
2011/08/24,15.01,15.04,14.79,14.79,559929,14.91
2011/08/25,15.01,15.04,14.79,14.79,0,14.91
2011/08/26,14.95,15.09,14.77,14.87,857930,14.93
2011/08/29,14.78,14.99,14.78,14.93,434728,14.88
2011/08/30,14.99,15.06,14.72,14.72,637389,14.89
2011/08/31,14.63,14.72,14.30,14.45,361279,14.51
2011/09/01,14.36,14.54,14.36,14.44,233678,14.45
2011/09/02,14.43,14.52,14.23,14.32,197526,14.38
2011/09/05,14.24,14.25,13.15,13.45,317819,13.70
2011/09/06,13.44,13.52,13.20,13.32,202914,13.36
2011/09/07,13.50,13.71,13.37,13.67,217263,13.54
2011/09/08,13.72,13.78,13.19,13.37,223940,13.48
2011/09/09,13.43,13.78,13.37,13.51,154081,13.57
2011/09/13,13.28,13.49,13.27,13.41,93795,13.38
2011/09/14,13.53,13.60,13.24,13.53,196699,13.42
2011/09/15,13.55,13.70,13.48,13.60,254031,13.59
2011/09/16,13.63,13.77,13.60,13.69,257324,13.68
2011/09/19,13.54,13.57,13.23,13.23,213321,13.40
2011/09/20,13.24,13.34,12.88,13.26,185150,13.11
2011/09/21,13.26,13.63,13.13,13.58,289123,13.38
2011/09/22,13.40,13.55,13.12,13.15,198296,13.33
2011/09/23,13.09,13.78,13.09,13.67,685480,13.43
2011/09/26,13.54,13.71,13.42,13.49,268744,13.57
2011/09/27,13.37,13.71,13.27,13.54,179860,13.49
2011/09/28,13.64,13.64,13.23,13.23,252641,13.44
2011/09/29,12.90,13.14,12.33,12.59,344907,12.74
2011/09/30,12.59,12.88,11.69,12.00,397250,12.29
2011/10/10,12.07,12.07,11.51,11.58,272642,11.79
2011/10/11,11.93,11.94,11.41,11.48,315433,11.67
2011/10/12,11.68,11.92,11.32,11.87,336310,11.62
2011/10/13,11.91,12.09,11.74,11.88,397454,11.92
2011/10/14,11.89,13.09,11.83,13.09,1669294,12.46
2011/10/17,13.42,14.42,13.42,14.42,4606221,13.92
2011/10/18,14.42,15.07,13.99,14.51,5779355,14.53
2011/10/19,14.51,14.66,13.85,14.19,2985702,14.25
2011/10/20,14.22,14.54,13.86,14.44,2761811,14.20
2011/10/21,14.38,14.38,13.16,13.21,2464568,13.77
2011/10/24,13.51,14.22,12.58,14.07,3297479,13.40
2011/10/25,13.82,15.01,13.64,14.47,4110426,14.33
2011/10/26,14.32,14.83,14.07,14.54,3687037,14.45
2011/10/27,14.63,15.66,14.31,15.13,5837235,14.99
2011/10/28,15.13,15.13,14.57,14.92,4343495,14.85
2011/10/31,14.77,14.89,14.40,14.86,2797685,14.65
2011/11/01,14.75,14.75,14.11,14.37,3071892,14.43
2011/11/02,14.04,14.74,13.92,14.72,2529338,14.33
2011/11/03,14.77,14.99,14.49,14.49,3632581,14.74
2011/11/04,14.61,14.61,14.01,14.24,2888061,14.31
2011/11/07,14.21,15.69,14.08,15.69,5665597,14.88
2011/11/08,16.29,16.63,15.29,15.32,10120146,15.96
2011/11/09,15.07,15.91,14.79,15.80,5756205,15.35
2011/11/10,15.44,15.57,15.07,15.07,3628543,15.32
2011/11/11,15.07,15.49,14.82,14.87,2474418,15.16
2011/11/14,15.07,15.49,14.82,14.87,0,15.16
2011/11/15,15.22,16.34,15.22,15.53,4144237,15.78
2011/11/16,15.31,15.37,14.91,14.94,2440282,15.14
2011/11/17,14.94,15.31,14.82,15.05,1733543,15.07
2011/11/18,14.93,14.98,14.13,14.19,2229585,14.56
2011/11/21,14.22,14.37,13.76,14.02,1064161,14.06
2011/11/22,13.86,14.21,13.68,13.96,945272,13.95
2011/11/23,13.96,14.30,13.86,14.08,1170304,14.08
2011/11/24,13.88,13.94,13.23,13.51,1520114,13.58
2011/11/25,13.57,13.61,13.17,13.22,1082696,13.39
2011/11/28,13.31,13.35,12.89,13.01,848085,13.12
2011/11/29,13.26,13.62,13.15,13.56,1606025,13.38
2011/11/30,13.48,13.54,12.20,12.49,1520201,12.87
2011/12/01,13.10,13.11,12.52,12.64,1440257,12.81
2011/12/02,12.51,12.59,12.23,12.36,811361,12.41
2011/12/05,12.36,12.47,11.86,11.89,651784,12.17
2011/12/06,11.94,12.19,11.82,12.16,678383,12.00
2011/12/07,12.16,12.51,12.07,12.51,1010179,12.29
2011/12/08,12.51,12.76,12.14,12.51,994645,12.45
2011/12/09,12.35,12.56,12.13,12.25,725001,12.35
2011/12/12,12.14,12.44,12.14,12.24,529440,12.29
2011/12/13,11.94,12.24,11.57,11.63,728681,11.91
2011/12/14,11.45,11.76,11.32,11.34,486229,11.54
2011/12/15,11.19,11.41,11.09,11.17,708353,11.25
2011/12/16,11.19,11.62,11.13,11.61,644099,11.38
2011/12/19,11.56,12.04,11.38,11.96,1309871,11.71
2011/12/20,11.94,12.16,11.72,11.74,854633,11.94
2011/12/21,11.81,12.10,11.72,11.82,1068160,11.91
2011/12/22,11.79,11.79,11.01,11.42,979902,11.40
2011/12/23,11.41,11.62,11.32,11.43,498959,11.47
2011/12/26,11.42,11.49,11.07,11.10,649979,11.28
2011/12/27,11.04,11.13,10.31,10.31,882358,10.72
2011/12/28,9.79,10.17,9.79,10.11,629094,9.98
2011/12/29,10.07,10.16,9.87,10.08,365051,10.01
2011/12/30,10.09,10.32,9.97,10.20,328485,10.15
2012/01/04,10.35,10.35,9.62,9.68,504672,9.98
2012/01/05,9.46,9.71,8.69,8.82,676824,9.20
2012/01/06,8.81,9.01,8.70,8.94,409669,8.85
2012/01/09,8.88,9.51,8.88,9.40,615375,9.20
2012/01/10,9.41,10.01,9.38,9.81,1024598,9.70
2012/01/11,9.76,10.69,9.69,10.19,1402755,10.19
2012/01/12,9.91,10.29,9.86,9.92,1155694,10.07
2012/01/13,9.86,9.99,9.29,9.32,1122659,9.64
2012/01/16,9.14,9.26,8.94,8.94,381343,9.10
2012/01/17,8.85,9.62,8.82,9.51,549256,9.22
2012/01/18,9.42,9.88,9.21,9.24,677731,9.55
2012/01/19,9.34,9.41,9.07,9.33,373545,9.24
2012/01/20,9.37,9.54,9.26,9.49,404198,9.40
2012/01/30,9.50,10.03,9.50,9.87,1011019,9.76
2012/01/31,9.80,9.86,9.64,9.77,533532,9.75
2012/02/01,9.72,9.91,9.64,9.69,508592,9.78
2012/02/02,9.75,10.00,9.75,9.94,891580,9.88
2012/02/03,9.94,10.91,9.85,10.51,2183595,10.38
2012/02/06,10.51,10.62,10.33,10.51,1495747,10.47
2012/02/07,10.39,10.39,10.11,10.14,1132203,10.25
2012/02/08,10.12,10.43,10.05,10.41,1086812,10.24
2012/02/09,10.39,10.59,10.38,10.48,1444868,10.49
2012/02/10,10.54,10.85,10.45,10.52,1136177,10.65
2012/02/13,10.21,10.67,10.07,10.53,943381,10.37
2012/02/14,10.53,10.67,10.52,10.60,906961,10.59
2012/02/15,10.57,10.80,10.41,10.76,1190863,10.61
2012/02/16,10.80,10.97,10.60,10.69,1307034,10.79
2012/02/17,10.64,10.79,10.43,10.51,882920,10.61
2012/02/20,10.63,10.74,10.51,10.61,732453,10.63
2012/02/21,10.51,10.73,10.33,10.69,1010555,10.53
2012/02/22,10.69,11.79,10.66,11.79,2834747,11.22
2012/02/23,12.13,12.79,12.02,12.51,5864239,12.40
2012/02/24,12.27,12.46,12.19,12.32,3118280,12.33
2012/02/27,12.32,12.39,12.13,12.20,2809031,12.26
2012/02/28,12.17,12.17,11.78,11.88,1784634,11.97
2012/02/29,11.85,12.39,11.81,11.98,2555483,12.10
2012/03/01,11.79,12.21,11.76,12.07,1276973,11.99
2012/03/02,12.04,12.24,12.04,12.20,1239338,12.14
2012/03/05,12.29,12.50,12.06,12.09,1629321,12.28
2012/03/06,12.19,12.19,11.76,11.89,1256079,11.97
2012/03/07,11.91,12.38,11.77,12.10,1774442,12.08
2012/03/08,12.17,12.31,12.01,12.26,1389321,12.16
2012/03/09,12.27,12.68,12.19,12.58,2769405,12.43
2012/03/12,12.62,12.63,12.26,12.39,1915068,12.45
2012/03/13,12.39,12.60,12.20,12.56,1977515,12.40
2012/03/14,12.55,12.62,11.29,11.56,2652330,11.95
2012/03/15,11.49,11.74,10.99,11.24,1695750,11.37
2012/03/16,11.31,11.52,11.07,11.49,1103471,11.29
2012/03/19,11.46,11.97,11.38,11.84,1413588,11.68
2012/03/20,11.80,11.80,11.32,11.36,1157270,11.56
2012/03/21,11.49,11.56,11.22,11.36,719418,11.39
2012/03/22,11.39,11.39,11.17,11.24,711193,11.28
2012/03/23,11.22,11.24,11.02,11.04,701322,11.13
2012/03/26,11.06,11.36,11.06,11.15,728170,11.21
2012/03/27,11.50,11.51,11.10,11.12,807530,11.30
2012/03/28,11.07,11.07,10.38,10.41,968962,10.73
2012/03/29,10.38,10.55,10.31,10.48,763915,10.43
2012/03/30,10.38,10.58,10.32,10.56,542990,10.45
2012/04/05,10.56,10.93,10.54,10.90,625480,10.73
2012/04/06,10.94,10.99,10.74,10.87,524425,10.87
2012/04/09,10.63,11.00,10.63,10.64,386994,10.82
2012/04/10,10.62,10.80,10.32,10.80,487876,10.56
2012/04/11,10.65,10.79,10.56,10.70,443278,10.67
2012/04/12,10.76,11.12,10.71,11.11,875957,10.92
2012/04/13,11.11,11.22,11.02,11.16,867646,11.12
2012/04/16,11.07,11.51,11.01,11.31,943402,11.26
2012/04/17,11.07,11.51,11.01,11.31,0,11.26
2012/04/18,11.01,11.49,10.86,11.46,959118,11.17
2012/04/19,11.46,11.54,11.29,11.36,708967,11.41
2012/04/20,11.39,11.54,11.39,11.43,692846,11.46
2012/04/23,11.43,11.51,11.07,11.08,787220,11.29
2012/04/24,11.06,11.16,10.62,10.82,612847,10.89
2012/04/25,10.70,10.95,10.69,10.89,365431,10.82
2012/04/26,10.72,11.07,10.72,10.97,403675,10.90
2012/04/27,10.23,11.21,10.18,10.82,501127,10.92
2012/05/02,10.98,11.15,10.78,10.94,678865,11.12
2012/05/03,10.95,11.28,10.95,11.20,1111498,11.27
2012/05/04,11.11,11.32,11.11,11.27,870706,11.36
2012/05/07,11.17,11.44,11.12,11.43,1244846,11.38
2012/05/08,11.39,12.18,11.34,11.97,2765927,11.89
2012/05/09,11.88,11.88,11.41,11.41,1877210,11.72
2012/05/10,11.37,11.54,11.26,11.35,929982,11.50
2012/05/11,11.37,11.89,11.37,11.44,1951843,11.82
2012/05/14,11.46,11.68,11.27,11.34,1143152,11.54
2012/05/15,11.18,11.50,11.11,11.47,826028,11.48
2012/05/16,11.46,11.82,11.32,11.58,1484505,11.73
2012/05/17,11.55,12.08,11.43,12.01,2541024,11.88
2012/05/18,11.93,12.39,11.63,12.02,2858981,11.99
2012/05/21,11.96,12.17,11.61,12.01,2067374,11.97
2012/05/22,12.02,12.02,11.72,11.79,1834444,11.92
2012/05/23,11.73,11.76,11.48,11.72,1331589,11.69
2012/05/24,11.58,11.68,11.49,11.66,642669,11.71
2012/05/25,11.66,11.66,11.31,11.54,717452,11.58
2012/05/28,11.36,12.04,11.18,11.85,1711761,11.66
2012/05/29,11.75,12.04,11.73,11.85,3067037,11.96
2012/05/30,11.76,11.83,11.50,11.61,1390358,11.74
2012/05/31,11.51,11.63,11.44,11.53,951890,11.65
2012/06/01,11.50,11.63,11.49,11.61,687281,11.69
2012/06/04,11.32,11.35,10.79,10.79,1386326,11.22
2012/06/05,10.75,10.95,10.73,10.73,644564,10.96
2012/06/06,10.74,11.03,10.72,10.76,584586,10.98
2012/06/07,10.87,10.88,10.60,10.61,506431,10.87
2012/06/08,10.70,10.74,10.55,10.61,660656,10.76
2012/06/11,10.64,10.77,10.56,10.74,510002,10.82
2012/06/12,10.70,10.74,10.61,10.63,388747,10.78
2012/06/13,10.73,10.88,10.63,10.84,594397,10.89
2012/06/14,10.85,11.08,10.83,10.92,959989,11.08
2012/06/15,10.93,10.99,10.70,10.87,770526,11.00
2012/06/18,10.98,11.04,10.80,10.98,745388,11.06
2012/06/19,10.93,11.50,10.93,11.33,2323816,11.43
2012/06/20,11.42,11.81,11.31,11.33,2128300,11.65
2012/06/21,11.29,11.29,10.84,10.88,1449351,11.14
2012/06/25,11.06,11.98,10.91,11.62,6819072,11.93
2012/06/26,11.38,12.38,11.06,12.29,8837168,11.86
2012/06/27,12.02,12.27,11.80,11.87,5991234,12.19
2012/06/28,11.86,12.28,11.77,11.83,3890575,12.20
2012/06/29,11.65,12.28,11.21,12.28,4947424,11.85
2012/07/02,12.29,12.46,12.10,12.25,4183315,12.37
2012/07/03,12.18,12.27,11.89,11.99,3294682,12.19
2012/07/04,11.96,12.68,11.96,12.57,7063805,12.57
2012/07/05,12.38,12.48,12.00,12.05,3661113,12.28
2012/07/06,12.13,12.34,11.63,12.13,3531621,12.13
2012/07/09,12.04,12.26,11.54,11.60,2906988,12.05
2012/07/10,11.51,11.97,11.51,11.66,3080259,11.90
2012/07/11,11.58,11.64,11.06,11.26,2790092,11.35
2012/07/12,11.28,11.60,11.10,11.45,2069122,11.49
2012/07/13,11.43,11.61,11.20,11.20,1667801,11.56
2012/07/16,10.83,10.83,10.07,10.07,2290200,10.29
2012/07/17,9.63,9.69,9.30,9.66,2047604,9.65
2012/07/18,9.63,9.66,9.38,9.61,1612689,9.63
2012/07/19,9.60,9.94,9.58,9.74,1654954,9.94
2012/07/20,9.72,9.72,9.44,9.50,1999699,9.66
2012/07/23,9.40,9.63,9.39,9.47,954153,9.61
2012/07/24,9.48,9.62,9.48,9.53,1014517,9.67
2012/07/25,9.57,9.75,9.48,9.67,1486864,9.79
2012/07/26,9.69,10.07,9.63,9.70,1408344,9.97
2012/07/27,9.69,9.81,9.46,9.54,936243,9.73
2012/07/30,9.60,9.70,9.18,9.19,823555,9.56
2012/07/31,9.18,9.29,8.38,8.72,1360863,8.84
2012/08/01,8.59,8.93,8.58,8.90,1128118,8.93
2012/08/02,8.79,8.94,8.71,8.77,538748,8.95
2012/08/03,8.83,9.09,8.77,9.04,948232,9.06
2012/08/06,8.94,9.26,8.94,9.22,1106354,9.27
2012/08/07,9.28,9.51,9.17,9.42,1461945,9.52
2012/08/08,9.42,9.49,9.29,9.38,815801,9.48
2012/08/09,9.39,9.62,9.39,9.56,1235330,9.63
2012/08/10,9.53,9.71,9.47,9.60,999346,9.71
2012/08/13,9.62,10.57,9.62,10.57,2881949,10.56
2012/08/14,11.64,11.64,11.64,11.64,4141388,11.76
2012/08/15,12.26,12.82,11.88,12.82,18749850,12.47
2012/08/16,12.33,12.33,11.71,11.83,9911161,12.09
2012/08/17,11.90,12.18,11.30,11.48,8341244,11.78
2012/08/20,11.56,12.64,11.46,12.64,12107782,12.14
2012/08/21,12.58,13.68,12.11,12.90,15731664,12.81
2012/08/22,12.48,13.48,12.16,12.71,13462474,12.85
2012/08/23,12.33,13.99,12.30,13.99,16293777,13.57
2012/08/24,14.28,15.26,13.44,13.47,21624548,14.68
2012/08/27,12.76,13.23,12.36,12.70,11076502,12.84
2012/08/28,12.61,13.28,12.42,12.50,9788910,12.90
2012/08/29,12.12,12.33,11.70,11.79,8664482,12.11
2012/08/30,11.53,12.26,11.13,11.59,9264893,11.90
2012/08/31,11.41,11.97,11.08,11.86,7263237,11.67
2012/09/03,11.98,13.06,11.89,13.06,14317556,12.71
2012/09/04,12.88,13.86,12.74,13.19,15390035,13.42
2012/09/05,13.00,14.14,13.00,13.73,13215129,13.65
2012/09/06,13.44,13.66,13.15,13.55,8821053,13.55
2012/09/07,13.58,14.08,13.32,13.59,11427629,13.73
2012/09/10,13.50,13.67,13.06,13.67,8412787,13.46
2012/09/11,13.53,14.07,13.40,13.60,9068427,13.85
2012/09/12,13.63,13.96,13.18,13.88,9002601,13.80
2012/09/13,13.88,13.88,12.98,12.98,6863263,13.66
2012/09/14,13.20,13.25,12.34,12.43,6325884,12.75
2012/09/17,12.43,12.55,11.89,11.98,3433107,12.35
2012/09/18,11.98,12.26,11.87,12.04,3128329,12.20
2012/09/19,12.14,13.26,12.04,13.26,9039286,12.99
2012/09/20,13.24,13.52,12.61,12.80,7863898,13.23
2012/09/21,12.86,14.08,12.80,13.80,14100533,13.71
2012/09/24,13.53,13.82,13.11,13.64,8284737,13.59
2012/09/25,13.45,13.73,12.26,12.34,9294751,12.95
2012/09/26,12.05,12.51,11.77,12.42,5420187,12.35
2012/09/27,12.21,12.97,12.08,12.58,5356095,12.71
2012/09/28,12.48,12.53,12.18,12.37,5091747,12.46
2012/10/08,12.27,12.86,12.27,12.57,4727611,12.77
2012/10/09,12.44,13.14,12.44,12.98,6182653,12.93
2012/10/10,12.78,12.78,12.27,12.72,7095645,12.65
2012/10/11,12.76,12.76,12.13,12.15,5254772,12.47
2012/10/12,12.12,12.33,11.83,12.13,3023289,12.19
2012/10/15,12.18,12.26,11.81,11.96,2113658,12.09
2012/10/16,12.01,12.20,11.89,11.98,2084462,12.16
2012/10/17,11.98,12.18,11.86,12.18,2508669,12.18
2012/10/18,12.28,12.37,12.12,12.23,3435058,12.36
2012/10/19,12.26,12.29,11.86,11.90,3256162,12.17
2012/10/22,11.82,12.10,11.68,12.07,2155124,12.13
2012/10/23,12.08,12.11,11.64,11.72,2967674,11.98
2012/10/24,11.64,11.72,11.07,11.09,3569417,11.48
2012/10/25,11.00,11.06,10.77,10.77,2912870,10.99
2012/10/26,10.81,10.87,10.59,10.66,1783353,10.87
2012/10/29,10.65,10.76,10.49,10.57,1222352,10.75
2012/10/30,10.63,10.71,10.54,10.65,1369152,10.74
2012/10/31,10.64,10.65,10.16,10.24,2175392,10.43
2012/11/01,10.24,10.56,10.24,10.46,2019998,10.54
2012/11/02,10.49,10.82,10.47,10.78,3402952,10.81
2012/11/05,10.81,10.82,10.39,10.41,2173808,10.63
2012/11/06,10.28,10.39,9.98,10.12,1985795,10.23
2012/11/07,10.16,10.52,10.06,10.37,2006218,10.47
2012/11/08,10.25,10.34,9.73,9.75,1675065,10.16
2012/11/09,9.72,9.86,9.65,9.68,1127736,9.88
2012/11/12,9.78,9.95,9.65,9.86,1271513,9.91
2012/11/13,9.79,10.21,9.76,10.07,2862575,10.14
2012/11/14,10.06,10.06,9.72,9.91,1380564,9.98
2012/11/15,9.88,9.88,9.40,9.43,2123006,9.70
2012/11/16,9.43,9.44,9.09,9.19,1611298,9.31
2012/11/19,9.19,9.32,9.03,9.30,1187285,9.31
2012/11/20,9.30,9.42,9.18,9.25,1402032,9.40
2012/11/21,9.24,9.57,9.24,9.46,2392256,9.53
2012/11/22,9.40,10.13,9.26,9.89,5065206,9.96
2012/11/23,9.71,9.91,9.71,9.72,2273482,9.90
2012/11/26,9.73,9.92,9.65,9.75,1380791,9.92
2012/11/27,9.66,9.82,8.76,8.83,2310530,9.24
2012/11/28,8.80,8.80,8.35,8.41,1526563,8.64
2012/11/29,8.43,8.56,8.12,8.16,1159553,8.47
2012/11/30,8.22,8.30,8.00,8.28,1030361,8.34
2012/12/03,8.28,8.39,8.04,8.04,1284438,8.35
2012/12/04,8.00,8.38,7.95,8.36,1514816,8.32
2012/12/05,8.36,8.74,8.28,8.64,2212346,8.69
2012/12/06,8.63,8.71,8.54,8.65,1574624,8.76
2012/12/07,8.57,9.04,8.56,8.94,2935593,9.00
2012/12/10,8.96,9.65,8.86,9.40,4110247,9.39
2012/12/11,9.41,10.22,9.30,9.61,5530649,9.92
2012/12/12,9.59,9.97,9.33,9.46,3591699,9.69
2012/12/13,9.43,9.46,9.14,9.15,2328115,9.36
2012/12/14,9.17,9.62,9.17,9.57,3142891,9.60
2012/12/17,9.51,9.78,9.49,9.66,2679471,9.75
2012/12/18,9.62,9.85,9.54,9.59,2790483,9.82
2012/12/19,9.54,9.87,9.50,9.78,2723782,9.81
2012/12/20,9.73,9.77,9.51,9.66,1917214,9.73
2012/12/21,9.63,9.82,9.53,9.66,2898507,9.78
2012/12/24,9.66,9.71,9.48,9.61,1460820,9.76
2012/12/25,9.64,9.94,9.53,9.87,3666636,9.91
2012/12/26,9.87,10.11,9.83,10.08,3610322,10.11
2012/12/27,10.11,10.17,9.85,9.85,3651796,10.12
2012/12/28,9.78,9.93,9.66,9.85,2615488,9.93
2012/12/31,9.98,10.01,9.83,9.86,1579200,10.01
2013/01/04,10.06,10.07,9.73,9.81,1649933,9.98
2013/01/07,9.82,10.76,9.81,10.36,6470192,10.50
2013/01/08,10.38,10.38,10.13,10.28,3492640,10.37
2013/01/09,10.24,10.53,10.18,10.33,3107274,10.49
2013/01/10,10.28,10.78,10.28,10.72,5688229,10.76
2013/01/11,10.61,10.71,10.10,10.16,4501565,10.53
2013/01/14,10.03,10.48,9.98,10.46,3118195,10.44
2013/01/15,10.42,10.87,10.40,10.72,4716488,10.81
2013/01/16,10.72,11.64,10.59,11.36,9149884,11.34
2013/01/17,11.23,11.43,10.89,10.93,4417128,11.21
2013/01/18,10.93,11.34,10.93,11.09,2868198,11.25
2013/01/21,11.09,11.23,10.97,11.19,2544256,11.21
2013/01/22,11.20,11.22,10.75,10.87,2466362,11.09
2013/01/23,10.86,10.86,10.38,10.57,2474714,10.69
2013/01/24,10.57,10.84,10.08,10.23,2988943,10.64
2013/01/25,10.23,10.29,10.08,10.12,1362947,10.31
2013/01/28,10.01,10.42,10.01,10.42,1518853,10.42
2013/01/29,10.41,10.68,10.34,10.56,1675900,10.66
2013/01/30,10.48,10.63,10.33,10.41,1384064,10.53
2013/01/31,10.33,10.92,10.24,10.80,4235342,10.76
2013/02/01,10.68,10.88,10.64,10.72,2403473,10.86
2013/02/04,10.73,10.82,10.36,10.53,1739342,10.65
2013/02/05,10.38,10.56,10.28,10.49,1051832,10.58
2013/02/06,10.54,10.79,10.50,10.68,1396696,10.79
2013/02/07,10.60,10.80,10.59,10.63,1211389,10.80
2013/02/08,10.60,10.88,10.60,10.84,1675625,10.93
2013/02/18,10.89,10.97,10.71,10.96,2089784,10.99
2013/02/19,10.93,11.01,10.68,10.72,1684687,10.94
2013/02/20,10.59,10.97,10.58,10.96,1761341,10.96
2013/02/21,10.88,11.37,10.76,11.05,5086064,11.23
2013/02/22,10.94,11.47,10.94,11.17,4489888,11.40
2013/02/25,11.16,11.61,11.07,11.58,4798450,11.59
2013/02/26,11.53,11.83,11.26,11.26,4545772,11.65
2013/02/27,11.18,11.38,10.79,10.85,3228921,11.10
2013/02/28,10.70,11.02,10.70,11.00,2075630,11.03
2013/03/01,10.98,11.08,10.88,11.07,2242995,11.09
2013/03/04,10.96,11.01,10.44,10.61,2072104,10.96
2013/03/05,10.55,10.91,10.55,10.87,1439894,10.93
2013/03/06,10.82,11.82,10.82,11.70,5437408,11.49
2013/03/07,11.62,11.63,11.20,11.35,3922739,11.53
2013/03/08,11.39,12.09,11.22,12.08,6152445,11.82
2013/03/11,11.97,12.06,11.68,11.87,4147042,12.01
2013/03/12,11.85,12.02,10.87,11.30,4112147,11.58
2013/03/13,10.92,11.28,10.92,11.02,1687425,11.19
2013/03/14,11.08,11.26,10.90,11.03,1387044,11.20
2013/03/15,11.01,11.18,10.64,10.78,1895973,11.03
2013/03/18,10.78,10.88,10.58,10.58,1157198,10.84
2013/03/19,10.46,10.68,10.14,10.34,1754081,10.47
2013/03/20,10.34,10.67,10.34,10.67,1299066,10.65
2013/03/21,10.69,11.26,10.58,11.08,4143898,11.01
2013/03/22,10.91,11.08,10.84,10.98,1984239,11.07
2013/03/25,10.97,11.31,10.97,11.03,2378967,11.26
2013/03/26,11.01,11.26,10.60,11.22,3068185,11.03
2013/03/27,11.09,11.34,10.99,11.04,1978457,11.26
2013/03/28,10.99,10.99,10.48,10.53,1427056,10.79
2013/03/29,10.56,10.63,10.33,10.33,978708,10.60
2013/04/01,10.34,10.63,10.30,10.55,619869,10.63
2013/04/02,10.55,10.63,10.23,10.23,1050511,10.54
2013/04/03,10.24,10.38,10.10,10.12,672371,10.32
2013/04/08,10.08,10.08,9.49,9.98,1161786,9.92
2013/04/09,10.10,10.27,9.98,10.18,859777,10.28
2013/04/10,10.20,10.27,9.97,10.02,669344,10.19
2013/04/11,10.15,10.16,9.82,9.82,575548,10.08
2013/04/12,9.87,10.18,9.86,9.97,923619,10.16
2013/04/15,9.97,10.33,9.97,10.10,1160032,10.29
2013/04/16,9.90,10.25,9.84,10.24,751249,10.22
2013/04/17,10.23,10.26,9.98,10.17,801678,10.23
2013/04/18,10.08,10.22,10.01,10.20,702802,10.28
2013/04/19,10.21,10.71,10.15,10.53,1778032,10.61
2013/04/22,10.44,10.44,9.89,10.10,2091172,10.23
2013/04/23,10.08,10.14,9.78,9.84,1311850,10.06
2013/04/24,9.84,10.06,9.84,9.96,853449,10.06
2013/04/25,9.96,10.06,9.83,9.83,826797,10.06
2013/04/26,9.93,9.93,9.52,9.57,751716,9.77
2013/05/02,9.68,9.68,9.55,9.58,371841,9.73
2013/05/03,9.60,9.82,9.60,9.77,595169,9.87
2013/05/06,9.78,9.93,9.78,9.90,619647,9.99
2013/05/07,9.89,9.97,9.80,9.86,749736,9.98
2013/05/08,9.83,9.96,9.83,9.95,960820,10.03
2013/05/09,9.95,10.00,9.71,9.80,1029613,9.96
2013/05/10,9.80,10.04,9.76,10.04,1202314,10.02
2013/05/13,10.03,10.09,9.93,9.98,886675,10.09
2013/05/14,9.94,10.02,9.64,9.72,1046263,9.87
2013/05/15,9.81,9.82,9.69,9.81,552854,9.89
2013/05/16,9.82,9.90,9.73,9.90,1217293,9.97
2013/05/17,9.97,10.04,9.87,10.03,1515995,10.09
2013/05/20,10.03,10.34,10.00,10.28,2310462,10.32
2013/05/21,10.21,10.82,10.16,10.70,4538843,10.68
2013/05/22,10.71,10.76,10.41,10.52,2617204,10.67
2013/05/23,10.50,10.58,10.28,10.31,1881483,10.56
2013/05/24,10.24,10.43,10.24,10.42,1246433,10.47
2013/05/27,10.44,10.70,10.44,10.65,2011761,10.72
2013/05/28,10.65,10.66,10.40,10.53,1565266,10.62
2013/05/29,10.52,11.08,10.49,10.85,3380640,10.90
2013/05/30,10.74,10.82,10.63,10.69,2020052,10.83
2013/05/31,10.74,10.88,10.65,10.67,1711473,10.88
2013/06/03,10.67,10.91,10.58,10.66,1594933,10.86
2013/06/04,10.67,10.67,10.14,10.37,1538910,10.48
2013/06/05,10.32,10.68,10.32,10.50,1618415,10.68
2013/06/06,10.43,10.94,10.38,10.92,4545881,10.91
2013/06/07,10.88,10.94,10.44,10.71,3498821,10.90
2013/06/13,10.48,10.48,9.63,9.75,2311548,9.99
2013/06/14,9.68,9.95,9.68,9.84,1047714,9.84
2013/06/17,9.88,9.92,9.74,9.84,744525,9.85
2013/06/18,9.84,9.89,9.43,9.61,1164678,9.64
2013/06/19,9.58,9.58,9.18,9.40,1377929,9.32
2013/06/20,9.34,9.39,9.10,9.16,857005,9.26
2013/06/21,8.87,9.16,8.87,9.08,595703,9.06
2013/06/24,9.09,9.15,8.33,8.33,827400,8.72
2013/06/25,8.28,8.51,7.50,8.26,1210784,8.07
2013/06/26,8.29,8.38,8.02,8.38,868123,8.28
2013/06/27,8.38,8.57,8.29,8.32,924987,8.44
2013/06/28,8.33,8.47,8.28,8.31,535740,8.37
2013/07/01,8.26,8.42,8.13,8.39,465318,8.29
2013/07/02,8.39,8.58,8.33,8.54,641002,8.47
2013/07/03,8.53,8.56,8.24,8.48,943359,8.44
2013/07/04,9.03,9.18,8.63,8.73,1977180,8.89
2013/07/05,8.59,8.85,8.59,8.63,1050239,8.73
2013/07/08,8.56,8.57,8.03,8.03,1064688,8.27
2013/07/09,8.03,8.23,7.94,8.09,532431,8.12
2013/07/10,8.17,8.32,8.07,8.31,581968,8.28
2013/07/11,8.31,8.68,8.31,8.57,988897,8.55
2013/07/12,8.58,8.71,8.46,8.59,1010310,8.61
2013/07/15,8.73,8.76,8.56,8.70,795038,8.67
2013/07/16,8.65,8.89,8.59,8.88,1105368,8.76
2013/07/17,8.83,8.87,8.51,8.52,1038596,8.73
2013/07/18,8.52,8.62,8.36,8.45,857777,8.46
2013/07/19,8.40,8.60,8.31,8.48,836365,8.50
2013/07/22,8.65,9.13,8.65,9.08,3433571,9.01
2013/07/23,9.08,9.16,8.93,9.11,2086538,9.07
2013/07/24,9.12,9.12,8.87,8.97,1329762,8.98
2013/07/25,9.06,9.06,8.80,8.80,1000091,8.92
2013/07/26,8.74,9.18,8.74,9.04,2013755,9.08
2013/07/29,9.20,9.38,8.98,8.99,2220036,9.17
2013/07/30,9.07,9.70,8.99,9.48,3300452,9.36
2013/07/31,9.28,9.47,9.23,9.27,1645384,9.36
2013/08/01,9.29,9.45,9.28,9.43,1743944,9.40
2013/08/02,9.38,9.45,9.26,9.37,1692881,9.37
2013/08/05,9.28,9.50,9.21,9.47,1368040,9.41
2013/08/06,9.39,9.53,9.39,9.48,1557274,9.49
2013/08/07,9.45,9.48,9.20,9.25,1260316,9.36
2013/08/08,9.18,9.37,9.08,9.25,786841,9.28
2013/08/09,9.34,9.45,9.18,9.32,1328567,9.32
2013/08/12,9.34,9.61,9.32,9.55,2107786,9.47
2013/08/13,9.50,9.55,9.40,9.50,1235542,9.50
2013/08/14,9.49,9.66,9.44,9.59,1948242,9.61
2013/08/15,9.64,9.64,9.32,9.34,1220388,9.47
2013/08/16,9.34,9.47,9.05,9.09,1429018,9.30
2013/08/19,9.04,9.24,8.88,9.18,1046109,9.18
2013/08/20,9.18,9.26,9.06,9.10,964261,9.19
2013/08/21,9.20,9.21,9.09,9.20,623899,9.18
2013/08/22,9.22,9.55,9.22,9.48,2243674,9.47
2013/08/23,9.48,9.74,9.42,9.74,3873123,9.62
2013/08/26,9.74,9.83,9.63,9.77,2786305,9.76
2013/08/27,9.70,10.75,9.59,10.23,7926450,10.28
2013/08/28,10.08,10.09,9.86,9.88,3096501,9.98
2013/08/29,9.88,9.98,9.68,9.79,1635448,9.81
2013/08/30,9.78,9.91,9.61,9.65,1301240,9.77
2013/09/02,9.64,9.98,9.58,9.94,2004282,9.87
2013/09/03,9.94,10.09,9.85,9.98,1151442,9.98
2013/09/04,9.97,10.40,9.86,10.22,4855843,10.18
2013/09/05,10.18,10.34,9.94,9.98,2694533,10.09
2013/09/06,9.91,10.05,9.76,9.97,1423523,9.93
2013/09/09,9.97,10.00,9.83,9.85,1781382,9.93
2013/09/10,9.85,9.96,9.62,9.70,2400106,9.76
2013/09/11,9.73,9.77,9.56,9.62,1744220,9.64
2013/09/12,9.64,9.73,9.62,9.67,1186473,9.70
2013/09/13,9.67,9.72,9.51,9.67,1039906,9.63
2013/09/16,9.67,9.71,9.57,9.60,1130712,9.64
2013/09/17,9.60,9.60,9.33,9.35,819804,9.49
2013/09/18,9.45,9.48,9.33,9.47,632263,9.43
2013/09/23,9.46,9.61,9.44,9.60,824349,9.58
2013/09/24,9.60,9.63,9.52,9.62,948014,9.61
2013/09/25,9.57,9.64,9.48,9.49,996700,9.58
2013/09/26,9.55,9.55,9.32,9.37,866409,9.39
2013/09/27,9.38,9.48,9.28,9.31,491280,9.35
2013/09/30,9.34,9.38,9.16,9.27,759452,9.26
2013/10/08,9.36,9.45,9.25,9.44,946364,9.41
2013/10/09,9.47,10.20,9.40,10.17,3617900,9.73
2013/10/10,9.98,10.06,9.66,9.79,4175211,9.88
2013/10/11,9.71,9.85,9.71,9.78,1637692,9.81
2013/10/14,9.78,9.92,9.76,9.85,1555972,9.86
2013/10/15,9.85,9.88,9.71,9.75,1095709,9.78
2013/10/16,9.74,9.74,9.46,9.51,1094572,9.56
2013/10/17,9.68,9.96,9.68,9.80,2883558,9.85
2013/10/18,9.67,9.84,9.64,9.70,964525,9.74
2013/10/21,9.69,9.92,9.69,9.90,1617800,9.86
2013/10/22,9.83,9.91,9.74,9.86,1586113,9.85
2013/10/23,9.80,9.91,9.53,9.54,1529347,9.72
2013/10/24,9.53,9.53,9.26,9.29,1164723,9.37
2013/10/25,9.29,9.29,8.96,8.98,1492349,9.15
2013/10/28,9.07,9.07,8.89,9.00,657496,8.96
2013/10/29,9.01,9.05,8.36,8.58,833865,8.74
2013/10/30,8.62,8.83,8.51,8.83,660784,8.74
2013/10/31,8.76,8.93,8.66,8.83,504314,8.87
2013/11/01,8.68,8.91,8.68,8.78,322413,8.85
2013/11/04,8.73,8.96,8.69,8.92,419564,8.93
2013/11/05,8.99,8.99,8.82,8.92,364587,8.92
2013/11/06,8.92,9.06,8.79,8.80,578292,8.97
2013/11/07,8.71,8.91,8.71,8.75,264282,8.81
2013/11/08,8.75,8.81,8.42,8.56,474201,8.60
2013/11/11,8.56,8.80,8.46,8.74,426413,8.63
2013/11/12,8.66,8.78,8.58,8.78,450047,8.72
2013/11/13,8.77,8.77,8.58,8.58,399776,8.65
2013/11/14,8.63,8.77,8.49,8.76,592647,8.69
2013/11/15,8.78,8.96,8.77,8.89,749595,8.92
2013/11/18,8.88,9.07,8.88,9.06,750394,9.03
2013/11/19,8.99,9.44,8.99,9.18,1210661,9.24
2013/11/20,9.18,9.57,9.16,9.38,1082783,9.34
2013/11/21,9.40,9.61,9.24,9.28,1015493,9.39
2013/11/22,9.33,10.21,9.28,10.21,12240376,10.14
2013/11/25,10.02,10.75,9.90,10.54,14761933,10.35
2013/11/26,10.41,10.48,10.09,10.27,6649535,10.29
2013/11/27,10.13,10.27,9.91,10.22,5261129,10.14
2013/11/28,10.18,10.86,10.04,10.50,9085342,10.53
2013/11/29,10.30,10.68,10.23,10.34,6617055,10.45
2013/12/02,9.98,10.20,9.30,9.33,6017493,9.74
2013/12/03,9.23,10.27,9.04,9.78,4184009,9.61
2013/12/04,9.78,10.20,9.72,10.03,4520576,9.99
2013/12/05,9.94,10.08,9.74,9.89,2934349,9.93
2013/12/06,9.95,10.27,9.89,9.99,2837673,10.09
2013/12/09,9.98,10.22,9.91,10.13,2733744,10.11
2013/12/10,10.10,10.30,9.93,9.95,2914214,10.15
2013/12/11,9.88,9.93,9.63,9.81,2472548,9.76
2013/12/12,9.63,9.80,9.50,9.70,2470917,9.70
2013/12/13,9.70,9.89,9.58,9.89,1745042,9.78
2013/12/16,9.93,9.94,9.59,9.62,1388721,9.73
2013/12/17,9.54,9.70,9.54,9.62,840345,9.67
2013/12/18,9.58,9.82,9.58,9.77,832767,9.75
2013/12/19,9.81,10.24,9.77,9.94,3015866,10.03
2013/12/20,9.96,10.28,9.92,10.06,3326729,10.14
2013/12/23,10.23,10.33,9.88,10.22,4059860,10.14
2013/12/24,10.12,10.63,9.98,10.55,5907060,10.35
2013/12/25,10.43,10.52,10.14,10.35,3527626,10.36
2013/12/26,10.33,10.63,10.01,10.56,5640944,10.44
2013/12/27,10.48,10.70,10.37,10.50,4148776,10.53
2013/12/30,10.50,10.56,10.24,10.46,3214429,10.43
2013/12/31,10.36,10.41,10.14,10.17,2178541,10.29
2014/01/02,10.15,10.46,10.11,10.38,2378548,10.34
2014/01/03,10.36,10.43,10.14,10.19,1807613,10.26
2014/01/06,10.19,10.32,9.64,9.67,2128091,9.85
2014/01/07,9.67,9.78,9.58,9.72,860225,9.71
2014/01/08,9.68,9.83,9.63,9.68,1066946,9.74
2014/01/09,9.72,9.78,9.12,9.16,2621492,9.48
2014/01/10,9.08,9.14,8.68,8.76,1612406,8.86
2014/01/13,8.68,8.87,8.65,8.74,841702,8.77
2014/01/14,8.82,8.95,8.71,8.95,868230,8.89
2014/01/15,8.97,9.10,8.91,9.02,979975,9.04
2014/01/16,9.02,9.10,8.92,9.05,913687,9.04
2014/01/17,8.99,9.03,8.80,8.90,767647,8.91
2014/01/20,8.89,9.10,8.89,9.02,1011597,9.04
2014/01/21,8.97,9.13,8.95,9.10,704666,9.06
2014/01/22,9.08,9.25,9.07,9.25,1115005,9.21
2014/01/23,9.24,9.30,9.18,9.21,959291,9.25
2014/01/24,9.21,9.33,9.16,9.28,1067883,9.28
2014/01/27,9.26,9.26,9.01,9.02,1257292,9.16
2014/01/28,9.12,9.12,8.94,9.04,833868,9.04
2014/01/29,9.10,9.19,9.00,9.19,911513,9.13
2014/01/30,9.23,9.23,9.12,9.17,663472,9.18
2014/02/07,9.05,9.32,9.04,9.30,712732,9.24
2014/02/10,9.34,9.51,9.34,9.48,1544874,9.47
2014/02/11,9.54,9.54,9.35,9.46,2170138,9.44
2014/02/12,9.43,9.64,9.37,9.61,1881262,9.55
2014/02/13,9.60,9.92,9.49,9.66,2939259,9.73
2014/02/14,9.66,9.98,9.58,9.95,2913851,9.86
2014/02/17,10.00,10.13,9.78,10.08,2758639,9.99
2014/02/18,10.02,10.04,9.87,9.95,2354097,9.97
2014/02/19,9.95,10.05,9.78,9.93,2146599,9.97
2014/02/20,9.93,10.25,9.62,10.12,3987390,10.02
2014/02/21,10.05,10.07,9.79,9.87,1892921,9.96
2014/02/24,9.78,9.89,9.66,9.85,1175686,9.78
2014/02/25,9.80,10.06,9.44,9.47,2548817,9.83
2014/02/26,9.47,9.50,9.04,9.49,1272611,9.36
2014/02/27,9.49,10.18,9.47,9.88,3288543,9.92
2014/02/28,9.84,10.06,9.69,10.05,2647478,9.96
2014/03/03,9.99,10.19,9.94,10.14,2820368,10.12
2014/03/04,10.08,10.38,9.98,10.30,3833727,10.26
2014/03/05,10.29,10.29,10.03,10.09,2899734,10.16
2014/03/06,10.08,10.16,9.91,10.02,1658899,10.04
2014/03/07,10.07,10.38,9.98,10.24,2645463,10.25
2014/03/10,10.33,10.33,9.72,9.74,2580586,9.97
2014/03/11,9.73,10.06,9.64,10.01,1847519,9.83
2014/03/12,9.97,10.63,9.76,10.58,4656161,10.28
2014/03/13,10.48,10.70,10.35,10.54,4088094,10.54
2014/03/14,10.44,10.52,10.23,10.43,1844478,10.38
2014/03/17,10.43,10.84,10.43,10.53,2796571,10.58
2014/03/18,10.45,10.85,10.32,10.77,4789898,10.65
2014/03/19,10.66,11.05,10.60,10.83,5786376,10.86
2014/03/20,10.69,10.87,10.40,10.40,2970849,10.63
2014/03/21,10.27,10.68,10.15,10.56,2697671,10.44
2014/03/24,10.60,10.93,10.51,10.73,3189839,10.79
2014/03/25,10.67,10.67,10.40,10.55,2204493,10.57
2014/03/26,10.55,10.62,10.41,10.61,1925409,10.55
2014/03/27,10.62,10.85,10.26,10.26,2229773,10.58
2014/03/28,10.26,10.46,9.64,9.76,3345149,9.94
2014/03/31,9.67,9.81,9.67,9.80,1133654,9.76
2014/04/01,9.80,9.92,9.71,9.90,936077,9.82
2014/04/02,9.90,9.92,9.63,9.63,1098993,9.81
2014/04/03,9.63,9.84,9.58,9.84,1134608,9.75
2014/04/04,9.80,10.03,9.76,9.95,1008251,9.94
2014/04/08,9.95,10.05,9.84,9.96,1470643,9.96
2014/04/09,9.90,10.04,9.90,10.01,839577,10.00
2014/04/10,10.01,10.07,9.95,9.97,1164746,10.03
2014/04/11,9.98,10.03,9.91,9.94,735027,9.98
2014/04/14,9.92,10.04,9.83,10.04,943274,9.94
2014/04/15,10.08,10.10,9.87,9.93,673491,9.97
2014/04/16,9.93,9.98,9.87,9.92,812878,9.94
2014/04/17,9.98,10.03,9.89,9.98,748976,9.98
2014/04/18,9.97,10.04,9.90,10.03,865152,10.01
2014/04/21,9.98,10.02,9.78,9.80,916688,9.92
2014/04/22,9.78,9.81,9.38,9.48,1789477,9.61
2014/04/23,9.43,9.47,9.25,9.28,1638734,9.37
2014/04/24,9.28,9.41,9.18,9.28,893857,9.33
2014/04/25,9.29,9.36,9.06,9.09,870548,9.25
2014/04/28,9.04,9.20,8.93,9.16,704322,9.08
2014/04/29,9.20,9.23,9.06,9.22,588858,9.17
2014/04/30,9.25,9.33,9.18,9.32,572859,9.27
2014/05/05,9.31,9.34,9.16,9.32,448465,9.25
2014/05/06,9.27,9.39,9.23,9.27,909310,9.31
2014/05/07,9.26,9.26,9.05,9.07,1153623,9.13
2014/05/08,9.04,9.20,8.99,9.17,650506,9.16
2014/05/09,9.14,9.20,9.03,9.12,460482,9.14
2014/05/12,9.16,9.33,9.10,9.33,723380,9.28
2014/05/13,9.33,9.42,9.26,9.36,612686,9.36
2014/05/14,9.39,9.39,9.29,9.34,381469,9.35
2014/05/15,9.29,9.34,9.07,9.08,550610,9.19
2014/05/16,9.07,9.21,8.99,9.15,676020,9.08
2014/05/19,9.14,9.17,9.03,9.14,441710,9.12
2014/05/20,9.15,9.43,9.10,9.30,848770,9.33
2014/05/21,9.30,9.42,9.20,9.36,467961,9.38
2014/05/22,9.36,9.45,9.28,9.34,554145,9.39
2014/05/23,9.36,9.41,9.24,9.38,728110,9.34
2014/05/26,9.37,9.54,9.29,9.54,822882,9.45
2014/05/27,9.54,9.54,9.43,9.47,521474,9.48
2014/05/28,9.46,9.47,9.31,9.46,1017887,9.39
2014/05/29,9.43,9.45,9.31,9.34,447612,9.40
2014/05/30,9.34,9.49,9.32,9.43,528763,9.44
2014/06/03,9.43,9.54,9.39,9.40,499440,9.48
2014/06/04,9.42,9.52,9.21,9.45,706950,9.34
2014/06/05,9.43,9.50,9.33,9.47,588113,9.41
2014/06/06,9.47,9.48,9.22,9.39,786999,9.39
2014/06/09,9.31,9.40,9.28,9.31,451954,9.36
2014/06/10,9.31,9.38,9.22,9.32,798645,9.30
2014/06/11,9.31,10.03,9.31,9.61,1723349,9.60
2014/06/12,9.55,9.66,9.49,9.49,760904,9.56
2014/06/13,9.49,9.64,9.46,9.57,1036928,9.54
2014/06/16,9.59,9.74,9.52,9.69,936466,9.66
2014/06/17,9.70,9.70,9.55,9.68,776029,9.61
2014/06/18,9.63,9.71,9.51,9.55,722654,9.59
2014/06/19,9.63,9.72,9.32,9.38,1012956,9.59
2014/06/20,9.38,9.51,9.25,9.46,789227,9.37
2014/06/23,9.46,9.69,9.39,9.59,934891,9.56
2014/06/24,9.57,9.73,9.53,9.68,694189,9.67
2014/06/25,9.70,9.73,9.58,9.60,662222,9.65
2014/06/26,9.60,9.91,9.60,9.86,1566634,9.84
2014/06/27,9.83,9.93,9.75,9.89,1061401,9.85
2014/06/30,9.89,9.94,9.83,9.92,841674,9.89
2014/07/01,9.92,10.04,9.85,10.04,1350009,9.94
2014/07/02,10.07,10.14,9.97,10.07,1370073,10.05
2014/07/03,10.06,10.06,9.87,9.93,1733204,9.94
2014/07/04,9.96,10.03,9.87,9.99,1044765,9.97
2014/07/07,9.98,10.02,9.79,9.85,1150329,9.87
2014/07/08,9.86,10.13,9.80,10.12,1345504,9.97
2014/07/09,10.13,10.37,10.03,10.13,2981077,10.25
2014/07/10,10.05,10.20,9.92,10.01,1755795,10.04
2014/07/11,10.01,10.12,9.95,10.09,1558019,10.04
2014/07/14,10.07,10.28,10.00,10.24,1660196,10.20
2014/07/15,10.18,10.32,9.81,10.08,2036358,10.08
2014/07/16,10.07,10.23,9.85,9.92,2443261,9.97
2014/07/17,9.95,9.99,9.65,9.73,2170295,9.78
2014/07/18,9.73,9.82,9.65,9.73,1862591,9.74
2014/07/21,9.73,9.80,9.60,9.62,1768348,9.67
2014/07/22,9.61,9.76,9.60,9.76,1131083,9.71
2014/07/23,9.76,9.81,9.61,9.75,1318937,9.71
2014/07/24,9.76,9.78,9.62,9.65,1604417,9.68
2014/07/25,9.66,9.80,9.61,9.78,1411509,9.73
2014/07/28,9.79,9.95,9.78,9.93,2449061,9.86
2014/07/29,9.94,10.05,9.89,10.03,2299515,9.98
2014/07/30,10.01,10.08,9.93,10.04,1515034,10.00
2014/07/31,10.04,10.16,10.01,10.15,1825163,10.08
2014/08/01,10.16,10.17,9.97,10.00,2453803,10.10
2014/08/04,10.02,10.38,10.02,10.33,3577747,10.26
2014/08/05,10.34,10.44,10.23,10.42,2348098,10.34
2014/08/06,10.39,10.52,10.31,10.40,2363760,10.41
2014/08/07,10.40,10.43,10.18,10.19,1928068,10.27
2014/08/08,10.19,10.38,10.16,10.35,1395530,10.28
2014/08/11,10.36,10.56,10.36,10.45,2614062,10.47
2014/08/12,10.42,10.61,10.38,10.58,2055523,10.54
2014/08/13,10.59,10.68,10.36,10.68,2958699,10.52
2014/08/14,10.67,10.79,10.55,10.58,2448502,10.67
2014/08/15,10.54,10.69,10.54,10.58,1507218,10.62
2014/08/18,10.56,10.82,10.56,10.78,2546865,10.72
2014/08/19,10.65,10.87,10.58,10.78,2983357,10.74
2014/08/20,10.76,11.09,10.73,10.76,4155039,10.89
2014/08/21,10.77,10.77,10.50,10.70,4488207,10.62
2014/08/22,10.69,10.78,10.60,10.76,3231105,10.67
2014/08/25,10.73,10.82,10.60,10.65,3520201,10.69
2014/08/26,10.60,10.64,10.32,10.35,2626737,10.49
2014/08/27,10.30,10.53,10.30,10.53,1719021,10.46
2014/08/28,10.49,10.57,10.36,10.36,1745826,10.46
2014/08/29,10.39,10.54,10.36,10.54,1947675,10.45
2014/09/01,10.56,10.75,10.50,10.71,3338627,10.67
2014/09/02,10.69,10.83,10.67,10.80,3863586,10.74
2014/09/03,10.84,10.96,10.77,10.81,5226873,10.85
2014/09/04,10.81,11.06,10.81,11.05,5197590,10.96
2014/09/05,11.07,11.23,10.89,11.06,5835976,11.03
2014/09/09,11.05,11.24,10.92,11.15,4502930,11.08
2014/09/10,11.12,11.30,11.03,11.25,3443920,11.22
2014/09/11,11.27,11.84,11.04,11.04,8755222,11.46
2014/09/12,11.43,12.14,11.40,11.76,22473638,11.92
2014/09/15,11.40,11.83,11.30,11.67,11098788,11.54
2014/09/16,11.60,12.21,11.50,11.69,12157639,11.84
2014/09/17,11.66,12.06,11.37,11.70,8817138,11.72
2014/09/18,11.61,12.54,11.46,12.38,14156351,12.03
2014/09/19,12.25,12.36,12.08,12.30,8603007,12.22
2014/09/22,12.32,12.35,11.90,11.93,5538322,12.08
2014/09/23,11.92,12.48,11.89,12.36,6164535,12.15
2014/09/24,12.35,12.58,12.26,12.38,5775858,12.39
2014/09/25,12.43,12.48,12.15,12.22,5861234,12.28
2014/09/26,12.15,12.45,11.80,12.37,7654774,12.07
2014/09/29,12.75,13.30,12.69,12.90,11758810,12.93
2014/09/30,12.70,12.99,12.65,12.80,4848996,12.82
2014/10/08,12.93,13.08,12.82,13.02,6024525,12.99
2014/10/09,13.03,13.68,12.80,13.49,10070819,13.12
2014/10/10,13.46,13.97,13.18,13.65,7414378,13.68
2014/10/13,13.40,13.67,13.06,13.50,5317205,13.34
2014/10/14,13.44,13.82,13.24,13.28,4227287,13.49
2014/10/15,13.26,13.51,13.03,13.36,3555043,13.28
2014/10/16,13.20,13.37,12.75,12.82,4949103,13.13
2014/10/17,12.81,12.90,12.02,12.40,4637018,12.54
2014/10/20,12.45,12.85,12.37,12.66,3167022,12.58
2014/10/21,12.62,12.87,12.43,12.43,3123560,12.69
2014/10/22,12.40,12.53,12.05,12.06,2945513,12.31
2014/10/23,12.06,12.31,11.88,12.24,3419439,12.09
2014/10/24,12.23,12.40,12.10,12.29,1735419,12.25
2014/10/27,12.10,12.55,12.06,12.50,2573987,12.41
2014/10/28,12.40,12.78,12.34,12.75,2817767,12.66
2014/10/29,12.72,12.95,12.65,12.70,4106397,12.80
2014/10/30,12.73,12.96,12.63,12.67,4866588,12.79
2014/10/31,12.68,12.79,12.26,12.50,3227846,12.48
2014/11/03,12.50,12.69,12.36,12.62,2997553,12.57
2014/11/04,12.56,12.78,12.43,12.48,3617255,12.59
2014/11/05,12.45,12.53,12.22,12.24,3518675,12.31
2014/11/06,12.23,12.46,12.17,12.44,2207372,12.36
2014/11/07,12.40,12.78,12.38,12.41,4851932,12.57
2014/11/10,12.51,12.88,12.43,12.66,4383237,12.70
2014/11/11,12.84,12.84,11.95,12.05,5056339,12.30
2014/11/12,12.05,12.35,12.05,12.26,1909116,12.21
2014/11/13,12.29,12.29,11.76,11.92,3248643,11.94
2014/11/14,11.85,12.04,11.76,11.97,1949901,11.90
2014/11/17,12.05,12.33,11.81,12.22,2652732,12.04
2014/11/18,12.12,12.43,12.11,12.37,2453918,12.26
2014/11/19,12.36,12.46,12.20,12.39,1931020,12.34
2014/11/20,12.39,12.44,12.20,12.29,1982140,12.30
2014/11/21,12.30,12.45,12.23,12.38,2112949,12.36
2014/11/24,12.41,12.51,12.22,12.50,3139583,12.39
2014/11/25,12.49,12.75,12.40,12.74,3509513,12.61
2014/11/26,12.74,12.82,12.46,12.52,3409713,12.62
2014/11/27,12.53,12.97,12.53,12.92,6012641,12.81
2014/11/28,12.92,12.97,12.51,12.64,4726688,12.71
2014/12/01,12.65,12.82,12.20,12.28,3708518,12.43
2014/12/02,12.27,13.51,12.22,13.51,11202682,13.01
2014/12/03,13.72,13.98,13.29,13.67,13536774,13.58
2014/12/04,13.67,13.92,13.51,13.66,6685044,13.67
2014/12/05,13.66,13.74,12.59,13.08,7757311,13.08
2014/12/08,12.91,13.06,12.53,12.70,7239768,12.71
2014/12/09,12.60,12.60,11.90,12.01,6351609,12.20
2014/12/10,11.97,12.37,11.83,12.22,2581003,12.17
2014/12/11,12.23,12.59,12.03,12.59,3519482,12.40
2014/12/12,12.60,12.96,12.50,12.81,3846544,12.81
2014/12/15,12.70,13.15,12.70,13.08,4347609,13.03
2014/12/16,13.08,13.14,12.77,12.87,3309740,12.89
2014/12/17,12.89,12.90,12.31,12.59,3589204,12.53
2014/12/18,12.56,12.82,12.40,12.43,2463189,12.63
2014/12/19,12.47,12.56,12.29,12.37,2344068,12.40
2014/12/22,12.12,12.12,11.13,11.13,5385732,11.46
2014/12/23,11.00,11.32,10.82,10.88,2240348,11.09
2014/12/24,11.10,11.50,11.00,11.50,2536124,11.24
2014/12/25,11.54,11.75,11.42,11.52,1491227,11.53
2014/12/26,11.52,11.53,11.30,11.36,1744009,11.37
2014/12/29,11.32,11.36,11.07,11.22,1569853,11.18
2014/12/30,11.21,11.43,10.98,11.11,2007141,11.23
2014/12/31,11.12,11.26,10.84,11.07,2168453,10.98
2015/01/05,11.05,11.34,11.00,11.26,1992763,11.20
2015/01/06,11.20,11.57,11.11,11.55,1856845,11.37
2015/01/07,11.55,11.56,11.36,11.42,1355965,11.42
2015/01/08,11.42,11.43,11.28,11.42,1503135,11.34
2015/01/09,11.35,11.49,11.11,11.11,1709820,11.34
2015/01/12,11.05,11.20,10.95,10.99,1430402,11.02
2015/01/13,11.00,11.20,10.97,11.14,1148692,11.09
2015/01/14,11.20,11.40,11.00,11.14,1273718,11.20
2015/01/15,11.20,11.32,11.05,11.17,801936,11.21
2015/01/16,11.30,11.32,11.17,11.32,1376815,11.26
2015/01/19,11.28,11.70,11.01,11.17,2452829,11.35
2015/01/20,11.15,11.48,11.15,11.48,2014239,11.37
2015/01/21,11.52,11.78,11.46,11.71,2908751,11.64
2015/01/22,11.83,11.83,11.62,11.74,2094194,11.72
2015/01/23,11.79,11.92,11.60,11.72,2191521,11.75
2015/01/26,11.72,11.90,11.65,11.84,2755522,11.77
2015/01/27,11.85,12.12,11.78,12.00,2919118,11.91
2015/01/28,11.95,12.04,11.78,11.89,1649741,11.88
2015/01/29,11.83,11.89,11.68,11.69,1416412,11.76
2015/01/30,11.70,11.84,11.52,11.71,1474810,11.68
2015/02/02,11.59,12.49,11.43,12.33,4546065,12.03
2015/02/03,12.35,12.43,12.18,12.28,3211977,12.32
2015/02/04,12.30,12.75,12.22,12.68,5416839,12.54
2015/02/05,12.73,12.73,12.39,12.50,2288022,12.55
2015/02/06,12.50,12.50,12.05,12.11,1578671,12.23
2015/02/09,12.50,12.50,12.05,12.11,0,12.28
2015/02/10,12.50,12.50,12.05,12.11,0,12.28
2015/02/11,12.50,12.50,12.05,12.11,0,12.28
2015/02/12,12.50,12.50,12.05,12.11,0,12.28
2015/02/13,12.50,12.50,12.05,12.11,0,12.28
2015/02/16,12.50,12.50,12.05,12.11,0,12.28
2015/02/17,12.50,12.50,12.05,12.11,0,12.28
2015/02/25,12.50,12.50,12.05,12.11,0,12.28
2015/02/26,12.50,12.50,12.05,12.11,0,12.28
2015/02/27,12.50,12.50,12.05,12.11,0,12.28
2015/03/02,12.50,12.50,12.05,12.11,0,12.28
2015/03/03,12.50,12.50,12.05,12.11,0,12.28
2015/03/04,12.50,12.50,12.05,12.11,0,12.28
2015/03/05,12.50,12.50,12.05,12.11,0,12.28
2015/03/06,12.50,12.50,12.05,12.11,0,12.28
2015/03/09,12.50,12.50,12.05,12.11,0,12.28
2015/03/10,12.50,12.50,12.05,12.11,0,12.28
2015/03/11,12.50,12.50,12.05,12.11,0,12.28
2015/03/12,12.50,12.50,12.05,12.11,0,12.28
2015/03/13,12.50,12.50,12.05,12.11,0,12.28
2015/03/16,12.50,12.50,12.05,12.11,0,12.28
2015/03/17,12.50,12.50,12.05,12.11,0,12.28
2015/03/18,12.50,12.50,12.05,12.11,0,12.28
2015/03/19,12.50,12.50,12.05,12.11,0,12.28
2015/03/20,12.50,12.50,12.05,12.11,0,12.28
2015/03/23,12.50,12.50,12.05,12.11,0,12.28
2015/03/24,12.50,12.50,12.05,12.11,0,12.28
2015/03/25,12.50,12.50,12.05,12.11,0,12.28
2015/03/26,12.50,12.50,12.05,12.11,0,12.28
2015/03/27,12.50,12.50,12.05,12.11,0,12.28
2015/03/30,12.50,12.50,12.05,12.11,0,12.28
2015/03/31,12.50,12.50,12.05,12.11,0,12.28
2015/04/01,12.50,12.50,12.05,12.11,0,12.28
2015/04/02,12.50,12.50,12.05,12.11,0,12.28
2015/04/03,12.50,12.50,12.05,12.11,0,12.28
2015/04/07,12.50,12.50,12.05,12.11,0,12.28
2015/04/08,12.50,12.50,12.05,12.11,0,12.28
2015/04/09,12.50,12.50,12.05,12.11,0,12.28
2015/04/10,12.50,12.50,12.05,12.11,0,12.28
2015/04/13,12.50,12.50,12.05,12.11,0,12.28
2015/04/14,12.50,12.50,12.05,12.11,0,12.28
2015/04/15,12.50,12.50,12.05,12.11,0,12.28
2015/04/16,12.50,12.50,12.05,12.11,0,12.28
2015/04/17,12.50,12.50,12.05,12.11,0,12.28
2015/04/20,12.50,12.50,12.05,12.11,0,12.28
2015/04/21,12.50,12.50,12.05,12.11,0,12.28
2015/04/22,12.50,12.50,12.05,12.11,0,12.28
2015/04/23,12.50,12.50,12.05,12.11,0,12.28
2015/04/24,12.50,12.50,12.05,12.11,0,12.28
2015/04/27,12.50,12.50,12.05,12.11,0,12.28
2015/04/28,12.50,12.50,12.05,12.11,0,12.28
2015/04/29,12.50,12.50,12.05,12.11,0,12.28
2015/04/30,12.50,12.50,12.05,12.11,0,12.28
2015/05/04,12.50,12.50,12.05,12.11,0,12.28
2015/05/05,12.50,12.50,12.05,12.11,0,12.28
2015/05/06,12.50,12.50,12.05,12.11,0,12.28
2015/05/07,12.50,12.50,12.05,12.11,0,12.28
2015/05/08,12.50,12.50,12.05,12.11,0,12.28
2015/05/11,12.50,12.50,12.05,12.11,0,12.28
2015/05/12,12.50,12.50,12.05,12.11,0,12.28
2015/05/13,12.50,12.50,12.05,12.11,0,12.28
2015/05/14,12.50,12.50,12.05,12.11,0,12.28
2015/05/15,13.32,13.32,13.32,13.32,32098,13.32
2015/05/18,14.65,14.65,14.65,14.65,23504,14.65
2015/05/19,16.12,16.12,16.12,16.12,93086,16.12
2015/05/20,17.73,17.73,17.73,17.73,67934,17.73
2015/05/21,19.50,19.50,19.50,19.50,69214,19.50
2015/05/22,21.45,21.45,21.45,21.45,112252,21.45
2015/05/25,23.60,23.60,23.60,23.60,773569,23.60
2015/05/26,25.96,25.96,25.96,25.96,5070651,25.96
2015/05/27,28.00,28.56,27.20,28.56,13428261,28.23
2015/05/28,30.00,31.42,29.56,31.41,26408417,31.11
2015/05/29,28.70,30.90,28.27,29.20,27386147,29.06
2015/06/01,28.48,32.12,27.30,32.12,26724179,29.04
2015/06/02,31.00,33.59,30.50,32.25,25559860,32.09
2015/06/03,31.41,32.20,29.20,30.03,15627029,30.56
2015/06/04,29.90,30.72,27.10,29.00,10911394,29.07
2015/06/05,29.60,31.64,28.98,30.99,14727509,30.12
2015/06/08,30.37,30.80,28.50,28.76,10438877,29.35
2015/06/09,27.65,29.26,27.40,29.02,6039662,28.65
2015/06/10,28.28,30.20,28.20,29.37,8095947,29.55
2015/06/11,28.80,30.09,28.68,29.69,8022750,29.51
2015/06/12,29.80,31.50,29.39,30.65,13664375,30.56
2015/06/15,31.15,31.34,28.41,28.70,9035495,29.51
2015/06/16,27.71,28.21,25.83,25.86,7795091,26.99
2015/06/17,26.50,26.98,24.66,26.64,5842629,25.72
2015/06/18,26.63,27.30,25.30,25.70,4505488,26.48
2015/06/19,25.00,26.47,23.90,23.90,4544073,24.97
2015/06/23,24.00,24.49,21.51,23.09,5125575,23.11
2015/06/24,23.34,24.21,22.93,24.05,5610365,23.58
2015/06/25,24.08,24.08,21.65,21.78,5468059,23.08
2015/06/26,20.65,20.99,19.60,19.60,4928345,20.21
2015/06/29,20.00,20.35,17.64,17.64,9618024,18.25
2015/06/30,17.30,18.70,15.88,18.42,10733605,17.01
2015/07/01,18.40,19.18,16.96,17.04,8149050,18.39
2015/07/02,17.00,17.39,15.34,15.34,8395320,16.07
2015/07/03,14.59,15.64,13.81,14.01,10734438,14.40
2015/07/06,15.38,15.38,12.61,13.95,12155338,13.85
2015/07/07,13.20,13.60,12.56,12.75,3857197,12.92
2015/07/08,13.20,13.60,12.56,12.75,0,13.08
2015/07/09,13.20,13.60,12.56,12.75,0,13.08
2015/07/10,13.20,13.60,12.56,12.75,0,13.08
2015/07/13,13.20,13.60,12.56,12.75,0,13.08
2015/07/14,14.03,14.03,14.03,14.03,260373,14.03
2015/07/15,15.43,15.43,14.68,14.99,21870501,15.29
2015/07/16,14.40,15.90,13.65,15.45,15494861,15.00
2015/07/17,15.70,17.00,15.45,16.65,13259350,16.31
2015/07/20,16.40,17.58,16.28,17.14,14443416,16.99
2015/07/21,16.66,18.49,16.10,18.24,13434275,17.56
2015/07/22,17.80,18.48,17.09,17.77,9717947,17.77
2015/07/23,18.00,18.75,17.50,18.43,9680735,18.11
2015/07/24,18.43,18.95,17.79,18.00,10080292,18.41
2015/07/27,17.40,17.90,16.20,16.20,8120327,17.17
2015/07/28,14.88,16.85,14.58,16.21,10315116,15.45
2015/07/29,16.09,17.83,15.88,17.75,8666193,16.54
2015/07/30,17.80,18.10,16.58,16.94,6936293,17.68
2015/07/31,16.10,16.99,15.33,15.89,4892333,16.32
2015/08/03,15.48,15.70,14.30,14.30,4307666,14.74
2015/08/04,14.49,15.70,14.20,15.65,8589619,15.02
2015/08/05,15.58,15.79,14.90,15.06,7872536,15.38
2015/08/06,14.59,15.21,14.25,14.90,5009215,14.80
2015/08/07,15.10,15.54,15.05,15.52,6906367,15.34
2015/08/10,15.85,17.07,15.61,17.07,11693962,16.41
2015/08/11,17.43,17.85,17.06,17.21,11675125,17.42
2015/08/12,16.88,17.25,16.67,16.70,6774690,16.91
2015/08/13,16.70,17.98,16.42,17.96,8749472,17.29
2015/08/14,17.93,18.11,17.51,17.70,8741163,17.86
2015/08/17,17.68,18.15,17.10,18.09,7082443,17.65
2015/08/18,18.18,18.36,16.28,16.28,7077648,17.25
2015/08/19,15.28,16.44,14.70,16.28,7955752,15.49
2015/08/20,15.88,16.15,15.40,15.43,5080030,15.82
2015/08/21,15.01,15.30,14.00,14.08,5782741,14.60
2015/08/24,13.30,13.57,12.67,12.67,4132637,12.86
2015/08/25,11.40,11.93,11.40,11.40,5345271,11.45
2015/08/26,11.57,11.87,10.31,10.61,7546742,11.24
2015/08/27,11.00,11.29,10.31,11.25,5741054,10.96
2015/08/28,11.56,12.14,11.30,12.11,6641210,11.72
2015/08/31,12.10,12.10,11.32,11.35,4679751,11.67
2015/09/01,11.15,12.49,11.10,11.96,13913611,12.10
2015/09/02,10.76,11.97,10.76,10.76,12371135,11.04
2015/09/07,11.11,11.53,10.81,10.99,7254322,11.21
2015/09/08,10.95,12.09,10.82,11.92,6795679,11.38
2015/09/09,11.88,12.72,11.80,12.55,12166491,12.35
2015/09/10,12.25,12.43,11.90,12.05,7594597,12.13
2015/09/11,12.06,12.26,11.95,12.19,4900573,12.11
2015/09/14,12.30,12.39,10.97,10.97,5648138,11.53
2015/09/15,10.45,10.65,9.87,9.87,6831502,10.19
2015/09/16,9.92,10.86,9.86,10.86,6695676,10.31
2015/09/17,10.79,11.30,10.52,10.56,7241355,10.87
2015/09/18,10.66,10.99,10.38,10.79,3844651,10.66
2015/09/21,10.50,11.36,10.35,11.25,4748987,11.03
2015/09/22,11.40,11.80,11.30,11.57,6248611,11.53
2015/09/23,11.40,11.59,11.13,11.36,3811603,11.36
2015/09/24,11.40,11.85,11.40,11.73,4664877,11.66
2015/09/25,11.80,11.81,10.89,11.01,4828700,11.30
2015/09/28,11.10,11.37,10.80,11.30,2692964,11.13
2015/09/29,11.25,12.31,11.15,12.15,9215723,11.72
2015/09/30,12.00,12.15,11.70,11.90,5119098,11.92
2015/10/08,12.30,12.48,12.12,12.20,6809582,12.28
2015/10/09,12.20,12.64,12.12,12.60,5859956,12.40
2015/10/12,12.63,13.32,12.62,13.29,6759982,13.00
2015/10/13,13.26,13.29,12.89,13.17,4383177,13.12
2015/10/14,13.08,13.29,12.91,13.12,5233164,13.10
2015/10/15,13.08,13.29,12.91,13.12,0,13.10
2015/10/16,13.08,13.29,12.91,13.12,0,13.10
2015/10/19,13.08,13.29,12.91,13.12,0,13.10
2015/10/20,13.08,13.29,12.91,13.12,0,13.10
2015/10/21,13.08,13.29,12.91,13.12,0,13.10
2015/10/22,13.08,13.29,12.91,13.12,0,13.10
2015/10/23,14.43,14.43,14.43,14.43,276722,14.43
2015/10/26,14.83,15.77,14.65,15.10,16920554,15.19
2015/10/27,14.79,14.79,13.85,14.55,9741355,14.34
2015/10/28,14.47,14.89,13.90,13.95,7398746,14.40
2015/10/29,14.08,14.27,13.76,14.19,5282489,14.00
2015/10/30,14.20,14.30,13.82,14.11,4665582,14.12
2015/11/02,13.59,14.07,13.45,13.46,4633961,13.75
2015/11/03,13.56,13.99,13.56,13.68,4377163,13.75
2015/11/04,13.73,14.87,13.73,14.63,7797703,14.37
2015/11/05,14.81,14.90,14.22,14.42,7104834,14.58
2015/11/06,14.47,15.08,14.43,14.88,6553385,14.81
2015/11/09,14.79,15.36,14.48,15.30,8313838,14.94
2015/11/10,15.12,16.62,14.98,16.20,9896857,15.56
2015/11/11,16.19,17.82,16.01,17.82,12857430,17.23
2015/11/12,18.44,19.60,18.17,19.10,19048181,19.15
2015/11/13,19.10,19.80,18.19,18.79,12763176,19.04
2015/11/16,18.40,19.66,18.12,19.57,8675686,19.08
2015/11/17,19.70,19.85,18.40,18.45,9974627,18.93
2015/11/18,18.60,18.69,17.28,17.39,7776849,17.85
2015/11/19,17.45,18.20,17.20,18.00,4812856,17.77
2015/11/20,17.98,18.29,17.49,18.10,4509864,17.94
2015/11/23,18.28,18.67,17.80,18.05,6131796,18.20
2015/11/24,18.08,18.18,17.60,18.18,3173737,17.94
2015/11/25,18.18,19.00,18.00,18.75,5546378,18.62
2015/11/26,18.75,20.40,18.75,20.17,9999476,19.54
2015/11/27,19.76,19.95,18.15,18.15,8520856,19.12
2015/11/30,18.03,18.22,16.34,17.56,8397753,17.27
2015/12/01,17.49,18.17,17.00,17.36,4277611,17.47
2015/12/02,17.38,17.75,16.00,16.90,3420820,16.90
2015/12/03,17.07,17.96,16.91,17.95,3276676,17.45
2015/12/04,18.19,18.19,17.25,17.60,4154239,17.64
2015/12/07,17.60,18.09,17.02,17.80,4879767,17.61
2015/12/08,17.80,17.80,17.22,17.51,3304966,17.52
2015/12/09,17.58,17.77,16.82,17.08,3388576,17.36
2015/12/10,17.00,17.23,16.56,16.58,2837773,16.90
2015/12/11,16.58,16.78,15.88,15.95,3389317,16.08
2015/12/14,15.70,16.45,15.58,16.42,2162299,16.12
2015/12/15,16.50,17.16,16.50,16.79,2520447,16.86
2015/12/16,17.12,18.32,17.12,17.69,7514880,17.88
2015/12/17,17.88,18.58,17.55,18.37,7879993,18.16
2015/12/18,18.20,18.96,18.00,18.78,6683177,18.55
2015/12/21,18.50,18.73,18.27,18.46,4760653,18.45
2015/12/22,18.45,18.70,17.78,18.09,6866559,18.04
2015/12/23,18.05,18.09,17.20,17.24,6606137,17.58
2015/12/24,17.35,17.60,16.77,17.13,5324117,17.10
2015/12/25,17.02,18.18,17.01,18.05,7413589,17.68
2015/12/28,18.35,19.58,18.35,18.46,11863150,18.95
2015/12/29,18.42,20.20,18.40,20.06,12252080,19.23
2015/12/30,20.20,20.65,19.65,20.00,10219681,20.19
2015/12/31,20.17,20.40,19.32,19.49,9179309,19.66
2016/01/04,19.30,19.98,18.20,18.34,6952997,19.39
2016/01/05,16.85,19.30,16.67,19.07,8251513,18.16
2016/01/06,18.97,19.44,18.27,19.44,5951528,18.89
2016/01/07,19.00,19.00,17.50,17.50,1551247,18.24
2016/01/08,18.00,18.08,16.00,16.30,8240928,16.80
2016/01/11,15.90,15.90,14.67,14.67,6362217,14.99
2016/01/12,14.30,14.70,13.25,13.71,5440910,13.85
2016/01/13,13.75,14.08,12.60,12.65,3139150,13.59
2016/01/14,12.50,13.44,12.05,13.10,5155470,12.85
2016/01/15,13.26,13.30,11.79,12.37,5273535,12.70
2016/01/18,11.90,13.00,11.85,12.73,3207819,12.51
2016/01/19,12.61,13.47,12.38,13.42,3998403,13.19
2016/01/20,13.23,13.90,12.90,13.65,5968320,13.47
2016/01/21,13.40,13.69,12.85,12.86,3135644,13.32
2016/01/22,13.20,13.50,12.75,13.39,3627889,13.18
2016/01/25,13.55,14.44,13.46,13.91,5634704,14.02
2016/01/26,13.74,14.39,12.68,12.93,5693845,13.70
2016/01/27,13.40,13.40,12.33,13.15,3883024,12.90
2016/01/28,13.00,13.31,12.82,12.99,3453967,13.14
2016/01/29,12.97,14.08,12.90,13.89,3636640,13.60
2016/02/01,13.70,13.99,13.01,13.21,2582697,13.50
2016/02/02,13.49,13.83,13.17,13.69,1915283,13.62
2016/02/03,13.55,14.20,13.21,14.14,2590199,13.62
2016/02/04,14.00,14.65,14.00,14.49,3070653,14.43
2016/02/05,14.60,14.60,14.06,14.10,2701917,14.26
2016/02/15,13.60,14.16,13.38,13.83,1771748,13.83
2016/02/16,13.95,14.50,13.95,14.33,3325205,14.32
2016/02/17,14.35,15.76,14.35,15.76,4819499,15.25
2016/02/18,15.70,16.70,15.63,15.77,4594479,15.99
2016/02/19,15.68,16.36,15.51,15.80,4550665,15.92
2016/02/22,15.92,16.19,15.52,16.05,3595511,15.85
2016/02/23,15.90,16.76,15.75,16.69,4155791,16.13
2016/02/24,16.36,16.72,15.90,16.28,3416912,16.30
2016/02/25,16.25,16.43,14.65,14.65,2943830,15.37
2016/02/26,15.37,15.37,14.05,14.08,2919855,14.35
2016/02/29,13.90,14.00,12.67,12.69,3139395,13.05
2016/03/01,12.71,12.99,12.00,12.91,4131943,12.63
2016/03/02,12.90,13.63,12.75,13.46,3841362,13.20
2016/03/03,13.52,13.94,13.32,13.60,3366535,13.69
2016/03/04,13.57,13.75,12.51,12.84,2959302,13.20
2016/03/07,12.93,13.49,12.93,13.18,2251897,13.28
2016/03/08,13.15,13.90,12.44,13.80,2019270,13.25
2016/03/09,13.66,15.17,13.32,14.17,3584615,14.19
2016/03/10,13.91,14.17,13.35,13.38,2523192,13.62
2016/03/11,13.03,13.38,12.99,13.03,1498277,13.13
2016/03/14,13.28,13.74,13.20,13.55,1999556,13.58
2016/03/15,13.51,13.85,13.45,13.75,1749064,13.66
2016/03/16,14.21,14.52,13.53,13.62,2009575,13.98
2016/03/17,13.62,14.30,13.52,14.16,2417595,14.02
2016/03/18,14.17,14.88,14.10,14.62,2783828,14.55
2016/03/21,14.99,15.60,14.65,15.31,5259446,15.17
2016/03/22,15.01,15.28,14.80,14.95,4153208,15.03
2016/03/23,14.83,15.05,14.20,14.71,6875617,14.54
2016/03/24,14.56,14.71,14.22,14.36,3793754,14.43
2016/03/25,14.45,14.62,14.25,14.60,3416781,14.45
2016/03/28,14.58,14.90,14.33,14.35,2958897,14.62
2016/03/29,14.20,14.35,13.52,13.63,3701391,13.87
2016/03/30,13.75,14.12,13.70,14.12,2431302,13.91
2016/03/31,14.20,14.32,13.98,14.10,3085945,14.10
2016/04/01,14.00,14.24,13.88,14.19,2832787,14.05
2016/04/05,14.20,14.75,14.17,14.74,4248157,14.57
2016/04/06,14.68,14.92,14.46,14.83,3510986,14.72
2016/04/07,14.83,15.03,14.40,14.40,3005139,14.64
2016/04/08,14.30,14.49,14.14,14.49,2580996,14.25
2016/04/11,14.65,14.99,14.57,14.80,2811201,14.81
2016/04/12,14.74,14.88,14.43,14.58,2489888,14.60
2016/04/13,14.66,15.08,14.60,14.90,4213223,14.96
2016/04/14,14.99,15.70,14.85,15.43,3648171,15.14
2016/04/15,15.31,16.80,15.18,16.46,11302738,16.03
2016/04/18,16.30,16.30,15.75,15.82,5133660,15.90
2016/04/19,15.75,16.30,15.09,16.30,6040296,15.57
2016/04/20,15.90,16.20,15.00,15.36,5750795,15.65
2016/04/21,15.10,15.82,14.85,15.04,3938261,15.39
2016/04/22,14.70,15.50,14.70,15.39,2660794,15.25
2016/04/25,15.40,15.40,14.70,14.88,4517777,14.99
2016/04/26,15.40,15.40,14.70,14.88,0,15.05
2016/04/27,14.78,15.03,14.14,14.14,10799352,14.33
2016/04/28,13.99,14.45,13.93,14.24,5122501,14.24
2016/04/29,14.21,14.28,14.07,14.17,2088068,14.19
2016/05/03,14.11,14.61,14.11,14.54,3041191,14.41
2016/05/04,14.52,14.63,14.46,14.56,2655695,14.57
2016/05/05,14.56,14.60,14.38,14.48,2085499,14.47
2016/05/06,14.49,14.54,13.92,13.92,3361309,14.18
2016/05/09,13.77,13.78,13.22,13.31,2451756,13.47
2016/05/10,13.30,13.50,13.22,13.45,1098249,13.39
2016/05/11,13.50,13.66,13.35,13.35,1143633,13.52
2016/05/12,13.20,13.24,12.91,12.99,3140555,13.00
2016/05/13,12.99,13.20,12.80,12.85,1889500,13.00
2016/05/16,12.85,13.40,12.65,13.21,2485107,12.87
2016/05/17,13.15,13.36,13.07,13.19,2021953,13.22
2016/05/18,13.00,13.06,12.58,12.70,2190820,12.84
2016/05/19,12.70,12.94,12.70,12.88,1120587,12.86
2016/05/20,12.81,12.89,12.51,12.89,1588443,12.68
2016/05/23,12.85,13.14,12.81,13.08,1756340,13.02
2016/05/24,13.08,13.17,12.92,13.12,1114417,13.03
2016/05/25,13.19,13.33,12.89,12.91,2207646,13.07
2016/05/26,12.90,12.97,12.36,12.71,3757881,12.63
2016/05/27,12.64,12.87,12.58,12.79,1872706,12.75
2016/05/30,12.79,12.93,12.70,12.82,1654007,12.82
2016/05/31,12.86,13.32,12.82,13.31,2942543,13.11
2016/06/01,13.28,13.52,13.20,13.37,2491008,13.39
2016/06/02,13.32,13.48,13.28,13.44,1902183,13.39
2016/06/03,13.47,13.88,13.42,13.73,2284541,13.63
2016/06/06,13.59,14.08,13.59,13.79,2098960,13.88
2016/06/07,13.75,13.88,13.58,13.70,2099925,13.67
2016/06/08,13.60,13.81,13.60,13.76,1405971,13.70
2016/06/13,13.70,13.70,13.07,13.07,2603400,13.43
2016/06/14,12.99,13.16,12.95,13.14,1282194,13.07
2016/06/15,13.01,13.55,12.96,13.48,1865400,13.33
2016/06/16,13.45,13.85,13.33,13.78,2616254,13.66
2016/06/17,13.79,14.20,13.65,13.98,2598050,14.02
2016/06/20,13.85,14.00,13.79,13.88,1268690,13.85
2016/06/21,13.99,14.20,13.81,13.86,1720920,14.01
2016/06/22,13.86,14.26,13.80,14.25,1868488,14.08
2016/06/23,14.15,14.30,14.05,14.25,1663699,14.15
2016/06/24,14.15,14.38,13.86,14.28,2299956,14.15
2016/06/27,14.20,14.58,14.15,14.49,1243390,14.45
2016/06/28,14.40,14.76,14.40,14.66,2010859,14.52
2016/06/29,14.58,15.02,14.58,14.98,2769300,14.83
2016/06/30,15.00,15.02,14.80,15.00,1937865,14.91
2016/07/01,14.98,14.98,14.75,14.82,1609093,14.83
2016/07/04,14.78,15.07,14.68,14.87,2972910,14.89
2016/07/05,14.98,14.98,14.82,14.92,1621096,14.89
2016/07/06,14.97,15.24,14.83,15.10,2130678,15.08
2016/07/07,15.10,15.20,14.77,14.87,2349848,14.92
2016/07/08,14.80,14.82,14.63,14.81,1706837,14.73
2016/07/11,14.79,14.88,14.71,14.79,1528574,14.81
2016/07/12,14.83,14.83,14.29,14.66,2945878,14.52
2016/07/13,14.66,14.93,14.47,14.87,1729481,14.76
2016/07/14,14.88,15.15,14.85,15.07,1286439,15.03
2016/07/15,15.14,15.19,14.85,14.91,947600,14.92
2016/07/18,14.96,14.96,14.76,14.83,1139435,14.83
2016/07/19,14.83,14.99,14.75,14.96,1225016,14.85
2016/07/20,14.90,14.99,14.81,14.86,752900,14.88
2016/07/21,14.81,14.91,14.71,14.79,918900,14.84
2016/07/22,14.71,14.76,14.49,14.52,1398704,14.62
2016/07/25,14.63,14.74,14.50,14.62,1003611,14.59
2016/07/26,14.60,14.95,14.60,14.90,1156600,14.75
2016/07/27,14.94,14.96,14.16,14.18,3312100,14.40
2016/07/28,14.25,14.32,14.00,14.28,1105400,14.17
2016/07/29,14.33,14.42,14.15,14.21,842771,14.25
2016/08/01,14.33,14.42,14.15,14.21,0,14.29
2016/08/02,14.33,14.42,14.15,14.21,0,14.29
2016/08/03,14.33,14.42,14.15,14.21,0,14.29
2016/08/04,14.33,14.42,14.15,14.21,0,14.29
2016/08/05,14.33,14.42,14.15,14.21,0,14.29
2016/08/08,14.33,14.42,14.15,14.21,0,14.29
2016/08/09,14.33,14.42,14.15,14.21,0,14.29
