Date, SZ002614.Open, SZ002614.High, SZ002614.Low, SZ002614.Close, SZ002614.Volume, SZ002614.Adjusted
2011/09/09,10.43,10.66,9.81,9.83,10842168,10.24
2011/09/13,9.90,10.09,9.17,9.39,4986800,9.63
2011/09/14,9.32,9.52,9.23,9.48,3142902,9.38
2011/09/15,9.41,9.64,9.28,9.40,3154980,9.46
2011/09/16,9.43,9.43,9.18,9.19,2488363,9.30
2011/09/19,9.09,9.09,8.67,8.67,2078362,8.88
2011/09/20,8.56,8.83,8.56,8.74,1149442,8.70
2011/09/21,8.76,9.07,8.72,9.00,1907983,8.90
2011/09/22,8.99,9.11,8.66,8.67,1662034,8.88
2011/09/23,8.48,8.63,8.41,8.61,1275717,8.52
2011/09/26,8.51,8.71,8.51,8.54,957850,8.61
2011/09/27,8.62,8.65,8.45,8.51,621896,8.55
2011/09/28,8.61,8.62,8.29,8.29,854468,8.45
2011/09/29,8.29,8.32,7.88,7.90,894938,8.10
2011/09/30,7.91,7.97,7.77,7.78,541147,7.87
2011/10/10,7.86,7.90,7.70,7.70,435306,7.80
2011/10/11,7.88,7.94,7.66,7.72,610464,7.80
2011/10/12,7.65,7.96,7.63,7.92,912556,7.79
2011/10/13,7.65,7.96,7.63,7.92,0,7.79
2011/10/14,7.97,8.30,7.96,8.12,1636963,8.13
2011/10/17,8.12,8.50,7.99,8.37,2507196,8.25
2011/10/18,8.28,8.37,8.06,8.08,1252578,8.21
2011/10/19,8.10,8.15,7.93,7.95,678206,8.04
2011/10/20,7.90,7.97,7.66,7.70,633934,7.81
2011/10/21,7.73,7.79,7.58,7.61,438719,7.69
2011/10/24,7.61,7.68,7.31,7.63,750364,7.49
2011/10/25,7.57,7.95,7.57,7.92,803775,7.76
2011/10/26,7.90,8.06,7.81,7.87,1038661,7.94
2011/10/27,7.85,8.02,7.83,7.97,1021598,7.92
2011/10/28,8.04,8.14,7.93,8.14,1180581,8.04
2011/10/31,8.10,8.20,8.02,8.09,886662,8.11
2011/11/01,8.03,8.16,7.91,8.14,1230496,8.04
2011/11/02,7.99,8.50,7.94,8.45,2183109,8.22
2011/11/03,8.36,8.57,8.32,8.34,1884723,8.45
2011/11/04,8.37,8.44,8.25,8.34,998872,8.34
2011/11/07,8.32,8.40,8.27,8.33,569314,8.33
2011/11/08,8.26,8.38,8.06,8.07,1034869,8.22
2011/11/09,8.11,8.25,8.01,8.23,768624,8.13
2011/11/10,8.10,8.32,8.10,8.15,777113,8.21
2011/11/11,8.18,8.80,8.18,8.56,3056164,8.49
2011/11/14,8.63,8.70,8.50,8.66,1956129,8.60
2011/11/15,8.62,8.83,8.55,8.77,1681959,8.69
2011/11/16,8.73,8.77,8.47,8.48,1323623,8.62
2011/11/17,8.47,8.83,8.47,8.74,1906836,8.65
2011/11/18,8.70,8.86,8.59,8.63,1489122,8.72
2011/11/21,8.52,8.69,8.32,8.39,1126312,8.50
2011/11/22,8.36,8.50,8.32,8.44,909313,8.41
2011/11/23,8.43,8.74,8.39,8.59,1625858,8.57
2011/11/24,8.48,8.60,8.32,8.52,1055604,8.46
2011/11/25,8.50,8.75,8.50,8.56,1034226,8.63
2011/11/28,8.55,8.78,8.55,8.77,1444203,8.67
2011/11/29,8.83,8.86,8.69,8.76,1213445,8.77
2011/11/30,8.77,8.79,7.90,8.05,1545733,8.34
2011/12/01,8.32,8.39,8.13,8.18,1615567,8.26
2011/12/02,8.22,8.22,7.77,7.79,1232203,8.00
2011/12/05,7.79,7.84,7.44,7.46,675043,7.64
2011/12/06,7.46,7.61,7.46,7.53,432784,7.54
2011/12/07,7.59,7.65,7.54,7.58,451348,7.60
2011/12/08,7.47,7.70,7.42,7.62,611732,7.56
2011/12/09,7.54,7.61,6.82,6.99,5710664,7.22
2011/12/12,6.86,6.96,6.77,6.83,1730235,6.86
2011/12/13,6.84,6.86,6.59,6.63,1404793,6.73
2011/12/14,6.61,6.61,6.42,6.45,893601,6.52
2011/12/15,6.43,6.52,6.32,6.32,1145681,6.42
2011/12/16,6.32,6.54,6.32,6.52,1083701,6.43
2011/12/19,6.52,6.52,6.32,6.51,892993,6.42
2011/12/20,6.45,6.60,6.41,6.41,889801,6.50
2011/12/21,6.47,6.54,6.23,6.23,989500,6.39
2011/12/22,6.10,6.10,5.68,5.92,1628975,5.89
2011/12/23,5.88,6.01,5.81,5.91,922801,5.91
2011/12/26,5.90,5.98,5.83,5.86,505809,5.91
2011/12/27,5.86,5.86,5.61,5.61,858105,5.74
2011/12/28,5.56,5.56,5.32,5.49,896406,5.44
2011/12/29,5.46,5.54,5.40,5.49,541025,5.47
2011/12/30,5.54,5.67,5.50,5.60,570716,5.58
2012/01/04,5.72,5.77,5.57,5.58,951781,5.67
2012/01/05,5.58,5.58,5.32,5.35,543865,5.45
2012/01/06,5.32,5.48,5.22,5.46,678164,5.35
2012/01/09,5.46,5.79,5.39,5.78,1383594,5.59
2012/01/10,5.73,6.01,5.69,5.97,1576512,5.85
2012/01/11,5.95,6.14,5.90,5.97,1157897,6.02
2012/01/12,5.92,6.06,5.86,5.88,969211,5.96
2012/01/13,5.91,6.01,5.58,5.64,1389312,5.79
2012/01/16,5.52,5.60,5.39,5.39,583082,5.49
2012/01/17,5.39,5.82,5.36,5.80,823373,5.59
2012/01/18,5.83,5.87,5.44,5.56,888622,5.66
2012/01/19,5.61,5.91,5.50,5.90,1280917,5.71
2012/01/20,5.88,5.94,5.80,5.90,1108834,5.87
2012/01/30,5.94,6.19,5.88,6.02,1193613,6.04
2012/01/31,5.84,5.85,5.46,5.58,1869868,5.65
2012/02/01,5.57,5.66,5.51,5.63,1034666,5.58
2012/02/02,5.61,5.68,5.52,5.68,754948,5.60
2012/02/03,5.67,5.92,5.62,5.90,1231970,5.77
2012/02/06,5.86,5.96,5.84,5.92,1007980,5.90
2012/02/07,5.90,5.90,5.68,5.72,972677,5.79
2012/02/08,5.71,5.92,5.69,5.91,990067,5.81
2012/02/09,5.93,6.12,5.89,5.99,1553940,6.00
2012/02/10,5.99,6.19,5.96,6.18,1971785,6.08
2012/02/13,6.18,6.45,6.12,6.35,2064512,6.29
2012/02/14,6.43,6.43,6.24,6.37,1266773,6.33
2012/02/15,6.35,6.41,6.31,6.41,1058039,6.36
2012/02/16,6.40,6.50,6.26,6.33,1031477,6.38
2012/02/17,6.34,6.43,6.20,6.33,810321,6.31
2012/02/20,6.41,6.43,6.29,6.34,1051569,6.36
2012/02/21,6.35,6.65,6.26,6.63,1819621,6.46
2012/02/22,6.58,6.81,6.56,6.79,2106648,6.68
2012/02/23,6.83,6.88,6.66,6.84,1903260,6.77
2012/02/24,6.84,7.06,6.78,6.96,2019046,6.92
2012/02/27,7.05,7.69,7.05,7.58,3892959,7.37
2012/02/28,7.54,7.54,7.17,7.30,3504398,7.35
2012/02/29,7.18,7.18,6.84,6.84,3497994,7.01
2012/03/01,6.83,6.99,6.78,6.84,1340254,6.89
2012/03/02,6.81,6.94,6.80,6.93,1541221,6.87
2012/03/05,6.94,7.14,6.89,7.06,2102053,7.01
2012/03/06,7.04,7.04,6.83,6.87,1181045,6.94
2012/03/07,6.77,6.92,6.72,6.79,1014729,6.82
2012/03/08,6.81,6.93,6.81,6.87,864404,6.87
2012/03/09,6.90,7.00,6.88,6.99,1078816,6.94
2012/03/12,7.00,7.15,6.99,7.08,1322922,7.07
2012/03/13,7.04,7.23,6.99,7.23,1500970,7.11
2012/03/14,7.26,7.28,6.81,6.83,2409028,7.04
2012/03/15,6.79,6.91,6.66,6.73,1266591,6.79
2012/03/16,6.69,6.87,6.68,6.87,803548,6.77
2012/03/19,6.83,7.10,6.83,7.07,1055942,6.96
2012/03/20,6.83,7.10,6.83,7.07,0,6.96
2012/03/21,6.97,6.97,6.77,6.93,975359,6.87
2012/03/22,7.14,7.58,7.12,7.50,3827638,7.35
2012/03/23,7.41,7.67,7.34,7.47,2647335,7.50
2012/03/26,7.43,7.46,7.26,7.34,1091078,7.36
2012/03/27,7.38,7.66,6.99,7.05,1887037,7.33
2012/03/28,7.02,7.02,6.66,6.66,1364329,6.84
2012/03/29,6.63,6.63,6.01,6.03,2042027,6.32
2012/03/30,6.02,6.12,5.52,5.63,3230187,5.82
2012/04/05,5.61,5.85,5.52,5.84,1751965,5.68
2012/04/06,5.78,6.08,5.68,6.08,3176642,5.88
2012/04/09,6.06,6.72,5.91,6.40,6018096,6.31
2012/04/10,6.36,6.58,6.18,6.40,4030302,6.38
2012/04/11,6.36,6.57,6.15,6.28,3279047,6.36
2012/04/12,6.21,6.32,6.08,6.22,3122548,6.20
2012/04/13,6.23,6.31,6.19,6.24,1898043,6.25
2012/04/16,5.96,5.96,5.74,5.79,4007332,5.85
2012/04/17,5.79,5.82,5.68,5.73,1566337,5.75
2012/04/18,5.74,5.89,5.74,5.82,1802364,5.81
2012/04/19,5.82,5.86,5.72,5.75,1510549,5.79
2012/04/20,5.74,5.80,5.66,5.77,1580166,5.73
2012/04/23,5.74,5.80,5.66,5.77,0,5.73
2012/04/24,5.32,5.33,5.17,5.20,4029743,5.25
2012/04/25,5.08,5.19,4.82,4.98,3705716,5.01
2012/04/26,4.94,5.07,4.89,4.98,2077494,4.98
2012/04/27,5.01,5.11,4.99,5.07,1360556,5.05
2012/05/02,5.15,5.19,5.04,5.12,2002159,5.12
2012/05/03,5.12,5.14,5.02,5.08,1537898,5.08
2012/05/04,5.18,5.34,5.08,5.31,3146454,5.21
2012/05/07,5.29,5.42,5.23,5.38,2377520,5.33
2012/05/08,5.47,5.61,5.40,5.43,3426593,5.51
2012/05/09,5.30,5.34,5.17,5.17,1704409,5.25
2012/05/10,5.17,5.33,5.12,5.21,1156914,5.23
2012/05/11,5.19,5.32,5.13,5.22,1215506,5.23
2012/05/14,5.28,5.36,5.16,5.19,1007522,5.26
2012/05/15,5.06,5.20,5.03,5.11,885095,5.12
2012/05/16,5.08,5.23,5.07,5.08,712997,5.15
2012/05/17,5.08,5.17,5.08,5.15,604729,5.13
2012/05/18,5.16,5.21,5.09,5.14,781468,5.15
2012/05/21,5.14,5.22,5.13,5.17,826157,5.17
2012/05/22,5.21,5.22,5.15,5.18,729118,5.19
2012/05/23,5.19,5.21,5.06,5.06,1206293,5.13
2012/05/24,5.03,5.18,5.00,5.04,743977,5.09
2012/05/25,5.02,5.11,4.94,4.96,651410,5.03
2012/05/28,4.94,4.98,4.84,4.94,687515,4.91
2012/05/29,4.94,5.06,4.92,5.04,952822,4.99
2012/05/30,5.04,5.11,5.02,5.07,765340,5.06
2012/05/31,5.06,5.25,5.04,5.17,1718383,5.15
2012/06/01,5.14,5.18,5.08,5.08,1058487,5.13
2012/06/04,5.00,5.03,4.86,4.90,1001997,4.95
2012/06/05,4.90,4.98,4.86,4.88,489792,4.92
2012/06/06,4.93,5.07,4.86,5.03,907813,4.97
2012/06/07,5.03,5.06,4.91,4.92,688613,4.98
2012/06/08,4.97,5.12,4.85,5.10,2324621,4.98
2012/06/11,5.08,5.11,5.01,5.07,1999320,5.06
2012/06/12,5.01,5.11,5.01,5.07,1042558,5.06
2012/06/13,5.08,5.11,5.02,5.10,1074830,5.06
2012/06/14,5.07,5.20,5.07,5.10,1690361,5.14
2012/06/15,5.10,5.16,5.02,5.05,1054606,5.09
2012/06/18,5.06,5.14,5.06,5.12,992718,5.10
2012/06/19,5.13,5.20,5.10,5.16,1638931,5.15
2012/06/20,5.19,5.23,5.12,5.12,1157885,5.18
2012/06/21,5.10,5.13,4.97,4.98,1005121,5.05
2012/06/25,4.94,5.02,4.83,4.84,766993,4.92
2012/06/26,4.93,4.93,4.82,4.88,514906,4.88
2012/06/27,4.89,4.92,4.85,4.85,538476,4.88
2012/06/28,4.89,4.89,4.71,4.71,765300,4.80
2012/06/29,4.71,4.76,4.55,4.72,677920,4.65
2012/07/02,4.73,4.77,4.66,4.68,706390,4.71
2012/07/03,4.67,4.72,4.57,4.59,752592,4.65
2012/07/04,4.63,4.63,4.51,4.52,629981,4.57
2012/07/05,4.51,4.51,4.30,4.31,1027702,4.40
2012/07/06,4.32,4.38,4.25,4.37,787133,4.31
2012/07/09,4.34,4.39,4.18,4.21,630289,4.28
2012/07/10,4.19,4.21,4.14,4.15,506750,4.17
2012/07/11,4.14,4.21,4.11,4.19,440623,4.16
2012/07/12,4.19,4.26,4.14,4.23,650934,4.20
2012/07/13,4.21,4.25,4.14,4.14,688544,4.19
2012/07/16,4.14,4.14,3.99,3.99,800750,4.06
2012/07/17,4.04,4.06,3.94,4.02,304894,4.00
2012/07/18,4.11,4.44,4.08,4.18,1828075,4.26
2012/07/19,4.13,4.30,4.11,4.22,1383975,4.21
2012/07/20,4.22,4.27,4.14,4.16,714760,4.20
2012/07/23,4.14,4.14,4.06,4.09,473311,4.10
2012/07/24,4.06,4.18,4.04,4.18,569726,4.11
2012/07/25,4.15,4.20,4.10,4.17,349964,4.15
2012/07/26,4.08,4.23,4.03,4.09,498241,4.13
2012/07/27,4.10,4.16,4.06,4.07,237346,4.11
2012/07/30,4.13,4.13,3.96,3.96,483185,4.04
2012/07/31,4.01,4.01,3.78,3.80,465130,3.89
2012/08/01,3.80,3.89,3.80,3.85,379285,3.84
2012/08/02,3.85,3.85,3.77,3.79,295113,3.81
2012/08/03,3.80,3.87,3.77,3.86,426664,3.82
2012/08/06,3.84,3.96,3.82,3.94,707350,3.89
2012/08/07,3.94,4.00,3.92,3.99,741317,3.96
2012/08/08,4.00,4.03,3.96,3.98,444828,4.00
2012/08/09,3.98,4.10,3.92,4.08,1293552,4.01
2012/08/10,4.04,4.11,4.04,4.09,703802,4.08
2012/08/13,4.11,4.11,3.98,3.98,466568,4.05
2012/08/14,3.98,4.02,3.89,4.00,756757,3.95
2012/08/15,3.96,4.13,3.95,4.00,427898,4.04
2012/08/16,4.00,4.10,4.00,4.02,445896,4.05
2012/08/17,4.08,4.08,3.93,3.98,406111,4.01
2012/08/20,3.91,3.96,3.89,3.94,402963,3.93
2012/08/21,4.01,4.03,3.94,4.01,469471,3.99
2012/08/22,4.02,4.03,3.97,4.00,410264,4.00
2012/08/23,4.03,4.09,3.97,4.06,829587,4.03
2012/08/24,4.05,4.10,3.98,4.00,771597,4.04
2012/08/27,3.97,3.97,3.81,3.82,561800,3.89
2012/08/28,3.82,3.91,3.82,3.86,287722,3.86
2012/08/29,3.86,3.96,3.83,3.88,535489,3.90
2012/08/30,3.90,3.90,3.80,3.82,482508,3.85
2012/08/31,3.85,3.85,3.80,3.84,167596,3.82
2012/09/03,3.83,3.92,3.80,3.87,460209,3.86
2012/09/04,3.88,4.00,3.87,3.95,861909,3.94
2012/09/05,3.92,3.98,3.85,3.97,1450220,3.92
2012/09/06,3.92,4.21,3.92,4.13,3123275,4.06
2012/09/07,4.11,4.28,4.06,4.22,3533438,4.17
2012/09/10,4.18,4.30,4.14,4.27,2196352,4.22
2012/09/11,4.23,4.27,4.21,4.25,1087556,4.24
2012/09/12,4.27,4.27,4.17,4.23,904088,4.22
2012/09/13,4.20,4.23,4.16,4.16,723232,4.20
2012/09/14,4.19,4.24,4.15,4.20,783687,4.20
2012/09/17,4.17,4.25,4.01,4.03,850051,4.13
2012/09/18,3.99,4.05,3.87,3.90,979372,3.96
2012/09/19,3.91,3.95,3.88,3.92,430198,3.92
2012/09/20,3.93,3.96,3.80,3.81,574523,3.88
2012/09/21,3.81,3.86,3.78,3.81,365019,3.82
2012/09/24,3.78,3.78,3.69,3.73,919736,3.73
2012/09/25,3.73,3.81,3.68,3.70,627300,3.75
2012/09/26,3.69,3.71,3.57,3.57,499557,3.64
2012/09/27,3.64,3.70,3.58,3.66,554480,3.64
2012/09/28,3.66,3.74,3.66,3.73,448794,3.70
2012/10/08,3.73,3.76,3.66,3.70,411704,3.71
2012/10/09,3.70,3.81,3.70,3.81,565505,3.76
2012/10/10,3.81,3.88,3.80,3.87,832673,3.84
2012/10/11,3.87,3.87,3.79,3.85,612257,3.83
2012/10/12,3.83,3.91,3.80,3.83,545493,3.85
2012/10/15,3.82,3.85,3.75,3.78,515073,3.80
2012/10/16,3.77,3.86,3.77,3.79,316118,3.81
2012/10/17,3.78,3.94,3.78,3.87,844458,3.86
2012/10/18,3.87,3.94,3.85,3.92,846507,3.90
2012/10/19,3.95,3.95,3.88,3.88,421781,3.92
2012/10/22,3.90,3.99,3.88,3.91,451539,3.94
2012/10/23,3.90,3.96,3.83,3.86,488108,3.90
2012/10/24,3.86,3.87,3.82,3.83,249891,3.84
2012/10/25,3.86,3.87,3.79,3.80,545490,3.83
2012/10/26,3.80,3.82,3.70,3.71,376480,3.76
2012/10/29,3.77,3.77,3.60,3.63,633344,3.69
2012/10/30,3.61,3.67,3.61,3.62,291052,3.64
2012/10/31,3.63,3.67,3.61,3.65,488353,3.64
2012/11/01,3.67,3.73,3.64,3.70,515810,3.69
2012/11/02,3.69,3.72,3.67,3.70,412909,3.70
2012/11/05,3.71,3.71,3.68,3.69,321788,3.70
2012/11/06,3.71,3.71,3.62,3.66,362188,3.67
2012/11/07,3.66,3.69,3.63,3.66,413900,3.66
2012/11/08,3.66,3.66,3.57,3.58,347700,3.61
2012/11/09,3.60,3.63,3.52,3.63,486774,3.57
2012/11/12,3.61,3.69,3.60,3.62,404286,3.65
2012/11/13,3.63,3.63,3.54,3.55,223500,3.58
2012/11/14,3.55,3.58,3.52,3.55,313093,3.55
2012/11/15,3.54,3.55,3.49,3.49,250808,3.52
2012/11/16,3.51,3.68,3.44,3.53,481579,3.56
2012/11/19,3.50,3.57,3.47,3.54,279993,3.52
2012/11/20,3.56,3.59,3.53,3.57,180853,3.56
2012/11/21,3.58,3.94,3.57,3.74,1719304,3.75
2012/11/22,3.73,3.74,3.64,3.67,613818,3.69
2012/11/23,3.63,3.70,3.63,3.66,493094,3.67
2012/11/26,3.66,3.66,3.57,3.59,345695,3.61
2012/11/27,3.62,3.62,3.45,3.45,505256,3.54
2012/11/28,3.45,3.45,3.30,3.30,448306,3.38
2012/11/29,3.33,3.34,3.26,3.27,386057,3.30
2012/11/30,3.27,3.34,3.26,3.30,211068,3.30
2012/12/03,3.29,3.34,3.17,3.17,270112,3.25
2012/12/04,3.16,3.24,3.14,3.22,461724,3.19
2012/12/05,3.18,3.37,3.18,3.34,477745,3.28
2012/12/06,3.30,3.36,3.30,3.34,210854,3.33
2012/12/07,3.30,3.42,3.30,3.40,601616,3.36
2012/12/10,3.41,3.50,3.41,3.46,702065,3.46
2012/12/11,3.43,3.46,3.40,3.41,474389,3.43
2012/12/12,3.41,3.43,3.36,3.41,406646,3.40
2012/12/13,3.43,3.43,3.33,3.35,293172,3.38
2012/12/14,3.35,3.49,3.35,3.47,831347,3.42
2012/12/17,3.50,3.52,3.46,3.50,610077,3.49
2012/12/18,3.48,3.52,3.43,3.47,688955,3.48
2012/12/19,3.45,3.49,3.43,3.47,485266,3.46
2012/12/20,3.47,3.52,3.42,3.47,526178,3.47
2012/12/21,3.47,3.61,3.44,3.54,1305641,3.52
2012/12/24,3.52,3.59,3.49,3.58,821003,3.54
2012/12/25,3.53,3.68,3.53,3.65,1261956,3.60
2012/12/26,3.65,3.80,3.62,3.73,1453470,3.71
2012/12/27,3.74,3.78,3.70,3.74,1397673,3.74
2012/12/28,3.70,3.74,3.64,3.71,953522,3.69
2012/12/31,3.73,3.82,3.70,3.72,934336,3.76
2013/01/04,3.77,3.79,3.68,3.70,683597,3.74
2013/01/07,3.69,3.78,3.68,3.74,598696,3.73
2013/01/08,3.74,4.08,3.72,3.94,3663504,3.90
2013/01/09,3.91,3.95,3.87,3.94,2151051,3.91
2013/01/10,3.91,4.06,3.90,4.02,2109516,3.98
2013/01/11,4.06,4.45,4.06,4.45,4233859,4.25
2013/01/14,4.59,4.59,4.22,4.51,13742248,4.40
2013/01/15,4.42,4.47,4.33,4.42,5554586,4.40
2013/01/16,4.42,4.45,4.24,4.26,3538004,4.35
2013/01/17,4.24,4.35,4.16,4.18,2326475,4.25
2013/01/18,4.17,4.26,4.17,4.26,1712707,4.21
2013/01/21,4.26,4.33,4.24,4.33,1880099,4.29
2013/01/22,4.35,4.37,4.17,4.17,2027522,4.27
2013/01/23,4.17,4.21,4.07,4.14,1708051,4.14
2013/01/24,4.14,4.17,3.94,3.96,2060089,4.05
2013/01/25,3.96,4.08,3.88,4.03,1680819,3.98
2013/01/28,4.04,4.10,4.01,4.10,1012000,4.05
2013/01/29,4.10,4.11,4.06,4.09,935868,4.08
2013/01/30,4.06,4.10,4.01,4.05,871327,4.05
2013/01/31,4.07,4.07,3.96,3.98,906945,4.02
2013/02/01,3.98,4.03,3.96,4.02,697371,4.00
2013/02/04,3.98,4.13,3.98,4.08,930617,4.05
2013/02/05,4.08,4.08,4.01,4.05,689343,4.04
2013/02/06,4.05,4.09,4.02,4.07,822911,4.05
2013/02/07,4.06,4.09,3.98,4.01,836667,4.03
2013/02/08,4.02,4.07,3.98,4.06,1398919,4.03
2013/02/18,4.06,4.14,4.03,4.14,1809864,4.08
2013/02/19,4.14,4.14,4.03,4.05,1866021,4.08
2013/02/20,4.04,4.20,4.04,4.20,2017925,4.12
2013/02/21,4.17,4.43,4.15,4.31,5209516,4.29
2013/02/22,4.31,4.46,4.30,4.33,2803961,4.38
2013/02/25,4.30,4.34,4.20,4.27,1728660,4.27
2013/02/26,4.28,4.28,4.18,4.18,1279920,4.23
2013/02/27,4.19,4.26,4.14,4.18,802473,4.20
2013/02/28,4.18,4.25,4.14,4.24,1573732,4.19
2013/03/01,4.21,4.30,4.15,4.29,1759196,4.23
2013/03/04,4.26,4.34,4.17,4.22,1439124,4.25
2013/03/05,4.17,4.29,4.14,4.28,1194690,4.21
2013/03/06,4.30,4.58,4.24,4.46,3733678,4.41
2013/03/07,4.41,4.48,4.35,4.40,2444041,4.42
2013/03/08,4.40,4.46,4.28,4.34,1311623,4.37
2013/03/11,4.36,4.37,4.29,4.31,429512,4.33
2013/03/12,4.32,4.37,4.19,4.22,1266724,4.28
2013/03/13,4.25,4.26,4.10,4.21,1398800,4.18
2013/03/14,4.17,4.28,4.10,4.26,907939,4.19
2013/03/15,4.20,4.30,4.19,4.27,612137,4.25
2013/03/18,4.26,4.39,4.23,4.36,1797773,4.31
2013/03/19,4.31,4.78,4.31,4.76,7682577,4.54
2013/03/20,4.78,4.81,4.50,4.64,7653663,4.65
2013/03/21,4.60,4.70,4.55,4.61,4641247,4.63
2013/03/22,4.59,4.71,4.50,4.70,4223132,4.60
2013/03/25,4.70,4.72,4.51,4.55,2156933,4.61
2013/03/26,4.51,4.54,4.35,4.54,2517347,4.44
2013/03/27,4.50,4.56,4.46,4.55,1279076,4.51
2013/03/28,4.50,4.54,4.41,4.44,1839379,4.48
2013/03/29,4.43,4.52,4.42,4.47,905910,4.47
2013/04/01,4.50,4.56,4.37,4.53,1624286,4.46
2013/04/02,4.53,4.56,4.44,4.53,857516,4.50
2013/04/03,4.53,4.57,4.40,4.42,1170011,4.49
2013/04/08,4.36,4.63,4.06,4.63,2329734,4.34
2013/04/09,4.54,4.68,4.51,4.58,2006424,4.59
2013/04/10,4.50,4.72,4.50,4.63,3904899,4.61
2013/04/11,4.63,4.68,4.55,4.60,1382933,4.61
2013/04/12,4.63,4.66,4.51,4.64,1737018,4.58
2013/04/15,4.64,4.65,4.48,4.58,821005,4.57
2013/04/16,4.50,4.60,4.42,4.59,821867,4.51
2013/04/17,4.54,4.75,4.54,4.71,2384293,4.65
2013/04/18,4.71,5.11,4.68,4.96,3623680,4.90
2013/04/19,4.92,5.06,4.86,5.02,2947818,4.96
2013/04/22,4.99,5.27,4.94,5.24,2976147,5.10
2013/04/23,5.22,5.30,5.06,5.18,2386128,5.18
2013/04/24,5.12,5.26,5.12,5.21,1599037,5.19
2013/04/25,5.25,5.50,5.14,5.42,4635495,5.32
2013/04/26,5.38,5.46,4.98,5.11,2261690,5.22
2013/05/02,5.00,5.26,4.90,5.26,1429410,5.08
2013/05/03,5.25,5.46,5.19,5.44,2000011,5.33
2013/05/06,5.45,5.62,5.36,5.58,1600518,5.49
2013/05/07,5.56,5.64,5.48,5.49,1177629,5.56
2013/05/08,5.49,5.67,5.47,5.53,1465496,5.57
2013/05/09,5.53,5.57,5.34,5.38,1221179,5.46
2013/05/10,5.42,5.70,5.39,5.64,1904905,5.54
2013/05/13,5.64,5.66,5.46,5.58,1211700,5.56
2013/05/14,5.49,5.67,5.48,5.57,980803,5.58
2013/05/15,5.52,5.65,5.52,5.61,809485,5.58
2013/05/16,5.63,5.65,5.39,5.49,1347552,5.52
2013/05/17,5.52,5.66,5.43,5.59,1334786,5.54
2013/05/20,5.53,5.91,5.53,5.86,1646940,5.72
2013/05/21,5.86,6.22,5.82,6.19,2521065,6.02
2013/05/22,6.18,6.29,6.02,6.06,1328959,6.15
2013/05/23,6.06,6.14,5.99,6.07,1246643,6.06
2013/05/24,6.07,6.10,5.86,6.05,1172311,5.98
2013/05/27,6.02,6.06,5.90,5.98,1087571,5.98
2013/05/28,6.01,6.03,5.78,5.83,1597327,5.91
2013/05/29,5.83,6.14,5.78,6.14,1570096,5.96
2013/05/30,6.21,6.23,6.06,6.15,1410993,6.15
2013/05/31,6.23,6.37,6.11,6.30,1702970,6.24
2013/06/03,6.28,6.48,6.24,6.32,2224759,6.36
2013/06/04,6.32,6.36,6.06,6.32,2051474,6.21
2013/06/05,6.31,6.41,6.22,6.25,709801,6.31
2013/06/06,6.20,6.46,6.20,6.42,2062297,6.33
2013/06/07,6.46,6.53,6.21,6.31,2248136,6.37
2013/06/13,6.24,6.27,5.66,6.19,1835792,5.96
2013/06/14,6.06,6.45,6.06,6.43,1645802,6.25
2013/06/17,6.46,6.98,6.46,6.89,3530803,6.72
2013/06/18,6.82,6.98,6.64,6.96,2015768,6.81
2013/06/19,6.94,7.17,6.83,7.08,2300075,7.00
2013/06/20,7.06,7.21,6.68,6.87,1707620,6.94
2013/06/21,7.12,7.41,6.69,7.21,5718281,7.05
2013/06/24,6.95,7.01,6.47,6.66,3020487,6.74
2013/06/25,6.47,6.80,5.97,6.73,3096611,6.38
2013/06/26,6.71,7.08,6.50,7.02,3020791,6.79
2013/06/27,6.95,7.34,6.94,7.33,4671145,7.14
2013/06/28,7.26,7.54,7.11,7.14,4073207,7.33
2013/07/01,7.14,7.34,7.02,7.32,2351432,7.18
2013/07/02,7.32,7.48,7.26,7.42,3393396,7.37
2013/07/03,7.38,7.54,7.13,7.47,2940784,7.33
2013/07/04,7.39,7.46,7.28,7.31,2654909,7.37
2013/07/05,7.26,7.34,7.07,7.07,1645951,7.21
2013/07/08,6.94,7.46,6.74,7.23,2444085,7.10
2013/07/09,7.08,7.38,7.08,7.34,1965606,7.23
2013/07/10,7.29,7.43,7.12,7.28,2126110,7.27
2013/07/11,7.30,7.34,7.19,7.24,2321299,7.27
2013/07/12,7.24,7.52,7.14,7.47,4426309,7.33
2013/07/15,7.47,7.62,7.37,7.60,3756509,7.50
2013/07/16,7.69,7.74,7.48,7.59,2170310,7.61
2013/07/17,7.59,7.59,7.35,7.38,2087966,7.47
2013/07/18,7.37,7.73,7.36,7.40,1366065,7.55
2013/07/19,7.41,7.50,7.26,7.26,1769506,7.38
2013/07/22,7.03,7.37,6.98,7.30,1579045,7.18
2013/07/23,7.30,7.46,7.25,7.32,1438911,7.35
2013/07/24,7.48,7.54,7.32,7.48,3162626,7.43
2013/07/25,7.48,7.53,6.98,6.98,2165459,7.26
2013/07/26,6.93,7.19,6.54,7.11,2772110,6.87
2013/07/29,6.97,7.10,6.62,6.70,1528210,6.86
2013/07/30,6.65,6.99,6.65,6.89,1550880,6.82
2013/07/31,6.90,6.90,6.72,6.83,877723,6.81
2013/08/01,6.75,6.90,6.70,6.86,1324915,6.80
2013/08/02,6.86,7.05,6.83,6.98,1658769,6.94
2013/08/05,6.94,7.11,6.79,7.06,1375760,6.95
2013/08/06,6.99,7.07,6.83,6.96,1234631,6.95
2013/08/07,6.97,7.30,6.94,7.24,2353007,7.12
2013/08/08,7.14,7.41,7.10,7.26,1847168,7.25
2013/08/09,7.26,7.36,7.22,7.34,1652359,7.29
2013/08/12,7.37,7.48,7.25,7.29,1759211,7.37
2013/08/13,7.33,7.42,7.22,7.26,1177585,7.32
2013/08/14,7.29,7.29,7.14,7.21,1275064,7.21
2013/08/15,7.17,7.17,6.66,6.68,4299610,6.92
2013/08/16,6.63,6.84,6.51,6.67,1930438,6.67
2013/08/19,6.67,6.79,6.52,6.74,1093321,6.65
2013/08/20,6.77,7.00,6.72,6.97,1358309,6.86
2013/08/21,6.90,6.99,6.82,6.96,607339,6.91
2013/08/22,6.95,6.95,6.54,6.81,1858973,6.75
2013/08/23,6.81,6.81,6.59,6.65,955940,6.70
2013/08/26,6.71,6.71,6.62,6.70,756481,6.67
2013/08/27,6.70,6.83,6.70,6.82,975796,6.77
2013/08/28,6.74,6.79,6.63,6.68,767441,6.71
2013/08/29,6.75,6.90,6.75,6.86,1196304,6.83
2013/08/30,6.88,6.93,6.60,6.64,954966,6.76
2013/09/02,6.68,6.82,6.60,6.76,717442,6.71
2013/09/03,6.89,6.89,6.73,6.79,1444785,6.81
2013/09/04,6.85,7.30,6.77,7.27,3243950,7.03
2013/09/05,7.19,7.33,7.17,7.22,1653307,7.25
2013/09/06,7.21,7.30,7.16,7.27,1095392,7.23
2013/09/09,7.34,7.52,7.21,7.37,2438709,7.36
2013/09/10,7.43,7.51,7.19,7.34,2203502,7.35
2013/09/11,7.34,7.47,7.06,7.47,2460014,7.26
2013/09/12,7.38,7.47,7.30,7.41,1225319,7.38
2013/09/13,7.41,7.54,7.38,7.50,1671354,7.46
2013/09/16,7.61,7.71,7.45,7.45,939774,7.58
2013/09/17,7.37,7.50,7.18,7.22,767207,7.34
2013/09/18,7.30,7.35,7.16,7.34,977397,7.25
2013/09/23,7.38,7.38,7.26,7.32,905664,7.32
2013/09/24,7.32,7.70,7.32,7.70,2599881,7.51
2013/09/25,7.70,8.14,7.62,8.01,3315814,7.88
2013/09/26,7.98,8.20,7.88,8.06,1752802,8.04
2013/09/27,8.12,8.22,7.90,7.97,1246988,8.06
2013/09/30,7.97,8.46,7.97,8.35,2082241,8.22
2013/10/08,8.37,8.45,8.16,8.22,1609282,8.30
2013/10/09,8.22,8.53,8.05,8.52,1762521,8.29
2013/10/10,8.42,8.67,8.28,8.52,2189246,8.47
2013/10/11,8.42,8.53,8.39,8.48,870011,8.46
2013/10/14,8.50,8.52,8.21,8.24,1702746,8.37
2013/10/15,8.50,8.74,8.42,8.60,2220396,8.58
2013/10/16,8.59,8.59,8.06,8.46,2450718,8.33
2013/10/17,8.43,9.32,8.32,9.31,4182495,8.82
2013/10/18,9.13,10.06,9.02,9.88,3836653,9.54
2013/10/21,9.83,10.37,9.57,10.16,4121797,9.97
2013/10/22,10.02,10.37,9.88,10.16,3263262,10.13
2013/10/23,10.02,10.23,9.27,9.83,1931818,9.75
2013/10/24,9.72,9.77,9.37,9.72,1411547,9.57
2013/10/25,9.66,9.78,9.38,9.56,1586731,9.58
2013/10/28,9.57,9.77,8.72,9.02,1885707,9.25
2013/10/29,9.01,9.06,8.40,9.03,1662809,8.73
2013/10/30,9.06,9.26,8.86,9.19,1281809,9.06
2013/10/31,9.14,9.18,8.48,8.59,1592766,8.83
2013/11/01,8.46,8.59,8.00,8.22,1229797,8.29
2013/11/04,8.23,8.57,8.22,8.45,931567,8.40
2013/11/05,8.35,8.88,8.15,8.84,849260,8.52
2013/11/06,8.81,9.06,8.69,8.84,937786,8.88
2013/11/07,8.79,8.98,8.59,8.86,775407,8.79
2013/11/08,8.77,8.98,8.68,8.92,658036,8.83
2013/11/11,8.86,9.41,8.83,9.31,972372,9.12
2013/11/12,9.32,9.74,9.22,9.69,1409234,9.48
2013/11/13,9.63,9.74,9.34,9.34,740150,9.54
2013/11/14,9.29,9.57,9.26,9.42,762826,9.42
2013/11/15,9.51,9.74,9.24,9.25,983090,9.49
2013/11/18,9.25,9.74,9.22,9.69,2103759,9.48
2013/11/19,9.70,9.96,9.66,9.96,2000406,9.81
2013/11/20,10.01,10.03,9.74,10.01,1045940,9.88
2013/11/21,9.92,10.12,9.66,10.09,1468578,9.89
2013/11/22,10.01,10.14,9.83,10.09,1260282,9.99
2013/11/25,10.00,10.00,9.78,9.83,1487334,9.89
2013/11/26,9.83,9.94,9.56,9.92,1374484,9.75
2013/11/27,9.91,10.00,9.75,9.97,934426,9.88
2013/11/28,9.96,10.23,9.88,10.07,1667260,10.06
2013/11/29,10.23,10.57,10.14,10.49,2728780,10.36
2013/12/02,10.14,10.33,9.53,9.86,2077639,9.93
2013/12/03,9.83,10.45,9.43,10.29,1579071,9.94
2013/12/04,10.32,10.97,10.32,10.70,2325912,10.65
2013/12/05,10.81,10.85,10.39,10.52,1602335,10.62
2013/12/06,10.45,10.46,10.04,10.27,1189865,10.25
2013/12/09,10.35,11.32,10.33,11.27,5490769,10.83
2013/12/10,11.17,11.25,10.59,11.03,4296000,10.92
2013/12/11,10.81,11.08,10.72,10.93,1569062,10.90
2013/12/12,10.77,11.10,10.72,10.92,1405367,10.91
2013/12/13,10.74,10.92,10.46,10.81,2118842,10.69
2013/12/16,10.71,10.80,10.54,10.77,1180305,10.67
2013/12/17,10.68,10.75,10.14,10.23,1963418,10.45
2013/12/18,10.22,10.38,10.10,10.19,1179075,10.24
2013/12/19,10.10,10.31,9.61,9.61,1125944,9.96
2013/12/20,9.73,9.87,9.73,9.80,1073842,9.80
2013/12/23,9.91,9.98,9.61,9.88,638151,9.79
2013/12/24,9.85,10.18,9.85,10.14,869110,10.01
2013/12/25,10.14,10.58,10.02,10.52,1295760,10.30
2013/12/26,10.89,11.03,10.54,10.68,1747759,10.78
2013/12/27,10.72,10.93,10.46,10.83,1139316,10.70
2013/12/30,10.88,11.03,10.72,10.84,632735,10.88
2013/12/31,10.84,10.90,10.53,10.74,733709,10.71
2014/01/02,10.63,10.74,10.50,10.53,949735,10.62
2014/01/03,10.48,10.63,9.92,10.06,1418928,10.28
2014/01/06,10.06,10.06,9.17,9.35,1699890,9.62
2014/01/07,9.35,9.73,9.22,9.50,1089264,9.48
2014/01/08,9.44,9.91,9.42,9.90,1057609,9.67
2014/01/09,9.89,10.03,9.69,9.70,786406,9.86
2014/01/10,9.84,10.70,9.83,10.48,6447070,10.26
2014/01/13,10.45,10.77,10.26,10.60,1743226,10.51
2014/01/14,10.77,10.84,10.59,10.71,1913652,10.71
2014/01/15,10.70,11.20,10.68,11.06,4092349,10.94
2014/01/16,11.25,11.25,10.82,11.14,1952633,11.04
2014/01/17,11.12,11.12,10.72,10.98,1010770,10.92
2014/01/20,10.83,11.02,10.58,10.94,981601,10.80
2014/01/21,10.91,11.17,10.77,11.07,2103629,10.97
2014/01/22,11.08,11.24,10.98,11.17,2235124,11.11
2014/01/23,11.11,11.61,11.09,11.40,3409379,11.35
2014/01/24,11.34,12.29,11.30,11.97,4134572,11.79
2014/01/27,11.99,12.17,11.57,11.96,2755359,11.87
2014/01/28,11.96,12.68,11.70,12.31,3216825,12.19
2014/01/29,12.39,13.12,12.39,13.03,4269768,12.75
2014/01/30,13.05,13.30,12.86,13.08,2448958,13.08
2014/02/07,13.04,13.43,12.77,13.20,2243684,13.10
2014/02/10,13.21,13.42,12.98,13.38,3251271,13.20
2014/02/11,13.45,13.56,12.23,12.68,4469249,12.90
2014/02/12,12.59,12.80,12.41,12.59,2503664,12.61
2014/02/13,12.53,12.63,12.15,12.35,1704643,12.39
2014/02/14,12.22,12.61,12.22,12.54,2282085,12.42
2014/02/17,12.55,13.18,12.55,13.12,3084962,12.87
2014/02/18,13.19,13.35,12.89,13.19,1756527,13.12
2014/02/19,13.07,13.56,12.59,12.68,2229363,13.08
2014/02/20,12.77,12.77,12.14,12.23,2955108,12.46
2014/02/21,12.31,12.72,12.18,12.32,1213349,12.45
2014/02/24,12.31,13.57,12.28,13.50,3519989,12.92
2014/02/25,13.51,13.88,12.95,13.48,3219820,13.42
2014/02/26,13.43,14.00,12.24,13.78,3032900,13.12
2014/02/27,13.82,13.90,13.03,13.30,2985846,13.46
2014/02/28,13.11,13.52,12.46,13.51,1393337,12.99
2014/03/03,13.39,13.52,13.12,13.35,1403365,13.32
2014/03/04,13.12,13.25,12.50,13.05,1344590,12.88
2014/03/05,12.93,13.12,12.54,12.90,1204360,12.83
2014/03/06,12.79,12.79,12.37,12.72,1320604,12.58
2014/03/07,12.62,12.86,12.55,12.71,739013,12.71
2014/03/10,12.60,12.93,12.27,12.42,1195563,12.60
2014/03/11,12.28,12.56,11.62,12.07,1085541,12.09
2014/03/12,11.86,12.12,11.73,11.92,745729,11.92
2014/03/13,11.88,12.22,11.88,12.02,400934,12.05
2014/03/14,11.96,12.15,11.80,11.85,630533,11.98
2014/03/17,11.82,12.23,11.74,12.23,829866,11.99
2014/03/18,12.36,13.47,12.36,13.32,2633238,12.92
2014/03/19,13.17,13.28,12.90,13.22,926057,13.09
2014/03/20,13.10,13.43,12.83,12.99,950522,13.13
2014/03/21,13.07,13.07,12.36,12.68,758989,12.71
2014/03/24,12.68,12.74,12.23,12.42,736458,12.49
2014/03/25,11.79,12.45,11.48,12.45,905500,11.96
2014/03/26,12.45,12.45,12.01,12.05,1228973,12.23
2014/03/27,12.06,12.37,11.79,11.87,801168,12.08
2014/03/28,11.82,12.01,10.90,12.01,1942528,11.46
2014/03/31,11.69,12.45,11.34,11.88,1075387,11.89
2014/04/01,12.06,12.14,11.70,11.92,387456,11.92
2014/04/02,11.92,12.06,11.51,11.76,822379,11.79
2014/04/03,11.60,11.84,11.60,11.67,471494,11.72
2014/04/04,11.57,11.79,11.45,11.70,815262,11.62
2014/04/08,11.55,11.65,11.10,11.48,829322,11.38
2014/04/09,11.50,11.69,11.34,11.66,520043,11.51
2014/04/10,11.72,12.00,11.52,11.97,795504,11.76
2014/04/11,11.98,11.98,11.52,11.83,641877,11.75
2014/04/14,11.71,11.83,11.41,11.48,606165,11.62
2014/04/15,11.65,11.99,11.13,11.55,1804689,11.56
2014/04/16,11.55,11.55,11.20,11.26,521877,11.38
2014/04/17,11.30,11.34,11.17,11.21,690655,11.25
2014/04/18,11.20,11.48,11.20,11.45,599455,11.34
2014/04/21,11.39,11.39,11.03,11.22,402777,11.21
2014/04/22,11.14,11.25,11.07,11.23,729803,11.16
2014/04/23,11.23,11.33,11.00,11.07,620475,11.17
2014/04/24,10.96,11.13,10.06,11.09,1365764,10.60
2014/04/25,11.01,11.02,10.68,10.97,504715,10.85
2014/04/28,10.96,10.97,10.23,10.44,466379,10.60
2014/04/29,10.38,10.59,10.23,10.44,295704,10.41
2014/04/30,10.42,10.50,10.37,10.50,341757,10.43
2014/05/05,10.50,10.85,10.32,10.85,496795,10.58
2014/05/06,10.78,11.11,10.78,10.99,613250,10.94
2014/05/07,10.91,11.08,10.72,10.98,372813,10.90
2014/05/08,10.87,10.97,10.68,10.90,559895,10.83
2014/05/09,10.84,10.84,10.26,10.79,842126,10.55
2014/05/12,10.72,10.93,10.53,10.68,331561,10.73
2014/05/13,10.69,10.81,10.60,10.74,467447,10.71
2014/05/14,10.64,10.91,10.09,10.90,428490,10.50
2014/05/15,10.69,11.01,10.69,10.89,455526,10.85
2014/05/16,10.58,10.83,10.58,10.82,739329,10.71
2014/05/19,10.98,10.98,10.77,10.88,624629,10.88
2014/05/20,11.03,11.03,10.88,10.88,231057,10.96
2014/05/21,10.89,10.97,10.76,10.97,218240,10.87
2014/05/22,10.93,11.23,10.91,11.08,329016,11.07
2014/05/23,11.08,11.08,10.67,10.94,661673,10.88
2014/05/26,10.93,11.89,10.77,11.85,2293051,11.33
2014/05/27,12.00,12.00,11.47,11.54,1497440,11.74
2014/05/28,11.53,11.63,11.41,11.63,572939,11.52
2014/05/29,11.70,11.70,11.30,11.50,552891,11.50
2014/05/30,11.44,11.80,11.17,11.72,704521,11.49
2014/06/03,11.53,11.70,11.45,11.53,565569,11.57
2014/06/04,11.44,11.61,11.43,11.53,319403,11.52
2014/06/05,11.48,11.59,11.45,11.57,390625,11.52
2014/06/06,11.57,11.64,11.41,11.45,477927,11.53
2014/06/09,11.45,11.54,11.29,11.39,486867,11.41
2014/06/10,11.43,11.65,11.10,11.61,734834,11.38
2014/06/11,11.59,11.71,11.51,11.63,829512,11.61
2014/06/12,11.63,11.70,11.51,11.61,308676,11.60
2014/06/13,11.55,11.72,11.53,11.67,565738,11.63
2014/06/16,11.66,11.67,11.42,11.51,653521,11.54
2014/06/17,11.49,11.49,10.81,11.15,1907745,11.15
2014/06/18,11.09,11.09,10.83,11.03,993497,10.96
2014/06/19,11.03,11.06,10.53,10.85,712299,10.79
2014/06/20,10.85,10.87,10.63,10.85,384099,10.75
2014/06/23,10.86,10.97,10.64,10.69,872411,10.81
2014/06/24,10.69,10.83,10.54,10.55,1007362,10.68
2014/06/25,10.55,10.65,10.50,10.56,370022,10.58
2014/06/26,10.57,10.68,10.55,10.63,1185407,10.62
2014/06/27,10.67,10.93,10.63,10.89,1013476,10.78
2014/06/30,10.88,11.77,10.70,11.60,2100445,11.23
2014/07/01,11.57,11.57,11.20,11.39,1190306,11.38
2014/07/02,11.35,11.47,11.13,11.39,707091,11.30
2014/07/03,11.34,11.41,11.27,11.27,994624,11.34
2014/07/04,11.30,11.73,11.22,11.73,1514360,11.48
2014/07/07,11.73,12.35,11.59,12.29,5305504,11.97
2014/07/08,12.17,12.28,11.85,11.97,1488523,12.06
2014/07/09,11.94,11.94,11.63,11.63,1317750,11.79
2014/07/10,11.57,11.87,11.53,11.67,569836,11.70
2014/07/11,11.57,12.33,11.44,11.97,1555214,11.88
2014/07/14,12.01,12.17,11.85,12.06,674279,12.01
2014/07/15,12.01,12.10,11.77,11.89,554902,11.93
2014/07/16,11.89,11.98,11.49,11.54,676316,11.74
2014/07/17,11.55,11.66,11.24,11.35,571422,11.45
2014/07/18,11.29,11.56,11.23,11.44,337287,11.40
2014/07/21,11.43,11.50,11.17,11.31,1197939,11.33
2014/07/22,11.30,11.30,11.06,11.22,811927,11.18
2014/07/23,11.51,11.61,11.09,11.17,922573,11.35
2014/07/24,11.11,11.23,10.74,10.94,555922,10.99
2014/07/25,10.94,11.18,10.82,11.03,406083,11.00
2014/07/28,11.00,11.21,11.00,11.21,627729,11.11
2014/07/29,11.27,11.30,11.13,11.21,2342315,11.22
2014/07/30,11.17,11.17,11.00,11.10,1771631,11.08
2014/07/31,11.13,11.25,10.99,11.22,1120822,11.12
2014/08/01,11.17,11.23,11.10,11.17,1441866,11.17
2014/08/04,11.23,11.60,11.17,11.39,1568752,11.38
2014/08/05,11.49,11.49,11.17,11.29,1390682,11.33
2014/08/06,11.29,11.38,11.22,11.34,1059100,11.30
2014/08/07,11.33,11.41,11.23,11.23,1056002,11.32
2014/08/08,11.23,11.32,11.17,11.30,732923,11.25
2014/08/11,11.31,11.47,11.28,11.45,1795675,11.38
2014/08/12,11.45,11.53,11.33,11.49,1599089,11.43
2014/08/13,11.48,12.13,11.38,11.91,3038841,11.76
2014/08/14,11.83,12.18,11.70,11.97,2818967,11.94
2014/08/15,11.83,12.04,11.80,11.97,1694661,11.92
2014/08/18,11.97,12.21,11.93,12.17,2641767,12.07
2014/08/19,12.23,12.65,12.23,12.46,4177326,12.44
2014/08/20,12.46,12.49,12.05,12.25,2787763,12.27
2014/08/21,12.23,12.25,11.95,12.05,1756069,12.10
2014/08/22,12.13,12.29,11.97,12.19,1220576,12.13
2014/08/25,12.20,12.22,11.90,11.97,799735,12.06
2014/08/26,11.97,12.33,11.76,11.83,1549526,12.04
2014/08/27,11.73,11.97,11.67,11.74,1019633,11.82
2014/08/28,11.79,11.93,11.43,11.65,1232377,11.68
2014/08/29,11.65,11.70,11.42,11.67,855515,11.56
2014/09/01,11.72,11.90,11.63,11.87,2142787,11.77
2014/09/02,11.88,12.07,11.88,12.01,2115888,11.98
2014/09/03,12.03,12.24,12.00,12.18,2997520,12.12
2014/09/04,12.27,12.27,11.81,11.87,6097150,12.04
2014/09/05,11.95,11.95,11.83,11.90,3093562,11.89
2014/09/09,11.90,11.90,11.70,11.79,2983251,11.80
2014/09/10,11.77,11.89,11.68,11.80,4060958,11.79
2014/09/11,11.87,12.07,11.77,11.83,5700959,11.92
2014/09/12,11.83,11.89,11.56,11.77,2764379,11.73
2014/09/15,11.76,11.95,11.65,11.94,6601810,11.80
2014/09/16,11.96,12.23,11.65,11.67,10134160,11.94
2014/09/17,11.68,11.79,11.07,11.23,8967376,11.43
2014/09/18,11.22,11.22,10.94,10.99,9208699,11.08
2014/09/19,10.99,11.26,10.93,11.23,5354998,11.09
2014/09/22,11.21,11.21,10.97,11.06,4224871,11.09
2014/09/23,11.07,11.43,11.07,11.36,8877666,11.25
2014/09/24,11.30,11.53,11.27,11.47,9856723,11.40
2014/09/25,11.41,11.67,11.41,11.58,10262786,11.54
2014/09/26,11.55,11.61,11.37,11.56,8511839,11.49
2014/09/29,11.55,11.85,11.43,11.79,11655787,11.64
2014/09/30,11.71,12.07,11.71,11.99,11158034,11.89
2014/10/08,11.98,12.06,11.81,11.87,10753826,11.94
2014/10/09,11.88,11.93,11.62,11.74,8844105,11.77
2014/10/10,11.70,11.83,11.62,11.63,6261896,11.72
2014/10/13,11.61,11.75,11.49,11.73,4062042,11.62
2014/10/14,11.73,11.80,11.50,11.51,4271028,11.65
2014/10/15,11.49,11.56,11.32,11.55,4104417,11.44
2014/10/16,11.51,11.73,11.41,11.43,4296328,11.57
2014/10/17,11.42,11.50,10.86,11.01,6700816,11.18
2014/10/20,10.99,11.18,10.93,11.09,4116748,11.05
2014/10/21,11.12,11.12,10.91,10.95,3604549,11.01
2014/10/22,10.96,11.07,10.89,10.91,2449471,10.98
2014/10/23,10.96,11.02,10.77,10.82,2605916,10.89
2014/10/24,10.86,10.99,10.77,10.83,2543546,10.88
2014/10/27,10.84,10.90,10.57,10.78,2994597,10.74
2014/10/28,10.79,11.01,10.79,11.01,4190206,10.90
2014/10/29,11.01,11.13,10.95,11.05,5267579,11.04
2014/10/30,11.03,11.13,10.97,11.00,3951357,11.05
2014/10/31,11.01,11.02,10.70,10.87,4293422,10.86
2014/11/03,10.87,11.03,10.79,10.86,6365950,10.91
2014/11/04,10.87,10.87,10.57,10.67,5364778,10.72
2014/11/05,10.67,10.68,10.57,10.65,3140499,10.63
2014/11/06,10.60,10.60,9.81,10.19,22094325,10.21
2014/11/07,10.11,10.23,9.97,10.09,9297647,10.10
2014/11/10,10.09,10.13,9.95,10.05,4568852,10.04
2014/11/11,10.09,10.11,9.70,9.73,6618863,9.90
2014/11/12,9.70,9.91,9.63,9.83,4532696,9.77
2014/11/13,9.80,9.80,9.54,9.59,4226906,9.67
2014/11/14,9.50,9.67,9.45,9.63,3154146,9.56
2014/11/17,9.63,9.83,9.57,9.80,4303321,9.70
2014/11/18,9.77,9.87,9.75,9.78,3249467,9.81
2014/11/19,9.79,9.82,9.61,9.78,3232036,9.71
2014/11/20,9.79,9.96,9.75,9.87,4225546,9.86
2014/11/21,9.91,9.91,9.84,9.87,2736043,9.88
2014/11/24,9.95,9.96,9.77,9.79,6571281,9.87
2014/11/25,9.80,9.93,9.77,9.91,5054704,9.85
2014/11/26,9.95,10.02,9.89,9.93,4851200,9.96
2014/11/27,9.93,10.01,9.91,9.97,5295086,9.96
2014/11/28,9.97,10.01,9.80,9.89,5291563,9.91
2014/12/01,9.85,9.87,9.67,9.70,4454868,9.77
2014/12/02,9.69,9.89,9.67,9.77,3733426,9.78
2014/12/03,9.77,10.03,9.74,10.03,6645511,9.88
2014/12/04,10.07,10.43,10.05,10.41,12489836,10.24
2014/12/05,10.53,10.55,9.85,10.00,8692941,10.20
2014/12/08,10.01,10.11,9.88,9.90,5778820,10.00
2014/12/09,9.89,9.89,9.45,9.45,8181635,9.67
2014/12/10,9.45,9.71,9.43,9.70,3805561,9.57
2014/12/11,9.70,9.81,9.59,9.78,3470020,9.70
2014/12/12,9.77,9.81,9.70,9.79,3294800,9.75
2014/12/15,9.80,10.16,9.74,10.16,8561392,9.95
2014/12/16,10.18,10.21,9.97,10.03,5553081,10.09
2014/12/17,10.04,10.09,9.75,9.82,5916800,9.92
2014/12/18,9.80,9.97,9.70,9.97,4427921,9.83
2014/12/19,9.93,9.93,9.65,9.69,3549725,9.79
2014/12/22,9.69,9.73,8.78,8.94,6349328,9.25
2014/12/23,8.97,9.14,8.93,8.99,2563077,9.04
2014/12/24,9.05,9.15,9.03,9.15,2165397,9.09
2014/12/25,9.17,9.23,9.10,9.14,2188758,9.17
2014/12/26,9.11,9.22,9.01,9.15,2750151,9.12
2014/12/29,9.10,9.17,9.02,9.09,2909715,9.09
2014/12/30,9.09,9.15,8.91,8.93,1904637,9.03
2014/12/31,8.93,9.09,8.93,9.09,1726616,9.01
2015/01/05,9.09,9.21,8.98,9.18,2660122,9.10
2015/01/06,9.09,9.21,8.98,9.18,0,9.10
2015/01/07,9.09,9.21,8.98,9.18,0,9.10
2015/01/08,9.09,9.21,8.98,9.18,0,9.10
2015/01/09,9.09,9.21,8.98,9.18,0,9.10
2015/01/12,9.09,9.21,8.98,9.18,0,9.10
2015/01/13,9.75,9.75,9.28,9.57,7428040,9.51
2015/01/14,9.49,9.87,9.36,9.67,5463500,9.61
2015/01/15,9.69,9.81,9.59,9.72,3456130,9.70
2015/01/16,9.66,9.90,9.66,9.76,4019037,9.78
2015/01/19,9.65,10.04,9.48,9.71,5494336,9.76
2015/01/20,9.73,10.29,9.71,10.23,9602502,10.00
2015/01/21,10.27,10.82,10.15,10.43,12650129,10.49
2015/01/22,10.43,10.53,10.27,10.45,4995725,10.40
2015/01/23,10.38,10.67,10.31,10.33,6432861,10.49
2015/01/26,10.29,10.40,10.17,10.29,5798039,10.29
2015/01/27,10.32,10.37,10.05,10.23,4922157,10.21
2015/01/28,10.21,10.39,10.11,10.25,4455705,10.25
2015/01/29,10.19,10.23,9.97,9.97,3889774,10.10
2015/01/30,9.99,10.11,9.93,9.97,2512413,10.02
2015/02/02,9.97,10.07,9.83,9.99,1833049,9.95
2015/02/03,10.01,10.23,10.01,10.21,3256023,10.12
2015/02/04,10.21,10.37,10.11,10.11,2616504,10.24
2015/02/05,10.11,10.37,10.11,10.20,4267309,10.24
2015/02/06,10.19,10.29,9.97,10.03,2551196,10.13
2015/02/09,10.00,10.00,9.69,9.69,2862497,9.84
2015/02/10,9.69,9.70,9.55,9.69,1902884,9.63
2015/02/11,9.71,9.97,9.68,9.81,2035679,9.83
2015/02/12,9.85,10.58,9.81,10.36,6631142,10.20
2015/02/13,10.36,10.60,10.36,10.51,5895012,10.48
2015/02/16,10.57,10.83,10.51,10.77,6626686,10.67
2015/02/17,10.77,10.77,10.63,10.65,3470563,10.70
2015/02/25,10.70,11.05,10.65,10.78,5931691,10.85
2015/02/26,10.80,11.02,10.70,10.88,4129511,10.86
2015/02/27,10.89,10.93,10.67,10.75,4617161,10.80
2015/03/02,10.81,11.02,10.77,10.97,5802954,10.89
2015/03/03,10.97,11.79,10.90,11.38,13485955,11.34
2015/03/04,11.39,11.66,11.30,11.52,6037629,11.48
2015/03/05,11.44,11.63,11.22,11.43,5756761,11.43
2015/03/06,11.37,11.50,11.05,11.12,4429492,11.28
2015/03/09,11.10,11.30,10.76,11.23,4592288,11.03
2015/03/10,11.23,11.70,11.17,11.58,6362386,11.43
2015/03/11,11.65,12.02,11.50,11.97,9955662,11.76
2015/03/12,11.99,12.02,11.55,11.59,6074626,11.79
2015/03/13,11.52,11.97,11.52,11.87,4635231,11.75
2015/03/16,11.70,12.37,11.59,12.23,8130965,11.98
2015/03/17,12.23,13.10,12.23,12.63,11192680,12.67
2015/03/18,12.63,13.17,12.63,12.87,8270616,12.90
2015/03/19,12.87,13.08,12.73,13.02,9880367,12.91
2015/03/20,13.03,13.83,12.91,13.46,8145844,13.37
2015/03/23,13.37,13.83,13.13,13.55,9178631,13.48
2015/03/24,13.55,13.82,12.84,13.73,9764679,13.33
2015/03/25,13.63,14.39,13.45,13.96,6559076,13.92
2015/03/26,13.96,14.03,13.29,13.39,7436022,13.66
2015/03/27,13.36,13.39,12.95,13.16,8413738,13.17
2015/03/30,13.07,13.34,12.99,13.20,7266271,13.17
2015/03/31,13.21,13.43,13.00,13.15,6126046,13.21
2015/04/01,13.22,13.75,13.00,13.43,11368499,13.38
2015/04/02,13.49,14.05,13.31,13.98,14973671,13.68
2015/04/03,13.83,15.25,13.70,14.95,11998106,14.47
2015/04/07,14.94,15.42,14.69,15.17,9736768,15.05
2015/04/08,15.17,15.27,14.42,14.54,9263869,14.84
2015/04/09,14.54,14.69,13.31,13.99,8412305,14.00
2015/04/10,13.97,15.20,13.57,14.91,8066789,14.38
2015/04/13,14.93,15.55,14.63,15.11,8129177,15.09
2015/04/14,15.09,15.23,14.30,14.80,10422209,14.77
2015/04/15,14.77,14.77,13.99,14.14,6228310,14.38
2015/04/16,14.03,14.50,13.69,13.93,5700404,14.09
2015/04/17,13.95,14.29,13.60,14.10,7303674,13.94
2015/04/20,13.98,14.09,13.43,13.47,6303734,13.76
2015/04/21,13.47,14.23,13.37,14.14,5473047,13.80
2015/04/22,14.37,15.06,14.23,14.75,6968330,14.65
2015/04/23,14.74,15.00,14.50,14.75,5634647,14.75
2015/04/24,14.63,16.24,14.37,16.24,12355381,15.30
2015/04/27,17.10,17.16,15.47,16.03,11977345,16.32
2015/04/28,16.02,16.04,14.70,15.03,8095392,15.37
2015/04/29,14.70,16.03,14.70,15.59,6888092,15.37
2015/04/30,16.10,16.18,15.50,15.67,8124498,15.84
2015/05/04,15.63,15.63,15.15,15.23,5355019,15.39
2015/05/05,15.23,15.41,14.91,14.92,3955304,15.16
2015/05/06,14.90,15.93,14.83,15.30,6126497,15.38
2015/05/07,14.90,15.67,14.90,15.29,3936421,15.29
2015/05/08,15.30,16.13,15.30,16.07,5192659,15.71
2015/05/11,16.21,17.22,15.87,17.18,7977226,16.54
2015/05/12,17.09,17.27,16.52,16.83,5192991,16.89
2015/05/13,16.77,18.37,16.40,17.99,6566926,17.38
2015/05/14,17.77,19.81,17.68,18.65,10182400,18.74
2015/05/15,18.50,19.83,18.17,19.43,6630805,19.00
2015/05/18,19.45,21.30,19.20,21.29,6170484,20.25
2015/05/19,22.17,23.17,21.17,21.89,5266285,22.17
2015/05/20,21.90,22.90,21.25,22.10,5813440,22.07
2015/05/21,22.03,24.33,21.59,24.33,5839118,22.96
2015/05/22,25.17,25.42,23.74,24.70,3920975,24.58
2015/05/25,24.57,24.57,23.29,23.63,7848751,23.93
2015/05/26,23.30,25.70,23.30,25.48,6383764,24.50
2015/05/27,25.83,27.90,25.83,26.50,6249853,26.86
2015/05/28,27.00,27.75,25.20,25.76,10483377,26.70
2015/05/29,25.05,26.80,23.17,25.40,11915177,25.68
2015/06/01,25.45,26.88,25.08,26.59,11139650,26.05
2015/06/02,26.90,27.25,25.95,26.80,13264332,26.74
2015/06/03,26.85,27.80,26.05,27.64,14728699,26.99
2015/06/04,27.18,27.39,24.87,26.39,10465710,26.24
2015/06/05,26.70,26.90,25.39,25.46,10329189,26.03
2015/06/08,25.46,25.68,23.89,24.90,13976322,24.69
2015/06/09,24.95,25.40,23.90,24.30,7772777,24.53
2015/06/10,24.31,25.42,23.91,25.15,9467088,25.06
2015/06/11,25.20,25.90,24.70,25.48,9712921,25.42
2015/06/12,25.30,25.50,24.55,25.30,10451879,25.11
2015/06/15,25.28,26.32,24.90,25.47,10150064,25.79
2015/06/16,25.34,25.34,23.65,23.86,5422665,24.59
2015/06/17,24.30,24.40,22.15,24.22,6325052,23.59
2015/06/18,24.30,24.78,23.65,24.30,7045113,24.29
2015/06/19,23.77,23.77,22.41,22.64,4217341,23.03
2015/06/23,22.60,23.50,20.37,23.35,6161371,21.95
2015/06/24,23.60,24.00,22.82,23.24,5126741,23.54
2015/06/25,23.19,23.20,20.91,20.91,7551211,21.81
2015/06/26,19.73,19.73,18.81,18.81,4301075,19.08
2015/06/29,19.30,19.40,16.92,16.92,7446542,17.32
2015/06/30,15.28,18.10,15.22,17.73,11161918,16.37
2015/07/01,17.02,17.87,15.95,15.95,7313683,17.25
2015/07/02,14.46,15.88,14.35,14.35,6200330,14.67
2015/07/03,14.46,15.88,14.35,14.35,0,15.12
2015/07/06,14.46,15.88,14.35,14.35,0,15.12
2015/07/07,14.46,15.88,14.35,14.35,0,15.12
2015/07/08,14.46,15.88,14.35,14.35,0,15.12
2015/07/09,14.46,15.88,14.35,14.35,0,15.12
2015/07/10,14.46,15.88,14.35,14.35,0,15.12
2015/07/13,14.46,15.88,14.35,14.35,0,15.12
2015/07/14,14.46,15.88,14.35,14.35,0,15.12
2015/07/15,14.46,15.88,14.35,14.35,0,15.12
2015/07/16,14.46,15.88,14.35,14.35,0,15.12
2015/07/17,14.46,15.88,14.35,14.35,0,15.12
2015/07/20,14.46,15.88,14.35,14.35,0,15.12
2015/07/21,14.46,15.88,14.35,14.35,0,15.12
2015/07/22,14.46,15.88,14.35,14.35,0,15.12
2015/07/23,14.46,15.88,14.35,14.35,0,15.12
2015/07/24,14.46,15.88,14.35,14.35,0,15.12
2015/07/27,14.46,15.88,14.35,14.35,0,15.12
2015/07/28,14.46,15.88,14.35,14.35,0,15.12
2015/07/29,14.46,15.88,14.35,14.35,0,15.12
2015/07/30,15.80,15.80,15.80,15.80,513300,15.90
2015/07/31,17.39,17.39,16.82,17.39,46124639,17.48
2015/08/03,15.65,16.39,15.64,15.64,19277817,15.87
2015/08/04,14.12,16.46,14.12,16.30,29144707,15.30
2015/08/05,15.85,16.06,14.90,15.02,21582419,15.61
2015/08/06,14.49,14.87,14.02,14.22,12310764,14.55
2015/08/07,14.68,15.38,14.40,15.23,15642298,14.92
2015/08/10,15.34,16.56,15.30,16.35,19201196,16.00
2015/08/11,16.63,17.90,15.85,17.25,29637977,16.93
2015/08/12,16.72,17.25,16.05,16.21,20356262,16.79
2015/08/13,16.16,16.88,16.05,16.82,12174016,16.57
2015/08/14,16.98,17.20,16.41,16.70,13186731,16.74
2015/08/17,16.63,16.63,16.05,16.40,9479888,16.41
2015/08/18,16.41,16.88,14.75,15.58,16138786,16.13
2015/08/19,15.05,16.10,14.15,15.90,12367873,15.16
2015/08/20,15.60,15.77,14.90,15.01,8327435,15.45
2015/08/21,14.89,15.03,13.68,13.93,8425106,14.47
2015/08/24,13.26,13.30,12.53,12.53,5295990,12.76
2015/08/25,11.27,11.45,11.27,11.27,5774614,11.38
2015/08/26,10.40,11.38,10.13,10.13,17796453,10.55
2015/08/27,10.22,10.60,9.20,9.98,16591997,10.07
2015/08/28,10.17,10.92,9.92,10.92,19828092,10.42
2015/08/31,10.80,10.80,9.95,9.99,12456891,10.41
2015/09/01,9.76,9.79,8.98,8.98,14096456,9.29
2015/09/02,8.23,9.28,8.23,8.31,11011558,8.70
2015/09/07,8.46,9.10,8.46,8.75,10111516,8.85
2015/09/08,8.69,9.55,8.55,9.45,9495956,9.07
2015/09/09,9.55,10.08,9.40,10.02,15240994,9.92
2015/09/10,9.90,10.02,9.61,9.67,10160755,9.90
2015/09/11,9.68,10.01,9.61,9.90,8441927,9.94
2015/09/14,9.97,10.05,8.90,8.90,9481696,9.43
2015/09/15,8.50,8.80,8.00,8.00,8323197,8.41
2015/09/16,8.12,8.81,8.03,8.79,9418511,8.50
2015/09/17,8.78,9.20,8.55,8.55,10953750,8.95
2015/09/18,8.65,8.77,8.42,8.70,6642633,8.72
2015/09/21,8.50,9.30,8.45,9.27,9787116,9.09
2015/09/22,9.28,9.55,9.18,9.42,11542464,9.48
2015/09/23,9.09,9.38,9.09,9.27,7598275,9.34
2015/09/24,9.35,9.70,9.30,9.56,9805468,9.61
2015/09/25,9.53,9.87,9.05,9.23,9674684,9.60
2015/09/28,9.23,9.71,9.02,9.68,7624553,9.55
2015/09/29,9.38,10.09,9.38,10.05,16593134,9.93
2015/09/30,10.07,10.19,9.70,9.75,10996751,9.96
2015/10/08,10.10,10.35,9.96,10.22,11507599,10.28
2015/10/09,10.20,10.44,10.10,10.40,10508057,10.39
2015/10/12,10.60,11.10,10.49,11.06,14411267,10.99
2015/10/13,10.99,11.47,10.88,11.17,15081161,11.29
2015/10/14,11.06,11.20,10.88,10.88,10375181,11.10
2015/10/15,10.71,11.53,10.71,11.45,12619930,11.28
2015/10/16,11.56,11.65,11.20,11.48,13090039,11.53
2015/10/19,11.51,11.94,11.32,11.60,13748435,11.77
2015/10/20,11.68,12.09,11.58,12.02,13932373,12.04
2015/10/21,11.95,12.37,10.83,11.10,17821299,11.88
2015/10/22,11.20,12.22,11.20,12.22,9446773,12.14
2015/10/23,13.45,13.45,13.45,13.45,1580482,13.55
2015/10/26,14.81,14.81,14.70,14.81,43296879,14.91
2015/10/27,14.77,16.30,14.02,16.30,70760325,15.32
2015/10/28,15.85,17.39,15.49,16.35,64637833,16.64
2015/10/29,16.41,18.00,16.41,18.00,30492583,17.60
2015/10/30,18.40,19.81,18.08,18.41,74818588,18.94
2015/11/02,16.58,18.06,16.57,17.04,48386275,17.23
2015/11/03,17.15,17.48,15.96,16.20,48905533,16.86
2015/11/04,16.40,17.83,16.22,17.83,37511487,17.13
2015/11/05,18.20,19.58,17.76,18.31,70639409,18.56
2015/11/06,17.91,18.90,17.54,18.59,53945201,18.46
2015/11/09,17.92,18.48,17.20,18.20,38312117,18.13
2015/11/10,17.96,19.60,17.88,18.71,51611467,18.95
2015/11/11,18.37,19.89,18.03,19.46,51358547,19.05
2015/11/12,20.25,21.18,19.45,19.73,56008230,20.24
2015/11/13,18.90,19.26,17.91,18.35,36388850,18.84
2015/11/16,18.04,19.01,17.78,18.99,22598554,18.77
2015/11/17,19.16,19.34,18.41,18.50,25645020,18.96
2015/11/18,18.70,18.85,17.50,17.60,18187037,18.35
2015/11/19,17.80,18.68,17.52,18.50,22258586,18.21
2015/11/20,18.34,18.84,18.03,18.56,22235168,18.52
2015/11/23,18.90,19.58,18.63,19.00,33793915,19.25
2015/11/24,19.00,19.38,18.45,19.16,19114745,19.03
2015/11/25,19.05,21.09,18.88,20.29,45462644,20.34
2015/11/26,19.90,20.17,19.41,19.45,28458869,19.81
2015/11/27,19.18,19.65,17.50,17.50,22183556,18.63
2015/11/30,17.14,17.70,15.91,17.32,19319172,17.08
2015/12/01,17.30,17.45,16.35,16.85,13414357,17.00
2015/12/02,16.90,17.02,15.62,16.56,11459039,16.36
2015/12/03,16.85,17.28,16.59,17.15,12692282,17.04
2015/12/04,17.10,17.60,16.91,17.12,13852888,17.33
2015/12/07,17.18,17.49,16.78,17.46,12457657,17.23
2015/12/08,17.46,17.46,16.55,16.92,12319792,17.00
2015/12/09,16.52,16.87,16.33,16.40,8644354,16.63
2015/12/10,16.40,17.22,16.12,16.80,14083245,16.73
2015/12/11,16.61,16.73,16.13,16.14,7930815,16.49
2015/12/14,16.61,16.73,16.13,16.14,0,16.43
2015/12/15,16.61,16.73,16.13,16.14,0,16.43
2015/12/16,16.61,16.73,16.13,16.14,0,16.43
2015/12/17,16.61,16.73,16.13,16.14,0,16.43
2015/12/18,16.61,16.73,16.13,16.14,0,16.43
2015/12/21,17.76,17.76,17.76,17.76,1939001,17.86
2015/12/22,18.47,19.35,17.90,18.78,31554217,18.71
2015/12/23,18.23,19.26,18.23,18.82,28965181,18.94
2015/12/24,18.51,18.71,18.06,18.61,14744093,18.41
2015/12/25,18.64,18.74,18.22,18.60,10562453,18.55
2015/12/28,18.63,18.80,18.15,18.54,13130624,18.60
2015/12/29,18.36,19.50,18.28,19.38,25323449,19.17
2015/12/30,19.38,19.88,19.10,19.74,22094987,19.61
2015/12/31,19.74,19.85,19.06,19.29,14232129,19.47
2016/01/04,19.11,19.11,17.35,17.35,9224287,18.22
2016/01/05,15.72,17.05,15.61,15.71,17201532,16.25
2016/01/06,15.92,16.23,15.10,16.05,14186047,15.84
2016/01/07,15.54,15.54,14.44,14.44,2493854,15.06
2016/01/08,14.88,14.88,13.26,13.97,11295026,14.19
2016/01/11,13.47,13.91,12.56,12.56,9013888,13.33
2016/01/12,12.79,12.79,12.10,12.57,6977786,12.62
2016/01/13,12.60,12.80,11.35,11.35,7207729,12.41
2016/01/14,10.90,12.20,10.62,12.05,9761789,11.65
2016/01/15,12.05,12.43,11.40,11.75,11828321,12.11
2016/01/18,11.18,12.39,11.18,11.96,10448617,12.09
2016/01/19,11.96,12.81,11.88,12.67,13765736,12.36
2016/01/20,12.48,12.71,12.17,12.29,11086641,12.51
2016/01/21,11.97,12.51,11.71,11.71,8960269,12.26
2016/01/22,11.92,12.03,11.30,11.89,8712318,11.83
2016/01/25,12.05,12.35,11.85,12.27,9180597,12.21
2016/01/26,12.09,12.09,11.03,11.03,8595974,11.67
2016/01/27,11.28,11.28,10.00,10.65,8273214,10.67
2016/01/28,10.23,10.66,9.90,9.91,6236521,10.43
2016/01/29,10.00,10.90,9.94,10.68,11422405,10.49
2016/02/01,10.58,10.85,10.48,10.73,6895341,10.75
2016/02/02,10.85,11.64,10.85,11.59,9698999,11.48
2016/02/03,11.50,12.34,11.23,12.11,10593708,11.80
2016/02/04,12.20,12.30,11.95,12.14,8563745,12.28
2016/02/05,12.18,12.86,12.09,12.11,8754202,12.48
2016/02/15,11.55,12.58,11.54,12.35,8088514,12.09
2016/02/16,12.48,12.88,12.38,12.75,9977113,12.82
2016/02/17,12.71,13.04,12.48,12.79,8921319,12.89
2016/02/18,12.86,13.23,12.60,12.69,13343848,12.99
2016/02/19,12.53,12.82,12.30,12.66,10363307,12.65
2016/02/22,12.83,12.96,12.71,12.89,9252294,12.94
2016/02/23,12.89,13.18,12.78,13.12,12138507,13.11
2016/02/24,13.38,13.85,13.00,13.18,15329155,13.49
2016/02/25,12.91,13.07,11.85,11.85,12388718,12.49
2016/02/26,12.11,12.11,11.28,11.62,7937812,11.81
2016/02/29,11.44,11.74,10.45,10.51,9356393,10.82
2016/03/01,10.56,11.57,10.28,11.29,10260751,10.98
2016/03/02,11.15,11.89,11.03,11.71,10747511,11.58
2016/03/03,11.69,12.60,11.60,11.75,13339683,12.07
2016/03/04,11.65,11.86,11.00,11.13,9058421,11.55
2016/03/07,11.20,11.66,11.15,11.34,6758367,11.52
2016/03/08,11.22,11.57,10.63,11.54,8288562,11.25
2016/03/09,11.23,12.01,11.07,11.53,10327323,11.75
2016/03/10,11.62,11.70,11.16,11.18,6418052,11.50
2016/03/11,10.96,11.23,10.75,11.03,4562815,11.16
2016/03/14,11.29,11.69,11.20,11.52,7293012,11.63
2016/03/15,11.59,11.64,11.33,11.36,5844046,11.58
2016/03/16,11.48,11.53,11.05,11.17,5479721,11.38
2016/03/17,11.25,11.72,11.23,11.65,8529182,11.61
2016/03/18,11.66,12.49,11.66,12.34,13471951,12.22
2016/03/21,12.60,12.72,12.37,12.60,12839793,12.61
2016/03/22,12.55,13.69,12.42,13.02,20024140,13.24
2016/03/23,12.78,13.00,12.65,12.92,10303122,12.93
2016/03/24,12.80,13.03,12.59,12.61,10248266,12.92
2016/03/25,12.49,12.83,12.47,12.74,6065297,12.76
2016/03/28,12.86,13.04,12.57,12.63,7301829,12.94
2016/03/29,12.63,12.70,12.10,12.30,6136039,12.48
2016/03/30,12.49,12.80,12.40,12.80,7991274,12.70
2016/03/31,12.89,13.50,12.73,13.45,14074856,13.17
2016/04/01,13.23,13.28,12.81,13.05,9495246,13.14
2016/04/05,13.05,13.37,12.90,13.35,9136540,13.33
2016/04/06,13.25,13.71,13.12,13.35,8950816,13.49
2016/04/07,13.47,13.48,12.91,12.91,8677786,13.21
2016/04/08,12.74,12.79,12.51,12.72,6629839,12.75
2016/04/11,12.86,13.29,12.79,13.17,8889270,13.19
2016/04/12,13.16,13.50,12.86,13.50,11235031,13.32
2016/04/13,13.38,13.85,13.35,13.54,15322944,13.72
2016/04/14,13.55,13.68,13.30,13.58,8145333,13.58
2016/04/15,13.65,13.68,13.33,13.44,6567586,13.56
2016/04/18,13.32,13.32,13.08,13.14,5633278,13.26
2016/04/19,13.25,13.42,13.10,13.22,5736073,13.32
2016/04/20,13.35,13.40,12.00,12.35,12401713,12.68
2016/04/21,12.31,12.46,12.11,12.14,5625043,12.41
2016/04/22,11.99,13.08,11.88,13.00,13874840,12.51
2016/04/25,12.85,12.85,12.24,12.42,10864936,12.61
2016/04/26,12.31,12.46,12.21,12.40,5788924,12.43
2016/04/27,12.44,12.46,12.18,12.19,4644489,12.44
2016/04/28,12.22,12.26,11.73,12.05,5572030,12.06
2016/04/29,11.96,12.13,11.88,11.94,3624077,12.08
2016/05/03,11.85,12.36,11.80,12.36,5780422,12.24
2016/05/04,12.29,12.55,12.20,12.45,7179520,12.54
2016/05/05,12.46,12.56,12.40,12.50,7244220,12.58
2016/05/06,12.52,12.55,11.91,11.92,7009912,12.26
2016/05/09,11.80,11.81,11.13,11.21,5768852,11.50
2016/05/10,11.29,11.38,11.18,11.27,2547327,11.38
2016/05/11,11.32,11.40,11.01,11.11,2872483,11.29
2016/05/12,10.95,11.17,10.69,11.04,3383476,11.00
2016/05/13,11.05,11.39,10.97,11.12,2939134,11.27
2016/05/16,11.15,11.31,11.00,11.30,2642766,11.27
2016/05/17,11.38,12.12,11.15,11.59,8112807,11.74
2016/05/18,11.33,11.40,10.90,11.10,6032692,11.22
2016/05/19,11.11,11.30,11.00,11.06,3711862,11.27
2016/05/20,10.97,11.16,10.86,11.15,2782409,11.15
2016/05/23,11.15,11.35,11.14,11.29,3128366,11.37
2016/05/24,11.32,11.44,11.23,11.35,4011509,11.44
2016/05/25,11.48,11.54,11.17,11.25,3447301,11.47
2016/05/26,11.24,11.32,10.97,11.32,3169091,11.24
2016/05/27,11.32,11.75,11.30,11.55,6772871,11.62
2016/05/30,11.36,11.65,11.32,11.47,3212386,11.59
2016/05/31,11.47,11.96,11.47,11.92,6193846,11.81
2016/06/01,11.92,12.05,11.82,11.86,5752742,11.91
2016/06/02,11.80,12.40,11.75,12.08,9098289,12.07
2016/06/03,12.11,12.15,11.91,11.98,6005706,12.00
2016/06/06,12.02,12.20,11.95,12.15,6249685,12.10
2016/06/07,12.20,12.20,11.90,11.96,4229924,11.99
2016/06/08,11.91,11.96,11.60,11.75,6188907,11.72
2016/06/13,11.55,11.75,11.21,11.22,4252269,11.50
2016/06/14,11.18,11.43,11.15,11.35,3259539,11.28
2016/06/15,11.17,11.69,11.15,11.60,4013800,11.54
2016/06/16,11.59,11.74,11.46,11.50,3651803,11.58
2016/06/17,11.47,11.88,11.45,11.71,4604410,11.72
2016/06/20,11.75,11.80,11.50,11.60,3315567,11.59
2016/06/21,11.70,11.76,11.40,11.43,3773836,11.59
2016/06/22,11.47,11.67,11.40,11.66,2818735,11.55
2016/06/23,11.68,11.78,11.57,11.70,3652645,11.69
2016/06/24,11.76,11.80,11.11,11.43,5027157,11.50
2016/06/27,11.30,11.78,11.22,11.73,4258222,11.61
2016/06/28,11.70,11.96,11.61,11.89,6060182,11.82
2016/06/29,11.88,11.98,11.82,11.92,4786678,11.90
2016/06/30,11.98,12.20,11.82,12.01,5543237,12.01
2016/07/01,12.07,12.10,11.86,11.88,3894489,11.97
2016/07/04,11.78,12.22,11.78,12.19,5791035,12.10
2016/07/05,12.20,12.25,12.08,12.16,5127059,12.17
2016/07/06,12.11,12.88,12.10,12.63,10919719,12.43
2016/07/07,12.59,12.78,12.31,12.50,8082431,12.54
2016/07/08,12.50,12.58,12.30,12.35,4492284,12.39
2016/07/11,12.36,12.63,12.33,12.41,6472115,12.48
2016/07/12,12.34,12.86,12.34,12.70,9506406,12.61
2016/07/13,12.69,13.03,12.66,12.85,8757660,12.85
2016/07/14,12.78,12.85,12.64,12.76,3690490,12.71
2016/07/15,12.76,12.90,12.62,12.75,4536751,12.75
2016/07/18,12.75,12.83,12.50,12.65,3394327,12.65
2016/07/19,12.58,12.70,12.43,12.65,3667765,12.53
2016/07/20,12.59,12.94,12.57,12.58,5897342,12.73
2016/07/21,12.55,12.81,12.47,12.65,5588275,12.66
2016/07/22,12.55,12.62,12.40,12.40,3795334,12.48
2016/07/25,12.33,12.46,12.20,12.28,3617910,12.34
2016/07/26,12.31,12.50,12.30,12.50,5709200,12.43
2016/07/27,12.47,12.99,11.94,12.90,16900400,12.53
2016/07/28,12.71,13.55,12.55,13.52,27614300,13.01
2016/07/29,13.33,13.54,13.13,13.38,16856865,13.32
2016/08/01,13.30,13.32,12.75,13.17,10883557,13.05
2016/08/02,13.08,14.05,13.02,13.87,28201571,13.56
2016/08/03,13.70,14.80,13.57,14.55,36726621,13.99
2016/08/04,14.30,14.45,14.01,14.33,26788615,14.24
2016/08/05,14.30,14.59,14.17,14.31,23838366,14.39
2016/08/08,14.35,14.37,13.76,14.15,23402641,14.00
2016/08/09,14.35,14.37,13.76,14.15,0,14.06
