Date, SZ300336.Open, SZ300336.High, SZ300336.Low, SZ300336.Close, SZ300336.Volume, SZ300336.Adjusted
2012/07/10,6.19,6.85,6.17,6.85,19184610,6.51
2012/07/11,6.67,7.12,6.13,6.17,13527335,6.63
2012/07/12,5.97,6.49,5.90,6.36,9237765,6.20
2012/07/13,6.17,6.28,5.73,5.90,9043118,6.01
2012/07/16,5.83,5.99,5.46,5.52,5675104,5.73
2012/07/17,5.56,5.80,5.55,5.63,4343799,5.67
2012/07/18,5.60,5.76,5.36,5.74,4920542,5.56
2012/07/19,5.66,5.96,5.65,5.74,5674408,5.81
2012/07/20,5.67,5.86,5.54,5.74,3709260,5.70
2012/07/23,5.64,6.08,5.58,5.92,4883343,5.83
2012/07/24,5.88,5.99,5.80,5.92,3678196,5.90
2012/07/25,5.91,6.28,5.84,6.02,6771867,6.06
2012/07/26,5.94,6.05,5.80,5.81,4451668,5.92
2012/07/27,5.83,6.05,5.78,5.85,3986613,5.92
2012/07/30,5.80,5.80,5.44,5.48,4137302,5.62
2012/07/31,5.43,5.46,5.18,5.18,3148582,5.32
2012/08/01,5.21,5.39,5.19,5.31,2086152,5.29
2012/08/02,5.26,5.33,5.15,5.22,1824599,5.24
2012/08/03,5.22,5.58,5.22,5.54,3813551,5.40
2012/08/06,5.45,5.64,5.42,5.61,3433690,5.53
2012/08/07,5.62,5.97,5.61,5.68,5331616,5.79
2012/08/08,5.62,5.66,5.50,5.62,3223517,5.58
2012/08/09,5.59,5.76,5.51,5.72,2621660,5.63
2012/08/10,5.72,5.72,5.54,5.62,2095096,5.63
2012/08/13,5.57,5.65,5.43,5.45,1833043,5.54
2012/08/14,5.40,5.56,5.36,5.55,1737113,5.46
2012/08/15,5.49,5.63,5.45,5.55,1852295,5.54
2012/08/16,5.54,5.61,5.46,5.46,1402343,5.54
2012/08/17,5.45,5.56,5.43,5.53,909311,5.49
2012/08/20,5.45,5.72,5.45,5.72,2371507,5.58
2012/08/21,5.73,5.85,5.65,5.83,3493036,5.75
2012/08/22,5.81,5.97,5.73,5.74,5425508,5.85
2012/08/23,5.78,5.97,5.72,5.93,3469068,5.84
2012/08/24,5.89,5.93,5.68,5.69,2412504,5.80
2012/08/27,5.63,5.76,5.63,5.65,1442348,5.69
2012/08/28,5.62,5.88,5.58,5.82,2236760,5.73
2012/08/29,5.80,6.03,5.79,5.89,3189037,5.91
2012/08/30,5.85,6.03,5.47,5.67,3667286,5.75
2012/08/31,5.63,5.75,5.58,5.72,1716491,5.67
2012/09/03,5.74,6.28,5.66,6.20,5340356,5.97
2012/09/04,6.17,6.32,6.11,6.22,5038696,6.22
2012/09/05,6.16,6.30,6.06,6.08,3865817,6.18
2012/09/06,6.08,6.28,6.07,6.24,2897168,6.18
2012/09/07,6.32,6.47,6.17,6.31,4817338,6.32
2012/09/10,6.24,6.29,6.19,6.25,2957064,6.24
2012/09/11,6.23,6.41,6.12,6.17,4345600,6.27
2012/09/12,6.20,6.22,5.97,6.06,3250945,6.09
2012/09/13,6.06,6.11,5.98,6.00,1833104,6.05
2012/09/14,6.03,6.11,5.97,6.04,1685505,6.04
2012/09/17,6.03,6.08,5.63,5.63,3176254,5.85
2012/09/18,5.63,5.69,5.52,5.54,1674782,5.60
2012/09/19,5.57,5.63,5.52,5.58,1106283,5.57
2012/09/20,5.58,5.58,5.26,5.28,2438601,5.42
2012/09/21,5.33,5.41,5.25,5.28,1448892,5.33
2012/09/24,5.27,5.47,5.17,5.38,1734669,5.32
2012/09/25,5.34,5.37,5.14,5.16,1844559,5.25
2012/09/26,5.15,5.19,4.96,4.98,1415132,5.08
2012/09/27,4.99,5.15,4.96,5.11,1918117,5.06
2012/09/28,5.07,5.17,5.04,5.17,1751179,5.10
2012/10/08,5.18,5.20,5.05,5.09,1134726,5.13
2012/10/09,5.09,5.37,5.09,5.37,2431843,5.23
2012/10/10,5.29,5.45,5.26,5.44,2472426,5.35
2012/10/11,5.42,5.42,5.29,5.30,1344257,5.35
2012/10/12,5.48,5.54,5.25,5.29,2265213,5.40
2012/10/15,5.20,5.24,5.03,5.07,1488727,5.14
2012/10/16,5.05,5.20,5.05,5.14,1006894,5.13
2012/10/17,5.15,5.18,5.10,5.14,592348,5.14
2012/10/18,5.17,5.28,5.13,5.24,1135841,5.21
2012/10/19,5.23,5.33,5.23,5.23,1015074,5.28
2012/10/22,5.16,5.29,5.13,5.28,809022,5.21
2012/10/23,5.31,5.35,5.23,5.26,954346,5.29
2012/10/24,5.19,5.29,5.16,5.22,604629,5.23
2012/10/25,5.21,5.27,5.13,5.14,904516,5.20
2012/10/26,5.18,5.18,5.04,5.10,989311,5.11
2012/10/29,5.12,5.16,5.02,5.10,835727,5.09
2012/10/30,5.13,5.23,5.10,5.20,862577,5.17
2012/10/31,5.22,5.29,5.20,5.28,981831,5.25
2012/11/01,5.28,5.35,5.23,5.30,1323040,5.29
2012/11/02,5.29,5.34,5.26,5.31,970468,5.30
2012/11/05,5.31,5.37,5.28,5.29,914803,5.33
2012/11/06,5.26,5.28,5.12,5.16,1004044,5.20
2012/11/07,5.16,5.21,5.12,5.16,533495,5.17
2012/11/08,5.13,5.15,5.02,5.03,825162,5.08
2012/11/09,5.01,5.07,4.99,5.07,630684,5.03
2012/11/12,5.11,5.23,5.11,5.15,1408346,5.17
2012/11/13,5.17,5.24,4.99,5.01,811339,5.12
2012/11/14,4.99,5.03,4.89,4.95,1058221,4.96
2012/11/15,4.90,5.01,4.85,4.86,661893,4.93
2012/11/16,4.83,4.88,4.77,4.86,567967,4.82
2012/11/19,4.86,4.87,4.70,4.78,836762,4.79
2012/11/20,4.81,4.81,4.69,4.69,568327,4.75
2012/11/21,4.71,4.81,4.65,4.78,1101790,4.73
2012/11/22,4.73,4.75,4.66,4.67,685082,4.71
2012/11/23,4.68,4.71,4.65,4.68,726654,4.68
2012/11/26,4.70,4.73,4.56,4.57,775929,4.65
2012/11/27,4.54,4.55,4.11,4.13,1884429,4.33
2012/11/28,4.13,4.13,4.00,4.02,788761,4.06
2012/11/29,4.04,4.08,3.92,3.94,616304,4.00
2012/11/30,3.94,4.02,3.93,3.98,622156,3.97
2012/12/03,3.98,3.98,3.72,3.73,839187,3.85
2012/12/04,3.74,4.07,3.74,3.83,1048838,3.91
2012/12/05,3.83,4.07,3.83,4.03,1540405,3.95
2012/12/06,4.00,4.03,3.94,3.96,844555,3.99
2012/12/07,3.97,4.11,3.93,4.10,1180148,4.02
2012/12/10,4.14,4.26,4.08,4.21,1462025,4.17
2012/12/11,4.16,4.19,4.10,4.12,1145877,4.15
2012/12/12,4.10,4.23,4.06,4.21,1324115,4.15
2012/12/13,4.18,4.20,4.06,4.06,962203,4.13
2012/12/14,4.07,4.33,4.04,4.31,1885136,4.19
2012/12/17,4.33,4.35,4.24,4.31,1225416,4.29
2012/12/18,4.30,4.34,4.22,4.27,1116710,4.28
2012/12/19,4.25,4.40,4.25,4.32,1055467,4.33
2012/12/20,4.32,4.61,4.28,4.49,2351012,4.45
2012/12/21,4.51,4.97,4.50,4.87,4690529,4.73
2012/12/24,4.78,5.04,4.78,5.00,3410244,4.91
2012/12/25,4.96,5.17,4.92,5.10,3689327,5.04
2012/12/26,5.06,5.41,5.05,5.34,4638800,5.23
2012/12/27,5.35,5.50,5.04,5.05,3912850,5.27
2012/12/28,5.03,5.60,5.03,5.59,6796030,5.31
2012/12/31,5.63,5.81,5.45,5.61,6048399,5.63
2013/01/04,5.66,5.76,5.43,5.63,4471263,5.59
2013/01/07,5.56,5.66,5.47,5.65,2966180,5.56
2013/01/08,5.60,5.80,5.51,5.58,3754079,5.65
2013/01/09,5.47,5.53,5.29,5.34,3115450,5.41
2013/01/10,5.34,5.44,5.30,5.36,1880538,5.37
2013/01/11,5.47,5.76,5.46,5.53,4509391,5.61
2013/01/14,5.53,5.81,5.51,5.77,3432707,5.66
2013/01/15,5.80,5.84,5.64,5.77,3711876,5.74
2013/01/16,5.70,5.87,5.58,5.69,2941443,5.73
2013/01/17,5.76,5.83,5.62,5.63,2707071,5.73
2013/01/18,5.64,5.70,5.53,5.64,2092896,5.62
2013/01/21,5.63,6.01,5.60,5.99,4037300,5.80
2013/01/22,5.93,5.95,5.42,5.54,3610651,5.69
2013/01/23,5.48,5.58,5.31,5.49,2129762,5.44
2013/01/24,5.53,5.53,5.22,5.25,1978910,5.38
2013/01/25,5.25,5.38,5.23,5.29,923813,5.31
2013/01/28,5.35,5.49,5.31,5.47,1209660,5.40
2013/01/29,5.46,5.64,5.46,5.58,1352197,5.55
2013/01/30,5.55,5.58,5.41,5.49,1247988,5.50
2013/01/31,5.43,5.60,5.43,5.60,1200452,5.51
2013/02/01,5.57,5.69,5.55,5.64,1364484,5.62
2013/02/04,5.69,5.78,5.56,5.75,3030951,5.67
2013/02/05,5.85,6.21,5.78,6.05,5669157,6.00
2013/02/06,5.95,5.98,5.86,5.92,2472440,5.92
2013/02/07,5.90,6.07,5.87,6.01,1833922,5.97
2013/02/08,6.07,6.07,5.91,6.00,1877150,5.99
2013/02/18,6.02,6.07,5.93,6.03,1827294,6.00
2013/02/19,6.05,6.07,5.70,5.72,2190617,5.89
2013/02/20,5.71,5.85,5.70,5.84,1490133,5.77
2013/02/21,5.76,5.84,5.65,5.72,1573573,5.75
2013/02/22,5.68,5.96,5.67,5.81,2625465,5.81
2013/02/25,5.82,5.94,5.79,5.85,1666102,5.87
2013/02/26,5.83,6.42,5.78,6.13,5555412,6.10
2013/02/27,6.20,6.32,6.04,6.30,4154725,6.18
2013/02/28,6.28,6.55,6.23,6.43,4255324,6.39
2013/03/01,6.47,6.57,6.38,6.50,3268700,6.48
2013/03/04,6.45,6.48,6.18,6.20,2884491,6.33
2013/03/05,6.19,6.36,6.19,6.29,2006370,6.28
2013/03/06,6.31,6.67,6.30,6.66,2866163,6.48
2013/03/07,6.68,6.68,6.24,6.42,2300785,6.46
2013/03/08,6.45,6.75,6.29,6.32,2984161,6.52
2013/03/11,6.31,6.37,6.14,6.24,1906825,6.25
2013/03/12,6.28,6.29,5.80,5.90,2565550,6.04
2013/03/13,5.90,6.02,5.76,5.96,1448649,5.89
2013/03/14,5.98,6.22,5.95,6.21,2267737,6.08
2013/03/15,6.21,6.62,6.15,6.46,3336818,6.39
2013/03/18,5.95,6.37,5.83,6.18,4803690,6.10
2013/03/19,6.35,6.62,6.35,6.60,5098046,6.48
2013/03/20,6.70,6.85,6.60,6.80,4763668,6.72
2013/03/21,6.72,7.10,6.70,7.05,3317240,6.90
2013/03/22,6.96,7.01,6.87,6.99,1615288,6.94
2013/03/25,6.99,7.10,6.83,6.92,1456047,6.96
2013/03/26,6.90,7.12,6.66,7.08,2148543,6.89
2013/03/27,7.07,7.10,6.88,6.92,1695968,6.99
2013/03/28,6.81,6.92,6.70,6.79,1559629,6.81
2013/03/29,6.82,6.90,6.70,6.83,1187791,6.80
2013/04/01,6.81,7.14,6.63,7.13,2542450,6.88
2013/04/02,7.06,7.17,6.68,6.72,2307319,6.92
2013/04/03,6.71,6.75,6.40,6.46,1685006,6.58
2013/04/08,6.35,6.91,6.22,6.87,1896404,6.56
2013/04/09,6.81,7.13,6.81,7.02,1852525,6.97
2013/04/10,7.00,7.24,6.83,7.22,1746520,7.04
2013/04/11,7.24,7.24,7.03,7.06,1011393,7.14
2013/04/12,7.04,7.28,6.97,7.09,1307286,7.13
2013/04/15,7.07,7.17,6.88,6.88,1013220,7.02
2013/04/16,6.78,7.29,6.74,7.28,1688321,7.02
2013/04/17,7.27,7.56,7.21,7.51,1794230,7.38
2013/04/18,7.51,7.80,7.47,7.57,2397222,7.63
2013/04/19,7.50,7.70,7.46,7.70,1663498,7.58
2013/04/22,7.68,8.38,7.63,8.35,2504466,8.01
2013/04/23,8.35,8.52,8.04,8.12,2280262,8.28
2013/04/24,8.12,8.72,8.12,8.60,2487324,8.42
2013/04/25,8.58,8.83,7.82,7.89,2795067,8.33
2013/04/26,7.92,8.18,7.58,7.88,1809611,7.88
2013/05/02,7.83,8.69,7.81,8.69,2335662,8.25
2013/05/03,8.70,9.20,8.56,9.06,2472774,8.88
2013/05/06,9.04,9.42,8.86,8.90,2396049,9.14
2013/05/07,8.78,8.82,8.51,8.70,2648634,8.67
2013/05/08,8.68,9.16,8.68,9.10,3057882,8.92
2013/05/09,9.01,9.17,8.61,8.83,2682735,8.89
2013/05/10,8.72,8.74,8.38,8.49,2591580,8.56
2013/05/13,8.49,8.63,8.34,8.61,1050139,8.49
2013/05/14,8.56,8.64,8.40,8.50,1312887,8.52
2013/05/15,8.46,9.03,8.46,8.97,1565826,8.75
2013/05/16,8.87,9.01,8.53,8.65,2319475,8.77
2013/05/17,8.60,9.00,8.49,8.68,1886841,8.75
2013/05/20,8.80,9.14,8.50,9.08,2869923,8.82
2013/05/21,8.97,9.71,8.90,9.71,3226805,9.31
2013/05/22,9.44,9.51,9.08,9.16,1906991,9.29
2013/05/23,9.15,9.34,8.80,8.82,1747021,9.07
2013/05/24,8.83,9.19,8.83,9.11,1230858,9.01
2013/05/27,9.10,9.19,8.90,9.10,1238060,9.04
2013/05/28,9.06,9.06,8.51,8.55,1642563,8.79
2013/05/29,8.60,8.71,8.54,8.57,836645,8.63
2013/05/30,8.60,8.85,8.59,8.83,1013239,8.72
2013/05/31,8.76,8.90,8.76,8.83,824514,8.83
2013/06/03,8.79,8.82,8.53,8.58,885270,8.67
2013/06/04,8.53,8.56,7.81,7.96,1894668,8.19
2013/06/05,7.93,8.08,7.90,7.97,756562,7.99
2013/06/06,7.92,8.12,7.84,7.91,1216692,7.98
2013/06/07,7.84,8.23,7.81,8.17,2078750,8.02
2013/06/13,8.03,8.25,7.62,8.18,1636971,7.94
2013/06/14,8.23,8.82,8.13,8.70,2243309,8.48
2013/06/17,8.74,9.24,8.67,8.85,2654552,8.96
2013/06/18,8.68,9.01,8.54,8.82,1412352,8.77
2013/06/19,8.72,8.87,8.56,8.68,1080866,8.71
2013/06/20,8.57,8.94,8.17,8.32,1584606,8.55
2013/06/21,8.08,8.32,7.82,8.22,1131470,8.07
2013/06/24,8.15,8.15,7.38,7.44,1477561,7.77
2013/06/25,7.38,7.82,6.88,7.78,1409788,7.35
2013/06/26,7.75,8.56,7.63,8.52,1603693,8.10
2013/06/27,8.49,8.87,8.32,8.38,2238093,8.59
2013/06/28,8.26,8.81,8.04,8.55,1286837,8.42
2013/07/01,8.43,9.01,8.38,8.93,1688393,8.70
2013/07/02,8.88,9.12,8.70,8.92,1995905,8.91
2013/07/03,8.74,9.22,8.59,9.21,2736531,8.91
2013/07/04,9.07,9.24,8.91,8.91,1920492,9.08
2013/07/05,8.95,9.03,8.53,8.54,1651266,8.78
2013/07/08,8.16,8.60,8.04,8.15,1055908,8.32
2013/07/09,8.09,8.35,7.88,8.31,1677958,8.11
2013/07/10,8.25,8.72,8.20,8.58,2274759,8.46
2013/07/11,8.53,8.60,8.29,8.46,3234080,8.44
2013/07/12,8.46,9.12,8.39,8.90,3828351,8.75
2013/07/15,8.83,9.24,8.79,9.23,5698900,9.01
2013/07/16,9.17,9.32,8.92,9.06,4494955,9.12
2013/07/17,9.06,9.35,8.99,9.31,5281891,9.17
2013/07/18,9.23,9.57,9.09,9.26,5439694,9.33
2013/07/19,9.24,9.53,8.81,8.82,5279771,9.17
2013/07/22,8.79,9.35,8.79,9.32,4281420,9.07
2013/07/23,9.32,9.80,9.14,9.62,6718746,9.47
2013/07/24,9.64,10.60,9.51,10.60,8983031,10.05
2013/07/25,10.67,10.89,9.90,10.20,9827609,10.40
2013/07/26,10.47,10.80,9.76,10.24,6655296,10.28
2013/07/29,9.97,10.03,9.29,9.48,5777530,9.66
2013/07/30,9.40,9.59,8.80,9.06,5092062,9.20
2013/07/31,9.10,9.23,8.93,8.99,3007565,9.08
2013/08/01,8.99,9.49,8.95,9.42,4162118,9.22
2013/08/02,9.44,9.58,9.08,9.11,4404194,9.33
2013/08/05,9.28,9.56,9.21,9.25,3977071,9.39
2013/08/06,9.29,9.58,9.24,9.42,3391615,9.41
2013/08/07,9.34,9.34,8.69,8.71,5810177,9.01
2013/08/08,8.64,8.86,8.54,8.71,2847815,8.70
2013/08/09,8.74,8.83,8.37,8.53,3105111,8.60
2013/08/12,8.50,8.67,8.37,8.65,2638086,8.52
2013/08/13,8.65,8.90,8.53,8.76,2961171,8.71
2013/08/14,8.74,8.81,8.54,8.71,2073029,8.67
2013/08/15,8.71,8.75,8.55,8.55,1742545,8.65
2013/08/16,8.49,8.65,8.22,8.25,2382245,8.44
2013/08/19,8.24,8.60,8.17,8.60,2063258,8.38
2013/08/20,8.55,8.77,8.45,8.59,2802346,8.61
2013/08/21,8.59,8.76,8.54,8.65,2085442,8.65
2013/08/22,8.64,8.91,8.64,8.82,3073861,8.78
2013/08/23,8.87,9.32,8.87,9.18,6227536,9.09
2013/08/26,9.16,9.28,8.97,9.20,3977165,9.13
2013/08/27,9.20,9.54,9.00,9.47,5028160,9.27
2013/08/28,9.28,9.85,9.24,9.32,6456179,9.54
2013/08/29,9.24,9.45,9.17,9.20,2992240,9.31
2013/08/30,9.17,9.17,8.35,8.46,4442660,8.76
2013/09/02,8.38,8.80,8.33,8.77,2421398,8.57
2013/09/03,8.83,9.26,8.77,9.15,2955554,9.01
2013/09/04,9.10,9.23,9.00,9.04,2535464,9.12
2013/09/05,8.99,9.58,8.99,9.43,4549430,9.29
2013/09/06,9.40,9.63,9.35,9.50,4010139,9.49
2013/09/09,9.63,10.42,9.55,9.75,5542221,9.99
2013/09/10,9.79,10.75,9.79,10.75,9305330,10.27
2013/09/11,10.75,10.75,9.94,10.30,6322386,10.34
2013/09/12,10.38,11.26,10.29,10.72,6904166,10.77
2013/09/13,10.56,11.17,9.97,11.03,5356568,10.57
2013/09/16,10.84,12.16,10.84,11.63,6659429,11.50
2013/09/17,11.63,11.96,11.31,11.38,3673073,11.64
2013/09/18,11.52,12.39,11.36,12.19,4430181,11.88
2013/09/23,12.17,13.14,11.91,12.89,3629556,12.53
2013/09/24,12.81,14.17,12.69,13.38,4964015,13.43
2013/09/25,13.26,14.40,13.22,13.97,3928519,13.81
2013/09/26,13.83,14.06,12.58,12.81,4855451,13.32
2013/09/27,12.69,13.56,12.39,13.28,4004834,12.98
2013/09/30,13.36,14.17,12.97,13.90,3455357,13.57
2013/10/08,13.74,14.06,12.70,13.12,4873292,13.38
2013/10/09,12.98,13.04,12.70,12.91,3462425,12.87
2013/10/10,12.96,13.04,11.60,11.74,6333676,12.32
2013/10/11,11.83,11.97,11.11,11.48,4943825,11.54
2013/10/14,11.48,12.10,11.41,12.02,4042868,11.75
2013/10/15,11.88,12.08,11.46,11.67,3539483,11.77
2013/10/16,11.56,11.67,10.48,10.53,4887306,11.08
2013/10/17,10.65,10.72,10.33,10.54,2940809,10.53
2013/10/18,10.47,10.87,10.47,10.80,2648265,10.67
2013/10/21,10.73,11.21,10.73,10.96,2768727,10.97
2013/10/22,10.97,11.01,9.97,10.12,3716480,10.49
2013/10/23,10.13,10.31,9.79,10.25,2137054,10.05
2013/10/24,10.19,10.53,10.19,10.29,1605702,10.36
2013/10/25,10.24,10.57,9.97,10.45,2072656,10.27
2013/10/28,10.37,10.60,10.21,10.45,1871794,10.41
2013/10/29,10.45,10.60,9.49,9.99,2704439,10.04
2013/10/30,9.86,10.19,9.81,10.07,1308186,10.00
2013/10/31,10.05,10.10,9.29,9.30,2441127,9.69
2013/11/01,9.22,9.23,8.68,9.03,2359585,8.96
2013/11/04,8.99,9.26,8.95,9.05,1149940,9.10
2013/11/05,9.05,9.36,9.03,9.33,1643458,9.19
2013/11/06,9.26,9.40,8.99,8.99,1333708,9.20
2013/11/07,9.18,9.54,9.17,9.31,3030543,9.35
2013/11/08,9.26,9.79,9.08,9.55,2533555,9.43
2013/11/11,9.54,10.03,9.42,9.81,2668098,9.72
2013/11/12,9.82,10.17,9.65,10.10,2366717,9.91
2013/11/13,10.08,10.30,9.88,9.89,2636916,10.09
2013/11/14,9.90,10.89,9.88,10.75,4067072,10.39
2013/11/15,10.70,11.21,10.63,11.06,3816435,10.92
2013/11/18,11.08,11.30,10.95,11.06,2779017,11.13
2013/11/19,11.06,11.56,11.03,11.21,2469189,11.29
2013/11/20,11.28,11.29,10.92,11.12,1925721,11.10
2013/11/21,11.04,11.26,10.90,10.99,1889851,11.08
2013/11/22,10.99,11.09,10.58,10.72,2384868,10.83
2013/11/25,10.60,11.20,10.42,10.98,2228916,10.81
2013/11/26,11.03,11.63,10.82,11.30,3200845,11.23
2013/11/27,11.29,12.32,11.24,11.95,4325200,11.78
2013/11/28,11.84,12.12,11.71,11.93,2948664,11.92
2013/11/29,11.98,12.46,11.87,12.13,3247376,12.17
2013/12/02,10.89,11.49,10.89,10.89,4211638,11.19
2013/12/03,9.92,10.53,9.77,10.27,4543165,10.15
2013/12/04,10.17,10.47,9.74,9.74,3487634,10.11
2013/12/05,9.49,9.65,9.24,9.35,3544095,9.45
2013/12/06,9.30,9.67,9.30,9.51,2495706,9.49
2013/12/09,9.56,9.91,9.51,9.90,3065746,9.71
2013/12/10,10.08,10.31,9.70,9.78,2882782,10.00
2013/12/11,9.76,10.08,9.55,9.78,2688652,9.82
2013/12/12,9.72,10.53,9.68,10.36,3883698,10.10
2013/12/13,10.29,10.47,10.16,10.32,2367620,10.32
2013/12/16,10.54,10.82,10.32,10.60,2831789,10.57
2013/12/17,10.55,10.58,10.08,10.22,2170594,10.33
2013/12/18,10.23,10.36,9.67,10.09,2084397,10.01
2013/12/19,10.12,11.08,10.12,10.51,4142959,10.60
2013/12/20,10.64,11.56,10.42,11.39,5679773,10.99
2013/12/23,11.42,11.62,11.06,11.49,4631048,11.34
2013/12/24,11.48,11.96,11.24,11.58,4297148,11.60
2013/12/25,11.67,12.42,11.56,12.31,5215084,11.99
2013/12/26,12.23,12.50,11.70,11.70,4229087,12.10
2013/12/27,11.74,12.12,11.62,11.80,3079123,11.87
2013/12/30,11.74,12.28,11.74,12.20,3050040,12.01
2013/12/31,12.21,12.21,11.53,11.54,3272243,11.87
2014/01/02,11.60,11.93,11.51,11.81,2370560,11.72
2014/01/03,11.78,11.85,11.52,11.68,2724357,11.68
2014/01/06,11.56,11.65,10.65,10.69,3551209,11.15
2014/01/07,10.54,11.17,10.45,11.16,2824380,10.81
2014/01/08,11.17,12.02,11.17,11.68,4200980,11.59
2014/01/09,11.60,11.92,11.22,11.23,3013720,11.57
2014/01/10,11.13,11.44,10.72,10.96,2184144,11.08
2014/01/13,11.04,12.08,10.99,12.08,4995818,11.54
2014/01/14,12.04,12.33,11.79,12.29,3969206,12.06
2014/01/15,12.18,12.40,12.01,12.32,2960169,12.21
2014/01/16,12.35,12.80,12.01,12.54,4234896,12.41
2014/01/17,13.02,13.21,12.43,12.46,7641241,12.82
2014/01/20,12.37,12.75,12.08,12.14,3257989,12.42
2014/01/21,12.13,12.92,12.13,12.76,3792013,12.53
2014/01/22,12.71,12.92,12.42,12.72,3523296,12.67
2014/01/23,12.72,13.49,12.72,13.23,4567863,13.11
2014/01/24,13.10,13.37,13.00,13.10,3199415,13.18
2014/01/27,13.05,13.67,12.99,13.29,3352831,13.33
2014/01/28,13.22,13.46,12.70,13.18,2891162,13.08
2014/01/29,13.20,13.38,13.02,13.25,2059686,13.20
2014/01/30,13.25,13.60,13.17,13.24,2045340,13.38
2014/02/07,13.06,13.36,12.85,13.24,2482346,13.10
2014/02/10,13.24,13.33,12.89,13.16,2910269,13.11
2014/02/11,13.23,13.68,12.79,12.97,3202287,13.23
2014/02/12,12.93,13.04,12.70,13.03,2840601,12.87
2014/02/13,13.01,13.01,12.21,12.24,3034815,12.61
2014/02/14,12.24,12.74,12.24,12.70,1996252,12.49
2014/02/17,12.74,13.03,12.65,13.02,1964904,12.84
2014/02/18,13.02,13.02,12.59,12.79,1739339,12.80
2014/02/19,12.83,12.85,12.49,12.66,1766581,12.67
2014/02/20,12.59,12.66,12.21,12.36,1704362,12.44
2014/02/21,12.42,12.99,12.41,12.91,2318477,12.70
2014/02/24,12.90,13.26,12.77,13.14,2603943,13.01
2014/02/25,13.15,13.36,11.98,11.99,4311922,12.67
2014/02/26,11.89,11.92,11.00,11.55,2636687,11.46
2014/02/27,11.63,11.85,10.85,10.90,2560113,11.35
2014/02/28,10.88,11.21,10.73,11.12,1740029,10.97
2014/03/03,11.10,11.40,10.96,11.35,1284441,11.18
2014/03/04,11.28,11.50,11.10,11.17,1207864,11.30
2014/03/05,11.22,11.38,11.18,11.27,898285,11.28
2014/03/06,11.28,11.67,11.02,11.58,1942877,11.34
2014/03/07,11.74,12.06,11.56,11.61,2025122,11.81
2014/03/10,11.42,11.45,11.02,11.13,1268789,11.23
2014/03/11,11.08,11.33,11.06,11.17,873859,11.20
2014/03/12,11.21,11.46,11.08,11.30,1184684,11.27
2014/03/13,11.33,11.45,11.15,11.45,1025884,11.30
2014/03/14,11.33,11.72,11.29,11.58,1320730,11.50
2014/03/17,11.58,12.01,11.56,11.95,1382889,11.79
2014/03/18,12.02,12.24,11.90,12.00,1920201,12.07
2014/03/19,11.99,12.10,11.71,11.96,1147627,11.91
2014/03/20,11.92,11.92,10.74,10.74,4912226,11.33
2014/03/21,10.42,10.76,10.31,10.64,2044977,10.54
2014/03/24,10.42,10.76,10.31,10.64,0,10.54
2014/03/25,10.42,10.76,10.31,10.64,0,10.54
2014/03/26,10.42,10.76,10.31,10.64,0,10.54
2014/03/27,10.42,10.76,10.31,10.64,0,10.54
2014/03/28,10.42,10.76,10.31,10.64,0,10.54
2014/03/31,10.42,10.76,10.31,10.64,0,10.54
2014/04/01,10.42,10.76,10.31,10.64,0,10.54
2014/04/02,10.42,10.76,10.31,10.64,0,10.54
2014/04/03,10.42,10.76,10.31,10.64,0,10.54
2014/04/04,10.42,10.76,10.31,10.64,0,10.54
2014/04/08,10.42,10.76,10.31,10.64,0,10.54
2014/04/09,10.42,10.76,10.31,10.64,0,10.54
2014/04/10,10.42,10.76,10.31,10.64,0,10.54
2014/04/11,10.42,10.76,10.31,10.64,0,10.54
2014/04/14,10.42,10.76,10.31,10.64,0,10.54
2014/04/15,10.42,10.76,10.31,10.64,0,10.54
2014/04/16,10.42,10.76,10.31,10.64,0,10.54
2014/04/17,10.42,10.76,10.31,10.64,0,10.54
2014/04/18,10.42,10.76,10.31,10.64,0,10.54
2014/04/21,10.42,10.76,10.31,10.64,0,10.54
2014/04/22,10.42,10.76,10.31,10.64,0,10.54
2014/04/23,10.42,10.76,10.31,10.64,0,10.54
2014/04/24,10.42,10.76,10.31,10.64,0,10.54
2014/04/25,10.42,10.76,10.31,10.64,0,10.54
2014/04/28,10.42,10.76,10.31,10.64,0,10.54
2014/04/29,10.42,10.76,10.31,10.64,0,10.54
2014/04/30,10.42,10.76,10.31,10.64,0,10.54
2014/05/05,10.42,10.76,10.31,10.64,0,10.54
2014/05/06,10.42,10.76,10.31,10.64,0,10.54
2014/05/07,10.42,10.76,10.31,10.64,0,10.54
2014/05/08,10.42,10.76,10.31,10.64,0,10.54
2014/05/09,10.42,10.76,10.31,10.64,0,10.54
2014/05/12,10.42,10.76,10.31,10.64,0,10.54
2014/05/13,10.42,10.76,10.31,10.64,0,10.54
2014/05/14,10.42,10.76,10.31,10.64,0,10.54
2014/05/15,10.42,10.76,10.31,10.64,0,10.54
2014/05/16,10.42,10.76,10.31,10.64,0,10.54
2014/05/19,10.42,10.76,10.31,10.64,0,10.54
2014/05/20,10.42,10.76,10.31,10.64,0,10.54
2014/05/21,10.42,10.76,10.31,10.64,0,10.54
2014/05/22,10.42,10.76,10.31,10.64,0,10.54
2014/05/23,10.42,10.76,10.31,10.64,0,10.54
2014/05/26,10.42,10.76,10.31,10.64,0,10.54
2014/05/27,10.42,10.76,10.31,10.64,0,10.54
2014/05/28,10.42,10.76,10.31,10.64,0,10.54
2014/05/29,10.42,10.76,10.31,10.64,0,10.54
2014/05/30,10.42,10.76,10.31,10.64,0,10.54
2014/06/03,10.42,10.76,10.31,10.64,0,10.54
2014/06/04,11.72,11.72,11.56,11.72,5476397,11.64
2014/06/05,11.72,12.84,11.67,12.56,15880310,12.25
2014/06/06,12.54,12.72,12.32,12.68,8688240,12.52
2014/06/09,12.70,12.94,12.26,12.38,5443380,12.60
2014/06/10,12.36,12.61,11.88,12.45,7091042,12.25
2014/06/11,12.38,12.62,12.31,12.44,4858776,12.46
2014/06/12,12.31,12.49,12.13,12.31,4080108,12.31
2014/06/13,12.31,12.62,12.29,12.40,4890636,12.45
2014/06/16,12.35,12.85,12.30,12.79,6147972,12.58
2014/06/17,12.74,12.76,12.30,12.32,4763587,12.53
2014/06/18,12.33,12.43,11.99,12.01,3546594,12.21
2014/06/19,12.04,12.19,11.12,11.33,3899378,11.65
2014/06/20,11.36,11.59,11.29,11.50,2346131,11.44
2014/06/23,11.54,12.00,11.54,11.83,3331864,11.77
2014/06/24,11.79,11.99,11.73,11.87,2229279,11.86
2014/06/25,11.85,11.92,11.53,11.55,2570662,11.72
2014/06/26,11.63,12.05,11.62,11.90,3720123,11.83
2014/06/27,11.94,12.11,11.81,11.92,3527473,11.96
2014/06/30,11.99,12.10,11.79,12.05,3211260,11.94
2014/07/01,12.00,12.10,11.88,12.00,2630204,11.99
2014/07/02,11.96,12.05,11.80,11.92,2329054,11.93
2014/07/03,11.90,11.97,11.61,11.63,3722094,11.79
2014/07/04,11.64,11.67,11.35,11.43,3827809,11.51
2014/07/07,11.43,11.52,11.32,11.47,2399290,11.42
2014/07/08,11.43,11.60,11.37,11.59,2317285,11.48
2014/07/09,11.58,11.59,11.13,11.14,3580833,11.36
2014/07/10,11.21,11.30,11.10,11.13,2062386,11.20
2014/07/11,11.19,11.27,11.08,11.11,1537430,11.17
2014/07/14,11.11,11.23,10.94,11.21,2121147,11.08
2014/07/15,11.17,11.21,10.85,11.02,2139892,11.03
2014/07/16,10.99,11.01,10.67,10.80,2055177,10.84
2014/07/17,10.79,10.88,10.66,10.76,1025671,10.77
2014/07/18,10.69,10.83,10.60,10.61,1272380,10.71
2014/07/21,10.64,10.73,10.53,10.65,1287138,10.63
2014/07/22,10.67,10.78,10.62,10.75,1328256,10.70
2014/07/23,10.72,10.76,10.26,10.30,2459850,10.51
2014/07/24,10.22,10.22,9.67,9.97,3149576,9.95
2014/07/25,9.93,10.29,9.93,10.19,1459039,10.11
2014/07/28,10.22,10.48,10.06,10.41,2234575,10.27
2014/07/29,10.37,10.60,10.35,10.51,2014304,10.47
2014/07/30,10.47,10.69,10.47,10.64,1785600,10.58
2014/07/31,10.64,10.80,10.56,10.72,2475963,10.68
2014/08/01,10.66,10.73,10.42,10.43,1928295,10.58
2014/08/04,10.47,10.70,10.47,10.65,1380381,10.58
2014/08/05,10.65,11.10,10.55,11.01,4612491,10.83
2014/08/06,10.93,10.93,10.77,10.85,2440159,10.85
2014/08/07,10.88,11.06,10.80,10.81,2287599,10.93
2014/08/08,10.81,10.89,10.77,10.83,1684876,10.83
2014/08/11,10.85,10.90,10.79,10.87,1779819,10.84
2014/08/12,10.90,11.01,10.88,10.96,1841080,10.95
2014/08/13,10.98,11.01,10.70,10.79,1818912,10.85
2014/08/14,10.81,10.83,10.64,10.66,1746549,10.74
2014/08/15,10.66,10.88,10.64,10.87,1940615,10.76
2014/08/18,10.88,11.50,10.86,11.47,7068541,11.18
2014/08/19,11.84,11.99,11.39,11.45,9182486,11.69
2014/08/20,11.35,11.45,11.22,11.30,4225762,11.33
2014/08/21,11.28,11.89,11.25,11.81,6998639,11.57
2014/08/22,11.77,11.84,11.59,11.63,5441254,11.71
2014/08/25,11.56,11.57,11.27,11.41,3694544,11.42
2014/08/26,11.35,11.48,11.05,11.17,3616061,11.27
2014/08/27,11.13,11.30,11.12,11.17,2317268,11.21
2014/08/28,11.13,11.22,10.96,10.97,3100812,11.09
2014/08/29,10.99,11.15,10.79,11.15,2903934,10.97
2014/09/01,11.21,11.56,11.20,11.56,3322142,11.38
2014/09/02,11.65,11.66,11.50,11.63,4286375,11.58
2014/09/03,11.67,12.02,11.62,11.85,7480415,11.82
2014/09/04,11.67,12.02,11.62,11.85,0,11.82
2014/09/05,11.67,12.02,11.62,11.85,0,11.82
2014/09/09,11.67,12.02,11.62,11.85,0,11.82
2014/09/10,11.67,12.02,11.62,11.85,0,11.82
2014/09/11,11.67,12.02,11.62,11.85,0,11.82
2014/09/12,12.35,13.02,12.13,12.50,14050837,12.58
2014/09/15,12.44,12.52,12.14,12.33,5944210,12.33
2014/09/16,12.26,12.67,11.91,11.94,6353586,12.29
2014/09/17,11.90,12.03,11.51,11.82,3854104,11.77
2014/09/18,11.79,11.97,11.60,11.81,2423272,11.79
2014/09/19,11.80,11.95,11.72,11.92,2315826,11.83
2014/09/22,11.93,12.45,11.92,12.20,5669163,12.18
2014/09/23,12.21,12.55,12.17,12.48,5106035,12.36
2014/09/24,12.49,12.97,12.49,12.84,6570575,12.73
2014/09/25,12.75,12.99,12.60,12.79,4597979,12.79
2014/09/26,12.88,14.08,12.88,14.08,11619916,13.48
2014/09/29,14.40,15.43,14.26,14.97,12921991,14.84
2014/09/30,15.08,15.08,14.52,14.61,7046872,14.80
2014/10/08,14.63,15.58,14.55,14.92,9771533,15.07
2014/10/09,14.94,14.94,14.18,14.76,6574536,14.56
2014/10/10,14.54,14.58,14.26,14.33,3340700,14.42
2014/10/13,14.26,14.70,13.98,14.68,4324048,14.34
2014/10/14,14.58,15.11,14.31,14.42,3733083,14.71
2014/10/15,14.48,14.55,14.00,14.54,3019507,14.28
2014/10/16,14.57,15.44,14.32,14.95,8009726,14.88
2014/10/17,14.76,14.90,14.31,14.43,4249752,14.61
2014/10/20,14.54,14.67,14.18,14.54,2816210,14.42
2014/10/21,14.53,14.53,14.08,14.10,3216869,14.30
2014/10/22,14.40,14.53,13.95,13.95,3161207,14.24
2014/10/23,13.77,13.82,13.14,13.15,3318031,13.48
2014/10/24,13.08,13.61,13.05,13.26,1825456,13.33
2014/10/27,13.27,13.58,12.89,13.45,2635646,13.24
2014/10/28,13.49,13.83,13.47,13.76,2332815,13.65
2014/10/29,13.81,14.23,13.67,14.14,3153694,13.95
2014/10/30,14.00,14.32,13.71,13.85,3036491,14.02
2014/10/31,13.85,13.92,13.48,13.63,1900101,13.70
2014/11/03,13.54,13.73,13.49,13.58,1508573,13.61
2014/11/04,13.54,13.79,13.45,13.72,1675685,13.62
2014/11/05,13.67,13.67,13.50,13.56,904639,13.58
2014/11/06,13.56,13.71,13.45,13.70,1747776,13.58
2014/11/07,13.72,13.88,13.44,13.49,2643224,13.66
2014/11/10,13.48,13.56,12.90,13.15,3311043,13.23
2014/11/11,13.08,13.14,12.18,12.33,3272616,12.66
2014/11/12,12.31,12.41,12.10,12.29,4117674,12.25
2014/11/13,12.29,12.41,12.03,12.26,2805862,12.22
2014/11/14,12.23,12.62,12.13,12.40,2371658,12.38
2014/11/17,12.47,12.98,12.26,12.76,2644415,12.62
2014/11/18,12.68,13.07,12.68,12.98,2548667,12.88
2014/11/19,13.20,13.81,13.20,13.51,5324348,13.50
2014/11/20,13.39,13.39,12.93,13.04,3188847,13.16
2014/11/21,12.95,13.62,12.95,13.48,3050683,13.28
2014/11/24,13.71,13.72,13.04,13.43,3345703,13.38
2014/11/25,13.29,13.59,13.29,13.45,3002401,13.44
2014/11/26,13.45,14.04,13.36,13.89,4622507,13.70
2014/11/27,13.77,14.30,13.77,14.08,3994674,14.04
2014/11/28,14.04,14.08,13.68,13.81,2834964,13.88
2014/12/01,13.73,13.74,13.35,13.49,2556845,13.54
2014/12/02,13.35,14.06,13.30,13.98,2188068,13.68
2014/12/03,14.03,14.53,13.54,14.40,6129981,14.03
2014/12/04,14.40,14.49,14.13,14.45,4826630,14.31
2014/12/05,14.30,14.35,13.45,13.49,6126877,13.90
2014/12/08,13.67,13.94,13.04,13.41,3755681,13.49
2014/12/09,13.08,13.48,12.58,12.58,7895942,13.03
2014/12/10,12.58,13.41,12.43,13.32,5407380,12.92
2014/12/11,13.33,13.49,12.93,13.23,3131154,13.21
2014/12/12,13.18,13.72,13.13,13.60,3319840,13.43
2014/12/15,13.62,14.15,13.61,13.97,3142232,13.88
2014/12/16,13.99,14.12,13.72,13.94,2819893,13.92
2014/12/17,13.94,13.97,13.49,13.79,3078729,13.73
2014/12/18,13.65,14.30,13.60,14.27,4796241,13.95
2014/12/19,14.00,14.40,13.56,13.82,3064962,13.98
2014/12/22,14.00,14.40,13.56,13.82,0,13.98
2014/12/23,14.00,14.40,13.56,13.82,0,13.98
2014/12/24,12.63,13.76,12.63,13.26,6118732,13.20
2014/12/25,13.17,13.59,12.89,13.31,4323053,13.24
2014/12/26,13.30,13.46,13.04,13.10,2025257,13.25
2014/12/29,12.97,13.12,12.40,12.50,3714447,12.76
2014/12/30,12.47,12.65,11.67,12.02,2622770,12.16
2014/12/31,12.04,12.11,11.63,11.90,2697013,11.87
2015/01/05,11.82,12.08,11.65,12.01,1999102,11.87
2015/01/06,12.35,12.76,12.00,12.63,2581785,12.38
2015/01/07,12.58,13.17,12.40,13.08,4006340,12.79
2015/01/08,13.03,13.30,12.91,13.04,2119872,13.11
2015/01/09,13.18,14.22,13.09,13.66,5144875,13.66
2015/01/12,13.49,13.94,13.36,13.69,2247719,13.65
2015/01/13,13.66,13.84,13.50,13.65,1512928,13.67
2015/01/14,13.69,13.94,13.25,13.25,1993887,13.59
2015/01/15,13.26,13.40,12.88,13.16,1467404,13.14
2015/01/16,13.09,13.57,12.72,13.19,2211041,13.15
2015/01/19,12.98,14.25,12.63,13.38,4146064,13.44
2015/01/20,13.47,14.38,13.40,14.30,4401353,13.89
2015/01/21,14.45,15.01,14.16,14.95,5141832,14.58
2015/01/22,14.73,14.97,14.67,14.73,2628975,14.82
2015/01/23,14.76,15.10,14.36,14.62,3112433,14.73
2015/01/26,14.48,15.11,14.48,14.99,3855046,14.79
2015/01/27,14.84,15.65,14.72,15.15,3533433,15.19
2015/01/28,15.17,15.57,14.95,15.29,3032111,15.26
2015/01/29,15.08,15.43,14.79,14.79,2065449,15.11
2015/01/30,14.72,14.92,14.21,14.58,2260119,14.57
2015/02/02,14.58,14.85,14.40,14.63,1752221,14.63
2015/02/03,14.59,15.50,14.59,15.20,2489737,15.04
2015/02/04,15.20,15.44,15.09,15.33,1918204,15.26
2015/02/05,15.17,16.03,15.17,15.65,3311596,15.60
2015/02/06,15.63,15.71,14.85,15.04,2223978,15.28
2015/02/09,14.91,15.92,14.86,15.87,3988573,15.39
2015/02/10,15.85,16.47,15.58,16.29,2440664,16.02
2015/02/11,16.20,17.11,16.04,16.22,2171450,16.57
2015/02/12,16.07,16.57,15.79,16.09,2517508,16.18
2015/02/13,16.21,16.72,16.04,16.62,2822829,16.38
2015/02/16,16.62,17.82,16.54,17.71,4506596,17.18
2015/02/17,17.58,17.58,17.01,17.04,2571469,17.29
2015/02/25,17.31,17.31,16.31,16.61,1864428,16.81
2015/02/26,16.60,16.85,16.32,16.65,1425170,16.59
2015/02/27,16.75,16.85,16.13,16.71,2856352,16.49
2015/03/02,16.76,16.99,16.32,16.91,3794686,16.65
2015/03/03,16.71,16.79,16.22,16.35,3868876,16.50
2015/03/04,16.31,17.25,16.22,17.10,3592735,16.73
2015/03/05,17.06,17.06,16.38,16.65,2483179,16.72
2015/03/06,16.53,16.53,15.76,16.24,3435960,16.15
2015/03/09,16.20,16.49,15.81,16.31,2464440,16.15
2015/03/10,16.29,16.90,16.13,16.75,2950573,16.51
2015/03/11,16.53,16.76,16.23,16.38,2833871,16.50
2015/03/12,16.38,16.56,16.04,16.26,1978067,16.30
2015/03/13,16.30,17.28,16.22,17.14,4058875,16.75
2015/03/16,18.35,18.87,17.67,18.87,6068766,18.27
2015/03/17,18.95,20.77,18.73,20.77,5858346,19.75
2015/03/18,20.85,22.12,20.58,21.31,5900359,21.35
2015/03/19,21.72,21.72,20.54,20.81,3583369,21.13
2015/03/20,20.76,21.45,20.54,21.34,4924615,20.99
2015/03/23,21.09,23.49,20.79,23.49,4483258,22.14
2015/03/24,23.84,23.84,22.07,22.71,4603978,22.96
2015/03/25,22.58,22.58,21.57,22.12,3823673,22.07
2015/03/26,21.87,21.87,20.31,20.99,4121643,21.09
2015/03/27,20.86,21.53,20.70,21.32,3064488,21.12
2015/03/30,21.26,21.76,20.83,21.40,4676274,21.29
2015/03/31,21.19,22.45,20.99,22.42,5755225,21.72
2015/04/01,22.24,24.31,22.14,23.83,4817140,23.22
2015/04/02,24.17,26.23,24.04,26.23,5689732,25.13
2015/04/03,26.37,27.22,25.31,25.97,4449554,26.26
2015/04/07,25.90,25.91,24.85,25.30,2897412,25.38
2015/04/08,25.31,25.71,23.49,24.46,3745769,24.60
2015/04/09,24.35,24.35,22.00,23.26,5542675,23.18
2015/04/10,25.60,25.60,25.31,25.60,4035430,25.46
2015/04/13,26.22,27.12,25.67,25.75,8078030,26.40
2015/04/14,25.26,26.28,24.76,25.53,4454451,25.52
2015/04/15,24.86,25.31,22.96,23.04,5873959,24.13
2015/04/16,22.50,23.55,21.93,23.13,3211165,22.74
2015/04/17,23.27,24.00,22.58,23.45,3527073,23.29
2015/04/20,23.14,23.99,22.53,23.35,3500070,23.26
2015/04/21,23.45,24.85,22.58,24.78,5309567,23.71
2015/04/22,24.90,25.99,24.33,25.97,4325883,25.16
2015/04/23,25.92,27.05,25.70,26.42,4893964,26.38
2015/04/24,25.67,26.42,25.40,25.93,2988193,25.91
2015/04/27,26.22,27.64,25.81,26.39,3072523,26.72
2015/04/28,26.35,26.90,24.42,25.20,2531885,25.66
2015/04/29,25.22,26.11,24.86,25.76,3400607,25.48
2015/04/30,26.16,28.35,25.85,28.35,7535781,27.10
2015/05/04,28.40,30.47,26.66,28.95,6355053,28.56
2015/05/05,28.71,28.71,27.35,27.90,2849098,28.03
2015/05/06,27.95,29.90,27.89,28.77,3105560,28.89
2015/05/07,28.40,30.64,28.40,29.54,2470946,29.52
2015/05/08,29.81,32.50,29.81,32.38,3569570,31.15
2015/05/11,33.49,33.58,30.99,32.59,6014911,32.28
2015/05/12,32.85,34.88,32.85,34.86,4153852,33.87
2015/05/13,33.72,34.35,32.04,32.82,4872359,33.20
2015/05/14,32.82,33.14,31.35,31.51,3278900,32.25
2015/05/15,31.54,32.56,31.01,32.04,3332357,31.79
2015/05/18,32.30,34.64,32.05,33.59,4354966,33.34
2015/05/19,34.70,36.40,33.31,36.22,4978733,34.86
2015/05/20,36.31,39.85,36.30,38.26,3907289,38.07
2015/05/21,38.24,41.77,38.04,41.77,3779088,39.91
2015/05/22,42.51,44.30,39.78,40.76,4097998,42.04
2015/05/25,40.08,40.76,37.13,38.79,4678043,38.95
2015/05/26,39.40,41.11,38.90,40.15,11813190,40.10
2015/05/27,40.28,41.39,39.23,40.00,12000681,40.30
2015/05/28,40.20,42.78,39.39,39.39,17192307,41.07
2015/05/29,38.90,41.86,36.26,40.56,11718345,39.91
2015/06/01,40.09,44.63,40.06,44.63,15065651,42.31
2015/06/02,44.90,44.98,42.30,43.88,14653922,43.66
2015/06/03,43.08,43.87,40.87,42.76,14317971,42.29
2015/06/04,42.81,42.81,38.47,39.70,9932034,40.03
2015/06/05,40.82,41.30,38.40,39.27,9985670,39.84
2015/06/08,38.90,39.19,35.33,35.40,14281411,36.40
2015/06/09,35.74,36.64,35.30,36.23,8405650,36.14
2015/06/10,36.55,39.35,35.80,38.30,12475082,37.41
2015/06/11,37.90,38.40,36.70,37.17,10512796,37.44
2015/06/12,37.60,39.07,37.22,38.63,13198915,38.35
2015/06/15,38.67,38.91,36.10,36.15,10373786,37.38
2015/06/16,35.35,35.39,32.53,32.53,11107433,33.31
2015/06/17,32.78,33.67,29.61,33.47,11607087,31.85
2015/06/18,32.90,33.29,30.15,30.47,8098844,32.11
2015/06/19,29.63,31.39,28.41,28.95,7508665,29.97
2015/06/23,29.10,29.90,26.16,29.37,8386864,28.61
2015/06/24,29.80,29.98,28.60,29.62,7143599,29.55
2015/06/25,29.71,29.88,26.65,26.66,12421663,28.04
2015/06/26,25.64,25.87,23.98,23.98,9219314,24.55
2015/06/29,24.51,24.55,21.57,21.57,10297972,22.65
2015/06/30,20.91,23.74,19.40,23.74,17562962,21.76
2015/07/01,23.70,25.59,22.21,22.78,19793801,24.70
2015/07/02,22.89,25.07,22.10,25.07,27496153,24.91
2015/07/03,24.75,26.40,22.55,23.94,24683315,24.40
2015/07/06,25.90,25.90,21.54,22.80,20157758,24.12
2015/07/07,21.28,21.54,20.51,20.51,4878233,20.72
2015/07/08,18.45,18.45,18.45,18.45,1527000,18.55
2015/07/09,18.45,18.45,18.45,18.45,0,18.45
2015/07/10,18.45,18.45,18.45,18.45,0,18.45
2015/07/13,18.45,18.45,18.45,18.45,0,18.45
2015/07/14,20.31,20.31,20.31,20.31,411667,20.41
2015/07/15,22.35,22.35,21.79,22.35,23796240,22.40
2015/07/16,21.80,24.58,20.18,24.28,26576541,23.08
2015/07/17,24.31,26.72,24.30,26.72,15239797,26.35
2015/07/20,27.89,29.27,26.81,29.00,22190930,28.35
2015/07/21,29.02,31.91,27.90,31.91,19966907,30.95
2015/07/22,31.70,33.19,30.23,31.61,14532190,31.54
2015/07/23,31.50,34.76,31.11,34.63,12823618,33.64
2015/07/24,34.10,36.40,32.08,32.60,21295654,34.14
2015/07/27,31.61,34.78,29.33,29.99,20139727,32.48
2015/07/28,27.86,31.89,27.01,29.56,17181056,29.66
2015/07/29,30.42,32.53,28.78,32.53,15349710,30.78
2015/07/30,32.75,34.20,30.80,31.40,15338874,33.06
2015/07/31,30.05,31.39,28.50,29.60,12841643,30.10
2015/08/03,29.06,29.13,26.63,26.63,9422845,27.35
2015/08/04,26.90,28.87,25.01,28.69,13383548,27.22
2015/08/05,27.90,28.75,25.95,26.75,10601183,27.62
2015/08/06,25.49,25.93,24.29,24.40,12723239,25.23
2015/08/07,24.90,26.09,24.65,25.81,11801890,25.60
2015/08/10,26.40,28.40,26.38,28.10,15905806,27.31
2015/08/11,27.78,29.78,27.58,28.88,15725827,29.02
2015/08/12,28.15,28.72,27.11,27.20,13535964,27.98
2015/08/13,26.90,28.45,26.72,28.45,9605745,27.84
2015/08/14,28.70,29.06,27.55,27.70,10246876,28.33
2015/08/17,27.42,27.82,26.00,26.91,9038701,26.82
2015/08/18,26.40,27.50,24.21,24.30,10994097,26.02
2015/08/19,23.60,25.07,21.90,24.79,10255694,23.78
2015/08/20,24.79,25.78,24.03,24.22,8838407,25.10
2015/08/21,23.43,23.78,21.80,21.85,8471303,22.76
2015/08/24,20.63,20.89,19.66,19.66,5504019,19.95
2015/08/25,17.69,18.80,17.68,17.68,9398035,18.05
2015/08/26,18.00,18.78,16.42,17.40,11956794,17.90
2015/08/27,17.90,19.01,17.66,19.00,11425452,18.43
2015/08/28,19.87,20.91,19.28,20.91,10889294,20.37
2015/08/31,20.89,21.56,19.91,19.91,11463485,20.97
2015/09/01,18.99,19.60,17.91,17.91,7323601,18.53
2015/09/02,17.05,19.71,16.71,19.71,14706191,19.12
2015/09/07,19.91,21.23,19.90,20.15,13823630,20.58
2015/09/08,19.32,21.90,19.21,21.11,14546592,20.51
2015/09/09,21.40,22.78,20.95,22.23,17998126,22.04
2015/09/10,21.10,23.50,21.10,22.60,12920097,22.44
2015/09/11,21.95,23.36,21.95,22.90,10367981,22.94
2015/09/14,23.70,23.78,20.60,20.60,9731222,22.08
2015/09/15,19.40,19.94,18.53,18.53,9774063,19.12
2015/09/16,18.82,20.39,18.43,20.39,9618231,19.46
2015/09/17,20.31,21.50,19.93,20.02,10327049,20.97
2015/09/18,20.30,20.88,19.92,20.69,8401677,20.47
2015/09/21,20.30,22.77,20.10,22.77,12901515,22.34
2015/09/22,23.40,23.98,22.89,23.45,16099729,23.52
2015/09/23,22.70,23.78,22.52,23.44,11932766,23.32
2015/09/24,23.44,25.40,23.25,24.35,12770567,24.71
2015/09/25,24.11,24.49,21.91,22.30,11541594,22.91
2015/09/28,22.55,24.54,22.41,24.54,10939648,23.77
2015/09/29,23.96,26.20,23.78,25.29,17769459,25.31
2015/09/30,25.20,25.60,24.56,24.94,10214639,25.12
2015/10/08,26.18,27.44,25.01,26.67,10799687,26.61
2015/10/09,26.50,27.23,26.01,27.19,9063351,26.78
2015/10/12,27.20,28.86,26.98,27.65,8808778,28.10
2015/10/13,27.30,27.54,26.58,27.18,9891655,27.18
2015/10/14,27.17,28.76,26.94,27.25,10548468,27.85
2015/10/15,27.23,28.40,26.57,28.06,7954672,27.81
2015/10/16,28.50,28.65,27.08,27.90,7699574,28.03
2015/10/19,28.40,29.33,27.20,29.10,13033006,28.46
2015/10/20,29.40,31.92,28.60,31.42,12548827,30.51
2015/10/21,31.00,31.69,28.54,29.40,12227702,30.41
2015/10/22,29.20,31.66,29.03,31.50,10799716,30.44
2015/10/23,31.69,31.78,29.61,31.40,13911711,30.89
2015/10/26,31.75,31.79,29.16,30.10,12956818,30.05
2015/10/27,29.60,29.88,27.52,29.40,14057431,28.70
2015/10/28,28.91,30.40,28.51,28.96,12213838,29.60
2015/10/29,29.37,29.50,28.22,28.81,5694364,29.01
2015/10/30,28.75,30.52,28.25,30.18,12818829,29.97
2015/11/02,28.90,30.35,28.72,29.10,6515724,29.61
2015/11/03,29.05,29.43,27.50,28.09,5836242,28.57
2015/11/04,28.50,29.89,28.37,29.43,7184376,29.25
2015/11/05,29.42,30.65,28.50,28.78,8915822,29.56
2015/11/06,29.00,31.67,28.92,31.30,14754588,30.49
2015/11/09,30.99,34.44,29.76,33.35,14592539,32.21
2015/11/10,33.60,35.02,32.90,33.45,9852550,34.03
2015/11/11,33.10,33.78,32.20,33.45,11241514,33.00
2015/11/12,33.29,34.88,32.35,34.30,9413476,33.47
2015/11/13,33.60,34.20,31.00,33.00,7121031,33.22
2015/11/16,31.90,33.70,31.60,33.47,5415850,32.92
2015/11/17,34.89,36.02,32.45,32.78,10704061,34.43
2015/11/18,32.75,33.40,31.60,31.70,7123005,32.46
2015/11/19,31.88,33.08,31.68,32.90,5326994,32.49
2015/11/20,32.90,33.23,31.85,32.50,8586153,32.56
2015/11/23,32.59,33.70,32.12,32.90,6597874,33.17
2015/11/24,33.09,34.58,31.96,33.29,5283457,32.89
2015/11/25,33.18,34.63,33.10,33.89,10465681,34.29
2015/11/26,34.88,34.88,32.20,32.55,8032306,33.34
2015/11/27,32.03,32.80,29.30,29.63,8553210,31.26
2015/11/30,29.50,30.88,26.91,30.16,7807670,29.80
2015/12/01,30.37,30.89,29.70,30.16,4261898,30.33
2015/12/02,30.00,30.35,28.00,29.00,5809360,29.02
2015/12/03,29.08,30.40,29.08,30.30,3825134,29.95
2015/12/04,30.50,31.16,29.72,29.84,5113326,30.61
2015/12/07,30.30,32.83,30.06,32.83,11566430,32.43
2015/12/08,32.91,33.82,31.40,33.30,17127308,32.94
2015/12/09,32.53,35.60,31.90,34.45,14244234,34.29
2015/12/10,33.75,37.91,33.75,37.61,16371557,37.23
2015/12/11,36.90,38.31,35.86,36.40,9821020,37.12
2015/12/14,36.03,39.60,36.03,38.15,11002170,38.05
2015/12/15,37.65,39.45,37.61,38.12,7804170,38.46
2015/12/16,37.92,41.60,37.52,40.88,12786965,39.79
2015/12/17,41.10,43.90,40.50,42.21,9529941,42.62
2015/12/18,42.15,43.33,40.90,41.80,7869139,41.80
2015/12/21,41.46,42.09,38.95,40.50,7474614,40.59
2015/12/22,40.50,44.09,39.70,43.82,9951816,41.85
2015/12/23,43.70,44.50,41.50,41.90,8131555,42.95
2015/12/24,43.70,44.50,41.50,41.90,0,43.00
2015/12/25,43.70,44.50,41.50,41.90,0,43.00
2015/12/28,43.70,44.50,41.50,41.90,0,43.00
2015/12/29,43.70,44.50,41.50,41.90,0,43.00
2015/12/30,43.70,44.50,41.50,41.90,0,43.00
2015/12/31,43.70,44.50,41.50,41.90,0,43.00
2016/01/04,43.70,44.50,41.50,41.90,0,43.00
2016/01/05,43.70,44.50,41.50,41.90,0,43.00
2016/01/06,43.70,44.50,41.50,41.90,0,43.00
2016/01/07,43.70,44.50,41.50,41.90,0,43.00
2016/01/08,43.70,44.50,41.50,41.90,0,43.00
2016/01/11,43.70,44.50,41.50,41.90,0,43.00
2016/01/12,43.70,44.50,41.50,41.90,0,43.00
2016/01/13,43.70,44.50,41.50,41.90,0,43.00
2016/01/14,43.70,44.50,41.50,41.90,0,43.00
2016/01/15,43.70,44.50,41.50,41.90,0,43.00
2016/01/18,43.70,44.50,41.50,41.90,0,43.00
2016/01/19,43.70,44.50,41.50,41.90,0,43.00
2016/01/20,43.70,44.50,41.50,41.90,0,43.00
2016/01/21,43.70,44.50,41.50,41.90,0,43.00
2016/01/22,43.70,44.50,41.50,41.90,0,43.00
2016/01/25,43.70,44.50,41.50,41.90,0,43.00
2016/01/26,43.70,44.50,41.50,41.90,0,43.00
2016/01/27,43.70,44.50,41.50,41.90,0,43.00
2016/01/28,43.70,44.50,41.50,41.90,0,43.00
2016/01/29,43.70,44.50,41.50,41.90,0,43.00
2016/02/01,43.70,44.50,41.50,41.90,0,43.00
2016/02/02,43.70,44.50,41.50,41.90,0,43.00
2016/02/03,43.70,44.50,41.50,41.90,0,43.00
2016/02/04,43.70,44.50,41.50,41.90,0,43.00
2016/02/05,43.70,44.50,41.50,41.90,0,43.00
2016/02/15,43.70,44.50,41.50,41.90,0,43.00
2016/02/16,43.70,44.50,41.50,41.90,0,43.00
2016/02/17,43.70,44.50,41.50,41.90,0,43.00
2016/02/18,43.70,44.50,41.50,41.90,0,43.00
2016/02/19,43.70,44.50,41.50,41.90,0,43.00
2016/02/22,43.70,44.50,41.50,41.90,0,43.00
2016/02/23,43.70,44.50,41.50,41.90,0,43.00
2016/02/24,43.70,44.50,41.50,41.90,0,43.00
2016/02/25,43.70,44.50,41.50,41.90,0,43.00
2016/02/26,43.70,44.50,41.50,41.90,0,43.00
2016/02/29,43.70,44.50,41.50,41.90,0,43.00
2016/03/01,43.70,44.50,41.50,41.90,0,43.00
2016/03/02,43.70,44.50,41.50,41.90,0,43.00
2016/03/03,43.70,44.50,41.50,41.90,0,43.00
2016/03/04,43.70,44.50,41.50,41.90,0,43.00
2016/03/07,43.70,44.50,41.50,41.90,0,43.00
2016/03/08,43.70,44.50,41.50,41.90,0,43.00
2016/03/09,43.70,44.50,41.50,41.90,0,43.00
2016/03/10,43.70,44.50,41.50,41.90,0,43.00
2016/03/11,43.70,44.50,41.50,41.90,0,43.00
2016/03/14,43.70,44.50,41.50,41.90,0,43.00
2016/03/15,43.70,44.50,41.50,41.90,0,43.00
2016/03/16,43.70,44.50,41.50,41.90,0,43.00
2016/03/17,43.70,44.50,41.50,41.90,0,43.00
2016/03/18,43.70,44.50,41.50,41.90,0,43.00
2016/03/21,43.70,44.50,41.50,41.90,0,43.00
2016/03/22,43.70,44.50,41.50,41.90,0,43.00
2016/03/23,43.70,44.50,41.50,41.90,0,43.00
2016/03/24,43.70,44.50,41.50,41.90,0,43.00
2016/03/25,43.70,44.50,41.50,41.90,0,43.00
2016/03/28,43.70,44.50,41.50,41.90,0,43.00
2016/03/29,43.70,44.50,41.50,41.90,0,43.00
2016/03/30,43.70,44.50,41.50,41.90,0,43.00
2016/03/31,37.70,37.70,37.70,37.70,522800,37.80
2016/04/01,33.92,33.92,33.92,33.92,360300,34.02
2016/04/05,30.52,32.85,30.52,31.90,61361399,31.33
2016/04/06,30.60,33.10,30.50,32.33,45035846,31.86
2016/04/07,32.35,32.60,31.15,31.60,22278760,31.82
2016/04/08,31.68,31.90,28.68,30.05,23732987,30.64
2016/04/11,29.73,31.90,29.60,31.27,22281603,31.09
2016/04/12,31.29,31.38,30.20,30.71,11413844,30.76
2016/04/13,31.05,32.20,30.70,31.23,24620995,31.41
2016/04/14,31.28,32.00,31.28,31.80,16622053,31.78
2016/04/15,31.88,31.97,31.10,31.60,10403533,31.58
2016/04/18,31.48,32.89,31.20,32.22,23028930,32.37
2016/04/19,32.70,34.37,32.32,33.79,26686231,33.87
2016/04/20,34.08,34.10,30.40,30.40,33237473,31.66
2016/04/21,29.40,29.90,27.35,27.35,31891416,28.39
2016/04/22,26.79,28.14,26.40,27.79,16899705,27.57
2016/04/25,27.60,28.34,26.40,27.87,14400979,27.53
2016/04/26,27.82,28.40,27.61,28.20,12952531,28.19
2016/04/27,28.98,30.18,28.28,28.59,17385779,29.30
2016/04/28,28.28,28.28,26.98,27.70,13133530,27.70
2016/04/29,27.55,28.06,27.32,27.70,8836525,27.91
2016/05/03,27.66,28.79,27.46,28.61,11913196,28.45
2016/05/04,28.50,29.28,28.40,28.77,10313796,29.00
2016/05/05,28.83,28.90,27.94,28.50,9858567,28.50
2016/05/06,28.57,28.74,26.40,26.60,13214189,27.56
2016/05/09,26.00,26.00,23.95,23.98,15036266,24.73
2016/05/10,24.01,24.67,23.90,24.23,9566991,24.33
2016/05/11,24.37,24.43,21.95,22.40,20233391,23.00
2016/05/12,21.90,23.06,20.91,22.69,16408216,22.16
2016/05/13,22.40,23.08,21.82,22.12,10473024,22.60
2016/05/16,22.13,23.17,22.05,23.16,12332435,22.89
2016/05/17,23.38,24.29,22.77,23.63,22160483,23.64
2016/05/18,23.20,23.40,22.48,22.81,9334822,22.97
2016/05/19,23.34,24.67,23.15,23.50,18396509,23.93
2016/05/20,23.00,24.31,22.88,24.28,12469287,23.83
2016/05/23,24.60,26.26,24.60,25.82,20807869,25.69
2016/05/24,25.50,25.58,24.80,25.20,10590130,25.17
2016/05/25,25.45,26.05,24.70,24.87,11372542,25.44
2016/05/26,24.80,25.70,23.92,25.47,11687413,24.87
2016/05/27,25.27,25.77,25.02,25.13,7511000,25.34
2016/05/30,24.81,25.68,24.49,25.00,7298560,25.12
2016/05/31,25.17,26.40,25.00,26.20,19268886,25.78
2016/06/01,26.44,27.30,26.16,26.18,15793449,26.68
2016/06/02,25.98,26.39,25.67,26.23,11269554,26.09
2016/06/03,26.52,26.66,25.88,26.13,12798927,26.18
2016/06/06,26.34,26.40,25.65,25.82,8312575,26.01
2016/06/07,26.00,26.29,25.60,25.83,7940169,25.92
2016/06/08,25.83,25.85,24.95,25.08,11350175,25.21
2016/06/13,24.90,24.90,22.57,22.58,14360304,23.85
2016/06/14,22.58,22.87,22.04,22.62,7471172,22.52
2016/06/15,22.15,23.50,22.06,23.08,11591200,23.05
2016/06/16,23.20,23.30,22.25,22.41,10834693,22.70
2016/06/17,22.58,23.07,22.50,22.61,7352304,22.78
2016/06/20,22.61,22.97,22.23,22.74,9105879,22.58
2016/06/21,22.97,23.05,22.17,22.28,9373493,22.56
2016/06/22,22.18,22.62,22.08,22.43,7745022,22.31
2016/06/23,22.43,22.94,22.36,22.69,8984088,22.69
2016/06/24,22.67,23.49,21.50,23.13,12688691,22.83
2016/06/27,22.82,25.03,22.73,24.39,15685645,24.14
2016/06/28,24.15,25.49,24.15,25.20,18775889,25.02
2016/06/29,25.40,26.10,24.70,24.90,12509830,25.37
2016/06/30,24.80,25.10,24.37,24.98,12193315,24.74
2016/07/01,25.08,25.32,24.38,24.47,6333700,24.74
2016/07/04,24.14,24.68,23.93,24.59,13885192,24.34
2016/07/05,24.73,25.00,24.40,24.54,9336306,24.68
2016/07/06,24.30,24.45,23.68,23.90,15112452,23.94
2016/07/07,23.94,23.94,23.30,23.66,11841139,23.57
2016/07/08,23.68,23.69,23.33,23.44,12606695,23.44
2016/07/11,23.43,23.66,23.26,23.33,11398348,23.44
2016/07/12,23.30,23.74,22.89,23.68,10632575,23.30
2016/07/13,23.76,25.10,23.73,24.93,27461488,24.42
2016/07/14,24.73,24.95,24.43,24.79,13834164,24.66
2016/07/15,24.72,24.72,23.94,24.10,12690835,24.24
2016/07/18,24.12,24.23,23.37,23.62,10690387,23.66
2016/07/19,23.60,24.28,23.48,24.28,9596637,23.85
2016/07/20,24.48,25.24,24.48,24.57,22580354,24.87
2016/07/21,24.48,25.24,24.48,24.57,0,24.86
2016/07/22,24.48,25.24,24.48,24.57,0,24.86
2016/07/25,24.48,25.24,24.48,24.57,0,24.86
2016/07/26,24.48,25.24,24.48,24.57,0,24.86
2016/07/27,24.48,25.24,24.48,24.57,0,24.86
2016/07/28,22.11,22.11,22.11,22.11,3200200,22.11
2016/07/29,21.50,21.81,20.37,20.81,32365994,20.88
2016/08/01,20.54,20.57,19.41,19.50,19671318,19.85
2016/08/02,19.62,19.84,19.45,19.70,13342851,19.60
2016/08/03,19.68,19.68,19.34,19.55,9994144,19.53
2016/08/04,19.58,19.97,19.51,19.93,11495352,19.77
2016/08/05,20.01,20.32,19.81,20.12,12366712,20.05
2016/08/08,20.40,20.40,19.75,20.17,8701395,20.05
2016/08/09,20.40,20.40,19.75,20.17,0,20.07
