Date, SZ300269.Open, SZ300269.High, SZ300269.Low, SZ300269.Close, SZ300269.Volume, SZ300269.Adjusted
2011/10/12,4.59,5.33,4.59,5.20,11615934,4.96
2011/10/13,4.90,5.39,4.84,5.18,8769942,5.11
2011/10/14,5.03,5.07,4.87,4.97,5386639,4.97
2011/10/17,4.98,5.51,4.98,5.51,7564270,5.25
2011/10/18,5.58,5.58,5.20,5.22,8986478,5.39
2011/10/19,5.15,5.35,4.93,4.99,5177212,5.14
2011/10/20,4.93,4.93,4.66,4.74,3444862,4.79
2011/10/21,4.73,4.82,4.59,4.67,2817690,4.71
2011/10/24,4.70,4.72,4.26,4.64,3621969,4.49
2011/10/25,4.58,4.95,4.52,4.86,4606226,4.73
2011/10/26,4.81,5.03,4.77,4.90,4509065,4.90
2011/10/27,4.88,5.25,4.85,5.12,5352325,5.05
2011/10/28,5.12,5.22,4.98,5.17,4649548,5.10
2011/10/31,5.11,5.25,5.04,5.20,3571694,5.15
2011/11/01,5.16,5.20,4.98,5.19,3726799,5.09
2011/11/02,5.05,5.75,5.02,5.75,5964677,5.38
2011/11/03,6.05,6.36,6.01,6.36,10529871,6.19
2011/11/04,6.38,6.47,6.04,6.22,6753814,6.25
2011/11/07,6.18,6.41,6.10,6.17,4851024,6.25
2011/11/08,6.14,6.20,5.85,6.00,3679884,6.02
2011/11/09,5.96,6.23,5.89,6.16,4586011,6.06
2011/11/10,5.99,6.30,5.91,5.93,4719561,6.10
2011/11/11,5.83,5.89,5.61,5.70,3377581,5.75
2011/11/14,5.78,6.16,5.75,5.92,4004123,5.96
2011/11/15,5.90,5.93,5.76,5.91,2630979,5.84
2011/11/16,5.93,6.03,5.71,5.80,2692674,5.87
2011/11/17,5.80,6.18,5.78,5.97,3969749,5.98
2011/11/18,5.88,5.92,5.71,5.73,2418040,5.81
2011/11/21,5.88,5.92,5.71,5.73,0,5.81
2011/11/22,5.47,5.63,5.34,5.50,2236692,5.48
2011/11/23,5.50,5.63,5.40,5.43,1958453,5.52
2011/11/24,5.29,5.48,5.23,5.36,1450546,5.36
2011/11/25,5.32,5.46,5.19,5.22,1393513,5.33
2011/11/28,5.22,5.36,5.18,5.33,1359579,5.27
2011/11/29,5.39,5.44,5.25,5.40,1361219,5.35
2011/11/30,5.38,5.38,4.82,4.83,2396000,5.10
2011/12/01,5.05,5.13,4.91,4.91,2030809,5.02
2011/12/02,4.86,4.97,4.78,4.83,968628,4.88
2011/12/05,4.85,4.85,4.54,4.57,1167641,4.69
2011/12/06,4.54,4.78,4.54,4.70,1139439,4.66
2011/12/07,4.67,4.83,4.65,4.77,1232109,4.74
2011/12/08,4.75,5.03,4.58,4.87,2172138,4.81
2011/12/09,4.78,4.94,4.74,4.79,1111942,4.84
2011/12/12,4.80,4.90,4.74,4.77,816465,4.82
2011/12/13,4.70,4.70,4.50,4.55,990232,4.60
2011/12/14,4.51,4.70,4.48,4.56,1208253,4.59
2011/12/15,4.51,4.73,4.46,4.62,1712783,4.60
2011/12/16,4.61,4.88,4.51,4.88,2070137,4.69
2011/12/19,4.78,5.05,4.77,5.03,2571039,4.91
2011/12/20,4.96,5.04,4.82,4.84,1789021,4.93
2011/12/21,4.90,4.94,4.60,4.63,1260837,4.77
2011/12/22,4.62,4.67,4.21,4.52,1709264,4.44
2011/12/23,4.46,4.59,4.41,4.43,1078211,4.50
2011/12/26,4.41,4.56,4.38,4.38,609522,4.47
2011/12/27,4.34,4.38,4.10,4.13,1047360,4.24
2011/12/28,4.12,4.12,3.81,3.97,1094436,3.97
2011/12/29,3.91,4.02,3.90,3.92,513663,3.96
2011/12/30,3.95,4.04,3.93,4.00,821522,3.99
2012/01/04,4.04,4.07,3.66,3.70,765165,3.87
2012/01/05,3.64,3.70,3.35,3.36,1075765,3.53
2012/01/06,3.38,3.53,3.27,3.47,734623,3.40
2012/01/09,3.45,3.67,3.36,3.67,1121428,3.51
2012/01/10,3.65,3.85,3.64,3.82,1279128,3.75
2012/01/11,3.81,3.98,3.74,3.82,1397887,3.86
2012/01/12,3.78,3.88,3.73,3.74,1075628,3.80
2012/01/13,3.73,3.79,3.47,3.48,1198415,3.63
2012/01/16,3.41,3.44,3.29,3.30,780073,3.36
2012/01/17,3.40,3.55,3.26,3.53,1553414,3.40
2012/01/18,3.52,3.55,3.26,3.26,1565117,3.40
2012/01/19,3.21,3.49,3.21,3.46,1178345,3.35
2012/01/20,3.47,3.54,3.44,3.48,977634,3.49
2012/01/30,3.51,3.68,3.46,3.52,1303525,3.57
2012/01/31,3.56,3.59,3.46,3.59,903183,3.52
2012/02/01,3.56,3.68,3.53,3.55,1084049,3.60
2012/02/02,3.61,3.69,3.55,3.68,1169160,3.62
2012/02/03,3.68,3.92,3.66,3.84,2079902,3.79
2012/02/06,3.81,3.84,3.75,3.79,1663358,3.79
2012/02/07,3.74,3.79,3.65,3.68,953400,3.72
2012/02/08,3.68,3.86,3.66,3.84,1241132,3.76
2012/02/09,3.81,4.01,3.80,3.86,1724094,3.90
2012/02/10,3.84,3.89,3.81,3.85,1155156,3.85
2012/02/13,3.83,4.00,3.80,3.96,1627888,3.90
2012/02/14,4.11,4.21,3.99,4.02,3444101,4.10
2012/02/15,3.99,4.13,3.99,4.09,1623359,4.06
2012/02/16,4.08,4.12,3.98,4.03,1591164,4.05
2012/02/17,4.03,4.06,3.93,3.98,1140364,3.99
2012/02/20,4.04,4.10,3.93,3.97,1964513,4.01
2012/02/21,3.96,4.14,3.93,4.14,2244445,4.03
2012/02/22,4.15,4.35,4.11,4.30,3316764,4.23
2012/02/23,4.36,4.38,4.22,4.38,3108198,4.30
2012/02/24,4.38,4.39,4.32,4.36,2345127,4.35
2012/02/27,4.38,4.39,4.32,4.36,0,4.35
2012/02/28,4.33,4.50,4.28,4.48,2688468,4.39
2012/02/29,4.45,4.48,4.29,4.30,1651278,4.39
2012/03/01,4.24,4.39,4.24,4.30,1051350,4.31
2012/03/02,4.31,4.41,4.31,4.41,1247621,4.36
2012/03/05,4.42,4.53,4.42,4.47,1891561,4.48
2012/03/06,4.46,4.47,4.30,4.36,1340104,4.38
2012/03/07,4.28,4.42,4.26,4.32,1144527,4.34
2012/03/08,4.36,4.52,4.36,4.42,1646465,4.44
2012/03/09,4.41,4.62,4.41,4.62,2183447,4.52
2012/03/12,4.63,4.66,4.55,4.62,1510626,4.60
2012/03/13,4.60,4.69,4.60,4.67,1299441,4.65
2012/03/14,4.69,4.78,4.30,4.38,2701382,4.54
2012/03/15,4.40,4.42,4.21,4.31,1574384,4.31
2012/03/16,4.31,4.45,4.29,4.45,1477890,4.37
2012/03/19,4.41,4.55,4.39,4.55,1021629,4.47
2012/03/20,4.53,4.53,4.31,4.32,1176065,4.42
2012/03/21,4.32,4.40,4.09,4.26,1414039,4.25
2012/03/22,4.21,4.30,4.18,4.25,582749,4.24
2012/03/23,4.20,4.23,4.11,4.15,697705,4.17
2012/03/26,4.16,4.16,4.06,4.10,630898,4.11
2012/03/27,4.15,4.17,4.08,4.10,592132,4.13
2012/03/28,4.06,4.08,3.76,3.78,1152795,3.92
2012/03/29,3.76,3.82,3.66,3.70,484331,3.74
2012/03/30,3.75,3.76,3.66,3.70,530643,3.71
2012/04/05,3.72,3.88,3.68,3.85,810632,3.78
2012/04/06,3.86,3.93,3.83,3.88,611527,3.88
2012/04/09,3.88,3.97,3.82,3.89,544487,3.90
2012/04/10,3.88,4.03,3.76,4.02,922591,3.90
2012/04/11,3.76,3.88,3.68,3.82,2082920,3.78
2012/04/12,3.82,3.85,3.72,3.84,1707719,3.79
2012/04/13,3.84,3.93,3.84,3.87,1351447,3.89
2012/04/16,3.87,3.87,3.75,3.81,1173010,3.81
2012/04/17,3.78,3.84,3.74,3.74,699312,3.79
2012/04/18,3.77,3.85,3.72,3.83,1065726,3.79
2012/04/19,3.83,3.90,3.80,3.89,1153692,3.85
2012/04/20,3.90,3.93,3.87,3.92,1252857,3.90
2012/04/23,3.88,3.88,3.50,3.51,2003890,3.69
2012/04/24,3.46,3.52,3.28,3.42,1249868,3.40
2012/04/25,3.38,3.48,3.34,3.47,825909,3.41
2012/04/26,3.50,3.56,3.43,3.49,733214,3.50
2012/04/27,3.48,3.57,3.47,3.50,954548,3.52
2012/05/02,3.52,3.52,3.42,3.50,1116486,3.47
2012/05/03,3.48,3.50,3.42,3.48,602162,3.46
2012/05/04,3.48,3.58,3.48,3.56,791057,3.53
2012/05/07,3.56,3.70,3.55,3.65,1147605,3.63
2012/05/08,3.65,3.72,3.62,3.66,1207383,3.67
2012/05/09,3.63,3.67,3.51,3.53,939449,3.59
2012/05/10,3.56,3.62,3.53,3.60,544582,3.57
2012/05/11,3.61,3.63,3.53,3.54,721829,3.58
2012/05/14,3.56,3.68,3.54,3.59,946900,3.61
2012/05/15,3.57,3.71,3.55,3.68,1101633,3.63
2012/05/16,3.67,3.91,3.61,3.73,1641183,3.76
2012/05/17,3.76,3.80,3.72,3.79,1492011,3.76
2012/05/18,3.79,3.79,3.65,3.65,948701,3.72
2012/05/21,3.60,3.68,3.53,3.57,469915,3.60
2012/05/22,3.60,3.62,3.58,3.61,533879,3.60
2012/05/23,3.59,3.59,3.46,3.51,493197,3.52
2012/05/24,3.51,3.75,3.48,3.54,713660,3.61
2012/05/25,3.53,3.55,3.45,3.47,630299,3.50
2012/05/28,3.41,3.46,3.31,3.45,428213,3.39
2012/05/29,3.46,3.59,3.43,3.53,615123,3.51
2012/05/30,3.53,3.62,3.51,3.57,646088,3.56
2012/05/31,3.62,3.96,3.62,3.96,3568223,3.79
2012/06/01,4.09,4.13,3.82,3.85,4584300,3.97
2012/06/04,3.69,3.76,3.67,3.72,2002899,3.71
2012/06/05,3.70,3.74,3.63,3.65,1362894,3.69
2012/06/06,3.64,3.71,3.57,3.58,1136938,3.64
2012/06/07,3.60,3.71,3.56,3.58,1200621,3.64
2012/06/08,3.63,3.68,3.57,3.61,992357,3.63
2012/06/11,3.61,3.79,3.58,3.77,1741894,3.69
2012/06/12,3.73,3.78,3.66,3.67,1104075,3.72
2012/06/13,3.68,3.77,3.66,3.76,1062562,3.72
2012/06/14,3.75,3.77,3.69,3.69,939718,3.73
2012/06/15,3.70,3.73,3.66,3.70,631208,3.70
2012/06/18,3.73,3.86,3.73,3.78,1301780,3.79
2012/06/19,3.77,3.83,3.77,3.79,1119409,3.80
2012/06/20,3.81,3.90,3.76,3.86,1299793,3.83
2012/06/21,3.86,3.86,3.71,3.73,943616,3.78
2012/06/25,3.71,3.72,3.55,3.55,773520,3.64
2012/06/26,3.52,3.58,3.51,3.55,586056,3.54
2012/06/27,3.55,3.66,3.53,3.57,679364,3.59
2012/06/28,3.58,3.65,3.50,3.52,648834,3.57
2012/06/29,3.54,3.58,3.44,3.57,676566,3.51
2012/07/02,3.61,3.64,3.56,3.60,653559,3.60
2012/07/03,3.59,3.74,3.59,3.71,1132767,3.67
2012/07/04,3.70,3.74,3.67,3.69,790736,3.71
2012/07/05,3.66,3.67,3.49,3.55,897551,3.58
2012/07/06,3.56,3.58,3.40,3.57,1015977,3.49
2012/07/09,3.51,3.55,3.38,3.38,693589,3.46
2012/07/10,3.38,3.41,3.32,3.35,420305,3.36
2012/07/11,3.34,3.39,3.34,3.37,277652,3.36
2012/07/12,3.38,3.45,3.35,3.43,451586,3.40
2012/07/13,3.19,3.28,3.07,3.07,1862215,3.17
2012/07/16,3.06,3.07,2.84,2.84,1070684,2.95
2012/07/17,2.84,2.91,2.81,2.88,357859,2.86
2012/07/18,2.90,2.90,2.81,2.89,294406,2.85
2012/07/19,2.88,2.98,2.87,2.94,387154,2.93
2012/07/20,2.94,2.98,2.92,2.92,303015,2.95
2012/07/23,2.89,2.94,2.87,2.90,246381,2.91
2012/07/24,2.87,2.95,2.87,2.94,375828,2.91
2012/07/25,2.89,3.02,2.88,2.95,493537,2.95
2012/07/26,2.95,3.00,2.92,2.94,173839,2.96
2012/07/27,2.98,2.99,2.89,2.93,142569,2.94
2012/07/30,2.91,2.94,2.79,2.81,281837,2.86
2012/07/31,2.78,2.80,2.69,2.70,295925,2.74
2012/08/01,2.67,2.78,2.67,2.73,202508,2.72
2012/08/02,2.73,2.74,2.69,2.74,302280,2.72
2012/08/03,2.74,2.81,2.72,2.81,254296,2.77
2012/08/06,2.76,2.91,2.76,2.91,326018,2.83
2012/08/07,2.95,2.97,2.75,2.95,477739,2.86
2012/08/08,2.94,2.95,2.89,2.95,304089,2.92
2012/08/09,2.94,2.98,2.91,2.98,597398,2.95
2012/08/10,2.98,2.99,2.92,2.94,432769,2.96
2012/08/13,2.93,2.93,2.83,2.83,349200,2.88
2012/08/14,2.83,2.85,2.76,2.84,306797,2.80
2012/08/15,2.80,2.83,2.78,2.81,207539,2.80
2012/08/16,2.78,2.83,2.78,2.79,155209,2.80
2012/08/17,2.78,3.10,2.78,2.97,2527502,2.94
2012/08/20,2.97,2.97,2.83,2.92,1487866,2.90
2012/08/21,2.88,3.02,2.88,3.01,1320161,2.95
2012/08/22,2.98,3.02,2.95,2.98,858108,2.99
2012/08/23,2.98,3.09,2.98,3.06,855023,3.03
2012/08/24,3.05,3.05,2.93,2.94,646261,2.99
2012/08/27,2.91,2.91,2.81,2.84,769236,2.86
2012/08/28,2.81,2.90,2.80,2.88,379564,2.85
2012/08/29,2.84,3.16,2.84,3.01,2282554,3.00
2012/08/30,2.96,3.03,2.82,2.90,1294295,2.92
2012/08/31,2.88,2.94,2.87,2.93,678601,2.91
2012/09/03,2.87,3.00,2.87,2.98,835262,2.94
2012/09/04,2.99,3.07,2.94,2.99,1040321,3.00
2012/09/05,2.96,3.10,2.96,3.06,1177888,3.03
2012/09/06,3.07,3.13,3.05,3.13,1295989,3.09
2012/09/07,3.18,3.27,3.13,3.22,1983880,3.20
2012/09/10,3.19,3.22,3.16,3.19,1318798,3.19
2012/09/11,3.17,3.20,3.12,3.15,1019725,3.16
2012/09/12,3.18,3.18,3.08,3.15,786110,3.13
2012/09/13,3.16,3.18,3.08,3.08,630212,3.13
2012/09/14,3.10,3.16,3.06,3.12,769453,3.11
2012/09/17,3.12,3.12,2.97,2.97,559275,3.05
2012/09/18,2.96,2.99,2.93,2.97,272420,2.96
2012/09/19,3.01,3.02,2.97,3.00,190924,3.00
2012/09/20,2.97,2.98,2.86,2.87,390023,2.92
2012/09/21,2.84,2.89,2.73,2.74,313380,2.81
2012/09/24,2.75,2.80,2.69,2.77,261972,2.74
2012/09/25,2.78,2.79,2.72,2.74,183467,2.76
2012/09/26,2.72,2.75,2.62,2.62,415093,2.69
2012/09/27,2.61,2.73,2.59,2.70,318224,2.66
2012/09/28,2.67,2.75,2.67,2.72,622132,2.71
2012/10/08,2.73,2.73,2.67,2.70,247890,2.70
2012/10/09,2.71,2.83,2.70,2.82,580884,2.77
2012/10/10,2.79,2.84,2.78,2.83,568195,2.81
2012/10/11,2.83,2.83,2.72,2.72,592343,2.78
2012/10/12,2.78,2.78,2.71,2.73,558987,2.74
2012/10/15,2.74,2.74,2.61,2.65,464398,2.68
2012/10/16,2.65,2.72,2.63,2.69,325376,2.68
2012/10/17,2.70,2.72,2.68,2.71,257111,2.70
2012/10/18,2.73,2.78,2.69,2.76,287454,2.73
2012/10/19,2.76,2.79,2.75,2.77,330176,2.77
2012/10/22,2.71,2.78,2.71,2.77,223691,2.74
2012/10/23,2.77,2.82,2.75,2.77,281870,2.78
2012/10/24,2.74,2.81,2.71,2.76,200531,2.76
2012/10/25,2.75,2.79,2.74,2.75,254252,2.77
2012/10/26,2.72,2.78,2.64,2.64,514698,2.71
2012/10/29,2.63,2.72,2.62,2.65,398084,2.67
2012/10/30,2.64,2.66,2.61,2.63,351234,2.64
2012/10/31,2.63,2.63,2.58,2.60,309800,2.60
2012/11/01,2.61,2.67,2.60,2.66,516902,2.64
2012/11/02,2.67,2.68,2.65,2.66,336797,2.67
2012/11/05,2.66,2.67,2.62,2.63,244604,2.65
2012/11/06,2.63,2.64,2.59,2.64,263704,2.61
2012/11/07,2.64,2.68,2.63,2.67,297532,2.66
2012/11/08,2.63,2.63,2.49,2.50,1129515,2.56
2012/11/09,2.47,2.52,2.44,2.47,912126,2.48
2012/11/12,2.47,2.49,2.44,2.48,914611,2.47
2012/11/13,2.46,2.47,2.38,2.39,700937,2.43
2012/11/14,2.37,2.40,2.34,2.38,718357,2.37
2012/11/15,2.36,2.37,2.32,2.32,385110,2.34
2012/11/16,2.32,2.33,2.30,2.31,360367,2.31
2012/11/19,2.31,2.35,2.30,2.35,310567,2.32
2012/11/20,2.36,2.41,2.35,2.36,470516,2.38
2012/11/21,2.36,2.40,2.32,2.40,430199,2.36
2012/11/22,2.38,2.38,2.35,2.36,349660,2.36
2012/11/23,2.37,2.40,2.36,2.37,296588,2.38
2012/11/26,2.38,2.38,2.32,2.32,351156,2.35
2012/11/27,2.33,2.33,2.20,2.21,507400,2.27
2012/11/28,2.21,2.21,2.16,2.17,341719,2.19
2012/11/29,2.18,2.19,2.12,2.13,196006,2.16
2012/11/30,2.13,2.17,2.12,2.16,154694,2.15
2012/12/03,2.17,2.17,2.08,2.09,241547,2.13
2012/12/04,2.08,2.12,2.05,2.11,235007,2.08
2012/12/05,2.10,2.22,2.10,2.20,496791,2.16
2012/12/06,2.21,2.22,2.18,2.20,227089,2.20
2012/12/07,2.19,2.26,2.19,2.26,569070,2.22
2012/12/10,2.29,2.32,2.26,2.32,718866,2.29
2012/12/11,2.30,2.31,2.27,2.27,578264,2.29
2012/12/12,2.27,2.32,2.26,2.31,672352,2.29
2012/12/13,2.31,2.33,2.26,2.26,382300,2.29
2012/12/14,2.26,2.38,2.26,2.37,1362892,2.32
2012/12/17,2.38,2.39,2.35,2.38,816483,2.37
2012/12/18,2.38,2.40,2.35,2.37,787258,2.38
2012/12/19,2.39,2.41,2.37,2.40,552243,2.39
2012/12/20,2.40,2.46,2.37,2.43,1085148,2.42
2012/12/21,2.43,2.57,2.43,2.53,2353328,2.50
2012/12/24,2.53,2.66,2.52,2.64,1913512,2.59
2012/12/25,2.63,2.71,2.61,2.67,1922346,2.66
2012/12/26,2.67,2.87,2.66,2.85,2175190,2.77
2012/12/27,2.85,2.96,2.76,2.79,2026883,2.86
2012/12/28,2.77,2.86,2.73,2.81,1403010,2.79
2012/12/31,2.85,2.90,2.80,2.82,1562905,2.85
2013/01/04,2.82,2.86,2.71,2.77,1676272,2.78
2013/01/07,2.74,2.80,2.72,2.80,1279583,2.76
2013/01/08,2.79,2.89,2.76,2.85,1540344,2.82
2013/01/09,2.82,2.85,2.75,2.80,1479033,2.80
2013/01/10,2.79,2.85,2.78,2.83,1110051,2.81
2013/01/11,2.84,2.96,2.82,2.84,2007670,2.89
2013/01/14,2.86,3.03,2.86,3.02,2203427,2.94
2013/01/15,3.03,3.07,2.99,3.04,1713215,3.03
2013/01/16,3.03,3.03,2.87,2.91,2923418,2.95
2013/01/17,2.89,2.94,2.86,2.87,1129598,2.90
2013/01/18,2.88,2.91,2.82,2.88,1398016,2.86
2013/01/21,2.89,2.89,2.86,2.88,1081588,2.88
2013/01/22,2.88,2.88,2.74,2.76,1280826,2.81
2013/01/23,2.75,2.80,2.71,2.77,784743,2.75
2013/01/24,2.75,2.79,2.61,2.64,1038974,2.70
2013/01/25,2.66,2.68,2.63,2.67,465309,2.66
2013/01/28,2.69,2.78,2.68,2.78,630128,2.73
2013/01/29,2.78,2.78,2.70,2.73,1750994,2.74
2013/01/30,2.74,2.74,2.66,2.69,1021416,2.70
2013/01/31,2.69,2.71,2.62,2.64,589384,2.67
2013/02/01,2.64,2.71,2.64,2.68,593975,2.68
2013/02/04,2.70,2.70,2.65,2.68,595392,2.68
2013/02/05,2.63,2.71,2.63,2.70,461993,2.67
2013/02/06,2.71,2.75,2.69,2.75,655926,2.72
2013/02/07,2.77,2.86,2.76,2.78,1075318,2.81
2013/02/08,2.78,2.82,2.76,2.82,1197461,2.79
2013/02/18,2.83,2.89,2.81,2.86,1192803,2.85
2013/02/19,2.85,2.86,2.74,2.76,916401,2.80
2013/02/20,2.78,2.85,2.77,2.85,985146,2.81
2013/02/21,2.84,2.90,2.80,2.86,1344083,2.85
2013/02/22,2.88,2.97,2.87,2.90,1870573,2.92
2013/02/25,2.92,2.98,2.87,2.91,1160026,2.93
2013/02/26,2.92,2.98,2.91,2.92,2393367,2.95
2013/02/27,2.94,2.95,2.79,2.83,1910508,2.87
2013/02/28,2.97,3.02,2.92,2.98,3330125,2.97
2013/03/01,2.95,3.11,2.95,3.11,3564377,3.03
2013/03/04,3.08,3.10,2.96,2.99,2593713,3.03
2013/03/05,2.98,3.08,2.98,3.08,1919240,3.03
2013/03/06,3.10,3.15,3.07,3.12,2002025,3.11
2013/03/07,3.28,3.28,3.01,3.03,2243803,3.14
2013/03/08,3.03,3.07,2.98,3.00,1267084,3.02
2013/03/11,3.01,3.01,2.97,2.99,627659,2.99
2013/03/12,3.01,3.01,2.80,2.86,1450843,2.90
2013/03/13,2.86,2.86,2.79,2.83,554655,2.82
2013/03/14,2.83,2.86,2.82,2.83,388995,2.84
2013/03/15,2.83,2.90,2.81,2.86,721385,2.85
2013/03/18,2.87,2.87,2.80,2.80,481772,2.83
2013/03/19,2.81,2.82,2.74,2.82,474808,2.78
2013/03/20,2.80,2.92,2.80,2.91,792706,2.86
2013/03/21,2.92,2.98,2.90,2.94,899309,2.94
2013/03/22,2.94,2.96,2.91,2.95,485561,2.94
2013/03/25,2.93,2.96,2.91,2.92,505098,2.94
2013/03/26,2.92,2.92,2.84,2.87,855352,2.88
2013/03/27,2.86,2.91,2.86,2.88,561641,2.89
2013/03/28,2.86,2.86,2.77,2.77,687722,2.81
2013/03/29,2.77,2.81,2.77,2.79,447874,2.79
2013/04/01,2.78,2.85,2.78,2.82,292838,2.81
2013/04/02,2.83,2.86,2.76,2.77,386978,2.81
2013/04/03,2.78,2.80,2.71,2.72,399905,2.75
2013/04/08,2.67,2.76,2.66,2.75,346009,2.71
2013/04/09,2.75,2.79,2.75,2.77,331303,2.77
2013/04/10,2.78,2.80,2.73,2.75,374524,2.76
2013/04/11,2.78,2.80,2.75,2.76,345680,2.77
2013/04/12,2.77,2.77,2.73,2.74,256564,2.75
2013/04/15,2.72,2.75,2.69,2.70,138600,2.72
2013/04/16,2.71,2.75,2.66,2.74,268256,2.71
2013/04/17,2.72,2.79,2.72,2.77,375443,2.76
2013/04/18,2.77,2.83,2.74,2.81,532156,2.79
2013/04/19,2.82,2.89,2.81,2.88,732460,2.85
2013/04/22,2.86,2.90,2.84,2.89,1082586,2.87
2013/04/23,2.89,2.91,2.78,2.78,832256,2.84
2013/04/24,2.78,2.92,2.77,2.91,1357618,2.84
2013/04/25,2.93,3.02,2.90,2.92,2131020,2.96
2013/04/26,2.91,2.92,2.80,2.81,1199712,2.86
2013/05/02,2.79,2.84,2.76,2.84,508973,2.80
2013/05/03,2.83,2.93,2.83,2.91,922919,2.88
2013/05/06,2.93,3.01,2.90,2.99,1323388,2.95
2013/05/07,2.97,2.99,2.94,2.98,845884,2.97
2013/05/08,2.98,3.05,2.97,3.04,1294767,3.01
2013/05/09,3.02,3.08,2.99,3.04,1462538,3.04
2013/05/10,3.06,3.06,2.97,3.04,1167786,3.02
2013/05/13,3.03,3.17,3.02,3.16,2219194,3.09
2013/05/14,3.13,3.15,3.02,3.07,1571970,3.08
2013/05/15,3.08,3.21,3.04,3.20,2165636,3.13
2013/05/16,3.21,3.30,3.11,3.13,3370720,3.20
2013/05/17,3.11,3.48,3.11,3.48,7774949,3.29
2013/05/20,3.56,3.56,3.44,3.53,7339952,3.50
2013/05/21,3.49,3.61,3.46,3.55,3705554,3.53
2013/05/22,3.57,3.57,3.36,3.38,3378130,3.46
2013/05/23,3.37,3.47,3.34,3.36,2037236,3.41
2013/05/24,3.38,3.65,3.38,3.58,3931376,3.51
2013/05/27,3.57,3.61,3.50,3.57,3302548,3.55
2013/05/28,3.56,3.56,3.37,3.38,2492291,3.47
2013/05/29,3.38,3.50,3.38,3.46,1980740,3.44
2013/05/30,3.48,3.48,3.41,3.44,1334681,3.45
2013/05/31,3.43,3.43,3.33,3.35,2253897,3.38
2013/06/03,3.36,3.39,3.34,3.35,941603,3.36
2013/06/04,3.35,3.37,3.18,3.22,1412264,3.28
2013/06/05,3.21,3.28,3.21,3.25,745289,3.24
2013/06/06,3.20,3.23,3.17,3.17,875448,3.20
2013/06/07,3.17,3.20,3.07,3.13,925480,3.14
2013/06/13,3.05,3.08,2.95,3.06,921360,3.02
2013/06/14,3.06,3.20,3.04,3.18,1231413,3.12
2013/06/17,3.17,3.24,3.14,3.18,1246534,3.19
2013/06/18,3.19,3.20,3.09,3.20,1007346,3.15
2013/06/19,3.19,3.29,3.13,3.28,1231260,3.21
2013/06/20,3.29,3.29,3.12,3.14,1362162,3.21
2013/06/21,3.05,3.11,2.99,3.08,812527,3.05
2013/06/24,3.08,3.11,2.80,2.82,1070030,2.95
2013/06/25,2.79,2.82,2.51,2.78,1786173,2.66
2013/06/26,2.79,2.90,2.71,2.87,1156396,2.80
2013/06/27,2.87,2.92,2.73,2.75,1223254,2.82
2013/06/28,2.71,2.80,2.61,2.68,974313,2.70
2013/07/01,2.66,2.79,2.62,2.78,864556,2.71
2013/07/02,2.79,2.88,2.78,2.87,1174597,2.83
2013/07/03,2.83,2.90,2.75,2.89,1130837,2.82
2013/07/04,2.89,2.92,2.83,2.83,971518,2.88
2013/07/05,2.84,2.88,2.74,2.74,975060,2.81
2013/07/08,2.66,2.71,2.60,2.64,748888,2.66
2013/07/09,2.61,2.70,2.61,2.68,561138,2.66
2013/07/10,2.70,2.75,2.66,2.74,592330,2.71
2013/07/11,2.73,2.84,2.72,2.80,824541,2.78
2013/07/12,2.75,2.85,2.72,2.84,2903097,2.79
2013/07/15,2.84,2.97,2.81,2.97,2551397,2.89
2013/07/16,2.97,3.07,2.94,3.07,2406891,3.00
2013/07/17,3.06,3.24,3.04,3.21,4105304,3.14
2013/07/18,3.21,3.28,3.13,3.23,2190593,3.20
2013/07/19,3.21,3.26,3.12,3.12,1768367,3.19
2013/07/22,3.10,3.22,3.05,3.19,986501,3.14
2013/07/23,3.23,3.25,3.17,3.24,1487551,3.21
2013/07/24,3.22,3.32,3.20,3.30,1766559,3.26
2013/07/25,3.26,3.30,3.15,3.19,1403610,3.22
2013/07/26,3.24,3.24,3.02,3.13,960757,3.13
2013/07/29,3.13,3.20,3.03,3.12,877040,3.11
2013/07/30,3.07,3.19,3.07,3.16,785122,3.13
2013/07/31,3.16,3.51,3.13,3.51,4467550,3.32
2013/08/01,3.41,3.70,3.40,3.61,6454024,3.55
2013/08/02,3.62,4.00,3.58,4.00,7999844,3.79
2013/08/05,4.03,4.09,3.88,3.91,8972640,3.98
2013/08/06,3.93,4.03,3.80,3.96,5305572,3.92
2013/08/07,3.92,3.95,3.68,3.72,4190348,3.82
2013/08/08,3.63,3.89,3.62,3.89,4102955,3.76
2013/08/09,3.86,3.90,3.67,3.70,3146134,3.78
2013/08/12,3.65,3.77,3.51,3.66,2649818,3.64
2013/08/13,3.62,3.72,3.59,3.69,1998705,3.66
2013/08/14,3.70,3.81,3.66,3.76,2848044,3.74
2013/08/15,3.74,3.80,3.65,3.70,2307931,3.72
2013/08/16,3.69,3.82,3.63,3.64,2770504,3.72
2013/08/19,3.63,3.88,3.59,3.85,2834379,3.73
2013/08/20,3.83,4.27,3.80,4.22,7488214,4.03
2013/08/21,4.22,4.22,4.06,4.12,2979698,4.14
2013/08/22,4.11,4.22,4.07,4.15,2462872,4.15
2013/08/23,4.11,4.27,4.03,4.13,2819769,4.15
2013/08/26,4.13,4.30,4.13,4.29,2598939,4.21
2013/08/27,4.29,4.36,4.15,4.29,1941123,4.26
2013/08/28,4.26,4.39,4.22,4.27,2075247,4.30
2013/08/29,4.28,4.65,4.23,4.50,2126613,4.44
2013/08/30,4.46,4.54,4.20,4.37,1769154,4.37
2013/09/02,4.31,4.79,4.26,4.72,1289503,4.52
2013/09/03,4.71,4.95,4.61,4.87,2144477,4.78
2013/09/04,4.88,5.38,4.79,5.38,3264326,5.08
2013/09/05,5.58,5.95,5.44,5.95,3124197,5.70
2013/09/06,6.40,6.40,5.95,6.18,6343702,6.18
2013/09/09,6.19,6.19,5.80,5.91,4147452,6.00
2013/09/10,5.81,5.89,5.69,5.81,2503852,5.79
2013/09/11,5.81,5.82,5.20,5.34,3235428,5.51
2013/09/12,5.36,5.47,5.23,5.35,1920810,5.35
2013/09/13,5.35,5.48,5.26,5.43,2029032,5.37
2013/09/16,5.52,5.53,5.39,5.43,1298026,5.46
2013/09/17,5.45,5.51,5.20,5.23,1327596,5.35
2013/09/18,5.31,5.47,5.11,5.42,2158858,5.29
2013/09/23,5.42,5.52,5.37,5.46,2424102,5.44
2013/09/24,5.47,5.58,5.42,5.51,1621092,5.50
2013/09/25,5.49,6.09,5.49,5.92,4518128,5.79
2013/09/26,5.91,6.54,5.89,6.54,4252636,6.21
2013/09/27,6.71,6.71,6.32,6.47,2662023,6.52
2013/09/30,6.50,6.61,6.15,6.20,3114075,6.38
2013/10/08,6.18,6.84,6.12,6.84,4427044,6.48
2013/10/09,7.03,7.11,6.75,6.89,3567970,6.93
2013/10/10,6.83,7.03,6.63,6.66,2580645,6.83
2013/10/11,6.66,6.83,6.46,6.60,1957227,6.65
2013/10/14,6.66,6.83,6.46,6.60,0,6.65
2013/10/15,6.66,6.83,6.46,6.60,0,6.65
2013/10/16,6.66,6.83,6.46,6.60,0,6.65
2013/10/17,6.66,6.83,6.46,6.60,0,6.65
2013/10/18,6.66,6.83,6.46,6.60,0,6.65
2013/10/21,6.66,6.83,6.46,6.60,0,6.65
2013/10/22,6.66,6.83,6.46,6.60,0,6.65
2013/10/23,6.66,6.83,6.46,6.60,0,6.65
2013/10/24,6.66,6.83,6.46,6.60,0,6.65
2013/10/25,6.66,6.83,6.46,6.60,0,6.65
2013/10/28,6.66,6.83,6.46,6.60,0,6.65
2013/10/29,6.66,6.83,6.46,6.60,0,6.65
2013/10/30,6.66,6.83,6.46,6.60,0,6.65
2013/10/31,6.66,6.83,6.46,6.60,0,6.65
2013/11/01,6.66,6.83,6.46,6.60,0,6.65
2013/11/04,6.66,6.83,6.46,6.60,0,6.65
2013/11/05,6.66,6.83,6.46,6.60,0,6.65
2013/11/06,6.66,6.83,6.46,6.60,0,6.65
2013/11/07,6.66,6.83,6.46,6.60,0,6.65
2013/11/08,6.66,6.83,6.46,6.60,0,6.65
2013/11/11,6.66,6.83,6.46,6.60,0,6.65
2013/11/12,6.66,6.83,6.46,6.60,0,6.65
2013/11/13,6.66,6.83,6.46,6.60,0,6.65
2013/11/14,6.66,6.83,6.46,6.60,0,6.65
2013/11/15,6.66,6.83,6.46,6.60,0,6.65
2013/11/18,6.66,6.83,6.46,6.60,0,6.65
2013/11/19,6.66,6.83,6.46,6.60,0,6.65
2013/11/20,6.66,6.83,6.46,6.60,0,6.65
2013/11/21,6.66,6.83,6.46,6.60,0,6.65
2013/11/22,6.66,6.83,6.46,6.60,0,6.65
2013/11/25,6.66,6.83,6.46,6.60,0,6.65
2013/11/26,6.66,6.83,6.46,6.60,0,6.65
2013/11/27,6.66,6.83,6.46,6.60,0,6.65
2013/11/28,6.66,6.83,6.46,6.60,0,6.65
2013/11/29,6.66,6.83,6.46,6.60,0,6.65
2013/12/02,6.66,6.83,6.46,6.60,0,6.65
2013/12/03,6.66,6.83,6.46,6.60,0,6.65
2013/12/04,6.66,6.83,6.46,6.60,0,6.65
2013/12/05,6.66,6.83,6.46,6.60,0,6.65
2013/12/06,6.66,6.83,6.46,6.60,0,6.65
2013/12/09,6.66,6.83,6.46,6.60,0,6.65
2013/12/10,6.66,6.83,6.46,6.60,0,6.65
2013/12/11,6.66,6.83,6.46,6.60,0,6.65
2013/12/12,6.66,6.83,6.46,6.60,0,6.65
2013/12/13,6.66,6.83,6.46,6.60,0,6.65
2013/12/16,6.66,6.83,6.46,6.60,0,6.65
2013/12/17,6.66,6.83,6.46,6.60,0,6.65
2013/12/18,6.66,6.83,6.46,6.60,0,6.65
2013/12/19,6.66,6.83,6.46,6.60,0,6.65
2013/12/20,7.26,7.29,6.91,7.29,4752025,7.10
2013/12/23,7.71,8.05,7.29,8.05,7824948,7.67
2013/12/24,8.14,8.68,8.03,8.31,8155619,8.35
2013/12/25,8.22,8.45,7.97,8.39,5785598,8.21
2013/12/26,8.43,8.82,7.52,7.58,5238360,8.17
2013/12/27,7.55,7.98,7.55,7.71,3460505,7.77
2013/12/30,7.59,8.46,7.39,8.41,5537186,7.93
2013/12/31,8.24,9.15,8.24,8.51,5288753,8.70
2014/01/02,8.42,9.39,8.24,9.39,4498217,8.82
2014/01/03,9.72,10.00,9.39,9.71,5658659,9.70
2014/01/06,9.71,10.10,9.25,9.43,4039042,9.67
2014/01/07,9.30,9.91,8.73,9.62,3469611,9.32
2014/01/08,9.71,10.02,9.23,9.45,3310519,9.63
2014/01/09,9.25,10.43,9.23,10.43,4994696,9.83
2014/01/10,10.29,11.42,10.21,10.95,7290903,10.82
2014/01/13,11.07,12.07,11.03,11.51,8780905,11.55
2014/01/14,11.51,12.59,11.18,12.55,6907756,11.88
2014/01/15,12.38,12.68,11.58,12.03,7068639,12.13
2014/01/16,11.83,12.38,11.43,11.88,6176039,11.91
2014/01/17,11.91,11.91,11.27,11.30,5333295,11.59
2014/01/20,11.39,12.09,11.15,11.87,7716498,11.62
2014/01/21,11.64,12.24,11.43,11.98,5519882,11.83
2014/01/22,11.88,12.96,10.81,10.90,11255473,11.89
2014/01/23,10.86,11.46,10.75,11.08,6950531,11.11
2014/01/24,10.92,11.46,10.87,11.25,4052528,11.17
2014/01/27,11.16,11.61,11.05,11.31,3368657,11.33
2014/01/28,11.35,11.46,10.83,11.01,1934182,11.15
2014/01/29,11.03,12.10,11.02,11.89,4226156,11.56
2014/01/30,11.78,12.82,11.49,12.42,5379719,12.16
2014/02/07,12.29,12.58,11.95,12.53,3063235,12.26
2014/02/10,12.39,12.89,12.21,12.55,3593789,12.55
2014/02/11,12.51,13.81,12.47,13.31,4972432,13.14
2014/02/12,13.31,14.41,13.15,14.41,5879234,13.78
2014/02/13,14.11,14.50,13.31,13.31,3850386,13.91
2014/02/14,13.43,14.67,12.92,14.67,4286663,13.79
2014/02/17,14.51,16.10,14.31,15.99,3646484,15.21
2014/02/18,15.77,16.71,15.31,15.63,2910678,16.01
2014/02/19,15.55,15.78,14.32,14.92,3082690,15.05
2014/02/20,14.95,15.24,14.21,14.88,2282733,14.73
2014/02/21,14.67,16.11,14.51,15.75,2201974,15.31
2014/02/24,15.51,15.86,14.51,15.71,3099663,15.18
2014/02/25,15.51,15.62,14.11,14.11,3546698,14.86
2014/02/26,13.83,14.51,12.91,13.91,2912359,13.71
2014/02/27,13.86,14.30,12.49,12.49,3312574,13.40
2014/02/28,12.19,12.73,11.87,12.53,2340631,12.30
2014/03/03,12.53,13.09,12.35,12.96,1767486,12.72
2014/03/04,12.82,13.49,12.71,13.06,1969241,13.10
2014/03/05,13.10,13.49,12.73,12.97,1352814,13.11
2014/03/06,13.10,13.49,12.73,12.97,0,13.11
2014/03/07,13.10,13.49,12.73,12.97,0,13.11
2014/03/10,13.10,13.49,12.73,12.97,0,13.11
2014/03/11,13.10,13.49,12.73,12.97,0,13.11
2014/03/12,13.10,13.49,12.73,12.97,0,13.11
2014/03/13,12.51,14.30,11.85,14.29,3363688,13.08
2014/03/14,14.18,15.24,13.99,14.58,2888157,14.62
2014/03/17,14.51,14.58,13.99,14.43,1633346,14.29
2014/03/18,14.43,14.91,14.31,14.33,1691991,14.61
2014/03/19,14.35,14.44,13.32,13.56,1849951,13.88
2014/03/20,13.59,13.60,12.31,12.49,3019647,12.96
2014/03/21,12.48,12.65,11.87,12.42,1972976,12.26
2014/03/24,12.30,12.42,11.57,11.61,2235509,12.00
2014/03/25,11.57,11.78,11.26,11.48,1529701,11.52
2014/03/26,11.56,12.06,11.55,11.89,2140795,11.81
2014/03/27,11.74,11.90,10.95,10.95,1641667,11.42
2014/03/28,11.04,11.41,10.21,10.42,2447624,10.81
2014/03/31,10.37,10.84,10.11,10.45,1923101,10.47
2014/04/01,10.47,11.43,10.23,11.36,3068904,10.83
2014/04/02,11.34,11.46,10.74,10.82,2513545,11.10
2014/04/03,10.49,11.62,10.31,11.19,2351984,10.96
2014/04/04,10.96,12.01,10.96,11.71,2859172,11.49
2014/04/08,11.62,11.91,11.40,11.65,1660702,11.66
2014/04/09,11.65,12.58,11.65,12.45,1966731,12.12
2014/04/10,12.31,12.56,11.86,11.98,3633987,12.21
2014/04/11,11.31,11.66,11.19,11.31,1967497,11.42
2014/04/14,11.18,11.71,11.18,11.29,1479874,11.45
2014/04/15,11.51,11.56,10.98,11.06,1292530,11.27
2014/04/16,11.10,11.35,10.91,11.35,641354,11.13
2014/04/17,11.35,11.78,11.33,11.35,826428,11.55
2014/04/18,11.20,11.48,11.11,11.17,1226628,11.29
2014/04/21,11.00,11.18,10.87,10.88,1246878,11.02
2014/04/22,10.71,10.99,10.38,10.46,1149090,10.69
2014/04/23,10.46,10.64,10.32,10.38,587820,10.48
2014/04/24,10.43,10.63,10.25,10.47,603440,10.44
2014/04/25,10.51,10.51,9.80,9.87,862166,10.16
2014/04/28,9.71,9.86,9.39,9.59,794362,9.63
2014/04/29,9.55,10.22,9.55,9.99,1290905,9.89
2014/04/30,9.94,10.59,9.84,10.49,1036590,10.21
2014/05/05,10.49,11.37,10.49,11.28,1518066,10.93
2014/05/06,11.43,11.68,11.04,11.07,1400959,11.36
2014/05/07,11.12,11.48,10.71,10.81,1165008,11.10
2014/05/08,10.81,11.15,10.66,11.11,2671474,10.91
2014/05/09,11.12,11.17,10.51,10.92,993580,10.84
2014/05/12,11.07,11.11,10.44,10.77,1438392,10.77
2014/05/13,10.71,10.85,10.51,10.63,944157,10.68
2014/05/14,10.72,10.72,10.51,10.65,468764,10.62
2014/05/15,10.58,10.84,10.46,10.46,721378,10.65
2014/05/16,10.43,10.43,9.86,9.99,1080603,10.14
2014/05/19,10.04,10.22,9.75,9.92,655664,9.99
2014/05/20,10.10,10.82,10.10,10.49,1280464,10.46
2014/05/21,10.38,10.75,10.02,10.54,639229,10.38
2014/05/22,10.49,11.03,10.45,10.77,1275788,10.74
2014/05/23,10.71,11.28,10.61,11.27,1208898,10.94
2014/05/26,11.39,11.67,11.11,11.32,1483260,11.39
2014/05/27,11.23,11.82,11.15,11.67,1978510,11.49
2014/05/28,11.69,11.82,11.43,11.71,1242398,11.63
2014/05/29,11.71,11.71,11.25,11.39,806377,11.48
2014/05/30,11.36,11.36,11.08,11.20,603640,11.22
2014/06/03,11.20,11.78,11.16,11.52,1028836,11.47
2014/06/04,11.42,11.50,10.72,10.92,1690719,11.11
2014/06/05,10.92,11.32,10.60,11.12,1352152,10.96
2014/06/06,10.94,11.30,10.92,11.27,614333,11.11
2014/06/09,11.27,11.27,10.78,10.79,730815,11.02
2014/06/10,10.72,10.96,10.39,10.90,851780,10.68
2014/06/11,10.94,11.27,10.72,11.19,1007745,11.00
2014/06/12,11.24,11.46,11.07,11.25,943635,11.27
2014/06/13,11.29,11.66,11.20,11.45,1228009,11.43
2014/06/16,11.48,11.86,11.40,11.62,2184156,11.63
2014/06/17,11.60,11.84,11.10,11.14,1341278,11.47
2014/06/18,11.14,11.26,10.72,10.73,825991,10.99
2014/06/19,10.73,10.90,9.73,10.24,1217210,10.32
2014/06/20,10.04,10.42,10.03,10.33,593475,10.22
2014/06/23,10.38,10.82,10.38,10.70,1039355,10.60
2014/06/24,10.99,11.26,10.79,10.82,1002424,11.02
2014/06/25,10.72,11.02,10.62,10.95,493546,10.82
2014/06/26,11.02,12.08,10.88,12.08,3932843,11.48
2014/06/27,12.32,12.94,12.20,12.66,2812756,12.57
2014/06/30,12.63,13.83,12.28,13.49,2726237,13.05
2014/07/01,13.12,13.31,12.86,12.96,1666060,13.08
2014/07/02,12.86,13.10,12.30,12.62,1801203,12.70
2014/07/03,12.72,13.22,12.16,12.18,2019776,12.69
2014/07/04,12.32,12.50,12.13,12.38,2237146,12.32
2014/07/07,12.38,12.44,11.80,12.13,2890425,12.12
2014/07/08,12.08,12.51,11.96,12.42,1764451,12.24
2014/07/09,12.08,12.51,11.96,12.42,0,12.24
2014/07/10,12.08,12.51,11.96,12.42,0,12.24
2014/07/11,12.08,12.51,11.96,12.42,0,12.24
2014/07/14,12.08,12.51,11.96,12.42,0,12.24
2014/07/15,12.08,12.51,11.96,12.42,0,12.24
2014/07/16,12.08,12.51,11.96,12.42,0,12.24
2014/07/17,12.08,12.51,11.96,12.42,0,12.24
2014/07/18,12.08,12.51,11.96,12.42,0,12.24
2014/07/21,12.08,12.51,11.96,12.42,0,12.24
2014/07/22,12.08,12.51,11.96,12.42,0,12.24
2014/07/23,12.08,12.51,11.96,12.42,0,12.24
2014/07/24,12.08,12.51,11.96,12.42,0,12.24
2014/07/25,12.08,12.51,11.96,12.42,0,12.24
2014/07/28,12.08,12.51,11.96,12.42,0,12.24
2014/07/29,12.08,12.51,11.96,12.42,0,12.24
2014/07/30,12.08,12.51,11.96,12.42,0,12.24
2014/07/31,12.08,12.51,11.96,12.42,0,12.24
2014/08/01,12.08,12.51,11.96,12.42,0,12.24
2014/08/04,12.08,12.51,11.96,12.42,0,12.24
2014/08/05,12.08,12.51,11.96,12.42,0,12.24
2014/08/06,12.08,12.51,11.96,12.42,0,12.24
2014/08/07,12.08,12.51,11.96,12.42,0,12.24
2014/08/08,12.08,12.51,11.96,12.42,0,12.24
2014/08/11,12.08,12.51,11.96,12.42,0,12.24
2014/08/12,12.08,12.51,11.96,12.42,0,12.24
2014/08/13,12.08,12.51,11.96,12.42,0,12.24
2014/08/14,12.08,12.51,11.96,12.42,0,12.24
2014/08/15,12.08,12.51,11.96,12.42,0,12.24
2014/08/18,12.08,12.51,11.96,12.42,0,12.24
2014/08/19,12.08,12.51,11.96,12.42,0,12.24
2014/08/20,12.08,12.51,11.96,12.42,0,12.24
2014/08/21,12.08,12.51,11.96,12.42,0,12.24
2014/08/22,12.08,12.51,11.96,12.42,0,12.24
2014/08/25,12.08,12.51,11.96,12.42,0,12.24
2014/08/26,12.08,12.51,11.96,12.42,0,12.24
2014/08/27,12.08,12.51,11.96,12.42,0,12.24
2014/08/28,12.08,12.51,11.96,12.42,0,12.24
2014/08/29,12.08,12.51,11.96,12.42,0,12.24
2014/09/01,12.08,12.51,11.96,12.42,0,12.24
2014/09/02,12.08,12.51,11.96,12.42,0,12.24
2014/09/03,12.08,12.51,11.96,12.42,0,12.24
2014/09/04,12.08,12.51,11.96,12.42,0,12.24
2014/09/05,12.08,12.51,11.96,12.42,0,12.24
2014/09/09,12.08,12.51,11.96,12.42,0,12.24
2014/09/10,12.08,12.51,11.96,12.42,0,12.24
2014/09/11,12.08,12.51,11.96,12.42,0,12.24
2014/09/12,12.08,12.51,11.96,12.42,0,12.24
2014/09/15,12.08,12.51,11.96,12.42,0,12.24
2014/09/16,12.08,12.51,11.96,12.42,0,12.24
2014/09/17,12.08,12.51,11.96,12.42,0,12.24
2014/09/18,12.08,12.51,11.96,12.42,0,12.24
2014/09/19,12.08,12.51,11.96,12.42,0,12.24
2014/09/22,12.08,12.51,11.96,12.42,0,12.24
2014/09/23,12.08,12.51,11.96,12.42,0,12.24
2014/09/24,12.08,12.51,11.96,12.42,0,12.24
2014/09/25,12.08,12.51,11.96,12.42,0,12.24
2014/09/26,13.69,13.69,13.69,13.69,56349,13.69
2014/09/29,15.09,15.09,13.52,13.94,6014825,14.30
2014/09/30,13.94,14.12,13.48,13.66,3960821,13.80
2014/10/08,13.72,14.26,13.72,13.91,3650385,13.99
2014/10/09,13.86,14.08,13.60,13.72,1834626,13.84
2014/10/10,13.55,13.66,13.37,13.44,1453644,13.51
2014/10/13,13.44,13.84,13.38,13.64,2202445,13.61
2014/10/14,13.66,13.90,13.54,13.78,1576363,13.72
2014/10/15,13.94,14.04,13.56,13.80,1770906,13.80
2014/10/16,13.58,13.64,13.20,13.22,1618006,13.42
2014/10/17,13.16,13.39,12.62,12.88,1383649,13.00
2014/10/20,12.88,13.31,12.78,13.29,1453308,13.04
2014/10/21,13.28,13.88,13.19,13.68,1801291,13.54
2014/10/22,13.68,14.08,13.52,13.70,981726,13.80
2014/10/23,13.68,13.78,13.34,13.47,724875,13.56
2014/10/24,13.47,13.47,12.88,13.07,1193847,13.18
2014/10/27,13.07,13.34,12.98,13.30,931309,13.16
2014/10/28,13.51,13.66,13.37,13.58,1169404,13.51
2014/10/29,13.62,13.76,13.35,13.41,2277790,13.55
2014/10/30,13.46,13.92,13.45,13.78,3175069,13.68
2014/10/31,13.81,13.84,13.48,13.83,1958513,13.66
2014/11/03,13.86,14.84,13.86,14.58,4425895,14.35
2014/11/04,14.60,14.74,14.09,14.18,2580171,14.42
2014/11/05,14.04,14.04,13.46,13.52,2326414,13.75
2014/11/06,13.53,13.69,13.44,13.62,1891401,13.56
2014/11/07,13.71,13.83,13.20,13.25,2031006,13.51
2014/11/10,13.24,13.44,12.93,13.18,1768232,13.18
2014/11/11,13.26,13.30,12.85,13.04,1520385,13.08
2014/11/12,13.04,13.18,12.84,13.12,1060766,13.01
2014/11/13,13.08,13.19,12.84,12.90,1239508,13.01
2014/11/14,12.90,12.96,12.75,12.81,965675,12.86
2014/11/17,12.83,13.10,12.60,12.94,1097515,12.85
2014/11/18,12.86,12.94,12.73,12.84,901003,12.83
2014/11/19,12.69,13.06,12.68,12.93,1327414,12.87
2014/11/20,13.11,13.30,12.92,13.10,1285979,13.11
2014/11/21,13.10,13.23,12.94,13.05,953702,13.08
2014/11/24,13.08,13.16,12.82,12.90,967920,12.99
2014/11/25,12.92,13.50,12.91,13.38,1727970,13.21
2014/11/26,13.45,13.45,13.20,13.42,1302866,13.32
2014/11/27,13.49,13.72,13.46,13.65,1576329,13.59
2014/11/28,13.68,13.92,13.56,13.59,1810087,13.74
2014/12/01,13.52,13.56,12.92,13.01,2049780,13.24
2014/12/02,13.01,13.36,12.93,13.26,1474425,13.14
2014/12/03,13.32,13.54,13.04,13.50,1652854,13.29
2014/12/04,13.60,13.68,13.34,13.46,1700698,13.51
2014/12/05,13.28,13.46,12.51,13.00,2467944,12.99
2014/12/08,12.92,13.04,12.30,12.42,1611158,12.67
2014/12/09,12.50,12.62,11.15,12.12,3075737,11.88
2014/12/10,11.71,12.32,11.21,12.20,2850378,11.77
2014/12/11,12.12,12.12,11.58,11.94,2710934,11.85
2014/12/12,11.82,12.52,11.82,12.46,3264732,12.17
2014/12/15,12.44,12.87,12.38,12.82,2270707,12.63
2014/12/16,12.68,12.91,12.44,12.80,1676573,12.67
2014/12/17,12.71,13.24,12.50,13.20,3278000,12.87
2014/12/18,13.16,13.22,12.92,13.02,1148427,13.07
2014/12/19,13.06,13.12,12.14,12.60,1682700,12.63
2014/12/22,12.20,12.73,11.31,11.32,2494964,12.02
2014/12/23,12.16,12.48,11.90,12.39,6273434,12.19
2014/12/24,12.80,13.66,12.24,13.66,5912289,12.95
2014/12/25,14.33,15.06,14.12,14.92,14582729,14.59
2014/12/26,14.36,14.76,13.96,14.13,9469857,14.36
2014/12/29,13.84,14.36,13.66,14.17,6115184,14.01
2014/12/30,13.84,14.36,13.66,14.17,0,14.01
2014/12/31,13.84,14.36,13.66,14.17,0,14.01
2015/01/05,13.84,14.36,13.66,14.17,0,14.01
2015/01/06,13.84,14.36,13.66,14.17,0,14.01
2015/01/07,13.72,13.72,12.73,13.00,6502544,13.23
2015/01/08,12.65,13.24,12.65,13.02,3549102,12.95
2015/01/09,13.10,13.70,13.02,13.16,4153268,13.36
2015/01/12,13.10,13.18,12.70,12.84,2228998,12.94
2015/01/13,12.76,13.28,12.38,13.13,4419183,12.83
2015/01/14,12.99,14.47,12.66,14.47,9227445,13.57
2015/01/15,14.92,14.92,13.68,13.92,8193228,14.30
2015/01/16,13.72,14.41,13.64,13.98,5476182,14.03
2015/01/19,13.60,14.90,13.47,14.47,7106204,14.19
2015/01/20,14.48,15.94,13.92,15.94,9870249,14.93
2015/01/21,15.94,16.32,15.68,16.06,8066204,16.00
2015/01/22,16.39,17.64,16.39,16.69,8883832,17.02
2015/01/23,16.90,17.98,16.32,17.21,8022713,17.15
2015/01/26,17.14,18.32,17.04,18.00,7033940,17.68
2015/01/27,17.78,18.32,17.20,17.85,6286141,17.76
2015/01/28,17.50,17.50,16.50,16.60,7616703,17.00
2015/01/29,16.42,16.85,16.40,16.56,3122075,16.63
2015/01/30,16.50,17.30,16.04,16.08,4276303,16.67
2015/02/02,16.12,16.71,15.92,16.42,3236350,16.32
2015/02/03,16.40,17.31,16.40,16.98,4505602,16.85
2015/02/04,16.78,16.88,16.34,16.44,3598530,16.61
2015/02/05,16.60,17.28,16.25,16.56,5192641,16.77
2015/02/06,16.72,16.72,15.82,15.90,2916250,16.27
2015/02/09,15.88,16.10,15.32,15.36,1978883,15.71
2015/02/10,15.44,15.92,15.44,15.84,1851064,15.68
2015/02/11,15.84,16.38,15.72,16.00,3030569,16.05
2015/02/12,16.01,16.31,15.84,16.08,2682674,16.07
2015/02/13,16.34,16.79,16.15,16.44,3610961,16.47
2015/02/16,16.66,16.86,16.48,16.76,2982218,16.67
2015/02/17,16.72,16.78,16.48,16.49,1857661,16.63
2015/02/25,16.48,16.68,15.96,16.01,2018593,16.32
2015/02/26,15.94,15.94,15.42,15.83,2251030,15.68
2015/02/27,15.72,16.19,15.64,16.11,1918817,15.92
2015/03/02,16.19,16.83,16.16,16.58,3083628,16.49
2015/03/03,16.50,17.41,16.24,16.84,4653649,16.82
2015/03/04,16.80,17.03,16.66,16.86,2787514,16.85
2015/03/05,16.92,17.40,16.84,17.12,3273688,17.12
2015/03/06,17.31,17.32,16.30,16.38,3620946,16.81
2015/03/09,16.38,16.82,16.02,16.64,2324231,16.42
2015/03/10,16.53,16.71,16.44,16.54,2475014,16.58
2015/03/11,16.50,16.69,16.08,16.53,2289097,16.38
2015/03/12,16.64,17.12,16.37,16.87,2891351,16.75
2015/03/13,16.84,17.42,16.72,17.16,3976788,17.07
2015/03/16,16.84,17.42,16.72,17.16,0,17.07
2015/03/17,16.84,17.42,16.72,17.16,0,17.07
2015/03/18,16.84,17.42,16.72,17.16,0,17.07
2015/03/19,16.84,17.42,16.72,17.16,0,17.07
2015/03/20,16.84,17.42,16.72,17.16,0,17.07
2015/03/23,16.84,17.42,16.72,17.16,0,17.07
2015/03/24,16.84,17.42,16.72,17.16,0,17.07
2015/03/25,16.84,17.42,16.72,17.16,0,17.07
2015/03/26,16.84,17.42,16.72,17.16,0,17.07
2015/03/27,16.84,17.42,16.72,17.16,0,17.07
2015/03/30,16.84,17.42,16.72,17.16,0,17.07
2015/03/31,16.84,17.42,16.72,17.16,0,17.07
2015/04/01,16.84,17.42,16.72,17.16,0,17.07
2015/04/02,16.84,17.42,16.72,17.16,0,17.07
2015/04/03,16.84,17.42,16.72,17.16,0,17.07
2015/04/07,16.84,17.42,16.72,17.16,0,17.07
2015/04/08,18.90,18.90,18.90,18.90,108073,18.90
2015/04/09,20.82,20.82,20.82,20.82,161304,20.82
2015/04/10,22.94,22.94,22.94,22.94,1345014,22.94
2015/04/13,25.26,25.26,25.26,25.26,4353736,25.26
2015/04/14,27.27,27.81,26.36,26.60,16452399,27.08
2015/04/15,25.45,25.93,23.92,23.92,9230349,24.93
2015/04/16,22.84,24.02,22.40,22.53,7346220,23.21
2015/04/17,22.92,23.84,22.43,22.52,5595401,23.13
2015/04/20,22.58,23.52,22.28,22.76,5086131,22.90
2015/04/21,22.92,24.28,22.84,24.20,5801099,23.56
2015/04/22,24.16,25.90,24.16,24.60,5632659,25.03
2015/04/23,24.84,24.84,23.72,24.49,4468317,24.28
2015/04/24,23.92,24.12,22.75,24.07,5764189,23.44
2015/04/27,24.87,25.75,23.52,23.54,6483616,24.63
2015/04/28,23.12,23.51,22.00,22.00,5585821,22.76
2015/04/29,21.51,23.12,21.51,23.00,4047133,22.32
2015/04/30,23.27,23.36,22.47,22.51,3547948,22.91
2015/05/04,22.40,22.40,20.80,21.34,8130336,21.51
2015/05/05,21.42,22.00,19.87,20.29,9888698,21.10
2015/05/06,20.45,21.58,20.26,20.68,11388308,21.14
2015/05/07,20.70,22.77,20.38,22.77,11317697,22.14
2015/05/08,23.80,25.07,23.50,25.07,24994421,24.69
2015/05/11,25.50,26.75,24.30,25.97,25356638,25.86
2015/05/12,25.80,27.79,25.45,27.31,21540660,26.69
2015/05/13,26.10,28.00,25.20,26.89,18463068,26.62
2015/05/14,27.05,29.23,26.33,27.90,16284017,28.19
2015/05/15,27.50,27.80,26.60,27.70,9232692,27.49
2015/05/18,28.55,30.37,27.82,29.70,13289460,29.36
2015/05/19,29.60,30.60,28.82,29.83,13520545,29.97
2015/05/20,29.71,31.58,29.20,31.08,14100732,30.48
2015/05/21,30.90,34.21,30.90,34.21,13911029,33.63
2015/05/22,35.30,37.65,34.60,36.90,16159853,36.48
2015/05/25,35.65,40.30,34.10,39.10,15708610,37.33
2015/05/26,39.60,40.50,37.65,38.79,18407445,38.96
2015/05/27,38.30,39.09,37.21,38.70,14009647,38.28
2015/05/28,38.25,39.37,34.81,34.99,13456962,37.54
2015/05/29,35.30,36.55,32.03,35.29,10458766,35.25
2015/06/01,35.15,38.25,33.80,37.30,9785021,36.86
2015/06/02,37.76,38.66,36.95,38.52,8136435,38.01
2015/06/03,38.55,41.00,38.50,39.99,12026041,40.10
2015/06/04,39.75,40.48,35.97,39.41,11100099,38.13
2015/06/05,39.81,40.30,37.80,37.89,7748249,38.73
2015/06/08,37.30,37.60,34.97,37.00,9169354,36.25
2015/06/09,36.30,37.22,35.62,36.80,5403009,36.87
2015/06/10,36.33,38.78,36.12,38.53,9397800,38.00
2015/06/11,37.90,42.40,37.90,42.40,16267266,41.33
2015/06/12,43.55,44.78,41.69,42.01,8892735,43.47
2015/06/15,42.00,44.59,41.60,42.20,6981591,43.25
2015/06/16,39.60,41.80,37.97,40.19,8452807,39.85
2015/06/17,39.26,41.40,37.51,41.08,7850776,40.43
2015/06/18,41.10,43.38,37.80,39.00,7626459,41.90
2015/06/19,36.80,40.30,35.91,38.90,6890491,38.86
2015/06/23,39.30,39.67,34.99,37.76,4539118,37.70
2015/06/24,37.80,38.71,35.80,36.86,6038927,37.11
2015/06/25,36.87,37.82,34.86,35.37,5431432,37.11
2015/06/26,32.91,34.66,31.81,31.81,3657607,32.52
2015/06/29,32.70,32.70,28.61,28.61,4063007,29.08
2015/06/30,32.70,32.70,28.61,28.61,0,30.66
2015/07/01,32.70,32.70,28.61,28.61,0,30.66
2015/07/02,32.70,32.70,28.61,28.61,0,30.66
2015/07/03,32.70,32.70,28.61,28.61,0,30.66
2015/07/06,32.70,32.70,28.61,28.61,0,30.66
2015/07/07,32.70,32.70,28.61,28.61,0,30.66
2015/07/08,32.70,32.70,28.61,28.61,0,30.66
2015/07/09,32.70,32.70,28.61,28.61,0,30.66
2015/07/10,32.70,32.70,28.61,28.61,0,30.66
2015/07/13,32.70,32.70,28.61,28.61,0,30.66
2015/07/14,32.70,32.70,28.61,28.61,0,30.66
2015/07/15,32.70,32.70,28.61,28.61,0,30.66
2015/07/16,32.70,32.70,28.61,28.61,0,30.66
2015/07/17,32.70,32.70,28.61,28.61,0,30.66
2015/07/20,32.70,32.70,28.61,28.61,0,30.66
2015/07/21,32.70,32.70,28.61,28.61,0,30.66
2015/07/22,32.70,32.70,28.61,28.61,0,30.66
2015/07/23,32.70,32.70,28.61,28.61,0,30.66
2015/07/24,32.70,32.70,28.61,28.61,0,30.66
2015/07/27,32.70,32.70,28.61,28.61,0,30.66
2015/07/28,32.70,32.70,28.61,28.61,0,30.66
2015/07/29,32.70,32.70,28.61,28.61,0,30.66
2015/07/30,32.70,32.70,28.61,28.61,0,30.66
2015/07/31,32.70,32.70,28.61,28.61,0,30.66
2015/08/03,32.70,32.70,28.61,28.61,0,30.66
2015/08/04,32.70,32.70,28.61,28.61,0,30.66
2015/08/05,32.70,32.70,28.61,28.61,0,30.66
2015/08/06,32.70,32.70,28.61,28.61,0,30.66
2015/08/07,32.70,32.70,28.61,28.61,0,30.66
2015/08/10,32.70,32.70,28.61,28.61,0,30.66
2015/08/11,32.70,32.70,28.61,28.61,0,30.66
2015/08/12,32.70,32.70,28.61,28.61,0,30.66
2015/08/13,32.70,32.70,28.61,28.61,0,30.66
2015/08/14,32.70,32.70,28.61,28.61,0,30.66
2015/08/17,32.70,32.70,28.61,28.61,0,30.66
2015/08/18,32.70,32.70,28.61,28.61,0,30.66
2015/08/19,32.70,32.70,28.61,28.61,0,30.66
2015/08/20,32.70,32.70,28.61,28.61,0,30.66
2015/08/21,32.70,32.70,28.61,28.61,0,30.66
2015/08/24,32.70,32.70,28.61,28.61,0,30.66
2015/08/25,32.70,32.70,28.61,28.61,0,30.66
2015/08/26,32.70,32.70,28.61,28.61,0,30.66
2015/08/27,32.70,32.70,28.61,28.61,0,30.66
2015/08/28,32.70,32.70,28.61,28.61,0,30.66
2015/08/31,32.70,32.70,28.61,28.61,0,30.66
2015/09/01,32.70,32.70,28.61,28.61,0,30.66
2015/09/02,32.70,32.70,28.61,28.61,0,30.66
2015/09/07,32.70,32.70,28.61,28.61,0,30.66
2015/09/08,32.70,32.70,28.61,28.61,0,30.66
2015/09/09,32.70,32.70,28.61,28.61,0,30.66
2015/09/10,32.70,32.70,28.61,28.61,0,30.66
2015/09/11,32.70,32.70,28.61,28.61,0,30.66
2015/09/14,32.70,32.70,28.61,28.61,0,30.66
2015/09/15,32.70,32.70,28.61,28.61,0,30.66
2015/09/16,32.70,32.70,28.61,28.61,0,30.66
2015/09/17,32.70,32.70,28.61,28.61,0,30.66
2015/09/18,32.70,32.70,28.61,28.61,0,30.66
2015/09/21,32.70,32.70,28.61,28.61,0,30.66
2015/09/22,32.70,32.70,28.61,28.61,0,30.66
2015/09/23,32.70,32.70,28.61,28.61,0,30.66
2015/09/24,32.70,32.70,28.61,28.61,0,30.66
2015/09/25,32.70,32.70,28.61,28.61,0,30.66
2015/09/28,32.70,32.70,28.61,28.61,0,30.66
2015/09/29,32.70,32.70,28.61,28.61,0,30.66
2015/09/30,32.70,32.70,28.61,28.61,0,30.66
2015/10/08,32.70,32.70,28.61,28.61,0,30.66
2015/10/09,32.70,32.70,28.61,28.61,0,30.66
2015/10/12,32.70,32.70,28.61,28.61,0,30.66
2015/10/13,32.70,32.70,28.61,28.61,0,30.66
2015/10/14,32.70,32.70,28.61,28.61,0,30.66
2015/10/15,32.70,32.70,28.61,28.61,0,30.66
2015/10/16,32.70,32.70,28.61,28.61,0,30.66
2015/10/19,32.70,32.70,28.61,28.61,0,30.66
2015/10/20,32.70,32.70,28.61,28.61,0,30.66
2015/10/21,32.70,32.70,28.61,28.61,0,30.66
2015/10/22,32.70,32.70,28.61,28.61,0,30.66
2015/10/23,32.70,32.70,28.61,28.61,0,30.66
2015/10/26,32.70,32.70,28.61,28.61,0,30.66
2015/10/27,32.70,32.70,28.61,28.61,0,30.66
2015/10/28,32.70,32.70,28.61,28.61,0,30.66
2015/10/29,32.70,32.70,28.61,28.61,0,30.66
2015/10/30,32.70,32.70,28.61,28.61,0,30.66
2015/11/02,32.70,32.70,28.61,28.61,0,30.66
2015/11/03,32.70,32.70,28.61,28.61,0,30.66
2015/11/04,32.70,32.70,28.61,28.61,0,30.66
2015/11/05,32.70,32.70,28.61,28.61,0,30.66
2015/11/06,32.70,32.70,28.61,28.61,0,30.66
2015/11/09,32.70,32.70,28.61,28.61,0,30.66
2015/11/10,32.70,32.70,28.61,28.61,0,30.66
2015/11/11,32.70,32.70,28.61,28.61,0,30.66
2015/11/12,32.70,32.70,28.61,28.61,0,30.66
2015/11/13,32.70,32.70,28.61,28.61,0,30.66
2015/11/16,32.70,32.70,28.61,28.61,0,30.66
2015/11/17,32.70,32.70,28.61,28.61,0,30.66
2015/11/18,32.70,32.70,28.61,28.61,0,30.66
2015/11/19,32.70,32.70,28.61,28.61,0,30.66
2015/11/20,32.70,32.70,28.61,28.61,0,30.66
2015/11/23,32.70,32.70,28.61,28.61,0,30.66
2015/11/24,32.70,32.70,28.61,28.61,0,30.66
2015/11/25,32.70,32.70,28.61,28.61,0,30.66
2015/11/26,32.70,32.70,28.61,28.61,0,30.66
2015/11/27,32.70,32.70,28.61,28.61,0,30.66
2015/11/30,32.70,32.70,28.61,28.61,0,30.66
2015/12/01,32.70,32.70,28.61,28.61,0,30.66
2015/12/02,32.70,32.70,28.61,28.61,0,30.66
2015/12/03,32.70,32.70,28.61,28.61,0,30.66
2015/12/04,32.70,32.70,28.61,28.61,0,30.66
2015/12/07,32.70,32.70,28.61,28.61,0,30.66
2015/12/08,32.70,32.70,28.61,28.61,0,30.66
2015/12/09,31.49,31.49,30.46,31.49,8650115,31.68
2015/12/10,33.80,34.66,28.80,30.20,23677108,31.94
2015/12/11,29.41,30.29,27.16,27.92,20696278,28.34
2015/12/14,26.80,29.30,26.30,29.25,14302188,28.02
2015/12/15,28.53,29.55,28.43,28.57,12455095,29.01
2015/12/16,29.30,29.42,28.60,29.34,9975122,29.26
2015/12/17,29.65,30.45,29.18,30.40,11326722,30.15
2015/12/18,30.60,32.38,30.48,31.95,10671768,31.74
2015/12/21,32.20,32.39,31.01,31.93,9470305,31.67
2015/12/22,31.64,31.78,31.01,31.69,8413925,31.63
2015/12/23,31.80,31.80,30.71,30.90,8333481,31.36
2015/12/24,30.50,31.20,30.16,30.60,6398379,30.90
2015/12/25,30.50,30.68,29.81,30.25,6991300,30.35
2015/12/28,30.34,30.48,28.65,28.66,7534511,29.75
2015/12/29,28.30,28.80,27.81,28.50,6093161,28.34
2015/12/30,28.71,29.57,28.30,29.30,5215915,29.03
2015/12/31,29.40,31.09,29.40,29.74,11273865,30.65
2016/01/04,29.74,30.55,26.75,26.77,6271674,28.80
2016/01/05,24.70,26.79,24.07,25.32,12423598,25.42
2016/01/06,25.60,26.06,25.00,25.63,7921831,25.77
2016/01/07,25.00,25.17,23.05,23.05,2030101,23.92
2016/01/08,23.81,24.58,21.88,23.28,9074744,23.69
2016/01/11,22.80,23.80,20.93,21.25,8007314,22.35
2016/01/12,21.54,21.79,20.63,21.28,6364664,21.48
2016/01/13,21.53,22.57,20.96,21.10,6973603,21.78
2016/01/14,20.47,22.63,20.19,22.55,7220852,21.54
2016/01/15,22.10,22.74,20.28,20.92,8521761,21.78
2016/01/18,20.36,22.10,20.35,21.41,5851128,21.52
2016/01/19,21.19,22.38,21.00,22.22,7592854,21.94
2016/01/20,22.45,24.46,22.45,23.83,14121221,24.07
2016/01/21,23.10,23.90,22.05,22.16,10854275,23.23
2016/01/22,22.50,23.64,21.49,23.45,7031146,22.71
2016/01/25,24.10,24.68,23.45,23.80,8631483,24.22
2016/01/26,23.31,23.80,21.46,21.85,6774855,22.70
2016/01/27,22.37,22.78,20.60,22.57,6938254,21.84
2016/01/28,22.44,23.10,21.70,21.81,6421243,22.73
2016/01/29,21.87,22.85,20.85,22.49,7981671,22.23
2016/02/01,22.10,22.95,21.51,22.28,5037033,22.41
2016/02/02,22.25,23.35,22.01,23.30,6316412,23.15
2016/02/03,22.78,23.46,22.50,23.06,6075018,23.05
2016/02/04,23.11,23.91,22.83,23.70,6879358,23.65
2016/02/05,24.05,24.72,23.81,24.35,7756544,24.47
2016/02/15,23.21,24.60,23.21,24.10,4620622,24.16
2016/02/16,24.30,25.30,24.25,24.98,6708003,25.03
2016/02/17,24.80,25.56,24.43,25.56,6954490,25.20
2016/02/18,25.65,25.89,24.82,24.90,6506494,25.42
2016/02/19,25.65,25.89,24.82,24.90,0,25.36
2016/02/22,25.65,25.89,24.82,24.90,0,25.36
2016/02/23,25.65,25.89,24.82,24.90,0,25.36
2016/02/24,25.65,25.89,24.82,24.90,0,25.36
2016/02/25,25.65,25.89,24.82,24.90,0,25.36
2016/02/26,25.65,25.89,24.82,24.90,0,25.36
2016/02/29,25.65,25.89,24.82,24.90,0,25.36
2016/03/01,22.39,22.39,22.39,22.39,1685900,22.59
2016/03/02,21.80,23.04,21.38,22.68,13182270,22.52
2016/03/03,22.55,23.35,22.30,22.51,7482426,22.92
2016/03/04,22.15,22.39,20.24,20.24,9062364,21.15
2016/03/07,20.24,21.15,20.21,20.35,5598015,20.80
2016/03/08,21.10,22.41,20.30,22.41,10718056,21.59
2016/03/09,22.39,23.26,21.61,21.81,12261250,22.67
2016/03/10,21.84,22.22,21.26,21.26,5497004,21.90
2016/03/11,20.88,21.23,20.46,20.58,4351656,20.96
2016/03/14,21.04,22.14,21.04,21.76,7108023,22.00
2016/03/15,21.82,22.12,21.71,21.88,5300177,22.13
2016/03/16,22.38,22.70,21.26,21.70,4391244,22.02
2016/03/17,21.61,23.08,21.60,22.80,8374934,22.66
2016/03/18,22.79,23.99,22.69,23.75,9461902,23.67
2016/03/21,23.89,24.96,23.61,24.04,11871026,24.46
2016/03/22,23.70,24.50,23.40,23.99,7435719,24.27
2016/03/23,23.77,24.20,23.60,24.17,4981902,24.16
2016/03/24,23.92,23.92,22.95,22.98,8363395,23.67
2016/03/25,23.00,23.47,22.70,23.05,4614072,23.29
2016/03/28,23.19,23.54,22.49,22.57,4260617,23.27
2016/03/29,22.22,22.76,21.50,21.61,4540144,22.07
2016/03/30,21.90,23.20,21.90,22.80,5914908,22.59
2016/03/31,23.20,23.20,22.67,22.77,6507856,23.10
2016/04/01,22.53,22.78,21.93,22.23,4808992,22.40
2016/04/05,22.39,24.00,22.26,23.80,6742525,23.47
2016/04/06,23.53,23.98,23.41,23.70,6263740,23.91
2016/04/07,23.80,23.88,23.03,23.03,4520333,23.50
2016/04/08,22.81,22.82,22.21,22.61,4605479,22.71
2016/04/11,22.78,24.59,22.76,23.90,8428092,23.92
2016/04/12,23.90,24.15,23.35,24.15,7844536,24.04
2016/04/13,24.53,25.04,23.84,24.40,12320998,24.77
2016/04/14,24.54,25.00,24.20,24.62,5815839,24.78
2016/04/15,24.62,25.30,24.48,25.23,7731140,25.19
2016/04/18,24.89,24.94,24.18,24.63,5459616,24.69
2016/04/19,24.58,24.63,23.68,23.89,7202511,24.23
2016/04/20,24.00,24.43,21.72,22.04,10366670,23.06
2016/04/21,21.81,22.14,21.11,21.11,8114268,21.91
2016/04/22,21.10,21.59,21.00,21.35,4687063,21.44
2016/04/25,21.29,22.08,20.85,21.85,4785781,21.67
2016/04/26,21.72,22.65,21.72,22.31,6028940,22.53
2016/04/27,22.39,22.80,21.80,22.20,4809121,22.61
2016/04/28,22.20,22.45,21.35,22.29,4307653,22.17
2016/04/29,22.30,23.48,22.14,22.63,8945047,23.16
2016/05/03,22.95,23.60,22.65,23.31,7456770,23.42
2016/05/04,23.26,23.55,23.01,23.52,6679018,23.50
2016/05/05,23.53,23.97,23.40,23.60,6725193,23.93
2016/05/06,23.60,23.88,22.20,22.30,8391191,23.34
2016/05/09,22.00,22.00,21.29,21.38,5861612,21.75
2016/05/10,21.33,21.65,21.09,21.55,3084598,21.69
2016/05/11,21.74,21.79,20.70,20.71,6753638,21.22
2016/05/12,20.65,21.14,20.35,20.91,6020756,20.98
2016/05/13,20.80,21.17,20.80,21.05,3649631,21.23
2016/05/16,21.07,21.36,20.30,21.29,4386441,21.15
2016/05/17,22.00,23.36,22.00,22.38,14742389,22.75
2016/05/18,22.42,22.48,21.62,21.80,7346534,22.08
2016/05/19,21.72,22.60,21.72,22.27,5178036,22.45
2016/05/20,22.20,22.98,21.81,22.75,5686737,22.69
2016/05/23,23.10,23.49,22.80,22.89,6530593,23.32
2016/05/24,22.80,23.08,22.59,22.93,3963170,23.03
2016/05/25,23.17,23.23,22.60,22.60,3970374,23.04
2016/05/26,22.60,22.88,21.96,22.62,4640881,22.29
2016/05/27,22.62,23.59,22.62,23.43,9295364,23.26
2016/05/30,23.30,24.06,23.18,23.82,8599003,23.70
2016/05/31,23.81,24.52,23.67,24.45,12861037,24.14
2016/06/01,24.44,24.88,24.11,24.12,9740245,24.42
2016/06/02,24.08,24.83,24.01,24.50,10710694,24.54
2016/06/03,24.08,24.83,24.01,24.50,0,24.42
2016/06/06,24.08,24.83,24.01,24.50,0,24.42
2016/06/07,24.08,24.83,24.01,24.50,0,24.42
2016/06/08,24.08,24.83,24.01,24.50,0,24.42
2016/06/13,24.08,24.83,24.01,24.50,0,24.42
2016/06/14,24.08,24.83,24.01,24.50,0,24.42
2016/06/15,23.90,25.50,22.90,25.20,19475700,24.45
2016/06/16,24.94,27.72,24.84,27.05,20854468,26.59
2016/06/17,27.04,27.29,26.30,26.60,11276671,26.73
2016/06/20,26.48,27.92,25.80,27.50,11633928,26.92
2016/06/21,27.65,28.58,26.70,26.98,13975718,27.72
2016/06/22,26.68,27.45,26.01,27.38,8514101,26.85
2016/06/23,27.77,27.77,26.26,26.40,7422306,26.72
2016/06/24,26.58,26.93,24.68,25.61,8872597,25.86
2016/06/27,25.42,26.35,25.30,26.33,6510597,26.03
2016/06/28,26.33,26.79,25.86,26.37,6762990,26.28
2016/06/29,26.50,27.09,26.21,26.30,5964131,26.54
2016/06/30,26.10,26.49,25.68,25.98,4784706,26.01
2016/07/01,26.10,26.30,25.46,25.60,4749908,25.79
2016/07/04,25.39,26.42,25.00,26.29,8000594,26.09
2016/07/05,26.30,26.56,25.83,25.97,6231725,26.06
2016/07/06,26.03,26.34,25.91,25.99,5747898,26.09
2016/07/07,25.99,26.21,25.11,25.56,7887065,25.64
2016/07/08,25.44,25.87,25.16,25.60,4966505,25.56
2016/07/11,25.78,26.39,25.36,25.46,7233707,26.03
2016/07/12,25.41,25.67,24.62,25.23,6696507,25.10
2016/07/13,25.38,26.08,24.90,25.76,7237395,25.54
2016/07/14,25.50,26.00,25.43,25.83,4811868,25.76
2016/07/15,25.88,26.09,24.98,25.13,6002546,25.41
2016/07/18,25.15,25.26,24.70,24.77,4433489,24.86
2016/07/19,24.79,25.15,24.62,25.13,2994400,24.84
2016/07/20,25.13,25.42,25.01,25.15,3816678,25.19
2016/07/21,25.24,25.47,25.06,25.24,4197649,25.27
2016/07/22,25.20,25.27,24.86,24.91,3530286,25.02
2016/07/25,24.82,25.15,24.71,25.09,2163545,25.01
2016/07/26,25.10,25.76,25.10,25.50,5745900,25.48
2016/07/27,25.70,25.78,23.12,23.95,7313300,24.53
2016/07/28,23.79,24.30,23.16,23.69,6024000,23.61
2016/07/29,23.72,23.95,23.01,23.08,4637596,23.31
2016/08/01,22.95,22.99,22.00,22.62,4750642,22.39
2016/08/02,22.62,22.87,22.22,22.63,2655120,22.53
2016/08/03,22.44,22.92,22.38,22.73,2954043,22.70
2016/08/04,22.55,23.50,22.54,23.30,4280108,23.04
2016/08/05,23.48,23.75,23.23,23.32,4052059,23.48
2016/08/08,23.30,23.63,23.05,23.40,2580798,23.27
2016/08/09,23.30,23.63,23.05,23.40,0,23.34
