Date, SZ300285.Open, SZ300285.High, SZ300285.Low, SZ300285.Close, SZ300285.Volume, SZ300285.Adjusted
2012/01/13,6.33,6.87,6.29,6.32,9494606,6.58
2012/01/16,5.80,5.80,5.66,5.66,788800,5.73
2012/01/17,5.14,5.66,5.08,5.52,5736628,5.37
2012/01/18,5.65,5.82,5.16,5.35,4442086,5.49
2012/01/19,5.20,5.58,5.08,5.36,2919193,5.33
2012/01/20,5.40,5.61,5.34,5.57,2469602,5.48
2012/01/30,5.53,5.93,5.35,5.68,2555856,5.64
2012/01/31,5.90,6.25,5.88,6.05,3194803,6.06
2012/02/01,5.90,6.27,5.90,6.24,3122366,6.08
2012/02/02,6.15,6.29,6.05,6.25,2257911,6.17
2012/02/03,6.23,6.63,6.18,6.18,2639744,6.40
2012/02/06,6.18,6.53,6.05,6.37,2495236,6.29
2012/02/07,6.24,6.37,6.01,6.12,1608576,6.19
2012/02/08,6.09,6.37,6.03,6.32,1697839,6.20
2012/02/09,6.27,6.44,6.12,6.20,3476461,6.28
2012/02/10,6.12,6.26,6.03,6.26,2678154,6.15
2012/02/13,6.17,6.63,6.16,6.50,3222358,6.40
2012/02/14,6.46,6.68,6.39,6.52,2692653,6.53
2012/02/15,6.52,6.60,6.33,6.60,2143031,6.46
2012/02/16,6.53,6.61,6.20,6.32,2230391,6.41
2012/02/17,6.28,6.44,6.27,6.39,1470011,6.35
2012/02/20,6.43,6.51,6.23,6.32,1472192,6.37
2012/02/21,6.32,6.37,6.15,6.37,1263785,6.26
2012/02/22,6.34,6.56,6.28,6.56,2562804,6.42
2012/02/23,6.63,7.24,6.60,7.05,5984732,6.92
2012/02/24,6.90,7.00,6.83,6.96,2543991,6.92
2012/02/27,6.90,7.00,6.83,6.96,0,6.92
2012/02/28,6.88,7.35,6.80,7.17,3056893,7.07
2012/02/29,7.06,7.31,6.75,6.78,1807543,7.03
2012/03/01,6.69,6.96,6.66,6.83,1113185,6.81
2012/03/02,6.85,7.19,6.85,6.95,1080097,7.02
2012/03/05,7.00,7.68,6.96,7.47,4090125,7.32
2012/03/06,7.33,7.50,7.17,7.45,2450759,7.33
2012/03/07,7.31,7.68,7.24,7.25,2267499,7.46
2012/03/08,7.30,7.37,7.13,7.30,1461902,7.25
2012/03/09,7.30,7.45,7.28,7.45,1383354,7.37
2012/03/12,7.39,7.49,7.23,7.30,1518511,7.36
2012/03/13,7.28,7.51,7.28,7.51,1819247,7.40
2012/03/14,7.52,7.55,6.75,6.87,2666417,7.15
2012/03/15,6.92,6.94,6.60,6.70,1527040,6.77
2012/03/16,6.75,6.97,6.68,6.88,981836,6.82
2012/03/19,6.88,7.13,6.80,7.12,1109881,6.96
2012/03/20,7.08,7.08,6.70,6.74,987493,6.89
2012/03/21,6.74,6.82,6.48,6.57,1006849,6.65
2012/03/22,6.57,6.70,6.50,6.63,678598,6.60
2012/03/23,6.58,6.65,6.50,6.58,543559,6.58
2012/03/26,6.51,6.74,6.51,6.70,565292,6.63
2012/03/27,6.77,6.91,6.72,6.78,739722,6.81
2012/03/28,6.76,6.76,6.38,6.49,678481,6.57
2012/03/29,6.05,6.25,5.95,6.05,1252002,6.10
2012/03/30,6.05,6.15,5.83,5.92,781953,5.99
2012/04/05,5.92,6.19,5.85,6.17,568807,6.02
2012/04/06,6.14,6.20,6.03,6.11,600481,6.12
2012/04/09,6.08,6.14,5.93,5.98,604776,6.03
2012/04/10,5.89,6.13,5.87,6.13,570204,6.00
2012/04/11,5.99,6.20,5.95,6.10,510554,6.08
2012/04/12,6.15,6.33,6.08,6.27,680611,6.21
2012/04/13,6.30,6.68,6.30,6.57,1054414,6.49
2012/04/16,6.46,6.69,6.45,6.55,656280,6.57
2012/04/17,6.55,6.60,6.40,6.43,550179,6.50
2012/04/18,6.40,6.60,6.35,6.58,953741,6.47
2012/04/19,6.56,6.79,6.51,6.61,774877,6.65
2012/04/20,6.56,6.78,6.56,6.70,763682,6.67
2012/04/23,6.63,6.76,6.35,6.48,721112,6.55
2012/04/24,6.45,6.45,6.00,6.32,822126,6.23
2012/04/25,6.20,6.49,6.15,6.48,576229,6.32
2012/04/26,6.53,6.53,6.08,6.25,725279,6.31
2012/04/27,6.53,6.53,6.08,6.25,0,6.31
2012/05/02,6.39,6.40,6.17,6.26,594598,6.29
2012/05/03,6.20,6.44,6.05,6.43,808027,6.25
2012/05/04,6.38,6.50,6.33,6.49,508331,6.42
2012/05/07,6.45,6.60,6.41,6.58,694408,6.50
2012/05/08,6.54,6.77,6.53,6.62,662782,6.65
2012/05/09,6.56,6.75,6.46,6.53,836016,6.60
2012/05/10,6.54,6.60,6.47,6.54,424347,6.53
2012/05/11,6.51,6.72,6.48,6.49,1099828,6.60
2012/05/14,6.56,6.90,6.51,6.70,1369057,6.71
2012/05/15,6.61,6.98,6.59,6.85,1357174,6.79
2012/05/16,6.92,6.92,6.72,6.73,672851,6.82
2012/05/17,6.78,7.10,6.73,7.02,1073679,6.92
2012/05/18,6.96,7.07,6.88,6.93,721263,6.98
2012/05/21,6.93,6.95,6.70,6.83,957939,6.83
2012/05/22,6.85,7.02,6.80,6.95,746301,6.91
2012/05/23,6.95,7.02,6.71,6.79,786358,6.86
2012/05/24,6.83,6.84,6.45,6.61,689880,6.65
2012/05/25,6.55,6.58,6.32,6.34,774085,6.45
2012/05/28,6.29,6.44,6.25,6.44,457296,6.35
2012/05/29,6.44,6.64,6.38,6.55,557381,6.51
2012/05/30,6.54,6.68,6.43,6.63,640889,6.55
2012/05/31,6.53,6.77,6.53,6.68,486795,6.65
2012/06/01,6.65,6.78,6.65,6.75,400997,6.72
2012/06/04,6.65,6.85,6.56,6.57,707929,6.70
2012/06/05,6.56,6.68,6.52,6.61,286175,6.60
2012/06/06,6.61,6.84,6.61,6.81,636691,6.73
2012/06/07,6.86,7.00,6.72,6.75,596337,6.86
2012/06/08,6.70,6.91,6.70,6.79,656390,6.81
2012/06/11,6.80,7.15,6.80,7.15,1260756,6.98
2012/06/12,7.29,7.53,7.28,7.29,2621044,7.41
2012/06/13,7.27,7.55,7.18,7.55,1787303,7.36
2012/06/14,7.48,7.95,7.48,7.68,2504409,7.72
2012/06/15,7.74,7.83,7.60,7.80,1694239,7.71
2012/06/18,7.85,7.89,7.68,7.84,1267765,7.78
2012/06/19,7.85,7.85,7.63,7.65,917341,7.74
2012/06/20,7.66,8.42,7.64,7.95,2160088,8.03
2012/06/21,7.88,7.92,7.55,7.65,1502775,7.73
2012/06/25,7.65,7.85,7.61,7.64,1256398,7.73
2012/06/26,7.60,7.65,7.34,7.54,938119,7.50
2012/06/27,7.56,8.10,7.51,7.73,1751700,7.80
2012/06/28,7.68,8.00,7.68,7.73,1230834,7.84
2012/06/29,7.73,8.32,7.63,8.22,1769458,7.98
2012/07/02,8.25,8.52,8.19,8.38,1589429,8.35
2012/07/03,8.30,8.45,8.30,8.43,938205,8.38
2012/07/04,8.42,8.73,8.24,8.36,1046564,8.49
2012/07/05,8.25,8.57,8.10,8.53,1012449,8.33
2012/07/06,8.48,8.93,8.30,8.92,1183659,8.62
2012/07/09,8.90,9.15,8.75,8.75,912193,8.95
2012/07/10,8.69,8.89,8.33,8.37,982276,8.61
2012/07/11,8.30,8.52,8.18,8.48,882442,8.35
2012/07/12,8.44,9.16,8.37,8.97,1313348,8.76
2012/07/13,8.88,8.98,8.65,8.70,1015198,8.82
2012/07/16,8.63,8.65,7.88,7.98,1646777,8.27
2012/07/17,7.90,8.26,7.83,8.20,883706,8.04
2012/07/18,7.98,8.20,7.63,8.01,1235779,7.91
2012/07/19,8.00,8.33,7.89,8.08,923898,8.11
2012/07/20,8.13,8.23,7.81,7.83,926616,8.02
2012/07/23,7.69,7.94,7.55,7.91,727449,7.75
2012/07/24,7.77,8.07,7.77,7.95,597648,7.92
2012/07/25,7.93,8.20,7.85,8.16,858188,8.02
2012/07/26,8.14,8.22,7.86,7.88,650108,8.04
2012/07/27,7.90,8.47,7.89,8.47,1602038,8.18
2012/07/30,8.41,8.55,8.17,8.26,1202515,8.36
2012/07/31,8.25,8.30,7.60,7.78,1092371,7.95
2012/08/01,7.68,8.12,7.65,7.91,709442,7.88
2012/08/02,7.88,8.09,7.76,7.85,995251,7.92
2012/08/03,7.87,8.66,7.81,8.63,1839926,8.23
2012/08/06,8.48,8.88,8.41,8.77,1466097,8.65
2012/08/07,8.70,8.91,8.68,8.85,961298,8.79
2012/08/08,8.83,8.85,8.56,8.70,760236,8.71
2012/08/09,8.66,9.20,8.63,9.08,1017264,8.92
2012/08/10,9.02,9.10,8.87,8.94,683988,8.98
2012/08/13,8.83,9.34,8.78,9.10,1239290,9.06
2012/08/14,9.10,9.25,8.67,9.00,1113107,8.96
2012/08/15,8.63,8.88,8.52,8.77,1400019,8.70
2012/08/16,8.73,8.93,8.61,8.63,617083,8.77
2012/08/17,8.62,8.76,8.48,8.65,468235,8.62
2012/08/20,8.61,8.88,8.51,8.87,411596,8.70
2012/08/21,8.88,9.43,8.82,9.33,1306303,9.13
2012/08/22,9.31,9.62,9.18,9.31,1042743,9.40
2012/08/23,9.27,9.52,9.27,9.42,784714,9.39
2012/08/24,9.30,9.33,8.48,8.51,1827084,8.91
2012/08/27,8.28,8.70,8.28,8.45,656261,8.49
2012/08/28,8.44,8.79,8.38,8.70,756613,8.58
2012/08/29,8.63,8.84,8.45,8.49,717282,8.64
2012/08/30,8.56,8.56,7.71,8.18,1456370,8.14
2012/08/31,8.03,8.26,7.98,8.18,623836,8.12
2012/09/03,8.18,8.73,8.12,8.58,807799,8.42
2012/09/04,8.58,8.76,8.51,8.60,569402,8.63
2012/09/05,8.60,8.78,8.58,8.69,509993,8.68
2012/09/06,8.73,8.78,8.57,8.63,424181,8.67
2012/09/07,8.75,9.10,8.68,8.95,1033856,8.89
2012/09/10,8.93,9.06,8.78,9.00,585117,8.92
2012/09/11,8.48,8.48,8.07,8.07,3851879,8.28
2012/09/12,7.98,8.07,7.75,8.01,2814676,7.91
2012/09/13,7.93,8.05,7.82,7.97,1538907,7.94
2012/09/14,7.98,8.09,7.86,8.09,1617855,7.98
2012/09/17,8.08,8.08,7.70,7.78,1415733,7.89
2012/09/18,7.71,7.81,7.65,7.81,574013,7.73
2012/09/19,7.81,7.84,7.70,7.70,468477,7.77
2012/09/20,7.71,7.75,7.10,7.20,1378103,7.42
2012/09/21,7.14,7.20,6.79,7.00,862559,7.00
2012/09/24,6.90,7.13,6.83,7.07,473752,6.98
2012/09/25,7.01,7.11,6.88,6.98,399772,7.00
2012/09/26,6.95,7.01,6.70,6.71,361653,6.85
2012/09/27,6.73,7.10,6.73,6.97,727408,6.92
2012/09/28,6.90,7.30,6.88,7.30,860572,7.09
2012/10/08,7.28,7.30,7.17,7.22,170752,7.23
2012/10/09,7.27,7.44,7.19,7.42,572662,7.32
2012/10/10,7.35,7.71,7.33,7.61,753046,7.52
2012/10/11,7.59,7.61,7.40,7.40,371000,7.51
2012/10/12,7.40,7.49,7.28,7.40,414593,7.39
2012/10/15,7.29,7.59,7.25,7.45,652084,7.42
2012/10/16,7.65,7.65,7.45,7.48,737783,7.55
2012/10/17,7.48,7.55,7.41,7.44,182270,7.48
2012/10/18,7.45,7.57,7.43,7.53,401460,7.50
2012/10/19,7.48,7.59,7.33,7.35,195700,7.46
2012/10/22,7.28,7.40,7.23,7.37,269714,7.32
2012/10/23,7.32,7.37,7.02,7.03,422660,7.19
2012/10/24,7.00,7.12,6.98,7.02,199750,7.05
2012/10/25,7.01,7.17,6.95,7.02,213216,7.06
2012/10/26,6.96,7.06,6.73,6.81,268825,6.90
2012/10/29,6.80,6.94,6.73,6.87,285309,6.84
2012/10/30,6.94,6.95,6.85,6.93,136171,6.90
2012/10/31,6.90,7.00,6.88,7.00,181262,6.94
2012/11/01,7.05,7.10,6.95,7.08,325906,7.02
2012/11/02,7.08,7.08,6.96,6.98,370113,7.02
2012/11/05,6.98,7.00,6.73,6.79,280250,6.87
2012/11/06,6.82,6.92,6.73,6.89,244654,6.83
2012/11/07,6.82,6.91,6.81,6.81,125699,6.86
2012/11/08,6.78,6.80,6.63,6.69,160439,6.71
2012/11/09,6.63,6.70,6.48,6.50,133770,6.59
2012/11/12,6.63,6.68,6.49,6.62,262322,6.58
2012/11/13,6.56,6.68,6.56,6.67,189331,6.62
2012/11/14,6.63,6.85,6.55,6.73,391399,6.70
2012/11/15,6.73,6.73,6.55,6.57,128072,6.64
2012/11/16,6.53,6.61,6.50,6.56,124607,6.56
2012/11/19,6.54,6.56,6.35,6.50,329572,6.45
2012/11/20,6.52,6.52,6.39,6.40,161279,6.45
2012/11/21,6.39,6.48,6.31,6.44,251106,6.40
2012/11/22,6.43,6.43,6.33,6.35,288760,6.38
2012/11/23,6.34,6.93,6.34,6.70,858990,6.63
2012/11/26,6.68,6.82,6.64,6.65,518071,6.73
2012/11/27,6.62,6.76,6.55,6.60,896446,6.65
2012/11/28,6.60,6.60,6.33,6.45,239401,6.46
2012/11/29,6.51,6.59,6.35,6.48,195199,6.47
2012/11/30,6.48,6.54,6.40,6.44,118191,6.47
2012/12/03,6.43,6.50,6.16,6.34,267022,6.33
2012/12/04,6.24,6.42,6.24,6.40,124605,6.33
2012/12/05,6.44,6.70,6.35,6.64,518127,6.52
2012/12/06,6.55,6.66,6.55,6.62,162896,6.60
2012/12/07,6.64,6.77,6.59,6.74,358467,6.68
2012/12/10,6.86,6.88,6.68,6.79,302298,6.78
2012/12/11,6.79,6.79,6.65,6.71,225403,6.72
2012/12/12,6.62,6.86,6.62,6.84,267958,6.74
2012/12/13,6.78,6.82,6.66,6.68,246611,6.74
2012/12/14,6.64,7.01,6.64,6.99,499910,6.82
2012/12/17,6.99,7.01,6.86,6.87,875046,6.94
2012/12/18,6.86,6.95,6.85,6.89,212774,6.90
2012/12/19,6.86,7.00,6.85,7.00,296884,6.92
2012/12/20,6.98,7.43,6.93,7.23,787100,7.18
2012/12/21,7.25,7.64,7.18,7.48,1294277,7.41
2012/12/24,7.49,7.82,7.28,7.40,2103823,7.55
2012/12/25,7.36,7.84,7.33,7.77,1580618,7.58
2012/12/26,7.73,8.17,7.73,8.15,1481979,7.95
2012/12/27,8.16,8.20,7.85,7.95,1032490,8.02
2012/12/28,7.93,8.45,7.85,8.32,1352344,8.15
2012/12/31,8.28,8.46,7.94,8.22,1774486,8.20
2013/01/04,8.10,8.22,7.95,8.14,979068,8.09
2013/01/07,8.14,8.14,7.93,8.08,628952,8.04
2013/01/08,8.05,8.31,8.05,8.24,870079,8.18
2013/01/09,8.20,8.71,8.20,8.65,2254815,8.46
2013/01/10,8.60,8.98,8.51,8.97,1515089,8.75
2013/01/11,9.00,9.35,8.91,8.91,2498567,9.13
2013/01/14,9.00,9.83,9.00,9.83,2360946,9.42
2013/01/15,9.78,10.07,9.56,9.72,1871448,9.82
2013/01/16,9.59,9.70,9.26,9.51,1210652,9.48
2013/01/17,9.45,9.73,9.30,9.68,1278139,9.52
2013/01/18,9.61,9.83,9.53,9.78,1354808,9.68
2013/01/21,9.73,9.74,9.48,9.70,794875,9.61
2013/01/22,9.65,9.66,9.07,9.23,1477897,9.37
2013/01/23,9.20,9.43,8.95,9.39,966762,9.19
2013/01/24,9.30,9.47,9.16,9.39,1176851,9.32
2013/01/25,9.36,9.88,9.35,9.59,1076825,9.62
2013/01/28,9.60,9.84,9.45,9.76,588069,9.64
2013/01/29,9.78,10.22,9.70,9.70,777605,9.96
2013/01/30,9.72,9.93,9.63,9.81,568821,9.78
2013/01/31,9.78,9.85,9.40,9.58,595857,9.63
2013/02/01,9.46,9.66,9.45,9.50,310062,9.55
2013/02/04,9.53,9.57,9.20,9.34,614839,9.38
2013/02/05,9.31,9.80,9.21,9.73,699067,9.51
2013/02/06,9.70,9.95,9.64,9.73,426309,9.79
2013/02/07,9.72,10.15,9.64,10.07,840411,9.90
2013/02/08,10.13,10.19,9.99,10.07,356513,10.09
2013/02/18,10.20,10.20,9.84,9.97,392870,10.02
2013/02/19,10.05,10.05,9.57,9.68,545251,9.81
2013/02/20,9.67,9.85,9.48,9.82,548428,9.67
2013/02/21,9.70,9.76,9.45,9.67,470145,9.60
2013/02/22,9.56,9.68,9.48,9.51,406357,9.58
2013/02/25,9.47,9.62,9.41,9.56,406655,9.51
2013/02/26,9.50,9.79,9.43,9.47,363718,9.61
2013/02/27,9.48,9.62,9.41,9.48,281767,9.51
2013/02/28,9.48,9.78,9.43,9.77,406677,9.60
2013/03/01,9.77,10.07,9.73,9.88,596064,9.90
2013/03/04,9.88,10.04,9.55,9.57,408882,9.79
2013/03/05,9.58,10.05,9.48,10.02,458816,9.77
2013/03/06,9.94,10.85,9.94,10.56,850824,10.39
2013/03/07,10.53,10.78,10.12,10.29,522040,10.45
2013/03/08,10.30,10.53,10.13,10.28,376893,10.33
2013/03/11,10.02,10.34,10.02,10.19,204524,10.18
2013/03/12,10.35,10.35,9.63,9.73,465018,9.99
2013/03/13,9.68,9.69,9.37,9.57,279236,9.53
2013/03/14,9.52,9.72,9.43,9.56,147408,9.58
2013/03/15,9.67,9.81,9.25,9.46,364192,9.53
2013/03/18,9.48,9.55,9.41,9.44,248519,9.48
2013/03/19,9.43,9.54,9.17,9.30,385927,9.35
2013/03/20,9.30,9.67,9.21,9.65,324942,9.44
2013/03/21,9.67,10.25,9.60,10.20,636463,9.92
2013/03/22,10.17,10.35,10.15,10.21,403557,10.25
2013/03/25,10.32,10.46,9.92,9.94,416071,10.19
2013/03/26,9.35,9.68,9.19,9.68,1933565,9.43
2013/03/27,9.60,9.70,9.44,9.61,770841,9.57
2013/03/28,9.50,9.50,9.24,9.40,576522,9.37
2013/03/29,9.33,9.48,9.30,9.38,573409,9.39
2013/04/01,9.35,9.55,9.35,9.49,247102,9.45
2013/04/02,9.48,9.55,9.25,9.41,401850,9.40
2013/04/03,9.47,9.54,9.24,9.54,495982,9.39
2013/04/08,9.38,9.45,9.25,9.43,317577,9.35
2013/04/09,9.43,9.53,9.33,9.33,388446,9.43
2013/04/10,9.34,9.34,8.80,8.95,585498,9.07
2013/04/11,9.00,9.17,8.82,8.94,194797,9.00
2013/04/12,8.95,9.00,8.85,8.88,180891,8.92
2013/04/15,8.80,8.92,8.60,8.63,401066,8.76
2013/04/16,8.51,8.85,8.51,8.79,198722,8.68
2013/04/17,8.76,9.04,8.76,9.01,185640,8.90
2013/04/18,8.85,9.02,8.85,8.93,228024,8.93
2013/04/19,8.91,9.39,8.88,9.38,360972,9.14
2013/04/22,9.35,9.68,9.33,9.62,365924,9.50
2013/04/23,9.60,9.65,9.21,9.31,353368,9.43
2013/04/24,9.27,9.77,9.27,9.73,372118,9.52
2013/04/25,9.73,10.27,9.68,9.78,649062,9.97
2013/04/26,9.77,9.77,9.40,9.64,393784,9.58
2013/05/02,9.63,10.00,9.63,9.94,214736,9.82
2013/05/03,9.89,10.33,9.89,10.19,420856,10.11
2013/05/06,10.20,11.24,10.08,11.24,814821,10.66
2013/05/07,11.63,12.14,11.43,12.06,1537885,11.79
2013/05/08,12.00,12.33,11.83,12.33,785195,12.08
2013/05/09,12.27,12.57,11.92,12.30,774006,12.25
2013/05/10,12.27,12.27,11.67,11.90,567742,11.97
2013/05/13,11.86,12.20,11.70,12.03,471422,11.95
2013/05/14,11.95,11.95,11.45,11.60,394709,11.70
2013/05/15,11.69,12.05,11.61,12.05,455665,11.83
2013/05/16,12.08,12.18,11.22,11.35,881618,11.70
2013/05/17,11.40,11.58,11.30,11.49,351039,11.44
2013/05/20,11.50,12.05,11.49,11.96,594575,11.77
2013/05/21,11.98,12.41,11.77,12.39,582434,12.09
2013/05/22,12.38,12.38,11.75,11.81,611025,12.07
2013/05/23,11.62,12.23,11.62,12.08,581932,11.92
2013/05/24,12.04,13.31,12.04,13.31,1238342,12.67
2013/05/27,13.28,13.49,12.90,13.12,666463,13.20
2013/05/28,13.10,13.10,12.45,12.48,665193,12.77
2013/05/29,12.42,12.85,12.41,12.60,405775,12.63
2013/05/30,12.44,12.88,12.44,12.49,402387,12.66
2013/05/31,12.49,12.74,12.33,12.35,391386,12.54
2013/06/03,12.33,13.59,12.28,12.83,885708,12.93
2013/06/04,12.73,13.44,12.73,13.28,962873,13.08
2013/06/05,13.08,14.56,13.08,14.28,1421317,13.82
2013/06/06,14.03,14.27,13.58,13.70,1037527,13.92
2013/06/07,13.78,14.89,13.75,14.35,1675523,14.32
2013/06/13,14.11,14.90,13.10,14.90,1559004,14.00
2013/06/14,14.76,15.15,14.53,14.64,1412802,14.84
2013/06/17,14.71,15.01,14.03,14.04,1573657,14.52
2013/06/18,13.95,14.49,13.62,14.26,957503,14.05
2013/06/19,14.25,14.25,13.50,13.55,966735,13.88
2013/06/20,13.51,13.84,12.80,12.95,946700,13.32
2013/06/21,12.77,12.96,12.35,12.90,577423,12.66
2013/06/24,12.90,13.45,12.25,12.38,1014983,12.85
2013/06/25,12.03,12.59,11.42,12.39,1796252,12.00
2013/06/26,12.39,13.50,12.39,13.43,1358800,12.95
2013/06/27,13.28,13.66,12.43,12.67,1255859,13.04
2013/06/28,12.47,12.94,12.18,12.40,750813,12.56
2013/07/01,12.25,13.04,12.11,13.03,701663,12.57
2013/07/02,13.03,13.36,12.97,13.25,865398,13.17
2013/07/03,13.26,14.40,13.26,14.23,1811258,13.83
2013/07/04,14.08,14.40,13.70,14.02,969011,14.05
2013/07/05,14.03,14.62,13.53,13.65,1163090,14.07
2013/07/08,13.28,13.28,12.26,12.45,1038316,12.77
2013/07/09,13.60,13.71,13.15,13.71,1426206,13.43
2013/07/10,13.86,13.86,13.36,13.74,1145669,13.61
2013/07/11,13.75,15.03,13.68,14.51,1388277,14.35
2013/07/12,14.53,14.99,14.24,14.33,1220649,14.62
2013/07/15,14.30,15.78,14.28,15.78,1814041,15.03
2013/07/16,15.78,15.97,15.29,15.63,1073667,15.63
2013/07/17,15.65,16.15,15.48,15.65,960679,15.81
2013/07/18,15.55,16.09,15.43,15.69,780992,15.76
2013/07/19,15.77,16.05,15.40,15.40,949336,15.73
2013/07/22,15.23,15.70,14.93,15.68,873140,15.31
2013/07/23,15.65,16.02,15.37,15.95,977111,15.69
2013/07/24,16.02,16.68,15.89,16.23,1171730,16.29
2013/07/25,16.05,16.25,15.03,15.19,1130591,15.64
2013/07/26,15.27,15.47,14.92,15.33,662509,15.20
2013/07/29,15.13,15.25,14.77,14.78,591285,15.01
2013/07/30,14.73,14.85,14.03,14.44,694667,14.44
2013/07/31,14.50,14.69,14.35,14.61,427834,14.52
2013/08/01,14.73,15.49,14.56,15.32,743694,15.03
2013/08/02,15.40,15.48,15.20,15.36,512461,15.34
2013/08/05,15.39,16.08,15.28,15.90,670236,15.68
2013/08/06,15.90,16.10,15.73,15.98,429096,15.92
2013/08/07,15.95,16.11,15.38,15.40,638242,15.75
2013/08/08,15.28,15.89,15.28,15.53,364257,15.58
2013/08/09,15.60,15.72,14.92,15.39,618024,15.32
2013/08/12,15.40,15.99,14.80,15.67,631144,15.40
2013/08/13,15.41,15.41,14.99,15.15,786468,15.20
2013/08/14,15.12,15.44,15.05,15.25,524103,15.25
2013/08/15,15.23,15.28,14.75,14.77,485122,15.01
2013/08/16,14.81,15.37,14.50,14.60,621013,14.93
2013/08/19,14.43,15.15,14.43,15.10,890947,14.79
2013/08/20,15.05,15.15,14.80,14.92,375269,14.98
2013/08/21,14.93,15.15,14.82,15.11,451513,14.99
2013/08/22,15.06,15.81,15.03,15.66,851192,15.42
2013/08/23,15.66,16.02,15.28,15.60,823063,15.65
2013/08/26,15.61,16.07,15.53,15.93,665984,15.80
2013/08/27,15.98,16.13,15.69,16.03,603507,15.91
2013/08/28,15.88,15.90,15.43,15.43,736036,15.67
2013/08/29,15.43,15.70,15.18,15.25,435330,15.44
2013/08/30,15.20,15.23,14.68,14.71,590760,14.96
2013/09/02,14.77,15.17,14.65,14.78,495658,14.91
2013/09/03,14.81,15.61,14.81,15.45,649939,15.21
2013/09/04,15.43,15.89,15.16,15.25,900038,15.53
2013/09/05,15.30,15.90,15.10,15.87,1091901,15.50
2013/09/06,15.89,15.95,15.40,15.66,858394,15.67
2013/09/09,15.97,15.98,14.93,15.24,1271674,15.46
2013/09/10,15.15,15.28,14.76,15.05,761346,15.02
2013/09/11,15.00,15.00,13.69,13.84,1256712,14.34
2013/09/12,13.78,14.08,13.00,13.20,1419790,13.54
2013/09/13,13.41,14.52,13.11,14.18,2805366,13.81
2013/09/16,14.02,14.03,13.33,13.58,2276777,13.68
2013/09/17,13.58,13.64,12.83,12.84,1902714,13.24
2013/09/18,12.88,13.40,12.39,13.39,1831985,12.90
2013/09/23,13.24,13.60,13.03,13.39,2009514,13.31
2013/09/24,13.38,14.01,13.38,13.70,1988794,13.70
2013/09/25,13.68,13.70,12.31,13.23,1580197,13.00
2013/09/26,13.24,13.52,13.08,13.09,963802,13.30
2013/09/27,13.13,13.44,12.93,13.27,1495713,13.18
2013/09/30,13.28,13.70,13.08,13.58,1150645,13.39
2013/10/08,13.53,13.87,13.18,13.64,1237040,13.52
2013/10/09,13.63,14.87,13.51,14.68,2740021,14.19
2013/10/10,14.76,14.82,14.03,14.14,1898328,14.42
2013/10/11,14.29,14.75,14.15,14.63,1531601,14.45
2013/10/14,14.67,14.67,14.30,14.38,1213546,14.49
2013/10/15,14.40,14.84,14.13,14.80,1955680,14.49
2013/10/16,14.68,14.68,14.16,14.23,1113103,14.42
2013/10/17,14.23,14.55,13.39,13.62,1846637,13.97
2013/10/18,13.58,13.87,13.32,13.72,607686,13.59
2013/10/21,13.73,14.10,13.67,13.97,918952,13.88
2013/10/22,13.88,14.08,13.34,13.34,1146024,13.71
2013/10/23,13.28,13.38,12.78,12.94,934470,13.08
2013/10/24,12.93,13.18,12.78,13.08,481320,12.98
2013/10/25,13.13,13.16,12.69,12.78,625411,12.92
2013/10/28,12.77,12.97,12.63,12.89,293608,12.80
2013/10/29,13.00,13.00,11.73,12.27,899873,12.37
2013/10/30,12.27,12.36,11.79,12.28,736188,12.07
2013/10/31,12.29,12.32,11.93,12.00,693839,12.13
2013/11/01,11.98,12.11,11.78,12.00,319134,11.94
2013/11/04,12.03,12.24,12.00,12.13,364098,12.12
2013/11/05,12.12,12.46,11.98,12.40,534903,12.22
2013/11/06,12.40,12.52,12.22,12.42,507979,12.37
2013/11/07,12.43,12.73,12.33,12.48,731263,12.53
2013/11/08,12.48,13.01,12.43,12.88,908221,12.72
2013/11/11,12.93,13.12,12.61,13.03,932356,12.86
2013/11/12,13.00,13.13,12.84,13.09,765232,12.99
2013/11/13,13.03,13.08,12.78,12.93,618832,12.93
2013/11/14,12.88,13.50,12.83,13.37,872275,13.17
2013/11/15,13.37,14.02,13.37,13.68,1417754,13.69
2013/11/18,13.55,13.95,13.55,13.77,872777,13.75
2013/11/19,13.82,13.93,13.53,13.71,732598,13.73
2013/11/20,13.63,13.74,13.49,13.62,466682,13.62
2013/11/21,13.50,13.53,13.20,13.42,564233,13.36
2013/11/22,13.43,13.47,13.15,13.18,451095,13.31
2013/11/25,13.18,13.35,13.10,13.17,434115,13.22
2013/11/26,13.33,13.84,13.03,13.84,1030735,13.43
2013/11/27,13.75,15.24,13.75,15.24,2762334,14.50
2013/11/28,15.69,15.97,14.95,15.50,3814228,15.46
2013/11/29,15.28,15.83,15.11,15.63,2709792,15.47
2013/12/02,14.78,14.78,14.04,14.04,3036765,14.41
2013/12/03,13.62,14.02,12.79,13.87,1687738,13.40
2013/12/04,13.63,14.04,13.34,13.38,1484763,13.69
2013/12/05,13.23,13.43,13.03,13.16,1027070,13.23
2013/12/06,13.20,13.36,12.97,13.28,714470,13.17
2013/12/09,13.38,14.03,13.28,13.95,1297409,13.65
2013/12/10,13.95,14.04,13.52,13.66,1035515,13.78
2013/12/11,13.74,13.92,13.46,13.73,760908,13.69
2013/12/12,13.78,14.67,13.70,14.45,1437580,14.18
2013/12/13,14.30,14.94,14.13,14.93,1530579,14.54
2013/12/16,14.87,14.90,14.33,14.48,877045,14.62
2013/12/17,14.48,14.78,13.93,13.96,894078,14.35
2013/12/18,13.88,14.08,13.68,13.73,619011,13.88
2013/12/19,13.69,14.32,13.69,14.03,842183,14.00
2013/12/20,14.00,14.18,13.83,13.95,439207,14.00
2013/12/23,14.13,14.37,13.81,14.31,567796,14.09
2013/12/24,14.24,14.68,14.24,14.37,747933,14.46
2013/12/25,14.32,15.17,14.32,15.12,2147716,14.75
2013/12/26,14.93,16.06,14.87,15.87,2796151,15.46
2013/12/27,15.58,17.18,15.53,16.55,3185453,16.35
2013/12/30,16.58,17.08,16.06,16.23,2466330,16.57
2013/12/31,16.07,16.66,15.33,15.64,2011711,16.00
2014/01/02,15.33,15.90,15.33,15.72,1632124,15.62
2014/01/03,15.66,15.88,15.45,15.76,1523856,15.67
2014/01/06,15.38,15.75,14.98,15.15,1565023,15.37
2014/01/07,14.98,15.44,14.91,15.26,936381,15.17
2014/01/08,15.26,15.76,15.26,15.62,1685238,15.51
2014/01/09,15.62,16.10,15.08,15.08,2022781,15.59
2014/01/10,15.04,15.04,14.38,14.48,1661571,14.71
2014/01/13,14.47,14.67,14.33,14.55,725621,14.50
2014/01/14,14.81,15.11,14.72,15.08,1030316,14.92
2014/01/15,15.03,15.49,14.97,15.29,950234,15.23
2014/01/16,15.12,16.09,14.68,15.75,2361866,15.38
2014/01/17,15.77,15.97,15.30,15.38,1460257,15.64
2014/01/20,15.54,16.02,15.50,15.73,1947898,15.76
2014/01/21,15.73,16.03,15.57,16.03,1457530,15.80
2014/01/22,15.97,16.27,15.68,16.12,1768861,15.97
2014/01/23,16.03,16.34,15.93,16.10,1600903,16.13
2014/01/24,16.04,16.27,15.95,15.98,1673171,16.11
2014/01/27,15.92,16.05,15.28,15.32,1721892,15.67
2014/01/28,15.30,15.78,14.78,15.73,1591958,15.28
2014/01/29,15.53,15.90,15.53,15.67,1086875,15.71
2014/01/30,15.67,15.81,15.44,15.45,771028,15.63
2014/02/07,15.28,15.78,15.22,15.78,1007761,15.50
2014/02/10,15.78,16.27,15.78,16.27,2510642,16.02
2014/02/11,16.28,17.01,16.18,16.77,2978747,16.60
2014/02/12,16.77,18.33,16.43,18.33,3524182,17.38
2014/02/13,18.26,19.35,18.03,18.05,4201987,18.69
2014/02/14,17.95,18.39,17.48,18.11,2185954,17.94
2014/02/17,18.07,19.35,17.93,19.34,2169206,18.64
2014/02/18,19.40,20.00,18.79,19.02,2233061,19.39
2014/02/19,18.79,19.34,18.18,18.71,1751312,18.76
2014/02/20,18.71,18.95,17.87,18.00,1505880,18.41
2014/02/21,18.01,18.58,17.88,18.56,1093247,18.23
2014/02/24,18.67,19.27,18.40,18.97,1331021,18.83
2014/02/25,19.02,19.03,17.52,17.85,2451344,18.28
2014/02/26,17.78,18.36,17.30,17.89,1213239,17.83
2014/02/27,18.29,18.62,17.48,17.50,1370830,18.05
2014/02/28,17.50,17.92,16.95,17.82,1183307,17.44
2014/03/03,17.78,18.02,17.66,17.97,800712,17.84
2014/03/04,17.88,17.95,17.08,17.39,1038346,17.51
2014/03/05,17.53,17.73,17.29,17.42,579817,17.51
2014/03/06,17.33,17.61,16.68,16.74,952271,17.14
2014/03/07,16.53,17.10,16.53,16.77,668505,16.82
2014/03/10,16.73,17.62,16.73,17.02,996635,17.18
2014/03/11,17.02,17.28,16.48,17.04,604901,16.88
2014/03/12,16.85,17.37,16.64,17.36,751793,17.01
2014/03/13,17.33,18.07,17.20,18.07,1229633,17.63
2014/03/14,17.88,18.23,17.65,17.96,812477,17.94
2014/03/17,17.79,18.33,17.73,18.27,601829,18.03
2014/03/18,18.27,18.33,17.83,17.91,764428,18.08
2014/03/19,17.68,17.88,17.28,17.30,624287,17.58
2014/03/20,17.31,17.75,16.85,16.97,649848,17.30
2014/03/21,16.55,16.78,15.25,16.21,1981778,16.02
2014/03/24,15.85,16.16,15.18,15.24,1176834,15.67
2014/03/25,15.18,15.68,14.88,15.68,853020,15.28
2014/03/26,15.58,15.73,15.49,15.68,558854,15.61
2014/03/27,15.71,15.71,15.21,15.30,587343,15.46
2014/03/28,15.28,15.28,14.02,14.99,1069597,14.65
2014/03/31,14.79,15.09,14.28,14.47,439673,14.68
2014/04/01,14.52,15.02,14.47,14.83,518683,14.75
2014/04/02,14.88,15.21,14.58,14.78,569729,14.90
2014/04/03,15.07,15.07,14.69,14.78,310579,14.88
2014/04/04,14.82,15.08,14.59,15.04,288939,14.83
2014/04/08,14.79,15.30,14.60,15.24,296086,14.95
2014/04/09,15.23,15.55,15.08,15.35,471115,15.32
2014/04/10,14.77,14.77,14.13,14.15,3740495,14.45
2014/04/11,14.02,14.11,13.63,13.89,1567885,13.87
2014/04/14,13.89,14.18,13.89,14.01,1010531,14.04
2014/04/15,13.95,14.14,13.92,14.01,798154,14.03
2014/04/16,14.05,14.12,13.70,13.71,956935,13.91
2014/04/17,13.75,13.89,13.72,13.84,547552,13.81
2014/04/18,13.77,13.91,13.72,13.82,507799,13.82
2014/04/21,13.68,13.86,13.60,13.75,455831,13.73
2014/04/22,13.79,13.86,13.31,13.42,600445,13.58
2014/04/23,13.42,13.47,13.22,13.23,472142,13.35
2014/04/24,13.28,13.42,12.93,13.01,589328,13.17
2014/04/25,12.84,13.21,12.84,12.95,675505,13.03
2014/04/28,12.94,12.94,11.63,11.63,2121751,12.29
2014/04/29,11.28,11.72,11.28,11.65,741698,11.50
2014/04/30,11.65,12.10,11.61,12.03,637530,11.85
2014/05/05,12.00,12.68,12.00,12.58,1344789,12.34
2014/05/06,12.54,12.72,12.22,12.42,839567,12.47
2014/05/07,12.30,12.70,12.28,12.51,591800,12.49
2014/05/08,12.48,12.69,12.43,12.58,377011,12.56
2014/05/09,12.58,12.60,11.97,12.19,515371,12.29
2014/05/12,12.29,12.40,12.06,12.25,1374072,12.23
2014/05/13,12.21,12.43,12.09,12.11,784930,12.26
2014/05/14,12.11,12.16,11.88,12.08,539807,12.02
2014/05/15,12.02,12.15,11.93,11.96,318538,12.04
2014/05/16,11.96,12.05,11.72,11.85,412053,11.89
2014/05/19,11.84,11.95,11.58,11.69,496327,11.76
2014/05/20,11.88,12.01,11.72,11.84,433873,11.87
2014/05/21,11.71,12.02,11.71,12.02,296323,11.87
2014/05/22,12.05,12.97,12.03,12.10,1096200,12.50
2014/05/23,12.18,12.50,12.13,12.45,629711,12.32
2014/05/26,12.48,12.78,12.48,12.67,721771,12.63
2014/05/27,12.67,12.67,12.44,12.46,456897,12.55
2014/05/28,12.46,12.70,12.41,12.62,556994,12.55
2014/05/29,12.57,12.65,12.31,12.41,468714,12.48
2014/05/30,12.34,12.54,12.28,12.53,285148,12.41
2014/06/03,12.53,12.70,12.46,12.65,594110,12.58
2014/06/04,12.64,12.64,12.35,12.51,261779,12.50
2014/06/05,12.51,12.93,12.36,12.93,687266,12.64
2014/06/06,12.91,13.03,12.66,12.80,608093,12.84
2014/06/09,12.80,12.84,12.39,12.55,389148,12.62
2014/06/10,12.60,12.73,12.43,12.69,362311,12.58
2014/06/11,12.56,12.75,12.55,12.70,321932,12.65
2014/06/12,12.64,13.04,12.64,12.83,609534,12.84
2014/06/13,12.90,13.50,12.70,13.31,1313920,13.10
2014/06/16,13.38,13.48,13.13,13.20,759474,13.31
2014/06/17,13.21,13.59,13.12,13.43,1144131,13.35
2014/06/18,13.44,14.74,13.37,14.53,3209666,14.05
2014/06/19,14.50,15.73,14.37,15.35,4283108,15.05
2014/06/20,15.60,15.60,14.65,15.30,2271939,15.13
2014/06/23,15.30,15.30,14.99,15.18,2096288,15.15
2014/06/24,15.08,15.85,14.78,15.85,2657379,15.31
2014/06/25,15.60,15.93,15.14,15.57,1775657,15.54
2014/06/26,15.57,16.10,15.30,15.58,3082043,15.70
2014/06/27,15.21,15.21,14.65,14.65,2928675,14.93
2014/06/30,14.50,14.63,14.08,14.53,3036285,14.36
2014/07/01,14.40,14.90,14.35,14.75,2206035,14.63
2014/07/02,14.86,15.35,14.30,14.61,1839158,14.83
2014/07/03,14.51,14.65,14.28,14.34,1462762,14.46
2014/07/04,14.38,14.43,14.11,14.18,1579028,14.27
2014/07/07,14.13,14.35,13.85,13.98,1393937,14.10
2014/07/08,14.05,14.57,14.05,14.39,1822259,14.31
2014/07/09,14.45,15.13,14.45,15.03,3185144,14.79
2014/07/10,14.99,15.61,14.75,15.00,2422598,15.18
2014/07/11,14.96,15.15,14.55,15.15,1401365,14.85
2014/07/14,15.15,15.30,14.65,14.89,1139561,14.98
2014/07/15,14.76,14.99,13.95,14.08,1421766,14.47
2014/07/16,14.02,14.53,13.85,13.88,967260,14.19
2014/07/17,13.98,13.98,13.40,13.48,907979,13.69
2014/07/18,13.38,13.90,13.37,13.68,1101973,13.63
2014/07/21,13.52,14.08,13.48,14.04,1010278,13.78
2014/07/22,14.04,14.29,13.93,14.21,475725,14.11
2014/07/23,14.23,14.34,13.40,13.58,703593,13.87
2014/07/24,13.58,14.02,12.85,13.84,920873,13.43
2014/07/25,13.66,13.98,13.65,13.75,409392,13.82
2014/07/28,13.84,14.49,13.71,14.32,771372,14.10
2014/07/29,14.33,15.77,14.33,15.77,3485017,15.05
2014/07/30,16.11,16.79,16.11,16.65,4613428,16.45
2014/07/31,16.50,16.55,16.08,16.32,2486274,16.31
2014/08/01,16.11,16.90,16.06,16.28,2992443,16.48
2014/08/04,16.10,16.82,15.86,16.61,1689776,16.34
2014/08/05,16.75,17.85,16.61,17.61,1671457,17.23
2014/08/06,17.59,17.81,17.05,17.80,1262405,17.43
2014/08/07,17.77,17.77,17.10,17.30,907048,17.44
2014/08/08,17.31,17.68,17.17,17.56,777250,17.43
2014/08/11,17.56,18.35,17.28,18.35,1492148,17.82
2014/08/12,18.35,18.44,18.00,18.09,588772,18.22
2014/08/13,17.95,18.24,17.16,17.36,1621408,17.70
2014/08/14,17.38,17.82,17.18,17.60,567670,17.50
2014/08/15,17.65,17.76,17.40,17.54,683645,17.58
2014/08/18,17.54,18.79,17.50,18.60,1349422,18.14
2014/08/19,18.50,19.02,17.91,18.22,2096342,18.46
2014/08/20,18.26,18.28,17.61,17.87,920507,17.95
2014/08/21,17.86,18.01,17.26,17.41,829199,17.64
2014/08/22,17.25,17.65,17.25,17.55,414284,17.45
2014/08/25,17.55,18.05,17.25,17.89,356741,17.65
2014/08/26,17.90,18.03,16.75,16.96,1581493,17.39
2014/08/27,16.91,17.33,16.79,17.11,382610,17.06
2014/08/28,17.15,17.24,16.80,16.81,268619,17.02
2014/08/29,16.99,17.19,16.69,17.09,227400,16.94
2014/09/01,17.23,17.97,17.23,17.56,460698,17.60
2014/09/02,17.56,18.20,17.46,17.69,968463,17.83
2014/09/03,17.68,18.28,17.61,18.20,988348,17.95
2014/09/04,17.93,18.55,17.93,18.51,774401,18.24
2014/09/05,18.73,18.73,17.98,18.05,425180,18.36
2014/09/09,18.21,18.25,17.76,18.03,656818,18.01
2014/09/10,17.95,18.14,17.95,18.03,240404,18.04
2014/09/11,18.05,18.10,17.44,17.59,564851,17.77
2014/09/12,17.59,18.30,17.59,18.03,501293,17.95
2014/09/15,18.03,18.29,17.96,18.28,499809,18.13
2014/09/16,18.23,18.23,17.47,17.49,617700,17.85
2014/09/17,17.36,18.03,17.35,17.49,460598,17.69
2014/09/18,17.56,18.24,17.56,18.20,694178,17.90
2014/09/19,18.20,18.35,18.06,18.35,575171,18.21
2014/09/22,18.60,20.20,18.60,20.20,2105353,19.40
2014/09/23,21.19,21.19,19.51,20.75,2865500,20.35
2014/09/24,20.55,20.55,19.81,20.18,1312119,20.18
2014/09/25,20.36,20.75,20.20,20.57,1643356,20.47
2014/09/26,20.45,20.64,19.86,20.00,798535,20.25
2014/09/29,19.85,20.14,19.60,19.80,757842,19.87
2014/09/30,19.79,20.00,19.61,19.93,481225,19.80
2014/10/08,19.68,19.79,19.18,19.34,1217215,19.48
2014/10/09,19.40,19.47,18.96,19.25,1153916,19.21
2014/10/10,19.25,19.45,19.07,19.41,633301,19.26
2014/10/13,19.39,19.39,18.54,18.80,977549,18.96
2014/10/14,18.83,19.64,18.83,19.59,1452642,19.23
2014/10/15,19.46,19.46,19.03,19.30,689947,19.25
2014/10/16,19.34,19.34,18.75,18.78,637287,19.04
2014/10/17,18.52,18.78,17.35,17.50,1682485,18.07
2014/10/20,17.51,18.10,17.36,17.96,748504,17.73
2014/10/21,17.98,18.28,17.86,17.86,584127,18.07
2014/10/22,18.15,18.16,17.45,17.45,336815,17.80
2014/10/23,17.27,17.46,16.60,16.85,936000,17.03
2014/10/24,16.93,17.29,16.85,16.88,414510,17.07
2014/10/27,17.14,17.84,16.98,17.65,725760,17.41
2014/10/28,17.68,18.18,17.68,17.99,615239,17.93
2014/10/29,18.08,18.35,17.92,18.15,664244,18.14
2014/10/30,18.24,18.24,17.86,18.15,548858,18.05
2014/10/31,18.11,18.79,18.11,18.62,1030016,18.45
2014/11/03,18.59,19.15,18.44,19.05,735069,18.79
2014/11/04,19.13,19.24,17.65,18.19,1226143,18.44
2014/11/05,18.15,18.33,17.66,17.96,525394,17.99
2014/11/06,17.70,18.35,17.70,18.18,412331,18.03
2014/11/07,18.34,18.34,17.90,18.21,358114,18.12
2014/11/10,18.10,18.17,17.71,17.78,428893,17.94
2014/11/11,17.88,17.88,16.75,16.85,990480,17.31
2014/11/12,16.91,17.14,16.65,17.10,497965,16.89
2014/11/13,16.99,17.00,16.22,16.34,1090849,16.61
2014/11/14,16.39,16.43,15.78,16.02,588299,16.10
2014/11/17,16.07,16.78,15.95,16.47,453103,16.37
2014/11/18,16.68,16.73,15.83,15.86,915405,16.28
2014/11/19,15.90,17.03,15.90,17.03,1094256,16.47
2014/11/20,16.71,16.95,16.25,16.35,1072102,16.60
2014/11/21,16.40,17.25,16.20,16.48,811201,16.72
2014/11/24,16.62,16.75,16.21,16.60,999496,16.48
2014/11/25,16.67,17.12,16.40,17.04,900896,16.76
2014/11/26,17.14,17.22,16.84,17.18,691455,17.03
2014/11/27,17.20,18.91,17.04,18.91,3206802,17.97
2014/11/28,19.55,20.04,18.92,19.35,3550732,19.48
2014/12/01,19.46,19.60,18.16,18.61,1752080,18.88
2014/12/02,18.23,18.70,18.20,18.43,791546,18.45
2014/12/03,18.32,18.44,17.70,18.03,1490381,18.07
2014/12/04,18.05,18.35,17.60,17.98,1429458,17.98
2014/12/05,18.00,18.04,16.74,17.13,1061140,17.39
2014/12/08,17.13,17.43,16.77,16.90,924062,17.10
2014/12/09,17.05,17.05,15.35,15.62,1486643,16.20
2014/12/10,15.77,16.61,15.36,16.23,1893349,15.98
2014/12/11,16.20,16.53,16.00,16.35,1113977,16.27
2014/12/12,16.25,16.53,16.19,16.49,682271,16.36
2014/12/15,16.55,17.20,16.01,17.15,1040997,16.61
2014/12/16,17.10,18.29,16.75,18.23,1422545,17.52
2014/12/17,18.28,18.28,17.35,17.38,1769868,17.82
2014/12/18,16.86,17.44,16.10,16.10,1128451,16.77
2014/12/19,16.23,16.84,16.16,16.38,1000773,16.50
2014/12/22,16.46,16.65,14.73,14.90,1261640,15.69
2014/12/23,14.85,15.59,14.61,14.85,546571,15.10
2014/12/24,15.05,15.35,14.93,15.33,325527,15.14
2014/12/25,15.38,15.65,15.19,15.45,362901,15.42
2014/12/26,15.50,15.60,15.15,15.18,368486,15.38
2014/12/29,14.86,15.00,14.35,14.43,733262,14.67
2014/12/30,14.43,14.48,14.01,14.13,608357,14.25
2014/12/31,14.13,14.57,13.88,14.43,424257,14.23
2015/01/05,14.39,14.63,13.71,14.58,850450,14.17
2015/01/06,14.34,15.92,14.30,15.91,1631113,15.11
2015/01/07,15.93,16.68,15.13,16.37,2775943,15.91
2015/01/08,15.93,16.15,15.51,15.54,1214800,15.83
2015/01/09,15.55,15.68,15.26,15.26,630341,15.47
2015/01/12,14.90,15.22,14.73,15.16,754602,14.98
2015/01/13,15.15,15.96,15.11,15.74,929910,15.54
2015/01/14,15.65,16.05,15.42,16.00,766438,15.74
2015/01/15,15.97,16.66,15.85,16.45,1247302,16.25
2015/01/16,16.35,16.63,16.15,16.55,748820,16.39
2015/01/19,16.11,16.65,15.60,15.96,585178,16.12
2015/01/20,15.96,16.65,15.96,16.47,624909,16.30
2015/01/21,16.47,16.65,16.28,16.50,708138,16.46
2015/01/22,16.47,17.06,16.36,16.91,877870,16.71
2015/01/23,16.83,17.69,16.40,17.69,1998928,17.04
2015/01/26,17.55,17.70,16.94,17.35,1844078,17.32
2015/01/27,17.17,17.35,16.67,17.15,1284203,17.01
2015/01/28,17.15,17.75,16.96,17.26,1037579,17.36
2015/01/29,17.10,17.25,16.39,16.41,1927502,16.82
2015/01/30,16.42,16.57,15.45,15.45,1447650,16.01
2015/02/02,15.48,15.48,14.85,14.98,1261623,15.17
2015/02/03,15.04,15.72,14.94,15.67,2467934,15.33
2015/02/04,15.45,15.65,15.06,15.16,2188731,15.36
2015/02/05,15.20,16.03,14.99,15.76,4977793,15.51
2015/02/06,15.71,15.85,15.13,15.35,3404285,15.49
2015/02/09,15.25,15.44,14.85,15.20,1593951,15.14
2015/02/10,15.01,15.30,14.80,15.28,1324662,15.05
2015/02/11,15.28,15.60,15.16,15.49,694600,15.38
2015/02/12,15.50,15.93,15.50,15.60,977565,15.71
2015/02/13,15.78,15.90,15.61,15.69,1435155,15.75
2015/02/16,15.85,16.08,15.35,16.05,1329582,15.71
2015/02/17,16.10,17.18,16.10,17.01,2624917,16.64
2015/02/25,17.02,17.10,16.26,16.27,2589716,16.68
2015/02/26,16.26,16.85,16.10,16.18,3673833,16.48
2015/02/27,16.19,16.75,16.06,16.42,3523224,16.40
2015/03/02,16.45,18.05,16.32,17.70,7449204,17.19
2015/03/03,17.35,18.88,17.20,18.35,6828382,18.04
2015/03/04,18.25,18.97,17.91,18.40,2805233,18.44
2015/03/05,18.15,18.85,17.51,17.88,5567718,18.18
2015/03/06,17.85,18.13,17.42,17.70,5150716,17.78
2015/03/09,17.60,17.93,17.35,17.93,4486276,17.64
2015/03/10,18.08,18.68,17.75,18.57,5021684,18.21
2015/03/11,18.56,18.57,17.63,17.67,3834978,18.10
2015/03/12,17.65,17.74,16.70,17.08,2392932,17.22
2015/03/13,17.10,18.07,17.09,17.72,2315453,17.58
2015/03/16,17.85,18.50,17.74,18.31,2807596,18.12
2015/03/17,18.28,18.45,17.95,18.29,3198134,18.20
2015/03/18,18.30,19.65,18.14,19.20,4125926,18.89
2015/03/19,19.40,19.42,18.71,19.00,2387480,19.07
2015/03/20,18.90,19.34,18.75,18.99,2493744,19.04
2015/03/23,19.11,19.38,18.60,19.38,3270055,18.99
2015/03/24,19.43,19.93,18.36,19.10,3862686,19.14
2015/03/25,18.95,19.51,18.58,19.28,3702275,19.04
2015/03/26,19.01,19.55,18.45,18.49,4059982,19.00
2015/03/27,18.41,18.92,18.41,18.76,2300729,18.67
2015/03/30,18.70,19.46,18.61,19.14,3521991,19.04
2015/03/31,19.30,19.60,18.85,19.40,3448831,19.23
2015/04/01,19.23,19.84,18.36,19.83,5745522,19.10
2015/04/02,19.85,20.55,19.85,20.33,3980002,20.20
2015/04/03,20.10,21.14,19.87,20.91,3980120,20.51
2015/04/07,20.90,21.19,20.64,21.00,4061771,20.92
2015/04/08,20.93,21.03,19.61,20.13,3687331,20.32
2015/04/09,20.08,20.13,18.46,19.28,4467730,19.29
2015/04/10,19.06,19.79,18.85,19.63,2732323,19.32
2015/04/13,19.63,19.64,18.90,19.41,4077170,19.27
2015/04/14,19.41,19.95,19.03,19.22,3248157,19.49
2015/04/15,19.20,19.20,17.91,18.05,3699703,18.55
2015/04/16,17.82,18.47,17.70,18.10,2605800,18.08
2015/04/17,18.16,18.57,18.13,18.20,1928867,18.35
2015/04/20,18.23,18.95,18.13,18.89,5148406,18.54
2015/04/21,18.58,19.63,18.53,19.45,3865490,19.08
2015/04/22,19.53,19.60,19.30,19.56,3589953,19.45
2015/04/23,19.63,20.25,19.38,19.79,3259538,19.81
2015/04/24,19.48,21.79,19.22,21.79,5080577,20.50
2015/04/27,22.10,23.98,22.10,23.48,8346490,23.04
2015/04/28,23.49,23.49,22.17,22.65,4028263,22.83
2015/04/29,23.49,23.49,22.17,22.65,0,22.83
2015/04/30,23.49,23.49,22.17,22.65,0,22.83
2015/05/04,23.49,23.49,22.17,22.65,0,22.83
2015/05/05,23.49,23.49,22.17,22.65,0,22.83
2015/05/06,23.49,23.49,22.17,22.65,0,22.83
2015/05/07,23.49,23.49,22.17,22.65,0,22.83
2015/05/08,23.49,23.49,22.17,22.65,0,22.83
2015/05/11,23.49,23.49,22.17,22.65,0,22.83
2015/05/12,23.49,23.49,22.17,22.65,0,22.83
2015/05/13,23.49,23.49,22.17,22.65,0,22.83
2015/05/14,23.49,23.49,22.17,22.65,0,22.83
2015/05/15,23.49,23.49,22.17,22.65,0,22.83
2015/05/18,23.49,23.49,22.17,22.65,0,22.83
2015/05/19,23.49,23.49,22.17,22.65,0,22.83
2015/05/20,23.49,23.49,22.17,22.65,0,22.83
2015/05/21,23.49,23.49,22.17,22.65,0,22.83
2015/05/22,23.49,23.49,22.17,22.65,0,22.83
2015/05/25,23.49,23.49,22.17,22.65,0,22.83
2015/05/26,23.49,23.49,22.17,22.65,0,22.83
2015/05/27,23.49,23.49,22.17,22.65,0,22.83
2015/05/28,23.49,23.49,22.17,22.65,0,22.83
2015/05/29,23.49,23.49,22.17,22.65,0,22.83
2015/06/01,23.49,23.49,22.17,22.65,0,22.83
2015/06/02,23.49,23.49,22.17,22.65,0,22.83
2015/06/03,23.49,23.49,22.17,22.65,0,22.83
2015/06/04,23.49,23.49,22.17,22.65,0,22.83
2015/06/05,23.49,23.49,22.17,22.65,0,22.83
2015/06/08,24.93,24.93,24.93,24.93,18275,24.93
2015/06/09,27.44,27.44,26.35,27.44,2156043,26.90
2015/06/10,30.20,30.20,30.20,30.20,1025315,30.20
2015/06/11,30.85,33.24,30.20,33.24,8769996,31.72
2015/06/12,34.89,36.57,34.12,36.57,6614356,35.71
2015/06/15,38.77,39.85,34.73,35.40,13549469,37.08
2015/06/16,34.00,36.90,33.41,36.51,10354317,36.03
2015/06/17,35.90,37.40,33.40,36.67,5880692,35.48
2015/06/18,36.67,36.67,33.90,34.40,4665183,35.27
2015/06/19,32.90,36.00,31.18,34.20,6229545,34.82
2015/06/23,34.01,35.38,30.77,34.80,3748099,34.13
2015/06/24,35.90,37.70,34.34,36.37,4827132,36.24
2015/06/25,36.95,40.02,36.95,40.02,10222264,39.39
2015/06/26,37.90,39.40,36.01,36.01,6362280,37.59
2015/06/29,37.63,37.78,32.40,32.41,9287179,34.70
2015/06/30,32.85,35.66,29.16,35.60,9035005,32.79
2015/07/01,35.74,39.17,34.50,37.00,8985501,37.81
2015/07/02,35.10,37.40,33.29,33.29,6543933,34.45
2015/07/03,30.40,31.95,29.95,29.95,6655603,30.37
2015/07/06,30.40,31.95,29.95,29.95,0,30.95
2015/07/07,30.40,31.95,29.95,29.95,0,30.95
2015/07/08,30.40,31.95,29.95,29.95,0,30.95
2015/07/09,30.40,31.95,29.95,29.95,0,30.95
2015/07/10,30.40,31.95,29.95,29.95,0,30.95
2015/07/13,30.40,31.95,29.95,29.95,0,30.95
2015/07/14,32.96,32.96,31.48,32.96,7115907,33.05
2015/07/15,32.90,32.90,29.65,29.65,5562933,30.84
2015/07/16,26.68,29.40,26.68,27.31,16706427,26.97
2015/07/17,27.29,30.05,26.12,29.60,13912633,28.03
2015/07/20,28.90,30.06,28.08,28.60,9326048,28.98
2015/07/21,28.30,29.55,27.25,28.76,5462911,28.94
2015/07/22,29.40,31.60,28.80,31.00,7754405,30.47
2015/07/23,30.90,34.04,30.28,33.75,8202024,33.21
2015/07/24,33.75,35.80,31.91,34.20,9417514,34.27
2015/07/27,33.38,35.24,30.77,30.77,7163443,32.78
2015/07/28,27.75,30.88,27.68,27.68,7023359,28.54
2015/07/29,27.95,29.23,25.70,28.85,5713685,27.47
2015/07/30,28.28,29.08,26.99,27.10,3926048,28.53
2015/07/31,26.15,28.70,26.11,27.90,3486421,27.72
2015/08/03,27.80,27.80,25.10,25.11,4386511,25.57
2015/08/04,24.85,27.63,23.48,27.63,8166163,26.22
2015/08/05,27.90,30.40,27.41,28.80,6003316,29.56
2015/08/06,27.92,30.96,27.90,29.38,3570701,29.97
2015/08/07,30.38,30.70,28.90,30.40,4218773,29.96
2015/08/10,31.70,33.45,31.70,33.45,3827623,33.20
2015/08/11,34.10,36.50,32.90,33.95,6966478,34.79
2015/08/12,34.69,36.10,33.50,34.50,6940001,34.88
2015/08/13,34.40,35.59,32.10,34.79,7154927,34.09
2015/08/14,34.81,35.49,33.55,33.76,4550274,34.26
2015/08/17,33.76,34.40,32.09,34.40,5073727,33.31
2015/08/18,35.26,35.78,30.95,32.31,5866626,33.62
2015/08/19,30.41,33.39,29.60,32.55,3626264,31.90
2015/08/20,31.90,33.52,31.60,32.71,4159869,32.88
2015/08/21,32.40,32.86,30.17,30.90,4875125,31.44
2015/08/24,28.50,30.38,27.80,27.80,5353768,27.97
2015/08/25,25.03,27.40,25.01,25.01,6496550,25.62
2015/08/26,25.10,27.28,24.54,25.40,3625728,26.05
2015/08/27,26.40,27.40,25.71,27.33,3054140,26.80
2015/08/28,30.06,30.06,28.01,29.54,2898758,29.01
2015/08/31,29.20,29.21,27.01,28.10,3431435,28.12
2015/09/01,27.20,27.49,25.28,25.28,3555017,26.38
2015/09/02,24.50,26.70,23.48,24.85,1946015,25.25
2015/09/07,24.98,26.87,24.95,25.55,1276057,25.91
2015/09/08,26.10,28.12,25.08,28.06,2288228,27.08
2015/09/09,28.39,30.88,28.10,30.39,3131799,29.48
2015/09/10,29.60,30.20,28.90,29.06,1441329,29.73
2015/09/11,29.06,29.83,28.90,29.33,866088,29.45
2015/09/14,29.90,29.90,26.39,26.39,1224060,27.47
2015/09/15,26.10,27.00,25.40,26.70,1302139,26.57
2015/09/16,26.97,29.38,26.50,29.38,2506316,27.81
2015/09/17,29.38,30.35,27.78,28.06,2712223,29.50
2015/09/18,28.07,29.00,27.91,28.77,1411710,28.73
2015/09/21,28.79,30.20,28.45,29.90,1802346,29.74
2015/09/22,29.90,30.08,29.35,29.50,1391612,29.73
2015/09/23,29.45,30.13,29.03,29.06,2063619,29.63
2015/09/24,29.13,30.40,28.62,29.24,2115605,29.58
2015/09/25,29.28,30.23,29.00,29.80,1991818,29.77
2015/09/28,29.21,32.48,29.13,31.17,2521686,30.51
2015/09/29,30.81,31.37,30.08,30.70,1338582,30.80
2015/09/30,30.89,31.24,29.97,30.90,1095543,30.68
2015/10/08,31.90,33.52,31.56,32.25,1903351,32.75
2015/10/09,32.22,34.25,32.00,33.60,1855463,32.84
2015/10/12,33.59,36.10,33.40,34.83,3413378,35.02
2015/10/13,34.70,36.60,34.19,36.30,3402175,35.81
2015/10/14,36.25,36.26,34.31,35.10,3052175,35.34
2015/10/15,34.91,36.02,34.30,35.55,2404022,35.40
2015/10/16,35.55,36.70,35.20,36.00,2327952,35.83
2015/10/19,36.22,36.30,34.31,34.84,2721009,35.22
2015/10/20,35.29,36.61,34.31,36.18,3446615,35.87
2015/10/21,35.91,36.10,32.55,32.55,4201492,34.31
2015/10/22,32.20,33.35,31.25,33.00,3402417,32.54
2015/10/23,33.02,33.88,32.01,33.73,2881632,32.94
2015/10/26,34.00,34.10,31.90,32.45,4031329,32.73
2015/10/27,32.49,33.48,30.95,33.12,3249815,32.46
2015/10/28,32.40,33.75,32.21,32.40,2971613,33.12
2015/10/29,33.18,33.40,32.06,32.93,2601267,33.01
2015/10/30,32.47,33.90,32.00,33.64,2466147,33.40
2015/11/02,32.51,35.40,32.50,34.58,4339887,34.63
2015/11/03,35.45,35.84,34.50,34.87,3368876,35.25
2015/11/04,34.90,38.00,34.90,37.72,4037781,36.63
2015/11/05,37.82,38.50,36.70,36.88,4070536,37.51
2015/11/06,36.60,40.58,36.60,40.40,5482565,39.49
2015/11/09,40.78,43.85,39.90,42.83,5794025,41.99
2015/11/10,41.90,42.89,40.80,41.65,3325323,41.77
2015/11/11,41.18,43.40,40.37,42.71,4590662,42.44
2015/11/12,42.78,42.80,40.78,41.66,4162475,41.58
2015/11/13,40.87,40.88,39.30,39.31,2960139,40.06
2015/11/16,38.21,40.10,37.11,39.54,3291448,38.98
2015/11/17,39.50,40.70,37.62,38.30,5220200,38.86
2015/11/18,38.40,38.62,37.03,37.07,3187284,37.82
2015/11/19,37.35,39.80,37.17,39.61,3804917,38.64
2015/11/20,39.61,40.53,38.92,40.07,2965446,40.08
2015/11/23,39.90,39.90,37.48,38.70,4413652,38.53
2015/11/24,37.85,38.75,37.40,38.35,3106689,38.17
2015/11/25,38.00,39.28,38.00,39.05,3494852,38.82
2015/11/26,38.99,39.78,38.26,39.69,3819057,39.01
2015/11/27,39.70,39.70,35.71,35.71,4034829,37.52
2015/11/30,35.73,36.67,33.70,36.07,3597916,35.80
2015/12/01,35.52,37.42,35.52,36.48,2628315,36.73
2015/12/02,36.35,37.51,33.71,36.20,1602825,36.23
2015/12/03,36.62,38.76,36.62,38.20,2614191,38.02
2015/12/04,37.41,38.68,36.89,37.74,1845840,37.88
2015/12/07,36.96,37.90,36.20,37.72,3046956,37.07
2015/12/08,37.91,39.40,36.74,38.46,3395335,38.29
2015/12/09,37.91,38.77,37.10,37.57,1915096,37.63
2015/12/10,37.57,39.24,37.03,37.60,1833454,38.34
2015/12/11,37.21,38.90,37.21,38.59,2107524,38.12
2015/12/14,38.23,39.77,38.20,39.35,2532799,39.14
2015/12/15,39.25,40.37,39.00,39.15,2434507,39.75
2015/12/16,39.15,40.15,38.99,39.85,1693368,39.79
2015/12/17,40.50,40.76,39.65,39.95,2874752,40.09
2015/12/18,39.88,39.88,38.73,39.49,2071307,39.37
2015/12/21,39.46,40.25,38.96,39.49,1654297,39.59
2015/12/22,38.90,39.56,38.55,38.72,2474327,38.96
2015/12/23,38.73,39.30,37.69,38.20,2365830,38.42
2015/12/24,38.40,38.90,37.78,37.90,1625996,38.42
2015/12/25,37.90,39.27,37.81,39.10,2415182,38.95
2015/12/28,39.42,43.02,39.41,42.90,8201875,42.43
2015/12/29,42.53,44.40,41.90,43.70,4380632,43.52
2015/12/30,43.40,46.47,43.25,46.39,6046993,45.31
2015/12/31,46.29,46.33,43.40,45.40,5086886,45.09
2016/01/04,44.69,44.69,40.85,40.85,3595845,42.15
2016/01/05,36.77,41.56,36.76,39.60,8453623,39.22
2016/01/06,39.90,40.20,37.20,39.47,3376229,39.03
2016/01/07,38.50,38.50,35.51,35.53,941546,36.16
2016/01/08,36.08,36.90,32.40,35.33,3112166,35.13
2016/01/11,34.18,35.25,31.79,31.79,4322285,32.65
2016/01/12,31.77,32.78,29.42,31.40,3183602,31.49
2016/01/13,31.90,32.00,29.47,29.53,2118186,31.09
2016/01/14,27.90,32.49,27.90,31.70,2469007,30.87
2016/01/15,31.30,31.66,29.90,29.95,3253796,30.68
2016/01/18,29.10,32.86,28.78,31.61,2129572,31.36
2016/01/19,31.60,34.39,31.20,33.40,2485343,32.87
2016/01/20,32.90,34.10,31.91,32.80,2271689,33.17
2016/01/21,32.00,33.10,30.86,30.92,2841685,32.18
2016/01/22,31.17,31.60,29.40,30.80,3125503,30.54
2016/01/25,31.10,31.35,30.49,30.79,1665431,30.93
2016/01/26,30.40,31.90,27.70,27.80,2939587,29.72
2016/01/27,27.80,28.34,26.41,27.84,2115960,27.38
2016/01/28,27.78,29.46,27.47,28.00,2568655,28.74
2016/01/29,28.27,30.06,27.90,28.80,2057361,29.24
2016/02/01,28.67,28.80,27.91,28.30,1541045,28.40
2016/02/02,28.17,30.16,28.17,29.92,1713207,29.81
2016/02/03,29.50,30.51,29.18,30.41,1475362,29.80
2016/02/04,30.20,31.59,30.00,31.53,2134165,31.25
2016/02/05,31.40,32.58,30.51,31.38,1552173,31.84
2016/02/15,29.90,34.50,29.40,33.89,2224475,32.62
2016/02/16,34.50,35.48,33.78,35.24,2742699,34.90
2016/02/17,35.35,36.20,34.31,35.12,1969568,35.34
2016/02/18,35.35,35.77,33.95,34.00,2370376,34.89
2016/02/19,34.10,34.39,32.90,33.84,2375379,33.51
2016/02/22,34.15,35.17,33.56,34.99,2381868,34.48
2016/02/23,34.85,34.96,34.03,34.50,1488693,34.52
2016/02/24,34.11,34.62,32.10,33.38,2546588,33.10
2016/02/25,32.93,33.21,30.03,30.03,2451478,31.20
2016/02/26,30.27,31.30,29.48,30.60,1788794,30.40
2016/02/29,30.60,30.60,27.53,27.55,2494184,28.25
2016/03/01,27.56,29.89,25.50,29.64,3864692,27.79
2016/03/02,29.08,30.40,29.08,30.20,3415507,29.98
2016/03/03,30.08,30.38,29.27,29.30,2605038,29.92
2016/03/04,28.91,29.20,26.90,27.22,3880690,27.96
2016/03/07,27.30,28.28,27.20,27.47,1722547,27.81
2016/03/08,27.40,29.33,25.90,28.90,3894705,28.26
2016/03/09,28.29,29.35,27.93,28.70,1932547,28.78
2016/03/10,28.60,29.10,28.00,28.07,993911,28.66
2016/03/11,28.07,28.29,27.60,27.75,1467531,27.95
2016/03/14,28.21,29.50,28.10,29.40,2789737,29.14
2016/03/15,29.20,30.21,29.20,29.71,2077688,30.00
2016/03/16,30.35,30.49,28.01,28.58,2687262,28.85
2016/03/17,28.04,29.86,28.04,29.46,2248629,29.29
2016/03/18,29.80,32.42,29.40,32.42,7919794,32.11
2016/03/21,32.60,34.50,32.40,33.37,5923874,33.34
2016/03/22,32.91,34.01,32.62,33.74,3506655,33.65
2016/03/23,33.30,33.73,32.58,33.39,1691583,33.23
2016/03/24,32.90,33.49,32.52,32.83,1623376,33.16
2016/03/25,32.68,33.30,32.18,32.91,2344757,33.01
2016/03/28,32.91,33.19,31.40,31.90,4594115,32.51
2016/03/29,31.89,31.89,30.61,31.00,2474213,31.10
2016/03/30,31.89,31.89,30.61,31.00,0,31.25
2016/03/31,31.89,31.89,30.61,31.00,0,31.25
2016/04/01,31.89,31.89,30.61,31.00,0,31.25
2016/04/05,31.89,31.89,30.61,31.00,0,31.25
2016/04/06,31.89,31.89,30.61,31.00,0,31.25
2016/04/07,31.89,31.89,30.61,31.00,0,31.25
2016/04/08,31.89,31.89,30.61,31.00,0,31.25
2016/04/11,31.89,31.89,30.61,31.00,0,31.25
2016/04/12,31.89,31.89,30.61,31.00,0,31.25
2016/04/13,31.89,31.89,30.61,31.00,0,31.25
2016/04/14,31.89,31.89,30.61,31.00,0,31.25
2016/04/15,31.89,31.89,30.61,31.00,0,31.25
2016/04/18,31.89,31.89,30.61,31.00,0,31.25
2016/04/19,31.89,31.89,30.61,31.00,0,31.25
2016/04/20,31.89,31.89,30.61,31.00,0,31.25
2016/04/21,31.89,31.89,30.61,31.00,0,31.25
2016/04/22,31.89,31.89,30.61,31.00,0,31.25
2016/04/25,31.89,31.89,30.61,31.00,0,31.25
2016/04/26,31.89,31.89,30.61,31.00,0,31.25
2016/04/27,31.89,31.89,30.61,31.00,0,31.25
2016/04/28,31.89,31.89,30.61,31.00,0,31.25
2016/04/29,31.89,31.89,30.61,31.00,0,31.25
2016/05/03,31.89,31.89,30.61,31.00,0,31.25
2016/05/04,31.89,31.89,30.61,31.00,0,31.25
2016/05/05,31.89,31.89,30.61,31.00,0,31.25
2016/05/06,31.89,31.89,30.61,31.00,0,31.25
2016/05/09,31.89,31.89,30.61,31.00,0,31.25
2016/05/10,31.89,31.89,30.61,31.00,0,31.25
2016/05/11,31.89,31.89,30.61,31.00,0,31.25
2016/05/12,31.89,31.89,30.61,31.00,0,31.25
2016/05/13,31.89,31.89,30.61,31.00,0,31.25
2016/05/16,30.90,34.11,29.50,33.50,8010530,32.91
2016/05/17,34.13,35.10,33.53,34.01,6696705,34.33
2016/05/18,33.40,33.40,30.63,31.20,3857293,31.95
2016/05/19,30.40,31.89,30.30,30.88,2311886,31.31
2016/05/20,31.20,33.15,29.50,33.00,4646136,31.60
2016/05/23,32.74,33.49,31.93,33.37,5843388,32.74
2016/05/24,32.91,33.40,32.40,33.00,3581540,32.99
2016/05/25,33.25,33.37,31.98,31.99,2618451,32.78
2016/05/26,31.59,31.88,30.70,31.62,2284340,31.35
2016/05/27,31.62,32.18,31.30,31.36,1396380,31.80
2016/05/30,31.06,31.10,29.90,30.70,1414265,30.66
2016/05/31,30.60,32.34,30.60,32.00,2333776,31.74
2016/06/01,32.13,33.58,32.00,33.26,3569094,33.29
2016/06/02,33.15,34.89,32.82,34.62,5771303,34.05
2016/06/03,37.38,38.09,34.97,35.95,8207768,36.49
2016/06/06,35.67,37.52,34.75,34.90,6957777,35.98
2016/06/07,34.71,36.01,33.57,36.01,6888966,34.62
2016/06/08,35.69,37.00,35.30,35.36,4836561,36.19
2016/06/13,34.04,35.26,32.90,32.90,4310302,34.38
2016/06/14,33.06,34.70,33.06,34.15,4517007,34.06
2016/06/15,33.49,36.56,33.48,36.50,4182300,35.79
2016/06/16,36.65,37.67,35.92,37.34,4685647,36.90
2016/06/17,37.14,41.07,37.09,38.82,7053156,39.69
2016/06/20,41.51,42.70,41.51,42.70,11436105,42.66
2016/06/21,42.50,42.80,39.50,40.00,7334542,41.34
2016/06/22,40.44,41.40,39.24,40.85,4561823,40.31
2016/06/23,41.50,41.50,38.50,38.70,3981876,39.83
2016/06/24,38.65,40.00,37.10,39.21,4456586,39.04
2016/06/27,39.30,40.96,39.25,40.30,3791230,40.02
2016/06/28,40.68,40.68,38.65,39.66,4420887,39.56
2016/06/29,39.12,39.65,38.50,39.60,4439284,38.99
2016/06/30,39.59,39.99,38.52,39.89,3682539,39.21
2016/07/01,39.70,39.85,38.81,39.11,3337664,39.37
2016/07/04,38.74,39.47,38.19,39.14,3458350,38.84
2016/07/05,39.20,40.49,38.76,40.00,5520815,39.64
2016/07/06,39.97,40.00,38.30,38.66,7575281,39.02
2016/07/07,38.71,39.18,36.88,38.43,6546445,37.81
2016/07/08,37.90,38.77,37.89,38.11,2805614,38.25
2016/07/11,38.11,38.42,37.30,37.84,2498679,37.89
2016/07/12,37.86,38.38,37.36,38.14,2136742,37.91
2016/07/13,38.48,38.48,38.09,38.35,1815586,38.30
2016/07/14,38.35,39.15,38.30,39.08,2025320,38.76
2016/07/15,39.00,39.28,37.66,37.91,2301602,38.34
2016/07/18,37.51,38.37,36.50,37.01,3166317,37.12
2016/07/19,37.02,37.30,36.67,37.18,1229254,36.98
2016/07/20,37.23,37.54,36.81,36.83,1565928,37.03
2016/07/21,37.05,37.31,36.35,36.50,1720648,36.69
2016/07/22,36.35,37.08,36.35,36.95,1517836,36.72
2016/07/25,37.20,37.26,36.51,37.19,1350527,37.07
2016/07/26,36.96,37.94,36.96,37.90,1700300,37.57
2016/07/27,37.80,38.03,35.24,35.98,2373300,36.50
2016/07/28,35.85,36.90,35.74,36.53,1644700,36.20
2016/07/29,36.57,36.77,35.60,36.51,1170801,36.17
2016/08/01,35.55,36.62,34.82,35.50,1149066,35.61
2016/08/02,35.54,36.12,35.50,35.69,1277355,35.75
2016/08/03,35.40,35.95,35.40,35.66,675049,35.71
2016/08/04,35.82,36.45,35.61,36.41,1121050,36.07
2016/08/05,36.30,36.67,36.16,36.37,885604,36.37
2016/08/08,36.10,36.88,35.72,36.60,850136,36.28
2016/08/09,36.10,36.88,35.72,36.60,0,36.30
