Date, SZ300276.Open, SZ300276.High, SZ300276.Low, SZ300276.Close, SZ300276.Volume, SZ300276.Adjusted
2011/11/15,5.86,5.94,5.60,5.65,10260482,5.77
2011/11/16,5.65,5.84,5.65,5.71,5925245,5.75
2011/11/17,5.75,5.89,5.62,5.79,5411934,5.75
2011/11/18,5.76,5.89,5.67,5.83,4524773,5.78
2011/11/21,5.85,5.89,5.35,5.48,3724127,5.62
2011/11/22,5.35,5.42,5.23,5.42,2221777,5.33
2011/11/23,5.38,5.44,5.31,5.31,1747680,5.38
2011/11/24,5.23,5.23,5.07,5.14,2137202,5.15
2011/11/25,5.12,5.25,5.07,5.07,1382059,5.16
2011/11/28,5.08,5.16,5.05,5.15,1040635,5.10
2011/11/29,5.21,5.23,5.11,5.17,1179613,5.17
2011/11/30,5.17,5.18,4.64,4.64,2362872,4.91
2011/12/01,4.78,4.88,4.71,4.74,1658636,4.79
2011/12/02,4.67,4.71,4.54,4.58,984499,4.63
2011/12/05,4.53,4.54,4.38,4.38,771134,4.46
2011/12/06,4.38,4.67,4.34,4.63,1457551,4.50
2011/12/07,4.59,4.69,4.53,4.67,1319298,4.61
2011/12/08,4.64,4.73,4.45,4.58,1253348,4.59
2011/12/09,4.49,4.62,4.47,4.57,629941,4.54
2011/12/12,4.54,4.61,4.51,4.53,576807,4.56
2011/12/13,4.47,4.52,4.34,4.38,657544,4.43
2011/12/14,4.34,4.45,4.30,4.31,478477,4.38
2011/12/15,4.27,4.44,4.24,4.32,725978,4.34
2011/12/16,4.34,4.47,4.29,4.47,703658,4.38
2011/12/19,4.40,4.58,4.34,4.53,790967,4.46
2011/12/20,4.51,4.56,4.37,4.37,614814,4.46
2011/12/21,4.44,4.45,4.17,4.18,702604,4.31
2011/12/22,4.16,4.16,3.86,4.03,897605,4.01
2011/12/23,4.02,4.09,3.97,4.01,456950,4.03
2011/12/26,4.01,4.12,3.97,3.99,446583,4.05
2011/12/27,3.98,3.98,3.60,3.62,1112873,3.79
2011/12/28,3.55,3.61,3.44,3.53,621760,3.52
2011/12/29,3.50,3.57,3.50,3.53,364457,3.53
2011/12/30,3.58,3.71,3.54,3.64,760096,3.63
2012/01/04,3.68,3.70,3.44,3.44,685700,3.57
2012/01/05,3.68,3.70,3.44,3.44,0,3.57
2012/01/06,3.20,3.31,3.11,3.27,1083073,3.21
2012/01/09,3.24,3.47,3.20,3.45,901602,3.34
2012/01/10,3.45,3.58,3.39,3.56,1105367,3.49
2012/01/11,3.54,3.61,3.51,3.55,758441,3.56
2012/01/12,3.55,3.58,3.45,3.47,791033,3.52
2012/01/13,3.46,3.47,3.20,3.20,933990,3.34
2012/01/16,3.13,3.15,3.08,3.09,364650,3.11
2012/01/17,3.12,3.29,3.07,3.28,438627,3.18
2012/01/18,3.37,3.61,3.31,3.34,1429134,3.46
2012/01/19,3.36,3.61,3.32,3.51,1163414,3.46
2012/01/20,3.48,3.59,3.47,3.51,814536,3.53
2012/01/30,3.53,3.70,3.46,3.60,1119709,3.58
2012/01/31,3.61,3.61,3.45,3.55,588650,3.53
2012/02/01,3.56,3.66,3.49,3.54,842373,3.58
2012/02/02,3.56,3.66,3.54,3.66,885618,3.60
2012/02/03,3.68,3.74,3.64,3.71,1090329,3.69
2012/02/06,3.70,3.72,3.64,3.70,923951,3.68
2012/02/07,3.68,3.68,3.52,3.53,676626,3.60
2012/02/08,3.52,3.68,3.52,3.68,671948,3.60
2012/02/09,3.68,3.75,3.66,3.70,926398,3.71
2012/02/10,3.70,3.82,3.63,3.77,1106709,3.72
2012/02/13,3.74,3.93,3.72,3.92,1463600,3.83
2012/02/14,3.93,3.93,3.83,3.87,746997,3.88
2012/02/15,3.88,4.01,3.86,3.97,953124,3.93
2012/02/16,3.94,4.03,3.81,3.89,952228,3.92
2012/02/17,3.90,3.92,3.78,3.86,657756,3.85
2012/02/20,3.92,3.93,3.86,3.86,902171,3.90
2012/02/21,3.83,3.98,3.83,3.98,1157814,3.91
2012/02/22,3.97,4.15,3.95,4.11,1451108,4.05
2012/02/23,4.15,4.19,4.05,4.13,1556138,4.12
2012/02/24,4.14,4.19,4.08,4.13,1618165,4.14
2012/02/27,4.15,4.25,4.13,4.16,1955335,4.19
2012/02/28,4.17,4.32,4.13,4.30,1856353,4.23
2012/02/29,4.27,4.27,4.06,4.07,1681103,4.16
2012/03/01,4.06,4.17,4.06,4.10,777484,4.11
2012/03/02,4.12,4.21,4.08,4.20,808511,4.15
2012/03/05,4.20,4.23,4.15,4.19,1046527,4.19
2012/03/06,4.16,4.19,4.03,4.07,743871,4.11
2012/03/07,4.03,4.19,4.02,4.10,946943,4.10
2012/03/08,4.12,4.17,4.10,4.14,668272,4.13
2012/03/09,4.15,4.28,4.15,4.26,1229493,4.22
2012/03/12,4.26,4.35,4.22,4.29,947633,4.28
2012/03/13,4.29,4.35,4.22,4.35,1201549,4.28
2012/03/14,4.38,4.39,4.03,4.07,1630495,4.21
2012/03/15,4.09,4.09,3.97,4.03,971475,4.03
2012/03/16,4.05,4.17,4.02,4.17,922865,4.09
2012/03/19,4.18,4.27,4.15,4.26,798113,4.21
2012/03/20,4.27,4.31,4.11,4.11,912791,4.21
2012/03/21,4.13,4.16,3.90,4.03,1024955,4.03
2012/03/22,4.04,4.07,3.96,4.02,409632,4.02
2012/03/23,4.01,4.07,3.94,3.98,634217,4.01
2012/03/26,4.00,4.00,3.88,3.94,514285,3.94
2012/03/27,3.96,4.04,3.91,3.96,702202,3.98
2012/03/28,3.95,3.95,3.60,3.60,1119163,3.78
2012/03/29,3.45,3.45,3.30,3.32,1204994,3.38
2012/03/30,3.32,3.34,3.20,3.24,683267,3.27
2012/04/05,3.25,3.34,3.20,3.34,673409,3.27
2012/04/06,3.34,3.36,3.30,3.34,668359,3.33
2012/04/09,3.32,3.32,3.26,3.27,466443,3.29
2012/04/10,3.25,3.27,3.12,3.26,840494,3.20
2012/04/11,3.21,3.28,3.17,3.26,583288,3.22
2012/04/12,3.26,3.37,3.25,3.35,973889,3.31
2012/04/13,3.36,3.45,3.35,3.40,1047876,3.40
2012/04/16,3.37,3.37,3.32,3.33,622577,3.34
2012/04/17,3.33,3.38,3.30,3.34,656199,3.34
2012/04/18,3.33,3.42,3.33,3.42,771426,3.38
2012/04/19,3.42,3.49,3.39,3.42,640370,3.44
2012/04/20,3.42,3.49,3.39,3.42,0,3.44
2012/04/23,3.42,3.43,3.11,3.11,1335417,3.27
2012/04/24,3.10,3.17,2.94,3.04,916148,3.05
2012/04/25,3.03,3.10,3.02,3.09,497989,3.06
2012/04/26,3.09,3.11,3.05,3.07,438071,3.08
2012/04/27,3.07,3.15,3.06,3.13,477991,3.10
2012/05/02,3.19,3.20,3.14,3.17,504280,3.17
2012/05/03,3.17,3.25,3.15,3.24,497373,3.20
2012/05/04,3.23,3.33,3.22,3.31,489300,3.28
2012/05/07,3.28,3.37,3.27,3.37,626428,3.32
2012/05/08,3.37,3.37,3.30,3.32,597901,3.33
2012/05/09,3.29,3.29,3.22,3.22,737085,3.26
2012/05/10,3.22,3.31,3.21,3.28,408204,3.26
2012/05/11,3.27,3.32,3.23,3.23,354305,3.27
2012/05/14,3.26,3.27,3.18,3.19,325131,3.23
2012/05/15,3.14,3.20,3.14,3.19,309834,3.17
2012/05/16,3.16,3.20,3.14,3.15,181170,3.17
2012/05/17,3.16,3.22,3.14,3.21,313506,3.18
2012/05/18,3.20,3.50,3.18,3.40,2111277,3.34
2012/05/21,3.36,3.39,3.22,3.29,924983,3.31
2012/05/22,3.36,3.36,3.27,3.31,544650,3.31
2012/05/23,3.30,3.33,3.17,3.19,626741,3.25
2012/05/24,3.15,3.19,3.09,3.11,587099,3.14
2012/05/25,3.10,3.11,3.02,3.02,425490,3.06
2012/05/28,3.00,3.04,2.93,3.02,576823,2.99
2012/05/29,3.00,3.09,3.00,3.06,502352,3.04
2012/05/30,3.07,3.12,3.06,3.07,424875,3.09
2012/05/31,3.07,3.15,3.03,3.12,689869,3.09
2012/06/01,3.12,3.15,3.08,3.11,512745,3.11
2012/06/04,3.02,3.07,3.00,3.01,531452,3.03
2012/06/05,3.00,3.03,2.98,2.99,282930,3.00
2012/06/06,2.99,3.02,2.97,2.98,215244,3.00
2012/06/07,3.00,3.02,2.92,2.92,397849,2.97
2012/06/08,2.93,2.96,2.91,2.93,319316,2.94
2012/06/11,2.92,3.01,2.92,3.00,343220,2.96
2012/06/12,2.99,3.06,2.97,3.02,530005,3.02
2012/06/13,3.00,3.07,3.00,3.07,453753,3.03
2012/06/14,3.05,3.11,3.03,3.03,506474,3.07
2012/06/15,3.06,3.06,3.01,3.05,385900,3.03
2012/06/18,3.07,3.11,3.03,3.10,529686,3.07
2012/06/19,3.10,3.15,3.09,3.12,712396,3.12
2012/06/20,3.13,3.24,3.08,3.18,1056472,3.16
2012/06/21,3.16,3.18,3.02,3.09,1075031,3.10
2012/06/25,3.09,3.09,3.01,3.01,283520,3.05
2012/06/26,2.98,3.06,2.94,3.03,431912,3.00
2012/06/27,3.04,3.13,3.02,3.07,716705,3.07
2012/06/28,3.13,3.38,3.11,3.38,1791061,3.24
2012/06/29,3.47,3.47,3.25,3.39,2936603,3.36
2012/07/02,3.34,3.44,3.32,3.40,1821560,3.38
2012/07/03,3.39,3.62,3.34,3.55,3465379,3.48
2012/07/04,3.49,3.54,3.39,3.40,2136841,3.47
2012/07/05,3.37,3.38,3.25,3.26,1447770,3.31
2012/07/06,3.28,3.36,3.19,3.35,1435230,3.27
2012/07/09,3.32,3.34,3.19,3.19,1191618,3.26
2012/07/10,3.16,3.18,3.05,3.05,848963,3.11
2012/07/11,3.03,3.07,3.01,3.06,594501,3.04
2012/07/12,3.06,3.15,2.98,3.13,942685,3.06
2012/07/13,3.04,3.08,2.81,2.81,1751495,2.95
2012/07/16,2.79,2.79,2.63,2.63,1092213,2.71
2012/07/17,2.63,2.67,2.58,2.65,493527,2.63
2012/07/18,2.64,2.67,2.60,2.67,463115,2.64
2012/07/19,2.65,2.74,2.64,2.70,786928,2.69
2012/07/20,2.70,2.73,2.68,2.70,509398,2.71
2012/07/23,2.62,2.68,2.62,2.65,311604,2.65
2012/07/24,2.63,2.71,2.61,2.69,311141,2.66
2012/07/25,2.68,2.75,2.65,2.69,382440,2.70
2012/07/26,2.69,2.72,2.64,2.64,350817,2.68
2012/07/27,2.64,2.67,2.58,2.60,340322,2.63
2012/07/30,2.60,2.62,2.49,2.49,432053,2.56
2012/07/31,2.49,2.49,2.41,2.43,272000,2.45
2012/08/01,2.48,2.52,2.44,2.48,280597,2.48
2012/08/02,2.48,2.50,2.43,2.43,268450,2.47
2012/08/03,2.43,2.52,2.41,2.52,415194,2.47
2012/08/06,2.48,2.63,2.47,2.62,559401,2.55
2012/08/07,2.62,2.65,2.62,2.63,494575,2.64
2012/08/08,2.63,2.73,2.63,2.67,709953,2.68
2012/08/09,2.68,2.73,2.65,2.72,675272,2.69
2012/08/10,2.69,2.71,2.66,2.69,510122,2.69
2012/08/13,2.69,2.69,2.59,2.60,572878,2.64
2012/08/14,2.60,2.63,2.53,2.62,365974,2.58
2012/08/15,2.62,2.63,2.56,2.56,257595,2.59
2012/08/16,2.56,2.58,2.55,2.56,179235,2.56
2012/08/17,2.57,2.68,2.52,2.68,934321,2.60
2012/08/20,2.65,2.82,2.62,2.78,1113061,2.72
2012/08/21,2.74,2.82,2.71,2.82,1170888,2.76
2012/08/22,2.81,2.82,2.75,2.77,878850,2.78
2012/08/23,2.76,2.81,2.75,2.80,451049,2.78
2012/08/24,2.78,2.80,2.69,2.76,490260,2.74
2012/08/27,2.72,2.74,2.60,2.60,467582,2.67
2012/08/28,2.60,2.63,2.53,2.55,1056463,2.58
2012/08/29,2.54,2.63,2.53,2.57,907549,2.58
2012/08/30,2.56,2.59,2.45,2.53,668884,2.52
2012/08/31,2.53,2.55,2.50,2.53,345149,2.52
2012/09/03,2.49,2.61,2.49,2.60,417196,2.55
2012/09/04,2.60,2.67,2.57,2.59,563929,2.62
2012/09/05,2.59,2.85,2.59,2.85,1496404,2.72
2012/09/06,2.97,2.98,2.85,2.90,3500487,2.92
2012/09/07,2.91,3.02,2.85,2.97,3422864,2.94
2012/09/10,2.92,3.20,2.90,3.10,3532409,3.05
2012/09/11,3.07,3.07,2.99,3.02,1661167,3.03
2012/09/12,3.04,3.04,2.89,2.97,1355777,2.97
2012/09/13,2.97,2.99,2.92,2.93,979199,2.96
2012/09/14,2.91,2.97,2.89,2.93,1049761,2.93
2012/09/17,2.95,2.95,2.74,2.75,1013677,2.85
2012/09/18,2.74,2.78,2.73,2.74,514129,2.75
2012/09/19,2.74,2.77,2.73,2.77,414127,2.75
2012/09/20,2.76,2.76,2.62,2.63,636791,2.69
2012/09/21,2.58,2.62,2.52,2.53,941286,2.57
2012/09/24,2.49,2.56,2.48,2.54,451355,2.52
2012/09/25,2.56,2.56,2.49,2.49,376265,2.53
2012/09/26,2.47,2.51,2.40,2.40,469420,2.45
2012/09/27,2.42,2.49,2.40,2.47,786153,2.45
2012/09/28,2.45,2.54,2.45,2.54,637171,2.50
2012/10/08,2.54,2.54,2.49,2.54,450164,2.52
2012/10/09,2.54,2.66,2.53,2.65,814933,2.59
2012/10/10,2.65,2.69,2.62,2.68,720935,2.66
2012/10/11,2.66,2.67,2.56,2.58,599986,2.61
2012/10/12,2.59,2.63,2.54,2.56,440213,2.58
2012/10/15,2.55,2.56,2.47,2.50,453496,2.52
2012/10/16,2.49,2.55,2.49,2.52,262507,2.52
2012/10/17,2.53,2.55,2.49,2.53,368843,2.52
2012/10/18,2.54,2.60,2.54,2.59,604933,2.57
2012/10/19,2.58,2.61,2.57,2.60,458107,2.59
2012/10/22,2.59,2.65,2.57,2.65,471337,2.61
2012/10/23,2.63,2.65,2.59,2.60,545158,2.62
2012/10/24,2.59,2.62,2.58,2.60,282127,2.60
2012/10/25,2.61,2.62,2.56,2.57,343399,2.59
2012/10/26,2.57,2.57,2.46,2.48,591680,2.51
2012/10/29,2.49,2.49,2.47,2.48,179264,2.48
2012/10/30,2.49,2.51,2.47,2.48,237732,2.49
2012/10/31,2.49,2.49,2.46,2.49,255471,2.48
2012/11/01,2.50,2.56,2.49,2.55,524183,2.53
2012/11/02,2.55,2.57,2.54,2.56,452102,2.55
2012/11/05,2.54,2.57,2.54,2.55,279988,2.55
2012/11/06,2.54,2.56,2.49,2.53,404968,2.53
2012/11/07,2.52,2.79,2.51,2.79,3109945,2.65
2012/11/08,2.72,2.82,2.67,2.73,3128992,2.74
2012/11/09,2.69,2.79,2.69,2.74,2097773,2.74
2012/11/12,2.74,2.87,2.72,2.87,3259372,2.80
2012/11/13,2.84,2.85,2.68,2.71,2149665,2.77
2012/11/14,2.66,2.68,2.55,2.63,1996499,2.61
2012/11/15,2.60,2.60,2.51,2.53,1325802,2.55
2012/11/16,2.51,2.57,2.49,2.55,678777,2.53
2012/11/19,2.54,2.55,2.47,2.53,808467,2.51
2012/11/20,2.54,2.79,2.54,2.79,3385135,2.67
2012/11/21,2.79,2.91,2.75,2.90,7380692,2.83
2012/11/22,2.83,2.83,2.75,2.81,3828899,2.79
2012/11/23,2.78,2.85,2.72,2.72,3007205,2.79
2012/11/26,2.68,2.72,2.61,2.63,2212653,2.67
2012/11/27,2.57,2.76,2.57,2.64,3448939,2.66
2012/11/28,2.45,2.45,2.38,2.38,3718960,2.42
2012/11/29,2.33,2.39,2.29,2.30,2004088,2.34
2012/11/30,2.28,2.34,2.26,2.31,1147831,2.30
2012/12/03,2.32,2.32,2.10,2.11,1892048,2.21
2012/12/04,2.10,2.17,2.03,2.15,1215588,2.10
2012/12/05,2.12,2.28,2.12,2.23,1675160,2.20
2012/12/06,2.24,2.34,2.22,2.24,1436687,2.28
2012/12/07,2.25,2.32,2.20,2.30,1611631,2.26
2012/12/10,2.32,2.42,2.28,2.39,2001085,2.35
2012/12/11,2.38,2.42,2.32,2.38,1836962,2.37
2012/12/12,2.37,2.39,2.31,2.37,1257186,2.35
2012/12/13,2.34,2.36,2.29,2.29,1271055,2.32
2012/12/14,2.29,2.42,2.27,2.39,1992180,2.34
2012/12/17,2.39,2.50,2.37,2.47,2558738,2.44
2012/12/18,2.43,2.50,2.41,2.43,1810182,2.46
2012/12/19,2.43,2.51,2.41,2.46,1240599,2.46
2012/12/20,2.45,2.52,2.41,2.51,1757927,2.47
2012/12/21,2.50,2.61,2.46,2.57,2299788,2.53
2012/12/24,2.55,2.59,2.53,2.55,1648039,2.56
2012/12/25,2.56,2.64,2.55,2.62,2345377,2.59
2012/12/26,2.63,2.89,2.61,2.88,4507700,2.75
2012/12/27,2.84,2.87,2.70,2.73,3836664,2.79
2012/12/28,2.75,2.85,2.68,2.78,3089996,2.77
2012/12/31,2.83,2.84,2.72,2.76,1921078,2.78
2013/01/04,2.78,2.81,2.65,2.72,1616124,2.73
2013/01/07,2.71,2.79,2.68,2.78,1640204,2.74
2013/01/08,2.78,2.89,2.72,2.82,2690679,2.81
2013/01/09,2.78,2.84,2.74,2.78,1670062,2.79
2013/01/10,2.78,2.86,2.77,2.85,2257611,2.81
2013/01/11,2.85,2.97,2.77,2.78,2956857,2.87
2013/01/14,2.77,2.92,2.74,2.92,3277760,2.83
2013/01/15,2.92,3.00,2.90,2.97,2762573,2.95
2013/01/16,2.93,2.97,2.84,2.89,2230586,2.91
2013/01/17,2.90,2.91,2.82,2.83,1501421,2.86
2013/01/18,2.83,2.89,2.79,2.89,1334182,2.84
2013/01/21,2.89,2.97,2.87,2.93,1397736,2.92
2013/01/22,2.92,2.92,2.66,2.78,1581077,2.79
2013/01/23,2.78,2.78,2.69,2.77,1086839,2.73
2013/01/24,2.79,2.82,2.62,2.66,1288002,2.72
2013/01/25,2.66,2.69,2.62,2.64,621429,2.66
2013/01/28,2.65,2.75,2.64,2.75,839800,2.70
2013/01/29,2.73,2.79,2.73,2.77,820946,2.76
2013/01/30,2.78,2.78,2.72,2.76,672553,2.75
2013/01/31,2.74,2.74,2.66,2.68,885192,2.70
2013/02/01,2.68,2.73,2.67,2.71,989133,2.70
2013/02/04,2.72,2.73,2.63,2.65,1231695,2.68
2013/02/05,2.64,2.73,2.63,2.72,642494,2.68
2013/02/06,2.73,2.76,2.71,2.75,860542,2.73
2013/02/07,2.74,2.78,2.73,2.78,607846,2.75
2013/02/08,2.78,2.83,2.76,2.82,950673,2.79
2013/02/18,2.83,2.88,2.80,2.86,1571813,2.84
2013/02/19,2.86,2.86,2.76,2.77,1593733,2.81
2013/02/20,2.77,2.90,2.77,2.90,2274894,2.83
2013/02/21,2.88,2.88,2.80,2.83,1573354,2.84
2013/02/22,2.81,2.88,2.80,2.80,1431470,2.84
2013/02/25,2.80,2.94,2.80,2.94,2458317,2.87
2013/02/26,3.24,3.24,3.24,3.24,2361057,3.24
2013/02/27,3.40,3.56,3.37,3.45,11958349,3.47
2013/02/28,3.35,3.78,3.35,3.55,10061320,3.56
2013/03/01,3.49,3.74,3.45,3.70,7945799,3.60
2013/03/04,3.60,3.63,3.47,3.60,6337260,3.55
2013/03/05,3.56,3.61,3.44,3.60,4725259,3.52
2013/03/06,3.56,3.74,3.48,3.49,6399972,3.61
2013/03/07,3.45,3.55,3.35,3.37,3985526,3.45
2013/03/08,3.37,3.42,3.29,3.36,2518621,3.35
2013/03/11,3.37,3.42,3.31,3.39,2302608,3.36
2013/03/12,3.38,3.38,3.08,3.16,3523895,3.23
2013/03/13,3.13,3.28,3.09,3.26,2661813,3.18
2013/03/14,3.22,3.25,3.14,3.15,1466427,3.20
2013/03/15,3.15,3.28,3.14,3.20,2290714,3.21
2013/03/18,3.18,3.22,3.09,3.11,1587072,3.16
2013/03/19,3.10,3.24,3.10,3.22,1965987,3.17
2013/03/20,3.22,3.31,3.19,3.29,2402500,3.25
2013/03/21,3.28,3.37,3.25,3.26,3278896,3.31
2013/03/22,3.26,3.30,3.25,3.28,1911024,3.27
2013/03/25,3.28,3.31,3.19,3.20,1542081,3.25
2013/03/26,3.19,3.21,3.04,3.09,2321537,3.13
2013/03/27,3.09,3.11,3.02,3.06,1752337,3.06
2013/03/28,3.03,3.03,2.95,2.98,1203481,2.99
2013/03/29,2.98,3.03,2.97,2.98,789330,3.00
2013/04/01,2.97,3.03,2.96,3.00,841522,2.99
2013/04/02,2.97,2.97,2.80,2.80,2290804,2.89
2013/04/03,2.80,2.83,2.76,2.81,1021603,2.79
2013/04/08,2.77,2.85,2.67,2.84,1135994,2.76
2013/04/09,2.83,2.86,2.81,2.84,1016298,2.83
2013/04/10,2.91,2.97,2.89,2.92,1883638,2.93
2013/04/11,2.93,2.96,2.89,2.90,1058051,2.93
2013/04/12,2.89,2.90,2.80,2.80,876956,2.85
2013/04/15,2.76,2.80,2.75,2.80,504099,2.77
2013/04/16,2.76,2.90,2.73,2.89,819438,2.81
2013/04/17,2.89,2.92,2.85,2.91,807894,2.89
2013/04/18,2.90,2.93,2.84,2.93,695937,2.89
2013/04/19,2.93,3.04,2.92,3.02,1557356,2.98
2013/04/22,3.02,3.14,3.02,3.11,2444222,3.08
2013/04/23,3.21,3.34,3.16,3.17,6145016,3.25
2013/04/24,3.14,3.35,3.12,3.33,4224493,3.24
2013/04/25,3.30,3.40,3.22,3.22,3604902,3.31
2013/04/26,3.21,3.26,3.07,3.09,2119666,3.16
2013/05/02,3.06,3.21,2.98,3.18,1647201,3.09
2013/05/03,3.18,3.31,3.18,3.25,1963966,3.25
2013/05/06,3.26,3.42,3.25,3.38,2498849,3.33
2013/05/07,3.36,3.37,3.25,3.32,1907967,3.31
2013/05/08,3.34,3.52,3.34,3.47,3652439,3.43
2013/05/09,3.47,3.55,3.39,3.51,3549314,3.47
2013/05/10,3.46,3.51,3.37,3.44,2294631,3.44
2013/05/13,3.43,3.47,3.37,3.44,1420396,3.42
2013/05/14,3.52,3.69,3.46,3.48,3704360,3.57
2013/05/15,3.47,3.66,3.43,3.58,3139350,3.55
2013/05/16,3.55,3.59,3.43,3.46,3252491,3.51
2013/05/17,3.46,3.60,3.46,3.56,2439458,3.53
2013/05/20,3.57,3.93,3.56,3.90,4844149,3.75
2013/05/21,3.91,3.94,3.82,3.89,3303832,3.88
2013/05/22,3.85,3.88,3.70,3.74,3069649,3.79
2013/05/23,3.76,3.92,3.66,3.67,5617858,3.79
2013/05/24,3.66,3.79,3.61,3.79,5174972,3.70
2013/05/27,3.83,4.07,3.77,4.03,8705268,3.92
2013/05/28,3.98,3.98,3.72,3.74,7498825,3.85
2013/05/29,3.77,3.80,3.69,3.76,3203548,3.74
2013/05/30,3.77,3.87,3.71,3.86,4499499,3.79
2013/05/31,3.95,4.13,3.83,3.84,7333484,3.98
2013/06/03,3.73,3.76,3.66,3.70,4329146,3.71
2013/06/04,3.65,3.67,3.39,3.46,4381254,3.53
2013/06/05,3.45,3.51,3.40,3.48,2022789,3.45
2013/06/06,3.44,3.49,3.36,3.37,1799464,3.43
2013/06/07,3.37,3.45,3.32,3.39,1657593,3.39
2013/06/13,3.30,3.30,3.07,3.20,2065690,3.18
2013/06/14,3.19,3.37,3.19,3.35,2099822,3.28
2013/06/17,3.36,3.49,3.33,3.37,2891071,3.41
2013/06/18,3.35,3.42,3.30,3.36,2023926,3.36
2013/06/19,3.31,3.46,3.27,3.44,2253219,3.36
2013/06/20,3.40,3.50,3.29,3.30,2477514,3.40
2013/06/21,3.22,3.33,3.14,3.29,1725585,3.24
2013/06/24,3.27,3.33,3.03,3.08,1781670,3.18
2013/06/25,3.08,3.14,2.78,3.12,2664221,2.96
2013/06/26,3.08,3.27,3.05,3.23,3119760,3.16
2013/06/27,3.26,3.36,3.13,3.14,3454054,3.24
2013/06/28,3.06,3.22,3.04,3.08,1917934,3.13
2013/07/01,3.10,3.22,3.06,3.21,1966584,3.14
2013/07/02,3.26,3.47,3.26,3.37,5779853,3.36
2013/07/03,3.32,3.50,3.22,3.46,5361554,3.36
2013/07/04,3.40,3.49,3.38,3.39,3891987,3.44
2013/07/05,3.40,3.47,3.32,3.35,3124475,3.40
2013/07/08,3.29,3.29,3.08,3.09,2750082,3.19
2013/07/09,3.09,3.15,3.07,3.12,1665017,3.11
2013/07/10,3.13,3.23,3.11,3.23,1691299,3.17
2013/07/11,3.27,3.32,3.22,3.29,2887853,3.27
2013/07/12,3.28,3.46,3.25,3.36,4509827,3.35
2013/07/15,3.42,3.62,3.41,3.57,7291361,3.52
2013/07/16,3.53,3.57,3.48,3.57,5098834,3.52
2013/07/17,3.60,3.63,3.46,3.48,4903601,3.54
2013/07/18,3.51,3.83,3.47,3.83,6538745,3.65
2013/07/19,3.99,4.17,3.98,4.01,21576406,4.07
2013/07/22,3.91,4.36,3.91,4.26,14569242,4.14
2013/07/23,4.17,4.36,4.07,4.30,14219681,4.22
2013/07/24,4.26,4.41,4.18,4.31,11115243,4.29
2013/07/25,4.27,4.30,3.89,3.89,9639447,4.09
2013/07/26,3.85,4.00,3.79,3.95,5897398,3.90
2013/07/29,3.93,3.95,3.74,3.77,4047332,3.85
2013/07/30,3.78,3.88,3.62,3.80,4543793,3.75
2013/07/31,3.80,3.89,3.74,3.84,4508740,3.82
2013/08/01,3.85,4.20,3.83,4.14,9606902,4.02
2013/08/02,4.14,4.30,4.10,4.10,8739946,4.20
2013/08/05,4.13,4.20,4.02,4.19,6198049,4.11
2013/08/06,4.16,4.18,4.04,4.11,6203240,4.11
2013/08/07,4.10,4.10,3.78,3.82,6935654,3.94
2013/08/08,3.78,3.89,3.78,3.82,3102976,3.83
2013/08/09,3.83,3.86,3.65,3.73,3866675,3.75
2013/08/12,3.80,3.86,3.74,3.82,3906833,3.80
2013/08/13,3.83,3.90,3.76,3.89,3227001,3.83
2013/08/14,3.88,3.91,3.81,3.85,3160988,3.86
2013/08/15,3.82,3.94,3.82,3.89,4109489,3.88
2013/08/16,3.86,3.89,3.57,3.62,4875839,3.73
2013/08/19,3.62,3.73,3.59,3.72,2221750,3.66
2013/08/20,3.72,3.86,3.71,3.79,3448097,3.78
2013/08/21,3.80,3.83,3.73,3.82,2643950,3.78
2013/08/22,3.79,3.94,3.78,3.94,5544096,3.86
2013/08/23,3.91,3.98,3.64,3.81,5005637,3.81
2013/08/26,3.76,3.85,3.76,3.85,2973424,3.80
2013/08/27,3.86,3.87,3.74,3.84,3560316,3.81
2013/08/28,3.80,3.80,3.68,3.69,2973381,3.74
2013/08/29,3.70,3.76,3.66,3.72,2375575,3.71
2013/08/30,3.72,3.75,3.48,3.50,3049475,3.61
2013/09/02,3.53,3.59,3.42,3.58,1629236,3.50
2013/09/03,3.56,3.69,3.55,3.67,1860879,3.62
2013/09/04,3.69,3.70,3.60,3.62,1845332,3.65
2013/09/05,3.62,3.75,3.61,3.72,2815320,3.68
2013/09/06,3.75,3.83,3.72,3.80,4596448,3.78
2013/09/09,3.81,3.83,3.70,3.74,3197787,3.77
2013/09/10,3.74,3.75,3.69,3.73,2345224,3.72
2013/09/11,3.74,3.74,3.50,3.56,3330929,3.62
2013/09/12,3.53,3.62,3.53,3.57,1658898,3.57
2013/09/13,3.56,3.63,3.56,3.62,1273599,3.59
2013/09/16,3.62,3.66,3.59,3.60,1349721,3.63
2013/09/17,3.59,3.63,3.49,3.50,1226947,3.56
2013/09/18,3.50,3.56,3.48,3.56,890620,3.52
2013/09/23,3.58,3.66,3.58,3.64,1837624,3.62
2013/09/24,3.67,3.69,3.61,3.65,2031215,3.65
2013/09/25,3.67,3.68,3.57,3.60,1840275,3.63
2013/09/26,3.60,3.66,3.57,3.61,1592394,3.61
2013/09/27,3.59,3.63,3.56,3.56,1356303,3.59
2013/09/30,3.58,3.64,3.55,3.64,1396485,3.59
2013/10/08,3.66,3.82,3.63,3.82,4442230,3.72
2013/10/09,3.82,3.86,3.77,3.83,3122840,3.81
2013/10/10,3.81,3.89,3.73,3.74,3504153,3.81
2013/10/11,3.74,3.83,3.73,3.82,2792502,3.78
2013/10/14,3.82,3.96,3.79,3.94,4455510,3.88
2013/10/15,3.87,3.87,3.74,3.75,4325316,3.81
2013/10/16,3.75,3.76,3.57,3.57,2263017,3.66
2013/10/17,3.59,3.63,3.54,3.54,1651670,3.58
2013/10/18,3.54,3.60,3.51,3.59,1291140,3.55
2013/10/21,3.59,3.70,3.59,3.69,1918157,3.65
2013/10/22,3.70,3.72,3.60,3.60,2171539,3.66
2013/10/23,3.55,3.61,3.42,3.44,1990920,3.51
2013/10/24,3.44,3.50,3.41,3.42,1098868,3.46
2013/10/25,3.44,3.46,3.33,3.33,1281373,3.40
2013/10/28,3.33,3.38,3.31,3.33,871270,3.34
2013/10/29,3.43,3.43,3.08,3.17,1969243,3.26
2013/10/30,3.21,3.28,3.12,3.27,1703073,3.20
2013/10/31,3.23,3.25,3.19,3.22,1029182,3.22
2013/11/01,3.24,3.24,3.16,3.22,661539,3.20
2013/11/04,3.21,3.28,3.19,3.28,863454,3.23
2013/11/05,3.31,3.40,3.29,3.38,1862962,3.34
2013/11/06,3.33,3.43,3.33,3.33,1616995,3.38
2013/11/07,3.32,3.35,3.25,3.26,847271,3.30
2013/11/08,3.26,3.30,3.21,3.27,552087,3.25
2013/11/11,3.29,3.37,3.24,3.35,684222,3.31
2013/11/12,3.35,3.44,3.32,3.39,1569903,3.38
2013/11/13,3.38,3.39,3.21,3.24,1303747,3.30
2013/11/14,3.21,3.35,3.21,3.34,1404964,3.28
2013/11/15,3.34,3.45,3.32,3.44,2553148,3.39
2013/11/18,3.44,3.51,3.43,3.46,2360667,3.47
2013/11/19,3.47,3.62,3.43,3.60,4061377,3.53
2013/11/20,3.60,3.62,3.51,3.61,3013328,3.56
2013/11/21,3.57,3.60,3.51,3.55,1871139,3.55
2013/11/22,3.53,3.55,3.48,3.52,1521988,3.51
2013/11/25,3.53,3.64,3.50,3.60,2319037,3.57
2013/11/26,3.57,3.64,3.54,3.59,1946058,3.59
2013/11/27,3.59,3.71,3.58,3.66,2848888,3.65
2013/11/28,3.67,3.71,3.63,3.66,2772544,3.67
2013/11/29,3.66,3.82,3.63,3.79,4856330,3.72
2013/12/02,3.64,3.64,3.41,3.41,3882668,3.53
2013/12/03,3.30,3.39,3.23,3.37,2291573,3.31
2013/12/04,3.34,3.46,3.31,3.37,1731209,3.39
2013/12/05,3.37,3.44,3.29,3.40,2205891,3.36
2013/12/06,3.40,3.42,3.36,3.38,1083884,3.39
2013/12/09,3.41,3.46,3.38,3.44,1114398,3.42
2013/12/10,3.44,3.47,3.38,3.44,1246899,3.43
2013/12/11,3.41,3.47,3.39,3.40,1115862,3.43
2013/12/12,3.38,3.46,3.38,3.45,1359210,3.42
2013/12/13,3.44,3.79,3.42,3.79,4229971,3.60
2013/12/16,4.18,4.18,4.09,4.18,21035833,4.13
2013/12/17,4.12,4.58,4.10,4.46,24952188,4.34
2013/12/18,4.37,4.83,4.24,4.64,21196438,4.54
2013/12/19,4.47,4.57,4.34,4.46,15384470,4.46
2013/12/20,4.43,4.76,4.34,4.49,17588596,4.55
2013/12/23,4.34,4.74,4.23,4.67,15410934,4.49
2013/12/24,4.54,5.14,4.51,5.14,19043485,4.82
2013/12/25,5.18,5.53,5.01,5.29,21340889,5.27
2013/12/26,5.16,5.73,5.11,5.38,19181546,5.42
2013/12/27,5.25,5.79,5.21,5.54,16973513,5.50
2013/12/30,5.60,5.81,5.41,5.64,17182097,5.61
2013/12/31,5.44,5.47,5.07,5.11,15175636,5.27
2014/01/02,5.11,5.34,5.03,5.15,12472251,5.19
2014/01/03,5.16,5.22,4.89,4.97,12739022,5.05
2014/01/06,4.97,5.14,4.88,4.99,11535004,5.01
2014/01/07,4.90,5.03,4.81,5.01,7682714,4.92
2014/01/08,5.03,5.17,4.91,5.13,12186967,5.04
2014/01/09,5.09,5.09,4.82,4.92,8055283,4.96
2014/01/10,4.89,5.02,4.64,4.68,7657117,4.83
2014/01/13,4.67,4.81,4.65,4.74,5606967,4.73
2014/01/14,4.75,5.22,4.74,5.22,12956885,4.98
2014/01/15,5.47,5.49,5.23,5.29,16206640,5.36
2014/01/16,5.30,5.74,5.17,5.40,14827898,5.46
2014/01/17,5.24,5.47,5.19,5.27,8467833,5.33
2014/01/20,5.22,5.35,4.86,4.96,7519329,5.10
2014/01/21,4.95,5.46,4.91,5.46,12759730,5.19
2014/01/22,5.46,5.81,5.40,5.70,16323022,5.60
2014/01/23,5.64,6.16,5.52,5.94,14941480,5.84
2014/01/24,5.84,5.97,5.71,5.71,10760761,5.84
2014/01/27,5.67,5.84,5.51,5.66,8096489,5.67
2014/01/28,5.65,6.13,5.55,6.06,12689547,5.84
2014/01/29,6.03,6.03,5.70,5.80,11712839,5.87
2014/01/30,5.74,5.89,5.58,5.61,6246149,5.73
2014/02/07,5.52,5.79,5.48,5.70,6045304,5.64
2014/02/10,5.72,5.83,5.54,5.83,8098559,5.69
2014/02/11,5.81,6.15,5.64,5.82,11748915,5.90
2014/02/12,5.64,6.07,5.57,5.95,9040559,5.82
2014/02/13,5.83,5.90,5.35,5.42,8045407,5.63
2014/02/14,5.41,5.53,5.31,5.50,4915556,5.42
2014/02/17,5.50,5.64,5.41,5.63,4979171,5.52
2014/02/18,5.65,5.82,5.64,5.66,6231215,5.73
2014/02/19,5.70,5.76,5.52,5.63,5792919,5.64
2014/02/20,5.58,5.67,5.25,5.43,4618118,5.46
2014/02/21,5.37,5.48,5.29,5.37,2574531,5.39
2014/02/24,5.31,5.56,5.31,5.56,3582825,5.43
2014/02/25,5.56,5.88,5.24,5.31,8409550,5.56
2014/02/26,5.08,5.12,4.78,5.10,4812542,4.95
2014/02/27,5.02,5.19,4.84,4.85,4041530,5.02
2014/02/28,4.79,4.92,4.64,4.89,2746548,4.78
2014/03/03,4.87,5.00,4.81,5.00,2764322,4.90
2014/03/04,4.94,4.98,4.81,4.96,2777234,4.90
2014/03/05,4.99,5.15,4.99,5.14,4151701,5.07
2014/03/06,5.15,5.23,5.04,5.15,2738989,5.14
2014/03/07,5.14,5.28,4.96,4.97,3765222,5.12
2014/03/10,4.79,4.79,4.57,4.61,3330191,4.68
2014/03/11,4.57,4.70,4.54,4.65,1652352,4.62
2014/03/12,4.66,4.74,4.50,4.71,2629934,4.62
2014/03/13,4.72,4.77,4.64,4.77,1871709,4.70
2014/03/14,4.76,4.80,4.71,4.77,1629153,4.75
2014/03/17,4.75,5.00,4.73,4.95,2705021,4.87
2014/03/18,4.88,5.12,4.88,4.96,5477644,5.00
2014/03/19,4.94,5.03,4.90,4.97,3221645,4.97
2014/03/20,4.96,5.17,4.95,4.95,4338929,5.06
2014/03/21,4.90,5.00,4.70,4.95,2897994,4.85
2014/03/24,4.91,4.97,4.78,4.79,2253761,4.88
2014/03/25,4.76,5.13,4.75,5.11,5204591,4.94
2014/03/26,5.11,5.13,5.04,5.11,3010764,5.08
2014/03/27,5.10,5.10,4.65,4.68,3913568,4.88
2014/03/28,4.66,4.66,4.31,4.33,3943643,4.48
2014/03/31,4.34,4.43,4.20,4.31,2260543,4.31
2014/04/01,4.32,4.47,4.30,4.43,1969172,4.38
2014/04/02,4.41,4.47,4.26,4.33,1878178,4.36
2014/04/03,4.33,4.48,4.25,4.39,2092118,4.37
2014/04/04,4.34,4.45,4.33,4.44,1456535,4.39
2014/04/08,4.37,4.50,4.27,4.47,2529910,4.38
2014/04/09,4.48,4.66,4.42,4.58,3603076,4.54
2014/04/10,4.62,4.64,4.52,4.53,2421584,4.58
2014/04/11,4.47,4.55,4.42,4.50,1704476,4.48
2014/04/14,4.50,4.60,4.46,4.58,1649469,4.53
2014/04/15,4.57,4.71,4.56,4.58,3216953,4.63
2014/04/16,4.54,4.59,4.49,4.54,1617652,4.54
2014/04/17,4.55,4.61,4.54,4.54,1259520,4.58
2014/04/18,4.53,4.71,4.53,4.60,2671011,4.62
2014/04/21,4.51,4.57,4.39,4.39,2064509,4.48
2014/04/22,4.40,4.49,4.28,4.49,2139442,4.39
2014/04/23,4.50,4.53,4.42,4.48,1566205,4.48
2014/04/24,4.47,4.50,4.31,4.41,1745847,4.40
2014/04/25,4.55,4.85,4.55,4.85,7471376,4.70
2014/04/28,4.85,5.14,4.79,4.96,14022134,4.96
2014/04/29,4.84,5.27,4.65,5.20,10262208,4.96
2014/04/30,5.10,5.19,5.02,5.09,6260345,5.10
2014/05/05,5.04,5.42,5.04,5.26,8559683,5.23
2014/05/06,5.21,5.35,5.15,5.27,6595661,5.25
2014/05/07,5.22,5.22,4.99,5.02,5478983,5.10
2014/05/08,4.98,5.52,4.98,5.52,6605443,5.25
2014/05/09,5.68,5.71,5.29,5.35,10184618,5.50
2014/05/12,5.34,5.62,5.28,5.44,7798629,5.45
2014/05/13,5.35,5.51,5.25,5.35,5795868,5.38
2014/05/14,5.31,5.52,5.31,5.49,6130604,5.41
2014/05/15,5.44,5.47,5.25,5.31,4886134,5.36
2014/05/16,5.31,5.31,5.08,5.14,4335812,5.19
2014/05/19,5.11,5.44,5.05,5.32,5263252,5.25
2014/05/20,5.32,5.69,5.31,5.59,8560934,5.50
2014/05/21,5.52,5.67,5.40,5.63,5424040,5.54
2014/05/22,5.61,5.68,5.51,5.60,4853919,5.59
2014/05/23,5.73,5.77,5.46,5.60,6405874,5.61
2014/05/26,5.59,6.16,5.58,6.02,12263196,5.87
2014/05/27,5.97,6.15,5.90,6.10,9446288,6.03
2014/05/28,6.07,6.12,5.95,6.10,8171132,6.04
2014/05/29,6.11,6.23,5.85,5.97,8400268,6.04
2014/05/30,5.93,6.30,5.79,6.08,22327161,6.04
2014/06/03,6.51,6.69,6.00,6.05,29290296,6.35
2014/06/04,5.82,5.88,5.65,5.77,18834720,5.77
2014/06/05,5.75,5.93,5.67,5.89,16142750,5.80
2014/06/06,5.85,6.49,5.85,6.49,42223571,6.17
2014/06/09,6.42,7.09,6.33,6.91,42892654,6.71
2014/06/10,6.81,7.23,6.58,7.01,35292516,6.91
2014/06/11,6.91,7.71,6.78,7.68,38183010,7.25
2014/06/12,7.50,7.70,7.31,7.61,32339360,7.50
2014/06/13,7.51,7.90,7.43,7.62,30842021,7.67
2014/06/16,7.48,7.64,7.34,7.45,22282956,7.49
2014/06/17,7.41,7.71,7.35,7.58,23352759,7.53
2014/06/18,7.51,7.53,7.17,7.25,19063951,7.35
2014/06/19,7.25,7.36,6.53,6.78,18070547,6.95
2014/06/20,6.65,6.91,6.61,6.86,9748236,6.76
2014/06/23,6.91,7.06,6.85,6.96,10289360,6.95
2014/06/24,6.99,7.66,6.99,7.66,31754132,7.33
2014/06/25,7.57,7.82,7.37,7.71,31860110,7.60
2014/06/26,7.59,8.24,7.51,8.05,27974746,7.88
2014/06/27,7.91,8.13,7.85,8.04,21032376,7.99
2014/06/30,7.97,8.10,7.73,8.03,16236170,7.92
2014/07/01,7.95,8.37,7.79,8.05,20424309,8.08
2014/07/02,8.08,8.27,7.92,8.09,15288384,8.09
2014/07/03,8.05,8.06,7.83,7.89,12044015,7.95
2014/07/04,7.85,8.65,7.85,8.29,25255767,8.25
2014/07/07,8.23,8.63,8.13,8.57,19832260,8.38
2014/07/08,8.50,9.38,8.40,9.28,26625118,8.89
2014/07/09,9.12,9.31,8.70,8.79,22401278,9.00
2014/07/10,8.71,9.18,8.68,8.81,16471223,8.93
2014/07/11,8.75,8.97,8.51,8.69,12762119,8.74
2014/07/14,8.73,8.88,8.59,8.84,10719473,8.74
2014/07/15,8.85,8.88,8.22,8.40,14843682,8.55
2014/07/16,8.32,8.52,8.17,8.31,8254247,8.34
2014/07/17,8.24,8.49,8.24,8.45,7633980,8.37
2014/07/18,8.42,8.55,8.05,8.13,8394607,8.30
2014/07/21,8.01,8.11,7.53,7.74,11490152,7.82
2014/07/22,7.71,7.89,7.67,7.86,6828128,7.78
2014/07/23,7.80,7.88,7.34,7.46,10385410,7.61
2014/07/24,7.45,7.51,7.09,7.32,8147033,7.30
2014/07/25,7.36,7.63,7.26,7.52,8071758,7.44
2014/07/28,7.52,7.80,7.39,7.72,8790916,7.59
2014/07/29,7.71,7.93,7.65,7.83,9171540,7.79
2014/07/30,7.90,8.16,7.90,8.07,11248261,8.03
2014/07/31,8.01,8.07,7.85,8.01,7579369,7.96
2014/08/01,7.95,8.07,7.65,7.65,8159869,7.86
2014/08/04,7.62,7.86,7.59,7.79,5078003,7.73
2014/08/05,7.79,8.57,7.79,8.57,16457988,8.18
2014/08/06,8.61,8.97,8.45,8.79,31266011,8.71
2014/08/07,8.67,8.77,8.49,8.53,14527240,8.63
2014/08/08,8.58,8.90,8.58,8.67,15485610,8.74
2014/08/11,8.73,8.82,8.47,8.79,11945849,8.65
2014/08/12,8.81,8.85,8.62,8.71,9144422,8.73
2014/08/13,8.67,8.67,8.39,8.58,10189648,8.53
2014/08/14,8.50,9.11,8.48,8.96,22209042,8.79
2014/08/15,8.85,8.96,8.71,8.87,12623271,8.84
2014/08/18,8.88,9.08,8.71,8.99,13039344,8.90
2014/08/19,8.99,9.00,8.76,8.79,11615287,8.88
2014/08/20,8.83,8.99,8.66,8.70,9884514,8.83
2014/08/21,8.70,9.01,8.59,8.95,13439957,8.80
2014/08/22,8.93,9.37,8.86,9.21,22761107,9.11
2014/08/25,9.11,9.17,8.73,8.77,14249278,8.95
2014/08/26,8.72,8.81,8.43,8.50,7754980,8.62
2014/08/27,8.50,8.61,8.45,8.51,4884409,8.53
2014/08/28,8.48,8.51,8.22,8.23,5751057,8.37
2014/08/29,8.18,8.44,8.18,8.43,4648086,8.31
2014/09/01,8.47,8.61,8.35,8.59,4512022,8.48
2014/09/02,8.61,8.78,8.61,8.73,6495621,8.69
2014/09/03,8.78,9.33,8.65,9.11,19210695,8.99
2014/09/04,8.98,9.24,8.95,9.12,13683536,9.09
2014/09/05,9.11,9.21,9.03,9.18,9332201,9.12
2014/09/09,9.19,9.26,8.97,9.16,8172697,9.12
2014/09/10,9.11,9.31,9.03,9.19,10923554,9.17
2014/09/11,9.27,9.35,8.99,9.03,14107609,9.17
2014/09/12,8.97,9.17,8.97,9.15,8416843,9.07
2014/09/15,9.13,9.68,9.09,9.49,21058409,9.38
2014/09/16,9.41,9.47,8.85,8.85,13869975,9.16
2014/09/17,8.85,8.94,8.60,8.82,6497091,8.77
2014/09/18,8.81,8.86,8.69,8.81,4150446,8.77
2014/09/19,8.81,8.91,8.75,8.90,4723522,8.83
2014/09/22,8.91,8.91,8.57,8.59,5537386,8.74
2014/09/23,8.57,8.86,8.57,8.76,4415659,8.71
2014/09/24,8.71,8.89,8.69,8.85,5328004,8.79
2014/09/25,8.92,8.97,8.77,8.85,6533250,8.87
2014/09/26,8.82,9.18,8.78,9.09,9981372,8.98
2014/09/29,9.11,9.15,8.99,9.14,8017709,9.07
2014/09/30,9.13,9.13,9.01,9.09,5586271,9.07
2014/10/08,9.11,9.25,8.99,9.20,8518554,9.12
2014/10/09,9.17,9.23,8.93,9.10,8773631,9.08
2014/10/10,9.07,9.07,8.85,8.89,6133081,8.96
2014/10/13,8.83,8.83,8.65,8.77,4815494,8.74
2014/10/14,8.73,8.89,8.70,8.77,3969942,8.79
2014/10/15,8.79,8.87,8.70,8.86,4189595,8.78
2014/10/16,8.85,8.95,8.67,8.74,4161189,8.81
2014/10/17,8.75,8.83,8.45,8.81,5460091,8.64
2014/10/20,8.81,8.90,8.75,8.89,3496590,8.83
2014/10/21,8.89,8.95,8.65,8.66,4522917,8.80
2014/10/22,8.68,8.69,8.15,8.16,5900597,8.42
2014/10/23,8.15,8.26,7.74,7.83,5628604,8.00
2014/10/24,7.79,7.91,7.79,7.83,2364932,7.85
2014/10/27,7.83,7.95,7.65,7.93,2401398,7.80
2014/10/28,7.98,8.28,7.98,8.21,3752621,8.13
2014/10/29,8.28,8.34,8.21,8.26,4337711,8.28
2014/10/30,8.26,8.36,8.20,8.29,3814533,8.28
2014/10/31,8.29,8.37,8.08,8.19,3233791,8.22
2014/11/03,8.24,8.87,8.19,8.85,11864163,8.53
2014/11/04,9.03,9.29,8.89,8.97,22995436,9.09
2014/11/05,8.97,8.98,8.69,8.91,8427251,8.83
2014/11/06,8.91,9.23,8.86,9.18,12745918,9.04
2014/11/07,9.28,9.44,8.85,8.85,14094513,9.14
2014/11/10,8.85,8.91,8.58,8.69,7961391,8.75
2014/11/11,8.64,8.64,8.11,8.17,8940296,8.38
2014/11/12,8.17,8.36,8.11,8.36,4122282,8.23
2014/11/13,8.41,8.42,7.91,7.97,5946421,8.17
2014/11/14,7.98,8.12,7.93,7.99,3104901,8.02
2014/11/17,7.99,8.23,7.86,8.19,3793890,8.05
2014/11/18,8.18,8.23,8.09,8.15,2572849,8.16
2014/11/19,8.09,8.27,7.95,8.19,5164820,8.11
2014/11/20,8.13,8.18,7.95,8.04,3310138,8.06
2014/11/21,8.00,8.31,7.99,8.23,4747311,8.15
2014/11/24,8.25,8.41,8.19,8.32,5224295,8.30
2014/11/25,8.38,8.98,8.29,8.81,10285492,8.63
2014/11/26,9.03,9.11,8.68,8.79,9400886,8.89
2014/11/27,8.89,9.51,8.69,9.45,20984796,9.10
2014/11/28,9.41,10.31,9.18,9.78,28481160,9.75
2014/12/01,9.75,10.21,9.47,9.96,20731262,9.84
2014/12/02,9.83,10.04,9.65,9.79,13770154,9.84
2014/12/03,9.69,9.70,9.21,9.60,14551292,9.46
2014/12/04,9.53,9.90,9.45,9.59,12139921,9.67
2014/12/05,9.51,9.53,8.85,9.03,13079349,9.19
2014/12/08,8.70,9.46,8.70,9.09,9305236,9.08
2014/12/09,9.05,9.31,8.56,8.57,9771459,8.94
2014/12/10,8.55,9.04,8.55,8.94,6146153,8.79
2014/12/11,8.96,9.47,8.95,9.37,10065866,9.21
2014/12/12,9.38,9.45,9.18,9.41,6893673,9.31
2014/12/15,9.38,9.87,9.32,9.63,9906677,9.59
2014/12/16,9.65,9.91,9.24,9.62,12933363,9.58
2014/12/17,9.53,9.95,9.32,9.91,17687339,9.63
2014/12/18,9.80,9.88,9.38,9.44,10982838,9.63
2014/12/19,9.49,9.50,8.78,8.97,8755473,9.14
2014/12/22,8.97,9.01,8.11,8.40,8022206,8.56
2014/12/23,8.49,8.81,8.39,8.47,5509749,8.60
2014/12/24,8.54,8.63,8.39,8.59,3665144,8.51
2014/12/25,8.55,8.71,8.47,8.61,4267457,8.59
2014/12/26,8.59,8.62,8.43,8.53,4410246,8.52
2014/12/29,8.49,8.49,8.09,8.16,5800012,8.29
2014/12/30,8.11,8.23,7.75,7.87,4477329,7.99
2014/12/31,7.87,8.07,7.80,8.02,2689360,7.94
2015/01/05,7.98,7.98,7.64,7.94,4730466,7.81
2015/01/06,7.85,8.25,7.80,8.23,5414605,8.02
2015/01/07,8.33,8.38,8.10,8.14,3769737,8.24
2015/01/08,8.11,8.49,8.05,8.17,5345677,8.27
2015/01/09,8.07,8.36,7.99,7.99,4458346,8.17
2015/01/12,7.93,8.10,7.84,7.95,2666085,7.97
2015/01/13,7.89,8.27,7.85,8.18,3941341,8.06
2015/01/14,8.18,8.18,7.93,7.96,3570993,8.05
2015/01/15,7.99,8.11,7.93,7.97,2685347,8.02
2015/01/16,7.99,8.23,7.97,8.15,3783767,8.10
2015/01/19,7.97,8.43,7.90,8.00,5648287,8.17
2015/01/20,8.04,8.51,8.03,8.49,8314794,8.27
2015/01/21,8.41,8.80,8.31,8.73,12627577,8.56
2015/01/22,8.63,8.75,8.55,8.71,7209227,8.65
2015/01/23,8.69,8.70,8.31,8.41,6187715,8.50
2015/01/26,8.38,8.57,8.37,8.52,3407403,8.47
2015/01/27,8.53,8.61,8.37,8.51,3914510,8.49
2015/01/28,8.50,8.90,8.45,8.67,10489540,8.67
2015/01/29,8.55,8.67,8.45,8.45,4384250,8.56
2015/01/30,8.54,8.82,8.47,8.48,6408749,8.65
2015/02/02,8.32,8.45,8.24,8.32,3583500,8.34
2015/02/03,8.33,8.59,8.33,8.55,4678902,8.46
2015/02/04,8.57,9.15,8.47,8.85,12265314,8.81
2015/02/05,8.69,9.02,8.69,8.76,10840793,8.85
2015/02/06,8.76,8.91,8.59,8.63,7042499,8.75
2015/02/09,8.45,8.77,8.26,8.34,5111775,8.51
2015/02/10,8.33,8.52,8.25,8.52,3536568,8.38
2015/02/11,8.48,8.65,8.45,8.51,3274601,8.55
2015/02/12,8.57,8.70,8.53,8.68,5029667,8.61
2015/02/13,8.69,8.81,8.58,8.77,6693759,8.70
2015/02/16,8.79,9.07,8.75,9.02,9299383,8.91
2015/02/17,9.01,9.03,8.79,8.91,6281998,8.91
2015/02/25,8.96,9.24,8.87,8.94,8136767,9.05
2015/02/26,8.93,8.93,8.70,8.87,6559434,8.81
2015/02/27,8.90,9.57,8.88,9.51,16809984,9.23
2015/03/02,9.35,9.78,9.25,9.51,15367171,9.51
2015/03/03,9.42,9.49,9.13,9.16,9778816,9.31
2015/03/04,9.17,9.45,9.17,9.38,8374650,9.31
2015/03/05,9.41,9.57,9.19,9.50,11070524,9.38
2015/03/06,9.51,9.53,9.01,9.05,9745477,9.27
2015/03/09,8.97,9.95,8.91,9.95,13692978,9.43
2015/03/10,10.42,10.95,10.31,10.53,37498430,10.63
2015/03/11,10.31,10.90,10.20,10.70,25830584,10.55
2015/03/12,10.51,11.22,10.09,10.40,21698760,10.66
2015/03/13,10.35,11.04,10.12,10.97,19258336,10.58
2015/03/16,11.07,11.62,10.91,11.46,23858323,11.26
2015/03/17,11.34,11.63,10.99,11.25,22364541,11.31
2015/03/18,11.10,11.40,11.03,11.23,13708408,11.21
2015/03/19,11.13,11.90,11.13,11.35,15435997,11.52
2015/03/20,11.12,11.78,10.99,11.75,20753052,11.38
2015/03/23,11.61,12.35,11.59,12.23,25645271,11.97
2015/03/24,12.38,13.30,11.75,12.99,30932516,12.53
2015/03/25,12.73,13.57,12.51,13.04,25307004,13.04
2015/03/26,13.31,13.49,11.91,12.23,23825528,12.70
2015/03/27,12.00,12.31,11.59,11.95,14484863,11.95
2015/03/30,11.95,12.18,11.71,11.96,11597265,11.95
2015/03/31,11.89,12.22,11.78,12.03,9811942,12.00
2015/04/01,12.09,12.44,11.93,12.30,11078863,12.18
2015/04/02,12.20,12.57,12.09,12.55,12853370,12.33
2015/04/03,12.43,12.63,12.25,12.42,10831798,12.44
2015/04/07,12.42,12.42,11.95,12.27,16332783,12.18
2015/04/08,12.31,12.63,11.90,12.51,18922903,12.27
2015/04/09,12.35,12.36,11.31,11.87,12234102,11.83
2015/04/10,11.71,12.07,11.55,11.94,7695170,11.81
2015/04/13,11.98,12.12,11.78,12.09,9682528,11.95
2015/04/14,12.05,12.05,11.66,11.71,8618372,11.86
2015/04/15,11.65,12.31,11.55,11.69,11361932,11.93
2015/04/16,11.31,11.91,10.67,11.35,8453076,11.29
2015/04/17,11.51,11.65,11.19,11.37,7400326,11.42
2015/04/20,11.23,11.48,10.86,10.88,7433671,11.17
2015/04/21,11.05,11.65,11.05,11.63,9171424,11.35
2015/04/22,11.87,12.31,11.79,11.99,11890287,12.05
2015/04/23,11.99,12.75,11.90,12.57,18168739,12.33
2015/04/24,12.39,12.98,12.25,12.75,16387126,12.62
2015/04/27,12.88,13.03,12.33,12.61,12929574,12.68
2015/04/28,12.56,12.78,11.45,11.72,10293249,12.11
2015/04/29,11.69,12.89,11.58,12.89,9231694,12.24
2015/04/30,13.50,13.98,13.31,13.55,22237848,13.65
2015/05/04,13.75,14.91,13.58,14.91,9378129,14.25
2015/05/05,15.51,16.40,15.51,16.40,12598390,15.95
2015/05/06,18.04,18.04,16.59,18.04,13641587,17.31
2015/05/07,17.11,18.31,16.23,16.23,26946257,17.27
2015/05/08,15.79,17.81,15.78,17.18,30114149,16.79
2015/05/11,16.95,18.90,16.63,18.90,22685896,17.76
2015/05/12,19.64,20.37,18.38,19.18,29973492,19.38
2015/05/13,17.45,19.03,17.31,18.09,23440073,18.17
2015/05/14,17.58,19.55,17.53,18.91,23640978,18.54
2015/05/15,19.19,19.63,17.81,18.51,20153584,18.72
2015/05/18,18.08,20.36,18.08,20.36,22783811,19.22
2015/05/19,20.25,22.40,19.25,22.40,26858660,20.82
2015/05/20,23.18,24.64,22.65,24.64,23579561,23.64
2015/05/21,25.81,27.11,24.99,27.11,30189472,26.46
2015/05/22,29.67,29.82,25.98,27.41,54411398,28.47
2015/05/25,25.69,27.95,25.00,26.84,33144296,26.55
2015/05/26,26.49,29.53,26.30,29.53,27646581,29.05
2015/05/27,30.99,32.48,29.99,32.48,42626129,31.48
2015/05/28,31.47,35.36,31.00,32.32,38728239,33.73
2015/05/29,31.99,35.49,29.09,35.49,36656370,33.54
2015/06/01,36.10,39.04,36.10,39.04,29966799,38.02
2015/06/02,41.64,42.95,39.99,42.95,31253690,41.52
2015/06/03,44.83,47.25,42.94,47.24,42447373,46.04
2015/06/04,44.89,46.59,42.52,43.19,32993540,44.08
2015/06/05,43.09,45.45,39.29,39.49,36657294,41.74
2015/06/08,38.47,38.47,35.60,36.52,34280792,36.94
2015/06/09,36.09,40.17,35.49,40.17,36844829,38.66
2015/06/10,40.18,44.07,38.59,41.97,36792824,42.36
2015/06/11,40.79,42.48,38.57,40.89,30553130,40.32
2015/06/12,40.79,40.79,38.84,38.87,20058058,39.58
2015/06/15,38.94,40.57,36.99,37.78,18276224,38.83
2015/06/16,37.67,39.98,34.99,38.70,27658422,37.64
2015/06/17,37.78,39.15,35.99,38.75,20443151,37.85
2015/06/18,37.99,38.73,34.87,34.94,18872069,36.77
2015/06/19,33.87,33.87,31.45,31.45,17180683,32.49
2015/06/23,31.59,31.99,28.69,31.90,20377916,30.83
2015/06/24,32.77,33.19,30.95,32.49,22356749,32.37
2015/06/25,33.89,34.98,30.04,31.69,24938908,33.68
2015/06/26,30.79,30.79,28.52,28.52,13232815,29.38
2015/06/29,29.48,29.48,25.67,25.67,15547168,26.54
2015/06/30,24.39,28.24,23.10,28.12,22523361,25.84
2015/07/01,27.49,30.51,26.09,26.59,29726575,28.89
2015/07/02,26.00,28.49,25.22,26.85,23846494,26.75
2015/07/03,26.88,29.54,25.95,29.29,42514134,28.41
2015/07/06,31.64,31.99,26.89,29.98,43561221,30.11
2015/07/07,27.49,28.80,26.98,26.98,10332056,27.37
2015/07/08,24.28,25.83,24.28,24.28,33354022,24.37
2015/07/09,23.49,26.71,22.99,26.71,25691810,25.65
2015/07/10,27.59,29.38,27.07,29.38,23617058,28.98
2015/07/13,30.61,32.32,29.49,32.32,32355983,31.20
2015/07/14,31.32,34.97,30.62,31.84,39538372,32.79
2015/07/15,30.40,31.38,28.66,28.66,17017148,29.54
2015/07/16,27.98,30.54,25.79,28.79,20292380,28.47
2015/07/17,28.90,31.67,28.79,31.40,20249013,30.45
2015/07/20,31.41,32.99,30.49,31.52,25160188,31.69
2015/07/21,30.56,34.67,30.09,34.67,33096901,32.89
2015/07/22,35.09,37.96,32.99,35.99,38025002,34.95
2015/07/23,35.19,37.38,34.92,35.69,27586952,36.04
2015/07/24,35.62,36.58,32.67,33.21,25395324,35.11
2015/07/27,32.29,34.59,29.89,29.89,23754069,32.80
2015/07/28,28.39,32.79,27.74,31.49,26654625,30.52
2015/07/29,32.51,34.49,30.15,34.42,23938111,32.32
2015/07/30,33.54,35.34,31.77,32.59,24810706,34.15
2015/07/31,31.99,34.57,31.42,32.99,22891928,33.41
2015/08/03,31.00,31.99,29.69,29.69,16578682,30.22
2015/08/04,30.14,32.62,28.49,32.58,19843770,30.68
2015/08/05,31.99,33.37,30.99,31.14,18649114,32.23
2015/08/06,29.09,30.84,28.99,29.15,12913504,29.76
2015/08/07,29.80,30.54,29.31,29.91,11935288,29.97
2015/08/10,30.24,32.84,29.80,32.04,17631462,31.29
2015/08/11,32.27,33.47,31.20,32.71,20060870,32.29
2015/08/12,32.29,35.98,31.99,34.95,40322823,35.12
2015/08/13,33.69,34.84,32.69,34.73,26371454,33.99
2015/08/14,34.89,35.49,34.11,34.28,18483319,34.76
2015/08/17,33.78,34.69,32.57,33.06,16198531,33.35
2015/08/18,33.11,36.37,31.87,33.39,45537551,35.21
2015/08/19,31.09,35.80,30.05,34.99,39003896,31.74
2015/08/20,34.14,34.39,31.49,31.49,22714273,33.18
2015/08/21,30.07,31.67,28.34,28.34,17128295,29.92
2015/08/24,26.55,27.09,25.51,25.51,7739451,25.76
2015/08/25,22.96,23.49,22.96,22.96,7215775,23.06
2015/08/26,22.96,24.34,20.66,20.66,15082302,22.24
2015/08/27,21.29,21.87,18.74,21.10,14950743,20.52
2015/08/28,21.53,23.21,20.63,23.21,19627808,21.92
2015/08/31,22.99,23.16,20.89,20.89,13466267,22.09
2015/09/01,19.91,19.91,18.80,18.80,9446415,19.05
2015/09/02,16.92,19.34,16.92,16.92,12357798,17.52
2015/09/07,17.21,18.24,16.70,17.07,10797255,17.64
2015/09/08,16.99,18.78,16.22,18.69,12529656,17.89
2015/09/09,18.97,20.34,18.71,20.34,19769293,19.65
2015/09/10,19.61,20.09,18.99,19.04,13621804,19.62
2015/09/11,19.00,20.06,18.79,19.62,10965603,19.62
2015/09/14,19.61,20.11,17.66,17.66,10043613,18.92
2015/09/15,16.59,16.96,15.89,15.89,8740090,16.18
2015/09/16,15.94,17.48,15.50,17.47,13002497,16.63
2015/09/17,17.45,18.99,16.59,17.09,17249223,17.85
2015/09/18,17.34,17.77,16.79,17.32,10523828,17.23
2015/09/21,16.99,18.79,16.67,18.64,13598593,17.96
2015/09/22,18.82,19.87,18.00,18.95,18581746,19.00
2015/09/23,18.27,19.57,18.10,18.76,12928898,18.94
2015/09/24,19.04,20.64,18.92,20.64,16394462,19.95
2015/09/25,21.39,21.66,18.62,18.99,26004281,20.39
2015/09/28,19.16,20.49,18.59,20.25,17647395,19.83
2015/09/29,19.51,19.97,19.07,19.55,14012141,19.59
2015/09/30,20.09,20.79,19.55,19.69,13849240,20.10
2015/10/08,20.50,21.66,20.08,21.66,20559149,21.22
2015/10/09,22.78,23.79,22.09,23.19,33030403,22.93
2015/10/12,23.14,24.81,22.91,23.64,28295488,23.88
2015/10/13,22.99,25.77,22.79,24.61,23713734,24.16
2015/10/14,23.99,24.97,23.56,24.09,19861622,24.24
2015/10/15,23.70,25.47,23.70,25.04,20674059,24.66
2015/10/16,25.21,26.37,24.59,25.71,26983187,25.47
2015/10/19,25.44,25.60,24.03,24.61,18972193,24.76
2015/10/20,25.04,26.19,24.75,25.64,23715172,25.68
2015/10/21,25.09,28.21,23.85,28.14,51620021,26.58
2015/10/22,26.99,30.96,26.75,30.89,51688719,28.67
2015/10/23,30.10,33.32,30.10,30.95,42106038,31.48
2015/10/26,31.49,32.73,30.19,32.48,35028996,31.83
2015/10/27,31.69,31.87,29.29,31.09,27117290,30.73
2015/10/28,29.99,32.09,29.87,30.64,25891667,31.13
2015/10/29,30.89,31.39,29.11,29.57,17558578,30.03
2015/10/30,29.64,29.94,28.19,28.20,15544331,29.09
2015/11/02,27.19,29.16,26.82,26.94,13708715,27.91
2015/11/03,26.99,27.76,26.61,27.20,11916900,27.16
2015/11/04,27.55,29.87,27.54,29.78,19343508,28.77
2015/11/05,29.98,30.33,28.76,28.98,17869806,29.37
2015/11/06,29.29,30.65,29.29,29.70,16327512,30.01
2015/11/09,29.39,30.87,28.37,30.48,21218931,30.03
2015/11/10,29.96,30.62,29.31,29.92,16416858,29.98
2015/11/11,30.03,30.89,29.99,30.53,19101917,30.48
2015/11/12,30.53,30.79,29.19,29.66,16163903,29.78
2015/11/13,29.05,30.18,28.19,29.21,17233896,29.16
2015/11/16,28.01,32.13,27.89,32.13,30599394,30.87
2015/11/17,33.58,33.59,30.30,30.54,34464868,31.70
2015/11/18,30.34,30.89,28.67,28.81,16758171,29.63
2015/11/19,28.99,29.79,28.99,29.58,12140114,29.45
2015/11/20,29.59,30.39,29.40,29.93,16268496,29.92
2015/11/23,30.05,30.89,29.45,29.59,13629545,30.12
2015/11/24,30.48,30.48,28.99,29.64,10458673,29.77
2015/11/25,29.14,30.29,29.14,30.09,14799199,29.69
2015/11/26,30.10,30.79,29.00,29.03,11170815,29.49
2015/11/27,28.79,29.61,26.13,26.14,14419821,27.60
2015/11/30,26.00,26.58,23.53,25.51,11093990,25.29
2015/12/01,25.51,25.95,24.49,25.34,7554589,25.49
2015/12/02,25.39,25.67,23.49,24.75,7337984,24.65
2015/12/03,24.98,26.17,24.97,26.01,9185858,25.80
2015/12/04,25.97,26.52,25.39,25.66,9130935,25.99
2015/12/07,25.89,26.09,25.17,25.95,6434733,25.77
2015/12/08,25.91,28.47,25.49,26.75,16819280,26.88
2015/12/09,26.00,26.69,25.54,25.79,8796785,25.91
2015/12/10,25.79,26.42,25.24,25.51,7225777,25.94
2015/12/11,25.74,26.19,25.49,25.59,5738706,25.83
2015/12/14,25.44,26.20,24.79,26.15,7092219,25.38
2015/12/15,26.15,26.67,26.01,26.26,7101828,26.34
2015/12/16,26.39,26.97,26.09,26.55,8302827,26.60
2015/12/17,26.64,27.59,26.64,27.59,12093015,27.31
2015/12/18,28.09,28.24,26.81,26.94,9843352,27.34
2015/12/21,26.79,27.10,26.46,26.84,5763589,26.75
2015/12/22,26.81,27.28,26.64,27.15,6764980,27.01
2015/12/23,27.20,27.32,25.76,26.01,8334064,26.48
2015/12/24,25.94,26.17,25.00,25.79,5338498,25.61
2015/12/25,26.07,26.25,25.49,25.75,3924482,25.82
2015/12/28,25.99,26.49,25.55,25.64,6476180,26.02
2015/12/29,25.64,25.76,25.12,25.64,4287097,25.39
2015/12/30,25.66,26.33,25.64,26.33,6412494,26.10
2015/12/31,26.33,26.38,25.44,25.45,5088414,25.92
2016/01/04,25.20,25.44,22.90,22.90,5131297,23.82
2016/01/05,20.99,22.47,20.61,21.07,8124277,21.44
2016/01/06,21.55,22.09,20.77,21.84,5645289,21.52
2016/01/07,21.69,21.69,19.66,19.66,1773400,20.32
2016/01/08,20.24,20.59,17.99,19.68,6249131,19.81
2016/01/11,18.99,19.39,17.71,17.71,5786826,18.44
2016/01/12,17.75,18.49,17.30,18.26,5901270,18.08
2016/01/13,18.39,18.64,16.88,16.88,5511251,17.99
2016/01/14,16.65,18.57,16.04,18.57,9759663,17.81
2016/01/15,18.74,19.13,18.17,18.47,12922238,18.69
2016/01/18,17.79,20.32,17.79,20.32,9936357,20.03
2016/01/19,20.99,21.29,20.07,21.20,19623907,20.79
2016/01/20,20.59,20.99,20.24,20.52,12557542,20.62
2016/01/21,20.02,20.90,19.26,19.26,10413716,20.34
2016/01/22,19.59,20.28,18.99,19.98,8493234,19.77
2016/01/25,20.49,20.97,19.91,20.56,8871748,20.41
2016/01/26,20.46,21.50,19.30,19.60,18262268,20.74
2016/01/27,19.87,21.41,18.49,21.00,17905919,20.13
2016/01/28,20.24,20.69,18.90,18.90,15047438,19.56
2016/01/29,18.69,19.79,17.79,19.31,10685066,18.95
2016/02/01,19.08,19.19,17.49,17.92,8079177,18.45
2016/02/02,17.79,19.39,17.79,18.79,7537224,18.79
2016/02/03,18.61,19.36,17.94,19.15,8327025,18.73
2016/02/04,19.09,19.78,19.03,19.39,8596180,19.45
2016/02/05,19.19,20.33,19.14,20.19,10887122,19.79
2016/02/15,19.50,21.22,19.39,20.98,10515555,20.17
2016/02/16,21.24,21.99,20.79,21.45,14930007,21.40
2016/02/17,21.47,21.69,20.87,21.48,12049627,21.26
2016/02/18,21.59,21.89,20.91,21.14,12140125,21.40
2016/02/19,20.89,21.26,20.52,20.92,8186966,20.95
2016/02/22,21.20,21.39,20.94,21.39,8688410,21.21
2016/02/23,21.44,22.47,21.35,21.77,15247895,21.97
2016/02/24,21.54,21.59,20.37,21.14,10889446,21.04
2016/02/25,20.91,20.98,19.03,19.03,8250432,19.91
2016/02/26,19.24,19.42,18.15,18.44,7431760,18.74
2016/02/29,18.19,18.22,16.60,16.61,6753617,16.96
2016/03/01,16.69,17.61,16.36,17.30,6557640,16.97
2016/03/02,17.19,18.23,17.01,18.18,8492262,17.73
2016/03/03,17.98,18.85,17.82,18.12,9605061,18.28
2016/03/04,18.09,18.23,16.57,16.86,7802949,17.32
2016/03/07,17.27,17.84,17.03,17.34,5147933,17.43
2016/03/08,17.32,18.44,16.02,18.26,10692956,17.50
2016/03/09,17.76,18.29,17.50,17.66,6954348,17.90
2016/03/10,18.19,18.64,17.49,17.50,8009503,18.03
2016/03/11,16.69,17.39,16.69,17.07,4994331,17.04
2016/03/14,17.49,18.24,17.21,17.84,7511374,17.91
2016/03/15,17.75,18.05,17.39,17.44,6232850,17.73
2016/03/16,17.74,18.39,17.17,17.84,10618317,17.91
2016/03/17,17.89,18.96,17.83,18.80,16949454,18.58
2016/03/18,18.94,20.37,18.94,20.14,19774799,19.54
2016/03/21,20.41,21.09,19.82,20.79,21344393,20.38
2016/03/22,20.19,20.96,20.01,20.15,13698087,20.43
2016/03/23,20.17,20.67,20.05,20.49,11448653,20.37
2016/03/24,20.19,20.67,19.52,19.54,13798236,20.07
2016/03/25,19.44,19.84,19.24,19.69,7219244,19.59
2016/03/28,19.88,20.57,19.53,19.64,10318563,20.15
2016/03/29,19.29,19.59,18.66,18.85,7379284,19.07
2016/03/30,19.23,20.17,19.09,20.12,10049855,19.69
2016/03/31,20.26,20.56,19.80,19.87,9914696,20.18
2016/04/01,19.87,19.87,19.14,19.46,6463654,19.43
2016/04/05,19.64,20.29,19.46,20.21,8260965,20.04
2016/04/06,20.09,22.23,20.09,22.23,16401491,21.51
2016/04/07,23.37,23.49,21.72,21.96,33311337,22.58
2016/04/08,21.43,22.49,21.07,21.73,19710612,21.90
2016/04/11,21.74,22.54,21.74,22.26,16544493,22.13
2016/04/12,22.22,22.84,22.09,22.81,19913293,22.45
2016/04/13,22.88,23.16,22.39,22.45,21520081,22.77
2016/04/14,22.64,22.69,21.83,22.34,12431127,22.19
2016/04/15,22.19,22.58,22.10,22.49,10899065,22.39
2016/04/18,22.24,22.43,21.49,21.87,9842545,21.85
2016/04/19,22.06,22.18,21.59,21.76,7099207,21.85
2016/04/20,21.84,22.27,19.80,20.06,14021152,21.07
2016/04/21,19.87,20.21,19.19,19.19,9190449,19.80
2016/04/22,18.90,19.65,18.76,19.38,8109786,19.31
2016/04/25,19.19,19.37,18.39,18.98,6127704,18.90
2016/04/26,18.93,19.57,18.91,19.57,7290601,19.30
2016/04/27,19.69,20.27,19.44,19.53,9507031,19.91
2016/04/28,19.53,19.62,18.59,19.45,6531611,19.19
2016/04/29,19.19,19.93,19.12,19.54,5871694,19.55
2016/05/03,19.36,20.38,19.19,20.29,7843546,20.01
2016/05/04,20.00,20.34,19.94,20.04,7114308,20.17
2016/05/05,20.03,20.97,19.72,20.80,9678957,20.31
2016/05/06,20.69,20.76,19.14,19.16,10622068,19.96
2016/05/09,18.69,18.86,17.79,18.01,6300985,18.35
2016/05/10,18.13,18.48,17.99,18.11,4499223,18.25
2016/05/11,18.30,18.47,17.72,17.75,4118712,18.09
2016/05/12,17.49,18.05,16.89,17.85,4627703,17.59
2016/05/13,17.96,18.27,17.59,17.85,4198286,18.03
2016/05/16,17.88,18.19,17.69,18.19,3418969,18.02
2016/05/17,18.31,18.48,17.87,18.15,5481265,18.17
2016/05/18,17.90,18.13,16.69,16.99,6732790,17.35
2016/05/19,17.11,17.74,17.00,17.14,5147669,17.41
2016/05/20,16.99,17.54,16.85,17.46,4443069,17.37
2016/05/23,17.49,18.07,17.49,17.99,6292520,17.94
2016/05/24,18.05,18.05,17.49,17.67,4152237,17.74
2016/05/25,17.87,19.44,17.74,19.07,19499649,18.99
2016/05/26,18.69,19.27,18.07,19.15,15781163,18.70
2016/05/27,19.00,19.87,18.84,19.02,14595654,19.38
2016/05/30,18.64,18.84,18.10,18.33,10273068,18.44
2016/05/31,18.48,20.16,18.45,20.16,17124239,19.43
2016/06/01,19.99,20.56,19.92,20.27,17585742,20.28
2016/06/02,20.32,21.03,20.28,20.63,18813583,20.70
2016/06/03,20.52,20.87,20.24,20.43,11006499,20.50
2016/06/06,20.61,21.07,20.44,20.68,10856274,20.75
2016/06/07,21.09,21.30,20.39,20.49,10696841,20.70
2016/06/08,20.37,20.97,20.19,20.67,12401862,20.71
2016/06/13,19.99,20.47,18.90,18.90,10697746,19.92
2016/06/14,18.30,18.95,18.30,18.58,6471325,18.63
2016/06/15,18.31,19.66,18.24,19.34,7651400,19.22
2016/06/16,19.29,19.99,19.17,19.60,9982080,19.56
2016/06/17,19.70,20.18,19.30,19.56,7952009,19.76
2016/06/20,19.49,19.84,19.15,19.69,6350027,19.57
2016/06/21,19.99,20.47,19.18,19.46,9574546,19.95
2016/06/22,19.20,20.36,19.16,20.36,12307760,19.98
2016/06/23,20.37,20.47,18.99,19.89,10785846,19.96
2016/06/24,19.99,21.15,19.00,20.75,18245808,20.17
2016/06/27,20.79,21.94,20.44,21.54,22148826,21.29
2016/06/28,21.19,21.97,20.89,21.38,20737680,21.37
2016/06/29,21.29,21.56,20.95,21.12,12544407,21.17
2016/06/30,21.19,21.36,20.61,21.06,9830048,20.93
2016/07/01,21.03,21.19,20.74,20.81,6813424,20.97
2016/07/04,20.53,21.60,20.45,21.40,10864458,21.15
2016/07/05,21.37,21.47,20.96,21.29,9903856,21.18
2016/07/06,21.20,21.53,20.89,20.91,10292570,21.21
2016/07/07,20.86,20.96,20.38,20.61,9023478,20.63
2016/07/08,20.71,20.96,20.52,20.64,5951283,20.73
2016/07/11,20.60,20.87,20.38,20.38,5798005,20.63
2016/07/12,20.39,20.59,19.70,20.57,8482023,20.18
2016/07/13,20.64,21.11,20.41,20.86,9343304,20.83
2016/07/14,20.80,20.89,20.53,20.82,6178321,20.67
2016/07/15,20.68,20.75,20.02,20.03,8701367,20.27
2016/07/18,19.96,20.22,19.73,19.99,5287256,19.93
2016/07/19,19.90,20.24,19.90,20.20,4226525,20.08
2016/07/20,20.19,20.30,19.98,20.02,3890440,20.12
2016/07/21,20.25,20.39,20.05,20.07,4964997,20.20
2016/07/22,19.95,20.20,19.91,19.95,3591466,20.03
2016/07/25,19.76,20.15,19.76,19.94,3539929,19.95
2016/07/26,19.96,20.25,19.94,20.24,3878200,20.13
2016/07/27,20.27,20.35,18.22,18.38,10530300,19.09
2016/07/28,18.35,18.54,17.70,18.20,5480000,18.15
2016/07/29,18.20,18.32,17.68,17.92,3125267,17.99
2016/08/01,17.87,18.00,17.31,17.93,4067730,17.58
2016/08/02,17.82,18.08,17.82,18.00,2746693,17.99
2016/08/03,18.00,18.15,17.84,17.86,2204426,17.90
2016/08/04,17.92,18.14,17.82,18.08,2814618,18.01
2016/08/05,18.08,18.08,17.80,17.84,2779028,17.91
2016/08/08,17.75,18.07,17.42,18.04,2897580,17.79
2016/08/09,17.75,18.07,17.42,18.04,0,17.75
