Date, SZ300067.Open, SZ300067.High, SZ300067.Low, SZ300067.Close, SZ300067.Volume, SZ300067.Adjusted
2010/04/21,5.65,6.01,5.65,5.83,13679152,5.83
2010/04/22,5.72,6.17,5.65,5.86,8656971,5.91
2010/04/23,5.76,5.81,5.54,5.54,5017037,5.67
2010/04/26,5.47,5.54,5.24,5.29,2871818,5.39
2010/04/27,5.21,5.23,4.85,4.94,2866207,5.04
2010/04/28,4.89,5.10,4.89,4.99,1655019,4.99
2010/04/29,5.00,5.06,4.86,4.86,1370858,4.96
2010/04/30,4.87,4.90,4.51,4.61,1847894,4.71
2010/05/04,4.53,4.66,4.45,4.58,1017289,4.56
2010/05/05,4.52,4.74,4.49,4.74,1288559,4.62
2010/05/06,4.74,4.74,4.51,4.51,1312485,4.63
2010/05/07,4.40,4.57,4.39,4.44,916131,4.48
2010/05/10,4.44,4.52,4.10,4.24,1324476,4.31
2010/05/11,4.36,4.39,4.07,4.08,1024440,4.23
2010/05/12,3.99,4.11,3.92,4.01,941280,4.02
2010/05/13,4.04,4.10,3.94,4.10,805280,4.02
2010/05/14,4.08,4.11,4.01,4.06,811007,4.06
2010/05/17,4.00,4.04,3.80,3.83,819526,3.92
2010/05/18,3.76,3.84,3.59,3.79,1039078,3.71
2010/05/19,3.73,3.93,3.69,3.85,1127470,3.81
2010/05/20,3.80,3.86,3.68,3.69,861814,3.77
2010/05/21,3.55,3.79,3.51,3.78,1234624,3.65
2010/05/24,3.80,4.02,3.80,3.99,1707002,3.91
2010/05/25,3.93,4.00,3.88,3.96,1290079,3.94
2010/05/26,3.96,4.01,3.91,3.96,882242,3.96
2010/05/27,3.97,4.17,3.87,4.12,1492039,4.02
2010/05/28,4.15,4.23,4.09,4.12,1210445,4.16
2010/05/31,4.04,4.15,3.95,3.95,950298,4.05
2010/06/01,3.91,3.91,3.71,3.75,793403,3.81
2010/06/02,3.71,3.83,3.70,3.82,439233,3.77
2010/06/03,3.83,3.92,3.78,3.78,749998,3.85
2010/06/04,3.79,3.88,3.74,3.88,620303,3.81
2010/06/07,3.78,4.06,3.75,4.02,1529997,3.90
2010/06/08,4.00,4.09,3.99,4.07,1208350,4.04
2010/06/09,4.10,4.19,4.02,4.07,2026142,4.10
2010/06/10,4.07,4.18,4.05,4.18,1523635,4.11
2010/06/11,4.20,4.38,4.18,4.32,2412332,4.28
2010/06/17,4.39,4.46,4.11,4.13,2227572,4.29
2010/06/18,4.06,4.13,3.76,3.85,1201693,3.94
2010/06/21,3.88,4.02,3.76,3.99,809492,3.89
2010/06/22,3.99,4.23,3.95,4.13,1247821,4.09
2010/06/23,4.07,4.22,4.03,4.20,1156292,4.13
2010/06/24,4.24,4.25,4.11,4.17,879678,4.18
2010/06/25,4.09,4.17,3.95,4.03,832724,4.06
2010/06/28,4.09,4.09,3.93,3.98,643381,4.01
2010/06/29,3.96,4.01,3.69,3.70,975263,3.85
2010/06/30,3.65,3.69,3.52,3.68,529551,3.60
2010/07/01,3.63,3.75,3.56,3.56,570207,3.66
2010/07/02,3.55,3.62,3.38,3.60,715322,3.50
2010/07/05,3.55,3.60,3.47,3.58,338277,3.54
2010/07/06,3.57,3.70,3.53,3.68,587188,3.61
2010/07/07,3.69,3.73,3.65,3.70,406428,3.69
2010/07/08,3.71,3.71,3.60,3.65,466677,3.66
2010/07/09,3.68,3.75,3.58,3.74,661559,3.67
2010/07/12,3.68,3.75,3.58,3.74,0,3.67
2010/07/13,3.77,3.77,3.63,3.73,647361,3.70
2010/07/14,3.71,3.79,3.70,3.74,527465,3.75
2010/07/15,3.71,3.76,3.57,3.60,453120,3.66
2010/07/16,3.63,3.63,3.53,3.62,376720,3.58
2010/07/19,3.57,3.69,3.57,3.68,381536,3.63
2010/07/20,3.67,3.77,3.67,3.76,632533,3.72
2010/07/21,3.75,3.85,3.75,3.78,861663,3.80
2010/07/22,3.75,3.84,3.74,3.81,628252,3.79
2010/07/23,3.78,3.84,3.69,3.80,2193636,3.76
2010/07/26,3.79,3.86,3.76,3.86,1561456,3.81
2010/07/27,3.85,3.85,3.77,3.78,1034194,3.81
2010/07/28,3.76,3.84,3.76,3.84,1143935,3.80
2010/07/29,3.85,3.94,3.83,3.93,2124499,3.89
2010/07/30,3.92,3.92,3.81,3.88,1167804,3.86
2010/08/02,3.88,3.98,3.87,3.97,1490367,3.93
2010/08/03,3.98,4.09,3.91,3.91,2105835,4.00
2010/08/04,3.88,4.02,3.87,4.01,1369750,3.94
2010/08/05,4.02,4.11,3.80,3.99,2178911,3.96
2010/08/06,3.96,4.08,3.93,4.08,1702707,4.01
2010/08/09,4.08,4.28,4.08,4.26,2471593,4.18
2010/08/10,4.29,4.69,4.28,4.41,4985192,4.49
2010/08/11,4.40,4.61,4.36,4.49,3491042,4.49
2010/08/12,4.41,4.51,4.34,4.34,1924727,4.42
2010/08/13,4.37,4.42,4.24,4.36,1477067,4.33
2010/08/16,4.33,4.44,4.33,4.42,1514539,4.39
2010/08/17,4.44,4.46,4.33,4.38,1098278,4.40
2010/08/18,4.37,4.42,4.34,4.34,1078403,4.38
2010/08/19,4.39,4.39,4.20,4.23,1867297,4.29
2010/08/20,4.21,4.21,4.05,4.06,1792387,4.13
2010/08/23,4.05,4.05,3.94,4.01,2521591,3.99
2010/08/24,3.99,4.07,3.97,4.05,1485110,4.02
2010/08/25,4.01,4.01,3.84,3.85,1769968,3.92
2010/08/26,3.85,3.91,3.84,3.87,1337517,3.88
2010/08/27,3.87,3.98,3.85,3.97,1370184,3.92
2010/08/30,3.99,4.05,3.97,4.03,1638681,4.01
2010/08/31,4.03,4.07,3.94,3.97,1584361,4.01
2010/09/01,3.97,4.00,3.80,3.85,1413568,3.90
2010/09/02,3.85,3.93,3.85,3.90,1200389,3.89
2010/09/03,3.91,4.02,3.89,4.00,1988821,3.95
2010/09/06,4.04,4.05,3.90,3.95,1138114,3.97
2010/09/07,3.99,4.00,3.93,4.00,919557,3.97
2010/09/08,3.99,4.04,3.95,4.04,1136760,4.00
2010/09/09,4.04,4.05,3.94,3.95,1327522,3.99
2010/09/10,3.99,4.03,3.92,4.03,1133424,3.98
2010/09/13,4.03,4.11,4.03,4.11,1788782,4.07
2010/09/14,4.05,4.15,4.05,4.06,1298598,4.10
2010/09/15,3.98,4.06,3.93,3.99,1523479,3.99
2010/09/16,3.99,4.02,3.89,3.90,1475825,3.95
2010/09/17,3.93,3.96,3.85,3.85,688444,3.91
2010/09/20,3.87,3.87,3.68,3.71,774043,3.78
2010/09/21,3.73,3.84,3.67,3.77,640578,3.75
2010/09/27,3.78,3.80,3.71,3.79,305508,3.75
2010/09/28,3.79,3.79,3.69,3.71,633274,3.74
2010/09/29,3.69,3.74,3.57,3.58,594105,3.66
2010/09/30,3.58,3.65,3.57,3.63,387787,3.61
2010/10/08,3.65,3.74,3.63,3.71,591481,3.69
2010/10/11,3.73,3.73,3.68,3.71,644046,3.71
2010/10/12,3.71,3.78,3.70,3.75,612518,3.74
2010/10/13,3.75,3.80,3.74,3.80,744233,3.77
2010/10/14,3.80,3.80,3.69,3.69,899623,3.74
2010/10/15,3.70,3.71,3.61,3.65,943992,3.66
2010/10/18,3.64,3.64,3.54,3.55,992127,3.59
2010/10/19,3.59,3.85,3.56,3.78,1919253,3.71
2010/10/20,3.71,3.89,3.69,3.75,1638636,3.79
2010/10/21,3.75,3.77,3.70,3.76,768964,3.74
2010/10/22,3.76,3.85,3.74,3.80,1170113,3.80
2010/10/25,3.82,3.89,3.78,3.88,1438279,3.83
2010/10/26,3.89,3.91,3.80,3.83,1174692,3.85
2010/10/27,3.81,3.86,3.75,3.78,1066336,3.80
2010/10/28,3.78,3.80,3.75,3.80,734376,3.77
2010/10/29,3.80,3.88,3.79,3.86,1152540,3.83
2010/11/01,3.90,4.01,3.86,3.98,2001303,3.93
2010/11/02,4.02,4.02,3.85,3.86,1576824,3.93
2010/11/03,3.86,3.86,3.78,3.79,885955,3.82
2010/11/04,3.78,3.83,3.78,3.83,655564,3.80
2010/11/05,3.84,3.88,3.80,3.86,751679,3.84
2010/11/08,3.86,3.98,3.86,3.97,1373272,3.92
2010/11/09,3.99,3.99,3.91,3.96,1395682,3.95
2010/11/10,3.96,4.05,3.95,4.04,2120951,4.00
2010/11/11,4.03,4.14,3.99,4.00,2144508,4.06
2010/11/12,4.00,4.03,3.77,3.77,1837842,3.90
2010/11/15,3.78,3.92,3.78,3.92,1339662,3.85
2010/11/16,3.98,4.05,3.82,3.86,2060079,3.93
2010/11/17,3.83,3.93,3.78,3.81,1194923,3.85
2010/11/18,3.84,3.96,3.82,3.95,1219570,3.89
2010/11/19,3.98,4.06,3.93,4.06,2513696,3.99
2010/11/22,4.03,4.19,4.02,4.13,3594707,4.10
2010/11/23,4.13,4.13,3.94,4.07,1701400,4.03
2010/11/24,4.09,4.38,4.09,4.27,3365236,4.23
2010/11/25,4.25,4.36,4.13,4.17,3504162,4.25
2010/11/26,4.16,4.21,4.11,4.17,1726982,4.16
2010/11/29,4.18,4.25,4.14,4.23,1640623,4.19
2010/11/30,4.20,4.21,3.96,4.04,1940104,4.08
2010/12/01,4.02,4.08,3.99,4.05,600032,4.04
2010/12/02,4.09,4.14,4.05,4.10,1136005,4.09
2010/12/03,4.11,4.11,3.98,4.04,880566,4.05
2010/12/06,4.01,4.04,3.93,3.95,781089,3.99
2010/12/07,3.94,4.02,3.90,4.02,649680,3.96
2010/12/08,4.05,4.11,4.02,4.07,1254277,4.06
2010/12/09,4.08,4.19,4.07,4.07,2098845,4.13
2010/12/10,4.07,4.09,3.95,4.08,1052478,4.02
2010/12/13,4.11,4.19,4.04,4.17,1640625,4.12
2010/12/14,4.18,4.23,4.13,4.19,1237809,4.18
2010/12/15,4.19,4.25,4.15,4.17,1449617,4.20
2010/12/16,4.17,4.23,4.16,4.18,1028576,4.20
2010/12/17,4.17,4.21,4.15,4.18,821510,4.18
2010/12/20,4.19,4.24,4.00,4.09,1400778,4.12
2010/12/21,4.09,4.13,4.03,4.10,852897,4.08
2010/12/22,4.10,4.12,4.04,4.06,713582,4.08
2010/12/23,4.06,4.09,4.00,4.00,613545,4.04
2010/12/24,3.99,4.03,3.94,4.01,690996,3.99
2010/12/27,4.00,4.06,3.89,3.89,660411,3.97
2010/12/28,3.88,3.88,3.75,3.75,633741,3.81
2010/12/29,3.76,3.81,3.74,3.80,356007,3.78
2010/12/30,3.80,3.85,3.78,3.83,248615,3.81
2010/12/31,3.85,3.87,3.83,3.87,338933,3.85
2011/01/04,3.88,3.91,3.85,3.90,433786,3.88
2011/01/05,3.89,3.94,3.87,3.87,370055,3.91
2011/01/06,3.90,3.90,3.81,3.82,451904,3.85
2011/01/07,3.80,3.85,3.79,3.81,381309,3.82
2011/01/10,3.84,3.84,3.75,3.75,286249,3.79
2011/01/11,3.75,3.77,3.71,3.75,317046,3.74
2011/01/12,3.75,3.79,3.71,3.78,243781,3.75
2011/01/13,3.78,3.80,3.76,3.78,212102,3.78
2011/01/14,3.74,3.79,3.70,3.70,330290,3.75
2011/01/17,3.69,3.69,3.53,3.53,568662,3.61
2011/01/18,3.53,3.59,3.51,3.55,206541,3.55
2011/01/19,3.58,3.61,3.55,3.60,304204,3.58
2011/01/20,3.60,3.60,3.47,3.47,276330,3.54
2011/01/21,3.46,3.53,3.44,3.49,202320,3.48
2011/01/24,3.49,3.51,3.38,3.39,297600,3.44
2011/01/25,3.40,3.40,3.36,3.38,167899,3.38
2011/01/26,3.40,3.43,3.38,3.42,213700,3.41
2011/01/27,3.38,3.48,3.38,3.45,214941,3.43
2011/01/28,3.46,3.48,3.44,3.47,139566,3.46
2011/01/31,3.47,3.50,3.44,3.49,204508,3.47
2011/02/01,3.49,3.51,3.49,3.51,182004,3.50
2011/02/09,3.47,3.52,3.46,3.47,173882,3.49
2011/02/10,3.47,3.57,3.47,3.57,376220,3.52
2011/02/11,3.57,3.63,3.53,3.63,343684,3.58
2011/02/14,3.61,3.68,3.61,3.68,494464,3.65
2011/02/15,3.68,3.68,3.64,3.67,411558,3.66
2011/02/16,3.67,3.70,3.65,3.70,407080,3.68
2011/02/17,3.71,3.71,3.63,3.64,636160,3.67
2011/02/18,3.64,3.64,3.59,3.64,466774,3.61
2011/02/21,3.64,3.69,3.62,3.68,573214,3.66
2011/02/22,3.68,3.69,3.54,3.55,588171,3.61
2011/02/23,3.54,3.59,3.53,3.56,380477,3.56
2011/02/24,3.56,3.60,3.54,3.60,495601,3.57
2011/02/25,3.59,3.61,3.55,3.60,372714,3.58
2011/02/28,3.58,3.61,3.55,3.61,536983,3.58
2011/03/01,3.61,3.63,3.59,3.62,623233,3.61
2011/03/02,3.62,3.67,3.62,3.66,895424,3.65
2011/03/03,3.67,3.68,3.62,3.62,611982,3.65
2011/03/04,3.62,3.67,3.60,3.66,653209,3.64
2011/03/07,3.67,3.73,3.65,3.65,543065,3.69
2011/03/08,3.65,3.69,3.64,3.68,599585,3.67
2011/03/09,3.70,3.70,3.66,3.68,475710,3.68
2011/03/10,3.69,3.70,3.65,3.65,410218,3.68
2011/03/11,3.64,3.94,3.63,3.75,1217102,3.78
2011/03/14,3.78,3.80,3.74,3.77,744796,3.77
2011/03/15,3.76,3.76,3.62,3.68,478701,3.69
2011/03/16,3.70,3.75,3.69,3.75,336955,3.72
2011/03/17,3.71,3.74,3.65,3.67,415270,3.70
2011/03/18,3.67,3.70,3.66,3.67,234929,3.68
2011/03/21,3.63,3.69,3.63,3.69,343080,3.66
2011/03/22,3.71,3.71,3.66,3.69,244240,3.69
2011/03/23,3.66,3.72,3.66,3.71,270475,3.69
2011/03/24,3.71,3.78,3.69,3.76,489664,3.73
2011/03/25,3.76,3.79,3.71,3.76,347516,3.75
2011/03/28,3.76,3.79,3.71,3.74,533896,3.75
2011/03/29,3.75,3.77,3.68,3.68,445529,3.73
2011/03/30,3.74,3.78,3.70,3.71,548944,3.74
2011/03/31,3.75,3.78,3.71,3.78,680285,3.74
2011/04/01,3.78,3.81,3.73,3.76,504199,3.77
2011/04/06,3.76,3.76,3.64,3.66,575844,3.70
2011/04/07,3.71,3.72,3.65,3.71,206327,3.69
2011/04/08,3.71,3.72,3.69,3.72,321590,3.71
2011/04/11,3.72,3.73,3.67,3.67,308922,3.70
2011/04/12,3.65,3.69,3.65,3.68,284476,3.67
2011/04/13,3.67,3.70,3.66,3.70,282130,3.68
2011/04/14,3.71,3.71,3.68,3.70,206975,3.70
2011/04/15,3.71,3.71,3.67,3.70,218410,3.69
2011/04/18,3.68,3.71,3.67,3.68,284995,3.69
2011/04/19,3.68,3.68,3.61,3.62,317031,3.65
2011/04/20,3.65,3.67,3.62,3.65,237375,3.65
2011/04/21,3.64,3.75,3.64,3.73,409988,3.70
2011/04/22,3.74,3.74,3.68,3.71,300275,3.71
2011/04/25,3.68,3.73,3.68,3.69,329022,3.71
2011/04/26,3.71,3.71,3.58,3.65,251254,3.65
2011/04/27,3.66,3.78,3.65,3.74,961263,3.71
2011/04/28,3.75,3.85,3.73,3.81,1558130,3.79
2011/04/29,3.81,4.10,3.81,4.04,2607655,3.95
2011/05/03,3.99,4.16,3.90,4.02,1528307,4.03
2011/05/04,3.99,4.01,3.88,3.89,964820,3.94
2011/05/05,3.89,3.89,3.80,3.86,832934,3.84
2011/05/06,3.82,4.03,3.80,3.99,1230830,3.92
2011/05/09,3.99,4.05,3.90,3.91,961592,3.97
2011/05/10,3.99,4.05,3.90,3.91,0,3.97
2011/05/11,3.92,3.96,3.83,3.92,699238,3.90
2011/05/12,3.91,3.91,3.85,3.85,419591,3.88
2011/05/13,3.82,3.95,3.81,3.92,506937,3.88
2011/05/16,3.90,3.94,3.87,3.87,392915,3.91
2011/05/17,3.85,3.95,3.83,3.94,575578,3.89
2011/05/18,3.94,4.01,3.87,3.88,648480,3.94
2011/05/19,3.88,3.89,3.80,3.82,652468,3.84
2011/05/20,3.84,3.84,3.64,3.66,656538,3.74
2011/05/23,3.63,3.63,3.28,3.29,1367348,3.45
2011/05/24,3.27,3.41,3.16,3.33,734147,3.29
2011/05/25,3.32,3.37,3.22,3.24,446493,3.30
2011/05/26,3.27,3.30,3.13,3.14,487071,3.21
2011/05/27,3.14,3.22,3.12,3.14,378219,3.17
2011/05/30,3.11,3.18,3.09,3.15,414875,3.14
2011/05/31,3.14,3.20,3.12,3.19,441441,3.16
2011/06/01,3.19,3.21,3.16,3.19,299906,3.19
2011/06/02,3.17,3.17,3.05,3.10,451664,3.11
2011/06/03,3.11,3.16,3.07,3.12,653210,3.11
2011/06/07,3.12,3.13,3.07,3.12,323679,3.10
2011/06/08,3.10,3.13,3.04,3.09,543683,3.08
2011/06/09,3.09,3.09,3.01,3.02,306963,3.05
2011/06/10,3.02,3.08,3.01,3.07,371073,3.04
2011/06/13,3.02,3.11,3.01,3.08,332898,3.06
2011/06/14,3.08,3.10,3.05,3.09,269891,3.07
2011/06/15,3.09,3.10,3.03,3.06,249538,3.06
2011/06/16,3.04,3.08,3.02,3.03,220714,3.05
2011/06/17,3.03,3.05,2.98,2.98,175867,3.01
2011/06/20,2.97,2.98,2.69,2.83,462530,2.83
2011/06/21,2.80,2.83,2.77,2.83,287850,2.80
2011/06/22,2.82,2.85,2.82,2.83,176598,2.83
2011/06/23,2.87,2.96,2.80,2.93,698833,2.88
2011/06/24,2.90,3.00,2.88,2.98,743944,2.94
2011/06/27,2.99,3.03,2.97,2.99,510686,3.00
2011/06/28,3.01,3.01,2.97,2.99,343659,2.99
2011/06/29,2.98,3.15,2.98,3.07,1193121,3.06
2011/06/30,3.13,3.18,3.06,3.12,841503,3.12
2011/07/01,3.27,3.27,3.11,3.16,719512,3.19
2011/07/04,3.19,3.19,3.12,3.18,847979,3.16
2011/07/05,3.25,3.25,3.14,3.16,1011463,3.20
2011/07/06,3.13,3.21,3.12,3.18,759279,3.17
2011/07/07,3.18,3.21,3.13,3.16,850440,3.17
2011/07/08,3.18,3.18,3.11,3.12,519436,3.15
2011/07/11,3.12,3.12,3.07,3.10,695539,3.09
2011/07/12,3.13,3.13,3.01,3.03,733859,3.07
2011/07/13,3.05,3.09,3.03,3.08,492388,3.06
2011/07/14,3.09,3.19,3.08,3.19,1437573,3.14
2011/07/15,3.18,3.31,3.17,3.31,2174335,3.24
2011/07/18,3.31,3.32,3.23,3.24,1145295,3.27
2011/07/19,3.23,3.23,3.12,3.15,773961,3.18
2011/07/20,3.18,3.19,3.12,3.16,728209,3.16
2011/07/21,3.18,3.18,3.08,3.08,635926,3.13
2011/07/22,3.11,3.15,3.09,3.13,426169,3.12
2011/07/25,3.13,3.13,2.97,2.97,803349,3.05
2011/07/26,2.98,3.02,2.94,2.98,384012,2.98
2011/07/27,2.98,3.04,2.94,3.03,453621,2.99
2011/07/28,3.01,3.01,2.96,2.99,411509,2.98
2011/07/29,2.99,3.04,2.99,3.00,480143,3.02
2011/08/01,2.98,3.05,2.98,3.04,398245,3.01
2011/08/02,3.04,3.05,2.94,3.05,683628,2.99
2011/08/03,3.04,3.05,2.94,3.05,0,2.99
2011/08/04,3.27,3.37,3.17,3.21,3613019,3.27
2011/08/05,2.92,3.08,2.92,3.01,2038255,3.00
2011/08/08,2.95,2.97,2.73,2.75,1222371,2.85
2011/08/09,2.70,2.77,2.60,2.73,821311,2.69
2011/08/10,2.79,2.83,2.76,2.76,642650,2.79
2011/08/11,2.70,2.95,2.69,2.92,1530949,2.82
2011/08/12,2.93,2.98,2.89,2.94,1122592,2.94
2011/08/15,2.95,3.03,2.94,3.03,922206,2.98
2011/08/16,3.06,3.09,3.01,3.06,1119138,3.05
2011/08/17,3.03,3.07,2.98,3.05,774992,3.02
2011/08/18,3.01,3.03,2.95,2.95,578870,2.99
2011/08/19,2.92,2.96,2.85,2.95,617598,2.91
2011/08/22,2.93,3.04,2.93,3.00,627217,2.99
2011/08/23,3.01,3.11,3.00,3.11,1345085,3.05
2011/08/24,3.15,3.15,3.06,3.06,1226787,3.10
2011/08/25,3.10,3.10,3.02,3.08,1071082,3.06
2011/08/26,3.05,3.16,3.05,3.15,1431020,3.10
2011/08/29,3.13,3.21,3.11,3.13,1287393,3.16
2011/08/30,3.13,3.16,3.04,3.04,1013410,3.10
2011/08/31,3.03,3.07,2.97,3.03,662935,3.02
2011/09/01,3.02,3.06,2.99,3.02,640556,3.03
2011/09/02,2.98,3.05,2.94,2.97,591330,2.99
2011/09/05,2.93,2.97,2.81,2.82,828637,2.89
2011/09/06,2.80,2.83,2.78,2.79,457155,2.80
2011/09/07,2.83,2.89,2.81,2.89,560241,2.85
2011/09/08,2.90,2.93,2.86,2.86,534789,2.90
2011/09/09,2.86,2.90,2.84,2.84,246718,2.87
2011/09/13,2.80,2.80,2.75,2.78,310336,2.77
2011/09/14,2.81,2.83,2.75,2.83,244415,2.79
2011/09/15,2.83,2.86,2.81,2.83,379500,2.83
2011/09/16,2.85,2.86,2.81,2.82,386165,2.83
2011/09/19,2.83,2.83,2.73,2.73,350488,2.78
2011/09/20,2.73,2.76,2.72,2.75,261066,2.74
2011/09/21,2.74,2.85,2.73,2.83,572901,2.79
2011/09/22,2.82,2.82,2.73,2.73,490550,2.77
2011/09/23,2.70,2.73,2.66,2.72,349878,2.70
2011/09/26,2.70,2.73,2.69,2.70,163963,2.71
2011/09/27,2.73,2.74,2.69,2.73,260253,2.72
2011/09/28,2.74,2.74,2.69,2.69,191480,2.72
2011/09/29,2.65,2.67,2.57,2.57,416685,2.62
2011/09/30,2.58,2.61,2.54,2.59,288488,2.57
2011/10/10,2.59,2.62,2.56,2.60,197558,2.59
2011/10/11,2.66,2.68,2.59,2.62,249576,2.64
2011/10/12,2.59,2.71,2.58,2.70,351477,2.65
2011/10/13,2.72,2.77,2.70,2.75,498569,2.74
2011/10/14,2.73,2.75,2.70,2.72,297115,2.73
2011/10/17,2.72,2.75,2.71,2.73,171796,2.73
2011/10/18,2.70,2.72,2.65,2.65,252212,2.69
2011/10/19,2.67,2.68,2.64,2.68,172194,2.66
2011/10/20,2.66,2.66,2.56,2.58,307137,2.61
2011/10/21,2.58,2.61,2.57,2.59,132200,2.59
2011/10/24,2.62,2.63,2.51,2.63,267689,2.57
2011/10/25,2.62,2.70,2.60,2.70,286754,2.65
2011/10/26,2.69,2.77,2.66,2.74,646653,2.72
2011/10/27,2.76,2.77,2.73,2.74,418828,2.75
2011/10/28,2.75,2.83,2.74,2.83,594383,2.79
2011/10/31,2.80,2.84,2.78,2.83,525680,2.81
2011/11/01,2.79,2.83,2.78,2.81,473588,2.80
2011/11/02,2.77,2.89,2.74,2.88,1046039,2.82
2011/11/03,2.89,2.94,2.89,2.89,1079805,2.92
2011/11/04,2.90,2.91,2.85,2.89,743720,2.88
2011/11/07,2.88,2.91,2.87,2.91,620160,2.89
2011/11/08,2.93,3.10,2.89,2.97,2316307,3.00
2011/11/09,2.97,3.05,2.93,3.04,1505846,2.99
2011/11/10,3.01,3.28,2.97,3.16,4019110,3.13
2011/11/11,3.13,3.49,3.12,3.38,6608485,3.31
2011/11/14,3.39,3.43,3.33,3.43,3759136,3.38
2011/11/15,3.38,3.40,3.32,3.34,2493127,3.36
2011/11/16,3.33,3.37,3.19,3.24,2387016,3.28
2011/11/17,3.23,3.31,3.22,3.25,1680572,3.27
2011/11/18,3.21,3.23,3.10,3.10,1658616,3.17
2011/11/21,3.12,3.17,3.08,3.17,1021614,3.13
2011/11/22,3.11,3.15,3.03,3.12,1377716,3.09
2011/11/23,3.12,3.14,3.04,3.05,915810,3.09
2011/11/24,3.03,3.06,2.97,3.02,870031,3.02
2011/11/25,3.15,3.15,3.01,3.01,1333972,3.08
2011/11/28,3.01,3.04,2.94,2.97,624358,2.99
2011/11/29,2.99,3.03,2.94,3.03,850216,2.98
2011/11/30,3.02,3.04,2.71,2.71,2065010,2.88
2011/12/01,2.81,2.83,2.74,2.74,2012141,2.79
2011/12/02,2.75,2.75,2.64,2.66,807750,2.70
2011/12/05,2.66,2.66,2.57,2.59,590708,2.61
2011/12/06,2.55,2.67,2.55,2.65,645723,2.61
2011/12/07,2.66,2.67,2.63,2.66,327647,2.65
2011/12/08,2.64,2.72,2.63,2.69,657329,2.68
2011/12/09,2.66,2.70,2.63,2.64,448705,2.67
2011/12/12,2.61,2.69,2.61,2.63,296399,2.65
2011/12/13,2.59,2.63,2.50,2.52,614877,2.56
2011/12/14,2.50,2.54,2.48,2.48,301200,2.51
2011/12/15,2.47,2.51,2.43,2.45,593656,2.47
2011/12/16,2.44,2.55,2.44,2.54,430339,2.49
2011/12/19,2.51,2.59,2.49,2.59,693844,2.54
2011/12/20,2.59,2.64,2.54,2.54,619952,2.59
2011/12/21,2.56,2.60,2.45,2.45,563466,2.53
2011/12/22,2.43,2.45,2.25,2.38,658868,2.35
2011/12/23,2.35,2.44,2.35,2.40,359862,2.40
2011/12/26,2.35,2.42,2.28,2.35,254783,2.35
2011/12/27,2.38,2.38,2.29,2.29,400600,2.33
2011/12/28,2.33,2.33,2.23,2.30,484107,2.28
2011/12/29,2.30,2.33,2.28,2.31,282199,2.30
2011/12/30,2.32,2.36,2.31,2.34,346699,2.33
2012/01/04,2.34,2.38,2.28,2.28,353284,2.33
2012/01/05,2.28,2.28,2.13,2.15,486899,2.20
2012/01/06,2.13,2.18,2.07,2.18,211624,2.13
2012/01/09,2.17,2.28,2.15,2.27,500199,2.21
2012/01/10,2.28,2.37,2.25,2.36,649738,2.31
2012/01/11,2.37,2.38,2.33,2.36,414280,2.35
2012/01/12,2.33,2.38,2.33,2.34,398199,2.35
2012/01/13,2.33,2.34,2.20,2.23,425172,2.27
2012/01/16,2.21,2.21,2.13,2.13,305715,2.17
2012/01/17,2.13,2.28,2.13,2.27,423417,2.20
2012/01/18,2.26,2.31,2.24,2.27,764075,2.28
2012/01/19,2.27,2.37,2.23,2.35,650884,2.30
2012/01/20,2.35,2.52,2.35,2.47,1036335,2.44
2012/01/30,2.45,2.51,2.40,2.46,465835,2.45
2012/01/31,2.43,2.46,2.41,2.43,287701,2.44
2012/02/01,2.43,2.46,2.41,2.43,0,2.44
2012/02/02,2.43,2.46,2.41,2.43,0,2.44
2012/02/03,2.43,2.46,2.41,2.43,0,2.44
2012/02/06,2.43,2.46,2.41,2.43,0,2.44
2012/02/07,2.43,2.46,2.41,2.43,0,2.44
2012/02/08,2.43,2.46,2.41,2.43,0,2.44
2012/02/09,2.43,2.46,2.41,2.43,0,2.44
2012/02/10,2.43,2.46,2.41,2.43,0,2.44
2012/02/13,2.43,2.46,2.41,2.43,0,2.44
2012/02/14,2.43,2.46,2.41,2.43,0,2.44
2012/02/15,2.43,2.46,2.41,2.43,0,2.44
2012/02/16,2.43,2.46,2.41,2.43,0,2.44
2012/02/17,2.43,2.46,2.41,2.43,0,2.44
2012/02/20,2.43,2.46,2.41,2.43,0,2.44
2012/02/21,2.43,2.46,2.41,2.43,0,2.44
2012/02/22,2.43,2.46,2.41,2.43,0,2.44
2012/02/23,2.43,2.46,2.41,2.43,0,2.44
2012/02/24,2.43,2.46,2.41,2.43,0,2.44
2012/02/27,2.43,2.46,2.41,2.43,0,2.44
2012/02/28,2.43,2.46,2.41,2.43,0,2.44
2012/02/29,2.43,2.46,2.41,2.43,0,2.44
2012/03/01,2.43,2.46,2.41,2.43,0,2.44
2012/03/02,2.68,2.68,2.68,2.68,84985,2.68
2012/03/05,2.96,2.96,2.96,2.96,164576,2.96
2012/03/06,3.27,3.27,3.27,3.27,3638360,3.27
2012/03/07,3.46,3.61,3.38,3.61,13678484,3.49
2012/03/08,3.60,3.63,3.49,3.60,8732609,3.56
2012/03/09,3.57,3.68,3.53,3.66,6823216,3.60
2012/03/12,3.61,3.78,3.58,3.77,7780642,3.68
2012/03/13,3.76,4.16,3.72,4.16,8709167,3.94
2012/03/14,4.37,4.57,4.13,4.17,16654194,4.35
2012/03/15,4.09,4.35,3.92,3.96,12567323,4.13
2012/03/16,3.90,4.00,3.82,3.97,8440670,3.91
2012/03/19,3.89,3.99,3.82,3.92,6280817,3.91
2012/03/20,3.91,3.91,3.63,3.68,9383564,3.77
2012/03/21,3.69,3.76,3.54,3.72,7135159,3.65
2012/03/22,3.66,3.74,3.60,3.66,4006908,3.67
2012/03/23,3.61,3.75,3.49,3.57,4689035,3.62
2012/03/26,3.53,3.61,3.50,3.59,2732863,3.55
2012/03/27,3.61,3.65,3.36,3.45,4816696,3.50
2012/03/28,3.41,3.53,3.32,3.38,5472510,3.42
2012/03/29,3.38,3.50,3.29,3.39,5001829,3.40
2012/03/30,3.38,3.40,3.04,3.04,6102110,3.22
2012/04/05,2.94,3.11,2.91,3.09,5876858,3.01
2012/04/06,3.04,3.26,3.01,3.13,7492691,3.13
2012/04/09,3.10,3.22,3.03,3.14,4452660,3.13
2012/04/10,3.13,3.16,2.95,3.16,4603519,3.06
2012/04/11,3.09,3.26,3.07,3.22,5106494,3.16
2012/04/12,3.18,3.24,3.07,3.24,5387210,3.16
2012/04/13,3.22,3.22,3.14,3.15,3796885,3.18
2012/04/16,3.11,3.21,3.06,3.08,2772827,3.14
2012/04/17,3.06,3.15,3.01,3.10,3007404,3.08
2012/04/18,3.07,3.27,3.04,3.22,5051422,3.16
2012/04/19,3.18,3.38,3.10,3.33,8080850,3.24
2012/04/20,3.28,3.34,3.24,3.32,5622325,3.29
2012/04/23,3.28,3.29,2.98,2.98,3968128,3.14
2012/04/24,2.76,2.81,2.67,2.72,7894775,2.74
2012/04/25,2.67,2.73,2.65,2.70,3929792,2.69
2012/04/26,2.68,2.74,2.61,2.63,3440143,2.68
2012/04/27,2.64,2.73,2.61,2.67,3057995,2.67
2012/05/02,2.72,2.72,2.65,2.68,2205881,2.69
2012/05/03,2.65,2.71,2.65,2.69,2374473,2.68
2012/05/04,2.69,2.75,2.68,2.73,2919298,2.72
2012/05/07,2.73,2.80,2.69,2.80,3077651,2.74
2012/05/08,2.80,2.94,2.79,2.84,5278101,2.86
2012/05/09,2.81,2.81,2.70,2.70,3151178,2.76
2012/05/10,2.68,2.77,2.68,2.75,2232870,2.73
2012/05/11,2.76,2.79,2.70,2.71,1876029,2.75
2012/05/14,2.75,2.75,2.62,2.66,2725018,2.69
2012/05/15,2.61,2.65,2.58,2.63,2264940,2.61
2012/05/16,2.65,2.91,2.63,2.91,3291965,2.77
2012/05/17,2.98,3.21,2.95,3.21,15067387,3.08
2012/05/18,3.31,3.52,3.08,3.10,13983840,3.30
2012/05/21,3.02,3.16,2.92,2.94,7022707,3.04
2012/05/22,2.93,2.99,2.88,2.98,5516343,2.94
2012/05/23,2.95,2.96,2.83,2.85,4042247,2.90
2012/05/24,2.84,2.94,2.83,2.86,3942922,2.89
2012/05/25,2.85,2.90,2.80,2.83,2769472,2.85
2012/05/28,2.82,2.83,2.68,2.78,3206535,2.76
2012/05/29,2.76,2.88,2.74,2.88,3837141,2.81
2012/05/30,2.90,2.90,2.82,2.86,3064012,2.86
2012/05/31,2.83,2.92,2.81,2.89,3328107,2.86
2012/06/01,2.91,2.93,2.77,2.81,2923086,2.85
2012/06/04,2.75,2.75,2.62,2.63,2950913,2.69
2012/06/05,2.62,2.68,2.60,2.68,1899455,2.64
2012/06/06,2.69,2.71,2.63,2.66,1428801,2.67
2012/06/07,2.70,2.72,2.62,2.62,1479749,2.67
2012/06/08,2.65,2.68,2.60,2.63,1650587,2.64
2012/06/11,2.68,2.91,2.65,2.83,5193296,2.78
2012/06/12,2.76,2.77,2.69,2.74,3252629,2.73
2012/06/13,2.78,2.81,2.73,2.79,2214493,2.77
2012/06/14,2.76,2.81,2.73,2.74,1574963,2.77
2012/06/15,2.79,2.79,2.71,2.74,1265184,2.75
2012/06/18,2.77,2.80,2.74,2.79,1812463,2.77
2012/06/19,2.79,2.79,2.74,2.75,1336816,2.77
2012/06/20,2.75,2.83,2.75,2.79,2688773,2.79
2012/06/21,2.78,2.93,2.76,2.82,4214355,2.84
2012/06/25,2.80,2.80,2.63,2.64,2886060,2.71
2012/06/26,2.61,2.67,2.61,2.65,1138606,2.64
2012/06/27,2.66,2.72,2.64,2.65,1387184,2.68
2012/06/28,2.65,2.68,2.54,2.54,1230570,2.61
2012/06/29,2.52,2.60,2.51,2.58,920095,2.55
2012/07/02,2.59,2.63,2.58,2.58,1267995,2.60
2012/07/03,2.61,2.63,2.56,2.58,1527994,2.59
2012/07/04,2.61,2.66,2.57,2.64,1738985,2.61
2012/07/05,2.63,2.65,2.52,2.55,1248702,2.58
2012/07/06,2.59,2.61,2.48,2.58,1089202,2.54
2012/07/09,2.57,2.57,2.42,2.42,1261328,2.49
2012/07/10,2.41,2.44,2.40,2.41,576534,2.42
2012/07/11,2.43,2.45,2.38,2.45,749800,2.42
2012/07/12,2.45,2.45,2.38,2.45,1596640,2.42
2012/07/13,2.42,2.43,2.38,2.39,1157098,2.41
2012/07/16,2.38,2.38,2.14,2.14,1760247,2.26
2012/07/17,2.11,2.20,2.11,2.18,1234637,2.16
2012/07/18,2.16,2.23,2.15,2.23,927385,2.19
2012/07/19,2.21,2.46,2.18,2.46,3141588,2.32
2012/07/20,2.51,2.57,2.38,2.43,4970429,2.47
2012/07/23,2.33,2.40,2.31,2.33,1948121,2.35
2012/07/24,2.32,2.39,2.27,2.36,1457396,2.33
2012/07/25,2.31,2.35,2.29,2.35,1355130,2.32
2012/07/26,2.34,2.36,2.23,2.24,1368144,2.29
2012/07/27,2.24,2.26,2.20,2.24,1050850,2.23
2012/07/30,2.25,2.28,2.14,2.18,916771,2.21
2012/07/31,2.13,2.23,2.13,2.20,709825,2.18
2012/08/01,2.20,2.29,2.18,2.26,1440040,2.24
2012/08/02,2.24,2.28,2.20,2.23,832560,2.24
2012/08/03,2.25,2.30,2.23,2.30,1128040,2.26
2012/08/06,2.28,2.43,2.27,2.36,2047695,2.35
2012/08/07,2.33,2.42,2.33,2.39,1644271,2.38
2012/08/08,2.37,2.41,2.30,2.37,1348930,2.35
2012/08/09,2.36,2.44,2.32,2.43,1952986,2.38
2012/08/10,2.44,2.55,2.37,2.52,3053048,2.46
2012/08/13,2.50,2.75,2.45,2.59,5656991,2.60
2012/08/14,2.57,2.72,2.56,2.64,4263653,2.64
2012/08/15,2.57,2.61,2.43,2.44,3127279,2.52
2012/08/16,2.43,2.48,2.38,2.47,1980336,2.43
2012/08/17,2.44,2.50,2.39,2.43,1234081,2.45
2012/08/20,2.39,2.44,2.35,2.42,1036224,2.40
2012/08/21,2.42,2.49,2.41,2.47,1693529,2.45
2012/08/22,2.47,2.50,2.44,2.46,1272022,2.47
2012/08/23,2.48,2.56,2.43,2.53,2228826,2.50
2012/08/24,2.52,2.52,2.40,2.42,1392608,2.46
2012/08/27,2.41,2.41,2.29,2.29,1339499,2.35
2012/08/28,2.28,2.35,2.28,2.33,752328,2.31
2012/08/29,2.32,2.36,2.29,2.31,883320,2.32
2012/08/30,2.21,2.21,2.08,2.12,3433580,2.15
2012/08/31,2.10,2.14,2.10,2.13,1149799,2.12
2012/09/03,2.10,2.18,2.09,2.18,997606,2.14
2012/09/04,2.18,2.20,2.13,2.14,978601,2.17
2012/09/05,2.13,2.26,2.11,2.21,1369892,2.18
2012/09/06,2.23,2.26,2.19,2.25,1018084,2.22
2012/09/07,2.28,2.35,2.26,2.29,2495157,2.30
2012/09/10,2.29,2.36,2.26,2.32,2350207,2.31
2012/09/11,2.31,2.31,2.26,2.29,1747507,2.28
2012/09/12,2.29,2.36,2.29,2.35,3104635,2.32
2012/09/13,2.36,2.36,2.26,2.26,2175319,2.31
2012/09/14,2.29,2.32,2.23,2.28,1343390,2.27
2012/09/17,2.28,2.30,2.18,2.19,1373196,2.24
2012/09/18,2.18,2.24,2.17,2.21,966231,2.21
2012/09/19,2.28,2.44,2.27,2.29,3097236,2.35
2012/09/20,2.25,2.28,2.13,2.19,2004804,2.20
2012/09/21,2.13,2.19,2.12,2.13,942291,2.16
2012/09/24,2.12,2.16,2.10,2.15,584233,2.13
2012/09/25,2.15,2.17,2.12,2.15,499113,2.15
2012/09/26,2.13,2.16,2.07,2.08,650784,2.11
2012/09/27,2.09,2.16,2.08,2.14,955532,2.12
2012/09/28,2.13,2.18,2.13,2.17,797804,2.16
2012/10/08,2.17,2.20,2.14,2.15,483828,2.17
2012/10/09,2.16,2.22,2.16,2.22,1060846,2.19
2012/10/10,2.22,2.35,2.20,2.30,2926042,2.28
2012/10/11,2.29,2.30,2.24,2.26,1344336,2.27
2012/10/12,2.27,2.32,2.25,2.29,1641054,2.28
2012/10/15,2.26,2.28,2.11,2.15,1448097,2.19
2012/10/16,2.15,2.18,2.14,2.16,550179,2.16
2012/10/17,2.17,2.21,2.16,2.20,833943,2.19
2012/10/18,2.22,2.27,2.19,2.23,1097230,2.23
2012/10/19,2.23,2.25,2.20,2.21,616760,2.23
2012/10/22,2.21,2.28,2.19,2.26,791911,2.23
2012/10/23,2.26,2.30,2.23,2.26,1375648,2.26
2012/10/24,2.25,2.28,2.23,2.27,750162,2.25
2012/10/25,2.24,2.28,2.22,2.26,707986,2.25
2012/10/26,2.26,2.26,2.18,2.19,701838,2.22
2012/10/29,2.16,2.19,2.12,2.13,625935,2.16
2012/10/30,2.19,2.31,2.15,2.16,1246251,2.23
2012/10/31,2.11,2.19,2.09,2.16,1214099,2.14
2012/11/01,2.15,2.21,2.15,2.18,701642,2.18
2012/11/02,2.18,2.22,2.17,2.18,670342,2.20
2012/11/05,2.19,2.19,2.16,2.17,533239,2.18
2012/11/06,2.17,2.18,2.10,2.15,491894,2.14
2012/11/07,2.13,2.17,2.13,2.16,319132,2.15
2012/11/08,2.12,2.15,2.10,2.10,615445,2.13
2012/11/09,2.10,2.12,2.08,2.11,419294,2.10
2012/11/12,2.12,2.13,2.10,2.10,568517,2.11
2012/11/13,2.11,2.13,2.08,2.09,882432,2.10
2012/11/14,2.10,2.13,2.06,2.10,642525,2.09
2012/11/15,2.09,2.09,2.00,2.00,805803,2.04
2012/11/16,2.01,2.01,1.93,1.96,865027,1.97
2012/11/19,1.96,2.00,1.94,1.98,373238,1.97
2012/11/20,1.98,2.02,1.97,1.98,304206,1.99
2012/11/21,2.01,2.09,1.95,2.08,1069916,2.02
2012/11/22,2.12,2.24,2.08,2.09,2493916,2.16
2012/11/23,2.01,2.06,1.99,2.01,1565321,2.03
2012/11/26,2.01,2.01,1.96,1.97,608488,1.98
2012/11/27,1.97,1.98,1.88,1.89,824800,1.93
2012/11/28,1.89,1.89,1.82,1.83,466346,1.85
2012/11/29,1.82,1.86,1.79,1.81,358181,1.83
2012/11/30,1.81,1.84,1.81,1.83,196253,1.83
2012/12/03,1.84,1.84,1.76,1.76,374800,1.80
2012/12/04,1.75,1.83,1.74,1.82,508850,1.79
2012/12/05,1.80,1.89,1.80,1.88,750341,1.84
2012/12/06,1.86,1.90,1.86,1.87,341575,1.88
2012/12/07,1.87,1.91,1.86,1.91,681313,1.89
2012/12/10,1.91,1.95,1.89,1.94,819117,1.92
2012/12/11,1.93,1.95,1.92,1.92,649519,1.93
2012/12/12,1.92,1.94,1.88,1.91,529659,1.91
2012/12/13,1.89,1.96,1.88,1.91,787929,1.92
2012/12/14,1.89,1.99,1.88,1.98,1100806,1.93
2012/12/17,1.98,2.02,1.94,1.98,1449718,1.98
2012/12/18,1.98,2.01,1.95,1.99,1350005,1.98
2012/12/19,1.97,2.02,1.96,2.00,976599,1.99
2012/12/20,1.98,2.00,1.95,2.00,968000,1.97
2012/12/21,2.00,2.03,1.96,2.00,1374484,1.99
2012/12/24,1.99,2.01,1.97,2.00,1773280,1.99
2012/12/25,2.00,2.05,1.97,2.03,3503675,2.01
2012/12/26,2.03,2.09,2.02,2.09,3033633,2.05
2012/12/27,2.10,2.12,2.03,2.03,2231496,2.07
2012/12/28,2.03,2.06,2.01,2.04,1325412,2.03
2012/12/31,2.04,2.04,1.99,2.01,2679929,2.02
2013/01/04,2.02,2.03,1.96,1.98,2337379,1.99
2013/01/07,1.99,2.04,1.98,2.04,2236336,2.01
2013/01/08,2.03,2.09,2.03,2.07,3310059,2.06
2013/01/09,2.07,2.15,2.05,2.09,4017410,2.10
2013/01/10,2.09,2.16,2.07,2.13,3856472,2.11
2013/01/11,2.11,2.13,2.03,2.06,2989424,2.08
2013/01/14,2.04,2.14,2.03,2.13,3127572,2.08
2013/01/15,2.15,2.21,2.13,2.17,3633348,2.17
2013/01/16,2.17,2.21,2.11,2.15,2767685,2.16
2013/01/17,2.17,2.20,2.13,2.16,3417032,2.17
2013/01/18,2.17,2.19,2.13,2.18,2739521,2.16
2013/01/21,2.19,2.24,2.16,2.22,2769423,2.20
2013/01/22,2.22,2.22,2.13,2.14,2412781,2.18
2013/01/23,2.13,2.16,2.08,2.13,1604110,2.12
2013/01/24,2.12,2.15,2.04,2.04,2086291,2.09
2013/01/25,2.04,2.07,2.01,2.07,1269621,2.04
2013/01/28,2.06,2.11,2.05,2.10,1217988,2.08
2013/01/29,2.09,2.13,2.09,2.11,1218425,2.11
2013/01/30,2.10,2.11,2.05,2.11,1301743,2.08
2013/01/31,2.09,2.11,2.06,2.07,786430,2.08
2013/02/01,2.07,2.16,2.03,2.16,2263981,2.09
2013/02/04,2.19,2.28,2.13,2.13,4163771,2.20
2013/02/05,2.09,2.14,2.07,2.13,1893037,2.10
2013/02/06,2.12,2.15,2.11,2.13,1189925,2.13
2013/02/07,2.13,2.14,2.10,2.13,1162582,2.12
2013/02/08,2.13,2.17,2.13,2.16,1487641,2.15
2013/02/18,2.16,2.18,2.14,2.17,1615850,2.16
2013/02/19,2.17,2.20,2.14,2.17,1880735,2.17
2013/02/20,2.17,2.28,2.16,2.25,4704619,2.22
2013/02/21,2.26,2.29,2.19,2.23,3843187,2.24
2013/02/22,2.24,2.27,2.20,2.21,2106961,2.24
2013/02/25,2.18,2.26,2.18,2.26,1652777,2.22
2013/02/26,2.33,2.33,2.17,2.17,2521046,2.25
2013/02/27,2.19,2.20,2.13,2.14,1799749,2.17
2013/02/28,2.14,2.22,2.14,2.19,1591089,2.18
2013/03/01,2.19,2.25,2.19,2.23,1727939,2.22
2013/03/04,2.23,2.23,2.12,2.14,1957946,2.18
2013/03/05,2.13,2.20,2.13,2.18,1156661,2.17
2013/03/06,2.19,2.27,2.18,2.25,2532842,2.23
2013/03/07,2.24,2.28,2.21,2.24,1489637,2.24
2013/03/08,2.23,2.25,2.22,2.23,807336,2.24
2013/03/11,2.23,2.23,2.19,2.22,982953,2.21
2013/03/12,2.22,2.25,2.10,2.13,2578180,2.18
2013/03/13,2.13,2.13,2.06,2.10,915778,2.09
2013/03/14,2.10,2.12,2.07,2.08,910122,2.09
2013/03/15,2.08,2.13,2.05,2.11,837283,2.09
2013/03/18,2.10,2.12,2.05,2.06,722223,2.08
2013/03/19,2.08,2.08,2.01,2.05,580120,2.04
2013/03/20,2.05,2.10,2.04,2.10,677906,2.07
2013/03/21,2.11,2.14,2.10,2.13,1084337,2.12
2013/03/22,2.11,2.14,2.11,2.13,720297,2.13
2013/03/25,2.13,2.15,2.12,2.13,560864,2.14
2013/03/26,2.13,2.13,2.06,2.10,946305,2.09
2013/03/27,2.10,2.13,2.09,2.09,592401,2.11
2013/03/28,2.09,2.09,2.05,2.05,750420,2.07
2013/03/29,2.05,2.15,2.05,2.13,1401358,2.10
2013/04/01,2.12,2.20,2.10,2.16,1578728,2.15
2013/04/02,2.14,2.19,2.09,2.09,1056293,2.14
2013/04/03,2.08,2.13,2.07,2.13,838060,2.10
2013/04/08,2.23,2.23,2.10,2.18,3445581,2.17
2013/04/09,2.17,2.38,2.15,2.35,7896407,2.26
2013/04/10,2.33,2.33,2.19,2.24,6040395,2.26
2013/04/11,2.23,2.24,2.18,2.22,2448053,2.21
2013/04/12,2.21,2.21,2.14,2.15,2036953,2.18
2013/04/15,2.11,2.14,2.08,2.08,1622352,2.11
2013/04/16,2.06,2.10,2.04,2.09,1130387,2.07
2013/04/17,2.09,2.16,2.06,2.13,1799313,2.11
2013/04/18,2.13,2.13,2.09,2.11,1372629,2.11
2013/04/19,2.09,2.15,2.09,2.12,1954991,2.12
2013/04/22,2.11,2.17,2.11,2.16,1659379,2.14
2013/04/23,2.17,2.17,2.09,2.10,1603570,2.13
2013/04/24,2.10,2.14,2.09,2.13,1466083,2.11
2013/04/25,2.10,2.13,2.07,2.07,1285068,2.10
2013/04/26,2.08,2.08,2.02,2.02,901229,2.05
2013/05/02,2.02,2.06,2.02,2.04,924941,2.04
2013/05/03,2.04,2.10,2.03,2.08,999202,2.06
2013/05/06,2.08,2.13,2.08,2.13,1250852,2.10
2013/05/07,2.16,2.22,2.14,2.16,3196452,2.18
2013/05/08,2.14,2.16,2.12,2.16,1659660,2.14
2013/05/09,2.16,2.16,2.11,2.13,2098390,2.14
2013/05/10,2.13,2.16,2.12,2.16,1975211,2.14
2013/05/13,2.16,2.20,2.15,2.19,2377521,2.18
2013/05/14,2.19,2.19,2.13,2.17,1423588,2.16
2013/05/15,2.17,2.21,2.15,2.21,1571249,2.18
2013/05/16,2.21,2.23,2.19,2.19,2846660,2.21
2013/05/17,2.18,2.24,2.18,2.23,2084069,2.21
2013/05/20,2.21,2.28,2.21,2.27,2455336,2.24
2013/05/21,2.28,2.30,2.23,2.28,2577122,2.26
2013/05/22,2.28,2.34,2.25,2.28,2950069,2.29
2013/05/23,2.28,2.31,2.23,2.28,1956680,2.27
2013/05/24,2.28,2.34,2.27,2.33,2058748,2.30
2013/05/27,2.33,2.36,2.30,2.35,2356410,2.33
2013/05/28,2.34,2.35,2.28,2.30,2396725,2.31
2013/05/29,2.29,2.33,2.29,2.33,1889653,2.31
2013/05/30,2.33,2.33,2.26,2.28,2996939,2.29
2013/05/31,2.28,2.29,2.25,2.25,1874216,2.27
2013/06/03,2.27,2.33,2.24,2.32,3451712,2.29
2013/06/04,2.31,2.34,2.24,2.26,3051602,2.29
2013/06/05,2.25,2.32,2.22,2.31,2224385,2.27
2013/06/06,2.30,2.32,2.24,2.25,1386547,2.28
2013/06/07,2.25,2.28,2.19,2.20,1285419,2.23
2013/06/13,2.18,2.18,2.09,2.11,1249767,2.14
2013/06/14,2.10,2.14,2.10,2.14,830381,2.12
2013/06/17,2.14,2.16,2.09,2.10,1336708,2.13
2013/06/18,2.11,2.13,2.09,2.12,943226,2.11
2013/06/19,2.12,2.14,2.05,2.14,1067554,2.09
2013/06/20,2.13,2.16,2.08,2.08,831972,2.12
2013/06/21,2.07,2.15,2.00,2.12,1025835,2.07
2013/06/24,2.15,2.15,1.93,1.99,1525647,2.04
2013/06/25,1.99,2.04,1.83,1.97,1455169,1.94
2013/06/26,1.99,2.02,1.92,2.01,992869,1.97
2013/06/27,2.04,2.05,1.96,1.96,717627,2.00
2013/06/28,1.91,1.98,1.91,1.93,591481,1.94
2013/07/01,1.89,1.95,1.89,1.94,602484,1.92
2013/07/02,1.94,1.98,1.93,1.98,845409,1.95
2013/07/03,1.96,1.98,1.92,1.97,562990,1.95
2013/07/04,1.94,2.06,1.94,2.02,1243368,2.00
2013/07/05,2.01,2.07,2.00,2.03,942842,2.03
2013/07/08,1.99,2.02,1.93,1.95,964020,1.97
2013/07/09,1.97,1.98,1.92,1.97,454326,1.95
2013/07/10,1.93,2.03,1.93,2.03,782342,1.98
2013/07/11,2.03,2.09,2.01,2.09,1599412,2.05
2013/07/12,2.11,2.13,2.05,2.05,1684109,2.09
2013/07/15,2.09,2.12,2.03,2.10,1299595,2.07
2013/07/16,2.09,2.15,2.08,2.15,1383969,2.11
2013/07/17,2.14,2.17,2.09,2.11,1228243,2.13
2013/07/18,2.09,2.15,2.08,2.11,709176,2.11
2013/07/19,2.11,2.15,2.06,2.06,851080,2.10
2013/07/22,2.06,2.16,2.03,2.16,1185011,2.09
2013/07/23,2.16,2.22,2.14,2.19,2284209,2.18
2013/07/24,2.19,2.22,2.16,2.21,1519668,2.19
2013/07/25,2.21,2.21,2.13,2.13,1796240,2.17
2013/07/26,2.15,2.24,2.10,2.23,2624057,2.17
2013/07/29,2.22,2.26,2.19,2.19,2259443,2.22
2013/07/30,2.22,2.24,2.16,2.22,1588805,2.20
2013/07/31,2.26,2.27,2.18,2.18,3030988,2.23
2013/08/01,2.18,2.39,2.18,2.30,4442979,2.29
2013/08/02,2.29,2.33,2.26,2.26,2897621,2.29
2013/08/05,2.32,2.49,2.32,2.49,4172025,2.41
2013/08/06,2.58,2.75,2.57,2.74,15111865,2.66
2013/08/07,2.68,2.81,2.64,2.72,10847293,2.73
2013/08/08,2.69,2.87,2.64,2.86,10803659,2.76
2013/08/09,2.86,3.15,2.86,3.15,11002433,3.00
2013/08/12,3.37,3.48,3.31,3.48,21368784,3.40
2013/08/13,3.47,3.83,3.42,3.83,18166942,3.63
2013/08/14,3.85,4.05,3.69,3.90,18696065,3.87
2013/08/15,3.81,3.98,3.76,3.85,13334074,3.87
2013/08/16,3.78,3.98,3.65,3.70,13528277,3.81
2013/08/19,3.81,4.04,3.72,3.94,15407839,3.88
2013/08/20,3.90,3.99,3.74,3.87,12932884,3.87
2013/08/21,3.82,4.19,3.79,3.86,17249821,3.99
2013/08/22,3.80,4.25,3.78,4.25,14833146,4.01
2013/08/23,4.33,4.42,3.95,4.03,17448416,4.19
2013/08/26,3.94,4.09,3.91,4.01,8682216,4.00
2013/08/27,3.99,4.22,3.98,4.15,11434768,4.10
2013/08/28,4.09,4.18,3.91,3.96,10180341,4.04
2013/08/29,3.91,3.92,3.77,3.81,8946755,3.84
2013/08/30,3.83,3.89,3.61,3.67,9031195,3.75
2013/09/02,3.64,3.84,3.64,3.78,6735153,3.74
2013/09/03,3.73,3.84,3.63,3.79,7144313,3.73
2013/09/04,3.77,3.84,3.67,3.75,6588072,3.75
2013/09/05,3.74,3.81,3.57,3.81,8294209,3.69
2013/09/06,3.81,3.82,3.62,3.66,8554622,3.72
2013/09/09,3.59,3.84,3.53,3.71,10426144,3.68
2013/09/10,3.69,3.90,3.63,3.80,11636776,3.76
2013/09/11,3.73,3.73,3.41,3.58,15187199,3.57
2013/09/12,3.47,3.50,3.38,3.39,6480495,3.44
2013/09/13,3.35,3.49,3.35,3.43,4752520,3.42
2013/09/16,3.44,3.62,3.42,3.49,7542945,3.52
2013/09/17,3.44,3.62,3.42,3.49,0,3.52
2013/09/18,3.47,3.62,3.38,3.43,6532125,3.50
2013/09/23,3.38,3.52,3.32,3.50,5638545,3.42
2013/09/24,3.48,3.53,3.39,3.47,5176821,3.46
2013/09/25,3.44,3.57,3.40,3.53,6853760,3.48
2013/09/26,3.52,3.52,3.28,3.29,5823827,3.40
2013/09/27,3.28,3.32,3.21,3.23,2945250,3.26
2013/09/30,3.22,3.31,3.22,3.28,2083570,3.27
2013/10/08,3.27,3.42,3.25,3.38,4098831,3.33
2013/10/09,3.38,3.55,3.35,3.44,5554708,3.45
2013/10/10,3.42,3.50,3.34,3.35,4184303,3.42
2013/10/11,3.35,3.68,3.35,3.65,12495182,3.52
2013/10/14,3.65,3.73,3.58,3.69,10444260,3.66
2013/10/15,3.67,3.79,3.59,3.66,7175040,3.69
2013/10/16,3.64,3.66,3.29,3.31,6973196,3.48
2013/10/17,3.30,3.31,3.09,3.10,5697269,3.20
2013/10/18,3.10,3.19,3.08,3.18,2881153,3.14
2013/10/21,3.20,3.25,3.15,3.23,3721207,3.20
2013/10/22,3.24,3.24,3.06,3.07,4687395,3.15
2013/10/23,3.06,3.08,2.92,2.94,3786154,3.00
2013/10/24,2.95,3.04,2.95,2.97,2752444,3.00
2013/10/25,2.96,3.01,2.91,2.97,2238858,2.96
2013/10/28,2.95,3.03,2.94,3.03,1956446,2.98
2013/10/29,3.05,3.08,2.81,2.92,2772901,2.95
2013/10/30,2.91,2.98,2.88,2.98,1777579,2.93
2013/10/31,2.97,2.97,2.89,2.94,1362264,2.93
2013/11/01,2.93,3.20,2.89,3.10,4597586,3.05
2013/11/04,3.04,3.14,3.04,3.09,3016466,3.09
2013/11/05,3.06,3.14,3.05,3.14,2638828,3.09
2013/11/06,3.11,3.16,3.06,3.07,2260907,3.11
2013/11/07,3.07,3.08,2.94,2.97,1452116,3.01
2013/11/08,2.97,3.05,2.91,2.99,1271134,2.98
2013/11/11,3.03,3.08,2.94,3.06,1360848,3.01
2013/11/12,3.06,3.14,3.05,3.12,1933497,3.09
2013/11/13,3.10,3.15,3.05,3.07,2308120,3.10
2013/11/14,3.06,3.14,3.00,3.14,2546840,3.07
2013/11/15,3.11,3.24,3.11,3.17,4150374,3.18
2013/11/18,3.18,3.30,3.14,3.25,2855675,3.22
2013/11/19,3.28,3.31,3.20,3.23,2456378,3.26
2013/11/20,3.22,3.27,3.19,3.23,1691796,3.23
2013/11/21,3.22,3.22,3.14,3.18,1849412,3.18
2013/11/22,3.18,3.30,3.16,3.30,3464516,3.23
2013/11/25,3.27,3.37,3.22,3.23,3185868,3.30
2013/11/26,3.22,3.26,3.19,3.21,1669999,3.22
2013/11/27,3.19,3.33,3.19,3.31,2765279,3.26
2013/11/28,3.30,3.65,3.30,3.65,4782509,3.47
2013/11/29,3.82,4.02,3.81,3.95,15685814,3.91
2013/12/02,3.58,3.93,3.58,3.69,11799201,3.76
2013/12/03,3.62,3.89,3.53,3.85,9427698,3.71
2013/12/04,3.85,3.99,3.74,3.74,10042748,3.87
2013/12/05,3.63,3.68,3.36,3.38,9865558,3.52
2013/12/06,3.34,3.44,3.34,3.37,4530009,3.39
2013/12/09,3.35,3.44,3.33,3.41,4054956,3.39
2013/12/10,3.41,3.43,3.30,3.39,3396524,3.36
2013/12/11,3.36,3.39,3.25,3.30,2684029,3.32
2013/12/12,3.31,3.39,3.30,3.33,2140753,3.34
2013/12/13,3.31,3.53,3.29,3.49,5365450,3.41
2013/12/16,3.44,3.47,3.29,3.29,4497200,3.38
2013/12/17,3.33,3.33,3.17,3.22,3028998,3.25
2013/12/18,3.20,3.23,3.16,3.23,1364191,3.20
2013/12/19,3.23,3.26,3.14,3.14,2132639,3.20
2013/12/20,3.14,3.16,3.08,3.09,1941581,3.12
2013/12/23,3.10,3.11,2.98,3.03,1579251,3.04
2013/12/24,3.03,3.09,2.98,3.05,1499595,3.03
2013/12/25,3.07,3.24,3.07,3.22,3526495,3.16
2013/12/26,3.22,3.22,3.09,3.10,2649619,3.16
2013/12/27,3.08,3.22,3.06,3.20,2574568,3.14
2013/12/30,3.22,3.27,3.19,3.23,2470749,3.23
2013/12/31,3.25,3.25,3.13,3.18,1719232,3.19
2014/01/02,3.16,3.32,3.16,3.29,3226943,3.24
2014/01/03,3.28,3.40,3.24,3.40,4665411,3.32
2014/01/06,3.41,3.42,3.26,3.31,3110382,3.34
2014/01/07,3.34,3.65,3.27,3.65,7138590,3.46
2014/01/08,3.79,3.89,3.67,3.77,15159975,3.78
2014/01/09,3.73,3.88,3.38,3.41,13460293,3.63
2014/01/10,3.34,3.37,3.15,3.18,7381039,3.26
2014/01/13,3.19,3.27,3.16,3.17,4025982,3.22
2014/01/14,3.17,3.31,3.17,3.30,4516722,3.24
2014/01/15,3.26,3.43,3.25,3.43,5336047,3.34
2014/01/16,3.43,3.52,3.34,3.45,4756401,3.43
2014/01/17,3.42,3.52,3.39,3.45,4039485,3.46
2014/01/20,3.42,3.47,3.28,3.31,2769558,3.38
2014/01/21,3.28,3.49,3.28,3.48,3556481,3.39
2014/01/22,3.47,3.65,3.44,3.54,5958585,3.54
2014/01/23,3.54,3.64,3.49,3.62,5473980,3.57
2014/01/24,3.59,3.65,3.55,3.60,4310081,3.60
2014/01/27,3.55,3.63,3.49,3.52,3348532,3.56
2014/01/28,3.52,3.58,3.41,3.45,2941729,3.50
2014/01/29,3.45,3.66,3.44,3.64,4534902,3.55
2014/01/30,3.67,3.67,3.51,3.53,2812383,3.59
2014/02/07,3.49,3.72,3.48,3.69,5194909,3.60
2014/02/10,3.69,3.85,3.69,3.77,6655646,3.77
2014/02/11,3.77,3.80,3.65,3.68,5627830,3.72
2014/02/12,3.69,3.84,3.68,3.81,5118194,3.76
2014/02/13,3.82,4.03,3.72,3.76,8711435,3.88
2014/02/14,3.74,3.88,3.71,3.88,6981754,3.79
2014/02/17,3.94,4.00,3.85,3.93,6516571,3.93
2014/02/18,3.90,3.92,3.82,3.85,5575201,3.87
2014/02/19,3.95,4.05,3.88,3.98,9012557,3.96
2014/02/20,4.03,4.09,3.87,3.97,9398028,3.98
2014/02/21,3.93,3.96,3.74,3.82,5519160,3.85
2014/02/24,3.79,3.84,3.66,3.83,3435279,3.75
2014/02/25,4.21,4.21,4.06,4.21,15731877,4.13
2014/02/26,4.24,4.40,4.10,4.40,18805580,4.25
2014/02/27,4.36,4.36,3.95,4.00,12010709,4.16
2014/02/28,3.86,3.98,3.83,3.93,6479324,3.91
2014/03/03,3.89,4.09,3.86,4.09,4658467,3.97
2014/03/04,4.06,4.06,3.97,4.02,3672832,4.01
2014/03/05,4.06,4.08,3.96,3.97,3499464,4.02
2014/03/06,3.94,4.22,3.92,4.22,7034958,4.07
2014/03/07,4.14,4.36,4.13,4.20,6452234,4.25
2014/03/10,4.19,4.34,4.06,4.11,5998263,4.20
2014/03/11,4.06,4.33,4.05,4.33,6466202,4.19
2014/03/12,4.34,4.75,4.25,4.55,12688953,4.50
2014/03/13,4.51,4.64,4.46,4.63,6918157,4.55
2014/03/14,4.59,4.94,4.53,4.82,9325664,4.74
2014/03/17,4.83,5.30,4.83,5.30,9091560,5.06
2014/03/18,5.56,5.78,5.32,5.52,21876536,5.55
2014/03/19,5.40,5.48,5.22,5.33,14583127,5.35
2014/03/20,5.25,5.39,4.83,4.90,16104477,5.11
2014/03/21,4.90,4.94,4.67,4.88,10375217,4.81
2014/03/24,4.80,5.04,4.80,4.94,8236369,4.92
2014/03/25,4.89,5.01,4.67,5.01,8539654,4.84
2014/03/26,5.06,5.33,4.91,5.25,13487967,5.12
2014/03/27,5.19,5.20,4.72,4.72,8980340,4.96
2014/03/28,4.62,4.83,4.48,4.58,5967057,4.66
2014/03/31,4.69,4.90,4.58,4.82,6423495,4.74
2014/04/01,4.84,5.01,4.74,4.86,5976795,4.88
2014/04/02,4.82,5.01,4.80,4.91,5498221,4.90
2014/04/03,4.89,5.08,4.85,5.00,6247146,4.96
2014/04/04,5.03,5.13,4.95,5.09,5225590,5.04
2014/04/08,5.06,5.20,4.99,5.16,5746761,5.10
2014/04/09,5.13,5.68,5.11,5.59,12696395,5.40
2014/04/10,5.51,5.67,5.37,5.40,9736815,5.52
2014/04/11,5.34,5.62,5.34,5.51,6457862,5.48
2014/04/14,5.50,5.67,5.38,5.59,5184711,5.52
2014/04/15,5.60,5.62,5.43,5.45,4592693,5.52
2014/04/16,5.39,5.45,5.17,5.22,5725437,5.31
2014/04/17,5.23,5.34,5.22,5.27,3626588,5.28
2014/04/18,5.24,5.61,5.20,5.61,7718261,5.41
2014/04/21,5.57,5.83,5.48,5.55,7449689,5.66
2014/04/22,5.58,5.59,5.15,5.45,5925732,5.37
2014/04/23,5.45,5.45,5.25,5.30,2701454,5.35
2014/04/24,5.31,5.43,5.16,5.34,4337283,5.29
2014/04/25,5.34,5.55,5.28,5.32,4497646,5.42
2014/04/28,5.21,5.21,4.84,4.88,5319814,5.02
2014/04/29,4.82,5.03,4.82,5.03,2418120,4.93
2014/04/30,5.02,5.07,4.90,4.96,2614915,4.99
2014/05/05,4.98,5.28,4.95,5.28,4361771,5.12
2014/05/06,5.31,5.39,5.23,5.34,4066781,5.31
2014/05/07,5.38,5.55,5.25,5.26,5171145,5.40
2014/05/08,5.18,5.33,5.09,5.17,3205701,5.21
2014/05/09,5.16,5.22,4.93,5.12,3768857,5.07
2014/05/12,5.16,5.63,5.03,5.47,8219642,5.33
2014/05/13,5.43,5.49,5.13,5.14,12754886,5.31
2014/05/14,5.16,5.66,5.08,5.66,15410545,5.37
2014/05/15,5.70,5.97,5.50,5.58,37546652,5.73
2014/05/16,5.41,5.49,5.17,5.35,20051775,5.33
2014/05/19,5.31,5.56,5.25,5.43,13969413,5.40
2014/05/20,5.48,5.66,5.34,5.47,12379095,5.50
2014/05/21,5.41,5.52,5.19,5.48,9036726,5.35
2014/05/22,5.42,5.66,5.38,5.40,13727733,5.52
2014/05/23,5.34,5.46,5.23,5.44,11394451,5.35
2014/05/26,5.43,5.50,5.38,5.44,8425110,5.44
2014/05/27,5.44,5.68,5.41,5.64,17074190,5.54
2014/05/28,5.61,5.66,5.48,5.64,12531028,5.57
2014/05/29,5.59,5.63,5.38,5.39,10835895,5.50
2014/05/30,5.39,5.49,5.31,5.32,8259152,5.40
2014/06/03,5.34,5.41,5.27,5.31,6022693,5.34
2014/06/04,5.29,5.29,5.12,5.21,7112979,5.21
2014/06/05,5.21,5.34,5.17,5.33,5702869,5.25
2014/06/06,5.34,5.49,5.29,5.43,8835430,5.39
2014/06/09,5.41,5.45,5.28,5.29,5476496,5.37
2014/06/10,5.29,5.39,5.19,5.39,5856841,5.29
2014/06/11,5.38,5.38,5.21,5.26,8180117,5.29
2014/06/12,5.23,5.26,5.17,5.19,5527652,5.21
2014/06/13,5.18,5.28,5.18,5.25,5493171,5.23
2014/06/16,5.24,5.40,5.21,5.36,8643206,5.31
2014/06/17,5.33,5.33,5.23,5.24,5304210,5.28
2014/06/18,5.24,5.27,5.05,5.06,5969644,5.16
2014/06/19,5.09,5.10,4.77,4.90,6536367,4.93
2014/06/20,4.91,4.99,4.87,4.97,3928351,4.93
2014/06/23,5.01,5.06,4.95,4.98,3598025,5.00
2014/06/24,4.98,4.99,4.94,4.98,2636426,4.97
2014/06/25,4.98,5.08,4.98,5.02,3264939,5.03
2014/06/26,5.07,5.18,5.01,5.16,10529713,5.09
2014/06/27,5.10,5.18,5.04,5.09,6784936,5.11
2014/06/30,5.09,5.13,5.04,5.12,4435738,5.08
2014/07/01,5.11,5.12,5.06,5.10,4271302,5.09
2014/07/02,5.10,5.13,5.05,5.11,4760720,5.09
2014/07/03,5.09,5.14,5.07,5.09,4526780,5.10
2014/07/04,5.09,5.11,5.01,5.03,5098041,5.06
2014/07/07,5.34,5.54,5.21,5.54,26325531,5.38
2014/07/08,5.60,6.09,5.53,5.99,48339238,5.81
2014/07/09,5.85,5.96,5.69,5.73,24166012,5.83
2014/07/10,5.72,5.93,5.66,5.75,14905499,5.79
2014/07/11,5.75,5.81,5.63,5.71,9685438,5.72
2014/07/14,5.73,5.74,5.54,5.69,9744328,5.64
2014/07/15,5.67,5.67,5.56,5.66,7994775,5.61
2014/07/16,5.65,5.72,5.58,5.72,7812660,5.65
2014/07/17,5.73,5.81,5.56,5.59,5911639,5.68
2014/07/18,5.54,5.61,5.54,5.54,3900625,5.58
2014/07/21,5.54,5.57,5.36,5.49,4624856,5.47
2014/07/22,5.49,5.54,5.44,5.51,3972399,5.49
2014/07/23,5.48,5.52,5.20,5.26,7917578,5.36
2014/07/24,5.24,5.27,5.09,5.12,6326227,5.18
2014/07/25,5.13,5.22,5.11,5.16,3434941,5.17
2014/07/28,5.16,5.60,5.16,5.59,9239203,5.38
2014/07/29,5.59,5.64,5.51,5.57,7224246,5.57
2014/07/30,5.51,5.72,5.51,5.58,7669494,5.61
2014/07/31,5.64,5.71,5.55,5.69,7698058,5.63
2014/08/01,5.68,5.75,5.58,5.64,8078030,5.67
2014/08/04,5.78,5.93,5.68,5.71,12978497,5.80
2014/08/05,5.75,5.77,5.56,5.71,8935539,5.66
2014/08/06,5.66,5.78,5.66,5.72,7660434,5.72
2014/08/07,5.72,5.72,5.60,5.60,7045408,5.66
2014/08/08,5.59,5.64,5.59,5.63,4376517,5.61
2014/08/11,5.64,5.67,5.61,5.64,5202774,5.64
2014/08/12,5.64,5.70,5.62,5.67,5690410,5.66
2014/08/13,5.67,5.70,5.61,5.68,5553405,5.66
2014/08/14,5.68,5.70,5.63,5.64,5523088,5.67
2014/08/15,5.64,5.74,5.63,5.73,7191780,5.69
2014/08/18,5.73,5.92,5.73,5.89,11910338,5.83
2014/08/19,5.85,5.91,5.79,5.87,9133400,5.85
2014/08/20,5.86,6.09,5.81,5.96,14352840,5.95
2014/08/21,5.94,5.94,5.81,5.91,7186749,5.88
2014/08/22,5.91,6.02,5.88,6.00,8344492,5.95
2014/08/25,6.00,6.12,5.97,6.09,10532242,6.04
2014/08/26,6.06,6.06,5.69,5.76,10125345,5.88
2014/08/27,5.76,5.84,5.71,5.79,5427093,5.77
2014/08/28,5.79,5.79,5.61,5.63,5560479,5.70
2014/08/29,5.63,5.72,5.63,5.69,2710590,5.67
2014/09/01,5.70,5.83,5.69,5.83,4110050,5.76
2014/09/02,5.89,5.91,5.83,5.90,6123429,5.87
2014/09/03,5.91,5.93,5.82,5.90,7328533,5.88
2014/09/04,5.89,5.99,5.85,5.99,8501367,5.92
2014/09/05,6.03,6.06,5.89,5.98,8188649,5.97
2014/09/09,5.99,6.01,5.86,5.98,8001770,5.94
2014/09/10,5.96,6.22,5.91,6.22,15129858,6.06
2014/09/11,6.22,6.53,6.19,6.33,20357659,6.36
2014/09/12,6.25,6.44,6.23,6.43,9685246,6.34
2014/09/15,6.43,6.54,6.31,6.47,9924045,6.42
2014/09/16,6.47,6.47,6.08,6.09,12140206,6.27
2014/09/17,6.09,6.19,5.99,6.14,6234853,6.09
2014/09/18,6.13,6.18,6.07,6.08,5001045,6.13
2014/09/19,6.09,6.38,6.05,6.35,8424356,6.21
2014/09/22,6.34,6.51,6.28,6.32,10577918,6.40
2014/09/23,6.34,6.48,6.29,6.47,7301405,6.39
2014/09/24,6.43,6.50,6.39,6.47,8449386,6.44
2014/09/25,6.51,6.58,6.31,6.34,8326452,6.44
2014/09/26,6.35,6.53,6.35,6.40,5986562,6.44
2014/09/29,6.41,6.51,6.36,6.43,7161993,6.44
2014/09/30,6.46,6.47,6.36,6.44,5919542,6.42
2014/10/08,6.45,6.89,6.43,6.81,14828631,6.66
2014/10/09,6.80,6.83,6.61,6.80,11096726,6.72
2014/10/10,6.72,7.00,6.68,6.88,11662826,6.84
2014/10/13,7.03,7.49,6.86,7.26,18991152,7.18
2014/10/14,7.26,7.27,7.02,7.08,12163516,7.14
2014/10/15,7.06,7.19,6.97,7.11,7590729,7.08
2014/10/16,7.01,7.03,6.78,6.80,9276549,6.91
2014/10/17,6.78,6.78,6.38,6.63,8209595,6.58
2014/10/20,6.61,6.83,6.58,6.78,4562064,6.71
2014/10/21,6.78,6.90,6.72,6.79,5038792,6.81
2014/10/22,6.77,6.77,6.45,6.49,6013839,6.61
2014/10/23,6.46,6.47,6.25,6.31,5268383,6.36
2014/10/24,6.29,6.49,6.28,6.35,3264109,6.39
2014/10/27,6.32,6.49,6.29,6.41,3612308,6.39
2014/10/28,6.43,6.62,6.43,6.60,4675563,6.52
2014/10/29,6.61,6.77,6.61,6.68,5707127,6.69
2014/10/30,6.68,6.71,6.55,6.58,5662804,6.63
2014/10/31,6.61,6.70,6.53,6.64,5496793,6.62
2014/11/03,6.64,6.72,6.61,6.66,4686797,6.67
2014/11/04,6.59,6.64,6.46,6.46,5366044,6.55
2014/11/05,6.46,6.48,6.36,6.41,3430603,6.42
2014/11/06,6.41,6.49,6.37,6.49,3529230,6.43
2014/11/07,6.48,6.59,6.33,6.38,5136635,6.46
2014/11/10,6.37,6.43,6.34,6.39,3237165,6.38
2014/11/11,6.41,6.42,6.00,6.05,6935159,6.21
2014/11/12,6.04,6.13,5.98,6.13,3510827,6.06
2014/11/13,6.11,6.11,5.88,5.91,4729737,6.00
2014/11/14,5.91,6.02,5.78,5.98,3734544,5.90
2014/11/17,5.97,6.11,5.87,6.09,3243618,5.99
2014/11/18,6.09,6.14,6.01,6.06,2402770,6.07
2014/11/19,6.05,6.14,6.03,6.08,2933340,6.08
2014/11/20,6.09,6.13,6.00,6.06,2364712,6.06
2014/11/21,6.03,6.13,6.03,6.11,2176647,6.08
2014/11/24,6.14,6.19,6.09,6.11,4178234,6.14
2014/11/25,6.11,6.25,6.10,6.24,4625793,6.17
2014/11/26,6.26,6.46,6.26,6.44,7587467,6.36
2014/11/27,6.48,6.62,6.29,6.41,7707203,6.46
2014/11/28,6.43,6.43,6.29,6.32,5395028,6.36
2014/12/01,6.32,6.34,6.19,6.22,4178682,6.27
2014/12/02,6.28,6.39,6.25,6.36,4249602,6.32
2014/12/03,6.38,6.59,6.38,6.59,12086380,6.48
2014/12/04,6.64,6.73,6.52,6.63,9625785,6.63
2014/12/05,6.59,6.62,6.16,6.29,9161399,6.39
2014/12/08,6.33,6.56,6.29,6.38,6836183,6.42
2014/12/09,6.34,6.34,5.99,5.99,10241085,6.17
2014/12/10,5.97,6.22,5.95,6.19,3813863,6.08
2014/12/11,6.19,6.29,6.13,6.23,3795070,6.21
2014/12/12,6.24,6.52,6.24,6.48,7294354,6.38
2014/12/15,6.51,6.62,6.43,6.59,8298186,6.52
2014/12/16,6.59,6.63,6.46,6.51,4305610,6.54
2014/12/17,6.47,6.51,6.28,6.33,4385327,6.40
2014/12/18,6.30,6.46,6.29,6.32,3148327,6.38
2014/12/19,6.32,6.34,6.03,6.11,5406923,6.19
2014/12/22,6.11,6.11,5.67,5.69,5525696,5.89
2014/12/23,5.69,5.94,5.69,5.83,3671853,5.82
2014/12/24,5.84,6.13,5.83,6.06,4274933,5.98
2014/12/25,6.03,6.08,5.93,5.99,3246918,6.00
2014/12/26,5.99,6.03,5.94,5.96,2661275,5.99
2014/12/29,5.97,6.11,5.78,5.96,3866384,5.95
2014/12/30,5.96,6.00,5.81,5.83,2584896,5.90
2014/12/31,5.76,5.89,5.76,5.88,2430249,5.82
2015/01/05,5.88,6.08,5.82,5.99,3876197,5.95
2015/01/06,5.96,6.14,5.91,6.12,5281539,6.02
2015/01/07,6.17,6.17,6.04,6.06,3707546,6.10
2015/01/08,6.09,6.64,6.04,6.51,11770759,6.34
2015/01/09,6.38,6.69,6.34,6.40,14820322,6.52
2015/01/12,6.54,6.96,6.53,6.95,21678272,6.75
2015/01/13,6.91,6.97,6.72,6.76,13918825,6.84
2015/01/14,6.78,6.83,6.45,6.49,9575872,6.64
2015/01/15,6.39,6.63,6.28,6.34,9035281,6.46
2015/01/16,6.35,6.82,6.35,6.66,13767587,6.58
2015/01/19,6.49,6.84,6.38,6.58,13802504,6.61
2015/01/20,6.71,7.24,6.70,7.24,11745096,6.97
2015/01/21,7.70,7.96,7.54,7.96,33554194,7.75
2015/01/22,8.33,8.47,7.84,8.16,32841714,8.16
2015/01/23,8.13,8.84,8.04,8.35,27319525,8.44
2015/01/26,8.37,8.88,8.24,8.54,21959556,8.56
2015/01/27,8.46,9.13,8.36,8.95,22956510,8.75
2015/01/28,8.84,8.93,8.59,8.59,13295920,8.76
2015/01/29,8.44,8.69,8.36,8.64,8706218,8.52
2015/01/30,8.75,8.98,8.38,8.40,10755170,8.68
2015/02/02,8.20,8.63,8.04,8.24,13453213,8.33
2015/02/03,8.28,8.58,8.19,8.53,11433137,8.38
2015/02/04,8.57,8.95,8.38,8.39,12260037,8.67
2015/02/05,8.44,9.23,8.39,9.18,22829880,8.81
2015/02/06,9.03,9.57,8.77,9.16,16837814,9.17
2015/02/09,9.17,9.44,8.91,8.99,8090171,9.17
2015/02/10,8.85,9.06,8.61,9.06,6408279,8.83
2015/02/11,9.46,9.46,9.10,9.12,13936631,9.28
2015/02/12,9.08,10.03,8.83,10.03,20120572,9.43
2015/02/13,10.09,10.39,9.84,10.22,16964783,10.12
2015/02/16,10.23,11.09,10.03,10.53,12679565,10.56
2015/02/17,10.46,10.59,10.22,10.34,6730318,10.41
2015/02/25,10.38,10.55,9.89,9.93,6800799,10.22
2015/02/26,10.03,10.32,9.88,10.09,6025896,10.10
2015/02/27,10.09,10.18,9.76,9.96,6962842,9.97
2015/03/02,9.94,10.35,9.94,10.35,8641690,10.14
2015/03/03,10.28,10.66,10.09,10.11,9849184,10.38
2015/03/04,10.28,10.68,10.17,10.31,7951865,10.42
2015/03/05,10.28,10.28,9.92,10.11,8269063,10.10
2015/03/06,10.34,10.53,9.89,9.94,8383808,10.21
2015/03/09,9.72,9.81,9.28,9.65,8995734,9.54
2015/03/10,9.64,10.13,9.54,10.11,7939948,9.83
2015/03/11,9.96,10.10,9.70,9.72,5116265,9.90
2015/03/12,9.61,9.77,9.45,9.54,6664910,9.61
2015/03/13,9.54,9.88,9.43,9.81,7073322,9.66
2015/03/16,10.25,10.28,9.89,10.14,12263866,10.08
2015/03/17,10.28,11.16,10.13,10.96,19193921,10.65
2015/03/18,11.03,11.04,10.73,10.98,11572421,10.88
2015/03/19,10.91,11.86,10.81,11.56,16744077,11.33
2015/03/20,11.38,11.55,11.27,11.33,9281880,11.41
2015/03/23,11.40,11.50,11.27,11.36,9846565,11.38
2015/03/24,11.38,11.81,10.78,11.15,16397458,11.29
2015/03/25,10.99,11.21,10.80,11.08,12655646,11.01
2015/03/26,10.90,11.16,10.45,10.58,14023284,10.80
2015/03/27,10.53,10.74,10.39,10.58,8781874,10.57
2015/03/30,10.64,10.84,10.54,10.71,9205042,10.69
2015/03/31,10.78,10.90,10.60,10.78,11408610,10.75
2015/04/01,10.78,11.08,10.78,11.01,10190503,10.93
2015/04/02,11.09,11.29,10.86,11.07,13446065,11.07
2015/04/03,11.04,11.51,10.92,11.48,16950024,11.21
2015/04/07,11.58,11.84,11.52,11.77,14274706,11.68
2015/04/08,11.86,11.97,11.34,11.96,18002178,11.66
2015/04/09,12.15,12.52,11.28,12.41,24793305,11.90
2015/04/10,12.23,13.01,12.05,12.56,16090122,12.53
2015/04/13,12.46,12.78,12.24,12.34,13516785,12.51
2015/04/14,12.38,12.44,11.73,11.88,13300804,12.08
2015/04/15,11.89,11.99,10.96,10.97,12175896,11.48
2015/04/16,10.96,11.19,10.61,10.95,9442095,10.90
2015/04/17,11.01,11.28,10.97,11.06,8199701,11.13
2015/04/20,11.21,11.38,10.84,10.88,12580462,11.11
2015/04/21,10.91,11.39,10.89,11.38,9183803,11.14
2015/04/22,11.52,11.70,11.39,11.56,10373079,11.54
2015/04/23,11.57,11.65,11.22,11.34,11283814,11.44
2015/04/24,11.25,11.25,10.88,11.15,9073884,11.07
2015/04/27,11.22,11.59,11.12,11.57,15347701,11.35
2015/04/28,11.63,11.73,11.06,11.21,9998659,11.40
2015/04/29,11.25,11.97,11.25,11.90,17177487,11.61
2015/04/30,12.15,12.66,11.97,12.09,20168825,12.32
2015/05/04,12.09,12.64,11.72,12.43,14762345,12.18
2015/05/05,12.23,12.38,11.53,11.66,11696064,11.96
2015/05/06,11.83,12.04,11.37,11.43,8288143,11.70
2015/05/07,11.38,11.39,10.75,10.93,6734352,11.07
2015/05/08,11.33,11.50,11.11,11.49,7685334,11.30
2015/05/11,11.63,12.12,11.63,12.08,8686990,11.88
2015/05/12,12.25,12.46,12.00,12.19,11276447,12.23
2015/05/13,11.97,12.58,11.66,12.50,12900331,12.12
2015/05/14,12.66,12.84,12.34,12.51,11993061,12.59
2015/05/15,12.51,12.80,11.90,12.18,15278716,12.25
2015/05/18,12.13,13.40,12.06,13.40,32498268,12.96
2015/05/19,13.78,14.69,13.41,14.29,37901982,14.00
2015/05/20,14.20,15.17,13.85,14.49,29135411,14.73
2015/05/21,14.48,15.89,14.25,15.56,27916716,15.08
2015/05/22,15.88,16.00,14.57,14.92,34893641,15.13
2015/05/25,14.51,15.30,14.21,15.00,26398164,14.72
2015/05/26,14.99,15.80,14.90,15.57,26333596,15.43
2015/05/27,15.50,15.79,14.90,15.65,23233035,15.32
2015/05/28,15.61,16.65,14.90,14.90,30486423,15.86
2015/05/29,14.59,15.27,13.70,14.80,22043487,14.70
2015/06/01,14.91,16.28,14.91,16.28,20864667,15.66
2015/06/02,17.00,17.91,16.70,17.91,45949503,17.62
2015/06/03,18.08,18.26,17.20,17.72,29058058,17.65
2015/06/04,17.65,17.65,15.99,17.34,23769765,16.92
2015/06/05,17.56,17.85,16.70,17.30,24224791,17.34
2015/06/08,17.05,17.05,16.30,16.60,19993499,16.57
2015/06/09,16.40,16.90,16.23,16.73,17881687,16.63
2015/06/10,16.79,17.88,16.60,17.39,18517677,17.45
2015/06/11,17.50,17.69,17.09,17.43,13986234,17.41
2015/06/12,17.45,18.28,17.31,17.93,19446430,17.92
2015/06/15,17.80,18.18,17.00,17.00,16239869,17.52
2015/06/16,16.60,16.72,15.78,15.98,14382620,16.21
2015/06/17,15.64,16.44,15.33,16.38,11802708,15.93
2015/06/18,16.45,16.49,15.35,15.46,10460316,15.97
2015/06/19,14.96,15.30,13.91,13.91,10567357,14.42
2015/06/23,13.91,14.27,12.59,13.98,11393133,13.50
2015/06/24,14.27,14.60,13.59,14.13,10906421,14.14
2015/06/25,14.04,14.15,12.88,13.14,10833146,13.61
2015/06/26,12.65,12.65,11.83,11.83,12143416,12.06
2015/06/29,12.02,12.30,10.65,10.65,13787802,11.11
2015/06/30,10.17,11.37,9.59,11.32,19034884,10.38
2015/07/01,11.07,11.96,10.21,10.47,16852365,11.37
2015/07/02,10.60,10.88,9.50,9.82,15117960,10.19
2015/07/03,9.80,10.37,8.88,9.29,15026564,9.59
2015/07/06,10.22,10.22,8.36,8.88,19462408,9.39
2015/07/07,8.54,8.54,7.99,7.99,7715715,8.16
2015/07/08,7.19,8.35,7.19,7.91,27471129,7.56
2015/07/09,7.50,8.70,7.48,8.70,18312445,8.47
2015/07/10,9.40,9.57,9.05,9.57,7919715,9.44
2015/07/13,10.52,10.53,10.02,10.53,20196097,10.45
2015/07/14,10.95,11.58,10.50,11.22,28604279,11.19
2015/07/15,10.90,11.10,10.10,10.10,19337413,10.47
2015/07/16,10.10,10.98,9.45,10.81,17561885,10.47
2015/07/17,10.94,11.79,10.94,11.65,15617555,11.46
2015/07/20,11.70,12.26,11.35,11.88,18637426,11.90
2015/07/21,11.63,12.06,11.46,11.73,12365308,11.80
2015/07/22,11.74,12.20,11.57,12.14,17614313,11.88
2015/07/23,12.09,12.46,11.88,12.30,16927401,12.20
2015/07/24,12.27,12.74,11.70,11.90,16029075,12.33
2015/07/27,11.51,12.47,10.71,10.74,19506972,11.78
2015/07/28,10.19,11.42,9.86,10.91,16821098,10.68
2015/07/29,11.30,11.65,10.60,11.62,12978043,11.06
2015/07/30,11.58,11.85,11.00,11.07,13643153,11.57
2015/07/31,10.74,11.11,10.38,10.58,10053783,10.79
2015/08/03,10.33,10.60,9.52,9.54,11634535,9.85
2015/08/04,9.68,10.49,9.61,10.48,11174347,10.06
2015/08/05,10.27,10.82,10.10,10.22,12688502,10.43
2015/08/06,9.89,10.35,9.70,10.07,6809399,10.08
2015/08/07,10.18,10.67,10.18,10.49,9201814,10.45
2015/08/10,10.65,11.45,10.49,11.35,12649364,10.97
2015/08/11,11.37,11.79,11.04,11.58,18132490,11.33
2015/08/12,11.31,11.50,11.07,11.08,11748721,11.30
2015/08/13,11.00,12.19,10.92,12.19,26312742,11.83
2015/08/14,12.30,12.66,11.97,12.25,29075320,12.40
2015/08/17,12.05,12.31,11.85,12.27,14662783,12.08
2015/08/18,12.36,12.46,11.04,11.04,17197488,11.78
2015/08/19,10.63,12.14,10.20,12.14,18549108,11.50
2015/08/20,13.35,13.35,13.05,13.35,49181030,13.34
2015/08/21,12.66,13.15,12.02,12.02,46003166,12.39
2015/08/24,10.95,11.30,10.82,10.82,8319928,10.87
2015/08/25,9.74,9.74,9.74,9.74,3526500,9.74
2015/08/26,9.30,9.89,8.77,8.77,29145626,9.13
2015/08/27,8.90,9.16,7.93,8.86,18084593,8.69
2015/08/28,9.10,9.70,8.83,9.67,18646565,9.26
2015/08/31,9.60,9.60,8.92,8.95,14113955,9.20
2015/09/01,8.84,8.84,8.06,8.06,10021752,8.28
2015/09/02,7.50,8.54,7.28,7.60,11778728,7.93
2015/09/07,7.96,8.31,7.89,8.02,10814318,8.12
2015/09/08,8.03,8.80,7.80,8.64,10636383,8.30
2015/09/09,8.74,9.15,8.64,9.00,13812776,8.96
2015/09/10,8.78,9.01,8.72,8.75,7417238,8.86
2015/09/11,8.97,9.04,8.76,8.96,7710548,8.93
2015/09/14,8.98,9.05,8.06,8.06,10033113,8.42
2015/09/15,7.62,8.09,7.30,7.39,8055764,7.70
2015/09/16,7.40,8.13,7.40,8.13,8766313,7.74
2015/09/17,8.15,8.43,7.91,7.96,11270152,8.17
2015/09/18,8.04,8.20,7.95,8.13,6684215,8.06
2015/09/21,8.10,8.48,7.89,8.48,9222699,8.26
2015/09/22,8.52,8.63,8.34,8.47,11190175,8.49
2015/09/23,8.30,8.50,8.20,8.34,7442150,8.33
2015/09/24,8.36,8.67,8.36,8.52,7532699,8.52
2015/09/25,8.46,8.63,8.02,8.11,6463126,8.31
2015/09/28,8.17,8.43,8.05,8.43,4541950,8.27
2015/09/29,8.26,8.44,8.15,8.20,4417308,8.28
2015/09/30,8.31,8.33,8.10,8.21,3407097,8.22
2015/10/08,8.54,9.03,8.38,9.03,15477848,8.79
2015/10/09,9.14,9.30,8.88,9.15,17095856,9.06
2015/10/12,9.16,9.69,9.06,9.59,16412919,9.41
2015/10/13,9.42,9.64,9.34,9.53,12395595,9.49
2015/10/14,9.41,9.54,9.22,9.27,9229044,9.38
2015/10/15,9.12,9.58,9.09,9.55,11667140,9.39
2015/10/16,9.55,9.84,9.39,9.73,16413621,9.64
2015/10/19,9.77,9.77,9.48,9.57,12133848,9.62
2015/10/20,9.60,10.22,9.54,10.04,15800534,9.88
2015/10/21,10.04,10.08,9.04,9.05,15919482,9.59
2015/10/22,9.03,9.55,9.03,9.50,10486139,9.29
2015/10/23,9.53,9.91,9.43,9.78,16192302,9.67
2015/10/26,9.95,10.33,9.83,10.15,19788871,10.05
2015/10/27,10.13,10.22,9.40,10.04,14387147,9.89
2015/10/28,9.94,10.13,9.54,9.59,11115168,9.86
2015/10/29,9.70,9.96,9.60,9.77,8186967,9.80
2015/10/30,9.70,10.75,9.51,10.15,29505925,10.43
2015/11/02,9.79,10.09,9.55,9.57,18381271,9.73
2015/11/03,9.67,9.77,9.40,9.46,8895683,9.55
2015/11/04,9.62,10.02,9.55,10.01,14327057,9.81
2015/11/05,10.04,10.15,9.80,9.97,14770790,9.97
2015/11/06,10.00,10.33,9.96,10.21,14829836,10.21
2015/11/09,10.13,10.53,10.04,10.46,17177088,10.32
2015/11/10,10.42,10.53,10.20,10.39,15874062,10.39
2015/11/11,10.37,10.88,10.33,10.71,18217218,10.59
2015/11/12,10.70,10.78,10.30,10.44,15838131,10.49
2015/11/13,10.37,10.37,9.98,10.03,13630586,10.13
2015/11/16,9.79,10.29,9.70,10.28,8577799,10.08
2015/11/17,10.35,10.54,10.18,10.19,16635259,10.38
2015/11/18,10.14,10.25,9.89,9.91,9120525,10.07
2015/11/19,10.01,10.37,9.92,10.34,8859286,10.16
2015/11/20,10.40,10.53,10.18,10.44,13583948,10.36
2015/11/23,10.44,10.79,10.30,10.42,16630745,10.54
2015/11/24,10.35,10.70,10.30,10.70,12990130,10.54
2015/11/25,10.69,11.52,10.60,11.13,30026183,11.17
2015/11/26,11.15,11.89,10.88,11.49,32815309,11.41
2015/11/27,11.27,11.35,10.35,10.49,22333503,11.02
2015/11/30,10.50,11.00,9.82,11.00,17843535,10.57
2015/12/01,11.00,11.35,10.86,11.09,17820443,11.12
2015/12/02,11.10,11.22,10.28,10.67,13594529,10.72
2015/12/03,10.75,11.34,10.58,11.29,16573700,10.97
2015/12/04,11.20,11.38,10.90,11.11,14760173,11.13
2015/12/07,11.16,11.32,10.96,11.20,13101535,11.20
2015/12/08,11.07,11.12,10.70,10.70,11652074,10.85
2015/12/09,10.60,10.82,10.52,10.76,6854449,10.68
2015/12/10,10.79,10.90,10.56,10.57,7159566,10.73
2015/12/11,10.58,10.61,10.03,10.06,9282089,10.25
2015/12/14,10.03,10.44,9.88,10.44,6738893,10.12
2015/12/15,10.44,10.63,10.35,10.44,6008477,10.51
2015/12/16,10.50,10.57,10.40,10.49,5846452,10.49
2015/12/17,10.56,10.85,10.53,10.85,11079154,10.72
2015/12/18,10.86,10.94,10.55,10.63,8160281,10.71
2015/12/21,10.55,10.74,10.53,10.68,8401155,10.65
2015/12/22,10.70,10.84,10.67,10.84,8829928,10.77
2015/12/23,10.80,10.87,10.50,10.58,8491851,10.70
2015/12/24,10.58,10.58,10.10,10.45,7370655,10.32
2015/12/25,10.44,10.52,10.35,10.47,5858028,10.44
2015/12/28,10.47,10.68,10.20,10.21,9030899,10.46
2015/12/29,10.16,10.46,10.09,10.46,5197818,10.27
2015/12/30,10.50,10.68,10.43,10.67,7193793,10.59
2015/12/31,10.63,10.71,10.34,10.37,5394672,10.51
2016/01/04,10.38,10.47,9.33,9.34,7245760,9.90
2016/01/05,8.90,9.58,8.65,9.25,8801429,9.18
2016/01/06,9.26,9.55,9.20,9.51,5878042,9.38
2016/01/07,9.40,9.40,8.56,8.57,1805600,8.90
2016/01/08,8.64,9.00,8.05,8.74,6827133,8.71
2016/01/11,8.67,8.67,7.87,7.87,6394140,8.23
2016/01/12,8.00,8.08,7.63,7.96,4869369,7.91
2016/01/13,8.08,8.09,7.53,7.53,3923506,7.87
2016/01/14,7.30,8.00,7.30,7.95,5791386,7.72
2016/01/15,7.86,8.02,7.62,7.67,4807332,7.85
2016/01/18,7.49,7.99,7.41,7.87,5122895,7.78
2016/01/19,7.86,8.14,7.76,8.10,6132632,7.96
2016/01/20,8.02,8.26,7.81,7.93,5298570,8.04
2016/01/21,7.76,8.16,7.68,7.70,4932202,7.90
2016/01/22,7.75,7.89,7.51,7.78,3970742,7.71
2016/01/25,7.83,7.98,7.78,7.86,3507584,7.86
2016/01/26,7.74,7.78,7.07,7.07,5304239,7.43
2016/01/27,7.09,7.16,6.42,6.86,5266955,6.80
2016/01/28,6.78,6.88,6.46,6.52,3580190,6.69
2016/01/29,6.61,6.90,6.47,6.78,3896089,6.72
2016/02/01,6.75,6.81,6.60,6.67,2782374,6.70
2016/02/02,6.67,7.09,6.62,6.95,4486120,6.92
2016/02/03,6.82,6.97,6.70,6.94,4144410,6.84
2016/02/04,7.19,7.49,7.13,7.27,6481943,7.33
2016/02/05,7.18,7.29,7.06,7.06,3564399,7.18
2016/02/15,6.86,7.09,6.71,7.05,3412731,6.91
2016/02/16,7.09,7.39,7.07,7.38,5236319,7.31
2016/02/17,7.53,7.63,7.30,7.45,7529500,7.44
2016/02/18,7.45,7.60,7.37,7.40,6262015,7.47
2016/02/19,7.33,7.50,7.33,7.40,4638315,7.41
2016/02/22,7.50,7.57,7.45,7.54,5514780,7.53
2016/02/23,7.60,7.62,7.32,7.42,4966931,7.47
2016/02/24,7.43,8.16,7.32,8.16,15702628,7.88
2016/02/25,8.16,8.19,7.34,7.44,17441370,7.71
2016/02/26,7.52,7.95,7.34,7.80,17203477,7.71
2016/02/29,7.50,7.65,7.02,7.02,12183053,7.10
2016/03/01,7.02,7.25,6.66,7.10,7774463,7.03
2016/03/02,7.10,7.81,7.00,7.68,15712872,7.45
2016/03/03,7.58,7.85,7.51,7.69,13750203,7.66
2016/03/04,7.66,8.46,7.50,8.33,50417764,8.35
2016/03/07,8.50,9.16,8.35,9.16,51162832,8.89
2016/03/08,9.16,9.29,8.78,9.20,31274166,9.05
2016/03/09,8.68,8.73,8.28,8.30,23056617,8.50
2016/03/10,8.26,9.10,8.01,8.64,24013368,8.48
2016/03/11,8.35,9.46,8.35,9.18,29389638,8.97
2016/03/14,9.70,10.10,9.50,9.59,30895207,9.80
2016/03/15,9.50,10.55,9.50,10.55,48184521,10.26
2016/03/16,10.30,10.54,9.96,10.12,37376584,10.18
2016/03/17,10.12,10.67,9.95,10.37,32711185,10.28
2016/03/18,10.57,10.90,10.17,10.54,29016945,10.53
2016/03/21,10.88,10.99,10.26,10.44,32271590,10.52
2016/03/22,10.27,10.59,9.95,10.34,24998876,10.21
2016/03/23,10.22,10.38,10.07,10.32,15858716,10.22
2016/03/24,10.13,10.69,10.00,10.02,18944672,10.28
2016/03/25,9.80,9.99,9.49,9.69,17932401,9.71
2016/03/28,9.73,10.01,9.68,9.75,16924692,9.84
2016/03/29,9.67,10.18,9.50,10.00,19772720,9.91
2016/03/30,10.08,10.44,10.03,10.27,17852206,10.28
2016/03/31,10.27,10.77,10.02,10.45,24422024,10.37
2016/04/01,10.29,10.30,9.90,10.10,14035313,10.08
2016/04/05,10.30,10.40,10.06,10.37,18702421,10.26
2016/04/06,10.21,10.54,10.10,10.20,13359889,10.29
2016/04/07,10.22,10.33,9.81,9.81,15237457,10.03
2016/04/08,9.65,10.14,9.50,9.76,12529085,9.77
2016/04/11,9.89,10.14,9.78,10.01,15725158,10.04
2016/04/12,10.16,10.19,9.62,9.80,12472691,9.79
2016/04/13,9.92,10.67,9.91,10.31,30661634,10.33
2016/04/14,10.46,10.53,10.18,10.44,16642780,10.37
2016/04/15,10.32,10.50,10.10,10.19,12330613,10.24
2016/04/18,10.13,10.13,9.49,9.69,17864338,9.73
2016/04/19,9.79,9.88,9.44,9.60,12335207,9.59
2016/04/20,9.64,9.68,8.64,8.74,17612670,9.04
2016/04/21,8.75,8.89,8.60,8.68,9550199,8.77
2016/04/22,8.47,8.83,8.26,8.80,7575339,8.64
2016/04/25,8.75,8.83,8.59,8.82,5856608,8.74
2016/04/26,8.82,8.94,8.76,8.94,6432293,8.85
2016/04/27,8.96,8.97,8.77,8.79,6121627,8.86
2016/04/28,8.80,8.85,8.20,8.61,8689150,8.54
2016/04/29,8.53,8.64,8.40,8.43,7298309,8.50
2016/05/03,8.40,8.79,8.38,8.77,8786565,8.66
2016/05/04,8.75,8.82,8.66,8.76,8807496,8.75
2016/05/05,8.75,8.85,8.70,8.83,6141117,8.78
2016/05/06,8.89,8.97,8.28,8.28,14565627,8.53
2016/05/09,8.14,8.14,7.70,7.79,14230219,7.83
2016/05/10,7.72,7.90,7.71,7.86,4756142,7.85
2016/05/11,7.72,7.90,7.71,7.86,0,7.81
2016/05/12,7.72,7.90,7.71,7.86,0,7.81
2016/05/13,7.72,7.90,7.71,7.86,0,7.81
2016/05/16,7.72,7.90,7.71,7.86,0,7.81
2016/05/17,7.72,7.90,7.71,7.86,0,7.81
2016/05/18,7.72,7.90,7.71,7.86,0,7.81
2016/05/19,7.72,7.90,7.71,7.86,0,7.81
2016/05/20,7.72,7.90,7.71,7.86,0,7.81
2016/05/23,7.72,7.90,7.71,7.86,0,7.81
2016/05/24,7.72,7.90,7.71,7.86,0,7.81
2016/05/25,8.08,8.36,7.81,7.86,12248498,8.08
2016/05/26,7.71,7.84,7.31,7.73,11007412,7.55
2016/05/27,7.63,7.94,7.58,7.84,8891854,7.77
2016/05/30,7.78,7.84,7.62,7.68,5444578,7.71
2016/05/31,7.71,8.04,7.69,8.01,10883299,7.92
2016/06/01,8.04,8.23,7.97,8.18,12227499,8.15
2016/06/02,8.22,8.77,8.11,8.70,22732419,8.56
2016/06/03,8.78,8.78,8.44,8.59,15200883,8.58
2016/06/06,8.59,8.69,8.47,8.57,9201754,8.55
2016/06/07,8.58,8.68,8.50,8.59,7666443,8.59
2016/06/08,8.54,8.61,8.41,8.52,7083015,8.50
2016/06/13,8.38,8.39,7.88,7.88,10328207,8.16
2016/06/14,7.91,7.94,7.82,7.88,4282245,7.88
2016/06/15,7.84,8.22,7.75,8.15,6636200,8.07
2016/06/16,8.14,8.24,8.08,8.19,6723195,8.17
2016/06/17,8.21,8.42,8.16,8.21,6276072,8.28
2016/06/20,8.25,8.33,8.02,8.29,9216870,8.21
2016/06/21,8.31,8.37,8.03,8.15,8452184,8.22
2016/06/22,8.17,8.28,8.08,8.26,5962790,8.18
2016/06/23,8.29,8.29,8.06,8.12,6113648,8.14
2016/06/24,8.09,8.20,7.60,7.98,7347594,7.97
2016/06/27,7.90,8.24,7.86,8.22,6975838,8.14
2016/06/28,8.16,8.40,8.15,8.37,10920970,8.33
2016/06/29,8.40,8.42,8.31,8.36,8580553,8.36
2016/06/30,8.38,8.42,8.29,8.39,6364615,8.34
2016/07/01,8.42,8.44,8.21,8.26,7018759,8.34
2016/07/04,8.39,9.09,8.31,9.09,26134369,8.78
2016/07/05,9.30,9.36,9.00,9.09,34788603,9.18
2016/07/06,9.10,9.48,8.97,9.18,24644242,9.22
2016/07/07,9.02,9.18,8.90,9.03,16239403,9.03
2016/07/08,9.03,9.25,8.95,9.10,14855970,9.14
2016/07/11,9.12,9.83,9.08,9.38,29616066,9.55
2016/07/12,9.38,9.80,9.15,9.75,32039048,9.47
2016/07/13,9.72,9.87,9.44,9.50,33250376,9.63
2016/07/14,9.45,9.66,9.44,9.59,15753507,9.56
2016/07/15,9.75,10.10,9.65,9.70,26842317,9.84
2016/07/18,9.58,9.62,9.35,9.44,18336325,9.46
2016/07/19,9.40,9.55,9.25,9.43,10881396,9.40
2016/07/20,9.46,9.61,9.30,9.31,13407780,9.43
2016/07/21,9.30,9.42,9.26,9.32,10700292,9.33
2016/07/22,9.32,9.38,9.15,9.18,9039047,9.23
2016/07/25,9.15,9.55,9.14,9.51,15071400,9.40
2016/07/26,9.50,9.59,9.43,9.57,11225600,9.52
2016/07/27,9.49,9.99,9.27,9.85,43290300,9.76
2016/07/28,9.94,10.65,9.66,10.50,47843500,10.11
2016/07/29,10.60,10.88,10.13,10.19,52683169,10.53
2016/08/01,10.33,10.45,9.67,9.96,34476154,10.01
2016/08/02,9.90,9.99,9.59,9.95,21724258,9.81
2016/08/03,9.88,9.91,9.63,9.85,19862112,9.76
2016/08/04,9.80,10.03,9.69,9.85,21585150,9.86
2016/08/05,9.82,9.86,9.60,9.60,17087326,9.71
2016/08/08,9.61,9.79,9.45,9.73,10213129,9.68
2016/08/09,9.61,9.79,9.45,9.73,0,9.62
