Date, SZ300387.Open, SZ300387.High, SZ300387.Low, SZ300387.Close, SZ300387.Volume, SZ300387.Adjusted
2014/07/02,12.11,14.56,12.11,14.56,62130,13.33
2014/07/03,16.04,16.04,16.04,16.04,19750,16.04
2014/07/04,17.66,17.66,17.66,17.66,27338,17.66
2014/07/07,19.44,19.44,19.44,19.44,92299,19.44
2014/07/08,21.41,21.41,21.41,21.41,181234,21.41
2014/07/09,23.57,23.57,23.57,23.57,155470,23.57
2014/07/10,25.94,25.94,25.94,25.94,203567,25.94
2014/07/11,28.56,28.56,28.56,28.56,86673,28.56
2014/07/14,31.43,31.43,31.43,31.43,168535,31.43
2014/07/15,34.59,34.59,29.65,29.80,9295272,32.12
2014/07/16,28.07,28.50,26.80,26.80,5386351,27.65
2014/07/17,26.44,27.11,25.61,26.06,3350738,26.36
2014/07/18,26.06,26.26,24.70,24.78,2839789,25.48
2014/07/21,24.46,25.05,24.16,24.66,1818689,24.61
2014/07/22,24.61,25.01,24.26,24.81,1955774,24.64
2014/07/23,24.76,24.81,23.68,23.75,2823831,24.24
2014/07/24,23.68,24.92,23.27,24.20,3599663,24.10
2014/07/25,23.81,23.81,22.32,22.92,3218499,23.06
2014/07/28,22.94,23.56,22.82,23.32,2009487,23.19
2014/07/29,23.37,23.85,23.25,23.55,1932758,23.55
2014/07/30,23.57,25.28,23.44,24.95,3957888,24.36
2014/07/31,24.74,24.74,24.12,24.19,2263052,24.43
2014/08/01,24.16,24.81,23.87,23.87,1913764,24.34
2014/08/04,23.82,24.06,23.42,23.77,1645009,23.74
2014/08/05,23.72,24.06,23.43,23.89,1359269,23.74
2014/08/06,23.89,24.10,23.58,23.63,1241953,23.84
2014/08/07,23.52,23.68,23.32,23.32,1067164,23.50
2014/08/08,23.32,23.56,23.32,23.40,884525,23.44
2014/08/11,23.45,23.66,23.35,23.60,873115,23.51
2014/08/12,23.66,23.69,23.47,23.59,956203,23.58
2014/08/13,23.50,23.50,22.72,22.78,1530140,23.11
2014/08/14,22.79,23.17,22.74,22.92,872886,22.96
2014/08/15,23.07,23.08,22.89,23.01,595231,22.98
2014/08/18,23.16,23.49,23.07,23.45,941753,23.28
2014/08/19,23.59,23.59,23.17,23.30,1152477,23.38
2014/08/20,23.45,24.14,23.21,23.84,2056798,23.68
2014/08/21,23.62,23.80,23.22,23.37,1140508,23.51
2014/08/22,23.41,24.02,23.32,23.79,1301978,23.67
2014/08/25,23.82,24.66,23.62,24.38,2481769,24.14
2014/08/26,24.32,24.52,23.43,23.50,1684470,23.97
2014/08/27,23.38,23.78,23.17,23.39,1142817,23.48
2014/08/28,23.28,24.79,23.27,24.57,3437740,24.03
2014/08/29,24.22,24.91,24.15,24.61,2169953,24.53
2014/09/01,24.96,24.96,24.33,24.77,1628015,24.64
2014/09/02,24.81,26.06,24.62,25.92,2625873,25.34
2014/09/03,26.00,26.04,25.17,25.46,2007705,25.61
2014/09/04,25.44,25.70,25.14,25.50,1577521,25.42
2014/09/05,25.57,25.73,24.84,24.90,1698389,25.29
2014/09/09,24.94,24.95,24.57,24.68,1034074,24.76
2014/09/10,24.63,25.30,24.62,25.18,1247459,24.96
2014/09/11,25.27,25.55,24.72,24.88,1522906,25.13
2014/09/12,24.82,24.99,24.57,24.88,841531,24.78
2014/09/15,24.90,25.06,24.73,24.90,725820,24.89
2014/09/16,24.95,24.96,23.91,23.91,1193097,24.44
2014/09/17,23.99,24.18,23.59,23.97,712438,23.88
2014/09/18,23.96,24.04,23.85,23.99,432195,23.95
2014/09/19,23.97,24.21,23.97,24.17,519928,24.09
2014/09/22,24.17,24.18,23.47,23.48,574238,23.82
2014/09/23,23.47,23.90,23.47,23.84,412491,23.68
2014/09/24,23.77,24.12,23.56,23.98,556328,23.84
2014/09/25,24.07,24.57,23.97,24.22,715186,24.27
2014/09/26,24.23,24.97,24.23,24.33,665248,24.60
2014/09/29,24.46,24.76,24.46,24.57,568444,24.61
2014/09/30,24.57,24.71,24.47,24.69,539146,24.59
2014/10/08,24.69,25.09,24.65,25.09,850635,24.87
2014/10/09,25.12,25.65,24.83,25.25,1326704,25.24
2014/10/10,25.37,25.37,24.73,24.81,868725,25.05
2014/10/13,24.57,25.20,24.52,25.16,782211,24.86
2014/10/14,25.06,25.31,24.58,24.69,760685,24.94
2014/10/15,24.67,25.12,24.57,25.12,1029610,24.85
2014/10/16,24.82,25.55,24.78,25.13,1412315,25.17
2014/10/17,25.07,27.01,25.07,26.50,3656878,26.04
2014/10/20,26.51,27.15,26.07,26.97,2470991,26.61
2014/10/21,26.71,27.97,26.58,27.65,2628164,27.27
2014/10/22,27.72,28.82,26.97,27.03,2996320,27.89
2014/10/23,26.81,26.98,26.12,26.20,2007183,26.55
2014/10/24,26.02,26.81,25.54,25.54,1429268,26.17
2014/10/27,25.61,25.61,24.46,24.71,1270055,25.04
2014/10/28,24.88,25.75,24.88,25.71,1455212,25.31
2014/10/29,25.82,26.49,25.71,26.39,1491436,26.10
2014/10/30,26.20,26.57,25.82,25.82,1352959,26.20
2014/10/31,25.82,26.49,25.49,26.49,1547504,25.99
2014/11/03,26.51,27.33,26.51,27.07,1534685,26.92
2014/11/04,27.06,27.26,26.11,26.26,1496048,26.69
2014/11/05,26.25,27.05,26.02,26.77,1207558,26.54
2014/11/06,26.66,27.68,26.57,27.58,2012429,27.13
2014/11/07,27.71,27.98,26.88,27.04,2210260,27.43
2014/11/10,27.18,27.51,26.72,27.40,1264143,27.12
2014/11/11,27.42,27.72,26.62,27.29,1901923,27.17
2014/11/12,27.40,30.04,27.40,30.04,1889326,28.72
2014/11/13,30.21,32.76,29.44,29.65,4948709,31.10
2014/11/14,28.88,28.89,26.67,26.70,3482486,27.78
2014/11/17,26.77,27.95,26.32,27.30,1941774,27.13
2014/11/18,27.18,28.06,27.06,27.73,1418387,27.56
2014/11/19,27.62,27.74,26.94,27.51,1227472,27.34
2014/11/20,27.24,27.73,27.07,27.66,838705,27.40
2014/11/21,27.80,28.82,27.76,28.03,1679771,28.29
2014/11/24,28.06,28.82,28.02,28.29,1371992,28.42
2014/11/25,28.22,28.22,26.99,27.78,1558799,27.60
2014/11/26,27.82,28.26,27.32,27.80,1162851,27.79
2014/11/27,28.02,28.54,27.83,28.17,1284694,28.18
2014/11/28,28.32,28.81,28.20,28.64,1485367,28.50
2014/12/01,29.01,29.09,27.95,28.93,1505128,28.52
2014/12/02,29.02,30.97,29.00,30.26,2095183,29.98
2014/12/03,30.07,30.72,29.32,30.39,1740697,30.02
2014/12/04,30.82,30.82,29.82,29.96,1286087,30.32
2014/12/05,29.97,29.97,27.72,28.17,1441144,28.84
2014/12/08,27.97,28.12,27.07,27.21,1131315,27.60
2014/12/09,26.80,27.44,24.82,24.89,1697537,26.13
2014/12/10,24.92,25.93,24.92,25.69,1018765,25.43
2014/12/11,25.32,26.07,25.12,25.83,732949,25.60
2014/12/12,25.92,26.00,25.62,25.94,667496,25.81
2014/12/15,25.82,26.47,25.53,26.32,803077,26.00
2014/12/16,26.32,26.57,25.75,25.94,708659,26.16
2014/12/17,25.82,25.92,25.04,25.32,846181,25.48
2014/12/18,24.86,25.53,24.82,24.88,617304,25.18
2014/12/19,24.88,25.07,23.21,23.45,1058965,24.14
2014/12/22,23.17,23.17,21.08,21.10,1082407,22.13
2014/12/23,20.91,22.03,20.84,21.57,617733,21.44
2014/12/24,21.97,22.78,21.88,22.77,720736,22.33
2014/12/25,22.79,22.80,22.20,22.63,552790,22.50
2014/12/26,22.63,22.83,22.42,22.71,277418,22.63
2014/12/29,22.57,22.57,21.51,21.61,512701,22.04
2014/12/30,21.42,21.77,21.12,21.41,334238,21.45
2014/12/31,21.47,21.92,21.17,21.87,415742,21.55
2015/01/05,21.79,21.79,20.93,21.40,499702,21.36
2015/01/06,21.40,22.29,21.15,22.27,581122,21.72
2015/01/07,22.27,22.27,21.85,21.94,367714,22.06
2015/01/08,21.87,22.47,21.87,22.35,634866,22.17
2015/01/09,22.26,23.12,22.12,22.87,863298,22.62
2015/01/12,22.87,23.46,22.62,23.12,757275,23.04
2015/01/13,22.87,23.42,22.86,23.11,404530,23.14
2015/01/14,23.02,23.17,22.22,22.39,500292,22.70
2015/01/15,22.40,22.64,22.10,22.15,443066,22.37
2015/01/16,22.17,22.97,22.17,22.66,436591,22.57
2015/01/19,22.62,23.57,22.22,22.82,799146,22.89
2015/01/20,23.32,23.95,22.92,23.93,911623,23.44
2015/01/21,23.93,24.22,23.58,24.07,989600,23.90
2015/01/22,24.01,24.41,23.64,24.29,729915,24.03
2015/01/23,24.29,24.29,23.76,23.76,486752,24.03
2015/01/26,23.73,24.19,23.55,24.11,327135,23.87
2015/01/27,23.98,24.16,23.62,23.88,271260,23.89
2015/01/28,23.69,24.09,23.67,24.01,385548,23.88
2015/01/29,23.99,24.11,23.74,23.74,272659,23.92
2015/01/30,23.13,23.54,22.68,22.89,966133,23.11
2015/02/02,22.71,22.99,22.45,22.57,233651,22.72
2015/02/03,22.76,23.21,22.67,23.05,292426,22.94
2015/02/04,23.12,23.28,22.88,22.97,260960,23.08
2015/02/05,22.97,23.20,22.83,22.86,287780,23.01
2015/02/06,22.82,22.85,21.74,21.81,379027,22.29
2015/02/09,21.73,21.97,21.32,21.51,172820,21.64
2015/02/10,21.52,21.71,21.51,21.61,237209,21.61
2015/02/11,21.63,22.04,21.61,21.83,208876,21.82
2015/02/12,22.02,22.22,21.83,22.12,223406,22.02
2015/02/13,22.22,22.74,22.21,22.71,318551,22.47
2015/02/16,22.72,23.26,22.48,23.16,319066,22.87
2015/02/17,23.21,23.29,22.59,22.95,424331,22.94
2015/02/25,22.95,23.02,22.36,22.38,277306,22.69
2015/02/26,22.52,23.39,22.40,22.95,310042,22.89
2015/02/27,22.95,24.07,22.83,23.50,744583,23.45
2015/03/02,23.58,24.66,23.22,24.17,921792,23.94
2015/03/03,24.17,24.17,23.51,23.52,508800,23.84
2015/03/04,23.33,23.95,23.33,23.94,409246,23.64
2015/03/05,23.68,23.91,23.52,23.65,340447,23.71
2015/03/06,23.65,23.78,23.17,23.17,381701,23.48
2015/03/09,23.17,23.48,22.87,23.47,246658,23.18
2015/03/10,23.31,24.72,23.31,24.20,837595,24.01
2015/03/11,24.02,25.24,23.72,25.16,1467984,24.48
2015/03/12,24.02,25.24,23.72,25.16,0,24.48
2015/03/13,24.02,25.24,23.72,25.16,0,24.48
2015/03/16,24.02,25.24,23.72,25.16,0,24.48
2015/03/17,24.02,25.24,23.72,25.16,0,24.48
2015/03/18,24.02,25.24,23.72,25.16,0,24.48
2015/03/19,26.07,27.01,25.32,25.59,1600368,26.17
2015/03/20,25.49,26.30,25.30,25.79,951914,25.80
2015/03/23,25.78,26.32,25.70,26.32,1030350,26.01
2015/03/24,26.31,26.31,25.08,26.09,1186002,25.69
2015/03/25,26.07,27.32,25.65,26.83,1453885,26.48
2015/03/26,26.65,27.32,25.57,26.52,1249954,26.45
2015/03/27,26.32,27.57,26.22,27.04,1495320,26.89
2015/03/30,26.87,27.17,26.07,26.40,860836,26.62
2015/03/31,26.40,27.81,26.24,26.79,968700,27.02
2015/04/01,26.78,27.66,26.57,27.32,1122486,27.12
2015/04/02,27.27,28.05,27.19,27.62,1197123,27.62
2015/04/03,27.62,29.26,27.36,29.17,1902697,28.31
2015/04/07,29.56,29.56,28.74,28.82,1455573,29.15
2015/04/08,28.76,28.80,27.10,27.72,1526676,27.95
2015/04/09,27.67,30.51,27.61,30.51,2433775,29.06
2015/04/10,31.57,32.82,29.82,30.49,3587874,31.32
2015/04/13,30.12,31.30,29.57,30.67,2100645,30.44
2015/04/14,30.57,33.70,30.39,33.05,2437542,32.05
2015/04/15,33.32,33.72,30.86,30.87,1671733,32.29
2015/04/16,30.10,31.11,29.65,30.41,1374790,30.38
2015/04/17,30.69,30.96,29.65,30.12,1164637,30.30
2015/04/20,30.02,30.02,28.25,28.25,1084988,29.13
2015/04/21,28.36,30.32,28.34,30.32,973933,29.33
2015/04/22,28.36,30.32,28.34,30.32,0,29.33
2015/04/23,28.36,30.32,28.34,30.32,0,29.33
2015/04/24,28.36,30.32,28.34,30.32,0,29.33
2015/04/27,28.36,30.32,28.34,30.32,0,29.33
2015/04/28,28.36,30.32,28.34,30.32,0,29.33
2015/04/29,28.36,30.32,28.34,30.32,0,29.33
2015/04/30,28.36,30.32,28.34,30.32,0,29.33
2015/05/04,28.36,30.32,28.34,30.32,0,29.33
2015/05/05,28.36,30.32,28.34,30.32,0,29.33
2015/05/06,28.36,30.32,28.34,30.32,0,29.33
2015/05/07,28.36,30.32,28.34,30.32,0,29.33
2015/05/08,28.36,30.32,28.34,30.32,0,29.33
2015/05/11,28.36,30.32,28.34,30.32,0,29.33
2015/05/12,28.36,30.32,28.34,30.32,0,29.33
2015/05/13,28.36,30.32,28.34,30.32,0,29.33
2015/05/14,28.36,30.32,28.34,30.32,0,29.33
2015/05/15,28.36,30.32,28.34,30.32,0,29.33
2015/05/18,28.36,30.32,28.34,30.32,0,29.33
2015/05/19,28.36,30.32,28.34,30.32,0,29.33
2015/05/20,28.36,30.32,28.34,30.32,0,29.33
2015/05/21,28.36,30.32,28.34,30.32,0,29.33
2015/05/22,28.36,30.32,28.34,30.32,0,29.33
2015/05/25,28.36,30.32,28.34,30.32,0,29.33
2015/05/26,28.36,30.32,28.34,30.32,0,29.33
2015/05/27,28.36,30.32,28.34,30.32,0,29.33
2015/05/28,28.36,30.32,28.34,30.32,0,29.33
2015/05/29,28.36,30.32,28.34,30.32,0,29.33
2015/06/01,28.36,30.32,28.34,30.32,0,29.33
2015/06/02,28.36,30.32,28.34,30.32,0,29.33
2015/06/03,28.36,30.32,28.34,30.32,0,29.33
2015/06/04,28.36,30.32,28.34,30.32,0,29.33
2015/06/05,28.36,30.32,28.34,30.32,0,29.33
2015/06/08,28.36,30.32,28.34,30.32,0,29.33
2015/06/09,28.36,30.32,28.34,30.32,0,29.33
2015/06/10,28.36,30.32,28.34,30.32,0,29.33
2015/06/11,28.36,30.32,28.34,30.32,0,29.33
2015/06/12,28.36,30.32,28.34,30.32,0,29.33
2015/06/15,28.36,30.32,28.34,30.32,0,29.33
2015/06/16,28.36,30.32,28.34,30.32,0,29.33
2015/06/17,28.36,30.32,28.34,30.32,0,29.33
2015/06/18,28.36,30.32,28.34,30.32,0,29.33
2015/06/19,28.36,30.32,28.34,30.32,0,29.33
2015/06/23,28.36,30.32,28.34,30.32,0,29.33
2015/06/24,28.36,30.32,28.34,30.32,0,29.33
2015/06/25,28.36,30.32,28.34,30.32,0,29.33
2015/06/26,28.36,30.32,28.34,30.32,0,29.33
2015/06/29,28.36,30.32,28.34,30.32,0,29.33
2015/06/30,28.36,30.32,28.34,30.32,0,29.33
2015/07/01,28.36,30.32,28.34,30.32,0,29.33
2015/07/02,28.36,30.32,28.34,30.32,0,29.33
2015/07/03,28.36,30.32,28.34,30.32,0,29.33
2015/07/06,28.36,30.32,28.34,30.32,0,29.33
2015/07/07,28.36,30.32,28.34,30.32,0,29.33
2015/07/08,28.36,30.32,28.34,30.32,0,29.33
2015/07/09,28.36,30.32,28.34,30.32,0,29.33
2015/07/10,28.36,30.32,28.34,30.32,0,29.33
2015/07/13,28.36,30.32,28.34,30.32,0,29.33
2015/07/14,28.36,30.32,28.34,30.32,0,29.33
2015/07/15,28.36,30.32,28.34,30.32,0,29.33
2015/07/16,28.36,30.32,28.34,30.32,0,29.33
2015/07/17,28.36,30.32,28.34,30.32,0,29.33
2015/07/20,28.36,30.32,28.34,30.32,0,29.33
2015/07/21,28.36,30.32,28.34,30.32,0,29.33
2015/07/22,28.36,30.32,28.34,30.32,0,29.33
2015/07/23,28.36,30.32,28.34,30.32,0,29.33
2015/07/24,28.36,30.32,28.34,30.32,0,29.33
2015/07/27,28.36,30.32,28.34,30.32,0,29.33
2015/07/28,28.36,30.32,28.34,30.32,0,29.33
2015/07/29,28.36,30.32,28.34,30.32,0,29.33
2015/07/30,28.36,30.32,28.34,30.32,0,29.33
2015/07/31,28.36,30.32,28.34,30.32,0,29.33
2015/08/03,28.36,30.32,28.34,30.32,0,29.33
2015/08/04,28.36,30.32,28.34,30.32,0,29.33
2015/08/05,28.36,30.32,28.34,30.32,0,29.33
2015/08/06,28.36,30.32,28.34,30.32,0,29.33
2015/08/07,28.36,30.32,28.34,30.32,0,29.33
2015/08/10,28.36,30.32,28.34,30.32,0,29.33
2015/08/11,28.36,30.32,28.34,30.32,0,29.33
2015/08/12,28.36,30.32,28.34,30.32,0,29.33
2015/08/13,28.36,30.32,28.34,30.32,0,29.33
2015/08/14,33.36,33.36,33.36,33.36,327965,33.36
2015/08/17,33.36,34.88,31.90,34.39,3339407,33.39
2015/08/18,33.41,36.03,30.94,30.94,2553940,33.49
2015/08/19,28.41,31.68,27.84,31.24,2417743,29.76
2015/08/20,29.81,29.81,28.11,28.11,2546184,28.96
2015/08/21,26.56,28.33,25.29,27.83,3349044,26.81
2015/08/24,25.43,26.14,25.03,25.03,870589,25.59
2015/08/25,22.52,24.89,22.52,22.52,983271,23.71
2015/08/26,22.52,23.14,20.26,20.26,2377185,21.70
2015/08/27,20.32,20.89,18.22,19.79,3301933,19.55
2015/08/28,19.88,21.72,19.08,21.72,2839928,20.40
2015/08/31,21.14,23.83,19.91,21.23,1902262,21.87
2015/09/01,20.93,20.93,19.10,19.10,1459941,20.02
2015/09/02,17.84,19.66,17.18,17.18,1262597,18.42
2015/09/07,17.64,18.45,17.51,18.09,1282448,17.98
2015/09/08,17.64,19.88,17.33,19.37,1469618,18.60
2015/09/09,19.39,21.09,19.39,20.98,1897433,20.24
2015/09/10,20.89,21.12,19.99,20.96,1768226,20.55
2015/09/11,20.44,20.86,19.67,20.21,2417186,20.46
2015/09/14,20.22,20.47,18.18,18.18,2305882,19.22
2015/09/15,16.70,17.09,16.35,16.35,3076522,16.55
2015/09/16,16.29,17.96,15.92,17.51,3537286,16.93
2015/09/17,17.07,18.12,16.64,16.87,4339692,17.40
2015/09/18,16.72,17.07,16.29,16.65,2465472,16.73
2015/09/21,16.47,17.88,16.40,17.88,3017054,17.34
2015/09/22,18.00,19.05,18.00,18.64,4152796,18.60
2015/09/23,18.19,18.72,18.00,18.19,2509150,18.43
2015/09/24,18.40,19.36,18.29,18.92,3498036,18.97
2015/09/25,18.99,18.99,17.49,17.65,2284739,18.23
2015/09/28,17.60,18.32,17.33,18.19,2113231,18.02
2015/09/29,17.70,17.99,17.39,17.55,1576638,17.85
2015/09/30,17.76,17.99,17.40,17.62,1506367,17.85
2015/10/08,18.09,18.78,17.91,18.58,3714152,18.51
2015/10/09,18.44,20.15,18.29,19.63,5241443,19.21
2015/10/12,19.79,20.67,19.59,20.48,6035690,20.20
2015/10/13,20.10,20.37,19.90,20.22,3568782,20.29
2015/10/14,20.44,21.21,20.30,20.52,4539393,20.82
2015/10/15,20.21,21.15,20.11,21.05,3778228,20.82
2015/10/16,21.17,21.87,21.02,21.52,4217260,21.48
2015/10/19,21.57,21.69,20.44,20.79,4297378,21.17
2015/10/20,20.69,21.39,20.49,21.34,3240186,21.12
2015/10/21,21.35,22.57,20.77,20.77,8042965,21.74
2015/10/22,20.38,22.44,20.32,22.44,7047018,21.64
2015/10/23,22.24,22.99,22.10,22.89,5675928,22.79
2015/10/26,23.31,23.49,22.17,22.63,4150063,22.93
2015/10/27,22.51,23.19,21.29,23.04,4359470,22.46
2015/10/28,22.79,22.83,21.90,22.09,3329070,22.51
2015/10/29,22.69,22.70,21.93,22.13,2157622,22.40
2015/10/30,21.98,22.38,21.59,21.90,2360202,22.09
2015/11/02,21.66,22.79,21.26,22.23,3924886,22.42
2015/11/03,22.28,22.62,21.94,22.58,4042925,22.49
2015/11/04,22.74,24.29,22.69,24.14,5604621,23.71
2015/11/05,24.09,24.48,23.31,23.68,4774902,23.97
2015/11/06,23.50,24.69,23.49,24.59,3743940,24.38
2015/11/09,24.39,25.65,24.39,25.35,4738259,25.25
2015/11/10,25.19,25.74,24.63,25.06,4035409,25.29
2015/11/11,25.14,27.45,25.14,26.88,6291600,26.31
2015/11/12,26.96,28.89,26.39,28.39,6467589,27.68
2015/11/13,27.86,28.34,25.89,26.41,5569303,27.21
2015/11/16,25.39,27.88,25.37,27.87,4032604,27.02
2015/11/17,28.57,28.57,26.90,26.98,4094671,27.73
2015/11/18,27.02,27.24,25.49,25.53,4403727,26.30
2015/11/19,25.65,26.54,25.54,26.44,2851678,26.22
2015/11/20,26.57,27.69,26.19,27.31,4203634,27.01
2015/11/23,27.39,30.05,27.04,28.95,6355911,29.05
2015/11/24,29.38,29.44,27.91,29.35,4585702,28.70
2015/11/25,29.41,30.35,29.09,29.79,4491049,29.95
2015/11/26,30.03,30.04,28.85,28.95,3868830,29.69
2015/11/27,28.69,29.07,26.12,26.29,4539630,27.96
2015/11/30,26.53,27.49,24.70,27.35,4335187,26.32
2015/12/01,27.09,27.74,26.57,27.27,3199123,27.32
2015/12/02,27.38,27.87,25.89,27.14,2792960,27.16
2015/12/03,27.01,28.08,27.01,27.97,3208529,27.62
2015/12/04,27.94,28.17,27.09,27.45,3093286,27.80
2015/12/07,27.59,28.07,26.93,27.77,2918579,27.70
2015/12/08,27.79,27.79,26.89,27.14,3411157,27.52
2015/12/09,27.29,27.31,26.59,26.68,1754631,27.00
2015/12/10,26.75,27.12,26.47,26.55,2003641,26.87
2015/12/11,26.49,26.96,25.90,26.59,2484615,26.64
2015/12/14,26.80,28.49,26.40,27.94,4644054,27.75
2015/12/15,27.87,28.09,27.42,27.86,2546182,27.89
2015/12/16,27.92,29.42,27.89,28.62,3790872,28.71
2015/12/17,28.81,31.49,28.81,31.49,4272543,30.95
2015/12/18,32.35,33.19,30.47,30.62,7219035,31.76
2015/12/21,30.39,31.07,29.91,30.63,2975528,30.58
2015/12/22,30.54,30.87,29.99,30.55,2553764,30.52
2015/12/23,30.43,31.29,30.42,30.59,3243905,30.89
2015/12/24,30.49,31.79,29.99,31.79,2688713,30.85
2015/12/25,31.80,33.89,31.39,31.65,4417823,32.69
2015/12/28,31.57,31.93,30.11,30.58,3880872,31.46
2015/12/29,30.39,31.23,29.96,31.13,2843174,30.71
2015/12/30,31.49,32.38,31.09,31.90,3356627,31.73
2015/12/31,32.07,32.07,30.57,30.60,2371133,31.31
2016/01/04,30.39,30.85,27.53,27.53,2545365,28.54
2016/01/05,24.80,27.04,24.80,25.99,3353371,26.04
2016/01/06,26.09,26.76,25.78,26.59,2281914,26.52
2016/01/07,26.24,26.24,23.92,23.92,620500,24.87
2016/01/08,23.92,24.92,21.52,23.62,3082108,23.79
2016/01/11,23.13,23.85,21.25,21.25,2654708,22.74
2016/01/12,21.39,22.18,20.90,21.77,2074218,21.76
2016/01/13,21.84,22.38,20.89,21.34,2739581,21.96
2016/01/14,20.79,22.85,20.26,22.58,2222401,21.80
2016/01/15,22.49,23.04,21.20,21.89,2366482,22.12
2016/01/18,21.22,22.81,21.12,22.46,1951356,22.39
2016/01/19,22.46,23.48,22.22,23.38,2152065,22.95
2016/01/20,23.86,25.49,23.48,24.10,3913745,24.62
2016/01/21,23.59,24.17,22.80,22.80,2678900,23.52
2016/01/22,23.13,23.38,22.16,23.19,1715605,22.94
2016/01/25,23.19,23.69,22.92,23.34,1634090,23.52
2016/01/26,23.19,23.80,21.11,21.35,2787772,23.03
2016/01/27,21.67,21.89,20.00,21.35,1852935,20.99
2016/01/28,21.57,21.74,20.39,20.58,1235098,21.30
2016/01/29,20.62,21.78,20.04,21.25,1874387,21.07
2016/02/01,21.10,21.72,20.79,21.34,1324086,21.44
2016/02/02,21.14,22.55,21.13,22.36,2312311,22.16
2016/02/03,22.22,23.09,21.72,23.04,2534136,22.44
2016/02/04,22.94,23.72,22.94,23.43,2234205,23.45
2016/02/05,23.46,23.67,22.85,22.98,1536610,23.24
2016/02/15,21.44,22.83,21.44,22.71,1499188,22.39
2016/02/16,22.70,23.81,22.70,23.74,2386360,23.61
2016/02/17,23.89,23.94,23.21,23.82,2457183,23.71
2016/02/18,24.09,24.37,23.59,23.74,2002521,24.00
2016/02/19,23.51,23.88,23.45,23.69,2033122,23.74
2016/02/22,23.94,24.48,23.67,24.39,3252654,24.12
2016/02/23,24.37,24.63,23.64,24.09,2435464,24.11
2016/02/24,23.77,24.06,23.26,23.96,1775181,23.83
2016/02/25,23.89,23.92,21.55,21.55,2278169,22.51
2016/02/26,21.77,22.09,20.89,21.49,1584142,21.55
2016/02/29,21.47,21.69,19.33,19.33,2496611,19.94
2016/03/01,19.44,20.01,18.95,19.83,2739878,19.63
2016/03/02,19.94,21.11,19.71,21.05,2521588,20.52
2016/03/03,21.08,21.82,20.95,21.23,2493979,21.53
2016/03/04,21.27,21.39,19.51,19.99,1873239,20.59
2016/03/07,20.19,20.89,20.19,20.58,1313769,20.75
2016/03/08,20.72,21.09,19.47,21.09,2004995,20.26
2016/03/09,20.26,21.01,20.21,20.77,1440416,20.85
2016/03/10,20.57,20.97,20.09,20.10,1239685,20.75
2016/03/11,20.01,20.38,19.82,20.23,965060,20.28
2016/03/14,20.73,21.75,20.59,21.16,2583384,21.49
2016/03/15,21.54,21.54,21.01,21.06,1458643,21.42
2016/03/16,21.49,21.77,20.71,20.74,1471724,21.23
2016/03/17,20.87,21.89,20.84,21.77,2119418,21.67
2016/03/18,21.79,23.04,21.64,22.92,2529881,22.63
2016/03/21,23.37,23.56,22.93,23.25,2037513,23.34
2016/03/22,23.15,23.72,22.91,23.34,1639129,23.46
2016/03/23,23.25,23.78,23.16,23.74,1528541,23.70
2016/03/24,23.60,24.00,23.19,23.23,2231125,23.67
2016/03/25,22.94,24.08,22.90,23.89,2462968,23.79
2016/03/28,24.13,24.34,23.13,23.25,2787615,24.06
2016/03/29,23.05,23.34,22.07,22.38,2228456,22.67
2016/03/30,22.64,23.89,22.45,23.85,2909608,23.23
2016/03/31,23.89,25.09,23.69,24.43,3867555,24.53
2016/04/01,24.66,24.84,23.74,24.22,2378869,24.35
2016/04/05,23.92,25.74,23.92,25.74,3902615,25.29
2016/04/06,25.72,26.07,25.31,25.72,2483338,25.74
2016/04/07,25.89,25.90,24.95,24.99,2167505,25.44
2016/04/08,24.79,25.06,24.50,24.71,2184702,24.84
2016/04/11,25.06,25.89,24.89,25.70,2945464,25.64
2016/04/12,25.79,25.79,24.89,25.24,2460775,25.38
2016/04/13,25.39,26.08,25.29,25.67,2144913,25.87
2016/04/14,25.64,26.30,25.64,26.30,2152960,26.05
2016/04/15,25.92,26.16,25.45,25.67,3941251,25.82
2016/04/18,25.74,25.84,25.19,25.66,2359516,25.59
2016/04/19,25.89,26.55,25.89,26.06,2904113,26.28
2016/04/20,26.09,26.19,23.74,24.16,3465451,24.89
2016/04/21,24.27,24.55,23.79,24.26,1792775,24.37
2016/04/22,23.99,24.51,23.70,24.44,1205526,24.29
2016/04/25,24.34,24.39,23.43,24.11,1254422,23.99
2016/04/26,24.09,24.57,23.90,24.57,1244657,24.35
2016/04/27,24.59,24.99,24.42,24.72,1368733,24.84
2016/04/28,24.77,24.88,24.00,24.69,1171752,24.55
2016/04/29,24.59,24.84,24.20,24.62,1284178,24.67
2016/05/03,24.41,25.73,24.19,25.62,3146175,25.31
2016/05/04,25.31,25.71,25.31,25.59,2426612,25.62
2016/05/05,25.40,25.66,25.22,25.60,1991773,25.57
2016/05/06,25.72,25.83,24.26,24.30,2882704,25.12
2016/05/09,24.02,24.13,23.42,23.54,2502990,23.78
2016/05/10,23.19,23.77,23.19,23.57,1124479,23.65
2016/05/11,23.60,23.78,23.20,23.39,1103067,23.68
2016/05/12,23.24,23.69,22.50,23.39,1299903,22.99
2016/05/13,23.29,23.68,22.80,23.08,1908278,23.26
2016/05/16,22.93,23.38,22.74,23.38,1678985,23.11
2016/05/17,23.38,23.69,22.93,23.47,1674414,23.45
2016/05/18,23.35,23.35,21.77,22.00,1446437,22.69
2016/05/19,22.08,22.69,22.00,22.17,1432672,22.50
2016/05/20,22.07,22.36,21.85,22.34,1145539,22.29
2016/05/23,22.43,23.42,22.37,23.03,1393563,22.94
2016/05/24,23.27,24.77,22.71,23.99,4673581,23.83
2016/05/25,24.18,24.19,23.50,23.80,3019457,23.99
2016/05/26,23.54,24.14,23.00,23.97,1962507,23.67
2016/05/27,23.97,24.22,23.71,23.83,1958407,24.08
2016/05/30,23.57,24.14,23.19,23.83,1389903,23.79
2016/05/31,23.82,24.89,23.70,24.85,3455799,24.65
2016/06/01,24.94,26.25,24.89,25.40,4468830,25.81
2016/06/02,25.30,26.05,25.25,25.94,3368505,25.84
2016/06/03,26.04,26.39,25.70,25.89,2929464,26.14
2016/06/06,25.94,26.20,25.60,26.07,2012799,25.98
2016/06/07,25.98,26.08,25.57,25.97,2276852,25.91
2016/06/08,25.97,25.97,25.30,25.67,1845113,25.74
2016/06/13,25.44,25.64,23.29,23.69,3392559,25.01
2016/06/14,23.47,23.86,23.22,23.78,2151623,23.71
2016/06/15,23.72,25.14,23.30,25.04,2598800,24.71
2016/06/16,25.04,25.45,24.69,25.19,3209432,25.17
2016/06/17,25.55,26.29,25.41,26.27,4686325,26.10
2016/06/20,26.65,28.08,26.65,27.59,5884257,27.64
2016/06/21,27.15,27.76,26.41,26.45,3640112,27.06
2016/06/22,26.45,27.70,26.31,27.54,3357952,26.89
2016/06/23,27.28,27.80,26.70,27.29,2761663,27.22
2016/06/24,27.29,27.63,26.10,27.37,3063810,27.03
2016/06/27,27.00,28.38,26.93,28.17,4101798,27.88
2016/06/28,27.91,28.73,27.91,28.54,3074503,28.40
2016/06/29,28.90,28.95,28.16,28.37,2448385,28.44
2016/06/30,28.37,28.50,28.06,28.16,1569319,28.22
2016/07/01,28.26,28.97,28.16,28.19,2417344,28.61
2016/07/04,27.99,28.98,27.80,28.95,2983843,28.71
2016/07/05,29.08,29.15,28.50,28.74,2577976,28.70
2016/07/06,28.50,29.25,28.50,28.92,2521067,28.88
2016/07/07,28.69,29.77,28.55,29.51,3776481,29.13
2016/07/08,29.96,29.96,29.26,29.37,2933532,29.58
2016/07/11,29.48,29.55,28.50,28.55,2281198,29.02
2016/07/12,28.50,28.68,27.65,28.65,2436732,28.28
2016/07/13,28.55,29.30,28.47,28.90,1918377,28.88
2016/07/14,29.20,29.24,28.49,28.50,2188591,28.79
2016/07/15,29.20,29.88,28.87,29.33,3749048,29.24
2016/07/18,29.15,30.45,29.05,30.25,3510194,29.79
2016/07/19,30.08,30.20,29.46,30.07,2610225,29.85
2016/07/20,29.94,30.30,29.75,29.76,1737550,29.98
2016/07/21,29.85,29.92,29.38,29.76,1822642,29.65
2016/07/22,29.74,29.76,28.71,28.76,2366968,29.17
2016/07/25,28.88,28.94,28.21,28.61,1777982,28.51
2016/07/26,28.54,29.29,28.35,29.20,1721500,28.99
2016/07/27,29.25,29.25,27.00,27.10,3827000,27.92
2016/07/28,27.22,27.62,27.00,27.50,2217500,27.34
2016/07/29,27.55,29.00,27.55,27.83,1699391,28.02
2016/08/01,27.75,27.75,26.81,27.67,1616700,27.29
2016/08/02,27.41,27.99,27.39,27.90,924500,27.74
2016/08/03,27.92,28.39,27.66,28.15,1217087,28.06
2016/08/04,28.20,28.29,27.93,28.24,898235,28.12
2016/08/05,28.29,28.55,27.97,28.00,985300,28.24
2016/08/08,28.00,28.65,27.45,28.56,1348924,28.13
2016/08/09,28.00,28.65,27.45,28.56,0,28.05
