Date, SZ300335.Open, SZ300335.High, SZ300335.Low, SZ300335.Close, SZ300335.Volume, SZ300335.Adjusted
2012/07/10,7.95,8.12,7.01,7.03,24191517,7.56
2012/07/11,6.57,6.87,6.31,6.71,14069300,6.59
2012/07/12,7.13,7.41,7.09,7.41,16105867,7.25
2012/07/13,7.10,7.39,6.92,7.17,13265790,7.15
2012/07/16,7.09,7.57,6.93,7.22,11937746,7.25
2012/07/17,7.01,7.16,6.54,6.95,8461597,6.85
2012/07/18,6.84,6.84,6.34,6.57,7899778,6.59
2012/07/19,6.45,6.89,6.35,6.70,8525658,6.62
2012/07/20,6.58,6.83,6.50,6.57,5695501,6.67
2012/07/23,6.44,6.84,6.40,6.81,5506547,6.62
2012/07/24,6.75,7.00,6.73,6.77,6093710,6.87
2012/07/25,6.71,7.45,6.66,7.01,8154398,7.06
2012/07/26,6.95,7.21,6.85,7.07,6714221,7.03
2012/07/27,7.05,7.19,6.66,6.76,6470397,6.93
2012/07/30,6.66,6.81,6.49,6.57,3846206,6.65
2012/07/31,6.56,6.73,6.40,6.49,2488780,6.57
2012/08/01,6.46,6.78,6.46,6.61,3162766,6.62
2012/08/02,6.56,6.72,6.53,6.68,3129140,6.63
2012/08/03,6.66,6.97,6.61,6.95,4559804,6.79
2012/08/06,6.85,7.07,6.81,7.04,3984736,6.94
2012/08/07,6.99,7.04,6.87,7.00,4790749,6.96
2012/08/08,6.99,7.05,6.63,6.71,4200103,6.84
2012/08/09,6.66,7.26,6.58,7.09,5332917,6.92
2012/08/10,7.06,7.17,6.84,6.93,4304599,7.00
2012/08/13,6.86,7.14,6.86,6.93,4438575,7.00
2012/08/14,6.95,7.17,6.68,7.15,5392232,6.92
2012/08/15,7.11,7.43,7.00,7.17,6457906,7.21
2012/08/16,7.11,7.21,6.88,6.96,3832419,7.04
2012/08/17,6.89,7.03,6.80,6.99,2332388,6.92
2012/08/20,6.93,7.04,6.77,6.95,2593987,6.90
2012/08/21,6.90,7.21,6.90,7.07,3574357,7.06
2012/08/22,7.31,7.43,7.07,7.15,5792880,7.25
2012/08/23,7.22,7.72,7.11,7.52,8099151,7.42
2012/08/24,7.45,7.49,7.01,7.02,5250411,7.25
2012/08/27,7.04,7.14,6.89,7.01,3332327,7.01
2012/08/28,7.01,7.13,6.75,7.05,3870463,6.94
2012/08/29,7.02,7.34,6.93,7.15,4802493,7.13
2012/08/30,7.12,7.36,6.75,6.93,6044857,7.06
2012/08/31,6.84,6.90,6.62,6.73,3743726,6.76
2012/09/03,6.66,6.89,6.65,6.83,2435999,6.77
2012/09/04,6.83,6.95,6.73,6.76,2582847,6.84
2012/09/05,6.73,6.91,6.66,6.84,2231254,6.79
2012/09/06,6.86,7.04,6.85,7.04,3132503,6.94
2012/09/07,7.13,7.36,7.06,7.16,4754757,7.21
2012/09/10,7.13,7.31,7.11,7.25,3326141,7.21
2012/09/11,7.21,7.34,7.16,7.26,2926478,7.25
2012/09/12,7.30,7.35,7.04,7.13,3477521,7.19
2012/09/13,7.15,7.19,6.93,7.00,3595298,7.06
2012/09/14,7.02,7.12,6.95,7.01,1958190,7.04
2012/09/17,7.01,7.01,6.82,6.85,3512190,6.92
2012/09/18,6.80,6.85,6.57,6.61,2331420,6.71
2012/09/19,6.62,6.69,6.60,6.64,1609334,6.65
2012/09/20,6.57,6.66,5.95,5.95,5712444,6.31
2012/09/21,6.08,6.17,5.87,5.94,2866704,6.02
2012/09/24,5.79,5.97,5.66,5.90,1584823,5.81
2012/09/25,5.80,5.90,5.64,5.73,1621213,5.77
2012/09/26,5.73,5.76,5.57,5.63,1287532,5.67
2012/09/27,5.66,5.84,5.62,5.80,1783056,5.73
2012/09/28,5.73,5.91,5.71,5.87,1892355,5.81
2012/10/08,5.86,5.93,5.81,5.92,1377298,5.87
2012/10/09,5.95,6.17,5.90,6.13,2492284,6.04
2012/10/10,6.15,6.16,6.06,6.13,1597469,6.11
2012/10/11,6.06,6.10,5.82,5.84,2115556,5.96
2012/10/12,5.92,6.10,5.90,6.08,2714751,6.00
2012/10/15,6.07,6.14,5.91,6.00,1510841,6.02
2012/10/16,6.05,6.18,5.96,6.07,1898269,6.07
2012/10/17,6.11,6.13,5.91,6.01,1438400,6.02
2012/10/18,5.96,6.10,5.96,6.05,1639505,6.03
2012/10/19,6.05,6.11,6.04,6.09,1375581,6.08
2012/10/22,6.07,6.07,5.96,6.03,1297520,6.02
2012/10/23,6.04,6.06,5.91,5.91,1196377,5.98
2012/10/24,5.86,5.95,5.80,5.83,958233,5.88
2012/10/25,5.92,5.92,5.76,5.78,819038,5.84
2012/10/26,5.84,5.93,5.76,5.89,1690029,5.84
2012/10/29,5.89,6.13,5.83,6.13,2866707,5.98
2012/10/30,6.12,6.39,6.10,6.25,3997424,6.24
2012/10/31,6.21,6.29,6.08,6.23,1912229,6.19
2012/11/01,6.21,6.45,6.21,6.37,2281910,6.33
2012/11/02,6.34,6.37,6.29,6.33,1323125,6.33
2012/11/05,6.33,6.33,6.13,6.24,1576365,6.23
2012/11/06,6.21,6.26,5.99,6.21,1777000,6.13
2012/11/07,6.21,6.37,6.11,6.28,1620144,6.24
2012/11/08,6.17,6.17,5.96,6.01,2276203,6.06
2012/11/09,6.01,6.15,5.95,6.13,1071067,6.05
2012/11/12,6.14,6.46,6.14,6.29,1466563,6.30
2012/11/13,6.31,6.32,6.02,6.06,1301090,6.17
2012/11/14,5.97,6.21,5.91,6.18,1816014,6.06
2012/11/15,6.10,6.78,6.02,6.35,4761084,6.40
2012/11/16,6.28,6.88,6.27,6.62,6398819,6.57
2012/11/19,6.52,7.05,6.41,6.94,7797605,6.73
2012/11/20,6.82,6.95,6.68,6.75,6187616,6.81
2012/11/21,6.66,6.83,6.62,6.79,4623147,6.73
2012/11/22,6.73,6.82,6.57,6.68,2980867,6.70
2012/11/23,6.67,6.73,6.53,6.57,2911817,6.63
2012/11/26,6.55,6.56,6.40,6.46,2445326,6.48
2012/11/27,6.41,6.47,5.79,5.79,3864655,6.13
2012/11/28,5.56,5.58,5.37,5.47,3274471,5.48
2012/11/29,5.50,5.56,5.21,5.25,2801957,5.38
2012/11/30,5.34,5.34,5.21,5.28,1461909,5.27
2012/12/03,5.30,5.34,5.02,5.06,1936889,5.18
2012/12/04,5.05,5.13,4.81,5.09,2837534,4.97
2012/12/05,5.07,5.46,5.01,5.32,2919129,5.23
2012/12/06,5.26,5.38,5.19,5.24,2072168,5.29
2012/12/07,5.24,5.45,5.20,5.43,2879444,5.33
2012/12/10,5.45,5.58,5.37,5.53,2698458,5.48
2012/12/11,5.46,5.49,5.40,5.40,1895954,5.45
2012/12/12,5.40,5.62,5.38,5.60,3828631,5.50
2012/12/13,5.64,5.78,5.42,5.43,2882723,5.60
2012/12/14,5.38,5.67,5.33,5.65,3131732,5.50
2012/12/17,5.66,5.78,5.58,5.65,2594368,5.68
2012/12/18,5.65,5.72,5.55,5.58,1842966,5.63
2012/12/19,5.55,5.67,5.53,5.65,1563447,5.60
2012/12/20,5.64,5.90,5.60,5.77,2909231,5.75
2012/12/21,5.78,6.13,5.75,6.04,3843301,5.94
2012/12/24,6.04,6.19,5.98,6.14,3035891,6.09
2012/12/25,6.14,6.37,6.10,6.28,3543809,6.23
2012/12/26,6.25,6.65,6.20,6.59,4043415,6.43
2012/12/27,6.59,6.71,6.19,6.19,3808027,6.45
2012/12/28,6.17,6.44,6.11,6.31,3199464,6.28
2012/12/31,6.31,6.40,6.10,6.12,3959615,6.25
2013/01/04,6.13,6.27,6.10,6.21,3707717,6.18
2013/01/07,6.27,6.86,6.25,6.75,7574746,6.56
2013/01/08,6.67,6.79,6.55,6.61,5782776,6.67
2013/01/09,6.52,6.72,6.43,6.52,3442827,6.57
2013/01/10,6.55,6.68,6.44,6.56,3290916,6.56
2013/01/11,6.59,6.88,6.56,6.71,6245973,6.72
2013/01/14,6.75,7.03,6.69,7.00,5719165,6.86
2013/01/15,6.97,7.49,6.94,7.47,6918319,7.22
2013/01/16,7.38,7.48,7.10,7.45,5351338,7.29
2013/01/17,7.40,7.79,7.19,7.63,7694383,7.49
2013/01/18,7.23,7.32,6.84,6.96,9479874,7.08
2013/01/21,6.91,7.01,6.85,6.97,3678001,6.93
2013/01/22,6.88,6.96,6.50,6.62,4422443,6.73
2013/01/23,6.57,6.77,6.55,6.73,2491901,6.66
2013/01/24,6.77,6.78,6.23,6.31,4182381,6.51
2013/01/25,6.33,6.46,6.32,6.40,2266714,6.39
2013/01/28,6.41,6.75,6.39,6.73,2965523,6.57
2013/01/29,6.69,6.87,6.69,6.75,2507265,6.78
2013/01/30,6.73,6.73,6.53,6.66,2183344,6.63
2013/01/31,6.73,6.87,6.61,6.85,2652878,6.74
2013/02/01,6.79,6.86,6.68,6.77,2090941,6.77
2013/02/04,6.77,6.82,6.48,6.53,2074945,6.65
2013/02/05,6.55,6.65,6.48,6.59,1849716,6.57
2013/02/06,6.64,6.72,6.58,6.58,1581108,6.65
2013/02/07,6.63,6.74,6.55,6.71,1930100,6.65
2013/02/08,6.74,6.87,6.68,6.85,2497685,6.77
2013/02/18,6.86,7.08,6.85,6.98,3358693,6.96
2013/02/19,7.05,7.05,6.83,6.97,3118122,6.94
2013/02/20,6.97,7.33,6.97,7.33,3946421,7.15
2013/02/21,7.23,7.36,7.10,7.23,2815114,7.23
2013/02/22,7.19,7.28,6.95,6.97,2403966,7.12
2013/02/25,7.06,7.34,7.02,7.31,3236848,7.18
2013/02/26,7.26,7.29,6.97,6.99,2428919,7.13
2013/02/27,7.00,7.09,6.72,6.88,2187753,6.90
2013/02/28,6.95,7.13,6.75,7.11,1667284,6.94
2013/03/01,7.13,7.33,7.08,7.28,3077556,7.21
2013/03/04,7.40,7.50,7.08,7.13,4209716,7.29
2013/03/05,7.05,7.31,6.94,7.29,3270142,7.13
2013/03/06,7.28,7.71,7.21,7.70,5155001,7.46
2013/03/07,7.67,7.77,7.32,7.49,3896417,7.54
2013/03/08,7.49,7.72,7.33,7.34,1794247,7.52
2013/03/11,7.35,7.52,7.27,7.37,1518936,7.39
2013/03/12,7.36,7.43,6.79,6.93,2166564,7.11
2013/03/13,6.93,6.96,6.48,6.55,1869128,6.72
2013/03/14,6.56,6.65,6.49,6.52,1565783,6.57
2013/03/15,6.55,6.77,6.45,6.56,1751221,6.61
2013/03/18,6.57,6.69,6.51,6.55,1249515,6.60
2013/03/19,6.59,6.71,6.33,6.48,1509552,6.52
2013/03/20,6.48,6.73,6.45,6.72,1469791,6.59
2013/03/21,6.75,7.01,6.67,6.89,1886648,6.84
2013/03/22,6.83,6.90,6.77,6.87,1033286,6.83
2013/03/25,6.92,7.05,6.88,6.97,1252928,6.96
2013/03/26,6.96,6.97,6.69,6.83,1255402,6.83
2013/03/27,6.84,6.90,6.71,6.81,1028007,6.81
2013/03/28,6.78,6.78,6.55,6.57,975568,6.67
2013/03/29,6.55,6.74,6.55,6.62,803692,6.65
2013/04/01,6.66,6.88,6.57,6.85,1330006,6.73
2013/04/02,6.96,7.19,6.85,6.88,2739297,7.02
2013/04/03,6.75,6.86,6.61,6.70,1424836,6.74
2013/04/08,6.48,6.78,6.48,6.75,701004,6.63
2013/04/09,6.75,6.87,6.71,6.81,608764,6.79
2013/04/10,6.81,6.85,6.61,6.77,628370,6.73
2013/04/11,6.77,6.84,6.69,6.73,609616,6.77
2013/04/12,6.71,6.81,6.65,6.69,471526,6.73
2013/04/15,6.69,6.72,6.33,6.38,813396,6.52
2013/04/16,6.35,6.53,6.34,6.40,1286232,6.44
2013/04/17,6.39,6.45,6.33,6.41,1452916,6.39
2013/04/18,6.41,6.45,6.33,6.42,1386629,6.39
2013/04/19,6.41,6.61,6.41,6.57,2028997,6.51
2013/04/22,6.53,6.72,6.49,6.72,1669588,6.60
2013/04/23,6.71,6.73,6.42,6.56,1591546,6.58
2013/04/24,6.50,6.83,6.48,6.82,2822894,6.66
2013/04/25,7.10,7.17,6.81,6.83,4088256,6.99
2013/04/26,6.81,6.87,6.47,6.50,1675438,6.67
2013/05/02,6.55,6.63,6.41,6.60,578003,6.52
2013/05/03,6.63,6.77,6.63,6.74,1824077,6.70
2013/05/06,6.78,7.13,6.72,6.99,2928141,6.92
2013/05/07,7.09,7.50,7.09,7.45,6055844,7.29
2013/05/08,7.35,7.64,7.35,7.52,3361470,7.49
2013/05/09,7.50,7.98,7.49,7.77,4274171,7.74
2013/05/10,7.75,8.16,7.64,7.76,3114542,7.90
2013/05/13,7.73,8.15,7.64,8.05,2936519,7.90
2013/05/14,7.96,8.05,7.56,7.80,2759829,7.81
2013/05/15,7.84,8.29,7.75,8.21,2683607,8.02
2013/05/16,8.18,8.36,7.82,7.97,3033039,8.09
2013/05/17,7.95,8.21,7.88,8.04,1782994,8.05
2013/05/20,8.06,8.61,7.91,8.61,3191002,8.26
2013/05/21,8.64,8.88,8.52,8.70,3310940,8.70
2013/05/22,8.61,8.88,8.53,8.62,2377845,8.71
2013/05/23,8.45,9.49,8.39,9.18,2622653,8.94
2013/05/24,9.24,9.57,8.99,9.41,2588989,9.28
2013/05/27,9.59,9.81,9.23,9.53,4809050,9.52
2013/05/28,9.53,9.57,8.75,9.25,5360100,9.16
2013/05/29,9.32,9.60,9.24,9.43,3682535,9.42
2013/05/30,9.27,9.43,9.13,9.29,2549499,9.28
2013/05/31,9.33,10.07,9.33,9.81,4860117,9.70
2013/06/03,9.79,9.79,9.25,9.28,3450602,9.52
2013/06/04,9.16,9.16,8.72,9.15,3321818,8.94
2013/06/05,9.02,9.27,8.98,9.11,1978821,9.13
2013/06/06,9.05,9.11,8.72,8.74,1725189,8.92
2013/06/07,8.65,8.82,8.41,8.53,1417951,8.62
2013/06/13,8.40,8.71,7.99,8.71,2017293,8.35
2013/06/14,8.69,9.47,8.69,9.29,3474204,9.08
2013/06/17,9.35,9.65,9.13,9.59,3917880,9.39
2013/06/18,9.55,9.55,9.15,9.44,2613168,9.35
2013/06/19,9.33,9.39,9.05,9.32,2230934,9.22
2013/06/20,9.34,9.36,8.68,8.69,2588269,9.02
2013/06/21,8.47,8.70,8.30,8.61,2014873,8.50
2013/06/24,8.54,8.56,7.81,7.85,1475429,8.19
2013/06/25,7.88,8.66,7.48,8.50,4307506,8.07
2013/06/26,8.40,9.30,8.29,9.27,5116016,8.79
2013/06/27,9.15,9.74,9.08,9.70,7162100,9.41
2013/06/28,9.68,9.68,9.01,9.16,3509197,9.34
2013/07/01,9.19,9.45,9.03,9.45,3426136,9.24
2013/07/02,9.55,9.55,9.11,9.25,4454957,9.33
2013/07/03,9.17,9.93,9.03,9.88,6448249,9.48
2013/07/04,9.82,9.98,9.35,9.43,6864485,9.67
2013/07/05,9.37,9.51,9.09,9.28,5562301,9.30
2013/07/08,9.07,9.07,8.46,8.46,3048588,8.77
2013/07/09,8.34,8.53,8.10,8.47,2421289,8.31
2013/07/10,8.61,8.95,8.54,8.61,3485009,8.74
2013/07/11,8.79,9.28,8.75,9.08,4817364,9.01
2013/07/12,9.03,9.47,8.99,9.13,3905209,9.23
2013/07/15,9.27,9.85,9.27,9.83,5024983,9.56
2013/07/16,9.79,9.96,9.53,9.74,8575850,9.75
2013/07/17,9.78,10.28,9.63,9.94,8180435,9.96
2013/07/18,9.91,10.60,9.75,10.42,6577077,10.17
2013/07/19,10.40,10.48,9.55,9.68,6416623,10.02
2013/07/22,9.61,10.41,9.50,10.37,5231113,9.96
2013/07/23,10.55,11.20,10.49,10.93,6886966,10.84
2013/07/24,10.93,11.27,10.61,11.14,5617993,10.94
2013/07/25,11.14,11.16,10.38,10.43,7174919,10.77
2013/07/26,10.55,10.85,9.92,10.21,5069285,10.38
2013/07/29,10.01,10.40,9.75,9.95,3638231,10.08
2013/07/30,9.89,10.08,9.37,9.55,5799323,9.72
2013/07/31,9.64,10.25,9.62,9.91,4535626,9.93
2013/08/01,9.97,10.71,9.79,10.61,5319939,10.25
2013/08/02,10.68,11.01,10.49,10.70,4009180,10.75
2013/08/05,10.69,11.13,10.52,11.07,6622646,10.83
2013/08/06,10.91,11.07,10.71,10.87,4708353,10.89
2013/08/07,10.79,10.79,10.35,10.45,4532822,10.57
2013/08/08,10.35,10.78,10.28,10.49,3588302,10.53
2013/08/09,10.49,10.57,10.04,10.27,5994390,10.30
2013/08/12,10.55,10.65,10.22,10.48,4404857,10.44
2013/08/13,10.49,10.55,10.27,10.48,2017736,10.41
2013/08/14,10.53,10.57,10.33,10.37,2637952,10.45
2013/08/15,10.41,10.43,10.14,10.15,2490359,10.29
2013/08/16,10.11,10.39,9.90,9.99,2310860,10.15
2013/08/19,10.07,10.43,9.95,10.41,1887699,10.19
2013/08/20,10.41,10.92,10.41,10.71,4426401,10.67
2013/08/21,10.68,10.73,10.49,10.71,2775969,10.61
2013/08/22,10.63,10.83,10.53,10.81,3330970,10.68
2013/08/23,10.69,10.91,10.48,10.61,3301408,10.70
2013/08/26,10.66,10.83,10.62,10.80,2389480,10.72
2013/08/27,11.10,11.55,11.07,11.32,6034064,11.31
2013/08/28,11.15,11.93,11.01,11.79,5963518,11.47
2013/08/29,11.69,11.78,11.43,11.57,2829791,11.60
2013/08/30,11.55,12.07,10.99,11.01,4059701,11.53
2013/09/02,10.95,12.13,10.87,12.12,5131346,11.50
2013/09/03,12.14,12.55,11.95,12.36,3867692,12.25
2013/09/04,12.38,12.79,12.03,12.11,5901135,12.41
2013/09/05,12.11,12.74,12.11,12.35,2642920,12.42
2013/09/06,12.31,13.15,12.23,12.85,3071184,12.69
2013/09/09,12.85,13.01,12.51,12.72,2393870,12.76
2013/09/10,12.72,12.98,12.25,12.43,2328023,12.62
2013/09/11,12.51,13.03,11.83,12.01,2791568,12.43
2013/09/12,11.99,12.31,11.97,12.05,1993213,12.14
2013/09/13,12.09,12.19,11.15,11.95,1590494,11.67
2013/09/16,11.99,12.59,11.81,12.35,2483438,12.20
2013/09/17,12.31,12.48,11.83,12.42,2241739,12.16
2013/09/18,12.33,12.60,12.21,12.48,1514150,12.41
2013/09/23,12.51,12.61,12.33,12.58,1691148,12.47
2013/09/24,12.59,13.47,12.55,13.02,2976831,13.01
2013/09/25,13.02,13.10,12.43,12.50,2065410,12.76
2013/09/26,12.52,12.58,12.05,12.13,1179795,12.32
2013/09/27,12.21,12.55,12.13,12.47,1241491,12.34
2013/09/30,12.47,12.84,12.31,12.77,1206059,12.58
2013/10/08,12.71,12.94,12.61,12.83,1421452,12.77
2013/10/09,12.76,12.79,12.49,12.67,2534188,12.64
2013/10/10,12.65,12.75,12.03,12.08,3098588,12.39
2013/10/11,12.15,12.31,11.93,12.08,2118837,12.12
2013/10/14,11.99,12.37,11.99,12.33,1982336,12.18
2013/10/15,12.34,12.61,12.07,12.16,2751670,12.34
2013/10/16,12.34,12.61,12.07,12.16,0,12.34
2013/10/17,12.34,12.61,12.07,12.16,0,12.34
2013/10/18,12.34,12.61,12.07,12.16,0,12.34
2013/10/21,12.34,12.61,12.07,12.16,0,12.34
2013/10/22,12.34,12.61,12.07,12.16,0,12.34
2013/10/23,12.34,12.61,12.07,12.16,0,12.34
2013/10/24,12.34,12.61,12.07,12.16,0,12.34
2013/10/25,12.34,12.61,12.07,12.16,0,12.34
2013/10/28,12.34,12.61,12.07,12.16,0,12.34
2013/10/29,12.34,12.61,12.07,12.16,0,12.34
2013/10/30,12.34,12.61,12.07,12.16,0,12.34
2013/10/31,12.34,12.61,12.07,12.16,0,12.34
2013/11/01,12.34,12.61,12.07,12.16,0,12.34
2013/11/04,12.34,12.61,12.07,12.16,0,12.34
2013/11/05,12.34,12.61,12.07,12.16,0,12.34
2013/11/06,12.34,12.61,12.07,12.16,0,12.34
2013/11/07,12.34,12.61,12.07,12.16,0,12.34
2013/11/08,12.34,12.61,12.07,12.16,0,12.34
2013/11/11,12.34,12.61,12.07,12.16,0,12.34
2013/11/12,12.34,12.61,12.07,12.16,0,12.34
2013/11/13,12.34,12.61,12.07,12.16,0,12.34
2013/11/14,12.34,12.61,12.07,12.16,0,12.34
2013/11/15,12.34,12.61,12.07,12.16,0,12.34
2013/11/18,12.34,12.61,12.07,12.16,0,12.34
2013/11/19,12.34,12.61,12.07,12.16,0,12.34
2013/11/20,12.34,12.61,12.07,12.16,0,12.34
2013/11/21,12.34,12.61,12.07,12.16,0,12.34
2013/11/22,12.34,12.61,12.07,12.16,0,12.34
2013/11/25,12.34,12.61,12.07,12.16,0,12.34
2013/11/26,12.34,12.61,12.07,12.16,0,12.34
2013/11/27,12.34,12.61,12.07,12.16,0,12.34
2013/11/28,12.34,12.61,12.07,12.16,0,12.34
2013/11/29,12.34,12.61,12.07,12.16,0,12.34
2013/12/02,10.93,11.37,10.93,10.93,3635126,11.15
2013/12/03,10.61,10.75,9.82,10.55,3257668,10.29
2013/12/04,10.30,10.91,10.15,10.19,3156074,10.53
2013/12/05,10.02,10.61,9.45,9.75,5239965,10.03
2013/12/06,9.70,10.01,9.64,9.89,4089545,9.83
2013/12/09,9.99,10.23,9.92,10.11,2006985,10.08
2013/12/10,10.22,10.27,9.99,10.05,1264830,10.13
2013/12/11,10.02,10.36,10.01,10.18,1548573,10.18
2013/12/12,10.18,10.65,10.18,10.50,2094376,10.42
2013/12/13,10.41,11.31,10.37,11.05,3973071,10.84
2013/12/16,11.07,11.34,10.68,11.23,2327114,11.01
2013/12/17,11.15,11.31,10.97,11.06,1406741,11.14
2013/12/18,11.11,11.12,10.67,10.75,837412,10.89
2013/12/19,10.77,10.99,10.48,10.56,828571,10.74
2013/12/20,10.55,10.72,10.43,10.55,628337,10.58
2013/12/23,10.56,10.95,10.51,10.71,999449,10.73
2013/12/24,10.67,11.00,10.66,10.81,828796,10.83
2013/12/25,10.90,11.21,10.78,11.18,1359251,11.00
2013/12/26,11.09,11.37,10.91,10.94,1844785,11.14
2013/12/27,10.98,11.39,10.85,11.36,2343981,11.12
2013/12/30,11.41,12.11,11.29,11.78,3325483,11.70
2013/12/31,11.77,11.93,11.47,11.65,863220,11.70
2014/01/02,11.61,11.84,11.61,11.71,809651,11.72
2014/01/03,11.87,11.87,11.59,11.60,780780,11.73
2014/01/06,11.67,11.78,11.33,11.44,1662874,11.55
2014/01/07,11.39,12.35,11.37,12.19,2187052,11.86
2014/01/08,12.48,12.48,12.09,12.43,3556420,12.29
2014/01/09,12.25,12.33,12.03,12.06,2609673,12.18
2014/01/10,11.98,12.65,11.94,12.13,1594120,12.29
2014/01/13,12.07,12.61,11.71,12.54,2253549,12.16
2014/01/14,12.39,12.68,12.39,12.55,914431,12.54
2014/01/15,12.40,12.63,12.14,12.15,1321723,12.39
2014/01/16,12.27,12.45,12.07,12.13,889292,12.26
2014/01/17,12.13,12.21,11.80,11.89,991498,12.01
2014/01/20,12.03,12.24,11.80,11.95,1017249,12.02
2014/01/21,11.94,12.36,11.80,12.25,908952,12.08
2014/01/22,12.25,12.35,12.11,12.31,922075,12.23
2014/01/23,12.32,12.73,12.18,12.67,1373103,12.46
2014/01/24,12.66,13.13,12.53,12.75,1558616,12.83
2014/01/27,12.80,13.03,12.63,12.76,1189980,12.83
2014/01/28,12.64,12.76,12.09,12.41,1053344,12.42
2014/01/29,12.46,13.01,12.37,12.98,898107,12.69
2014/01/30,13.07,13.08,12.83,12.88,432078,12.96
2014/02/07,12.71,13.08,12.69,13.03,619540,12.88
2014/02/10,13.13,13.58,12.82,13.40,1699942,13.20
2014/02/11,13.40,13.68,13.02,13.41,1622562,13.35
2014/02/12,13.35,13.45,13.09,13.28,1663933,13.27
2014/02/13,13.31,13.68,13.07,13.08,1109115,13.38
2014/02/14,13.03,13.59,13.03,13.57,1350480,13.31
2014/02/17,13.80,13.81,12.81,12.92,7055579,13.31
2014/02/18,12.93,12.95,12.39,12.61,4974026,12.67
2014/02/19,12.53,12.60,12.31,12.59,1773263,12.46
2014/02/20,12.54,12.69,12.22,12.59,1696075,12.46
2014/02/21,12.42,12.58,12.33,12.38,819249,12.46
2014/02/24,12.13,12.48,12.11,12.43,919365,12.29
2014/02/25,12.43,12.58,11.17,11.38,2344401,11.88
2014/02/26,11.35,11.55,11.02,11.41,1775623,11.29
2014/02/27,11.33,11.75,10.63,10.81,2084381,11.19
2014/02/28,10.81,11.08,10.76,11.05,668749,10.92
2014/03/03,11.13,11.81,10.95,11.67,2822075,11.38
2014/03/04,11.67,11.98,11.47,11.81,1457043,11.73
2014/03/05,11.81,12.39,11.81,12.14,1648225,12.10
2014/03/06,12.35,12.35,11.81,12.10,620549,12.08
2014/03/07,12.09,12.41,11.93,12.08,695004,12.17
2014/03/10,12.02,12.02,11.67,11.75,824917,11.84
2014/03/11,11.52,11.60,11.12,11.19,1112775,11.36
2014/03/12,11.15,11.15,10.82,10.90,801787,10.99
2014/03/13,10.95,11.13,10.87,11.08,672963,11.00
2014/03/14,11.01,11.06,10.73,10.81,573034,10.90
2014/03/17,10.79,10.98,10.75,10.98,991458,10.87
2014/03/18,11.07,11.31,10.98,11.25,1043125,11.15
2014/03/19,11.26,11.26,11.01,11.11,788256,11.13
2014/03/20,11.11,11.13,10.48,10.49,1305047,10.81
2014/03/21,10.28,10.28,9.42,9.68,7539198,9.85
2014/03/24,9.57,9.64,9.24,9.31,6233580,9.44
2014/03/25,9.32,9.45,9.28,9.41,4051690,9.36
2014/03/26,9.43,9.54,9.39,9.47,2782601,9.46
2014/03/27,9.44,9.59,9.29,9.29,2655101,9.44
2014/03/28,9.38,9.55,9.33,9.35,2809033,9.44
2014/03/31,9.38,9.47,9.06,9.10,2145085,9.27
2014/04/01,9.21,9.45,9.16,9.43,2216268,9.30
2014/04/02,9.36,9.61,9.23,9.57,3253417,9.42
2014/04/03,9.53,9.61,9.40,9.43,2506483,9.50
2014/04/04,9.39,9.45,9.33,9.41,2874334,9.39
2014/04/08,9.33,9.46,9.15,9.41,2204574,9.31
2014/04/09,9.41,9.59,9.41,9.58,2772398,9.50
2014/04/10,9.58,9.63,9.49,9.53,2869269,9.56
2014/04/11,9.47,9.48,9.32,9.35,2653554,9.40
2014/04/14,9.35,9.49,9.35,9.49,2113548,9.42
2014/04/15,9.48,9.65,9.45,9.57,3396453,9.55
2014/04/16,9.57,9.61,9.43,9.49,1517378,9.52
2014/04/17,9.49,9.55,9.30,9.33,3781985,9.43
2014/04/18,9.29,9.37,9.28,9.35,2124956,9.32
2014/04/21,9.29,9.58,9.22,9.33,2527987,9.40
2014/04/22,9.39,9.47,9.23,9.39,1844639,9.35
2014/04/23,9.35,9.47,9.33,9.41,1328623,9.40
2014/04/24,9.42,9.47,9.31,9.35,1491380,9.39
2014/04/25,9.31,9.41,9.23,9.24,1440107,9.32
2014/04/28,9.15,9.15,8.42,8.45,3354178,8.79
2014/04/29,8.35,8.96,8.35,8.88,2101892,8.66
2014/04/30,8.91,9.12,8.85,9.11,1205800,8.98
2014/05/05,9.11,9.19,9.01,9.16,747051,9.10
2014/05/06,9.15,9.29,9.08,9.15,1015102,9.18
2014/05/07,9.17,9.22,8.95,9.01,1116458,9.08
2014/05/08,8.89,9.24,8.89,9.22,1044032,9.07
2014/05/09,9.22,9.33,8.91,9.03,986037,9.12
2014/05/12,9.16,9.23,8.99,9.21,911674,9.11
2014/05/13,9.29,9.55,9.29,9.41,2006697,9.42
2014/05/14,9.43,9.60,9.31,9.55,2095597,9.46
2014/05/15,9.57,9.59,9.28,9.31,1576151,9.43
2014/05/16,9.28,9.31,8.81,9.14,2064596,9.06
2014/05/19,9.11,9.28,8.97,9.17,854124,9.13
2014/05/20,9.38,9.45,9.25,9.36,1254344,9.35
2014/05/21,9.37,9.40,9.18,9.39,837968,9.29
2014/05/22,9.32,9.66,9.32,9.45,2097367,9.49
2014/05/23,9.41,9.48,9.21,9.46,1812916,9.48
2014/05/26,9.43,9.61,9.33,9.58,3215960,9.55
2014/05/27,9.60,9.66,9.44,9.52,2130737,9.63
2014/05/28,9.56,9.91,9.48,9.88,3735670,9.78
2014/05/29,9.84,9.99,9.75,9.80,2754770,9.93
2014/05/30,9.78,10.59,9.70,10.34,5859733,10.35
2014/06/03,10.46,11.10,10.28,10.59,8473659,10.90
2014/06/04,10.64,11.03,10.40,10.87,7362447,10.91
2014/06/05,10.77,11.15,10.54,10.92,6860434,11.00
2014/06/06,10.82,11.09,10.72,10.85,4091691,10.99
2014/06/09,10.81,10.85,10.43,10.45,3131318,10.69
2014/06/10,10.45,10.70,10.41,10.68,2120984,10.68
2014/06/11,10.68,11.11,10.55,11.10,3848928,10.97
2014/06/12,11.02,11.13,10.80,10.91,3363885,10.99
2014/06/13,10.91,10.98,10.82,10.98,2689080,10.99
2014/06/16,10.99,11.18,10.89,11.01,3584770,11.13
2014/06/17,11.02,11.45,10.92,11.13,4661068,11.32
2014/06/18,11.13,11.32,10.95,10.99,2363023,11.23
2014/06/19,10.92,11.10,10.11,10.26,3553903,10.62
2014/06/20,10.16,10.91,10.16,10.91,4033180,10.62
2014/06/23,10.93,11.77,10.93,11.50,6332996,11.60
2014/06/24,11.51,11.89,11.17,11.80,5669240,11.75
2014/06/25,11.80,12.47,11.58,12.26,7975414,12.29
2014/06/26,12.25,12.33,11.93,12.17,6027426,12.21
2014/06/27,12.17,12.18,11.87,11.94,5499465,12.11
2014/06/30,11.82,12.08,11.71,11.77,5700777,11.99
2014/07/01,11.77,12.12,11.64,11.90,4570156,12.05
2014/07/02,11.83,12.04,11.79,12.02,3906709,12.02
2014/07/03,12.04,12.31,11.94,11.98,4055315,12.21
2014/07/04,11.94,12.06,11.71,11.79,2196520,11.92
2014/07/07,11.79,11.87,11.46,11.62,2433527,11.73
2014/07/08,11.61,12.67,11.58,12.59,5518178,12.33
2014/07/09,12.66,12.73,12.14,12.18,3726482,12.51
2014/07/10,12.11,12.59,12.11,12.23,2697237,12.45
2014/07/11,12.33,12.51,12.18,12.31,2207795,12.39
2014/07/14,12.29,12.49,12.16,12.49,1875993,12.45
2014/07/15,12.25,12.26,11.23,11.58,9456777,11.76
2014/07/16,11.51,12.01,11.45,11.72,3729925,11.85
2014/07/17,11.71,11.89,11.24,11.37,3095530,11.51
2014/07/18,11.38,11.66,11.21,11.65,2983821,11.48
2014/07/21,11.68,11.81,11.32,11.66,4193435,11.73
2014/07/22,11.67,12.13,11.54,12.07,6530318,11.86
2014/07/23,12.13,12.28,11.76,11.93,3786943,12.14
2014/07/24,11.87,11.88,11.44,11.55,2595836,11.70
2014/07/25,11.46,11.85,11.40,11.53,1993168,11.65
2014/07/28,11.51,11.67,11.36,11.61,2438137,11.59
2014/07/29,11.67,11.67,11.46,11.53,2570071,11.65
2014/07/30,11.51,11.77,11.47,11.72,2398220,11.75
2014/07/31,11.71,11.82,11.56,11.81,2207354,11.82
2014/08/01,11.74,12.31,11.66,12.17,5757063,12.24
2014/08/04,12.14,12.43,12.08,12.36,5206651,12.39
2014/08/05,12.45,12.45,12.18,12.40,2946223,12.40
2014/08/06,12.46,12.46,12.27,12.35,1687026,12.44
2014/08/07,12.41,12.67,12.24,12.46,3234713,12.66
2014/08/08,12.47,12.77,12.31,12.45,2671558,12.63
2014/08/11,12.43,12.71,12.29,12.59,2722261,12.53
2014/08/12,12.60,12.83,12.49,12.78,2263575,12.75
2014/08/13,12.99,13.46,12.81,12.86,4770735,13.16
2014/08/14,12.81,13.43,12.81,13.04,3455021,13.23
2014/08/15,13.16,13.16,12.83,12.98,1686065,13.08
2014/08/18,13.05,13.46,12.87,13.17,3432215,13.36
2014/08/19,13.17,13.26,12.99,13.08,2320764,13.23
2014/08/20,13.01,13.20,12.80,12.93,2785478,13.00
2014/08/21,12.92,13.46,12.88,13.07,1960100,13.16
2014/08/22,13.17,13.17,12.90,13.03,1509387,13.06
2014/08/25,12.99,13.20,12.72,13.12,3105284,12.99
2014/08/26,12.99,13.20,12.72,13.12,0,12.96
2014/08/27,12.99,13.20,12.72,13.12,0,12.96
2014/08/28,12.99,13.20,12.72,13.12,0,12.96
2014/08/29,12.99,13.20,12.72,13.12,0,12.96
2014/09/01,13.12,13.33,12.61,13.28,3753132,13.07
2014/09/02,13.28,13.71,13.16,13.67,3718352,13.63
2014/09/03,13.69,14.29,13.69,14.07,3877990,14.09
2014/09/04,14.12,14.25,13.96,13.98,2527164,14.15
2014/09/05,13.87,14.49,13.87,14.18,1969407,14.27
2014/09/09,14.04,14.11,13.60,13.82,6472459,13.83
2014/09/10,13.68,13.82,13.36,13.62,5245733,13.63
2014/09/11,13.62,13.79,13.43,13.57,3867685,13.74
2014/09/12,13.57,13.90,13.48,13.88,4469397,13.86
2014/09/15,13.89,14.22,13.73,14.17,2856607,14.13
2014/09/16,14.11,14.29,13.41,13.50,2944744,13.99
2014/09/17,13.43,13.91,13.41,13.72,1846061,13.76
2014/09/18,13.97,14.26,13.97,14.14,3118147,14.23
2014/09/19,14.24,14.29,13.96,14.19,1993454,14.23
2014/09/22,14.28,14.81,14.02,14.66,5597052,14.64
2014/09/23,14.67,14.81,14.46,14.69,2152292,14.78
2014/09/24,14.69,15.47,14.51,15.40,4002606,15.20
2014/09/25,15.41,15.77,14.91,15.27,3083396,15.45
2014/09/26,15.21,15.49,15.08,15.30,1953925,15.31
2014/09/29,15.21,15.54,15.06,15.09,2164765,15.34
2014/09/30,15.25,15.25,14.89,15.05,2200532,15.09
2014/10/08,15.05,15.11,14.78,15.06,3459358,15.05
2014/10/09,15.20,15.46,15.06,15.34,3009001,15.34
2014/10/10,15.25,16.06,15.14,15.91,3863307,15.77
2014/10/13,15.90,15.91,15.21,15.37,3550047,15.49
2014/10/14,15.31,15.31,14.76,15.14,3589472,15.11
2014/10/15,14.91,15.04,14.31,14.75,5665995,14.77
2014/10/16,14.66,14.86,14.16,14.19,3634654,14.62
2014/10/17,14.19,14.30,14.05,14.13,2912119,14.26
2014/10/20,14.30,14.65,14.18,14.64,2016139,14.54
2014/10/21,14.59,14.87,14.51,14.63,1776776,14.76
2014/10/22,14.61,14.71,14.06,14.18,3118000,14.38
2014/10/23,14.18,14.26,13.65,14.03,2554193,14.02
2014/10/24,14.03,14.61,14.03,14.59,2585004,14.57
2014/10/27,14.60,15.01,14.46,14.94,1957551,14.89
2014/10/28,14.95,15.29,14.88,15.27,2675120,15.21
2014/10/29,15.31,15.96,15.27,15.91,4402512,15.81
2014/10/30,15.91,16.30,15.62,15.75,2313512,16.06
2014/10/31,15.91,16.24,15.43,15.75,2069038,15.81
2014/11/03,15.76,15.99,15.46,15.96,1343067,15.84
2014/11/04,15.98,16.38,15.71,15.87,1567114,16.15
2014/11/05,15.82,16.09,15.51,15.75,1090574,15.88
2014/11/06,15.87,16.31,15.66,16.23,1423685,16.04
2014/11/07,16.59,17.86,16.59,17.39,7694148,17.66
2014/11/10,17.44,17.44,16.77,16.81,2762310,17.10
2014/11/11,17.08,17.38,16.42,16.90,3687523,16.95
2014/11/12,16.73,16.87,16.21,16.73,1953933,16.71
2014/11/13,16.96,17.32,15.05,15.05,7516048,15.75
2014/11/14,15.16,15.47,14.50,14.74,5833815,15.09
2014/11/17,14.73,15.69,14.71,15.51,4248928,15.52
2014/11/18,15.46,15.64,15.26,15.39,1628364,15.53
2014/11/19,15.51,15.62,15.38,15.46,1355076,15.59
2014/11/20,15.23,15.49,15.16,15.16,1272107,15.34
2014/11/21,15.39,15.64,15.09,15.55,1504564,15.62
2014/11/24,15.81,16.77,15.59,16.56,3150844,16.16
2014/11/25,16.50,17.01,16.23,16.90,3394158,16.86
2014/11/26,16.90,16.91,16.13,16.66,3291383,16.60
2014/11/27,16.62,17.07,16.62,16.75,2077761,16.92
2014/11/28,16.71,16.72,15.73,15.91,3826183,16.23
2014/12/01,15.90,15.91,15.08,15.30,4197689,15.46
2014/12/02,15.41,15.67,14.99,15.06,5961701,15.34
2014/12/03,15.06,15.11,14.19,14.81,7702280,14.67
2014/12/04,14.80,15.08,14.69,14.87,6051147,14.91
2014/12/05,14.87,14.87,13.90,14.03,8729687,14.24
2014/12/08,14.10,14.11,13.56,13.68,6275097,13.85
2014/12/09,13.67,13.67,12.86,12.87,7522611,13.14
2014/12/10,12.87,14.16,12.87,14.11,8953492,13.80
2014/12/11,14.21,14.99,13.98,13.99,9589140,14.52
2014/12/12,14.21,14.40,13.81,13.99,5682105,14.11
2014/12/15,14.02,14.16,13.76,14.09,4154836,14.06
2014/12/16,14.16,14.61,14.09,14.24,5222657,14.38
2014/12/17,14.17,14.21,12.91,13.72,3917370,13.81
2014/12/18,13.61,13.71,13.18,13.59,6633788,13.46
2014/12/19,13.45,13.77,13.13,13.68,4918731,13.59
2014/12/22,13.60,13.61,12.78,12.91,3618046,13.12
2014/12/23,12.91,13.10,12.71,12.77,1920424,12.98
2014/12/24,12.91,13.27,12.79,13.02,1768069,13.16
2014/12/25,13.02,13.23,12.88,13.05,2536425,13.10
2014/12/26,13.11,13.19,12.81,12.90,2678848,13.01
2014/12/29,12.96,13.01,12.14,12.31,3987073,12.53
2014/12/30,12.32,12.58,12.23,12.41,2431038,12.54
2014/12/31,12.48,12.50,12.23,12.40,1215780,12.45
2015/01/05,12.43,12.43,11.65,12.16,3891743,12.11
2015/01/06,12.12,12.39,11.42,12.38,6392496,12.06
2015/01/07,12.38,12.39,11.79,12.00,6323237,12.09
2015/01/08,11.99,12.35,11.83,12.06,5421062,12.21
2015/01/09,12.02,12.41,11.93,12.19,5028252,12.26
2015/01/12,12.16,12.16,11.82,11.94,2291390,12.04
2015/01/13,12.16,12.16,11.82,11.94,0,11.99
2015/01/14,12.16,12.16,11.82,11.94,0,11.99
2015/01/15,12.16,12.16,11.82,11.94,0,11.99
2015/01/16,12.16,12.16,11.82,11.94,0,11.99
2015/01/19,12.16,12.16,11.82,11.94,0,11.99
2015/01/20,12.16,12.16,11.82,11.94,0,11.99
2015/01/21,13.14,13.14,13.14,13.14,713042,13.23
2015/01/22,13.14,13.97,13.14,13.63,15654043,13.62
2015/01/23,13.42,13.58,13.06,13.24,6773604,13.39
2015/01/26,13.25,13.43,13.06,13.40,5641696,13.37
2015/01/27,13.36,13.41,13.07,13.26,4059483,13.31
2015/01/28,13.26,13.29,13.11,13.18,3156035,13.29
2015/01/29,13.16,13.37,13.08,13.20,2679486,13.35
2015/01/30,13.20,13.41,13.12,13.25,3614429,13.40
2015/02/02,13.09,13.09,12.69,12.69,3936329,12.95
2015/02/03,12.69,12.91,12.54,12.68,4291589,12.79
2015/02/04,12.72,12.99,12.71,12.75,2961030,12.95
2015/02/05,12.84,12.88,12.58,12.59,3367371,12.81
2015/02/06,12.59,12.73,12.01,12.06,4021244,12.29
2015/02/09,12.19,12.19,11.41,11.71,4915992,11.80
2015/02/10,11.67,11.72,11.49,11.57,4831160,11.63
2015/02/11,11.61,11.89,11.56,11.80,4217322,11.81
2015/02/12,11.81,12.15,11.76,12.12,3119050,12.11
2015/02/13,12.18,12.41,12.11,12.28,3482022,12.39
2015/02/16,12.32,12.86,12.32,12.77,5421613,12.73
2015/02/17,12.86,12.87,12.51,12.84,3750270,12.78
2015/02/25,12.87,13.28,12.73,13.23,6558254,13.21
2015/02/26,13.27,13.35,13.00,13.18,3488304,13.24
2015/02/27,13.16,13.28,12.91,13.19,4102425,13.20
2015/03/02,13.49,14.32,13.49,14.25,20181420,14.05
2015/03/03,14.47,14.60,14.04,14.08,15021109,14.46
2015/03/04,14.06,14.18,13.72,14.09,6471693,14.05
2015/03/05,14.03,14.35,13.96,14.12,4264535,14.21
2015/03/06,14.26,14.26,13.56,13.58,6170030,13.85
2015/03/09,13.51,13.87,13.30,13.71,4625417,13.73
2015/03/10,13.61,14.16,13.57,13.81,5033550,14.03
2015/03/11,13.90,14.10,13.61,14.01,4908126,14.01
2015/03/12,14.16,14.19,13.36,13.59,6348242,13.76
2015/03/13,13.60,13.69,13.34,13.57,6648373,13.59
2015/03/16,13.61,14.28,13.61,14.27,12841044,14.09
2015/03/17,14.39,14.86,14.22,14.38,15432509,14.63
2015/03/18,14.51,14.85,14.39,14.79,11942963,14.74
2015/03/19,14.79,15.26,14.52,15.22,11558624,14.94
2015/03/20,15.21,15.44,15.05,15.34,10985597,15.32
2015/03/23,15.60,15.77,15.11,15.42,13643989,15.45
2015/03/24,15.40,15.57,14.73,15.26,14471857,15.25
2015/03/25,15.19,16.40,15.19,15.99,15660241,15.70
2015/03/26,15.77,15.86,14.95,15.21,12125336,15.50
2015/03/27,15.20,15.44,15.06,15.30,6661581,15.34
2015/03/30,15.30,15.46,15.07,15.28,7824997,15.34
2015/03/31,15.31,15.77,15.15,15.50,10835051,15.64
2015/04/01,15.51,15.72,15.26,15.71,8591837,15.70
2015/04/02,15.91,16.57,15.72,16.36,16297774,16.21
2015/04/03,16.16,17.01,15.93,16.86,17400676,16.44
2015/04/07,16.90,17.90,16.62,17.52,17147800,17.36
2015/04/08,17.42,17.76,16.91,17.51,14283324,17.48
2015/04/09,17.79,17.79,16.49,17.03,10416333,17.12
2015/04/10,16.81,17.51,16.60,17.10,7367479,17.22
2015/04/13,17.13,17.49,16.91,17.21,9504973,17.30
2015/04/14,17.21,18.56,16.92,17.76,13225723,17.87
2015/04/15,17.86,17.88,16.71,16.96,7840634,17.44
2015/04/16,16.94,17.31,16.51,16.97,7907964,17.00
2015/04/17,16.98,17.18,16.42,16.60,9289587,16.77
2015/04/20,16.42,16.60,15.51,15.59,12760177,16.08
2015/04/21,15.56,16.21,15.43,16.21,7256475,16.01
2015/04/22,16.21,17.07,16.16,16.86,13365973,16.72
2015/04/23,17.03,17.29,16.82,16.94,7993076,17.07
2015/04/24,16.72,18.01,16.59,17.76,12704995,17.43
2015/04/27,17.77,18.54,17.49,17.81,13259498,18.10
2015/04/28,17.81,18.20,16.81,17.04,7519779,17.31
2015/04/29,17.05,17.61,16.86,17.36,9278617,17.43
2015/04/30,17.37,18.21,17.22,17.25,9995726,17.82
2015/05/04,17.26,18.98,17.11,18.55,15712866,18.27
2015/05/05,18.34,18.73,17.64,18.59,9360660,18.18
2015/05/06,18.54,19.79,18.41,18.90,12339254,19.34
2015/05/07,18.93,19.30,17.91,18.41,7203239,18.75
2015/05/08,18.31,19.91,18.21,19.57,13523290,19.19
2015/05/11,19.62,20.06,19.10,19.83,11867718,19.73
2015/05/12,19.71,20.34,19.29,20.02,12234205,19.80
2015/05/13,19.41,20.17,19.00,19.45,9614350,19.76
2015/05/14,19.49,19.60,18.68,19.14,7323348,19.20
2015/05/15,18.92,20.01,18.07,19.45,10884756,18.96
2015/05/18,19.41,20.20,19.29,19.98,11347447,19.90
2015/05/19,19.98,21.13,19.59,20.90,10008590,20.22
2015/05/20,21.17,22.37,20.77,21.55,12186687,21.74
2015/05/21,21.57,22.64,21.36,22.07,8626739,22.12
2015/05/22,22.62,22.62,21.62,21.86,10754495,22.09
2015/05/25,22.29,23.06,22.26,22.37,8986509,22.57
2015/05/26,22.07,23.12,22.07,23.04,10217906,22.83
2015/05/27,22.97,25.35,22.94,25.35,12157736,24.34
2015/05/28,24.98,27.26,24.77,24.82,13437973,25.92
2015/05/29,24.87,26.77,23.59,25.67,10005062,25.57
2015/06/01,25.95,26.65,25.47,26.37,9243296,26.15
2015/06/02,26.23,28.75,26.23,28.27,9093077,27.45
2015/06/03,28.27,28.97,26.63,27.93,9262334,28.01
2015/06/04,27.93,27.93,25.13,25.97,9076662,26.15
2015/06/05,26.23,27.67,25.18,26.00,7875739,26.32
2015/06/08,26.01,26.31,23.57,24.92,7795076,24.66
2015/06/09,24.92,25.06,23.62,24.35,5972121,24.46
2015/06/10,24.59,25.77,23.99,24.99,9170369,24.76
2015/06/11,24.82,26.34,24.77,26.26,7497578,25.75
2015/06/12,26.47,27.04,25.58,26.04,7390667,26.12
2015/06/15,25.78,27.36,24.53,26.29,11448645,25.96
2015/06/16,25.51,25.70,24.07,24.10,6040364,24.72
2015/06/17,24.17,24.46,21.97,23.99,6990862,23.23
2015/06/18,23.67,24.27,22.17,22.72,3757359,23.67
2015/06/19,22.37,22.47,20.47,20.59,5005657,21.43
2015/06/23,19.77,21.35,19.65,21.12,6487623,20.68
2015/06/24,21.12,21.87,20.92,21.47,7071405,21.40
2015/06/25,21.27,21.67,19.65,19.97,6568910,20.87
2015/06/26,19.18,19.67,17.97,17.97,7208146,18.79
2015/06/29,18.57,18.57,16.17,16.17,10259446,16.65
2015/06/30,15.29,17.15,14.55,17.01,9523468,15.74
2015/07/01,16.77,17.95,16.15,16.27,9302624,17.27
2015/07/02,16.52,16.57,14.64,14.64,6498228,15.34
2015/07/03,13.98,15.07,13.17,13.27,7303288,13.71
2015/07/06,14.60,14.60,11.94,11.95,9450650,12.95
2015/07/07,11.42,11.42,10.75,10.75,8009300,10.82
2015/07/08,9.67,11.83,9.67,11.62,27822383,10.75
2015/07/09,10.99,12.79,10.96,12.79,12312787,12.24
2015/07/10,13.45,14.07,13.07,14.07,6888892,13.99
2015/07/13,15.08,15.48,14.17,15.48,20547120,14.95
2015/07/14,16.27,16.77,14.72,14.97,25358250,15.78
2015/07/15,14.37,14.69,13.47,13.47,13982990,13.84
2015/07/16,13.47,14.52,12.30,13.90,12222984,13.64
2015/07/17,14.13,15.27,13.90,15.11,11570393,14.79
2015/07/20,14.98,15.92,14.78,15.22,10903036,15.35
2015/07/21,14.98,15.65,14.65,15.26,7152943,15.26
2015/07/22,15.35,15.77,14.97,15.44,8427379,15.44
2015/07/23,15.44,16.35,15.33,16.26,10774840,15.91
2015/07/24,16.37,16.81,15.58,15.82,15781658,16.37
2015/07/27,15.37,16.12,14.24,14.24,9886749,15.25
2015/07/28,13.28,14.85,12.81,13.56,10192065,13.62
2015/07/29,13.87,14.69,12.99,14.63,6969553,13.75
2015/07/30,14.41,15.10,13.97,14.05,6431243,14.77
2015/07/31,13.77,14.27,13.23,13.59,3705691,13.87
2015/08/03,13.57,13.90,12.88,13.12,7771495,13.51
2015/08/04,13.32,14.33,12.87,14.33,7456570,13.60
2015/08/05,13.99,14.69,13.97,14.27,7674761,14.37
2015/08/06,13.92,14.83,13.92,14.77,6918356,14.55
2015/08/07,14.96,15.75,14.60,15.75,8836329,15.27
2015/08/10,15.67,16.75,15.67,16.32,7840601,16.31
2015/08/11,16.27,16.65,15.95,16.22,7040244,16.34
2015/08/12,16.12,16.26,15.72,15.87,8275055,15.97
2015/08/13,15.75,16.76,15.08,16.75,9426869,16.15
2015/08/14,16.76,16.87,16.37,16.43,6487183,16.63
2015/08/17,16.42,17.03,16.01,16.87,8013038,16.42
2015/08/18,16.87,16.94,15.18,15.18,7845480,15.98
2015/08/19,14.96,15.80,14.48,15.57,7087731,15.29
2015/08/20,15.44,15.76,14.82,14.84,6240923,15.26
2015/08/21,14.49,15.16,13.67,13.77,7085725,14.64
2015/08/24,12.99,13.36,12.39,12.39,11272707,12.72
2015/08/25,11.15,13.62,11.15,11.15,8617192,11.47
2015/08/26,11.27,11.72,10.03,10.07,8298599,11.04
2015/08/27,10.61,10.80,9.80,10.73,6731509,10.36
2015/08/28,11.07,11.81,10.79,11.81,8306948,11.28
2015/08/31,11.85,12.52,11.58,12.44,10700222,12.14
2015/09/01,11.98,12.21,11.19,11.19,5764974,11.41
2015/09/02,10.07,11.45,10.07,10.45,9224078,10.60
2015/09/07,10.67,11.17,10.37,10.62,6789586,10.80
2015/09/08,10.47,11.30,10.22,11.28,5458986,10.76
2015/09/09,11.57,12.14,11.38,11.68,10085068,11.75
2015/09/10,11.39,11.79,11.38,11.53,4050665,11.62
2015/09/11,11.53,11.71,11.42,11.62,5472431,11.61
2015/09/14,11.67,11.76,10.46,10.46,6640276,10.96
2015/09/15,10.06,11.06,9.58,9.72,5457757,10.23
2015/09/16,9.80,10.70,9.66,10.61,7785265,10.17
2015/09/17,10.46,11.03,9.97,10.27,7785224,10.58
2015/09/18,10.30,10.55,10.13,10.44,4422438,10.37
2015/09/21,10.26,11.02,10.17,11.00,6178024,10.72
2015/09/22,11.08,11.30,10.77,11.04,6038278,11.09
2015/09/23,10.90,11.03,10.66,10.95,6147451,10.86
2015/09/24,11.27,11.77,11.04,11.42,11325959,11.45
2015/09/25,11.34,11.69,10.66,10.92,6880870,11.27
2015/09/28,11.03,11.47,10.79,11.38,4313476,11.24
2015/09/29,11.17,11.51,10.87,11.16,4835519,11.23
2015/09/30,11.27,11.43,10.89,11.16,5109060,11.17
2015/10/08,11.62,12.28,11.52,12.07,8168429,11.95
2015/10/09,12.02,12.93,11.97,12.62,6953385,12.49
2015/10/12,12.53,13.82,12.53,13.31,7715946,13.37
2015/10/13,13.27,13.43,13.05,13.39,4846390,13.29
2015/10/14,13.27,13.53,12.78,12.91,5815569,13.22
2015/10/15,12.73,13.45,12.65,13.25,6988404,13.09
2015/10/16,13.37,13.46,12.95,13.19,9872321,13.18
2015/10/19,13.33,13.72,12.94,13.22,9899680,13.38
2015/10/20,13.26,13.81,13.10,13.72,9568492,13.62
2015/10/21,13.82,14.12,12.38,12.60,12284119,13.48
2015/10/22,12.50,13.14,12.37,13.12,8303334,12.87
2015/10/23,13.23,13.86,12.97,13.86,11693307,13.39
2015/10/26,14.49,14.92,14.03,14.40,21415656,14.39
2015/10/27,14.21,14.77,13.86,14.62,14484966,14.39
2015/10/28,14.47,14.67,13.90,14.14,10789354,14.32
2015/10/29,14.17,14.66,13.89,14.33,9061802,14.24
2015/10/30,14.17,14.37,13.68,14.02,7477199,14.11
2015/11/02,13.48,14.22,13.47,13.97,6259397,13.87
2015/11/03,13.92,14.05,13.57,13.69,4811545,13.82
2015/11/04,13.82,14.44,13.82,14.37,9363501,14.23
2015/11/05,14.47,15.25,14.27,14.45,12861840,14.78
2015/11/06,14.31,14.99,14.31,14.80,9035311,14.75
2015/11/09,14.76,15.00,14.43,14.87,9587608,14.79
2015/11/10,14.82,15.47,14.72,15.13,9807653,15.19
2015/11/11,14.92,15.62,14.83,15.56,10331307,15.29
2015/11/12,15.50,16.51,15.16,16.22,17265985,15.87
2015/11/13,15.95,16.42,14.97,14.97,16859482,15.69
2015/11/16,14.67,16.47,14.48,16.47,31109597,16.21
2015/11/17,16.80,17.22,16.03,16.42,30074545,16.71
2015/11/18,16.39,16.71,15.67,15.79,13112835,16.11
2015/11/19,15.76,16.42,15.76,16.27,10043156,16.17
2015/11/20,16.27,17.27,16.12,16.90,13944964,16.72
2015/11/23,16.67,17.23,16.26,16.51,10072220,16.78
2015/11/24,16.53,17.97,16.42,17.82,15386826,17.20
2015/11/25,17.47,18.23,17.42,18.17,13348183,17.81
2015/11/26,18.41,18.80,17.82,17.82,13662369,18.42
2015/11/27,17.47,17.77,16.14,16.46,11838807,17.04
2015/11/30,16.67,18.11,16.67,17.79,20296854,17.57
2015/12/01,17.36,17.78,16.37,16.76,20708088,17.09
2015/12/02,16.43,16.57,15.08,15.42,15894559,15.62
2015/12/03,15.60,16.09,15.42,15.79,8548117,15.78
2015/12/04,15.74,15.79,15.28,15.39,10377795,15.54
2015/12/07,15.37,15.76,14.97,15.66,11182805,15.37
2015/12/08,15.47,16.36,15.38,16.07,16366947,15.98
2015/12/09,15.85,16.12,15.49,15.62,7616870,15.88
2015/12/10,15.76,15.87,15.45,15.62,5371083,15.64
2015/12/11,15.53,15.65,14.97,15.38,5119751,15.38
2015/12/14,15.20,16.19,15.19,16.01,6017690,15.56
2015/12/15,16.04,16.96,15.97,16.62,10886002,16.65
2015/12/16,16.77,16.84,16.51,16.58,5243751,16.65
2015/12/17,16.77,16.84,16.51,16.58,0,16.68
2015/12/18,16.77,16.84,16.51,16.58,0,16.68
2015/12/21,16.77,16.84,16.51,16.58,0,16.68
2015/12/22,16.77,16.84,16.51,16.58,0,16.68
2015/12/23,17.37,18.24,17.28,18.24,27314315,18.22
2015/12/24,17.67,18.33,16.41,17.99,18815739,17.82
2015/12/25,18.11,19.14,18.02,18.28,13991940,18.55
2015/12/28,18.28,19.16,18.05,18.39,12531695,18.64
2015/12/29,18.23,18.52,17.58,17.83,10780254,18.00
2015/12/30,17.62,18.07,17.62,18.03,7856894,17.94
2015/12/31,17.99,18.96,17.78,18.51,11309347,18.62
2016/01/04,18.56,18.56,16.69,16.79,6453900,17.98
2016/01/05,18.56,18.56,16.69,16.79,0,17.63
2016/01/06,18.56,18.56,16.69,16.79,0,17.63
2016/01/07,18.56,18.56,16.69,16.79,0,17.63
2016/01/08,18.56,18.56,16.69,16.79,0,17.63
2016/01/11,18.56,18.56,16.69,16.79,0,17.63
2016/01/12,18.56,18.56,16.69,16.79,0,17.63
2016/01/13,18.56,18.56,16.69,16.79,0,17.63
2016/01/14,18.56,18.56,16.69,16.79,0,17.63
2016/01/15,18.56,18.56,16.69,16.79,0,17.63
2016/01/18,18.56,18.56,16.69,16.79,0,17.63
2016/01/19,18.56,18.56,16.69,16.79,0,17.63
2016/01/20,18.56,18.56,16.69,16.79,0,17.63
2016/01/21,18.56,18.56,16.69,16.79,0,17.63
2016/01/22,18.56,18.56,16.69,16.79,0,17.63
2016/01/25,18.56,18.56,16.69,16.79,0,17.63
2016/01/26,18.56,18.56,16.69,16.79,0,17.63
2016/01/27,18.56,18.56,16.69,16.79,0,17.63
2016/01/28,18.56,18.56,16.69,16.79,0,17.63
2016/01/29,18.56,18.56,16.69,16.79,0,17.63
2016/02/01,18.56,18.56,16.69,16.79,0,17.63
2016/02/02,18.56,18.56,16.69,16.79,0,17.63
2016/02/03,18.56,18.56,16.69,16.79,0,17.63
2016/02/04,18.56,18.56,16.69,16.79,0,17.63
2016/02/05,18.56,18.56,16.69,16.79,0,17.63
2016/02/15,18.56,18.56,16.69,16.79,0,17.63
2016/02/16,18.56,18.56,16.69,16.79,0,17.63
2016/02/17,18.56,18.56,16.69,16.79,0,17.63
2016/02/18,18.56,18.56,16.69,16.79,0,17.63
2016/02/19,18.56,18.56,16.69,16.79,0,17.63
2016/02/22,18.56,18.56,16.69,16.79,0,17.63
2016/02/23,18.56,18.56,16.69,16.79,0,17.63
2016/02/24,18.56,18.56,16.69,16.79,0,17.63
2016/02/25,18.56,18.56,16.69,16.79,0,17.63
2016/02/26,18.56,18.56,16.69,16.79,0,17.63
2016/02/29,18.56,18.56,16.69,16.79,0,17.63
2016/03/01,18.56,18.56,16.69,16.79,0,17.63
2016/03/02,18.56,18.56,16.69,16.79,0,17.63
2016/03/03,18.56,18.56,16.69,16.79,0,17.63
2016/03/04,18.56,18.56,16.69,16.79,0,17.63
2016/03/07,18.56,18.56,16.69,16.79,0,17.63
2016/03/08,18.56,18.56,16.69,16.79,0,17.63
2016/03/09,18.56,18.56,16.69,16.79,0,17.63
2016/03/10,18.56,18.56,16.69,16.79,0,17.63
2016/03/11,18.56,18.56,16.69,16.79,0,17.63
2016/03/14,18.56,18.56,16.69,16.79,0,17.63
2016/03/15,18.56,18.56,16.69,16.79,0,17.63
2016/03/16,18.56,18.56,16.69,16.79,0,17.63
2016/03/17,18.56,18.56,16.69,16.79,0,17.63
2016/03/18,18.56,18.56,16.69,16.79,0,17.63
2016/03/21,18.56,18.56,16.69,16.79,0,17.63
2016/03/22,18.56,18.56,16.69,16.79,0,17.63
2016/03/23,18.56,18.56,16.69,16.79,0,17.63
2016/03/24,18.56,18.56,16.69,16.79,0,17.63
2016/03/25,18.56,18.56,16.69,16.79,0,17.63
2016/03/28,18.56,18.56,16.69,16.79,0,17.63
2016/03/29,18.56,18.56,16.69,16.79,0,17.63
2016/03/30,18.56,18.56,16.69,16.79,0,17.63
2016/03/31,18.56,18.56,16.69,16.79,0,17.63
2016/04/01,18.56,18.56,16.69,16.79,0,17.63
2016/04/05,18.56,18.56,16.69,16.79,0,17.63
2016/04/06,18.56,18.56,16.69,16.79,0,17.63
2016/04/07,18.56,18.56,16.69,16.79,0,17.63
2016/04/08,18.56,18.56,16.69,16.79,0,17.63
2016/04/11,18.56,18.56,16.69,16.79,0,17.63
2016/04/12,18.56,18.56,16.69,16.79,0,17.63
2016/04/13,18.56,18.56,16.69,16.79,0,17.63
2016/04/14,18.56,18.56,16.69,16.79,0,17.63
2016/04/15,18.56,18.56,16.69,16.79,0,17.63
2016/04/18,18.56,18.56,16.69,16.79,0,17.63
2016/04/19,18.56,18.56,16.69,16.79,0,17.63
2016/04/20,18.56,18.56,16.69,16.79,0,17.63
2016/04/21,18.56,18.56,16.69,16.79,0,17.63
2016/04/22,18.56,18.56,16.69,16.79,0,17.63
2016/04/25,18.56,18.56,16.69,16.79,0,17.63
2016/04/26,18.56,18.56,16.69,16.79,0,17.63
2016/04/27,18.56,18.56,16.69,16.79,0,17.63
2016/04/28,18.56,18.56,16.69,16.79,0,17.63
2016/04/29,18.56,18.56,16.69,16.79,0,17.63
2016/05/03,18.56,18.56,16.69,16.79,0,17.63
2016/05/04,18.56,18.56,16.69,16.79,0,17.63
2016/05/05,18.56,18.56,16.69,16.79,0,17.63
2016/05/06,18.56,18.56,16.69,16.79,0,17.63
2016/05/09,18.56,18.56,16.69,16.79,0,17.63
2016/05/10,18.56,18.56,16.69,16.79,0,17.63
2016/05/11,18.56,18.56,16.69,16.79,0,17.63
2016/05/12,18.56,18.56,16.69,16.79,0,17.63
2016/05/13,18.56,18.56,16.69,16.79,0,17.63
2016/05/16,18.56,18.56,16.69,16.79,0,17.63
2016/05/17,18.56,18.56,16.69,16.79,0,17.63
2016/05/18,18.56,18.56,16.69,16.79,0,17.63
2016/05/19,18.56,18.56,16.69,16.79,0,17.63
2016/05/20,18.56,18.56,16.69,16.79,0,17.63
2016/05/23,18.56,18.56,16.69,16.79,0,17.63
2016/05/24,18.56,18.56,16.69,16.79,0,17.63
2016/05/25,18.56,18.56,16.69,16.79,0,17.63
2016/05/26,18.56,18.56,16.69,16.79,0,17.63
2016/05/27,18.56,18.56,16.69,16.79,0,17.63
2016/05/30,18.56,18.56,16.69,16.79,0,17.63
2016/05/31,18.56,18.56,16.69,16.79,0,17.63
2016/06/01,18.56,18.56,16.69,16.79,0,17.63
2016/06/02,18.56,18.56,16.69,16.79,0,17.63
2016/06/03,18.56,18.56,16.69,16.79,0,17.63
2016/06/06,18.56,18.56,16.69,16.79,0,17.63
2016/06/07,15.21,15.66,15.11,15.11,10280688,15.18
2016/06/08,14.56,15.35,14.56,15.10,15029276,15.09
2016/06/13,15.00,16.43,14.82,15.65,14486114,15.75
2016/06/14,15.35,15.78,14.90,15.20,5358320,15.23
2016/06/15,14.91,15.77,14.81,15.43,6878200,15.47
2016/06/16,15.50,15.73,15.10,15.22,7625713,15.45
2016/06/17,15.30,15.88,15.11,15.30,5793416,15.45
2016/06/20,15.00,15.74,14.80,15.50,7062901,15.45
2016/06/21,15.54,15.87,15.39,15.48,4803054,15.61
2016/06/22,15.54,15.94,15.36,15.89,4626315,15.71
2016/06/23,16.20,16.52,15.95,16.00,6237469,16.22
2016/06/24,15.93,16.50,15.29,16.30,6121384,16.01
2016/06/27,16.17,17.40,16.03,17.05,5672425,16.84
2016/06/28,17.19,17.36,16.70,16.91,4261075,16.90
2016/06/29,16.95,17.19,16.58,16.90,4012642,16.74
2016/06/30,16.90,17.00,16.29,16.61,6354676,16.56
2016/07/01,16.58,16.88,16.47,16.47,3460879,16.64
2016/07/04,16.55,17.02,16.45,16.77,4265580,16.68
2016/07/05,16.79,16.86,16.33,16.45,5059071,16.53
2016/07/06,16.28,16.40,16.03,16.11,5541148,16.14
2016/07/07,16.11,16.30,15.81,16.02,3789188,16.01
2016/07/08,16.14,16.14,15.75,15.91,3847633,15.89
2016/07/11,15.99,16.30,15.95,15.99,3537008,16.07
2016/07/12,16.00,16.20,15.76,16.00,4135961,15.94
2016/07/13,16.07,16.17,15.86,16.09,4480354,16.03
2016/07/14,16.05,16.20,15.82,15.98,5014049,15.97
2016/07/15,15.92,16.06,15.50,15.61,4376228,15.72
2016/07/18,15.52,15.57,15.16,15.30,5444760,15.29
2016/07/19,15.29,15.47,15.26,15.46,2699733,15.40
2016/07/20,15.48,15.78,15.47,15.62,2745773,15.66
2016/07/21,15.65,15.92,15.60,15.74,3681480,15.80
2016/07/22,15.74,15.82,15.48,15.51,2441592,15.57
2016/07/25,15.53,15.96,15.46,15.88,4381495,15.82
2016/07/26,15.88,16.05,15.73,15.97,3008300,15.94
2016/07/27,15.90,16.02,15.01,15.19,4661900,15.53
2016/07/28,15.19,15.26,14.81,15.23,2660200,15.10
2016/07/29,15.22,15.22,15.01,15.10,1537090,15.11
2016/08/01,15.10,15.22,14.51,15.15,3142642,14.92
2016/08/02,15.13,15.20,14.94,15.15,1662016,15.08
2016/08/03,15.04,15.15,14.98,15.00,1440945,15.03
2016/08/04,15.00,15.13,14.87,15.02,1302751,15.01
2016/08/05,15.09,15.10,14.90,14.92,1250900,15.01
2016/08/08,14.93,15.07,14.89,15.00,2503519,15.00
2016/08/09,14.93,15.07,14.89,15.00,0,14.98
