Date, SZ300299.Open, SZ300299.High, SZ300299.Low, SZ300299.Close, SZ300299.Volume, SZ300299.Adjusted
2012/03/19,5.32,5.74,5.26,5.59,8980761,5.50
2012/03/20,5.37,5.50,5.10,5.14,7631533,5.30
2012/03/21,5.07,5.12,4.65,4.75,5066533,4.89
2012/03/22,4.71,4.82,4.69,4.71,2762240,4.76
2012/03/23,4.69,4.84,4.59,4.81,3357938,4.71
2012/03/26,4.73,4.81,4.63,4.67,2156122,4.72
2012/03/27,4.69,4.71,4.53,4.57,1671740,4.62
2012/03/28,4.53,4.53,4.16,4.19,2479360,4.35
2012/03/29,4.14,4.14,3.99,4.03,1647219,4.06
2012/03/30,4.05,4.08,3.86,3.90,1764567,3.97
2012/04/05,3.90,4.09,3.90,4.09,1646777,3.99
2012/04/06,4.05,4.09,4.00,4.07,1281325,4.04
2012/04/09,4.07,4.07,3.96,3.96,905157,4.02
2012/04/10,3.92,4.27,3.89,4.25,2443918,4.08
2012/04/11,4.16,4.22,4.11,4.17,1981198,4.17
2012/04/12,4.17,4.21,4.10,4.21,1768896,4.15
2012/04/13,4.22,4.28,4.17,4.21,1733485,4.23
2012/04/16,4.16,4.16,4.10,4.11,986189,4.13
2012/04/17,4.16,4.16,4.10,4.11,0,4.13
2012/04/18,4.07,4.21,4.07,4.20,1230936,4.14
2012/04/19,4.19,4.33,4.17,4.30,1782388,4.25
2012/04/20,4.30,4.37,4.21,4.31,1484475,4.29
2012/04/23,4.27,4.27,3.86,3.88,2060998,4.06
2012/04/24,3.84,3.92,3.68,3.75,1702550,3.80
2012/04/25,3.75,3.80,3.70,3.78,774986,3.75
2012/04/26,3.77,3.81,3.64,3.68,1152488,3.73
2012/04/27,3.69,3.78,3.66,3.73,773451,3.72
2012/05/02,3.77,3.79,3.70,3.78,840557,3.75
2012/05/03,3.86,3.86,3.76,3.81,722513,3.81
2012/05/04,3.81,3.86,3.77,3.85,993156,3.81
2012/05/07,3.83,3.91,3.79,3.90,958088,3.85
2012/05/08,3.94,3.99,3.85,3.96,1302034,3.92
2012/05/09,3.92,3.92,3.81,3.83,782570,3.86
2012/05/10,3.83,3.89,3.83,3.86,873110,3.86
2012/05/11,3.87,3.88,3.77,3.79,979604,3.82
2012/05/14,3.79,3.81,3.72,3.73,638249,3.77
2012/05/15,3.73,3.78,3.69,3.77,632753,3.73
2012/05/16,3.77,3.77,3.72,3.72,375470,3.75
2012/05/17,3.74,3.82,3.70,3.80,718797,3.76
2012/05/18,3.76,4.19,3.74,4.19,5662564,3.97
2012/05/21,4.16,4.26,3.99,4.02,4453963,4.13
2012/05/22,3.99,4.05,3.94,4.04,2257448,3.99
2012/05/23,4.01,4.07,3.92,3.97,1780829,4.00
2012/05/24,3.97,4.10,3.92,4.02,1884791,4.01
2012/05/25,4.04,4.04,3.79,3.81,1547261,3.92
2012/05/28,3.79,3.80,3.60,3.74,1618330,3.70
2012/05/29,3.75,3.86,3.70,3.82,1219364,3.78
2012/05/30,3.82,3.82,3.74,3.80,892911,3.78
2012/05/31,3.79,3.93,3.75,3.88,1362120,3.84
2012/06/01,3.87,3.93,3.80,3.84,883551,3.86
2012/06/04,3.76,3.78,3.66,3.67,950132,3.72
2012/06/05,3.66,3.72,3.63,3.66,492112,3.68
2012/06/06,3.66,3.76,3.64,3.68,510504,3.70
2012/06/07,3.69,3.74,3.62,3.64,478802,3.68
2012/06/08,3.65,3.70,3.62,3.66,580406,3.66
2012/06/11,3.68,3.78,3.66,3.78,951151,3.72
2012/06/12,3.77,3.78,3.71,3.72,523007,3.74
2012/06/13,3.71,3.81,3.71,3.80,669586,3.76
2012/06/14,3.79,3.83,3.75,3.75,754289,3.79
2012/06/15,3.78,3.79,3.71,3.76,496558,3.75
2012/06/18,3.79,3.92,3.76,3.88,1297765,3.84
2012/06/19,3.84,3.92,3.82,3.90,2644095,3.87
2012/06/20,3.89,4.05,3.87,3.92,2157373,3.96
2012/06/21,3.92,3.92,3.79,3.83,1315382,3.85
2012/06/25,3.83,3.84,3.73,3.73,784040,3.78
2012/06/26,3.73,3.78,3.66,3.76,618859,3.72
2012/06/27,3.76,3.89,3.75,3.81,1478193,3.82
2012/06/28,3.83,3.97,3.80,3.86,1731874,3.89
2012/06/29,3.86,3.95,3.81,3.95,1435437,3.88
2012/07/02,3.96,4.04,3.93,4.01,1760058,3.99
2012/07/03,4.00,4.04,3.94,3.98,1553598,3.99
2012/07/04,3.99,4.10,3.95,3.97,1718705,4.02
2012/07/05,3.92,3.93,3.83,3.86,1021000,3.88
2012/07/06,3.89,3.90,3.73,3.89,1165408,3.81
2012/07/09,3.85,3.86,3.69,3.69,1137931,3.77
2012/07/10,3.69,3.78,3.67,3.73,788157,3.72
2012/07/11,3.69,3.72,3.66,3.69,573667,3.69
2012/07/12,3.68,3.75,3.67,3.74,481624,3.71
2012/07/13,3.74,3.80,3.71,3.72,632478,3.75
2012/07/16,3.70,3.70,3.33,3.33,1395348,3.52
2012/07/17,3.31,3.34,3.24,3.32,418939,3.29
2012/07/18,3.33,3.34,3.27,3.32,337437,3.30
2012/07/19,3.33,3.40,3.30,3.36,562648,3.35
2012/07/20,3.36,3.40,3.34,3.35,372240,3.37
2012/07/23,3.32,3.35,3.26,3.33,239781,3.30
2012/07/24,3.29,3.38,3.29,3.34,278530,3.33
2012/07/25,3.32,3.41,3.31,3.36,562957,3.36
2012/07/26,3.30,3.37,3.29,3.30,380249,3.33
2012/07/27,3.31,3.39,3.29,3.36,343790,3.34
2012/07/30,3.36,3.40,3.22,3.23,411200,3.31
2012/07/31,3.23,3.25,3.02,3.04,396300,3.14
2012/08/01,3.05,3.12,3.04,3.09,297589,3.08
2012/08/02,3.12,3.14,3.07,3.10,156191,3.10
2012/08/03,3.10,3.18,3.10,3.18,341353,3.14
2012/08/06,3.13,3.26,3.13,3.25,564586,3.19
2012/08/07,3.25,3.30,3.24,3.27,517351,3.27
2012/08/08,3.27,3.30,3.21,3.26,314339,3.25
2012/08/09,3.26,3.49,3.26,3.40,1132510,3.38
2012/08/10,3.36,3.39,3.34,3.36,606625,3.36
2012/08/13,3.36,3.36,3.25,3.25,693291,3.30
2012/08/14,3.26,3.29,3.19,3.28,444877,3.24
2012/08/15,3.29,3.29,3.22,3.24,231305,3.26
2012/08/16,3.19,3.24,3.19,3.20,194132,3.22
2012/08/17,3.23,3.31,3.21,3.29,452274,3.26
2012/08/20,3.26,3.30,3.22,3.29,282037,3.26
2012/08/21,3.28,3.39,3.27,3.37,490291,3.33
2012/08/22,3.39,3.44,3.35,3.38,693623,3.40
2012/08/23,3.36,3.43,3.30,3.42,939223,3.36
2012/08/24,3.41,3.41,3.28,3.28,503134,3.34
2012/08/27,3.26,3.26,3.20,3.21,308088,3.23
2012/08/28,3.20,3.29,3.19,3.27,401652,3.24
2012/08/29,3.24,3.35,3.24,3.29,569074,3.30
2012/08/30,3.31,3.40,3.14,3.27,887652,3.27
2012/08/31,3.25,3.27,3.21,3.26,393904,3.24
2012/09/03,3.24,3.36,3.22,3.34,527398,3.29
2012/09/04,3.34,3.47,3.33,3.37,1134709,3.40
2012/09/05,3.35,3.54,3.35,3.48,1689935,3.45
2012/09/06,3.48,3.65,3.45,3.56,1345534,3.55
2012/09/07,3.58,3.64,3.53,3.64,1657903,3.58
2012/09/10,3.60,3.70,3.59,3.70,1483146,3.65
2012/09/11,3.66,3.80,3.65,3.68,1600783,3.72
2012/09/12,3.68,3.72,3.54,3.63,1290204,3.63
2012/09/13,3.68,3.69,3.53,3.55,951200,3.61
2012/09/14,3.58,3.62,3.50,3.58,910751,3.56
2012/09/17,3.58,3.58,3.46,3.47,623746,3.52
2012/09/18,3.45,3.60,3.45,3.55,557808,3.53
2012/09/19,3.56,3.64,3.51,3.56,1035254,3.57
2012/09/20,3.56,3.65,3.36,3.41,1097657,3.50
2012/09/21,3.40,3.44,3.30,3.30,386206,3.37
2012/09/24,3.29,3.31,3.19,3.26,468799,3.25
2012/09/25,3.26,3.28,3.16,3.19,312189,3.22
2012/09/26,3.19,3.24,3.11,3.11,311879,3.18
2012/09/27,3.12,3.26,3.11,3.22,536172,3.18
2012/09/28,3.21,3.27,3.19,3.26,272056,3.23
2012/10/08,3.26,3.28,3.22,3.24,288418,3.25
2012/10/09,3.27,3.40,3.24,3.37,550613,3.32
2012/10/10,3.34,3.43,3.34,3.39,414750,3.39
2012/10/11,3.39,3.39,3.31,3.35,395561,3.35
2012/10/12,3.35,3.42,3.29,3.34,427596,3.35
2012/10/15,3.31,3.31,3.02,3.11,824482,3.17
2012/10/16,3.10,3.14,3.08,3.12,312677,3.11
2012/10/17,3.12,3.16,3.10,3.15,316341,3.13
2012/10/18,3.13,3.20,3.13,3.20,542125,3.17
2012/10/19,3.17,3.21,3.17,3.18,276620,3.19
2012/10/22,3.18,3.19,3.15,3.18,229953,3.17
2012/10/23,3.19,3.19,3.12,3.12,253700,3.16
2012/10/24,3.12,3.18,3.10,3.15,249145,3.14
2012/10/25,3.17,3.19,3.13,3.14,157559,3.16
2012/10/26,3.13,3.16,3.07,3.08,172599,3.11
2012/10/29,3.03,3.09,3.03,3.07,265600,3.06
2012/10/30,3.10,3.10,3.05,3.06,145750,3.07
2012/10/31,3.06,3.08,3.02,3.08,183288,3.05
2012/11/01,3.11,3.15,3.08,3.13,345876,3.11
2012/11/02,3.14,3.15,3.11,3.13,208365,3.13
2012/11/05,3.10,3.14,3.10,3.11,146090,3.12
2012/11/06,3.12,3.12,3.06,3.08,250620,3.09
2012/11/07,3.08,3.13,3.06,3.07,340179,3.09
2012/11/08,3.06,3.07,2.97,2.97,398016,3.02
2012/11/09,2.97,2.99,2.92,2.92,327177,2.96
2012/11/12,2.92,2.96,2.92,2.95,426851,2.94
2012/11/13,2.96,2.96,2.88,2.89,328070,2.92
2012/11/14,2.90,2.93,2.86,2.92,294973,2.90
2012/11/15,2.89,2.91,2.84,2.85,176844,2.88
2012/11/16,2.87,2.87,2.82,2.84,261410,2.84
2012/11/19,2.83,2.86,2.81,2.86,241791,2.83
2012/11/20,2.87,2.94,2.85,2.89,364824,2.90
2012/11/21,2.89,2.93,2.87,2.92,338845,2.90
2012/11/22,2.90,2.92,2.89,2.90,173200,2.91
2012/11/23,2.92,2.97,2.91,2.95,341652,2.94
2012/11/26,3.01,3.02,2.87,2.90,305327,2.95
2012/11/27,2.89,2.89,2.73,2.73,484259,2.81
2012/11/28,2.69,2.72,2.67,2.67,157210,2.70
2012/11/29,2.66,2.70,2.62,2.62,153767,2.66
2012/11/30,2.67,2.67,2.60,2.65,204440,2.64
2012/12/03,2.64,2.64,2.55,2.56,125100,2.59
2012/12/04,2.56,2.62,2.52,2.62,407643,2.57
2012/12/05,2.59,2.73,2.59,2.71,519501,2.66
2012/12/06,2.69,2.72,2.67,2.70,178523,2.70
2012/12/07,2.69,2.78,2.68,2.76,350027,2.73
2012/12/10,2.76,2.79,2.74,2.79,417803,2.77
2012/12/11,2.76,2.79,2.73,2.76,260612,2.76
2012/12/12,2.73,2.77,2.70,2.77,429106,2.74
2012/12/13,2.74,2.88,2.73,2.81,988559,2.80
2012/12/14,2.79,2.90,2.77,2.89,813662,2.83
2012/12/17,2.87,2.97,2.85,2.88,557826,2.91
2012/12/18,2.88,2.92,2.85,2.87,369672,2.89
2012/12/19,2.87,2.92,2.86,2.87,338534,2.89
2012/12/20,2.87,2.98,2.87,2.93,805129,2.93
2012/12/21,2.94,3.06,2.92,3.03,1438471,2.99
2012/12/24,3.03,3.15,3.00,3.13,1378808,3.07
2012/12/25,3.14,3.18,3.07,3.13,1523729,3.13
2012/12/26,3.14,3.34,3.11,3.31,1811535,3.22
2012/12/27,3.32,3.42,3.26,3.34,2221218,3.34
2012/12/28,3.31,3.41,3.22,3.33,1289859,3.32
2012/12/31,3.31,3.53,3.31,3.40,1551230,3.42
2013/01/04,3.41,3.46,3.26,3.32,1121739,3.36
2013/01/07,3.31,3.39,3.29,3.38,770226,3.34
2013/01/08,3.38,3.61,3.33,3.60,2083438,3.47
2013/01/09,3.66,3.93,3.56,3.76,3121818,3.75
2013/01/10,3.80,3.83,3.68,3.79,1093221,3.76
2013/01/11,3.77,3.92,3.77,3.82,1533337,3.84
2013/01/14,3.79,4.05,3.74,4.04,1722106,3.90
2013/01/15,4.04,4.05,3.92,4.00,1084287,3.98
2013/01/16,4.00,4.00,3.84,3.88,945659,3.92
2013/01/17,3.83,3.85,3.74,3.74,792806,3.80
2013/01/18,3.76,3.97,3.71,3.90,1492314,3.84
2013/01/21,3.92,3.92,3.78,3.82,658437,3.85
2013/01/22,3.81,3.82,3.61,3.67,1293725,3.71
2013/01/23,3.66,3.74,3.64,3.74,504372,3.69
2013/01/24,3.75,3.75,3.38,3.45,1473864,3.56
2013/01/25,3.45,3.49,3.41,3.49,371785,3.45
2013/01/28,3.47,3.58,3.47,3.58,506565,3.53
2013/01/29,3.58,3.63,3.53,3.59,570408,3.58
2013/01/30,3.60,3.62,3.49,3.51,554229,3.56
2013/01/31,3.40,3.45,3.28,3.43,1410861,3.36
2013/02/01,3.41,3.52,3.37,3.50,602856,3.45
2013/02/04,3.80,3.86,3.71,3.82,5392486,3.78
2013/02/05,3.63,3.63,3.48,3.58,2720596,3.55
2013/02/06,3.61,3.62,3.51,3.54,1139899,3.56
2013/02/07,3.51,3.56,3.46,3.56,931991,3.51
2013/02/08,3.52,3.59,3.51,3.56,813184,3.55
2013/02/18,3.58,3.64,3.54,3.63,1062924,3.59
2013/02/19,3.59,3.70,3.58,3.63,1127406,3.64
2013/02/20,3.64,3.75,3.61,3.73,1526121,3.68
2013/02/21,3.72,3.83,3.64,3.74,1364393,3.74
2013/02/22,3.68,3.83,3.68,3.73,1237134,3.76
2013/02/25,3.76,3.76,3.65,3.73,772964,3.70
2013/02/26,3.73,3.92,3.69,3.75,1613059,3.80
2013/02/27,3.78,3.84,3.71,3.77,884424,3.77
2013/02/28,3.80,3.83,3.76,3.80,716025,3.79
2013/03/01,3.82,3.97,3.81,3.92,1645908,3.89
2013/03/04,3.92,4.01,3.84,3.90,1426520,3.92
2013/03/05,3.90,3.95,3.86,3.94,659516,3.91
2013/03/06,3.95,4.30,3.95,4.25,1723215,4.13
2013/03/07,4.18,4.50,4.11,4.11,2969516,4.31
2013/03/08,4.20,4.25,3.92,3.98,1608846,4.08
2013/03/11,3.99,3.99,3.81,3.88,1221492,3.90
2013/03/12,3.87,3.98,3.58,3.69,1422136,3.78
2013/03/13,3.67,3.74,3.65,3.67,788821,3.70
2013/03/14,3.68,3.73,3.56,3.68,760459,3.65
2013/03/15,3.66,4.06,3.63,4.06,2101823,3.84
2013/03/18,4.08,4.10,3.93,3.96,2721523,4.01
2013/03/19,3.99,4.16,3.83,4.01,2448672,4.00
2013/03/20,4.00,4.12,3.94,4.12,2622659,4.03
2013/03/21,4.13,4.23,4.07,4.14,2263172,4.15
2013/03/22,4.11,4.11,3.99,4.05,1636742,4.05
2013/03/25,4.05,4.09,3.99,4.04,975026,4.04
2013/03/26,4.00,4.20,3.99,4.20,1966334,4.10
2013/03/27,4.24,4.29,4.12,4.15,1598939,4.21
2013/03/28,4.13,4.13,3.76,3.80,2583024,3.94
2013/03/29,3.76,3.89,3.76,3.79,1039978,3.82
2013/04/01,3.76,3.78,3.56,3.70,1171295,3.67
2013/04/02,3.65,3.82,3.65,3.72,1034249,3.73
2013/04/03,3.66,3.71,3.53,3.57,1195350,3.62
2013/04/08,3.52,3.66,3.39,3.64,952347,3.53
2013/04/09,3.64,3.77,3.59,3.72,1000424,3.68
2013/04/10,3.72,3.86,3.66,3.76,1270089,3.76
2013/04/11,3.73,3.81,3.70,3.77,891525,3.76
2013/04/12,3.77,3.87,3.73,3.74,929089,3.80
2013/04/15,3.71,3.74,3.61,3.73,577559,3.68
2013/04/16,3.70,3.76,3.63,3.74,531252,3.69
2013/04/17,3.74,3.87,3.71,3.85,950789,3.79
2013/04/18,3.93,3.99,3.86,3.94,1574730,3.93
2013/04/19,3.97,4.07,3.96,4.02,1304803,4.02
2013/04/22,4.03,4.44,4.03,4.39,3333831,4.24
2013/04/23,4.30,4.38,4.18,4.18,4009660,4.28
2013/04/24,4.19,4.44,4.19,4.44,3803991,4.32
2013/04/25,4.40,4.53,4.29,4.35,2711479,4.41
2013/04/26,4.34,4.42,4.20,4.21,1387437,4.31
2013/05/02,4.22,4.34,4.13,4.28,1283350,4.23
2013/05/03,4.28,4.45,4.20,4.45,2139724,4.33
2013/05/06,4.54,4.84,4.54,4.71,4158454,4.69
2013/05/07,4.57,4.71,4.53,4.58,2790528,4.62
2013/05/08,4.55,4.82,4.55,4.78,2419784,4.69
2013/05/09,4.75,5.01,4.68,4.99,3456560,4.84
2013/05/10,4.93,5.11,4.79,4.85,2332429,4.95
2013/05/13,4.86,5.03,4.70,4.91,1906023,4.87
2013/05/14,4.90,4.95,4.59,4.59,1932821,4.77
2013/05/15,4.59,4.71,4.53,4.70,1407173,4.62
2013/05/16,4.78,5.08,4.67,4.85,4225754,4.88
2013/05/17,4.77,5.03,4.67,4.97,3564565,4.85
2013/05/20,4.98,5.48,4.98,5.48,4305552,5.23
2013/05/21,5.51,5.74,5.35,5.67,3504994,5.54
2013/05/22,5.57,5.83,5.16,5.39,8470630,5.50
2013/05/23,5.23,5.51,5.18,5.22,6180412,5.34
2013/05/24,5.26,5.51,5.23,5.35,4566325,5.37
2013/05/27,5.35,5.39,5.09,5.26,6653585,5.24
2013/05/28,5.22,5.25,4.99,5.03,3435782,5.12
2013/05/29,5.07,5.10,4.95,5.03,4002814,5.02
2013/05/30,5.00,5.14,4.96,5.11,3044993,5.05
2013/05/31,5.12,5.17,5.04,5.05,2915192,5.10
2013/06/03,5.03,5.06,4.75,4.75,3913866,4.90
2013/06/04,4.76,4.81,4.50,4.63,2385408,4.65
2013/06/05,4.57,4.75,4.56,4.67,1154601,4.65
2013/06/06,4.63,4.63,4.50,4.51,1495256,4.56
2013/06/07,4.60,4.60,4.39,4.43,1732380,4.49
2013/06/13,4.43,4.44,4.15,4.24,1758629,4.30
2013/06/14,4.28,4.58,4.25,4.57,3294057,4.42
2013/06/17,4.55,4.85,4.55,4.68,4235542,4.70
2013/06/18,4.62,4.84,4.55,4.77,2838974,4.69
2013/06/19,4.74,4.88,4.68,4.85,2913131,4.78
2013/06/20,4.79,4.81,4.43,4.45,2439659,4.62
2013/06/21,4.26,4.54,4.25,4.51,1991322,4.40
2013/06/24,4.62,4.96,4.55,4.74,6864451,4.75
2013/06/25,4.63,5.22,4.41,5.22,12876496,4.81
2013/06/26,5.47,5.75,5.40,5.62,19166274,5.58
2013/06/27,5.44,6.09,5.44,6.03,21657655,5.77
2013/06/28,5.81,5.86,5.57,5.61,13566610,5.72
2013/07/01,5.53,5.88,5.43,5.84,10888415,5.65
2013/07/02,5.70,6.29,5.62,6.19,14619787,5.96
2013/07/03,6.33,6.54,6.06,6.31,14005410,6.30
2013/07/04,6.19,6.43,5.84,5.93,12402209,6.13
2013/07/05,6.06,6.20,5.86,5.88,7786220,6.03
2013/07/08,5.61,5.72,5.28,5.29,7485868,5.50
2013/07/09,5.26,5.56,5.03,5.55,9481177,5.29
2013/07/10,5.43,5.61,5.40,5.49,6619043,5.51
2013/07/11,5.48,5.60,5.36,5.53,7129570,5.48
2013/07/12,5.53,5.90,5.48,5.65,8447330,5.69
2013/07/15,6.10,6.23,5.93,6.23,13697416,6.08
2013/07/16,6.23,6.48,6.18,6.31,13037610,6.33
2013/07/17,6.29,6.92,6.05,6.75,15075663,6.48
2013/07/18,6.79,7.32,6.57,7.09,13060479,6.95
2013/07/19,7.00,7.33,6.57,6.59,13217254,6.95
2013/07/22,6.51,6.87,6.47,6.80,7951038,6.67
2013/07/23,6.84,7.29,6.83,7.17,10001512,7.06
2013/07/24,7.07,7.19,6.94,7.11,8291364,7.07
2013/07/25,7.08,7.08,6.39,6.40,8162904,6.73
2013/07/26,6.26,6.63,6.24,6.54,5196669,6.44
2013/07/29,6.42,6.53,6.11,6.16,5076741,6.32
2013/07/30,6.14,6.27,5.66,5.94,4619933,5.96
2013/07/31,5.95,6.55,5.95,6.55,9298855,6.25
2013/08/01,6.43,6.90,6.43,6.84,9261145,6.67
2013/08/02,6.81,7.08,6.69,6.74,7798160,6.89
2013/08/05,6.66,7.02,6.66,6.86,5884850,6.84
2013/08/06,6.97,7.55,6.83,7.55,9904125,7.19
2013/08/07,7.66,7.77,7.28,7.43,14147631,7.52
2013/08/08,7.49,8.10,7.37,7.57,12501408,7.73
2013/08/09,7.41,7.78,7.01,7.43,9448759,7.40
2013/08/12,7.43,7.43,6.94,7.16,7076218,7.19
2013/08/13,7.17,7.42,6.99,7.23,5710482,7.21
2013/08/14,7.30,7.66,7.12,7.61,8699082,7.39
2013/08/15,7.80,7.99,7.37,7.38,8751378,7.68
2013/08/16,7.31,7.57,7.03,7.08,5595502,7.30
2013/08/19,7.21,7.80,7.21,7.80,11588828,7.50
2013/08/20,8.02,8.22,7.80,8.00,13540069,8.01
2013/08/21,7.92,7.97,7.75,7.92,6595138,7.86
2013/08/22,7.94,8.31,7.83,7.87,9147622,8.07
2013/08/23,7.75,7.97,7.55,7.88,7256932,7.76
2013/08/26,7.79,8.05,7.66,8.03,6287321,7.86
2013/08/27,7.95,8.00,7.75,7.92,5013142,7.88
2013/08/28,7.83,7.83,7.60,7.79,5759291,7.71
2013/08/29,7.92,8.32,7.88,8.00,8583912,8.10
2013/08/30,7.97,7.97,7.19,7.19,8360540,7.58
2013/09/02,7.15,7.53,6.78,7.43,4683790,7.16
2013/09/03,7.43,7.52,7.35,7.47,3193142,7.43
2013/09/04,7.47,7.50,7.17,7.27,4146173,7.33
2013/09/05,7.17,7.51,7.17,7.35,3856607,7.34
2013/09/06,7.29,7.37,7.17,7.29,3546490,7.27
2013/09/09,7.37,7.63,7.28,7.43,4194919,7.46
2013/09/10,7.43,7.51,7.15,7.25,4197558,7.33
2013/09/11,7.21,7.21,6.55,6.73,4440307,6.88
2013/09/12,6.85,7.16,6.85,6.97,3922306,7.00
2013/09/13,6.89,7.37,6.72,7.30,5056148,7.04
2013/09/16,7.33,7.51,7.21,7.39,4430429,7.36
2013/09/17,7.43,7.50,6.99,7.17,3756291,7.25
2013/09/18,7.08,7.43,7.03,7.39,3100294,7.23
2013/09/23,7.37,7.93,7.37,7.88,7457854,7.65
2013/09/24,7.86,7.87,7.57,7.72,5524291,7.72
2013/09/25,7.75,7.92,7.57,7.75,5357546,7.75
2013/09/26,7.66,8.04,7.57,7.58,4927919,7.80
2013/09/27,7.52,7.72,7.22,7.33,3546676,7.47
2013/09/30,7.34,7.61,7.27,7.59,3331679,7.44
2013/10/08,7.56,8.31,7.52,8.23,8269297,7.92
2013/10/09,8.23,8.30,8.06,8.19,7188111,8.18
2013/10/10,8.27,8.57,8.07,8.29,8455450,8.32
2013/10/11,8.31,8.50,8.08,8.22,4985021,8.29
2013/10/14,8.25,8.25,7.93,8.07,4031536,8.09
2013/10/15,8.04,8.39,7.91,8.14,5751909,8.15
2013/10/16,8.18,8.18,7.34,7.48,4716671,7.76
2013/10/17,7.58,7.65,7.31,7.40,2749160,7.48
2013/10/18,7.39,7.63,7.39,7.61,2079959,7.51
2013/10/21,7.65,8.07,7.65,8.01,3543490,7.86
2013/10/22,7.97,7.97,7.52,7.61,3449186,7.74
2013/10/23,7.62,7.62,7.08,7.23,3026204,7.35
2013/10/24,7.23,7.32,7.08,7.23,1290299,7.20
2013/10/25,7.28,7.28,6.77,6.93,2016629,7.02
2013/10/28,6.95,7.09,6.77,6.88,1365872,6.93
2013/10/29,6.87,7.03,6.25,6.52,2300788,6.64
2013/10/30,6.41,6.60,6.40,6.59,1557210,6.50
2013/10/31,6.54,6.54,6.25,6.39,1634521,6.40
2013/11/01,6.34,6.49,6.11,6.37,1330293,6.30
2013/11/04,6.37,6.81,6.32,6.67,2415332,6.56
2013/11/05,6.70,6.87,6.50,6.84,2111029,6.69
2013/11/06,6.84,7.15,6.78,6.80,2968976,6.97
2013/11/07,6.66,6.89,6.64,6.64,1610397,6.76
2013/11/08,6.56,6.57,6.36,6.40,1572608,6.47
2013/11/11,6.37,6.51,6.29,6.49,1045017,6.40
2013/11/12,6.51,6.83,6.51,6.75,1643615,6.67
2013/11/13,6.74,6.74,6.40,6.41,1140548,6.57
2013/11/14,6.38,6.74,6.34,6.71,1943017,6.54
2013/11/15,6.65,6.99,6.65,6.91,3074269,6.82
2013/11/18,6.99,7.59,6.88,7.41,5292869,7.23
2013/11/19,7.35,7.50,7.23,7.39,3136315,7.37
2013/11/20,7.40,8.14,7.37,8.14,7483135,7.76
2013/11/21,8.10,8.97,7.93,8.97,19129748,8.45
2013/11/22,8.90,8.90,8.52,8.78,11820254,8.71
2013/11/25,8.72,8.97,8.50,8.56,9441862,8.74
2013/11/26,8.58,8.83,8.53,8.66,5975660,8.68
2013/11/27,8.72,9.48,8.55,9.15,9563842,9.02
2013/11/28,9.16,9.31,8.69,8.69,9564474,9.00
2013/11/29,8.63,9.12,8.41,9.11,10802418,8.76
2013/12/02,8.21,8.71,8.19,8.19,6312388,8.45
2013/12/03,7.75,8.66,7.44,8.47,6903121,8.05
2013/12/04,8.38,9.12,8.35,8.88,9185648,8.73
2013/12/05,9.05,9.10,7.98,7.98,10743438,8.54
2013/12/06,7.62,7.69,7.44,7.52,5492604,7.57
2013/12/09,7.54,7.61,7.47,7.55,2951285,7.54
2013/12/10,7.61,7.61,7.12,7.16,4673820,7.37
2013/12/11,7.11,7.35,7.10,7.27,3023994,7.22
2013/12/12,7.27,7.51,7.19,7.39,3090414,7.35
2013/12/13,7.36,7.46,7.26,7.37,2347905,7.36
2013/12/16,7.30,7.43,7.21,7.21,1807434,7.32
2013/12/17,7.25,7.29,6.88,7.06,2291754,7.08
2013/12/18,7.06,7.12,6.95,7.01,1297419,7.04
2013/12/19,7.10,7.43,7.10,7.21,3357232,7.26
2013/12/20,7.19,7.42,7.11,7.27,1873728,7.27
2013/12/23,7.22,7.30,6.64,6.79,2248147,6.97
2013/12/24,6.89,7.11,6.82,6.98,1764656,6.97
2013/12/25,7.00,7.27,6.92,7.26,2423675,7.09
2013/12/26,7.25,7.32,6.99,7.00,2378803,7.16
2013/12/27,7.02,7.26,6.86,7.18,1657267,7.06
2013/12/30,7.24,7.52,7.24,7.51,3672400,7.38
2013/12/31,7.52,7.56,7.22,7.31,2349016,7.39
2014/01/02,7.39,7.68,7.27,7.61,3431669,7.47
2014/01/03,7.52,7.68,7.52,7.58,2891578,7.60
2014/01/06,7.60,7.60,7.07,7.12,2395506,7.33
2014/01/07,7.08,7.34,6.86,7.18,2309452,7.10
2014/01/08,7.20,7.67,7.20,7.64,4200109,7.44
2014/01/09,7.63,7.67,7.31,7.35,3600985,7.49
2014/01/10,7.35,7.39,7.03,7.08,2515692,7.21
2014/01/13,7.08,7.23,6.95,7.04,1363431,7.09
2014/01/14,6.95,7.28,6.95,7.28,1440573,7.12
2014/01/15,7.27,7.46,7.23,7.44,1932794,7.35
2014/01/16,7.57,7.58,7.24,7.25,2651252,7.41
2014/01/17,7.31,7.57,7.31,7.39,2920166,7.44
2014/01/20,7.39,7.40,7.03,7.11,2101100,7.22
2014/01/21,7.08,7.30,7.08,7.27,1499736,7.19
2014/01/22,7.30,7.61,7.30,7.55,4272247,7.46
2014/01/23,7.48,7.98,7.44,7.80,5973474,7.71
2014/01/24,7.75,8.00,7.68,7.91,4702548,7.84
2014/01/27,7.87,7.95,7.70,7.77,3283321,7.83
2014/01/28,7.87,7.92,7.61,7.78,2566193,7.77
2014/01/29,7.79,7.80,7.43,7.64,3740885,7.61
2014/01/30,7.52,7.87,7.51,7.73,2563970,7.69
2014/02/07,7.67,8.07,7.57,8.03,3928651,7.82
2014/02/10,8.05,8.24,7.92,8.17,4962594,8.08
2014/02/11,8.10,8.20,7.74,7.92,4909746,7.97
2014/02/12,7.89,8.39,7.81,8.38,5859570,8.10
2014/02/13,8.32,8.35,7.88,7.90,4068065,8.11
2014/02/14,7.87,8.11,7.77,8.03,2911215,7.94
2014/02/17,8.03,8.37,8.03,8.36,4960897,8.20
2014/02/18,8.45,8.55,8.28,8.36,5880209,8.42
2014/02/19,8.31,8.36,8.12,8.16,3417470,8.24
2014/02/20,8.16,8.22,7.82,7.84,3122223,8.02
2014/02/21,7.84,8.00,7.75,7.96,1847115,7.88
2014/02/24,7.95,8.03,7.82,8.03,1835032,7.92
2014/02/25,8.05,8.20,7.22,7.22,3999146,7.71
2014/02/26,6.99,7.12,6.61,6.85,3874660,6.87
2014/02/27,6.85,7.01,6.55,6.58,2835025,6.78
2014/02/28,6.58,6.78,6.32,6.77,2599318,6.55
2014/03/03,6.81,6.93,6.62,6.85,1882853,6.77
2014/03/04,6.73,6.97,6.73,6.89,1837011,6.85
2014/03/05,6.95,7.10,6.83,7.03,2104597,6.96
2014/03/06,7.04,7.12,6.82,6.97,1748937,6.97
2014/03/07,6.90,6.99,6.74,6.80,1308713,6.87
2014/03/10,6.68,6.74,6.34,6.42,1448019,6.54
2014/03/11,6.42,6.53,6.36,6.51,925461,6.45
2014/03/12,6.53,6.63,6.39,6.55,870105,6.51
2014/03/13,6.67,6.67,6.52,6.59,762279,6.59
2014/03/14,6.55,6.66,6.45,6.53,859534,6.56
2014/03/17,6.55,6.83,6.50,6.83,1498140,6.67
2014/03/18,6.90,7.19,6.86,6.95,2504606,7.03
2014/03/19,6.88,6.99,6.75,6.90,1581562,6.87
2014/03/20,6.86,6.88,6.47,6.55,1430119,6.67
2014/03/21,6.48,6.99,6.48,6.93,2380615,6.74
2014/03/24,6.99,7.03,6.77,6.84,1488421,6.90
2014/03/25,6.81,6.91,6.73,6.78,1038943,6.82
2014/03/26,6.77,6.88,6.72,6.85,1103509,6.80
2014/03/27,6.77,6.84,6.50,6.55,1651766,6.67
2014/03/28,6.51,6.63,6.10,6.17,1826649,6.36
2014/03/31,6.19,6.40,6.17,6.27,948475,6.29
2014/04/01,6.27,6.39,6.24,6.34,1137775,6.31
2014/04/02,6.27,6.39,6.17,6.19,1100363,6.28
2014/04/03,6.28,6.32,6.19,6.23,766998,6.26
2014/04/04,6.22,6.30,6.19,6.27,726030,6.25
2014/04/08,6.26,6.35,6.17,6.35,1232272,6.26
2014/04/09,6.35,6.53,6.33,6.45,1330302,6.43
2014/04/10,6.32,6.40,6.31,6.35,2092698,6.35
2014/04/11,6.34,6.34,6.10,6.23,1620558,6.22
2014/04/14,6.19,6.34,6.15,6.34,1047815,6.25
2014/04/15,6.34,6.38,6.23,6.25,964204,6.31
2014/04/16,6.21,6.27,6.17,6.22,756150,6.22
2014/04/17,6.26,6.28,6.21,6.23,691139,6.25
2014/04/18,6.27,6.69,6.22,6.50,2827583,6.46
2014/04/21,6.45,6.49,6.28,6.28,1429729,6.39
2014/04/22,6.28,6.63,6.27,6.59,2995983,6.45
2014/04/23,6.55,6.63,6.43,6.59,1852672,6.53
2014/04/24,6.61,6.61,6.37,6.45,1444402,6.49
2014/04/25,6.39,6.45,6.15,6.19,1233257,6.30
2014/04/28,6.18,6.18,5.56,5.64,1971739,5.87
2014/04/29,5.64,5.71,5.57,5.67,783121,5.64
2014/04/30,5.82,5.82,5.68,5.71,716640,5.75
2014/05/05,5.70,5.80,5.70,5.79,624596,5.75
2014/05/06,5.77,5.97,5.77,5.88,856418,5.87
2014/05/07,5.86,5.86,5.68,5.69,963677,5.77
2014/05/08,5.67,5.82,5.66,5.71,764948,5.74
2014/05/09,5.71,5.73,5.57,5.63,744622,5.65
2014/05/12,5.66,5.81,5.63,5.80,853871,5.72
2014/05/13,5.79,5.98,5.77,5.90,1612850,5.88
2014/05/14,5.88,5.97,5.86,5.90,971461,5.92
2014/05/15,5.92,5.97,5.81,5.84,1082471,5.89
2014/05/16,5.84,5.91,5.69,5.87,838244,5.80
2014/05/19,5.84,5.90,5.74,5.80,800439,5.82
2014/05/20,5.86,5.92,5.83,5.85,728044,5.88
2014/05/21,5.82,5.95,5.78,5.95,1120294,5.87
2014/05/22,5.95,5.99,5.90,5.91,1435090,5.95
2014/05/23,5.87,6.06,5.87,6.04,1998906,5.96
2014/05/26,6.04,6.10,5.99,6.06,2267620,6.04
2014/05/27,6.06,6.12,6.00,6.05,1997389,6.06
2014/05/28,6.06,6.36,6.04,6.24,3306289,6.20
2014/05/29,6.20,6.24,6.02,6.03,2372734,6.13
2014/05/30,6.05,6.11,6.00,6.08,1498028,6.06
2014/06/03,6.12,6.14,6.04,6.06,1305726,6.09
2014/06/04,6.03,6.06,5.92,5.98,1142441,5.99
2014/06/05,5.98,6.58,5.98,6.58,6501842,6.28
2014/06/06,6.66,7.15,6.55,6.74,12022609,6.85
2014/06/09,6.74,7.00,6.60,6.97,7077540,6.80
2014/06/10,6.88,7.00,6.74,6.98,4829292,6.87
2014/06/11,6.92,7.25,6.83,7.10,5760474,7.04
2014/06/12,7.10,7.56,7.02,7.35,6708271,7.29
2014/06/13,7.28,8.01,7.28,7.81,9509055,7.65
2014/06/16,7.85,7.92,7.60,7.76,5145939,7.76
2014/06/17,7.64,7.75,7.48,7.62,6212520,7.62
2014/06/18,7.60,7.62,7.40,7.46,4334434,7.51
2014/06/19,7.43,7.57,7.06,7.10,4540315,7.31
2014/06/20,7.09,7.39,7.09,7.28,3790372,7.24
2014/06/23,7.35,7.44,7.15,7.31,3302784,7.30
2014/06/24,7.34,7.78,7.28,7.76,6711840,7.53
2014/06/25,7.70,7.91,7.49,7.75,4449376,7.70
2014/06/26,7.68,8.13,7.64,7.96,4850648,7.89
2014/06/27,7.97,8.25,7.85,8.08,5973562,8.05
2014/06/30,8.08,8.90,8.08,8.43,7820586,8.49
2014/07/01,8.47,8.68,8.18,8.35,5813827,8.43
2014/07/02,8.22,8.50,8.04,8.15,5319303,8.27
2014/07/03,8.19,8.34,8.08,8.24,3387245,8.21
2014/07/04,8.25,8.25,7.88,8.10,3323838,8.06
2014/07/07,8.10,8.29,8.04,8.17,2452316,8.16
2014/07/08,8.21,8.40,8.13,8.40,3754681,8.27
2014/07/09,8.40,8.98,8.40,8.62,7296039,8.69
2014/07/10,8.62,8.82,8.25,8.25,4287202,8.54
2014/07/11,8.22,8.29,8.02,8.05,3304229,8.15
2014/07/14,8.04,8.44,8.03,8.28,2640539,8.23
2014/07/15,8.30,8.54,7.95,8.02,3316965,8.24
2014/07/16,8.02,8.15,7.20,7.29,7147679,7.68
2014/07/17,8.02,8.15,7.20,7.29,0,7.68
2014/07/18,8.02,8.15,7.20,7.29,0,7.68
2014/07/21,8.02,8.15,7.20,7.29,0,7.68
2014/07/22,8.02,8.15,7.20,7.29,0,7.68
2014/07/23,8.02,8.15,7.20,7.29,0,7.68
2014/07/24,8.02,8.15,7.20,7.29,0,7.68
2014/07/25,8.02,8.15,7.20,7.29,0,7.68
2014/07/28,8.02,8.15,7.20,7.29,0,7.68
2014/07/29,8.02,8.15,7.20,7.29,0,7.68
2014/07/30,8.02,8.15,7.20,7.29,0,7.68
2014/07/31,8.02,8.15,7.20,7.29,0,7.68
2014/08/01,8.02,8.15,7.20,7.29,0,7.68
2014/08/04,8.02,8.15,7.20,7.29,0,7.68
2014/08/05,8.02,8.15,7.20,7.29,0,7.68
2014/08/06,8.02,8.15,7.20,7.29,0,7.68
2014/08/07,8.02,8.15,7.20,7.29,0,7.68
2014/08/08,8.02,8.15,7.20,7.29,0,7.68
2014/08/11,8.02,8.15,7.20,7.29,0,7.68
2014/08/12,8.02,8.15,7.20,7.29,0,7.68
2014/08/13,8.02,8.15,7.20,7.29,0,7.68
2014/08/14,8.02,8.15,7.20,7.29,0,7.68
2014/08/15,8.02,8.15,7.20,7.29,0,7.68
2014/08/18,8.02,8.15,7.20,7.29,0,7.68
2014/08/19,8.02,8.15,7.20,7.29,0,7.68
2014/08/20,8.02,8.15,7.20,7.29,0,7.68
2014/08/21,8.02,8.15,7.20,7.29,0,7.68
2014/08/22,8.02,8.15,7.20,7.29,0,7.68
2014/08/25,8.02,8.15,7.20,7.29,0,7.68
2014/08/26,8.02,8.15,7.20,7.29,0,7.68
2014/08/27,8.02,8.15,7.20,7.29,0,7.68
2014/08/28,8.02,8.15,7.20,7.29,0,7.68
2014/08/29,8.02,8.15,7.20,7.29,0,7.68
2014/09/01,8.02,8.15,7.20,7.29,0,7.68
2014/09/02,8.02,8.15,7.20,7.29,0,7.68
2014/09/03,8.02,8.15,7.20,7.29,0,7.68
2014/09/04,8.02,8.15,7.20,7.29,0,7.68
2014/09/05,8.02,8.15,7.20,7.29,0,7.68
2014/09/09,8.02,8.15,7.20,7.29,0,7.68
2014/09/10,8.02,8.15,7.20,7.29,0,7.68
2014/09/11,8.02,8.15,7.20,7.29,0,7.68
2014/09/12,8.02,8.15,7.20,7.29,0,7.68
2014/09/15,8.02,8.15,7.20,7.29,0,7.68
2014/09/16,8.02,8.15,7.20,7.29,0,7.68
2014/09/17,8.02,8.15,7.20,7.29,0,7.68
2014/09/18,8.02,8.15,7.20,7.29,0,7.68
2014/09/19,8.02,8.15,7.20,7.29,0,7.68
2014/09/22,8.02,8.15,7.20,7.29,0,7.68
2014/09/23,8.02,8.15,7.20,7.29,0,7.68
2014/09/24,8.02,8.15,7.20,7.29,0,7.68
2014/09/25,8.02,8.15,7.20,7.29,0,7.68
2014/09/26,8.02,8.15,7.20,7.29,0,7.68
2014/09/29,8.02,8.15,7.20,7.29,0,7.68
2014/09/30,8.02,8.15,7.20,7.29,0,7.68
2014/10/08,8.02,8.15,7.20,7.29,0,7.68
2014/10/09,8.02,8.15,7.20,7.29,0,7.68
2014/10/10,8.02,8.15,7.20,7.29,0,7.68
2014/10/13,8.02,8.15,7.20,7.29,0,7.68
2014/10/14,8.02,8.15,7.20,7.29,0,7.68
2014/10/15,8.02,8.15,7.20,7.29,0,7.68
2014/10/16,8.02,8.15,7.20,7.29,0,7.68
2014/10/17,8.02,8.15,7.20,7.29,0,7.68
2014/10/20,8.02,8.15,7.20,7.29,0,7.68
2014/10/21,8.02,8.15,7.20,7.29,0,7.68
2014/10/22,8.02,8.15,7.20,7.29,0,7.68
2014/10/23,8.02,8.15,7.20,7.29,0,7.68
2014/10/24,8.02,8.15,7.20,7.29,0,7.68
2014/10/27,8.02,8.15,7.20,7.29,0,7.68
2014/10/28,8.02,8.15,7.20,7.29,0,7.68
2014/10/29,8.02,8.15,7.20,7.29,0,7.68
2014/10/30,8.02,8.15,7.20,7.29,0,7.68
2014/10/31,8.02,8.15,7.20,7.29,0,7.68
2014/11/03,8.02,8.15,7.20,7.29,0,7.68
2014/11/04,8.02,8.15,7.20,7.29,0,7.68
2014/11/05,8.02,8.15,7.20,7.29,0,7.68
2014/11/06,8.02,8.15,7.20,7.29,0,7.68
2014/11/07,8.02,8.15,7.20,7.29,0,7.68
2014/11/10,8.02,8.15,7.20,7.29,0,7.68
2014/11/11,8.02,8.15,7.20,7.29,0,7.68
2014/11/12,8.02,8.15,7.20,7.29,0,7.68
2014/11/13,8.02,8.15,7.20,7.29,0,7.68
2014/11/14,8.02,8.15,7.20,7.29,0,7.68
2014/11/17,8.02,8.15,7.20,7.29,0,7.68
2014/11/18,8.02,8.15,7.20,7.29,0,7.68
2014/11/19,8.02,8.15,7.20,7.29,0,7.68
2014/11/20,8.02,8.15,7.20,7.29,0,7.68
2014/11/21,8.02,8.15,7.20,7.29,0,7.68
2014/11/24,8.02,8.15,7.20,7.29,0,7.68
2014/11/25,8.02,8.15,7.20,7.29,0,7.68
2014/11/26,8.02,8.15,7.20,7.29,0,7.68
2014/11/27,8.02,8.15,7.20,7.29,0,7.68
2014/11/28,8.02,8.15,7.20,7.29,0,7.68
2014/12/01,8.02,8.15,7.20,7.29,0,7.68
2014/12/02,8.02,8.15,7.20,7.29,0,7.68
2014/12/03,8.03,8.03,8.03,8.03,37345,8.03
2014/12/04,8.84,8.84,8.84,8.84,63170,8.84
2014/12/05,9.74,9.74,9.74,9.74,2977077,9.74
2014/12/08,9.74,9.82,8.88,9.06,19824000,9.35
2014/12/09,8.88,8.94,8.14,8.14,13418926,8.54
2014/12/10,7.98,8.97,7.96,8.97,9731222,8.47
2014/12/11,9.29,9.88,9.12,9.58,13126647,9.50
2014/12/12,9.43,9.72,9.22,9.54,5939476,9.47
2014/12/15,9.49,10.02,9.49,9.82,6323653,9.75
2014/12/16,9.92,9.94,9.60,9.69,3996122,9.77
2014/12/17,9.58,9.60,9.24,9.42,4164297,9.42
2014/12/18,9.42,9.53,9.12,9.15,4537324,9.32
2014/12/19,9.19,9.28,8.67,8.68,5418747,8.97
2014/12/22,8.68,8.72,7.88,8.16,5911130,8.30
2014/12/23,8.13,8.53,8.12,8.21,2883167,8.32
2014/12/24,8.35,8.65,8.18,8.65,3027079,8.42
2014/12/25,8.66,9.01,8.52,8.72,2889453,8.76
2014/12/26,8.67,8.78,8.46,8.48,2558810,8.62
2014/12/29,8.42,8.42,8.10,8.14,3238542,8.26
2014/12/30,8.14,8.27,8.01,8.08,2373893,8.14
2014/12/31,8.05,8.22,7.95,8.10,1791975,8.09
2015/01/05,8.12,8.12,7.82,8.03,2414765,7.97
2015/01/06,7.93,8.40,7.92,8.27,3624051,8.16
2015/01/07,8.27,8.30,8.05,8.08,1917584,8.18
2015/01/08,8.02,8.34,8.02,8.26,3129488,8.18
2015/01/09,8.27,8.58,8.16,8.22,3065156,8.37
2015/01/12,8.21,8.48,8.08,8.31,2317325,8.28
2015/01/13,8.32,8.52,8.19,8.52,2958060,8.35
2015/01/14,8.55,8.95,8.48,8.71,4338969,8.71
2015/01/15,8.60,8.81,8.49,8.50,2515322,8.65
2015/01/16,8.44,8.63,8.42,8.52,3374006,8.53
2015/01/19,8.35,8.76,8.20,8.31,3579099,8.48
2015/01/20,8.36,8.74,8.36,8.72,4095322,8.55
2015/01/21,8.92,9.13,8.82,8.90,4897790,8.98
2015/01/22,9.08,9.80,9.06,9.80,5972023,9.43
2015/01/23,10.12,10.28,9.22,9.36,11388079,9.75
2015/01/26,9.42,9.75,9.42,9.51,4664337,9.58
2015/01/27,9.48,9.68,9.26,9.54,4127531,9.47
2015/01/28,9.42,9.72,9.35,9.43,3915752,9.54
2015/01/29,9.27,9.48,9.26,9.26,2391604,9.37
2015/01/30,9.32,9.53,9.28,9.28,2447908,9.40
2015/02/02,9.08,9.46,9.00,9.30,1833228,9.23
2015/02/03,9.40,9.66,9.40,9.56,3626846,9.53
2015/02/04,9.64,9.74,9.50,9.58,2526457,9.62
2015/02/05,9.65,10.02,9.08,9.59,5349838,9.55
2015/02/06,9.55,10.56,9.54,10.04,10804997,10.05
2015/02/09,10.06,10.70,9.92,10.41,8357332,10.31
2015/02/10,10.26,10.35,9.63,10.28,6647361,9.99
2015/02/11,10.20,10.41,10.12,10.14,4455747,10.26
2015/02/12,10.22,10.62,10.16,10.42,5959266,10.39
2015/02/13,10.48,10.65,10.31,10.56,6435921,10.48
2015/02/16,10.60,10.61,10.34,10.40,6779813,10.47
2015/02/17,10.52,10.68,10.22,10.48,6302769,10.45
2015/02/25,10.46,10.46,9.96,10.01,4615759,10.21
2015/02/26,10.00,10.14,9.80,9.94,4315078,9.97
2015/02/27,10.00,10.48,9.95,10.45,6217891,10.21
2015/03/02,10.45,10.60,10.32,10.47,6857458,10.46
2015/03/03,10.55,10.60,10.26,10.27,5715012,10.43
2015/03/04,10.32,10.70,10.22,10.70,5983625,10.46
2015/03/05,10.88,11.04,10.64,10.72,5879299,10.84
2015/03/06,10.72,10.78,10.15,10.18,4828852,10.46
2015/03/09,10.11,10.51,9.91,10.44,3928601,10.21
2015/03/10,10.44,10.84,10.36,10.59,4167435,10.60
2015/03/11,10.62,11.38,10.35,11.29,9572149,10.87
2015/03/12,11.66,12.43,10.98,12.43,15744137,11.71
2015/03/13,11.66,12.43,10.98,12.43,0,11.71
2015/03/16,11.66,12.43,10.98,12.43,0,11.71
2015/03/17,11.66,12.43,10.98,12.43,0,11.71
2015/03/18,11.66,12.43,10.98,12.43,0,11.71
2015/03/19,11.66,12.43,10.98,12.43,0,11.71
2015/03/20,11.66,12.43,10.98,12.43,0,11.71
2015/03/23,11.66,12.43,10.98,12.43,0,11.71
2015/03/24,13.68,13.68,13.68,13.68,184851,13.68
2015/03/25,15.06,15.06,15.06,15.06,418060,15.06
2015/03/26,16.42,16.58,15.56,16.58,20594822,16.07
2015/03/27,15.92,16.74,14.92,15.88,16174139,15.83
2015/03/30,16.27,16.40,14.93,15.19,11289287,15.66
2015/03/31,15.00,16.72,15.00,16.53,12673014,15.86
2015/04/01,16.28,18.20,16.24,17.88,12310539,17.22
2015/04/02,18.20,18.38,16.82,18.38,10891527,17.60
2015/04/03,17.92,20.06,17.74,19.68,9456486,18.90
2015/04/07,19.42,19.72,18.55,19.54,6762203,19.13
2015/04/08,19.88,20.55,18.75,19.46,6602528,19.65
2015/04/09,19.08,20.22,17.66,19.88,10757287,18.94
2015/04/10,19.82,21.75,19.72,21.58,7645160,20.73
2015/04/13,21.88,23.74,21.55,23.74,6083804,22.64
2015/04/14,24.40,24.45,22.15,22.55,6338173,23.30
2015/04/15,21.88,24.41,21.14,22.54,6826506,22.78
2015/04/16,22.26,23.75,21.58,22.11,4357353,22.66
2015/04/17,22.26,23.75,21.58,22.11,0,22.66
2015/04/20,22.26,23.75,21.58,22.11,0,22.66
2015/04/21,22.26,23.75,21.58,22.11,0,22.66
2015/04/22,22.26,23.75,21.58,22.11,0,22.66
2015/04/23,22.26,23.75,21.58,22.11,0,22.66
2015/04/24,22.26,23.75,21.58,22.11,0,22.66
2015/04/27,22.26,23.75,21.58,22.11,0,22.66
2015/04/28,22.26,23.75,21.58,22.11,0,22.66
2015/04/29,22.26,23.75,21.58,22.11,0,22.66
2015/04/30,22.26,23.75,21.58,22.11,0,22.66
2015/05/04,22.26,23.75,21.58,22.11,0,22.66
2015/05/05,22.26,23.75,21.58,22.11,0,22.66
2015/05/06,22.26,23.75,21.58,22.11,0,22.66
2015/05/07,22.26,23.75,21.58,22.11,0,22.66
2015/05/08,22.26,23.75,21.58,22.11,0,22.66
2015/05/11,22.26,23.75,21.58,22.11,0,22.66
2015/05/12,22.26,23.75,21.58,22.11,0,22.66
2015/05/13,22.26,23.75,21.58,22.11,0,22.66
2015/05/14,22.26,23.75,21.58,22.11,0,22.66
2015/05/15,22.26,23.75,21.58,22.11,0,22.66
2015/05/18,24.33,24.33,24.33,24.33,372677,24.38
2015/05/19,26.77,26.77,26.77,26.77,61527,26.82
2015/05/20,29.45,29.45,29.45,29.45,1025631,29.50
2015/05/21,31.95,32.40,31.14,32.40,2988827,32.21
2015/05/22,35.65,35.65,31.96,35.65,20488216,34.67
2015/05/25,33.15,36.72,32.63,33.95,12032908,34.84
2015/05/26,33.95,35.51,33.95,34.50,7101386,34.82
2015/05/27,34.20,34.95,32.77,33.14,7841841,33.50
2015/05/28,33.18,33.94,29.82,30.69,10074771,31.50
2015/05/29,29.85,31.56,27.62,30.95,8809981,29.72
2015/06/01,30.83,34.05,30.45,33.95,9664228,32.36
2015/06/02,32.96,36.95,32.96,36.80,10672242,35.42
2015/06/03,37.05,39.85,35.22,38.95,7305450,37.55
2015/06/04,37.75,40.54,36.45,40.17,12539945,38.95
2015/06/05,39.95,44.19,38.38,44.19,7551578,41.55
2015/06/08,43.95,45.94,39.77,39.77,10171429,41.90
2015/06/09,37.45,41.83,37.13,38.93,5843325,39.16
2015/06/10,38.95,41.45,36.98,39.72,5289366,39.45
2015/06/11,39.80,40.35,37.98,39.87,4514577,39.35
2015/06/12,39.96,42.44,39.95,41.83,5166921,41.84
2015/06/15,41.83,42.95,39.55,42.35,6756016,41.24
2015/06/16,40.97,41.71,38.21,39.25,3605624,39.77
2015/06/17,38.95,39.89,35.45,38.95,3552405,37.68
2015/06/18,38.95,40.95,35.84,35.95,4465800,37.78
2015/06/19,33.45,34.95,32.35,32.35,5457060,32.74
2015/06/23,32.54,33.41,29.11,31.85,6079261,31.12
2015/06/24,32.48,33.48,29.85,30.93,7280143,31.24
2015/06/25,31.13,32.42,28.95,29.94,6766408,31.28
2015/06/26,28.75,28.95,26.94,26.94,6928004,27.61
2015/06/29,27.17,27.55,24.24,24.24,5546085,25.22
2015/06/30,22.25,26.63,21.81,26.53,7251937,24.66
2015/07/01,26.62,27.95,23.87,23.87,6957245,25.91
2015/07/02,26.62,27.95,23.87,23.87,0,25.91
2015/07/03,26.62,27.95,23.87,23.87,0,25.91
2015/07/06,26.62,27.95,23.87,23.87,0,25.91
2015/07/07,26.62,27.95,23.87,23.87,0,25.91
2015/07/08,26.62,27.95,23.87,23.87,0,25.91
2015/07/09,26.62,27.95,23.87,23.87,0,25.91
2015/07/10,26.62,27.95,23.87,23.87,0,25.91
2015/07/13,26.62,27.95,23.87,23.87,0,25.91
2015/07/14,26.62,27.95,23.87,23.87,0,25.91
2015/07/15,26.62,27.95,23.87,23.87,0,25.91
2015/07/16,26.62,27.95,23.87,23.87,0,25.91
2015/07/17,26.62,27.95,23.87,23.87,0,25.91
2015/07/20,26.62,27.95,23.87,23.87,0,25.91
2015/07/21,26.62,27.95,23.87,23.87,0,25.91
2015/07/22,26.62,27.95,23.87,23.87,0,25.91
2015/07/23,26.62,27.95,23.87,23.87,0,25.91
2015/07/24,26.62,27.95,23.87,23.87,0,25.91
2015/07/27,26.62,27.95,23.87,23.87,0,25.91
2015/07/28,26.62,27.95,23.87,23.87,0,25.91
2015/07/29,26.62,27.95,23.87,23.87,0,25.91
2015/07/30,26.62,27.95,23.87,23.87,0,25.91
2015/07/31,26.62,27.95,23.87,23.87,0,25.91
2015/08/03,26.62,27.95,23.87,23.87,0,25.91
2015/08/04,26.62,27.95,23.87,23.87,0,25.91
2015/08/05,26.62,27.95,23.87,23.87,0,25.91
2015/08/06,26.62,27.95,23.87,23.87,0,25.91
2015/08/07,26.62,27.95,23.87,23.87,0,25.91
2015/08/10,26.62,27.95,23.87,23.87,0,25.91
2015/08/11,26.62,27.95,23.87,23.87,0,25.91
2015/08/12,26.62,27.95,23.87,23.87,0,25.91
2015/08/13,26.62,27.95,23.87,23.87,0,25.91
2015/08/14,26.62,27.95,23.87,23.87,0,25.91
2015/08/17,26.62,27.95,23.87,23.87,0,25.91
2015/08/18,26.62,27.95,23.87,23.87,0,25.91
2015/08/19,26.62,27.95,23.87,23.87,0,25.91
2015/08/20,26.62,27.95,23.87,23.87,0,25.91
2015/08/21,26.62,27.95,23.87,23.87,0,25.91
2015/08/24,26.62,27.95,23.87,23.87,0,25.91
2015/08/25,26.62,27.95,23.87,23.87,0,25.91
2015/08/26,26.62,27.95,23.87,23.87,0,25.91
2015/08/27,26.62,27.95,23.87,23.87,0,25.91
2015/08/28,26.62,27.95,23.87,23.87,0,25.91
2015/08/31,26.62,27.95,23.87,23.87,0,25.91
2015/09/01,26.62,27.95,23.87,23.87,0,25.91
2015/09/02,26.62,27.95,23.87,23.87,0,25.91
2015/09/07,26.62,27.95,23.87,23.87,0,25.91
2015/09/08,26.62,27.95,23.87,23.87,0,25.91
2015/09/09,26.62,27.95,23.87,23.87,0,25.91
2015/09/10,26.62,27.95,23.87,23.87,0,25.91
2015/09/11,26.62,27.95,23.87,23.87,0,25.91
2015/09/14,26.62,27.95,23.87,23.87,0,25.91
2015/09/15,26.62,27.95,23.87,23.87,0,25.91
2015/09/16,26.62,27.95,23.87,23.87,0,25.91
2015/09/17,26.62,27.95,23.87,23.87,0,25.91
2015/09/18,26.62,27.95,23.87,23.87,0,25.91
2015/09/21,26.62,27.95,23.87,23.87,0,25.91
2015/09/22,26.62,27.95,23.87,23.87,0,25.91
2015/09/23,26.62,27.95,23.87,23.87,0,25.91
2015/09/24,26.62,27.95,23.87,23.87,0,25.91
2015/09/25,26.62,27.95,23.87,23.87,0,25.91
2015/09/28,26.62,27.95,23.87,23.87,0,25.91
2015/09/29,26.62,27.95,23.87,23.87,0,25.91
2015/09/30,26.62,27.95,23.87,23.87,0,25.91
2015/10/08,26.62,27.95,23.87,23.87,0,25.91
2015/10/09,26.62,27.95,23.87,23.87,0,25.91
2015/10/12,26.62,27.95,23.87,23.87,0,25.91
2015/10/13,26.62,27.95,23.87,23.87,0,25.91
2015/10/14,26.62,27.95,23.87,23.87,0,25.91
2015/10/15,26.62,27.95,23.87,23.87,0,25.91
2015/10/16,26.62,27.95,23.87,23.87,0,25.91
2015/10/19,26.62,27.95,23.87,23.87,0,25.91
2015/10/20,26.62,27.95,23.87,23.87,0,25.91
2015/10/21,26.26,26.26,26.26,26.26,611025,26.31
2015/10/22,28.89,28.89,28.89,28.89,261259,28.94
2015/10/23,31.78,31.78,31.78,31.78,688604,31.83
2015/10/26,34.68,34.96,33.63,34.96,32563599,34.80
2015/10/27,34.45,38.46,33.83,38.46,23380645,36.40
2015/10/28,38.96,39.21,34.61,34.96,14242963,37.06
2015/10/29,34.38,38.46,34.38,38.46,18528572,36.78
2015/10/30,37.53,42.31,37.25,42.15,17647605,41.26
2015/11/02,37.93,44.75,37.93,39.45,17717915,40.48
2015/11/03,40.95,40.95,35.50,36.78,12718269,37.72
2015/11/04,37.72,40.46,37.55,40.46,9619999,39.50
2015/11/05,41.81,42.75,38.83,40.45,13395036,40.93
2015/11/06,39.76,44.50,39.76,44.50,6521133,43.24
2015/11/09,48.96,48.96,48.96,48.96,1534607,49.01
2015/11/10,53.86,53.86,53.86,53.86,306567,53.91
2015/11/11,59.25,59.25,49.98,54.96,24403800,56.52
2015/11/12,54.44,58.95,52.23,56.47,15170759,55.39
2015/11/13,54.95,55.40,50.82,50.82,15468353,52.48
2015/11/16,49.26,55.45,49.25,54.65,11539487,53.60
2015/11/17,55.73,57.75,50.45,52.91,13175803,53.55
2015/11/18,52.95,52.95,49.65,51.28,9083704,51.23
2015/11/19,51.35,54.65,50.13,54.56,7048100,52.53
2015/11/20,54.11,54.60,51.84,52.36,6907204,52.79
2015/11/23,51.35,55.61,50.46,53.00,8650653,53.13
2015/11/24,52.45,53.09,49.85,51.38,7266704,51.04
2015/11/25,50.55,53.48,50.08,53.06,6595716,52.32
2015/11/26,53.94,58.37,52.00,54.96,13464315,56.30
2015/11/27,53.63,53.94,49.75,50.55,10095884,51.56
2015/11/30,50.75,53.08,45.49,47.83,12487897,47.76
2015/12/01,46.83,46.83,43.04,43.04,11670961,44.18
2015/12/02,41.86,43.20,39.46,42.95,7342543,42.00
2015/12/03,43.45,44.55,42.19,43.58,9536194,43.41
2015/12/04,43.34,45.85,42.80,42.95,8930390,44.42
2015/12/07,43.88,46.95,41.95,44.75,7496071,44.76
2015/12/08,43.95,44.38,42.95,43.66,4838348,43.81
2015/12/09,43.15,44.33,42.45,43.84,4020951,43.46
2015/12/10,43.15,43.75,41.65,42.45,4880033,42.79
2015/12/11,42.33,42.64,39.83,39.94,4806941,41.03
2015/12/14,38.93,41.53,38.46,40.65,4831702,40.45
2015/12/15,40.84,42.71,40.75,41.22,4795550,42.04
2015/12/16,41.78,45.35,41.78,45.35,3896231,44.86
2015/12/17,46.75,49.89,46.45,49.89,15908429,49.30
2015/12/18,49.50,50.45,48.60,48.80,9698491,49.59
2015/12/21,47.85,49.40,46.87,47.95,6347569,48.31
2015/12/22,47.16,49.45,47.16,48.64,5260569,48.73
2015/12/23,48.95,49.13,45.60,45.95,4890264,47.15
2015/12/24,45.55,47.42,45.55,46.43,3720559,46.44
2015/12/25,46.15,50.20,46.13,48.53,5188091,48.66
2015/12/28,48.53,49.45,46.16,46.95,4648049,47.66
2015/12/29,46.45,47.75,45.70,47.14,2561180,46.76
2015/12/30,47.85,48.80,47.08,48.15,2961449,48.07
2015/12/31,48.15,48.43,45.43,47.02,4940894,46.54
2016/01/04,45.95,46.55,42.31,42.31,3805958,43.28
2016/01/05,38.07,42.55,38.07,38.07,9823584,38.97
2016/01/06,38.45,39.30,35.83,38.61,6355930,37.53
2016/01/07,37.45,37.45,34.74,34.74,762000,35.89
2016/01/08,35.30,35.75,31.45,32.86,8339018,33.36
2016/01/11,31.55,33.67,29.95,29.95,9284196,31.80
2016/01/12,30.63,32.45,30.25,31.01,10053885,31.42
2016/01/13,31.57,31.88,27.90,27.92,5960861,30.13
2016/01/14,25.84,30.72,25.75,30.72,8958579,28.92
2016/01/15,30.23,32.45,29.61,30.13,9222040,31.23
2016/01/18,29.01,33.15,28.96,32.75,8513356,31.67
2016/01/19,33.15,36.03,32.33,34.67,8395584,34.21
2016/01/20,34.75,36.55,33.25,34.94,5942292,35.04
2016/01/21,34.79,34.85,31.44,31.51,5966975,33.43
2016/01/22,32.41,33.07,30.10,33.07,5618599,31.66
2016/01/25,33.95,34.55,32.72,33.17,4779908,33.77
2016/01/26,32.85,32.95,29.85,29.85,3889786,31.35
2016/01/27,30.02,30.54,27.14,29.95,5774392,29.02
2016/01/28,28.93,29.69,26.95,27.05,3696474,28.51
2016/01/29,27.03,29.61,25.77,28.67,5810727,27.59
2016/02/01,28.75,29.89,27.15,28.21,4513136,28.61
2016/02/02,28.00,30.89,28.00,30.33,3931560,30.00
2016/02/03,29.99,32.45,29.75,32.14,4256919,31.01
2016/02/04,31.87,35.36,31.83,35.36,2945881,34.35
2016/02/05,36.06,36.93,33.42,34.63,5306778,34.83
2016/02/15,33.95,36.53,33.53,35.24,4622852,35.01
2016/02/16,35.30,36.55,35.26,36.30,6223125,36.20
2016/02/17,36.19,36.55,34.39,35.55,4926229,35.45
2016/02/18,35.83,36.12,33.75,34.02,7346904,34.56
2016/02/19,33.73,34.95,33.63,34.35,5652419,34.30
2016/02/22,34.95,35.50,33.83,35.05,9638749,34.67
2016/02/23,35.06,35.07,31.54,31.80,10234425,32.96
2016/02/24,31.73,31.75,29.21,30.60,10520323,30.54
2016/02/25,30.07,31.19,27.54,27.54,10287848,29.08
2016/02/26,27.84,28.33,25.93,27.51,8529199,27.44
2016/02/29,27.84,28.33,25.93,27.51,0,27.13
2016/03/01,27.84,28.33,25.93,27.51,0,27.13
2016/03/02,27.84,28.33,25.93,27.51,0,27.13
2016/03/03,27.84,28.33,25.93,27.51,0,27.13
2016/03/04,27.84,28.33,25.93,27.51,0,27.13
2016/03/07,27.84,28.33,25.93,27.51,0,27.13
2016/03/08,27.84,28.33,25.93,27.51,0,27.13
2016/03/09,27.84,28.33,25.93,27.51,0,27.13
2016/03/10,27.84,28.33,25.93,27.51,0,27.13
2016/03/11,27.84,28.33,25.93,27.51,0,27.13
2016/03/14,27.84,28.33,25.93,27.51,0,27.13
2016/03/15,27.84,28.33,25.93,27.51,0,27.13
2016/03/16,27.84,28.33,25.93,27.51,0,27.13
2016/03/17,27.84,28.33,25.93,27.51,0,27.13
2016/03/18,27.84,28.33,25.93,27.51,0,27.13
2016/03/21,27.84,28.33,25.93,27.51,0,27.13
2016/03/22,27.84,28.33,25.93,27.51,0,27.13
2016/03/23,27.84,28.33,25.93,27.51,0,27.13
2016/03/24,27.84,28.33,25.93,27.51,0,27.13
2016/03/25,27.84,28.33,25.93,27.51,0,27.13
2016/03/28,27.84,28.33,25.93,27.51,0,27.13
2016/03/29,27.84,28.33,25.93,27.51,0,27.13
2016/03/30,27.84,28.33,25.93,27.51,0,27.13
2016/03/31,27.84,28.33,25.93,27.51,0,27.13
2016/04/01,27.84,28.33,25.93,27.51,0,27.13
2016/04/05,27.84,28.33,25.93,27.51,0,27.13
2016/04/06,27.84,28.33,25.93,27.51,0,27.13
2016/04/07,27.84,28.33,25.93,27.51,0,27.13
2016/04/08,27.84,28.33,25.93,27.51,0,27.13
2016/04/11,27.84,28.33,25.93,27.51,0,27.13
2016/04/12,27.84,28.33,25.93,27.51,0,27.13
2016/04/13,27.84,28.33,25.93,27.51,0,27.13
2016/04/14,27.84,28.33,25.93,27.51,0,27.13
2016/04/15,27.84,28.33,25.93,27.51,0,27.13
2016/04/18,27.84,28.33,25.93,27.51,0,27.13
2016/04/19,27.84,28.33,25.93,27.51,0,27.13
2016/04/20,27.84,28.33,25.93,27.51,0,27.13
2016/04/21,27.84,28.33,25.93,27.51,0,27.13
2016/04/22,27.84,28.33,25.93,27.51,0,27.13
2016/04/25,27.84,28.33,25.93,27.51,0,27.13
2016/04/26,27.84,28.33,25.93,27.51,0,27.13
2016/04/27,27.84,28.33,25.93,27.51,0,27.13
2016/04/28,27.84,28.33,25.93,27.51,0,27.13
2016/04/29,27.84,28.33,25.93,27.51,0,27.13
2016/05/03,27.84,28.33,25.93,27.51,0,27.13
2016/05/04,27.84,28.33,25.93,27.51,0,27.13
2016/05/05,27.84,28.33,25.93,27.51,0,27.13
2016/05/06,27.84,28.33,25.93,27.51,0,27.13
2016/05/09,27.84,28.33,25.93,27.51,0,27.13
2016/05/10,27.84,28.33,25.93,27.51,0,27.13
2016/05/11,27.84,28.33,25.93,27.51,0,27.13
2016/05/12,27.84,28.33,25.93,27.51,0,27.13
2016/05/13,27.84,28.33,25.93,27.51,0,27.13
2016/05/16,27.84,28.33,25.93,27.51,0,27.13
2016/05/17,27.84,28.33,25.93,27.51,0,27.13
2016/05/18,27.84,28.33,25.93,27.51,0,27.13
2016/05/19,27.84,28.33,25.93,27.51,0,27.13
2016/05/20,27.84,28.33,25.93,27.51,0,27.13
2016/05/23,27.84,28.33,25.93,27.51,0,27.13
2016/05/24,27.84,28.33,25.93,27.51,0,27.13
2016/05/25,27.84,28.33,25.93,27.51,0,27.13
2016/05/26,27.84,28.33,25.93,27.51,0,27.13
2016/05/27,27.84,28.33,25.93,27.51,0,27.13
2016/05/30,27.84,28.33,25.93,27.51,0,27.13
2016/05/31,27.84,28.33,25.93,27.51,0,27.13
2016/06/01,27.84,28.33,25.93,27.51,0,27.13
2016/06/02,27.84,28.33,25.93,27.51,0,27.13
2016/06/03,27.84,28.33,25.93,27.51,0,27.13
2016/06/06,27.84,28.33,25.93,27.51,0,27.13
2016/06/07,27.84,28.33,25.93,27.51,0,27.13
2016/06/08,27.84,28.33,25.93,27.51,0,27.13
2016/06/13,27.84,28.33,25.93,27.51,0,27.13
2016/06/14,27.84,28.33,25.93,27.51,0,27.13
2016/06/15,27.84,28.33,25.93,27.51,0,27.13
2016/06/16,27.84,28.33,25.93,27.51,0,27.13
2016/06/17,27.84,28.33,25.93,27.51,0,27.13
2016/06/20,27.84,28.33,25.93,27.51,0,27.13
2016/06/21,27.84,28.33,25.93,27.51,0,27.13
2016/06/22,27.84,28.33,25.93,27.51,0,27.13
2016/06/23,27.84,28.33,25.93,27.51,0,27.13
2016/06/24,27.84,28.33,25.93,27.51,0,27.13
2016/06/27,27.84,28.33,25.93,27.51,0,27.13
2016/06/28,27.84,28.33,25.93,27.51,0,27.13
2016/06/29,27.84,28.33,25.93,27.51,0,27.13
2016/06/30,27.84,28.33,25.93,27.51,0,27.13
2016/07/01,27.84,28.33,25.93,27.51,0,27.13
2016/07/04,27.84,28.33,25.93,27.51,0,27.13
2016/07/05,27.84,28.33,25.93,27.51,0,27.13
2016/07/06,27.84,28.33,25.93,27.51,0,27.13
2016/07/07,27.84,28.33,25.93,27.51,0,27.13
2016/07/08,27.84,28.33,25.93,27.51,0,27.13
2016/07/11,27.84,28.33,25.93,27.51,0,27.13
2016/07/12,27.84,28.33,25.93,27.51,0,27.13
2016/07/13,27.84,28.33,25.93,27.51,0,27.13
2016/07/14,27.84,28.33,25.93,27.51,0,27.13
2016/07/15,27.84,28.33,25.93,27.51,0,27.13
2016/07/18,27.84,28.33,25.93,27.51,0,27.13
2016/07/19,27.84,28.33,25.93,27.51,0,27.13
2016/07/20,27.84,28.33,25.93,27.51,0,27.13
2016/07/21,27.84,28.33,25.93,27.51,0,27.13
2016/07/22,27.84,28.33,25.93,27.51,0,27.13
2016/07/25,27.84,28.33,25.93,27.51,0,27.13
2016/07/26,27.84,28.33,25.93,27.51,0,27.13
2016/07/27,27.84,28.33,25.93,27.51,0,27.13
2016/07/28,27.84,28.33,25.93,27.51,0,27.13
2016/07/29,27.84,28.33,25.93,27.51,0,27.13
2016/08/01,27.84,28.33,25.93,27.51,0,27.13
2016/08/02,27.84,28.33,25.93,27.51,0,27.13
2016/08/03,27.84,28.33,25.93,27.51,0,27.13
2016/08/04,27.84,28.33,25.93,27.51,0,27.13
2016/08/05,27.84,28.33,25.93,27.51,0,27.13
2016/08/08,27.84,28.33,25.93,27.51,0,27.13
2016/08/09,27.84,28.33,25.93,27.51,0,27.13
