Date, SZ300135.Open, SZ300135.High, SZ300135.Low, SZ300135.Close, SZ300135.Volume, SZ300135.Adjusted
2010/10/26,3.31,3.46,3.31,3.34,11286979,3.39
2010/10/27,3.24,3.42,3.22,3.30,4429599,3.32
2010/10/28,3.28,3.65,3.28,3.60,6605179,3.46
2010/10/29,3.56,3.75,3.53,3.65,4880395,3.64
2010/11/01,3.69,3.88,3.59,3.77,3976473,3.73
2010/11/02,3.72,3.76,3.55,3.55,3965989,3.65
2010/11/03,3.51,3.54,3.38,3.40,2201583,3.46
2010/11/04,3.43,3.57,3.41,3.56,1790817,3.49
2010/11/05,3.56,3.62,3.50,3.58,1627382,3.56
2010/11/08,3.58,3.87,3.56,3.81,3035787,3.72
2010/11/09,3.79,4.01,3.72,3.97,3334118,3.86
2010/11/10,3.99,4.15,3.99,4.03,2297663,4.07
2010/11/11,3.98,4.30,3.98,4.14,2693267,4.14
2010/11/12,4.12,4.31,3.91,4.01,2893488,4.11
2010/11/15,4.04,4.29,4.04,4.26,2356206,4.17
2010/11/16,4.20,4.68,4.20,4.60,2850486,4.44
2010/11/17,4.53,4.68,4.13,4.27,1717151,4.40
2010/11/18,4.53,4.68,4.13,4.27,0,4.40
2010/11/19,4.35,4.56,4.33,4.49,1586289,4.44
2010/11/22,4.46,4.74,4.31,4.40,2111698,4.52
2010/11/23,4.33,4.62,4.33,4.57,1106693,4.48
2010/11/24,4.57,4.61,4.47,4.56,880801,4.54
2010/11/25,4.56,4.72,4.33,4.40,1671694,4.52
2010/11/26,4.33,4.45,4.33,4.38,876006,4.39
2010/11/29,4.41,4.44,4.36,4.39,1256843,4.40
2010/11/30,4.41,4.41,3.98,4.07,2508557,4.20
2010/12/01,4.07,4.13,3.98,4.08,972002,4.05
2010/12/02,4.11,4.23,4.09,4.10,1182831,4.16
2010/12/03,4.09,4.09,3.98,4.08,730198,4.03
2010/12/06,4.08,4.08,3.94,3.96,615424,4.01
2010/12/07,3.96,4.16,3.96,4.15,793612,4.06
2010/12/08,4.13,4.18,4.06,4.08,604989,4.12
2010/12/09,4.07,4.13,3.99,4.00,548866,4.06
2010/12/10,4.00,4.09,3.94,4.07,490584,4.01
2010/12/13,4.14,4.32,4.09,4.28,919482,4.21
2010/12/14,4.28,4.32,4.21,4.26,609591,4.27
2010/12/15,4.24,4.27,4.15,4.18,560902,4.21
2010/12/16,4.16,4.21,4.16,4.18,490866,4.19
2010/12/17,4.16,4.21,4.16,4.18,0,4.19
2010/12/20,4.25,4.31,3.96,4.13,956452,4.13
2010/12/21,4.13,4.16,4.03,4.04,1515609,4.10
2010/12/22,4.05,4.10,4.02,4.05,982743,4.06
2010/12/23,4.07,4.07,3.91,3.92,865840,3.99
2010/12/24,3.93,3.93,3.74,3.77,1256345,3.84
2010/12/27,3.77,3.85,3.60,3.60,732485,3.73
2010/12/28,3.56,3.71,3.56,3.67,541004,3.64
2010/12/29,3.71,3.75,3.66,3.74,425146,3.71
2010/12/30,3.74,3.75,3.65,3.71,392451,3.70
2010/12/31,3.71,3.80,3.68,3.80,360718,3.74
2011/01/04,3.81,3.95,3.79,3.90,839740,3.87
2011/01/05,3.94,3.94,3.86,3.90,525579,3.90
2011/01/06,3.90,3.90,3.80,3.80,537291,3.85
2011/01/07,3.79,3.82,3.72,3.72,516590,3.77
2011/01/10,3.74,3.74,3.62,3.62,450572,3.68
2011/01/11,3.53,3.60,3.53,3.58,548807,3.56
2011/01/12,3.58,3.68,3.58,3.68,567957,3.63
2011/01/13,3.69,3.72,3.66,3.67,269948,3.69
2011/01/14,3.67,3.68,3.51,3.55,530447,3.59
2011/01/17,3.52,3.59,3.44,3.44,410809,3.51
2011/01/18,3.45,3.47,3.39,3.46,276698,3.43
2011/01/19,3.45,3.54,3.43,3.54,367988,3.49
2011/01/20,3.54,3.55,3.41,3.42,507699,3.48
2011/01/21,3.39,3.50,3.39,3.47,225303,3.45
2011/01/24,3.47,3.48,3.30,3.31,324200,3.39
2011/01/25,3.30,3.31,3.20,3.27,339456,3.26
2011/01/26,3.25,3.27,3.11,3.23,2285085,3.19
2011/01/27,3.19,3.36,3.16,3.34,1394692,3.26
2011/01/28,3.34,3.37,3.28,3.34,735128,3.32
2011/01/31,3.32,3.44,3.30,3.41,705634,3.37
2011/02/01,3.41,3.42,3.34,3.35,542521,3.38
2011/02/09,3.30,3.40,3.30,3.32,432507,3.35
2011/02/10,3.32,3.46,3.30,3.45,675471,3.38
2011/02/11,3.46,3.81,3.45,3.81,2172007,3.63
2011/02/14,3.88,4.11,3.82,3.98,2911178,3.97
2011/02/15,3.94,4.07,3.92,4.02,1444592,4.00
2011/02/16,4.02,4.15,3.97,4.12,1358380,4.06
2011/02/17,4.16,4.17,3.98,4.04,1311544,4.07
2011/02/18,4.04,4.04,3.91,3.94,1112731,3.98
2011/02/21,4.03,4.19,3.96,4.14,1353193,4.08
2011/02/22,4.16,4.16,3.81,3.94,1827972,3.99
2011/02/23,3.96,4.13,3.94,4.00,1252414,4.03
2011/02/24,4.00,4.07,3.92,3.93,1048715,4.00
2011/02/25,3.93,3.97,3.83,3.97,556079,3.90
2011/02/28,3.93,3.97,3.83,3.97,0,3.90
2011/03/01,4.06,4.06,3.88,3.90,726237,3.97
2011/03/02,3.85,3.88,3.76,3.81,955702,3.82
2011/03/03,3.84,4.21,3.84,4.05,3254246,4.02
2011/03/04,4.11,4.16,3.98,4.05,1839201,4.07
2011/03/07,4.04,4.08,3.98,4.07,1282161,4.03
2011/03/08,4.06,4.07,3.98,4.03,818229,4.03
2011/03/09,4.03,4.20,4.00,4.08,1389518,4.10
2011/03/10,4.07,4.33,4.07,4.26,2198776,4.20
2011/03/11,4.22,4.28,4.16,4.19,880614,4.22
2011/03/14,4.16,4.26,4.07,4.19,674461,4.17
2011/03/15,4.19,4.32,4.10,4.24,1055389,4.21
2011/03/16,4.24,4.29,4.18,4.24,585127,4.23
2011/03/17,4.23,4.23,4.08,4.10,1141520,4.16
2011/03/18,4.15,4.20,4.10,4.11,451083,4.15
2011/03/21,4.08,4.14,3.99,4.11,482550,4.06
2011/03/22,4.12,4.29,4.12,4.21,895037,4.21
2011/03/23,4.18,4.24,4.11,4.12,783422,4.18
2011/03/24,4.14,4.21,4.10,4.13,369556,4.15
2011/03/25,4.12,4.19,4.12,4.16,506267,4.16
2011/03/28,4.21,4.24,4.08,4.08,504343,4.16
2011/03/29,4.08,4.14,3.83,3.83,1106508,3.98
2011/03/30,3.84,3.84,3.68,3.81,758520,3.76
2011/03/31,3.80,3.81,3.67,3.81,422303,3.74
2011/04/01,3.76,3.86,3.76,3.83,324058,3.81
2011/04/06,3.81,3.87,3.65,3.71,516843,3.76
2011/04/07,3.71,3.74,3.65,3.70,542900,3.70
2011/04/08,3.69,3.75,3.66,3.72,372507,3.71
2011/04/11,3.72,3.75,3.68,3.68,380470,3.72
2011/04/12,3.66,3.69,3.64,3.64,304704,3.67
2011/04/13,3.59,3.68,3.59,3.66,438688,3.64
2011/04/14,3.65,3.67,3.51,3.52,794932,3.59
2011/04/15,3.52,3.63,3.52,3.54,505653,3.57
2011/04/18,3.54,3.61,3.54,3.60,346425,3.57
2011/04/19,3.66,3.66,3.51,3.51,911046,3.58
2011/04/20,3.53,3.59,3.51,3.55,454502,3.55
2011/04/21,3.53,3.65,3.53,3.58,723906,3.59
2011/04/22,3.58,3.64,3.53,3.55,566318,3.58
2011/04/25,3.56,3.56,3.30,3.42,1042255,3.43
2011/04/26,3.42,3.42,3.29,3.30,568711,3.35
2011/04/27,3.29,3.34,3.27,3.29,313029,3.30
2011/04/28,3.29,3.32,3.13,3.16,585695,3.22
2011/04/29,3.14,3.19,3.12,3.17,304999,3.16
2011/05/03,3.16,3.24,3.15,3.23,314571,3.20
2011/05/04,3.23,3.24,3.18,3.18,221625,3.21
2011/05/05,3.18,3.31,3.18,3.28,309836,3.25
2011/05/06,3.28,3.31,3.22,3.29,229441,3.27
2011/05/09,3.28,3.31,3.22,3.29,0,3.27
2011/05/10,3.30,3.37,3.25,3.29,255248,3.31
2011/05/11,3.29,3.30,3.25,3.28,186255,3.27
2011/05/12,3.28,3.28,3.16,3.16,356967,3.22
2011/05/13,3.16,3.18,3.12,3.18,181570,3.15
2011/05/16,3.17,3.20,3.03,3.11,365613,3.11
2011/05/17,3.11,3.21,3.09,3.19,365234,3.15
2011/05/18,3.19,3.21,3.13,3.17,129630,3.17
2011/05/19,3.18,3.21,3.16,3.19,229718,3.19
2011/05/20,3.20,3.20,3.12,3.17,206463,3.16
2011/05/23,3.10,3.12,2.84,2.84,701544,2.98
2011/05/24,2.82,3.04,2.74,2.91,956360,2.89
2011/05/25,2.86,2.90,2.68,2.73,654001,2.79
2011/05/26,2.76,2.77,2.62,2.64,701258,2.70
2011/05/27,2.65,2.65,2.54,2.58,544856,2.59
2011/05/30,2.59,2.72,2.59,2.61,783068,2.66
2011/05/31,2.65,2.74,2.65,2.72,763576,2.70
2011/06/01,2.73,2.74,2.66,2.70,700450,2.70
2011/06/02,2.67,2.68,2.62,2.66,398696,2.65
2011/06/03,2.70,2.70,2.61,2.69,418169,2.66
2011/06/07,2.70,2.76,2.67,2.70,396140,2.71
2011/06/08,2.68,2.72,2.61,2.65,463336,2.67
2011/06/09,2.63,2.67,2.55,2.56,649347,2.61
2011/06/10,2.57,2.57,2.45,2.50,530995,2.51
2011/06/13,2.50,2.52,2.43,2.48,545819,2.48
2011/06/14,2.47,2.53,2.46,2.52,531568,2.49
2011/06/15,2.52,2.52,2.46,2.46,277628,2.49
2011/06/16,2.43,2.49,2.41,2.44,497491,2.45
2011/06/17,2.44,2.46,2.37,2.37,409205,2.42
2011/06/20,2.38,2.40,2.29,2.33,636700,2.34
2011/06/21,2.34,2.41,2.29,2.34,568664,2.35
2011/06/22,2.33,2.35,2.30,2.31,418560,2.32
2011/06/23,2.29,2.41,2.27,2.40,1060515,2.34
2011/06/24,2.39,2.49,2.38,2.47,1413955,2.44
2011/06/27,2.49,2.56,2.49,2.52,904451,2.53
2011/06/28,2.52,2.58,2.46,2.56,865371,2.52
2011/06/29,2.56,2.73,2.53,2.64,1811196,2.63
2011/06/30,2.63,2.67,2.61,2.63,907770,2.64
2011/07/01,2.64,2.71,2.63,2.64,895740,2.67
2011/07/04,2.69,2.69,2.64,2.67,1027027,2.67
2011/07/05,2.68,2.69,2.62,2.66,1039043,2.66
2011/07/06,2.66,2.72,2.61,2.71,1371015,2.67
2011/07/07,2.71,2.79,2.69,2.71,1444926,2.74
2011/07/08,2.69,2.76,2.65,2.65,1097807,2.70
2011/07/11,2.65,2.79,2.63,2.74,1042818,2.71
2011/07/12,2.71,2.71,2.64,2.65,653774,2.68
2011/07/13,2.65,2.73,2.65,2.72,876310,2.69
2011/07/14,2.72,2.85,2.70,2.84,1797299,2.78
2011/07/15,2.82,2.97,2.81,2.89,1648818,2.89
2011/07/18,2.90,2.94,2.79,2.80,1646990,2.86
2011/07/19,2.78,2.80,2.74,2.75,723354,2.77
2011/07/20,2.75,2.82,2.67,2.82,1169417,2.74
2011/07/21,2.81,2.81,2.73,2.73,588200,2.77
2011/07/22,2.81,2.81,2.73,2.73,0,2.77
2011/07/25,2.64,2.64,2.44,2.44,3575410,2.54
2011/07/26,2.37,2.41,2.31,2.37,2026368,2.36
2011/07/27,2.33,2.44,2.32,2.40,1492530,2.38
2011/07/28,2.40,2.40,2.33,2.36,1348222,2.36
2011/07/29,2.35,2.39,2.33,2.35,784280,2.36
2011/08/01,2.35,2.39,2.33,2.37,825397,2.36
2011/08/02,2.36,2.54,2.31,2.54,2449518,2.43
2011/08/03,2.47,2.65,2.44,2.57,2776221,2.54
2011/08/04,2.54,2.60,2.48,2.50,1694990,2.54
2011/08/05,2.37,2.46,2.35,2.41,992553,2.41
2011/08/08,2.37,2.38,2.18,2.20,1579198,2.28
2011/08/09,2.11,2.23,2.09,2.19,930622,2.16
2011/08/10,2.25,2.26,2.20,2.21,700252,2.23
2011/08/11,2.14,2.33,2.14,2.32,1098435,2.24
2011/08/12,2.32,2.41,2.29,2.40,1614213,2.35
2011/08/15,2.40,2.46,2.40,2.45,1070254,2.43
2011/08/16,2.45,2.50,2.41,2.45,1158429,2.46
2011/08/17,2.46,2.53,2.42,2.51,1443023,2.47
2011/08/18,2.50,2.50,2.39,2.40,851888,2.45
2011/08/19,2.32,2.41,2.32,2.41,684013,2.36
2011/08/22,2.39,2.46,2.39,2.44,972632,2.43
2011/08/23,2.45,2.61,2.45,2.60,2414574,2.53
2011/08/24,2.60,2.64,2.56,2.59,2071100,2.60
2011/08/25,2.60,2.61,2.50,2.53,2344936,2.55
2011/08/26,2.53,2.59,2.53,2.58,1278364,2.56
2011/08/29,2.57,2.59,2.52,2.53,1290616,2.55
2011/08/30,2.56,2.57,2.43,2.43,1442119,2.50
2011/08/31,2.43,2.46,2.35,2.43,891109,2.41
2011/09/01,2.43,2.46,2.35,2.43,0,2.41
2011/09/02,2.39,2.43,2.37,2.40,472974,2.40
2011/09/05,2.35,2.38,2.30,2.31,462280,2.34
2011/09/06,2.31,2.35,2.26,2.31,354523,2.30
2011/09/07,2.30,2.38,2.30,2.38,590185,2.34
2011/09/08,2.40,2.40,2.32,2.32,609719,2.36
2011/09/09,2.32,2.35,2.31,2.31,215461,2.33
2011/09/13,2.23,2.30,2.23,2.29,300432,2.26
2011/09/14,2.29,2.31,2.23,2.30,254415,2.27
2011/09/15,2.31,2.36,2.28,2.30,428007,2.32
2011/09/16,2.33,2.34,2.29,2.31,326898,2.31
2011/09/19,2.31,2.31,2.21,2.21,428812,2.26
2011/09/20,2.25,2.25,2.19,2.21,153845,2.22
2011/09/21,2.23,2.30,2.19,2.30,727371,2.24
2011/09/22,2.27,2.29,2.22,2.23,557658,2.26
2011/09/23,2.17,2.21,2.16,2.17,529610,2.19
2011/09/26,2.16,2.19,2.14,2.14,254024,2.17
2011/09/27,2.17,2.18,2.13,2.16,343629,2.16
2011/09/28,2.20,2.20,2.13,2.13,295012,2.17
2011/09/29,2.13,2.13,2.03,2.04,611363,2.08
2011/09/30,2.06,2.06,1.99,2.02,297638,2.03
2011/10/10,2.04,2.04,2.02,2.03,245777,2.03
2011/10/11,2.09,2.09,1.99,2.03,274918,2.04
2011/10/12,2.01,2.10,2.00,2.10,524567,2.05
2011/10/13,2.10,2.15,2.08,2.11,536098,2.11
2011/10/14,2.11,2.12,2.08,2.11,477458,2.10
2011/10/17,2.13,2.17,2.11,2.17,752825,2.14
2011/10/18,2.16,2.17,2.08,2.08,539025,2.13
2011/10/19,2.09,2.13,2.07,2.09,391536,2.10
2011/10/20,2.06,2.10,2.00,2.00,387790,2.05
2011/10/21,2.02,2.03,1.88,1.90,407441,1.95
2011/10/24,1.95,1.95,1.81,1.88,789630,1.88
2011/10/25,1.88,1.95,1.85,1.93,1128429,1.90
2011/10/26,1.91,2.02,1.90,1.97,1582686,1.96
2011/10/27,1.97,2.00,1.95,1.95,837142,1.97
2011/10/28,1.98,2.01,1.96,2.01,953560,1.98
2011/10/31,2.01,2.11,2.01,2.11,2020583,2.06
2011/11/01,2.13,2.33,2.13,2.33,1954010,2.23
2011/11/02,2.40,2.47,2.37,2.44,7407111,2.42
2011/11/03,2.41,2.63,2.39,2.48,6132473,2.51
2011/11/04,2.45,2.55,2.41,2.55,5880629,2.48
2011/11/07,2.58,2.79,2.53,2.71,8122454,2.66
2011/11/08,2.71,2.71,2.53,2.56,7016266,2.62
2011/11/09,2.53,2.62,2.48,2.61,5858597,2.55
2011/11/10,2.56,2.64,2.53,2.55,5547335,2.58
2011/11/11,2.55,2.58,2.48,2.51,3430015,2.53
2011/11/14,2.54,2.60,2.51,2.57,4314137,2.55
2011/11/15,2.57,2.62,2.54,2.60,3830401,2.58
2011/11/16,2.58,2.62,2.43,2.45,3919616,2.53
2011/11/17,2.45,2.50,2.41,2.46,2282700,2.46
2011/11/18,2.45,2.46,2.37,2.37,1823354,2.42
2011/11/21,2.37,2.42,2.36,2.42,1650163,2.39
2011/11/22,2.40,2.61,2.38,2.60,8019944,2.49
2011/11/23,2.59,2.73,2.55,2.68,9006768,2.64
2011/11/24,2.63,2.94,2.61,2.84,10775829,2.77
2011/11/25,2.81,2.89,2.76,2.78,6427609,2.82
2011/11/28,2.78,2.81,2.65,2.79,4899622,2.73
2011/11/29,2.79,2.90,2.72,2.80,5406399,2.81
2011/11/30,2.79,2.86,2.60,2.71,4985749,2.73
2011/12/01,2.79,2.90,2.75,2.88,6958704,2.82
2011/12/02,2.86,2.88,2.66,2.68,4319280,2.77
2011/12/05,2.62,2.66,2.46,2.49,3630055,2.56
2011/12/06,2.49,2.62,2.47,2.60,3460477,2.55
2011/12/07,2.57,2.61,2.55,2.60,2581376,2.58
2011/12/08,2.59,2.66,2.46,2.59,3367712,2.56
2011/12/09,2.54,2.59,2.48,2.51,2185659,2.53
2011/12/12,2.48,2.53,2.46,2.47,1396401,2.49
2011/12/13,2.45,2.46,2.33,2.33,2230897,2.40
2011/12/14,2.30,2.42,2.30,2.32,1835630,2.36
2011/12/15,2.30,2.40,2.25,2.35,2132414,2.32
2011/12/16,2.34,2.57,2.30,2.52,2945612,2.43
2011/12/19,2.34,2.57,2.30,2.52,0,2.43
2011/12/20,2.53,2.64,2.49,2.51,5392333,2.57
2011/12/21,2.52,2.54,2.39,2.39,3046743,2.47
2011/12/22,2.39,2.39,2.16,2.21,3519260,2.28
2011/12/23,2.21,2.28,2.18,2.20,1621270,2.23
2011/12/26,2.15,2.24,2.12,2.17,1412656,2.18
2011/12/27,2.13,2.27,2.11,2.20,2511318,2.19
2011/12/28,2.16,2.19,1.96,2.02,3507985,2.07
2011/12/29,1.96,2.03,1.96,1.99,1433454,1.99
2011/12/30,2.02,2.06,1.99,2.02,1289064,2.03
2012/01/04,2.04,2.09,1.98,1.98,1273359,2.03
2012/01/05,1.98,2.01,1.81,1.82,2020086,1.91
2012/01/06,1.78,1.88,1.78,1.86,1509326,1.83
2012/01/09,1.86,2.06,1.83,2.06,2785139,1.95
2012/01/10,2.07,2.16,2.05,2.12,3656429,2.10
2012/01/11,2.18,2.22,2.12,2.19,3191491,2.17
2012/01/12,2.15,2.21,2.12,2.15,2326274,2.17
2012/01/13,2.14,2.16,2.00,2.04,2271444,2.08
2012/01/16,2.03,2.08,2.00,2.01,1610430,2.04
2012/01/17,1.98,2.19,1.98,2.19,2739262,2.08
2012/01/18,2.20,2.23,2.07,2.09,1978354,2.15
2012/01/19,2.09,2.16,2.09,2.15,1378646,2.13
2012/01/20,2.15,2.18,2.14,2.16,1407215,2.16
2012/01/30,2.16,2.19,2.13,2.13,802754,2.16
2012/01/31,2.09,2.11,1.97,2.07,1861909,2.04
2012/02/01,2.04,2.15,2.01,2.08,1361563,2.08
2012/02/02,2.07,2.15,2.06,2.15,822379,2.10
2012/02/03,2.13,2.27,2.12,2.23,2672899,2.20
2012/02/06,2.21,2.32,2.18,2.31,3249516,2.25
2012/02/07,2.28,2.32,2.23,2.31,1959977,2.27
2012/02/08,2.28,2.35,2.27,2.32,1929960,2.31
2012/02/09,2.33,2.41,2.31,2.33,2864529,2.36
2012/02/10,2.29,2.39,2.29,2.35,1474319,2.34
2012/02/13,2.33,2.41,2.31,2.39,1856615,2.36
2012/02/14,2.38,2.45,2.36,2.43,3512716,2.41
2012/02/15,2.44,2.54,2.42,2.53,5489075,2.48
2012/02/16,2.60,2.60,2.45,2.49,4009543,2.53
2012/02/17,2.50,2.71,2.49,2.49,12924329,2.60
2012/02/20,2.56,2.56,2.49,2.50,5476410,2.53
2012/02/21,2.49,2.62,2.49,2.61,7617327,2.56
2012/02/22,2.63,2.89,2.61,2.77,11220012,2.75
2012/02/23,2.73,2.82,2.68,2.73,6439244,2.75
2012/02/24,2.73,2.79,2.70,2.74,4352944,2.75
2012/02/27,2.75,2.79,2.70,2.72,7131099,2.75
2012/02/28,2.70,2.73,2.63,2.69,4610944,2.68
2012/02/29,2.66,2.68,2.52,2.54,5737443,2.60
2012/03/01,2.53,2.56,2.52,2.54,3299840,2.54
2012/03/02,2.54,2.59,2.54,2.59,4907442,2.56
2012/03/05,2.59,2.64,2.56,2.59,4176649,2.60
2012/03/06,2.60,2.73,2.57,2.72,7671157,2.65
2012/03/07,2.68,2.79,2.68,2.69,7688330,2.74
2012/03/08,2.69,2.74,2.68,2.71,3353025,2.71
2012/03/09,2.72,2.80,2.72,2.78,3878901,2.76
2012/03/12,2.82,2.85,2.74,2.80,4272593,2.80
2012/03/13,2.80,2.80,2.72,2.76,3680369,2.76
2012/03/14,2.78,2.89,2.63,2.67,7370180,2.76
2012/03/15,2.68,2.71,2.60,2.67,4182403,2.66
2012/03/16,2.67,2.74,2.62,2.74,5246977,2.68
2012/03/19,2.74,2.77,2.68,2.74,4196068,2.73
2012/03/20,2.73,2.73,2.60,2.60,3533186,2.67
2012/03/21,2.62,2.64,2.53,2.58,2452702,2.58
2012/03/22,2.56,2.62,2.54,2.58,2057005,2.58
2012/03/23,2.56,2.62,2.54,2.58,0,2.58
2012/03/26,2.54,2.55,2.46,2.50,2052055,2.50
2012/03/27,2.51,2.54,2.48,2.50,1542708,2.51
2012/03/28,2.49,2.51,2.35,2.35,2027399,2.43
2012/03/29,2.34,2.36,2.23,2.26,2350886,2.29
2012/03/30,2.24,2.29,2.21,2.26,1920427,2.25
2012/04/05,2.32,2.50,2.28,2.50,5764512,2.39
2012/04/06,2.48,2.51,2.44,2.49,3550258,2.47
2012/04/09,2.49,2.50,2.44,2.45,2164254,2.47
2012/04/10,2.43,2.53,2.42,2.52,2919909,2.47
2012/04/11,2.51,2.57,2.49,2.53,2991431,2.53
2012/04/12,2.49,2.57,2.49,2.56,2547597,2.53
2012/04/13,2.58,2.58,2.53,2.54,2654394,2.55
2012/04/16,2.52,2.59,2.49,2.59,2500580,2.54
2012/04/17,2.59,2.64,2.54,2.58,2856405,2.59
2012/04/18,2.59,2.62,2.56,2.62,1913558,2.59
2012/04/19,2.62,2.67,2.60,2.67,2394216,2.64
2012/04/20,2.62,2.67,2.60,2.67,0,2.64
2012/04/23,2.66,2.69,2.47,2.48,4095002,2.58
2012/04/24,2.49,2.57,2.43,2.54,2815963,2.50
2012/04/25,2.52,2.56,2.50,2.53,1555044,2.53
2012/04/26,2.55,2.55,2.46,2.50,1519836,2.50
2012/04/27,2.51,2.55,2.48,2.53,937659,2.51
2012/05/02,2.57,2.57,2.52,2.54,1521515,2.54
2012/05/03,2.53,2.57,2.52,2.55,927558,2.54
2012/05/04,2.53,2.67,2.53,2.65,2513029,2.60
2012/05/07,2.65,2.81,2.63,2.79,4246510,2.72
2012/05/08,2.77,2.83,2.73,2.81,3601385,2.78
2012/05/09,2.83,2.89,2.73,2.74,4224387,2.81
2012/05/10,2.70,2.77,2.70,2.74,1988251,2.74
2012/05/11,2.73,2.77,2.70,2.72,1485164,2.74
2012/05/14,2.72,2.77,2.64,2.66,2238272,2.71
2012/05/15,2.62,2.64,2.41,2.57,6807091,2.53
2012/05/16,2.54,2.56,2.48,2.50,3477071,2.52
2012/05/17,2.50,2.59,2.48,2.55,2876139,2.53
2012/05/18,2.54,2.60,2.51,2.55,2166393,2.55
2012/05/21,2.55,2.58,2.49,2.56,2620141,2.54
2012/05/22,2.59,2.64,2.55,2.59,2892476,2.59
2012/05/23,2.56,2.60,2.54,2.55,2277683,2.57
2012/05/24,2.59,2.59,2.44,2.44,3935753,2.51
2012/05/25,2.40,2.49,2.38,2.45,2193062,2.44
2012/05/28,2.45,2.71,2.40,2.65,8188453,2.55
2012/05/29,2.65,2.68,2.55,2.65,6882084,2.61
2012/05/30,2.67,2.69,2.60,2.64,5129084,2.65
2012/05/31,2.61,2.68,2.60,2.64,3359745,2.64
2012/06/01,2.64,2.67,2.61,2.66,3421456,2.64
2012/06/04,2.61,2.66,2.49,2.50,4834424,2.58
2012/06/05,2.52,2.53,2.46,2.47,2354291,2.49
2012/06/06,2.50,2.52,2.46,2.50,2679732,2.49
2012/06/07,2.54,2.56,2.43,2.45,2283614,2.50
2012/06/08,2.48,2.50,2.37,2.38,2314342,2.44
2012/06/11,2.41,2.48,2.39,2.47,1802707,2.44
2012/06/12,2.46,2.53,2.41,2.51,2211218,2.47
2012/06/13,2.57,2.59,2.54,2.58,3830383,2.56
2012/06/14,2.55,2.61,2.53,2.55,3250522,2.57
2012/06/15,2.55,2.57,2.49,2.56,2162659,2.53
2012/06/18,2.56,2.63,2.53,2.60,2843854,2.58
2012/06/19,2.58,2.61,2.55,2.59,2656113,2.58
2012/06/20,2.59,2.70,2.55,2.65,7034972,2.63
2012/06/21,2.64,2.65,2.53,2.62,4266319,2.59
2012/06/25,2.61,2.71,2.57,2.63,5967116,2.64
2012/06/26,2.61,2.61,2.45,2.46,6183373,2.53
2012/06/27,2.48,2.53,2.44,2.46,3217527,2.48
2012/06/28,2.47,2.49,2.43,2.44,2098826,2.46
2012/06/29,2.44,2.49,2.42,2.48,3507532,2.46
2012/07/02,2.47,2.52,2.47,2.49,2680807,2.50
2012/07/03,2.49,2.60,2.47,2.58,5584460,2.54
2012/07/04,2.58,2.61,2.51,2.53,4001425,2.56
2012/07/05,2.52,2.52,2.44,2.44,3035095,2.48
2012/07/06,2.47,2.57,2.41,2.55,3816695,2.49
2012/07/09,2.53,2.57,2.45,2.46,3014483,2.51
2012/07/10,2.46,2.48,2.44,2.47,1494030,2.46
2012/07/11,2.44,2.49,2.41,2.47,1729831,2.45
2012/07/12,2.47,2.53,2.43,2.50,2613076,2.48
2012/07/13,2.50,2.53,2.45,2.45,1998230,2.49
2012/07/16,2.45,2.46,2.31,2.31,3485687,2.39
2012/07/17,2.31,2.36,2.30,2.35,1441912,2.33
2012/07/18,2.35,2.36,2.30,2.35,1035945,2.33
2012/07/19,2.37,2.41,2.35,2.38,1627868,2.38
2012/07/20,2.37,2.39,2.37,2.37,903275,2.38
2012/07/23,2.37,2.37,2.31,2.33,1135273,2.34
2012/07/24,2.32,2.37,2.31,2.36,1005703,2.34
2012/07/25,2.37,2.40,2.33,2.33,1306798,2.36
2012/07/26,2.32,2.36,2.32,2.33,954620,2.34
2012/07/27,2.35,2.39,2.33,2.34,1218282,2.36
2012/07/30,2.36,2.36,2.26,2.27,1203222,2.31
2012/07/31,2.27,2.28,2.22,2.22,971971,2.25
2012/08/01,2.23,2.31,2.20,2.29,1244468,2.26
2012/08/02,2.29,2.31,2.26,2.27,683197,2.28
2012/08/03,2.29,2.32,2.26,2.32,1046644,2.29
2012/08/06,2.33,2.43,2.29,2.42,2304526,2.36
2012/08/07,2.41,2.44,2.39,2.41,1620542,2.42
2012/08/08,2.41,2.44,2.37,2.38,1638238,2.41
2012/08/09,2.38,2.41,2.35,2.40,2055431,2.38
2012/08/10,2.40,2.43,2.38,2.39,1328589,2.41
2012/08/13,2.38,2.38,2.30,2.32,1943945,2.34
2012/08/14,2.37,2.37,2.27,2.33,1159495,2.32
2012/08/15,2.34,2.34,2.30,2.33,949802,2.32
2012/08/16,2.33,2.35,2.32,2.34,1080308,2.33
2012/08/17,2.33,2.35,2.31,2.34,598350,2.33
2012/08/20,2.44,2.58,2.43,2.58,25098759,2.51
2012/08/21,2.58,2.72,2.53,2.67,26228094,2.63
2012/08/22,2.66,2.95,2.62,2.95,28147821,2.79
2012/08/23,3.05,3.25,2.96,3.12,50072677,3.10
2012/08/24,3.03,3.08,2.90,2.98,28367560,2.99
2012/08/27,3.01,3.05,2.88,2.94,22702483,2.96
2012/08/28,2.91,2.98,2.82,2.96,18675383,2.90
2012/08/29,2.93,3.05,2.89,2.97,23875964,2.97
2012/08/30,2.91,3.08,2.75,2.78,27282796,2.92
2012/08/31,2.74,2.86,2.72,2.80,14640140,2.79
2012/09/03,2.79,2.91,2.76,2.88,15121435,2.83
2012/09/04,2.85,3.17,2.82,2.99,26934179,2.99
2012/09/05,2.94,3.07,2.88,2.93,17878410,2.97
2012/09/06,2.91,3.10,2.90,3.06,19950351,3.00
2012/09/07,3.12,3.38,3.07,3.38,40682652,3.22
2012/09/10,3.51,3.73,3.45,3.48,54048585,3.59
2012/09/11,3.54,3.76,3.45,3.58,52262428,3.60
2012/09/12,3.54,3.57,3.40,3.52,27800275,3.48
2012/09/13,3.47,3.48,3.31,3.31,19372276,3.40
2012/09/14,3.32,3.50,3.29,3.40,24079036,3.40
2012/09/17,3.31,3.36,3.16,3.20,15191666,3.26
2012/09/18,3.18,3.29,3.16,3.19,9338212,3.23
2012/09/19,3.20,3.36,3.18,3.27,14348742,3.27
2012/09/20,3.23,3.23,2.99,3.10,15138278,3.11
2012/09/21,3.07,3.11,2.96,2.99,8851789,3.03
2012/09/24,2.92,3.10,2.89,3.04,9531620,3.00
2012/09/25,3.15,3.26,3.04,3.04,15214297,3.15
2012/09/26,2.99,2.99,2.80,2.82,11347692,2.90
2012/09/27,2.83,3.01,2.81,2.92,10064329,2.91
2012/09/28,2.87,3.01,2.87,3.00,9289526,2.94
2012/10/08,3.01,3.12,2.99,3.06,9452346,3.06
2012/10/09,3.06,3.20,3.06,3.19,12621291,3.13
2012/10/10,3.16,3.30,3.12,3.24,13736595,3.21
2012/10/11,3.19,3.26,3.04,3.09,12480371,3.15
2012/10/12,3.08,3.36,3.05,3.26,16760071,3.20
2012/10/15,3.27,3.37,3.21,3.34,15553616,3.29
2012/10/16,3.39,3.44,3.25,3.29,14701578,3.34
2012/10/17,3.28,3.35,3.19,3.30,10414315,3.27
2012/10/18,3.30,3.37,3.23,3.32,10762262,3.30
2012/10/19,3.33,3.33,3.24,3.26,6925063,3.29
2012/10/22,3.23,3.31,3.15,3.27,5919729,3.23
2012/10/23,3.26,3.29,3.17,3.19,5943565,3.23
2012/10/24,3.11,3.19,3.05,3.07,7022818,3.12
2012/10/25,3.03,3.03,2.94,2.97,8153619,2.98
2012/10/26,2.96,3.02,2.94,2.97,5293484,2.98
2012/10/29,2.97,2.99,2.85,2.87,6431223,2.92
2012/10/30,2.88,2.93,2.84,2.89,4677984,2.89
2012/10/31,2.88,2.97,2.88,2.97,4762992,2.93
2012/11/01,2.98,3.06,2.97,3.02,6287477,3.02
2012/11/02,3.09,3.09,2.97,3.00,4671985,3.03
2012/11/05,2.98,3.00,2.88,2.93,5712743,2.94
2012/11/06,2.92,2.92,2.78,2.85,5120878,2.85
2012/11/07,2.86,2.89,2.81,2.87,3647041,2.85
2012/11/08,2.83,2.83,2.69,2.72,5399421,2.76
2012/11/09,2.69,2.73,2.62,2.68,5318615,2.68
2012/11/12,2.70,2.74,2.66,2.71,2606529,2.70
2012/11/13,2.71,2.71,2.57,2.57,3936399,2.64
2012/11/14,2.56,2.64,2.55,2.62,3162984,2.59
2012/11/15,2.60,2.70,2.57,2.60,3969429,2.64
2012/11/16,2.60,2.62,2.54,2.61,2644128,2.58
2012/11/19,2.61,2.66,2.56,2.63,2679609,2.61
2012/11/20,2.64,2.67,2.57,2.57,3095650,2.62
2012/11/21,2.58,2.68,2.57,2.68,6366202,2.63
2012/11/22,2.65,2.69,2.62,2.64,3554615,2.66
2012/11/23,2.65,2.66,2.61,2.62,3427402,2.64
2012/11/26,2.62,2.64,2.48,2.49,4615183,2.56
2012/11/27,2.47,2.48,2.36,2.36,4540844,2.42
2012/11/28,2.33,2.35,2.29,2.32,2367457,2.32
2012/11/29,2.32,2.37,2.29,2.29,2395683,2.33
2012/11/30,2.28,2.48,2.28,2.39,5747162,2.38
2012/12/03,2.36,2.45,2.29,2.29,4029055,2.37
2012/12/04,2.27,2.46,2.25,2.46,8279888,2.35
2012/12/05,2.46,2.71,2.43,2.71,10532611,2.57
2012/12/06,2.93,2.99,2.83,2.89,30121143,2.91
2012/12/07,2.93,3.11,2.87,3.06,33769332,2.99
2012/12/10,2.96,3.18,2.93,3.08,28740433,3.06
2012/12/11,3.00,3.04,2.86,2.89,17625412,2.95
2012/12/12,2.88,3.02,2.88,2.95,13973239,2.95
2012/12/13,2.92,3.15,2.89,3.01,21567822,3.02
2012/12/14,2.98,3.29,2.96,3.18,28739366,3.13
2012/12/17,3.13,3.19,3.05,3.14,17423322,3.12
2012/12/18,3.13,3.25,3.06,3.11,16103939,3.16
2012/12/19,3.11,3.13,3.00,3.07,11200354,3.06
2012/12/20,3.06,3.33,3.03,3.25,21587075,3.18
2012/12/21,3.24,3.33,3.15,3.19,17964136,3.24
2012/12/24,3.15,3.28,3.13,3.17,12412036,3.20
2012/12/25,3.14,3.29,3.11,3.22,14472084,3.20
2012/12/26,3.25,3.48,3.22,3.40,22079326,3.35
2012/12/27,3.43,3.48,3.31,3.32,17462730,3.40
2012/12/28,3.35,3.41,3.29,3.36,11050638,3.35
2012/12/31,3.34,3.39,3.30,3.31,8662940,3.34
2013/01/04,3.37,3.39,3.28,3.32,9567525,3.33
2013/01/07,3.29,3.45,3.28,3.45,13048333,3.36
2013/01/08,3.43,3.43,3.34,3.37,12210788,3.39
2013/01/09,3.36,3.40,3.32,3.34,10503386,3.36
2013/01/10,3.35,3.37,3.29,3.32,9116283,3.33
2013/01/11,3.33,3.44,3.25,3.27,12633838,3.34
2013/01/14,3.24,3.42,3.24,3.39,11248884,3.33
2013/01/15,3.40,3.55,3.36,3.55,20199169,3.45
2013/01/16,3.52,3.54,3.40,3.44,11738918,3.47
2013/01/17,3.45,3.47,3.36,3.36,8410728,3.42
2013/01/18,3.40,3.48,3.37,3.44,8845186,3.43
2013/01/21,3.43,3.44,3.36,3.41,7821727,3.40
2013/01/22,3.39,3.50,3.36,3.41,11641736,3.43
2013/01/23,3.43,3.43,3.25,3.34,11089886,3.34
2013/01/24,3.33,3.33,3.00,3.06,20686547,3.17
2013/01/25,3.06,3.12,3.03,3.05,6197408,3.07
2013/01/28,3.02,3.12,3.02,3.12,7222560,3.07
2013/01/29,3.13,3.18,3.11,3.14,6994509,3.15
2013/01/30,3.14,3.15,3.05,3.11,6722738,3.10
2013/01/31,3.12,3.15,3.06,3.12,4800804,3.10
2013/02/01,3.11,3.14,3.08,3.12,4530621,3.11
2013/02/04,3.13,3.18,3.10,3.14,6526977,3.14
2013/02/05,3.11,3.16,3.07,3.14,5183217,3.11
2013/02/06,3.12,3.18,3.12,3.13,6387712,3.15
2013/02/07,3.14,3.15,3.09,3.12,3805006,3.12
2013/02/08,3.13,3.20,3.12,3.18,6709488,3.16
2013/02/18,3.20,3.27,3.16,3.23,8297878,3.22
2013/02/19,3.22,3.23,3.12,3.12,6103257,3.18
2013/02/20,3.12,3.17,3.10,3.17,4913292,3.14
2013/02/21,3.13,3.22,3.11,3.19,7710127,3.17
2013/02/22,3.15,3.22,3.13,3.17,5154754,3.18
2013/02/25,3.15,3.36,3.14,3.29,10173577,3.25
2013/02/26,3.27,3.37,3.22,3.29,12480929,3.30
2013/02/27,3.31,3.36,3.25,3.31,7482576,3.30
2013/02/28,3.33,3.34,3.27,3.34,8038705,3.30
2013/03/01,3.34,3.44,3.32,3.40,11677316,3.38
2013/03/04,3.37,3.37,3.14,3.19,10549229,3.26
2013/03/05,3.19,3.35,3.16,3.33,7903663,3.26
2013/03/06,3.31,3.40,3.29,3.39,8996365,3.34
2013/03/07,3.38,3.43,3.25,3.30,7893001,3.34
2013/03/08,3.64,3.64,3.37,3.40,22971829,3.51
2013/03/11,3.34,3.34,3.24,3.28,10401748,3.29
2013/03/12,3.28,3.31,3.08,3.18,7940497,3.20
2013/03/13,3.17,3.21,3.08,3.15,4576217,3.15
2013/03/14,3.15,3.18,3.12,3.13,3379837,3.15
2013/03/15,3.12,3.18,3.07,3.10,4849063,3.13
2013/03/18,3.11,3.13,3.03,3.03,3556300,3.08
2013/03/19,3.00,3.08,2.99,3.06,3436629,3.04
2013/03/20,3.06,3.15,3.05,3.14,3625034,3.10
2013/03/21,3.14,3.20,3.12,3.16,4725091,3.16
2013/03/22,3.22,3.26,3.17,3.21,7044268,3.21
2013/03/25,3.22,3.28,3.20,3.23,4488729,3.24
2013/03/26,3.20,3.35,3.14,3.31,7750953,3.25
2013/03/27,3.31,3.43,3.29,3.39,13330566,3.36
2013/03/28,3.33,3.42,3.24,3.25,10820837,3.33
2013/03/29,3.27,3.28,3.19,3.23,4933924,3.23
2013/04/01,3.23,3.25,3.14,3.16,4583240,3.20
2013/04/02,3.16,3.24,3.13,3.14,4161932,3.19
2013/04/03,3.14,3.17,3.06,3.10,3715792,3.11
2013/04/08,3.04,3.15,3.00,3.15,4025902,3.07
2013/04/09,3.15,3.20,3.14,3.18,3319189,3.17
2013/04/10,3.18,3.19,3.09,3.15,2758329,3.14
2013/04/11,3.16,3.18,3.09,3.10,2392015,3.14
2013/04/12,3.10,3.12,2.87,2.89,8470304,3.00
2013/04/15,2.96,2.96,2.86,2.88,4546794,2.91
2013/04/16,2.86,2.97,2.85,2.95,4658904,2.91
2013/04/17,2.93,3.00,2.93,2.99,3628123,2.97
2013/04/18,2.97,3.04,2.96,3.03,3443121,3.00
2013/04/19,3.00,3.08,2.99,3.06,4437836,3.04
2013/04/22,3.06,3.12,3.06,3.08,4140762,3.09
2013/04/23,3.07,3.07,2.89,2.90,5019627,2.98
2013/04/24,2.94,2.99,2.89,2.97,3014421,2.94
2013/04/25,2.97,3.01,2.93,2.93,2961027,2.97
2013/04/26,2.94,2.97,2.87,2.88,1949629,2.92
2013/05/02,2.89,2.98,2.89,2.95,2062873,2.94
2013/05/03,2.98,3.03,2.96,2.99,3309577,2.99
2013/05/06,3.01,3.05,2.99,3.04,2760624,3.02
2013/05/07,3.03,3.05,3.00,3.02,2426645,3.02
2013/05/08,3.03,3.06,3.02,3.05,3148774,3.04
2013/05/09,3.05,3.09,3.02,3.07,4154117,3.05
2013/05/10,3.07,3.09,3.03,3.03,3339046,3.06
2013/05/13,3.04,3.05,2.99,3.00,3729175,3.02
2013/05/14,3.02,3.02,2.93,2.95,2706803,2.98
2013/05/15,2.98,3.08,2.97,3.08,5724988,3.03
2013/05/16,3.06,3.11,3.05,3.06,5097838,3.08
2013/05/17,3.05,3.23,3.05,3.14,8860608,3.14
2013/05/20,3.17,3.22,3.14,3.21,8742234,3.18
2013/05/21,3.21,3.23,3.15,3.19,6313143,3.19
2013/05/22,3.23,3.34,3.13,3.22,16525084,3.23
2013/05/23,3.18,3.24,3.15,3.17,10556023,3.20
2013/05/24,3.18,3.24,3.16,3.23,7973972,3.20
2013/05/27,3.22,3.30,3.20,3.24,9499639,3.25
2013/05/28,3.27,3.27,3.15,3.18,7957223,3.21
2013/05/29,3.19,3.23,3.16,3.19,6847339,3.20
2013/05/30,3.18,3.20,3.15,3.16,7702243,3.18
2013/05/31,3.17,3.25,3.12,3.23,13947191,3.19
2013/06/03,3.21,3.42,3.19,3.37,23358370,3.30
2013/06/04,3.33,3.48,3.31,3.38,26504375,3.40
2013/06/05,3.33,3.54,3.33,3.48,28227612,3.44
2013/06/06,3.44,3.48,3.28,3.31,15649393,3.38
2013/06/07,3.36,3.65,3.35,3.44,33529543,3.50
2013/06/13,3.27,3.27,3.09,3.19,20585778,3.18
2013/06/14,3.21,3.34,3.12,3.33,14391542,3.23
2013/06/17,3.31,3.31,3.22,3.23,10053097,3.27
2013/06/18,3.22,3.25,3.09,3.14,12151832,3.17
2013/06/19,3.13,3.29,3.03,3.23,13628762,3.16
2013/06/20,3.17,3.35,3.16,3.21,17247990,3.26
2013/06/21,3.29,3.52,3.29,3.46,36718439,3.41
2013/06/24,3.38,3.54,3.17,3.41,36965787,3.35
2013/06/25,3.38,3.71,3.11,3.64,46812247,3.41
2013/06/26,3.69,3.74,3.49,3.65,41437552,3.62
2013/06/27,3.60,3.69,3.39,3.42,31673878,3.54
2013/06/28,3.32,3.46,3.24,3.32,19657099,3.35
2013/07/01,3.32,3.39,3.24,3.37,15820841,3.32
2013/07/02,3.37,3.49,3.29,3.47,20966912,3.39
2013/07/03,3.45,3.49,3.31,3.39,17444523,3.40
2013/07/04,3.33,3.42,3.31,3.32,16226566,3.36
2013/07/05,3.33,3.36,3.19,3.21,17431984,3.27
2013/07/08,3.12,3.12,2.91,2.92,17582348,3.02
2013/07/09,2.97,3.14,2.96,3.08,15686487,3.05
2013/07/10,3.06,3.12,3.03,3.09,11084097,3.07
2013/07/11,3.10,3.26,3.07,3.18,15399965,3.16
2013/07/12,3.16,3.22,3.11,3.11,10957887,3.17
2013/07/15,3.13,3.19,3.08,3.15,10336040,3.14
2013/07/16,3.14,3.34,3.13,3.31,17413898,3.23
2013/07/17,3.26,3.31,3.19,3.21,13047893,3.25
2013/07/18,3.23,3.32,3.21,3.24,11902061,3.26
2013/07/19,3.24,3.27,3.08,3.10,11400916,3.18
2013/07/22,3.16,3.19,3.12,3.18,6634967,3.16
2013/07/23,3.20,3.32,3.18,3.29,13944906,3.25
2013/07/24,3.28,3.31,3.22,3.28,12869139,3.27
2013/07/25,3.27,3.44,3.26,3.31,19421484,3.35
2013/07/26,3.36,3.41,3.28,3.34,13553832,3.34
2013/07/29,3.29,3.43,3.29,3.34,12995882,3.36
2013/07/30,3.33,3.34,3.12,3.24,12910293,3.23
2013/07/31,3.22,3.29,3.19,3.21,7321972,3.24
2013/08/01,3.27,3.52,3.22,3.52,30786964,3.37
2013/08/02,3.49,3.64,3.46,3.61,31254416,3.55
2013/08/05,3.58,3.62,3.51,3.59,12988230,3.56
2013/08/06,3.59,3.69,3.54,3.61,12702160,3.61
2013/08/07,3.59,3.61,3.44,3.48,15277195,3.52
2013/08/08,3.46,3.84,3.44,3.77,38803777,3.64
2013/08/09,3.72,3.78,3.61,3.75,24983431,3.69
2013/08/12,3.73,3.79,3.61,3.70,23000282,3.70
2013/08/13,3.67,3.81,3.67,3.72,18199626,3.74
2013/08/14,3.71,3.73,3.56,3.66,27649738,3.65
2013/08/15,3.62,3.64,3.49,3.51,18646792,3.57
2013/08/16,3.47,3.59,3.37,3.38,16415023,3.48
2013/08/19,3.32,3.49,3.32,3.47,11125245,3.41
2013/08/20,3.44,3.48,3.37,3.41,11064826,3.43
2013/08/21,3.41,3.49,3.39,3.49,9268569,3.44
2013/08/22,3.48,3.51,3.43,3.44,7992778,3.47
2013/08/23,3.46,3.49,3.36,3.42,10194612,3.43
2013/08/26,3.43,3.47,3.40,3.46,6826296,3.44
2013/08/27,3.47,3.55,3.45,3.53,12349953,3.50
2013/08/28,3.49,3.51,3.41,3.41,10001931,3.46
2013/08/29,3.41,3.44,3.27,3.31,12711922,3.35
2013/08/30,3.29,3.41,3.29,3.33,10418661,3.35
2013/09/02,3.36,3.41,3.30,3.39,7711171,3.35
2013/09/03,3.38,3.43,3.35,3.41,7474037,3.39
2013/09/04,3.39,3.41,3.34,3.36,6174590,3.38
2013/09/05,3.36,3.40,3.34,3.35,5887234,3.37
2013/09/06,3.34,3.38,3.31,3.36,6536704,3.34
2013/09/09,3.44,3.56,3.42,3.49,17715483,3.49
2013/09/10,3.47,3.75,3.44,3.64,28863399,3.59
2013/09/11,3.59,3.69,3.50,3.61,22029444,3.59
2013/09/12,3.57,3.71,3.56,3.68,21403193,3.64
2013/09/13,3.68,3.68,3.61,3.63,12001112,3.65
2013/09/16,3.62,3.68,3.57,3.60,11172361,3.63
2013/09/17,3.67,3.76,3.58,3.59,21701268,3.67
2013/09/18,3.63,3.86,3.60,3.83,34177116,3.73
2013/09/23,3.83,3.84,3.71,3.80,22178528,3.77
2013/09/24,3.81,3.93,3.75,3.84,23565543,3.84
2013/09/25,3.84,3.84,3.65,3.69,16318557,3.74
2013/09/26,3.66,3.71,3.59,3.62,10406240,3.65
2013/09/27,3.62,3.71,3.59,3.62,8127167,3.65
2013/09/30,3.62,3.72,3.61,3.72,6509070,3.67
2013/10/08,3.72,3.88,3.68,3.85,13152854,3.78
2013/10/09,3.86,3.88,3.76,3.80,11910820,3.82
2013/10/10,3.82,3.84,3.73,3.76,10705020,3.78
2013/10/11,3.80,3.81,3.67,3.72,12000713,3.74
2013/10/14,3.76,3.77,3.69,3.73,8107325,3.73
2013/10/15,3.67,3.67,3.56,3.61,14293867,3.61
2013/10/16,3.59,3.76,3.59,3.65,14397733,3.67
2013/10/17,3.65,3.68,3.56,3.57,8735267,3.62
2013/10/18,3.58,3.62,3.55,3.58,4790613,3.58
2013/10/21,3.59,3.71,3.59,3.67,8718893,3.65
2013/10/22,3.66,3.74,3.62,3.67,8496275,3.68
2013/10/23,3.67,3.69,3.46,3.47,8882566,3.57
2013/10/24,3.53,3.54,3.45,3.49,4234812,3.50
2013/10/25,3.49,3.52,3.43,3.44,4390892,3.48
2013/10/28,3.45,3.62,3.44,3.59,7847012,3.53
2013/10/29,3.63,3.63,3.31,3.46,10059016,3.47
2013/10/30,3.40,3.51,3.39,3.49,4853893,3.45
2013/10/31,3.49,3.51,3.41,3.45,3814486,3.46
2013/11/01,3.45,3.47,3.38,3.41,2677565,3.43
2013/11/04,3.43,3.59,3.43,3.54,7907694,3.51
2013/11/05,3.55,3.65,3.49,3.61,7082058,3.57
2013/11/06,3.61,3.74,3.58,3.73,15788425,3.66
2013/11/07,3.68,3.71,3.60,3.62,7237666,3.66
2013/11/08,3.62,3.74,3.62,3.74,13519283,3.68
2013/11/11,3.62,3.74,3.62,3.74,0,3.68
2013/11/12,3.88,3.99,3.55,3.59,23416927,3.77
2013/11/13,3.56,3.56,3.38,3.38,10231780,3.47
2013/11/14,3.37,3.49,3.33,3.43,6393332,3.41
2013/11/15,3.43,3.61,3.42,3.53,7785014,3.51
2013/11/18,3.57,3.69,3.54,3.64,7682437,3.61
2013/11/19,3.66,3.85,3.62,3.71,14105629,3.74
2013/11/20,3.69,3.76,3.66,3.74,8879376,3.71
2013/11/21,3.76,3.91,3.72,3.77,14917817,3.82
2013/11/22,3.79,3.89,3.73,3.77,13669600,3.81
2013/11/25,3.77,3.88,3.72,3.74,13204241,3.80
2013/11/26,3.76,3.79,3.69,3.76,6675233,3.74
2013/11/27,3.74,3.79,3.71,3.73,7263954,3.75
2013/11/28,3.73,3.87,3.73,3.87,13993461,3.80
2013/11/29,3.88,3.96,3.84,3.88,14383517,3.90
2013/12/02,3.71,3.73,3.48,3.48,15862196,3.60
2013/12/03,3.41,3.57,3.38,3.55,7344796,3.47
2013/12/04,3.61,3.65,3.55,3.62,7952955,3.60
2013/12/05,3.61,3.63,3.54,3.57,5678345,3.58
2013/12/06,3.57,3.60,3.47,3.56,5864172,3.54
2013/12/09,3.58,3.72,3.58,3.68,8320856,3.65
2013/12/10,3.68,3.86,3.66,3.77,14435402,3.76
2013/12/11,3.76,3.81,3.72,3.79,6879644,3.77
2013/12/12,3.77,4.17,3.76,4.16,40691903,3.96
2013/12/13,4.03,4.17,4.01,4.07,21195417,4.09
2013/12/16,4.14,4.15,3.86,3.92,19546870,4.01
2013/12/17,3.88,3.96,3.84,3.93,9959985,3.90
2013/12/18,3.92,3.96,3.85,3.88,7680053,3.91
2013/12/19,3.91,3.92,3.77,3.77,7714524,3.84
2013/12/20,3.79,3.79,3.66,3.72,5856146,3.73
2013/12/23,3.72,3.88,3.69,3.86,7395812,3.78
2013/12/24,3.84,3.90,3.79,3.86,4903131,3.84
2013/12/25,3.87,4.05,3.84,4.02,8184912,3.94
2013/12/26,3.99,4.02,3.92,3.93,7151116,3.97
2013/12/27,3.91,4.13,3.91,4.05,9673071,4.02
2013/12/30,4.04,4.13,3.99,4.12,8233155,4.06
2013/12/31,4.11,4.27,4.06,4.07,12873123,4.16
2014/01/02,4.02,4.16,3.97,4.16,7274411,4.07
2014/01/03,4.13,4.31,4.11,4.26,12516886,4.21
2014/01/06,4.27,4.29,4.08,4.08,9676599,4.19
2014/01/07,4.04,4.43,4.01,4.23,14928071,4.22
2014/01/08,4.25,4.39,4.22,4.29,12132973,4.30
2014/01/09,4.28,4.34,4.06,4.08,14568798,4.20
2014/01/10,4.28,4.34,4.06,4.08,0,4.20
2014/01/13,4.28,4.34,4.06,4.08,0,4.20
2014/01/14,4.28,4.34,4.06,4.08,0,4.20
2014/01/15,4.28,4.34,4.06,4.08,0,4.20
2014/01/16,4.28,4.34,4.06,4.08,0,4.20
2014/01/17,4.28,4.34,4.06,4.08,0,4.20
2014/01/20,4.28,4.34,4.06,4.08,0,4.20
2014/01/21,4.28,4.34,4.06,4.08,0,4.20
2014/01/22,4.28,4.34,4.06,4.08,0,4.20
2014/01/23,4.28,4.34,4.06,4.08,0,4.20
2014/01/24,4.28,4.34,4.06,4.08,0,4.20
2014/01/27,4.28,4.34,4.06,4.08,0,4.20
2014/01/28,4.28,4.34,4.06,4.08,0,4.20
2014/01/29,4.28,4.34,4.06,4.08,0,4.20
2014/01/30,4.28,4.34,4.06,4.08,0,4.20
2014/02/07,4.28,4.34,4.06,4.08,0,4.20
2014/02/10,4.28,4.34,4.06,4.08,0,4.20
2014/02/11,4.28,4.34,4.06,4.08,0,4.20
2014/02/12,4.28,4.34,4.06,4.08,0,4.20
2014/02/13,4.28,4.34,4.06,4.08,0,4.20
2014/02/14,4.28,4.34,4.06,4.08,0,4.20
2014/02/17,4.28,4.34,4.06,4.08,0,4.20
2014/02/18,4.28,4.34,4.06,4.08,0,4.20
2014/02/19,4.28,4.34,4.06,4.08,0,4.20
2014/02/20,4.28,4.34,4.06,4.08,0,4.20
2014/02/21,4.28,4.34,4.06,4.08,0,4.20
2014/02/24,4.28,4.34,4.06,4.08,0,4.20
2014/02/25,4.28,4.34,4.06,4.08,0,4.20
2014/02/26,4.28,4.34,4.06,4.08,0,4.20
2014/02/27,4.28,4.34,4.06,4.08,0,4.20
2014/02/28,4.28,4.34,4.06,4.08,0,4.20
2014/03/03,4.28,4.34,4.06,4.08,0,4.20
2014/03/04,4.28,4.34,4.06,4.08,0,4.20
2014/03/05,4.28,4.34,4.06,4.08,0,4.20
2014/03/06,4.28,4.34,4.06,4.08,0,4.20
2014/03/07,4.28,4.34,4.06,4.08,0,4.20
2014/03/10,4.28,4.34,4.06,4.08,0,4.20
2014/03/11,4.28,4.34,4.06,4.08,0,4.20
2014/03/12,4.28,4.34,4.06,4.08,0,4.20
2014/03/13,4.28,4.34,4.06,4.08,0,4.20
2014/03/14,4.28,4.34,4.06,4.08,0,4.20
2014/03/17,4.28,4.34,4.06,4.08,0,4.20
2014/03/18,4.28,4.34,4.06,4.08,0,4.20
2014/03/19,4.28,4.34,4.06,4.08,0,4.20
2014/03/20,4.28,4.34,4.06,4.08,0,4.20
2014/03/21,4.28,4.34,4.06,4.08,0,4.20
2014/03/24,4.28,4.34,4.06,4.08,0,4.20
2014/03/25,4.28,4.34,4.06,4.08,0,4.20
2014/03/26,4.28,4.34,4.06,4.08,0,4.20
2014/03/27,4.28,4.34,4.06,4.08,0,4.20
2014/03/28,4.28,4.34,4.06,4.08,0,4.20
2014/03/31,4.28,4.34,4.06,4.08,0,4.20
2014/04/01,4.28,4.34,4.06,4.08,0,4.20
2014/04/02,4.28,4.34,4.06,4.08,0,4.20
2014/04/03,4.28,4.34,4.06,4.08,0,4.20
2014/04/04,4.28,4.34,4.06,4.08,0,4.20
2014/04/08,4.31,4.31,3.77,3.89,47181952,4.04
2014/04/09,3.82,3.91,3.80,3.86,17780988,3.85
2014/04/10,3.87,3.89,3.79,3.85,18255221,3.84
2014/04/11,3.81,3.82,3.70,3.71,15658413,3.76
2014/04/14,3.72,3.84,3.69,3.83,13879910,3.76
2014/04/15,3.80,3.81,3.73,3.76,10378822,3.77
2014/04/16,3.74,3.78,3.72,3.76,5999850,3.75
2014/04/17,3.76,3.81,3.74,3.77,7148387,3.78
2014/04/18,3.74,3.76,3.64,3.68,12905776,3.70
2014/04/21,3.62,3.68,3.58,3.60,8405902,3.63
2014/04/22,3.58,3.64,3.50,3.56,7162599,3.57
2014/04/23,3.57,3.60,3.55,3.59,4178515,3.57
2014/04/24,3.58,3.58,3.47,3.51,6322744,3.53
2014/04/25,3.50,3.51,3.38,3.39,5752589,3.44
2014/04/28,3.38,3.38,3.13,3.13,8000183,3.25
2014/04/29,3.13,3.19,3.12,3.18,5137633,3.16
2014/04/30,3.19,3.26,3.15,3.22,5175334,3.20
2014/05/05,3.22,3.26,3.20,3.25,3036705,3.23
2014/05/06,3.26,3.30,3.25,3.26,4136827,3.27
2014/05/07,3.25,3.26,3.16,3.16,4402429,3.21
2014/05/08,3.14,3.21,3.14,3.16,4127035,3.18
2014/05/09,3.16,3.17,3.04,3.08,4137273,3.10
2014/05/12,3.11,3.18,3.09,3.17,5474967,3.14
2014/05/13,3.18,3.23,3.15,3.19,4799032,3.19
2014/05/14,3.19,3.21,3.16,3.18,2818406,3.19
2014/05/15,3.18,3.19,3.10,3.11,4043758,3.15
2014/05/16,3.11,3.12,2.96,3.01,6360725,3.04
2014/05/19,3.01,3.04,2.98,3.02,3478892,3.01
2014/05/20,3.03,3.07,3.01,3.02,3704420,3.04
2014/05/21,3.00,3.06,2.98,3.04,3344083,3.02
2014/05/22,3.05,3.09,3.04,3.05,4136989,3.06
2014/05/23,3.05,3.09,3.04,3.08,3719357,3.06
2014/05/26,3.09,3.13,3.07,3.12,4710237,3.10
2014/05/27,3.12,3.12,3.09,3.09,2897994,3.10
2014/05/28,3.10,3.15,3.08,3.13,4591747,3.11
2014/05/29,3.14,3.15,3.06,3.07,3443299,3.10
2014/05/30,3.08,3.14,3.05,3.12,5027278,3.09
2014/06/03,3.11,3.23,3.09,3.17,8786190,3.16
2014/06/04,3.13,3.30,3.13,3.21,11718396,3.21
2014/06/05,3.22,3.27,3.16,3.25,8226806,3.22
2014/06/06,3.19,3.28,3.19,3.26,5781457,3.23
2014/06/09,3.25,3.36,3.22,3.34,9748010,3.29
2014/06/10,3.34,3.38,3.31,3.32,8319654,3.34
2014/06/11,3.32,3.40,3.30,3.33,6674040,3.35
2014/06/12,3.33,3.33,3.24,3.24,7649492,3.29
2014/06/13,3.25,3.32,3.23,3.28,6107731,3.27
2014/06/16,3.30,3.34,3.28,3.32,5450464,3.31
2014/06/17,3.32,3.32,3.28,3.28,4213334,3.30
2014/06/18,3.27,3.27,3.17,3.19,6415895,3.22
2014/06/19,3.21,3.26,3.04,3.11,6221194,3.15
2014/06/20,3.12,3.14,3.09,3.14,2891951,3.11
2014/06/23,3.12,3.22,3.12,3.19,3388152,3.17
2014/06/24,3.21,3.22,3.17,3.18,2486905,3.20
2014/06/25,3.17,3.20,3.13,3.17,2847963,3.17
2014/06/26,3.16,3.23,3.14,3.22,5499415,3.19
2014/06/27,3.23,3.29,3.20,3.26,6366238,3.25
2014/06/30,3.25,3.34,3.23,3.31,7840039,3.28
2014/07/01,3.31,3.36,3.28,3.35,6205035,3.32
2014/07/02,3.36,3.51,3.32,3.48,14791289,3.41
2014/07/03,3.48,3.59,3.43,3.46,15218946,3.51
2014/07/04,3.47,3.52,3.42,3.47,7005910,3.47
2014/07/07,3.47,3.49,3.44,3.45,5499814,3.47
2014/07/08,3.45,3.52,3.43,3.48,8060902,3.48
2014/07/09,3.47,3.51,3.42,3.43,7939604,3.46
2014/07/10,3.43,3.47,3.42,3.47,3961573,3.45
2014/07/11,3.47,3.67,3.44,3.63,13156150,3.55
2014/07/14,3.62,3.70,3.59,3.64,6283125,3.65
2014/07/15,3.63,3.74,3.59,3.69,9370203,3.67
2014/07/16,3.68,3.72,3.63,3.68,5438544,3.68
2014/07/17,3.66,3.68,3.56,3.62,5032322,3.62
2014/07/18,3.62,3.85,3.59,3.78,13376658,3.72
2014/07/21,3.76,3.88,3.74,3.78,8648927,3.81
2014/07/22,3.80,3.86,3.71,3.77,11329094,3.78
2014/07/23,3.77,3.84,3.70,3.73,5780248,3.77
2014/07/24,3.70,3.98,3.70,3.82,23115628,3.84
2014/07/25,3.77,4.01,3.74,4.01,18664488,3.88
2014/07/28,4.01,4.14,3.94,4.12,20743409,4.04
2014/07/29,4.08,4.19,4.05,4.12,12483829,4.12
2014/07/30,4.12,4.16,4.05,4.13,7705257,4.10
2014/07/31,4.13,4.16,4.07,4.11,5993020,4.12
2014/08/01,4.11,4.13,4.02,4.06,8476186,4.07
2014/08/04,4.06,4.26,4.01,4.15,12154854,4.13
2014/08/05,4.11,4.21,4.08,4.18,7356173,4.15
2014/08/06,4.18,4.28,4.11,4.22,8130753,4.20
2014/08/07,4.23,4.31,4.06,4.08,9803224,4.18
2014/08/08,4.12,4.22,4.03,4.22,7907336,4.13
2014/08/11,4.24,4.28,4.15,4.16,10353767,4.22
2014/08/12,4.16,4.17,4.01,4.08,16323824,4.09
2014/08/13,4.08,4.19,4.02,4.11,8613760,4.10
2014/08/14,4.09,4.21,4.09,4.12,10134832,4.15
2014/08/15,4.13,4.24,4.09,4.23,10506157,4.17
2014/08/18,4.27,4.62,4.21,4.49,22307146,4.42
2014/08/19,4.49,4.69,4.42,4.69,19012741,4.56
2014/08/20,4.63,4.73,4.52,4.59,11473930,4.63
2014/08/21,4.58,5.01,4.58,4.79,20673388,4.79
2014/08/22,4.79,4.93,4.73,4.80,15103318,4.83
2014/08/25,4.72,4.81,4.52,4.61,16003596,4.66
2014/08/26,4.59,4.72,4.52,4.59,10472872,4.62
2014/08/27,4.58,4.66,4.50,4.54,7034161,4.58
2014/08/28,4.54,4.71,4.52,4.57,6522641,4.61
2014/08/29,4.61,4.74,4.56,4.69,13417838,4.65
2014/09/01,4.69,4.83,4.63,4.80,11686065,4.73
2014/09/02,4.78,4.91,4.73,4.86,16739794,4.82
2014/09/03,4.88,4.92,4.75,4.90,17152957,4.83
2014/09/04,4.85,4.93,4.83,4.86,8987171,4.88
2014/09/05,4.86,4.86,4.61,4.67,17277145,4.74
2014/09/09,4.67,4.77,4.60,4.73,9576815,4.68
2014/09/10,4.75,4.84,4.68,4.83,11609895,4.76
2014/09/11,4.84,4.89,4.74,4.77,11598003,4.81
2014/09/12,4.78,4.89,4.76,4.80,10060051,4.82
2014/09/15,4.78,4.81,4.68,4.70,15208533,4.74
2014/09/16,4.71,4.71,4.30,4.39,20369597,4.50
2014/09/17,4.36,4.45,4.27,4.38,8962080,4.36
2014/09/18,4.38,4.38,4.27,4.32,6334759,4.32
2014/09/19,4.32,4.44,4.28,4.41,9812909,4.36
2014/09/22,4.40,4.52,4.33,4.44,11239786,4.42
2014/09/23,4.44,4.51,4.39,4.45,7015835,4.45
2014/09/24,4.44,4.56,4.39,4.54,14304305,4.47
2014/09/25,4.54,4.62,4.46,4.54,11468132,4.54
2014/09/26,4.52,4.58,4.50,4.56,8206132,4.54
2014/09/29,4.56,4.72,4.56,4.71,13860614,4.64
2014/09/30,4.76,4.77,4.66,4.71,6217147,4.71
2014/10/08,4.71,4.71,4.60,4.66,7978446,4.65
2014/10/09,4.66,4.69,4.56,4.62,8563971,4.63
2014/10/10,4.61,4.68,4.58,4.64,7308955,4.63
2014/10/13,4.64,4.64,4.44,4.49,10044355,4.54
2014/10/14,4.49,4.52,4.44,4.48,7233832,4.48
2014/10/15,4.49,4.53,4.47,4.51,5737028,4.50
2014/10/16,4.51,4.52,4.38,4.49,13070352,4.45
2014/10/17,4.46,4.49,4.25,4.42,6753711,4.37
2014/10/20,4.41,4.51,4.38,4.51,6360655,4.44
2014/10/21,4.51,4.52,4.46,4.46,5736141,4.49
2014/10/22,4.47,4.67,4.46,4.62,15766578,4.56
2014/10/23,4.59,4.74,4.54,4.62,11421726,4.64
2014/10/24,4.63,4.85,4.61,4.83,19153877,4.73
2014/10/27,4.74,4.86,4.72,4.84,13978696,4.79
2014/10/28,4.84,5.07,4.83,5.04,26135902,4.95
2014/10/29,5.03,5.18,4.99,5.14,20206235,5.08
2014/10/30,5.14,5.24,5.05,5.21,20138266,5.15
2014/10/31,5.16,5.21,5.05,5.11,10435672,5.13
2014/11/03,5.08,5.42,5.01,5.24,15322269,5.21
2014/11/04,5.24,5.31,5.12,5.23,6871538,5.21
2014/11/05,5.18,5.32,5.13,5.13,5305064,5.23
2014/11/06,5.08,5.19,4.98,5.14,8644304,5.09
2014/11/07,5.14,5.18,5.01,5.02,7430147,5.09
2014/11/10,4.99,5.12,4.91,5.08,6837341,5.02
2014/11/11,5.08,5.08,4.66,4.78,12051615,4.87
2014/11/12,4.77,4.87,4.71,4.84,6153358,4.79
2014/11/13,4.84,4.91,4.47,4.57,11042451,4.69
2014/11/14,4.53,4.69,4.41,4.60,7542182,4.55
2014/11/17,4.61,4.69,4.59,4.62,6466608,4.64
2014/11/18,4.62,4.66,4.59,4.63,3943376,4.63
2014/11/19,4.63,4.79,4.63,4.74,9416852,4.71
2014/11/20,4.73,4.80,4.69,4.72,5423705,4.75
2014/11/21,4.72,4.77,4.63,4.71,6382265,4.70
2014/11/24,4.74,4.76,4.65,4.69,7000620,4.71
2014/11/25,4.69,4.84,4.68,4.80,9263755,4.76
2014/11/26,4.80,4.83,4.67,4.72,9447412,4.75
2014/11/27,4.71,5.01,4.69,4.99,15776430,4.85
2014/11/28,4.99,4.99,4.85,4.91,12488822,4.92
2014/12/01,4.92,4.95,4.74,4.77,8035090,4.85
2014/12/02,4.71,5.03,4.69,4.83,10440642,4.86
2014/12/03,4.81,4.88,4.74,4.86,7698391,4.81
2014/12/04,4.86,4.96,4.83,4.90,12397321,4.90
2014/12/05,4.86,4.89,4.52,4.62,17716519,4.70
2014/12/08,4.58,4.58,4.34,4.36,19460404,4.46
2014/12/09,4.36,4.38,3.96,4.02,22829051,4.17
2014/12/10,4.02,4.28,3.74,4.22,12266501,4.01
2014/12/11,4.17,4.49,4.14,4.36,13723685,4.31
2014/12/12,4.38,4.43,4.30,4.38,7862160,4.36
2014/12/15,4.37,4.52,4.32,4.46,9821017,4.42
2014/12/16,4.46,4.48,4.36,4.40,7365745,4.42
2014/12/17,4.29,4.42,4.06,4.13,16734903,4.24
2014/12/18,4.16,4.16,4.01,4.03,12729469,4.08
2014/12/19,4.04,4.22,3.86,4.22,15851286,4.04
2014/12/22,4.17,4.27,3.91,4.01,9026476,4.09
2014/12/23,4.00,4.11,3.90,3.92,5316336,4.01
2014/12/24,3.99,4.06,3.94,4.02,4286068,4.00
2014/12/25,4.02,4.09,3.99,4.03,4600659,4.04
2014/12/26,4.03,4.10,3.97,4.05,11077092,4.03
2014/12/29,4.17,4.17,4.05,4.07,7871841,4.11
2014/12/30,4.08,4.12,3.93,4.00,4890981,4.03
2014/12/31,3.97,4.21,3.96,4.12,7553141,4.08
2015/01/05,4.13,4.47,4.07,4.34,19720634,4.27
2015/01/06,4.33,4.51,4.22,4.46,13481971,4.36
2015/01/07,4.43,4.54,4.33,4.44,12573882,4.44
2015/01/08,4.43,4.52,4.35,4.35,6074204,4.43
2015/01/09,4.35,4.53,4.28,4.43,15489381,4.41
2015/01/12,4.47,4.51,4.43,4.48,19141273,4.47
2015/01/13,4.49,4.52,4.44,4.46,6399918,4.48
2015/01/14,4.46,4.51,4.42,4.47,10603021,4.46
2015/01/15,4.48,4.69,4.44,4.63,19808522,4.57
2015/01/16,4.60,4.98,4.60,4.97,20923269,4.79
2015/01/19,4.83,5.17,4.72,4.89,17342060,4.94
2015/01/20,4.89,5.39,4.89,5.39,25873564,5.14
2015/01/21,5.39,5.51,5.31,5.41,21077620,5.41
2015/01/22,5.36,5.45,5.32,5.42,15543105,5.39
2015/01/23,5.41,5.96,5.31,5.96,31674470,5.63
2015/01/26,5.94,6.34,5.76,5.95,23716204,6.05
2015/01/27,5.96,6.23,5.86,6.19,17049623,6.05
2015/01/28,6.12,6.32,6.09,6.26,23025427,6.21
2015/01/29,6.26,6.28,5.87,6.13,27742414,6.08
2015/01/30,6.13,6.13,5.81,5.91,12471805,5.97
2015/02/02,5.90,6.09,5.77,6.07,8520181,5.93
2015/02/03,6.06,6.25,6.06,6.22,6650213,6.15
2015/02/04,6.28,6.52,6.20,6.21,7259121,6.36
2015/02/05,6.23,6.35,6.11,6.19,7179039,6.23
2015/02/06,6.14,6.29,6.08,6.13,4834519,6.19
2015/02/09,6.13,6.24,6.03,6.08,5094271,6.14
2015/02/10,6.08,6.61,6.08,6.45,11483173,6.35
2015/02/11,6.49,6.60,6.35,6.49,6966009,6.47
2015/02/12,6.51,6.71,6.45,6.52,11082574,6.58
2015/02/13,6.52,6.98,6.52,6.82,10026426,6.75
2015/02/16,6.89,7.04,6.69,6.82,7466796,6.87
2015/02/17,6.87,6.88,6.72,6.81,3065181,6.80
2015/02/25,6.80,6.99,6.63,6.91,5462593,6.81
2015/02/26,6.91,7.04,6.80,7.02,4002882,6.92
2015/02/27,7.00,7.14,6.89,6.98,5424967,7.01
2015/03/02,6.97,7.32,6.97,7.16,6972046,7.15
2015/03/03,7.12,7.22,6.97,7.06,5212403,7.09
2015/03/04,7.07,7.16,6.80,7.09,5536336,6.98
2015/03/05,7.23,7.39,6.97,7.08,9796036,7.18
2015/03/06,7.12,7.19,6.63,7.11,10221591,6.91
2015/03/09,7.06,7.30,6.93,7.18,4833030,7.11
2015/03/10,7.17,7.31,7.13,7.14,4704925,7.22
2015/03/11,7.11,7.20,6.88,7.13,6018558,7.04
2015/03/12,7.13,7.15,6.97,6.99,3535259,7.06
2015/03/13,6.99,7.52,6.91,7.21,5792697,7.21
2015/03/16,7.19,7.47,7.07,7.21,10209494,7.27
2015/03/17,7.30,7.43,7.21,7.29,8162674,7.32
2015/03/18,7.41,7.79,7.34,7.74,13328562,7.56
2015/03/19,7.74,8.41,7.69,7.95,15657604,8.05
2015/03/20,7.92,8.08,7.80,7.89,7749587,7.94
2015/03/23,7.89,8.29,7.86,8.18,9964892,8.07
2015/03/24,8.16,8.68,8.00,8.56,16738279,8.34
2015/03/25,8.55,9.01,8.38,8.75,14293986,8.70
2015/03/26,8.72,8.91,8.19,8.23,16843020,8.55
2015/03/27,8.27,8.36,7.84,8.18,10993299,8.10
2015/03/30,8.44,8.49,8.09,8.47,14467111,8.29
2015/03/31,8.44,8.79,8.41,8.60,9160804,8.60
2015/04/01,8.61,9.01,8.47,8.99,9763512,8.74
2015/04/02,9.13,9.69,8.99,9.69,13596268,9.34
2015/04/03,9.58,10.58,9.49,10.34,14061829,10.04
2015/04/07,10.24,10.42,9.94,10.36,10088912,10.18
2015/04/08,10.14,10.52,9.79,10.37,13140139,10.15
2015/04/09,10.30,10.40,9.56,9.93,10163190,9.98
2015/04/10,9.85,10.27,9.69,10.13,18973108,9.98
2015/04/13,9.99,10.62,9.99,10.31,12753191,10.30
2015/04/14,10.31,10.91,10.29,10.39,8255798,10.60
2015/04/15,10.39,10.39,9.58,9.97,7988246,9.99
2015/04/16,9.86,10.21,9.41,9.86,7843877,9.81
2015/04/17,9.86,10.21,9.41,9.86,0,9.81
2015/04/20,10.23,10.23,9.38,9.57,12742771,9.81
2015/04/21,9.59,9.80,9.59,9.79,6603748,9.70
2015/04/22,9.86,10.28,9.86,9.97,7446489,10.07
2015/04/23,9.96,10.08,9.77,9.86,8584943,9.92
2015/04/24,9.69,9.96,9.44,9.53,6435433,9.70
2015/04/27,9.66,9.91,9.52,9.61,7623343,9.71
2015/04/28,9.60,9.69,8.98,9.41,5505054,9.33
2015/04/29,9.36,9.84,9.36,9.73,4762462,9.60
2015/04/30,9.67,10.23,9.64,9.91,6852854,9.94
2015/05/04,10.08,10.90,9.97,10.84,14814759,10.44
2015/05/05,11.01,11.72,10.90,11.49,14079125,11.31
2015/05/06,11.63,12.19,11.11,11.18,7967038,11.65
2015/05/07,11.08,11.69,11.05,11.39,6707510,11.37
2015/05/08,11.42,12.29,11.42,12.25,8997346,11.85
2015/05/11,12.42,12.83,12.31,12.49,8538359,12.57
2015/05/12,12.53,13.27,12.40,13.03,12398430,12.83
2015/05/13,12.74,12.91,12.19,12.72,10257685,12.55
2015/05/14,12.74,13.26,12.68,12.85,10969199,12.97
2015/05/15,12.85,13.96,12.41,13.29,13002192,13.19
2015/05/18,13.04,13.28,12.96,13.15,7917441,13.12
2015/05/19,13.01,13.46,12.74,13.09,6366531,13.10
2015/05/20,13.13,13.80,13.08,13.52,9488814,13.44
2015/05/21,13.88,14.82,12.85,14.71,33023230,14.05
2015/05/22,14.71,15.57,14.21,14.64,30914541,14.95
2015/05/25,14.30,15.00,13.61,14.83,24420752,14.55
2015/05/26,14.99,15.30,14.73,15.20,21168436,15.11
2015/05/27,15.50,16.72,15.28,16.72,28735110,16.15
2015/05/28,17.00,17.15,15.05,15.05,52028240,15.77
2015/05/29,14.25,14.68,13.55,14.01,49642291,14.02
2015/06/01,14.06,14.55,13.71,14.37,34161057,14.22
2015/06/02,14.32,14.80,14.10,14.80,42685064,14.38
2015/06/03,14.81,15.55,14.52,15.29,33343193,15.14
2015/06/04,15.37,15.37,14.18,14.94,22875781,14.88
2015/06/05,15.10,15.75,14.45,15.68,71994611,15.22
2015/06/08,15.90,15.98,14.89,15.11,29187148,15.36
2015/06/09,15.08,15.25,14.48,14.64,21607153,14.80
2015/06/10,14.64,15.17,14.49,15.00,20268962,14.85
2015/06/11,15.00,15.90,15.00,15.50,35999104,15.57
2015/06/12,15.65,15.80,15.29,15.44,23289416,15.55
2015/06/15,15.45,15.61,14.89,14.94,25452568,15.15
2015/06/16,14.90,14.90,13.98,14.17,16739958,14.35
2015/06/17,14.15,15.30,13.59,15.10,19255187,14.35
2015/06/18,15.30,15.89,15.00,15.15,32671626,15.51
2015/06/19,14.90,14.99,13.80,14.00,17659039,14.48
2015/06/23,14.03,14.70,12.60,14.33,16599373,13.99
2015/06/24,14.50,14.92,14.02,14.73,17881390,14.60
2015/06/25,14.70,14.80,13.89,14.05,14048459,14.42
2015/06/26,13.66,13.66,12.65,12.65,17623949,12.99
2015/06/29,13.66,13.66,12.65,12.65,0,13.16
2015/06/30,13.66,13.66,12.65,12.65,0,13.16
2015/07/01,13.66,13.66,12.65,12.65,0,13.16
2015/07/02,13.66,13.66,12.65,12.65,0,13.16
2015/07/03,13.66,13.66,12.65,12.65,0,13.16
2015/07/06,13.66,13.66,12.65,12.65,0,13.16
2015/07/07,13.66,13.66,12.65,12.65,0,13.16
2015/07/08,13.66,13.66,12.65,12.65,0,13.16
2015/07/09,13.66,13.66,12.65,12.65,0,13.16
2015/07/10,13.66,13.66,12.65,12.65,0,13.16
2015/07/13,13.66,13.66,12.65,12.65,0,13.16
2015/07/14,13.66,13.66,12.65,12.65,0,13.16
2015/07/15,13.66,13.66,12.65,12.65,0,13.16
2015/07/16,13.66,13.66,12.65,12.65,0,13.16
2015/07/17,13.66,13.66,12.65,12.65,0,13.16
2015/07/20,13.66,13.66,12.65,12.65,0,13.16
2015/07/21,13.66,13.66,12.65,12.65,0,13.16
2015/07/22,13.66,13.66,12.65,12.65,0,13.16
2015/07/23,13.66,13.66,12.65,12.65,0,13.16
2015/07/24,13.66,13.66,12.65,12.65,0,13.16
2015/07/27,13.66,13.66,12.65,12.65,0,13.16
2015/07/28,13.66,13.66,12.65,12.65,0,13.16
2015/07/29,13.66,13.66,12.65,12.65,0,13.16
2015/07/30,13.66,13.66,12.65,12.65,0,13.16
2015/07/31,13.66,13.66,12.65,12.65,0,13.16
2015/08/03,13.66,13.66,12.65,12.65,0,13.16
2015/08/04,13.66,13.66,12.65,12.65,0,13.16
2015/08/05,13.66,13.66,12.65,12.65,0,13.16
2015/08/06,13.66,13.66,12.65,12.65,0,13.16
2015/08/07,13.66,13.66,12.65,12.65,0,13.16
2015/08/10,13.66,13.66,12.65,12.65,0,13.16
2015/08/11,13.66,13.66,12.65,12.65,0,13.16
2015/08/12,13.66,13.66,12.65,12.65,0,13.16
2015/08/13,13.66,13.66,12.65,12.65,0,13.16
2015/08/14,13.66,13.66,12.65,12.65,0,13.16
2015/08/17,13.66,13.66,12.65,12.65,0,13.16
2015/08/18,13.66,13.66,12.65,12.65,0,13.16
2015/08/19,13.66,13.66,12.65,12.65,0,13.16
2015/08/20,13.66,13.66,12.65,12.65,0,13.16
2015/08/21,13.66,13.66,12.65,12.65,0,13.16
2015/08/24,13.66,13.66,12.65,12.65,0,13.16
2015/08/25,13.66,13.66,12.65,12.65,0,13.16
2015/08/26,13.66,13.66,12.65,12.65,0,13.16
2015/08/27,13.66,13.66,12.65,12.65,0,13.16
2015/08/28,13.66,13.66,12.65,12.65,0,13.16
2015/08/31,13.66,13.66,12.65,12.65,0,13.16
2015/09/01,13.66,13.66,12.65,12.65,0,13.16
2015/09/02,13.66,13.66,12.65,12.65,0,13.16
2015/09/07,13.66,13.66,12.65,12.65,0,13.16
2015/09/08,13.66,13.66,12.65,12.65,0,13.16
2015/09/09,13.66,13.66,12.65,12.65,0,13.16
2015/09/10,13.66,13.66,12.65,12.65,0,13.16
2015/09/11,13.66,13.66,12.65,12.65,0,13.16
2015/09/14,13.66,13.66,12.65,12.65,0,13.16
2015/09/15,13.66,13.66,12.65,12.65,0,13.16
2015/09/16,13.66,13.66,12.65,12.65,0,13.16
2015/09/17,13.66,13.66,12.65,12.65,0,13.16
2015/09/18,13.66,13.66,12.65,12.65,0,13.16
2015/09/21,13.66,13.66,12.65,12.65,0,13.16
2015/09/22,13.66,13.66,12.65,12.65,0,13.16
2015/09/23,13.66,13.66,12.65,12.65,0,13.16
2015/09/24,13.66,13.66,12.65,12.65,0,13.16
2015/09/25,13.66,13.66,12.65,12.65,0,13.16
2015/09/28,13.66,13.66,12.65,12.65,0,13.16
2015/09/29,13.66,13.66,12.65,12.65,0,13.16
2015/09/30,13.66,13.66,12.65,12.65,0,13.16
2015/10/08,13.66,13.66,12.65,12.65,0,13.16
2015/10/09,13.66,13.66,12.65,12.65,0,13.16
2015/10/12,13.66,13.66,12.65,12.65,0,13.16
2015/10/13,13.66,13.66,12.65,12.65,0,13.16
2015/10/14,13.66,13.66,12.65,12.65,0,13.16
2015/10/15,11.39,11.39,11.39,11.39,11135900,11.39
2015/10/16,10.25,10.25,10.25,10.25,4896300,10.25
2015/10/19,9.31,11.28,9.31,10.07,178404607,9.96
2015/10/20,9.60,10.05,9.58,9.80,104502994,9.82
2015/10/21,9.91,10.18,9.10,9.14,85595062,9.77
2015/10/22,9.04,9.81,9.04,9.69,53282281,9.40
2015/10/23,9.70,10.13,9.44,9.67,82056928,9.72
2015/10/26,9.78,10.10,9.55,10.08,79990048,9.83
2015/10/27,10.06,10.08,9.58,9.94,74605064,9.86
2015/10/28,9.80,9.92,9.30,9.40,60565279,9.60
2015/10/29,9.41,9.52,9.18,9.34,28753260,9.36
2015/10/30,9.34,9.45,9.15,9.41,25207996,9.29
2015/11/02,9.22,9.25,8.50,8.70,54164929,9.03
2015/11/03,8.69,8.79,7.86,8.10,67589734,8.29
2015/11/04,8.18,8.72,8.10,8.69,53180864,8.44
2015/11/05,8.82,9.31,8.76,9.12,66533571,9.10
2015/11/06,9.06,9.28,9.02,9.20,52418404,9.15
2015/11/09,9.08,9.63,9.02,9.46,52025688,9.37
2015/11/10,9.36,9.59,9.21,9.47,46101690,9.40
2015/11/11,9.47,9.86,9.35,9.70,47895244,9.61
2015/11/12,9.70,10.67,9.70,10.67,81515318,10.24
2015/11/13,10.74,10.75,9.98,10.16,69583962,10.32
2015/11/16,9.86,11.17,9.80,10.99,65918818,10.74
2015/11/17,11.06,11.17,10.46,10.46,74416970,10.81
2015/11/18,10.48,10.66,10.20,10.25,35576297,10.44
2015/11/19,10.27,10.87,10.13,10.62,44099939,10.48
2015/11/20,10.68,10.76,10.40,10.65,45808679,10.59
2015/11/23,10.58,10.58,10.28,10.33,44077192,10.41
2015/11/24,10.20,10.49,10.01,10.43,33807083,10.23
2015/11/25,9.45,10.13,9.39,9.90,189718325,9.52
2015/11/26,9.50,9.78,9.42,9.50,120520192,9.58
2015/11/27,9.40,9.93,9.05,9.22,91187961,9.57
2015/11/30,9.27,9.33,8.30,8.82,74566551,8.75
2015/12/01,8.70,9.02,8.60,8.75,49307282,8.80
2015/12/02,8.86,9.00,8.31,8.80,42908219,8.69
2015/12/03,8.80,8.99,8.73,8.92,40677997,8.86
2015/12/04,8.88,9.18,8.78,9.11,51818203,8.97
2015/12/07,9.02,9.10,8.86,9.00,40476908,8.98
2015/12/08,8.96,8.96,8.51,8.63,41521829,8.68
2015/12/09,8.62,8.63,8.40,8.42,26917658,8.49
2015/12/10,8.45,8.55,8.32,8.37,27161322,8.42
2015/12/11,8.32,8.48,8.32,8.39,20882439,8.41
2015/12/14,8.30,8.42,8.05,8.41,25980644,8.22
2015/12/15,8.39,8.65,8.33,8.53,31837074,8.50
2015/12/16,8.54,8.69,8.48,8.55,28322116,8.57
2015/12/17,8.58,8.98,8.57,8.93,50223865,8.80
2015/12/18,9.45,9.79,9.11,9.14,79482578,9.38
2015/12/21,8.90,9.31,8.85,9.13,48767448,9.08
2015/12/22,9.10,9.12,8.93,9.02,31739670,9.01
2015/12/23,9.03,9.05,8.72,8.75,34182312,8.89
2015/12/24,8.75,8.79,8.51,8.67,22473760,8.62
2015/12/25,8.70,8.85,8.66,8.79,18188043,8.76
2015/12/28,8.83,8.95,8.63,8.66,30358310,8.82
2015/12/29,8.58,8.72,8.52,8.68,17248387,8.60
2015/12/30,8.67,8.83,8.64,8.79,20124846,8.75
2015/12/31,8.77,9.07,8.75,8.84,32519603,8.92
2016/01/04,8.65,8.65,7.96,7.96,43227294,8.16
2016/01/05,7.32,7.74,7.16,7.29,46635374,7.40
2016/01/06,7.39,7.43,7.14,7.40,39196860,7.29
2016/01/07,7.20,7.21,6.66,6.66,10751612,6.86
2016/01/08,6.70,6.85,6.02,6.39,54150655,6.42
2016/01/11,6.19,6.24,5.75,5.75,37026738,5.99
2016/01/12,5.75,5.83,5.53,5.75,31397798,5.71
2016/01/13,5.79,5.84,5.46,5.48,26326776,5.71
2016/01/14,5.22,5.75,5.20,5.70,32341550,5.50
2016/01/15,5.61,5.69,5.26,5.33,27010379,5.49
2016/01/18,5.20,5.63,5.13,5.49,28372892,5.44
2016/01/19,5.48,5.86,5.42,5.79,38380485,5.65
2016/01/20,5.78,5.99,5.70,5.90,41871191,5.85
2016/01/21,5.77,6.06,5.55,5.55,38031038,5.82
2016/01/22,5.64,5.70,5.35,5.66,33438134,5.52
2016/01/25,5.69,5.82,5.64,5.75,23990513,5.72
2016/01/26,5.65,5.68,5.18,5.18,31074106,5.39
2016/01/27,5.18,5.25,4.72,5.08,24372921,5.00
2016/01/28,5.02,5.13,4.70,4.77,18789585,4.96
2016/01/29,4.78,5.08,4.76,5.02,22123752,4.95
2016/02/01,4.91,4.98,4.70,4.83,24533829,4.86
2016/02/02,4.85,5.09,4.80,5.07,26625751,5.00
2016/02/03,5.00,5.12,4.88,5.07,22165488,4.99
2016/02/04,5.07,5.25,5.03,5.22,25315083,5.16
2016/02/05,5.21,5.28,5.06,5.06,24369464,5.12
2016/02/15,4.85,5.09,4.78,5.00,19982488,4.92
2016/02/16,5.01,5.50,5.01,5.50,30179566,5.34
2016/02/17,5.55,5.64,5.34,5.61,47383927,5.49
2016/02/18,5.55,5.65,5.48,5.51,34502611,5.56
2016/02/19,5.44,5.60,5.44,5.52,27445030,5.51
2016/02/22,5.41,6.00,5.09,5.93,126371686,5.39
2016/02/23,5.69,5.84,5.54,5.60,85342184,5.67
2016/02/24,5.46,5.58,5.28,5.51,62193701,5.45
2016/02/25,5.47,5.61,4.96,4.96,76124478,5.33
2016/02/26,4.97,5.06,4.73,4.88,47079308,4.92
2016/02/29,4.81,4.83,4.39,4.39,46192841,4.47
2016/03/01,4.38,4.52,4.26,4.48,33255415,4.42
2016/03/02,4.45,4.92,4.43,4.84,52811524,4.70
2016/03/03,4.78,4.99,4.76,4.84,49104730,4.88
2016/03/04,4.80,4.84,4.42,4.48,42433640,4.62
2016/03/07,4.60,4.93,4.60,4.93,36443953,4.83
2016/03/08,5.14,5.42,4.90,5.35,140873451,5.19
2016/03/09,5.00,5.13,4.90,4.98,74721445,5.02
2016/03/10,5.00,5.06,4.75,4.79,44483706,4.88
2016/03/11,4.67,4.81,4.62,4.77,26803835,4.73
2016/03/14,4.85,5.11,4.84,5.01,49462654,5.00
2016/03/15,4.96,5.09,4.85,5.05,45324923,4.98
2016/03/16,5.07,5.13,4.92,4.94,31554200,5.00
2016/03/17,5.01,5.24,4.97,5.20,66766383,5.12
2016/03/18,5.24,5.55,5.16,5.45,96642611,5.31
2016/03/21,5.53,5.69,5.40,5.62,82218024,5.54
2016/03/22,5.43,5.54,5.39,5.45,70266289,5.46
2016/03/23,5.37,5.58,5.31,5.54,64099625,5.46
2016/03/24,5.52,5.52,5.25,5.27,59510920,5.37
2016/03/25,5.19,5.36,5.17,5.32,40997845,5.25
2016/03/28,5.35,5.50,5.30,5.34,51918597,5.41
2016/03/29,5.29,5.36,5.13,5.20,32216462,5.23
2016/03/30,5.24,5.45,5.23,5.41,40332538,5.34
2016/03/31,5.39,5.47,5.28,5.31,43264828,5.36
2016/04/01,5.27,5.29,5.14,5.23,33497683,5.20
2016/04/05,5.24,5.47,5.18,5.43,49954757,5.34
2016/04/06,5.40,5.46,5.33,5.42,46001927,5.40
2016/04/07,5.44,5.63,5.44,5.46,76504019,5.52
2016/04/08,5.35,5.40,5.28,5.38,40156229,5.34
2016/04/11,5.48,5.56,5.43,5.53,52327739,5.51
2016/04/12,5.52,5.63,5.36,5.52,42275961,5.49
2016/04/13,5.55,6.07,5.54,5.91,139677721,5.95
2016/04/14,5.80,5.92,5.71,5.88,81370992,5.81
2016/04/15,5.81,5.88,5.77,5.84,43629552,5.82
2016/04/18,5.80,5.80,5.64,5.68,37586903,5.70
2016/04/19,5.76,5.84,5.65,5.78,35383217,5.74
2016/04/20,5.85,5.85,5.22,5.38,54058623,5.52
2016/04/21,5.42,5.92,5.37,5.92,94485220,5.73
2016/04/22,5.94,6.35,5.88,6.15,153403642,6.15
2016/04/25,6.03,6.10,5.86,6.01,76448327,5.97
2016/04/26,5.88,5.94,5.67,5.84,81694046,5.79
2016/04/27,5.82,6.42,5.78,6.33,176530179,6.29
2016/04/28,6.22,6.42,6.00,6.30,132986955,6.21
2016/04/29,6.18,6.31,6.12,6.12,60798448,6.19
2016/05/03,6.14,6.54,6.05,6.48,85177957,6.36
2016/05/04,6.45,7.08,6.38,6.65,122236748,6.73
2016/05/05,6.61,6.96,6.55,6.84,94806887,6.75
2016/05/06,6.76,6.82,6.33,6.40,95293141,6.62
2016/05/09,6.31,6.57,6.05,6.57,82238860,6.32
2016/05/10,6.45,6.62,6.30,6.37,55358783,6.47
2016/05/11,6.35,6.53,6.20,6.35,56574872,6.36
2016/05/12,6.19,6.38,6.04,6.29,47779413,6.22
2016/05/13,6.22,6.41,6.11,6.18,42085976,6.27
2016/05/16,6.15,6.33,6.02,6.33,48223414,6.19
2016/05/17,6.31,6.70,6.31,6.59,93542020,6.55
2016/05/18,6.48,6.66,6.15,6.32,68913137,6.45
2016/05/19,6.30,6.52,6.13,6.20,51526823,6.32
2016/05/20,6.11,6.25,6.05,6.20,43894220,6.15
2016/05/23,6.18,6.33,6.16,6.28,36000606,6.26
2016/05/24,6.25,6.35,6.05,6.06,38219976,6.17
2016/05/25,6.12,6.25,6.07,6.09,33941002,6.14
2016/05/26,6.08,6.16,5.78,5.96,46463894,5.92
2016/05/27,5.95,5.95,5.79,5.80,34142576,5.85
2016/05/30,5.75,5.82,5.65,5.65,24926849,5.72
2016/05/31,5.62,5.89,5.60,5.88,48459599,5.79
2016/06/01,5.87,5.94,5.81,5.83,45526797,5.86
2016/06/02,5.80,6.10,5.72,6.03,65027228,5.91
2016/06/03,5.98,6.03,5.86,5.90,46218025,5.94
2016/06/06,5.91,6.03,5.87,5.95,28405330,5.93
2016/06/07,5.97,6.01,5.85,5.88,30436048,5.93
2016/06/08,5.84,5.86,5.67,5.70,37311540,5.73
2016/06/13,5.60,5.61,5.17,5.20,35414679,5.44
2016/06/14,5.14,5.20,5.06,5.14,23766950,5.13
2016/06/15,5.08,5.42,5.06,5.35,35142200,5.26
2016/06/16,5.30,5.41,5.23,5.27,27856185,5.32
2016/06/17,5.26,5.36,5.25,5.28,19028362,5.31
2016/06/20,5.30,5.34,5.16,5.22,15427447,5.21
2016/06/21,5.25,5.35,5.13,5.16,23485804,5.24
2016/06/22,5.15,5.23,5.12,5.22,14664604,5.18
2016/06/23,5.20,5.26,5.18,5.21,16170810,5.22
2016/06/24,5.23,5.26,5.00,5.13,22878140,5.15
2016/06/27,5.06,5.22,5.06,5.22,20534907,5.17
2016/06/28,5.19,5.29,5.16,5.29,23448148,5.23
2016/06/29,5.31,5.43,5.30,5.35,26464337,5.36
2016/06/30,5.32,5.40,5.25,5.30,25680192,5.31
2016/07/01,5.30,5.32,5.25,5.27,18208127,5.28
2016/07/04,5.23,5.49,5.19,5.46,39352963,5.39
2016/07/05,5.43,5.47,5.38,5.44,28926662,5.43
2016/07/06,5.40,5.50,5.36,5.48,25980312,5.43
2016/07/07,5.48,5.48,5.34,5.40,24219753,5.42
2016/07/08,5.40,5.42,5.34,5.37,15121813,5.39
2016/07/11,5.25,5.29,5.12,5.15,47574940,5.20
2016/07/12,5.08,5.08,4.66,4.93,82464272,4.85
2016/07/13,4.87,4.93,4.77,4.90,45156764,4.86
2016/07/14,4.89,4.93,4.82,4.89,28942255,4.88
2016/07/15,4.88,4.99,4.86,4.96,33378571,4.92
2016/07/18,4.94,4.95,4.84,4.87,19740042,4.88
2016/07/19,4.90,4.91,4.84,4.91,18376834,4.88
2016/07/20,4.90,4.93,4.87,4.88,15709193,4.90
2016/07/21,4.88,4.95,4.86,4.92,21023485,4.92
2016/07/22,4.92,4.92,4.85,4.88,15618660,4.88
2016/07/25,4.93,5.37,4.93,5.37,47324096,5.25
2016/07/26,5.42,5.58,5.31,5.34,95972600,5.45
2016/07/27,5.25,5.29,4.87,5.01,69999700,5.13
2016/07/28,4.99,5.38,4.95,5.33,81011900,5.25
2016/07/29,5.25,5.26,5.12,5.19,36629693,5.19
2016/08/01,5.02,5.03,4.67,4.83,51289483,4.83
2016/08/02,4.80,4.86,4.75,4.84,21382665,4.81
2016/08/03,4.82,4.91,4.76,4.85,24726679,4.83
2016/08/04,4.84,4.88,4.80,4.85,17689661,4.84
2016/08/05,4.84,4.86,4.80,4.80,14908445,4.82
2016/08/08,4.80,4.88,4.75,4.86,17185443,4.83
2016/08/09,4.80,4.88,4.75,4.86,0,4.81
