Date, SZ300325.Open, SZ300325.High, SZ300325.Low, SZ300325.Close, SZ300325.Volume, SZ300325.Adjusted
2012/06/01,4.35,4.35,3.97,4.00,10219631,4.16
2012/06/04,3.82,3.82,3.76,3.76,4202107,3.79
2012/06/05,3.73,3.77,3.68,3.72,2434614,3.73
2012/06/06,3.72,3.76,3.71,3.73,1235023,3.73
2012/06/07,3.77,3.79,3.67,3.68,1190331,3.73
2012/06/08,3.69,3.70,3.62,3.62,1346509,3.66
2012/06/11,3.61,3.67,3.60,3.65,1454614,3.64
2012/06/12,3.61,3.66,3.60,3.63,920086,3.63
2012/06/13,3.62,3.72,3.62,3.71,1530654,3.67
2012/06/14,3.70,3.75,3.68,3.70,1487611,3.72
2012/06/15,3.71,3.74,3.68,3.72,1008047,3.71
2012/06/18,3.72,3.78,3.72,3.78,1573182,3.75
2012/06/19,3.77,3.77,3.69,3.70,1261427,3.73
2012/06/20,3.70,3.79,3.70,3.77,1753057,3.75
2012/06/21,3.75,3.78,3.67,3.70,1181031,3.72
2012/06/25,3.70,3.70,3.64,3.64,611309,3.67
2012/06/26,3.66,3.97,3.63,3.88,4355244,3.80
2012/06/27,3.84,3.97,3.79,3.83,4138914,3.88
2012/06/28,3.84,3.87,3.75,3.75,2304653,3.81
2012/06/29,3.71,3.84,3.68,3.84,2008687,3.76
2012/07/02,3.83,3.93,3.79,3.90,2228946,3.86
2012/07/03,3.87,3.99,3.85,3.97,3247147,3.92
2012/07/04,3.91,4.07,3.88,3.89,2918164,3.98
2012/07/05,3.88,3.98,3.83,3.96,2314324,3.91
2012/07/06,3.95,3.97,3.72,3.88,2292822,3.85
2012/07/09,3.84,3.84,3.69,3.69,1493999,3.76
2012/07/10,3.71,3.71,3.65,3.65,831909,3.68
2012/07/11,3.65,3.68,3.63,3.65,673670,3.66
2012/07/12,3.63,3.72,3.62,3.70,863497,3.67
2012/07/13,3.67,3.71,3.44,3.44,1968130,3.57
2012/07/16,3.42,3.44,3.23,3.25,1141123,3.33
2012/07/17,3.25,3.34,3.25,3.31,502591,3.29
2012/07/18,3.31,3.32,3.22,3.32,438814,3.27
2012/07/19,3.31,3.47,3.28,3.41,845606,3.38
2012/07/20,3.40,3.46,3.37,3.41,433064,3.42
2012/07/23,3.36,3.41,3.35,3.40,314676,3.38
2012/07/24,3.37,3.44,3.37,3.43,434752,3.41
2012/07/25,3.41,3.52,3.39,3.43,697259,3.46
2012/07/26,3.40,3.43,3.36,3.37,471112,3.40
2012/07/27,3.38,3.40,3.36,3.37,353368,3.38
2012/07/30,3.39,3.39,3.23,3.26,387277,3.31
2012/07/31,3.24,3.28,3.18,3.25,451990,3.23
2012/08/01,3.27,3.37,3.23,3.33,597379,3.30
2012/08/02,3.32,3.37,3.29,3.32,353901,3.33
2012/08/03,3.36,3.43,3.33,3.43,730048,3.38
2012/08/06,3.41,3.49,3.39,3.48,855819,3.44
2012/08/07,3.47,3.50,3.43,3.46,629186,3.47
2012/08/08,3.46,3.48,3.39,3.42,534979,3.44
2012/08/09,3.42,3.51,3.40,3.50,595472,3.45
2012/08/10,3.49,3.50,3.45,3.49,494196,3.48
2012/08/13,3.50,3.52,3.42,3.43,671828,3.47
2012/08/14,3.43,3.48,3.38,3.48,505550,3.43
2012/08/15,3.44,3.55,3.43,3.49,809384,3.49
2012/08/16,3.48,3.49,3.40,3.42,643599,3.45
2012/08/17,3.41,3.45,3.36,3.39,486810,3.41
2012/08/20,3.40,3.41,3.35,3.40,486960,3.38
2012/08/21,3.40,3.49,3.38,3.47,931286,3.44
2012/08/22,3.47,3.52,3.45,3.51,1308214,3.49
2012/08/23,3.50,3.59,3.49,3.58,1298049,3.54
2012/08/24,3.56,3.56,3.46,3.47,894485,3.51
2012/08/27,3.45,3.49,3.37,3.37,565104,3.43
2012/08/28,3.43,3.44,3.35,3.42,633297,3.40
2012/08/29,3.40,3.49,3.39,3.43,548960,3.44
2012/08/30,3.44,3.47,3.28,3.33,862293,3.38
2012/08/31,3.33,3.39,3.32,3.37,339061,3.35
2012/09/03,3.34,3.48,3.32,3.44,578952,3.40
2012/09/04,3.45,3.57,3.45,3.50,1477985,3.51
2012/09/05,3.46,3.62,3.46,3.57,1462669,3.54
2012/09/06,3.61,3.62,3.53,3.58,1090526,3.57
2012/09/07,3.61,3.69,3.60,3.65,1886833,3.65
2012/09/10,3.66,3.74,3.63,3.66,1443667,3.69
2012/09/11,3.63,3.67,3.60,3.61,1018672,3.64
2012/09/12,3.63,3.65,3.56,3.61,858285,3.60
2012/09/13,3.62,3.66,3.59,3.59,711767,3.63
2012/09/14,3.62,3.63,3.50,3.60,1119154,3.56
2012/09/17,3.60,3.60,3.48,3.48,618483,3.54
2012/09/18,3.51,3.57,3.47,3.54,596949,3.52
2012/09/19,3.53,3.63,3.52,3.62,869148,3.57
2012/09/20,3.61,3.61,3.43,3.44,837647,3.52
2012/09/21,3.45,3.49,3.36,3.37,428600,3.43
2012/09/24,3.37,3.41,3.30,3.40,240649,3.35
2012/09/25,3.38,3.39,3.32,3.32,275267,3.35
2012/09/26,3.32,3.36,3.22,3.24,325448,3.29
2012/09/27,3.24,3.36,3.24,3.33,301970,3.30
2012/09/28,3.30,3.40,3.30,3.38,292604,3.35
2012/10/08,3.39,3.40,3.32,3.34,208150,3.36
2012/10/09,3.38,3.69,3.35,3.69,3249002,3.52
2012/10/10,3.75,3.95,3.71,3.78,5041634,3.83
2012/10/11,3.69,3.72,3.57,3.59,2780871,3.65
2012/10/12,3.56,3.65,3.52,3.58,1922304,3.58
2012/10/15,3.58,3.59,3.40,3.46,1735842,3.49
2012/10/16,3.47,3.54,3.45,3.49,890283,3.50
2012/10/17,3.50,3.57,3.49,3.55,989676,3.53
2012/10/18,3.55,3.59,3.54,3.57,998414,3.56
2012/10/19,3.57,3.57,3.50,3.51,822137,3.53
2012/10/22,3.47,3.56,3.47,3.55,527130,3.52
2012/10/23,3.57,3.57,3.50,3.51,481012,3.53
2012/10/24,3.50,3.55,3.47,3.54,503470,3.51
2012/10/25,3.56,3.59,3.50,3.51,720320,3.54
2012/10/26,3.54,3.54,3.36,3.38,893821,3.45
2012/10/29,3.34,3.39,3.32,3.38,388694,3.35
2012/10/30,3.35,3.42,3.35,3.41,387328,3.39
2012/10/31,3.42,3.42,3.36,3.42,300166,3.39
2012/11/01,3.42,3.49,3.40,3.46,566671,3.45
2012/11/02,3.46,3.48,3.42,3.47,315008,3.45
2012/11/05,3.48,3.48,3.41,3.44,273811,3.45
2012/11/06,3.43,3.45,3.38,3.44,448398,3.42
2012/11/07,3.45,3.45,3.40,3.44,248398,3.43
2012/11/08,3.40,3.42,3.35,3.36,373731,3.39
2012/11/09,3.36,3.38,3.32,3.36,196829,3.35
2012/11/12,3.36,3.41,3.36,3.39,398767,3.39
2012/11/13,3.41,3.41,3.31,3.31,295500,3.36
2012/11/14,3.32,3.35,3.31,3.35,218170,3.33
2012/11/15,3.34,3.35,3.26,3.27,376501,3.30
2012/11/16,3.25,3.32,3.25,3.30,212040,3.28
2012/11/19,3.30,3.35,3.29,3.35,208636,3.32
2012/11/20,3.37,3.45,3.35,3.39,560990,3.40
2012/11/21,3.41,3.42,3.34,3.41,319339,3.38
2012/11/22,3.41,3.43,3.37,3.39,342840,3.40
2012/11/23,3.41,3.41,3.37,3.39,279742,3.39
2012/11/26,3.35,3.42,3.34,3.34,142700,3.38
2012/11/27,3.34,3.34,3.22,3.25,405620,3.28
2012/11/28,3.23,3.26,3.15,3.17,276790,3.20
2012/11/29,3.20,3.20,3.09,3.10,134200,3.15
2012/11/30,3.14,3.15,3.08,3.15,200205,3.11
2012/12/03,3.12,3.15,3.02,3.02,166038,3.08
2012/12/04,3.02,3.07,2.96,3.05,224340,3.01
2012/12/05,3.03,3.20,3.03,3.16,522066,3.11
2012/12/06,3.14,3.17,3.13,3.14,176497,3.15
2012/12/07,3.15,3.21,3.13,3.21,464133,3.17
2012/12/10,3.20,3.25,3.20,3.24,496136,3.23
2012/12/11,3.23,3.24,3.20,3.20,362610,3.22
2012/12/12,3.21,3.23,3.16,3.23,423911,3.20
2012/12/13,3.21,3.25,3.17,3.17,282156,3.21
2012/12/14,3.16,3.31,3.16,3.30,644402,3.24
2012/12/17,3.30,3.33,3.27,3.30,646374,3.30
2012/12/18,3.30,3.36,3.27,3.30,549400,3.31
2012/12/19,3.30,3.35,3.30,3.33,369397,3.32
2012/12/20,3.32,3.50,3.31,3.43,1498093,3.41
2012/12/21,3.43,3.74,3.42,3.71,3299056,3.58
2012/12/24,3.71,3.91,3.65,3.83,3439944,3.78
2012/12/25,3.81,3.91,3.77,3.88,3017283,3.84
2012/12/26,3.84,4.28,3.84,4.22,6021665,4.06
2012/12/27,4.18,4.26,4.07,4.10,4350356,4.17
2012/12/28,4.07,4.22,4.05,4.09,4568534,4.13
2012/12/31,4.10,4.12,3.95,4.03,2338543,4.04
2013/01/04,4.00,4.20,3.98,4.15,3186654,4.09
2013/01/07,4.12,4.16,4.05,4.14,1888333,4.10
2013/01/08,4.12,4.25,4.07,4.08,3459769,4.16
2013/01/09,4.02,4.07,3.90,3.95,2551456,3.99
2013/01/10,3.96,4.02,3.91,3.96,1298269,3.96
2013/01/11,4.05,4.37,4.05,4.37,5617220,4.21
2013/01/14,4.82,4.82,4.75,4.82,4771085,4.79
2013/01/15,4.89,5.23,4.85,5.03,9968775,5.04
2013/01/16,5.04,5.55,4.99,5.55,7207732,5.27
2013/01/17,5.74,5.81,4.98,4.98,9696589,5.40
2013/01/18,4.90,5.05,4.87,4.91,5087472,4.96
2013/01/21,4.91,5.31,4.90,5.11,5940755,5.10
2013/01/22,5.04,5.05,4.77,4.87,3927470,4.91
2013/01/23,4.85,5.03,4.82,5.00,3318786,4.93
2013/01/24,4.95,5.02,4.58,4.70,3886920,4.80
2013/01/25,4.69,4.79,4.65,4.72,2230774,4.72
2013/01/28,4.75,4.86,4.72,4.84,2479017,4.79
2013/01/29,4.85,5.01,4.82,4.87,2687155,4.92
2013/01/30,4.91,4.95,4.67,4.95,2328834,4.81
2013/01/31,4.80,4.84,4.76,4.83,1364558,4.80
2013/02/01,4.78,5.04,4.78,5.02,3636704,4.91
2013/02/04,4.97,5.02,4.77,4.80,2504672,4.89
2013/02/05,4.75,4.92,4.68,4.87,2126340,4.80
2013/02/06,4.88,4.91,4.77,4.83,1560216,4.84
2013/02/07,4.82,4.95,4.75,4.93,1851824,4.85
2013/02/08,4.93,5.17,4.89,5.13,3574879,5.03
2013/02/18,5.13,5.13,5.00,5.03,1969804,5.06
2013/02/19,5.02,5.06,4.81,4.81,1870126,4.93
2013/02/20,4.77,4.89,4.77,4.89,1333363,4.83
2013/02/21,4.83,4.88,4.75,4.78,1387717,4.81
2013/02/22,4.78,4.84,4.72,4.73,917463,4.78
2013/02/25,4.74,4.80,4.65,4.76,1071217,4.73
2013/02/26,4.75,4.84,4.70,4.73,1026592,4.77
2013/02/27,4.71,4.76,4.57,4.58,1499542,4.67
2013/02/28,4.60,4.68,4.54,4.67,1179627,4.61
2013/03/01,4.67,4.79,4.64,4.77,1362375,4.71
2013/03/04,4.73,4.73,4.50,4.53,1454179,4.62
2013/03/05,4.48,4.63,4.48,4.61,781986,4.56
2013/03/06,4.69,4.81,4.63,4.79,2032389,4.72
2013/03/07,4.82,4.82,4.64,4.67,1149531,4.73
2013/03/08,4.70,4.74,4.59,4.62,782632,4.67
2013/03/11,4.60,4.68,4.55,4.62,431934,4.61
2013/03/12,4.59,4.70,4.34,4.38,1375277,4.52
2013/03/13,4.37,4.42,4.26,4.35,776740,4.34
2013/03/14,4.35,4.40,4.32,4.36,379746,4.36
2013/03/15,4.36,4.46,4.30,4.37,712363,4.38
2013/03/18,4.34,4.37,4.30,4.30,426333,4.33
2013/03/19,4.31,4.40,4.27,4.37,495247,4.33
2013/03/20,4.36,4.53,4.34,4.52,937859,4.44
2013/03/21,4.50,4.62,4.48,4.56,1050034,4.55
2013/03/22,4.55,4.59,4.49,4.54,563061,4.54
2013/03/25,4.56,4.57,4.47,4.50,530819,4.52
2013/03/26,4.45,4.48,4.29,4.37,785776,4.39
2013/03/27,4.35,4.41,4.31,4.40,534290,4.36
2013/03/28,4.35,4.36,4.20,4.21,753541,4.28
2013/03/29,4.21,4.25,4.16,4.16,542729,4.21
2013/04/01,4.16,4.27,4.15,4.21,421447,4.21
2013/04/02,4.23,4.28,4.17,4.18,410063,4.23
2013/04/03,4.18,4.23,4.13,4.22,260367,4.18
2013/04/08,4.17,4.27,4.10,4.27,673145,4.18
2013/04/09,4.32,4.33,4.25,4.33,658780,4.29
2013/04/10,4.33,4.33,4.23,4.29,453876,4.28
2013/04/11,4.30,4.40,4.27,4.37,869435,4.33
2013/04/12,4.36,4.39,4.27,4.34,803293,4.33
2013/04/15,4.30,4.34,4.20,4.24,364661,4.27
2013/04/16,4.18,4.27,4.18,4.25,217170,4.22
2013/04/17,4.25,4.31,4.23,4.31,387334,4.27
2013/04/18,4.28,4.39,4.27,4.38,665465,4.33
2013/04/19,4.37,4.49,4.37,4.47,1138673,4.43
2013/04/22,4.44,4.52,4.42,4.51,986542,4.47
2013/04/23,4.51,4.51,4.34,4.35,998376,4.42
2013/04/24,4.35,4.61,4.35,4.58,1495536,4.48
2013/04/25,4.57,4.81,4.54,4.62,2413748,4.67
2013/04/26,4.65,4.71,4.46,4.52,1202769,4.58
2013/05/02,4.52,4.64,4.49,4.62,804976,4.56
2013/05/03,4.64,4.79,4.62,4.74,1434325,4.71
2013/05/06,4.74,4.89,4.74,4.83,1606031,4.81
2013/05/07,4.85,4.85,4.73,4.79,1093786,4.79
2013/05/08,4.78,4.82,4.69,4.81,1259508,4.76
2013/05/09,4.83,4.83,4.69,4.75,827526,4.76
2013/05/10,4.75,4.82,4.69,4.76,913600,4.76
2013/05/13,4.77,4.80,4.69,4.74,874363,4.75
2013/05/14,4.76,4.79,4.56,4.57,1056641,4.67
2013/05/15,4.56,4.69,4.56,4.68,899357,4.63
2013/05/16,4.69,4.78,4.65,4.71,1751208,4.72
2013/05/17,4.70,4.98,4.70,4.94,3473324,4.84
2013/05/20,5.02,5.18,5.02,5.14,3025266,5.10
2013/05/21,5.28,5.34,5.17,5.22,5636156,5.25
2013/05/22,5.16,5.17,4.98,5.06,2596730,5.08
2013/05/23,5.02,5.29,4.95,5.15,2576351,5.12
2013/05/24,5.15,5.26,5.14,5.22,1414520,5.20
2013/05/27,5.22,5.29,5.17,5.24,1568239,5.23
2013/05/28,5.25,5.25,5.04,5.08,1432786,5.15
2013/05/29,5.09,5.10,4.99,5.07,937705,5.04
2013/05/30,5.07,5.07,4.95,5.03,1119857,5.01
2013/05/31,5.00,5.05,4.95,4.95,1115465,5.00
2013/06/03,4.90,4.92,4.83,4.85,1131901,4.88
2013/06/04,4.88,4.88,4.72,4.77,854691,4.80
2013/06/05,4.82,4.93,4.82,4.89,1170395,4.88
2013/06/06,4.82,4.89,4.63,4.65,1264613,4.76
2013/06/07,4.65,4.69,4.47,4.51,949365,4.58
2013/06/13,4.43,4.49,4.28,4.42,883043,4.39
2013/06/14,4.42,4.68,4.40,4.58,2038015,4.54
2013/06/17,4.55,4.57,4.40,4.46,1202637,4.49
2013/06/18,4.46,4.48,4.28,4.33,1479912,4.38
2013/06/19,4.37,4.77,4.35,4.77,5791488,4.56
2013/06/20,4.37,4.77,4.35,4.77,0,4.56
2013/06/21,4.40,4.66,4.29,4.55,4606661,4.48
2013/06/24,4.44,4.49,4.16,4.17,2488801,4.33
2013/06/25,4.08,4.13,3.75,3.99,3579374,3.94
2013/06/26,3.95,4.11,3.86,4.08,2518312,3.99
2013/06/27,4.06,4.12,3.79,3.80,2313328,3.96
2013/06/28,3.82,4.00,3.80,3.86,1340169,3.90
2013/07/01,3.80,3.95,3.80,3.95,1137645,3.88
2013/07/02,4.03,4.03,3.92,4.02,1699605,3.98
2013/07/03,3.94,4.01,3.90,3.98,1296043,3.95
2013/07/04,3.97,4.07,3.91,4.01,1274209,3.99
2013/07/05,3.95,4.18,3.95,4.09,2087724,4.06
2013/07/08,4.05,4.05,3.80,3.80,1439669,3.92
2013/07/09,3.84,3.88,3.75,3.77,529786,3.81
2013/07/10,3.82,3.89,3.76,3.87,698996,3.82
2013/07/11,3.83,4.03,3.83,4.00,1246657,3.93
2013/07/12,3.97,4.09,3.97,3.98,1351233,4.03
2013/07/15,4.00,4.07,3.95,4.06,1761936,4.01
2013/07/16,4.08,4.14,4.02,4.13,1774296,4.08
2013/07/17,4.14,4.14,3.95,4.01,1591970,4.04
2013/07/18,3.99,4.04,3.95,4.02,1164153,4.00
2013/07/19,4.04,4.06,3.87,3.89,1713891,3.96
2013/07/22,3.85,3.92,3.82,3.92,1413207,3.87
2013/07/23,4.01,4.33,4.00,4.33,1938190,4.17
2013/07/24,4.42,4.58,4.32,4.55,10640359,4.45
2013/07/25,4.47,4.52,4.25,4.28,4415177,4.38
2013/07/26,4.23,4.32,4.16,4.29,2422419,4.24
2013/07/29,4.27,4.38,4.19,4.21,1811834,4.29
2013/07/30,4.12,4.19,3.94,4.07,2039019,4.07
2013/07/31,4.07,4.13,4.03,4.06,1000349,4.08
2013/08/01,4.06,4.26,4.06,4.25,2025149,4.16
2013/08/02,4.27,4.39,4.20,4.34,3740599,4.29
2013/08/05,4.33,4.42,4.30,4.40,2742933,4.36
2013/08/06,4.42,4.45,4.35,4.39,2133566,4.40
2013/08/07,4.42,4.49,4.31,4.32,2312208,4.40
2013/08/08,4.28,4.39,4.28,4.37,1641274,4.33
2013/08/09,4.30,4.39,4.27,4.32,1550779,4.33
2013/08/12,4.34,4.45,4.31,4.42,2184909,4.38
2013/08/13,4.42,4.54,4.40,4.52,2681169,4.47
2013/08/14,4.52,4.54,4.40,4.48,2404951,4.47
2013/08/15,4.51,4.51,4.39,4.40,1563379,4.45
2013/08/16,4.35,4.44,4.24,4.26,1686385,4.34
2013/08/19,4.20,4.38,4.16,4.38,1107812,4.27
2013/08/20,4.33,4.41,4.30,4.33,2055976,4.35
2013/08/21,4.30,4.37,4.30,4.37,1063856,4.33
2013/08/22,4.37,4.48,4.33,4.47,2293676,4.41
2013/08/23,4.47,4.49,4.28,4.35,2871703,4.39
2013/08/26,4.32,4.65,4.32,4.50,2583550,4.49
2013/08/27,4.49,4.49,4.41,4.47,1551534,4.45
2013/08/28,4.43,4.44,4.32,4.36,2048673,4.38
2013/08/29,4.35,4.38,4.34,4.36,1082758,4.36
2013/08/30,4.34,4.37,4.07,4.14,1835817,4.22
2013/09/02,4.14,4.28,4.12,4.25,700741,4.20
2013/09/03,4.26,4.30,4.15,4.24,1821855,4.23
2013/09/04,4.22,4.25,4.19,4.21,1435620,4.22
2013/09/05,4.24,4.27,4.20,4.24,953313,4.23
2013/09/06,4.24,4.26,4.20,4.23,1090406,4.23
2013/09/09,4.23,4.27,4.20,4.25,1495641,4.23
2013/09/10,4.23,4.57,4.20,4.56,5194739,4.39
2013/09/11,4.56,4.59,4.35,4.42,4818809,4.47
2013/09/12,4.43,4.47,4.33,4.37,2252459,4.40
2013/09/13,4.39,4.44,4.31,4.40,1451823,4.38
2013/09/16,4.44,4.48,4.31,4.38,1668223,4.40
2013/09/17,4.38,4.42,4.29,4.30,1516501,4.35
2013/09/18,4.30,4.34,4.26,4.29,803595,4.30
2013/09/23,4.29,4.41,4.29,4.41,1873401,4.35
2013/09/24,4.43,4.44,4.34,4.36,1454596,4.39
2013/09/25,4.33,4.37,4.33,4.37,1561971,4.35
2013/09/26,4.37,4.38,4.25,4.26,1358981,4.31
2013/09/27,4.27,4.29,4.20,4.24,725645,4.25
2013/09/30,4.21,4.27,4.21,4.24,836003,4.24
2013/10/08,4.27,4.32,4.22,4.32,962774,4.27
2013/10/09,4.32,4.36,4.23,4.35,1385356,4.30
2013/10/10,4.33,4.37,4.29,4.37,1792099,4.33
2013/10/11,4.37,4.44,4.35,4.40,1798943,4.40
2013/10/14,4.40,4.54,4.38,4.51,2967339,4.46
2013/10/15,4.53,4.56,4.46,4.53,2340890,4.51
2013/10/16,4.51,4.99,4.46,4.99,12074573,4.73
2013/10/17,5.16,5.50,5.16,5.50,7847450,5.33
2013/10/18,5.65,5.80,4.94,5.20,13835153,5.37
2013/10/21,5.10,5.73,5.00,5.73,9568987,5.37
2013/10/22,5.90,6.17,5.55,5.55,14269946,5.86
2013/10/23,5.39,5.53,5.17,5.31,6142526,5.35
2013/10/24,5.26,5.80,5.26,5.40,7000101,5.53
2013/10/25,5.40,5.80,5.32,5.57,9051119,5.56
2013/10/28,5.55,6.14,5.33,6.04,12375081,5.73
2013/10/29,5.90,5.99,5.42,5.63,10099487,5.71
2013/10/30,5.40,5.54,5.16,5.49,6796075,5.35
2013/10/31,5.45,5.45,5.06,5.09,6166264,5.25
2013/11/01,5.07,5.07,4.65,4.69,5018814,4.86
2013/11/04,4.74,4.99,4.67,4.92,3691288,4.83
2013/11/05,4.88,5.35,4.84,5.27,5064413,5.09
2013/11/06,5.16,5.30,4.99,4.99,4463528,5.15
2013/11/07,4.90,5.22,4.84,5.09,3749608,5.03
2013/11/08,5.02,5.14,4.88,4.91,2429042,5.01
2013/11/11,4.94,5.41,4.90,5.41,7015357,5.16
2013/11/12,5.54,5.74,5.28,5.44,9150905,5.51
2013/11/13,5.52,5.79,5.34,5.63,7771964,5.56
2013/11/14,5.55,5.89,5.40,5.74,7723046,5.65
2013/11/15,5.60,6.10,5.59,5.81,9938362,5.84
2013/11/18,5.70,5.89,5.64,5.67,7556354,5.76
2013/11/19,5.66,5.77,5.51,5.59,5696428,5.64
2013/11/20,5.59,5.95,5.54,5.94,8661804,5.75
2013/11/21,5.90,6.01,5.68,5.79,5418569,5.84
2013/11/22,5.77,5.81,5.60,5.62,3366516,5.70
2013/11/25,5.47,5.53,5.36,5.40,5128333,5.45
2013/11/26,5.41,5.52,5.41,5.50,2858587,5.46
2013/11/27,5.50,6.06,5.44,5.90,10492780,5.75
2013/11/28,5.80,6.48,5.76,6.38,14228627,6.12
2013/11/29,6.25,6.56,6.19,6.34,9747625,6.38
2013/12/02,6.00,6.06,5.69,5.69,7645786,5.88
2013/12/03,5.41,5.66,5.12,5.50,5932029,5.39
2013/12/04,5.48,5.74,5.45,5.47,4186105,5.60
2013/12/05,5.40,5.64,5.40,5.49,3319148,5.52
2013/12/06,5.49,5.63,5.46,5.53,2193628,5.54
2013/12/09,5.52,5.60,5.52,5.56,3008406,5.56
2013/12/10,5.56,5.67,5.49,5.55,2375380,5.58
2013/12/11,5.51,5.54,5.30,5.34,3074170,5.42
2013/12/12,5.35,5.54,5.34,5.48,2129485,5.44
2013/12/13,5.47,5.53,5.41,5.46,1688388,5.47
2013/12/16,5.48,5.50,5.31,5.36,1845122,5.40
2013/12/17,5.36,5.42,5.21,5.36,1400463,5.31
2013/12/18,5.36,5.50,5.32,5.41,1407514,5.41
2013/12/19,5.45,5.50,5.35,5.35,1418724,5.42
2013/12/20,5.32,5.41,5.08,5.10,2461832,5.25
2013/12/23,5.07,5.09,4.80,4.91,1683379,4.94
2013/12/24,4.95,5.03,4.91,5.00,1089086,4.97
2013/12/25,5.00,5.22,4.98,5.21,1902079,5.10
2013/12/26,5.21,5.25,5.07,5.08,1397598,5.16
2013/12/27,5.15,5.38,5.12,5.30,2594840,5.25
2013/12/30,5.35,5.44,5.30,5.40,2186335,5.37
2013/12/31,5.40,5.40,5.25,5.30,1273655,5.33
2014/01/02,5.25,5.62,5.25,5.60,3198356,5.44
2014/01/03,5.62,5.74,5.55,5.64,3736841,5.65
2014/01/06,5.69,5.69,5.42,5.45,2897489,5.56
2014/01/07,5.35,5.74,5.27,5.66,2299447,5.50
2014/01/08,5.66,5.89,5.58,5.60,5085648,5.73
2014/01/09,5.57,5.62,5.30,5.30,2566139,5.46
2014/01/10,5.29,5.41,5.23,5.33,1467586,5.32
2014/01/13,5.29,5.39,5.28,5.32,969991,5.33
2014/01/14,5.31,5.63,5.30,5.62,2068908,5.46
2014/01/15,5.62,5.74,5.55,5.69,3095655,5.65
2014/01/16,5.75,5.75,5.54,5.58,1927793,5.65
2014/01/17,5.55,5.71,5.55,5.65,2149329,5.63
2014/01/20,5.57,5.71,5.47,5.51,2289639,5.59
2014/01/21,5.50,5.66,5.50,5.62,1803361,5.58
2014/01/22,5.66,5.75,5.58,5.71,3270884,5.67
2014/01/23,5.71,5.87,5.66,5.82,3919769,5.77
2014/01/24,5.80,6.01,5.79,5.90,4318051,5.90
2014/01/27,5.88,6.00,5.79,5.81,3424569,5.90
2014/01/28,5.81,5.90,5.65,5.78,1794699,5.78
2014/01/29,5.76,5.99,5.74,5.99,2583576,5.87
2014/01/30,5.99,6.04,5.84,5.86,1739468,5.94
2014/02/07,5.85,5.97,5.75,5.96,1710186,5.86
2014/02/10,5.94,6.40,5.94,6.26,4288371,6.17
2014/02/11,6.20,6.29,6.02,6.15,4114171,6.15
2014/02/12,6.15,6.32,6.05,6.25,3012928,6.19
2014/02/13,6.27,6.35,6.06,6.08,2917054,6.20
2014/02/14,6.09,6.17,5.89,6.12,3075892,6.03
2014/02/17,6.12,6.35,6.09,6.34,3726021,6.22
2014/02/18,6.32,6.55,6.28,6.42,4882393,6.42
2014/02/19,6.40,6.62,6.33,6.46,4060041,6.48
2014/02/20,6.44,6.49,6.13,6.20,2631305,6.31
2014/02/21,6.24,6.24,5.96,6.07,2893589,6.10
2014/02/24,6.02,6.02,5.82,5.99,2849650,5.92
2014/02/25,5.99,6.14,5.45,5.56,3893481,5.79
2014/02/26,5.56,5.60,5.36,5.57,1763833,5.48
2014/02/27,5.58,5.72,5.37,5.40,2442476,5.54
2014/02/28,5.40,5.49,5.27,5.47,1705518,5.38
2014/03/03,5.42,5.64,5.42,5.64,1435561,5.53
2014/03/04,5.59,5.62,5.51,5.58,1648234,5.56
2014/03/05,5.58,5.67,5.53,5.55,959727,5.60
2014/03/06,5.54,5.54,5.42,5.48,1408072,5.48
2014/03/07,5.48,5.58,5.45,5.47,991864,5.52
2014/03/10,5.45,5.45,5.10,5.13,1899066,5.27
2014/03/11,5.15,5.27,5.10,5.20,1353105,5.18
2014/03/12,5.18,5.25,5.07,5.18,1142779,5.16
2014/03/13,5.16,5.37,5.16,5.31,1110559,5.27
2014/03/14,5.26,5.31,5.15,5.22,819161,5.23
2014/03/17,5.29,5.39,5.20,5.38,1218099,5.29
2014/03/18,5.38,5.55,5.38,5.43,1511337,5.46
2014/03/19,5.43,5.94,5.34,5.78,4213368,5.64
2014/03/20,5.67,5.73,5.53,5.53,2133540,5.63
2014/03/21,5.49,5.68,5.45,5.66,1210812,5.56
2014/03/24,5.67,5.71,5.52,5.62,1064833,5.61
2014/03/25,5.62,5.64,5.52,5.53,977722,5.58
2014/03/26,5.56,5.62,5.55,5.60,776996,5.58
2014/03/27,5.58,5.64,5.34,5.34,1211829,5.49
2014/03/28,5.29,5.39,5.10,5.15,1416719,5.24
2014/03/31,5.14,5.27,5.13,5.18,557221,5.20
2014/04/01,5.23,5.33,5.16,5.30,576934,5.25
2014/04/02,5.28,5.37,5.27,5.32,372384,5.32
2014/04/03,5.37,5.65,5.37,5.42,845640,5.51
2014/04/04,5.40,5.47,5.27,5.46,649705,5.37
2014/04/08,5.39,5.39,5.28,5.33,1308510,5.33
2014/04/09,5.37,5.51,5.33,5.51,1776735,5.42
2014/04/10,5.52,5.61,5.44,5.55,1649183,5.53
2014/04/11,5.55,5.60,5.40,5.60,1508246,5.50
2014/04/14,6.17,6.17,6.17,6.17,3585448,6.17
2014/04/15,6.34,6.34,5.99,6.00,9479484,6.17
2014/04/16,5.96,6.05,5.80,5.82,5332174,5.92
2014/04/17,5.87,5.93,5.82,5.85,2559648,5.88
2014/04/18,5.83,5.94,5.81,5.89,2535792,5.88
2014/04/21,5.83,5.97,5.83,5.86,2223401,5.90
2014/04/22,5.84,5.88,5.69,5.80,2347926,5.79
2014/04/23,5.78,5.91,5.75,5.82,1632821,5.83
2014/04/24,5.83,5.84,5.75,5.80,1259923,5.79
2014/04/25,5.82,5.83,5.60,5.61,2292518,5.71
2014/04/28,5.59,5.59,5.33,5.33,1646550,5.46
2014/04/29,5.30,5.44,5.28,5.42,1228122,5.36
2014/04/30,5.47,5.51,5.40,5.49,870066,5.46
2014/05/05,5.50,5.59,5.49,5.58,974047,5.54
2014/05/06,5.59,5.65,5.56,5.60,1228144,5.60
2014/05/07,5.62,6.16,5.56,5.88,6547811,5.86
2014/05/08,5.86,5.99,5.74,5.85,4268729,5.87
2014/05/09,5.86,5.89,5.77,5.80,1647714,5.83
2014/05/12,5.85,5.98,5.81,5.87,2502049,5.90
2014/05/13,5.83,5.97,5.78,5.83,1953596,5.88
2014/05/14,5.80,6.01,5.80,5.96,2671556,5.90
2014/05/15,5.98,6.01,5.81,5.82,2008344,5.91
2014/05/16,5.83,5.86,5.69,5.79,1403142,5.78
2014/05/19,5.80,5.88,5.69,5.88,1233443,5.79
2014/05/20,5.90,6.01,5.84,5.86,2232240,5.92
2014/05/21,5.84,5.96,5.75,5.96,1550277,5.85
2014/05/22,5.94,5.99,5.91,5.93,1921402,5.95
2014/05/23,5.97,6.11,5.90,6.07,4326393,6.01
2014/05/26,6.09,6.22,6.04,6.16,4763687,6.13
2014/05/27,6.18,6.28,6.02,6.13,8703931,6.15
2014/05/28,6.08,6.08,5.87,6.03,9753421,6.05
2014/05/29,6.00,6.08,5.75,5.76,8096750,6.00
2014/05/30,5.72,5.78,5.56,5.63,7924616,5.74
2014/06/03,5.61,5.73,5.61,5.63,4567419,5.75
2014/06/04,5.62,5.67,5.55,5.66,3417965,5.68
2014/06/05,5.67,5.78,5.63,5.77,5149721,5.79
2014/06/06,5.80,5.80,5.66,5.69,4540633,5.79
2014/06/09,5.69,5.77,5.64,5.64,2610577,5.77
2014/06/10,5.65,5.77,5.61,5.75,3669342,5.79
2014/06/11,5.76,5.77,5.69,5.75,3710916,5.80
2014/06/12,5.72,5.77,5.68,5.73,3349106,5.80
2014/06/13,5.72,6.09,5.68,5.92,9215523,5.99
2014/06/16,5.86,5.98,5.86,5.94,6110087,6.00
2014/06/17,5.95,6.22,5.90,6.10,12502145,6.16
2014/06/18,6.12,6.14,5.89,5.91,7643378,6.07
2014/06/19,5.89,6.51,5.88,6.18,18619993,6.35
2014/06/20,6.08,6.37,5.95,6.29,13190686,6.21
2014/06/23,6.27,6.59,6.22,6.37,15012348,6.49
2014/06/24,6.32,7.01,6.28,6.78,28080115,6.75
2014/06/25,6.68,6.80,6.54,6.78,16329698,6.75
2014/06/26,6.72,6.91,6.63,6.86,18741884,6.86
2014/06/27,6.78,6.84,6.59,6.62,15876575,6.77
2014/06/30,6.62,6.79,6.50,6.77,14287321,6.73
2014/07/01,6.67,6.71,6.59,6.61,9717789,6.71
2014/07/02,6.60,6.69,6.42,6.51,9693938,6.60
2014/07/03,6.47,6.57,6.46,6.50,6952792,6.59
2014/07/04,6.53,6.66,6.49,6.52,8004190,6.65
2014/07/07,6.52,6.85,6.47,6.82,14314357,6.77
2014/07/08,6.77,6.79,6.61,6.75,8515722,6.79
2014/07/09,6.74,6.97,6.68,6.72,13864196,6.90
2014/07/10,6.66,6.78,6.54,6.59,7792560,6.75
2014/07/11,6.56,6.72,6.52,6.62,5837253,6.70
2014/07/14,6.62,6.79,6.57,6.74,7224113,6.77
2014/07/15,6.69,6.71,6.38,6.39,10942119,6.59
2014/07/16,6.40,6.43,6.10,6.17,7390030,6.33
2014/07/17,6.17,6.27,6.16,6.23,4327201,6.30
2014/07/18,6.22,6.30,6.16,6.18,2606125,6.30
2014/07/21,6.17,6.22,6.12,6.17,2646320,6.24
2014/07/22,6.15,6.26,6.15,6.23,2320235,6.30
2014/07/23,6.23,6.23,5.97,5.97,4811276,6.15
2014/07/24,5.96,6.05,5.89,5.99,3018007,6.06
2014/07/25,6.07,6.11,6.03,6.07,1823790,6.15
2014/07/28,6.07,6.18,6.05,6.18,3176855,6.22
2014/07/29,6.19,6.25,6.15,6.22,4653234,6.28
2014/07/30,6.21,6.28,6.18,6.23,4301862,6.30
2014/07/31,6.26,6.37,6.20,6.36,6124521,6.40
2014/08/01,6.32,6.56,6.24,6.40,8027519,6.51
2014/08/04,6.34,6.51,6.34,6.50,4224306,6.53
2014/08/05,6.50,6.61,6.45,6.59,5782354,6.63
2014/08/06,6.61,6.61,6.49,6.53,5626181,6.62
2014/08/07,6.51,6.93,6.51,6.81,15724140,6.83
2014/08/08,6.78,7.12,6.74,7.03,14605648,7.00
2014/08/11,7.07,7.53,7.05,7.23,22270246,7.38
2014/08/12,7.26,7.28,7.01,7.23,11472657,7.23
2014/08/13,7.18,7.22,6.94,7.14,9314234,7.19
2014/08/14,7.19,7.47,7.12,7.16,12163889,7.36
2014/08/15,7.20,7.27,7.02,7.20,6974219,7.24
2014/08/18,7.26,7.51,7.25,7.43,14084559,7.48
2014/08/19,7.42,7.46,7.27,7.38,8635737,7.43
2014/08/20,7.32,7.36,7.23,7.26,6811743,7.36
2014/08/21,7.25,7.41,7.23,7.41,7498796,7.41
2014/08/22,7.41,7.92,7.41,7.60,14946204,7.80
2014/08/25,7.63,7.89,7.47,7.77,11393044,7.83
2014/08/26,7.72,8.09,7.69,7.86,12794772,7.97
2014/08/27,7.77,8.30,7.68,8.20,13483312,8.13
2014/08/28,8.12,8.37,8.01,8.17,9851033,8.25
2014/08/29,8.14,8.24,7.91,7.92,8264865,8.13
2014/09/01,7.96,8.34,7.90,8.29,8656810,8.22
2014/09/02,8.28,8.36,8.13,8.25,9969104,8.32
2014/09/03,8.22,8.37,8.09,8.22,9258482,8.30
2014/09/04,8.22,8.59,8.17,8.38,10832770,8.48
2014/09/05,8.39,8.69,8.32,8.57,7670001,8.61
2014/09/09,8.57,8.57,8.36,8.47,6291444,8.52
2014/09/10,8.38,8.45,8.27,8.38,6206783,8.44
2014/09/11,8.37,8.44,8.17,8.18,8674535,8.39
2014/09/12,8.16,8.27,8.03,8.25,7142698,8.22
2014/09/15,8.26,8.51,8.20,8.47,8758988,8.47
2014/09/16,8.44,8.48,8.07,8.08,7061415,8.39
2014/09/17,8.06,8.17,7.80,8.02,5628329,8.05
2014/09/18,8.01,8.25,7.92,8.20,3570887,8.20
2014/09/19,8.21,8.38,8.14,8.35,4750339,8.40
2014/09/22,8.35,8.37,8.15,8.22,4113167,8.33
2014/09/23,8.25,8.36,8.18,8.35,4066961,8.38
2014/09/24,8.37,9.00,8.30,8.90,12590289,8.84
2014/09/25,8.88,8.95,8.69,8.75,5979359,8.88
2014/09/26,8.73,9.13,8.73,8.90,4946890,9.01
2014/09/29,8.94,9.74,8.92,9.67,11017556,9.46
2014/09/30,9.74,9.82,9.46,9.75,6247859,9.68
2014/10/08,9.62,10.02,9.62,9.79,4947843,9.90
2014/10/09,9.71,9.87,9.30,9.50,6373067,9.60
2014/10/10,9.54,9.54,9.25,9.29,6977686,9.40
2014/10/13,9.34,9.48,9.12,9.46,4499957,9.41
2014/10/14,9.45,9.50,9.11,9.19,4976719,9.38
2014/10/15,9.14,9.39,9.14,9.22,4333843,9.30
2014/10/16,9.17,9.46,9.11,9.14,4215996,9.40
2014/10/17,9.13,9.29,8.89,9.20,5785764,9.13
2014/10/20,9.19,9.48,9.18,9.42,5072860,9.46
2014/10/21,9.37,9.48,9.30,9.30,2951388,9.43
2014/10/22,9.30,9.51,9.16,9.30,4169360,9.43
2014/10/23,9.28,9.30,8.80,8.87,6405149,9.07
2014/10/24,8.89,9.01,8.81,8.89,2645270,9.01
2014/10/27,8.87,9.17,8.78,9.07,2112203,9.11
2014/10/28,9.20,9.31,9.10,9.25,3185400,9.30
2014/10/29,9.31,9.48,9.17,9.22,5820818,9.41
2014/10/30,9.25,9.67,9.22,9.59,10835080,9.58
2014/10/31,9.56,9.58,9.32,9.43,6527769,9.52
2014/11/03,9.37,9.64,9.37,9.60,4308061,9.61
2014/11/04,9.62,9.67,9.42,9.46,2907808,9.58
2014/11/05,9.48,9.53,9.38,9.41,2778190,9.51
2014/11/06,9.41,9.49,9.21,9.41,4003202,9.44
2014/11/07,9.44,9.49,8.91,8.99,9763254,9.22
2014/11/10,9.02,9.14,8.75,8.82,5725880,8.99
2014/11/11,8.88,8.88,8.42,8.51,5618704,8.65
2014/11/12,8.44,8.61,8.36,8.58,3062060,8.60
2014/11/13,8.54,8.54,8.26,8.29,3934720,8.43
2014/11/14,8.32,8.45,8.30,8.45,1818676,8.44
2014/11/17,8.57,9.30,8.47,9.30,9693106,9.20
2014/11/18,9.42,9.42,9.23,9.33,6932521,9.40
2014/11/19,9.35,10.17,9.32,9.60,8851417,9.83
2014/11/20,9.58,9.67,9.37,9.59,3588619,9.59
2014/11/21,9.55,9.91,9.55,9.59,5198057,9.79
2014/11/24,9.65,9.75,9.37,9.50,4380511,9.62
2014/11/25,9.51,9.97,9.50,9.86,7282823,9.92
2014/11/26,9.88,10.47,9.73,10.10,6570949,10.24
2014/11/27,10.12,10.22,9.52,9.63,11420254,9.81
2014/11/28,9.64,9.67,9.39,9.48,6018465,9.57
2014/12/01,9.42,9.64,9.37,9.55,5819014,9.62
2014/12/02,9.56,9.70,9.47,9.54,3958391,9.66
2014/12/03,9.54,9.62,9.12,9.38,5206583,9.42
2014/12/04,9.38,9.47,9.22,9.40,4700497,9.48
2014/12/05,9.42,9.42,8.52,9.16,5120860,9.21
2014/12/08,8.99,9.17,8.85,8.92,5408015,9.09
2014/12/09,8.83,8.90,8.16,8.16,8327032,8.59
2014/12/10,8.20,8.77,8.20,8.74,4126586,8.64
2014/12/11,8.78,8.98,8.75,8.88,2805983,8.95
2014/12/12,9.03,9.08,8.88,8.91,3095691,9.04
2014/12/15,8.87,8.97,8.81,8.90,4031101,8.95
2014/12/16,8.88,8.98,8.77,8.82,2756418,8.95
2014/12/17,8.80,8.80,8.41,8.47,4307762,8.62
2014/12/18,8.47,8.58,8.32,8.32,3465934,8.53
2014/12/19,8.32,8.39,8.05,8.17,4008272,8.25
2014/12/22,8.14,8.14,7.35,7.59,8115873,7.65
2014/12/23,7.59,7.82,7.42,7.52,2614412,7.68
2014/12/24,7.77,7.81,7.59,7.68,2378018,7.76
2014/12/25,7.75,8.06,7.68,7.93,3518649,7.99
2014/12/26,7.94,8.05,7.72,7.83,3095965,7.96
2014/12/29,7.86,7.86,7.44,7.72,4142830,7.69
2014/12/30,7.67,8.18,7.52,8.07,4737755,7.98
2014/12/31,7.92,8.11,7.87,8.07,2737852,8.10
2015/01/05,8.07,8.17,7.78,8.12,4445813,8.08
2015/01/06,8.07,8.57,8.01,8.42,6433520,8.49
2015/01/07,8.42,8.56,8.30,8.40,2307200,8.45
2015/01/08,8.42,8.62,8.34,8.46,3768107,8.55
2015/01/09,8.42,8.54,8.32,8.33,2467624,8.52
2015/01/12,8.42,8.54,8.32,8.33,0,8.43
2015/01/13,8.42,8.54,8.32,8.33,0,8.43
2015/01/14,8.42,8.54,8.32,8.33,0,8.43
2015/01/15,8.42,8.54,8.32,8.33,0,8.43
2015/01/16,8.42,8.54,8.32,8.33,0,8.43
2015/01/19,8.42,8.54,8.32,8.33,0,8.43
2015/01/20,8.42,8.54,8.32,8.33,0,8.43
2015/01/21,8.42,8.54,8.32,8.33,0,8.43
2015/01/22,8.42,8.54,8.32,8.33,0,8.43
2015/01/23,8.42,8.54,8.32,8.33,0,8.43
2015/01/26,8.42,8.54,8.32,8.33,0,8.43
2015/01/27,8.42,8.54,8.32,8.33,0,8.43
2015/01/28,8.42,8.54,8.32,8.33,0,8.43
2015/01/29,8.42,8.54,8.32,8.33,0,8.43
2015/01/30,9.12,9.17,8.72,9.17,7518023,9.14
2015/02/02,9.16,9.16,8.42,8.72,12099061,8.77
2015/02/03,8.63,8.70,8.50,8.64,4180398,8.68
2015/02/04,8.57,9.02,8.57,8.70,5342584,8.87
2015/02/05,8.71,8.83,8.59,8.60,3581017,8.75
2015/02/06,8.55,8.70,8.17,8.26,3905186,8.45
2015/02/09,8.30,8.61,8.26,8.56,3953994,8.54
2015/02/10,8.56,8.60,8.41,8.54,2532011,8.58
2015/02/11,8.52,8.70,8.43,8.65,3510167,8.67
2015/02/12,8.61,8.87,8.42,8.80,5524383,8.77
2015/02/13,8.77,8.94,8.77,8.82,4319777,8.93
2015/02/16,8.82,9.15,8.80,9.06,4156230,9.14
2015/02/17,9.00,9.11,8.90,9.00,2342833,9.08
2015/02/25,9.05,9.17,8.97,9.07,2369992,9.15
2015/02/26,9.22,9.60,9.20,9.27,6161192,9.44
2015/02/27,9.23,9.50,9.17,9.46,5433319,9.43
2015/03/02,9.33,10.08,9.33,9.98,12041439,9.95
2015/03/03,9.90,10.23,9.73,9.84,8469539,10.07
2015/03/04,9.80,10.04,9.75,9.95,4681915,9.99
2015/03/05,9.89,10.15,9.89,10.03,7559456,10.12
2015/03/06,10.04,10.23,9.60,9.77,8780842,9.92
2015/03/09,9.72,10.31,9.32,10.13,6224430,10.05
2015/03/10,10.28,11.15,10.28,11.15,13991076,11.10
2015/03/11,11.51,11.51,10.90,10.98,16853713,11.20
2015/03/12,10.87,11.22,10.53,10.73,8984390,10.97
2015/03/13,10.70,11.25,10.63,11.17,8739952,11.10
2015/03/16,11.33,12.25,11.20,11.82,11842741,11.93
2015/03/17,11.83,12.11,11.62,11.94,10308458,11.95
2015/03/18,12.06,12.88,11.98,12.87,13753366,12.70
2015/03/19,12.87,14.17,12.85,14.17,18452493,13.79
2015/03/20,14.32,14.42,13.62,13.74,13499072,13.99
2015/03/23,13.80,14.34,13.67,14.17,9259394,14.10
2015/03/24,14.06,14.90,13.17,13.89,12833060,14.05
2015/03/25,13.70,13.99,13.27,13.57,11447781,13.76
2015/03/26,13.50,13.93,13.11,13.52,7876203,13.55
2015/03/27,13.37,13.79,13.30,13.59,4935565,13.59
2015/03/30,13.72,14.42,13.52,14.18,8120330,14.10
2015/03/31,14.19,14.96,13.83,14.94,11716226,14.49
2015/04/01,14.91,16.38,14.72,16.18,11374705,15.94
2015/04/02,16.62,17.67,16.27,16.91,10310412,17.00
2015/04/03,16.82,18.12,16.68,17.70,9638889,17.31
2015/04/07,17.69,17.97,17.18,17.52,7400068,17.60
2015/04/08,17.92,18.12,16.23,16.80,8581388,17.04
2015/04/09,16.87,17.02,15.11,16.44,16095619,15.66
2015/04/10,16.08,16.57,15.62,16.26,7556324,16.28
2015/04/13,16.22,17.23,15.92,17.15,11155868,16.77
2015/04/14,17.05,17.92,16.32,16.62,8852438,17.20
2015/04/15,16.30,16.61,15.12,15.39,6938111,15.91
2015/04/16,15.37,15.87,14.82,14.92,5741000,15.35
2015/04/17,15.16,15.52,14.88,15.28,10157071,15.34
2015/04/20,15.17,15.80,14.86,15.40,9567204,15.43
2015/04/21,15.37,16.66,15.22,16.43,12786609,16.11
2015/04/22,16.48,16.80,16.21,16.42,13262669,16.56
2015/04/23,16.43,16.80,16.22,16.42,8786407,16.56
2015/04/24,16.22,16.47,15.30,15.76,6808271,15.96
2015/04/27,15.56,15.93,15.26,15.39,10074384,15.53
2015/04/28,15.47,15.62,14.27,14.46,8205493,14.94
2015/04/29,14.53,14.89,14.32,14.79,4725831,14.76
2015/04/30,14.84,14.98,14.57,14.75,5697662,14.85
2015/05/04,14.72,15.62,14.62,15.34,6496020,15.37
2015/05/05,15.35,15.43,14.77,15.01,4375537,15.12
2015/05/06,15.01,15.27,14.32,14.43,3459273,15.11
2015/05/07,14.48,15.34,14.48,14.97,5230257,15.02
2015/05/08,15.03,16.30,14.92,16.04,8831443,15.74
2015/05/11,16.07,16.69,15.80,16.40,14008346,16.38
2015/05/12,16.22,16.93,16.02,16.82,11064313,16.66
2015/05/13,16.12,16.49,16.12,16.21,8995876,16.37
2015/05/14,15.94,17.02,15.42,16.81,13464451,16.14
2015/05/15,16.43,17.97,16.28,17.80,16808091,17.28
2015/05/18,17.80,18.71,17.40,18.66,15281490,18.32
2015/05/19,18.66,20.22,18.42,19.92,12990744,19.43
2015/05/20,19.92,21.92,19.92,21.52,13654148,21.50
2015/05/21,21.27,23.68,21.10,23.68,11622391,22.54
2015/05/22,23.67,25.02,21.92,23.68,18246434,23.63
2015/05/25,22.92,24.88,22.28,23.42,13099936,23.61
2015/05/26,23.24,24.47,22.93,23.72,9894822,23.64
2015/05/27,23.73,24.00,22.64,23.12,8023531,23.11
2015/05/28,23.13,23.13,20.96,21.15,10381087,22.47
2015/05/29,21.12,22.12,19.93,21.92,8854755,21.39
2015/06/01,22.16,24.12,22.16,24.12,9945135,23.70
2015/06/02,24.92,25.89,24.63,25.84,8923712,25.24
2015/06/03,25.88,26.12,24.00,24.55,7446284,24.95
2015/06/04,24.42,25.33,22.12,24.81,6284315,24.14
2015/06/05,25.33,25.52,23.68,24.12,9030348,24.67
2015/06/08,24.17,24.47,21.92,22.21,10524816,22.76
2015/06/09,22.60,22.70,21.42,21.90,7591385,21.92
2015/06/10,22.09,23.23,21.51,22.66,7402681,22.61
2015/06/11,22.81,23.45,22.46,23.29,7262864,23.16
2015/06/12,23.52,23.83,22.65,23.19,8994268,23.10
2015/06/15,23.12,23.12,22.06,22.08,6712331,22.58
2015/06/16,21.96,21.96,20.32,20.52,5900277,21.03
2015/06/17,20.56,22.05,19.31,21.90,7729755,21.13
2015/06/18,21.88,22.94,20.76,20.76,5457316,21.86
2015/06/19,20.16,21.36,19.87,20.26,4226815,20.63
2015/06/23,20.26,21.21,18.76,20.96,5779078,20.42
2015/06/24,21.48,21.61,19.97,20.86,5620598,20.89
2015/06/25,20.82,20.96,19.26,19.63,6332815,20.16
2015/06/26,19.16,19.51,17.66,17.66,7073560,18.05
2015/06/29,18.62,18.65,15.89,15.89,7130002,16.66
2015/06/30,14.30,17.48,14.30,17.46,12966515,15.96
2015/07/01,16.95,18.25,15.71,16.36,13453657,17.39
2015/07/02,15.56,16.44,14.72,14.72,10028239,15.16
2015/07/03,15.56,16.44,14.72,14.72,0,15.58
2015/07/06,15.56,16.44,14.72,14.72,0,15.58
2015/07/07,15.56,16.44,14.72,14.72,0,15.58
2015/07/08,15.56,16.44,14.72,14.72,0,15.58
2015/07/09,15.56,16.44,14.72,14.72,0,15.58
2015/07/10,15.56,16.44,14.72,14.72,0,15.58
2015/07/13,15.56,16.44,14.72,14.72,0,15.58
2015/07/14,15.56,16.44,14.72,14.72,0,15.58
2015/07/15,15.56,16.44,14.72,14.72,0,15.58
2015/07/16,15.56,16.44,14.72,14.72,0,15.58
2015/07/17,15.56,16.44,14.72,14.72,0,15.58
2015/07/20,15.56,16.44,14.72,14.72,0,15.58
2015/07/21,15.56,16.44,14.72,14.72,0,15.58
2015/07/22,15.56,16.44,14.72,14.72,0,15.58
2015/07/23,15.56,16.44,14.72,14.72,0,15.58
2015/07/24,15.56,16.44,14.72,14.72,0,15.58
2015/07/27,16.20,16.20,15.54,16.20,20669194,16.23
2015/07/28,15.75,17.74,14.98,17.18,40102699,16.57
2015/07/29,16.98,17.66,15.46,16.56,25835319,16.26
2015/07/30,16.62,16.62,14.90,14.90,18225112,15.75
2015/07/31,13.91,14.43,13.41,13.41,13954158,13.78
2015/08/03,13.46,14.41,12.18,13.56,15935380,13.62
2015/08/04,13.36,14.46,13.16,14.44,12178203,14.05
2015/08/05,14.37,15.12,14.08,14.54,12520052,14.53
2015/08/06,14.17,14.89,14.06,14.44,6661445,14.54
2015/08/07,14.77,15.87,14.62,15.49,10536224,15.14
2015/08/10,15.74,16.44,15.50,15.97,10089775,16.02
2015/08/11,15.94,16.24,15.46,15.54,11254794,15.86
2015/08/12,15.26,15.66,14.75,14.75,7600892,15.28
2015/08/13,14.44,15.25,14.44,15.06,5527556,14.92
2015/08/14,15.26,15.48,15.06,15.18,6891281,15.29
2015/08/17,15.30,16.70,15.06,16.70,10449906,16.14
2015/08/18,17.16,17.18,15.03,15.41,15923798,16.48
2015/08/19,15.11,16.38,14.55,16.33,11583801,15.60
2015/08/20,15.81,16.95,15.81,16.27,9821791,16.47
2015/08/21,16.46,16.46,14.64,14.73,10530494,15.39
2015/08/24,13.76,14.21,13.25,13.25,3377470,13.36
2015/08/25,11.92,11.92,11.92,11.92,1018700,11.96
2015/08/26,10.76,11.96,10.72,10.72,16055827,10.94
2015/08/27,10.66,10.66,9.64,10.05,17216685,10.12
2015/08/28,10.17,10.92,10.16,10.83,10647666,10.45
2015/08/31,10.61,11.13,10.16,10.25,8788162,10.85
2015/09/01,10.08,10.19,9.22,9.22,5626288,9.48
2015/09/02,8.36,9.28,8.29,8.29,12754137,8.53
2015/09/07,8.52,9.12,8.52,9.12,6098895,9.04
2015/09/08,9.47,9.66,8.52,9.55,15850443,9.24
2015/09/09,9.36,10.21,9.29,10.21,17437329,9.81
2015/09/10,9.91,10.09,9.59,9.62,9651773,9.91
2015/09/11,9.52,9.95,9.49,9.86,6867017,9.80
2015/09/14,10.67,10.67,8.98,9.33,13372060,10.08
2015/09/15,8.85,9.16,8.39,8.39,7573998,8.73
2015/09/16,8.41,9.23,8.41,9.23,6403334,8.89
2015/09/17,9.23,10.04,9.16,9.22,8632660,9.55
2015/09/18,9.35,9.63,9.20,9.52,5349696,9.44
2015/09/21,9.37,10.36,9.36,10.14,9716397,9.98
2015/09/22,10.23,10.86,10.23,10.63,11339732,10.63
2015/09/23,10.24,10.96,10.08,10.72,8768324,10.60
2015/09/24,10.71,11.44,10.70,10.93,7938558,11.07
2015/09/25,10.82,10.92,9.97,10.15,6245806,10.46
2015/09/28,10.24,10.54,9.96,10.48,5681269,10.33
2015/09/29,10.16,10.62,10.16,10.21,4700710,10.39
2015/09/30,10.46,10.61,10.26,10.49,4750645,10.47
2015/10/08,11.02,11.26,10.74,11.10,8206361,11.03
2015/10/09,11.00,11.50,11.00,11.27,7016953,11.25
2015/10/12,11.46,12.20,11.46,12.02,8447483,11.91
2015/10/13,12.01,12.81,11.86,12.65,7982557,12.40
2015/10/14,12.47,12.93,11.86,12.11,9651663,12.23
2015/10/15,11.96,12.71,11.88,12.46,9333201,12.24
2015/10/16,12.48,12.88,12.24,12.62,9249127,12.59
2015/10/19,12.64,12.64,12.02,12.15,6804788,12.32
2015/10/20,12.16,12.38,12.03,12.37,7364179,12.25
2015/10/21,12.46,12.81,11.13,11.14,13931765,11.97
2015/10/22,11.17,11.86,11.01,11.82,8439171,11.48
2015/10/23,11.87,12.46,11.76,12.36,8042501,12.15
2015/10/26,12.55,13.11,12.21,12.81,8902171,12.64
2015/10/27,12.51,13.26,12.14,13.03,8272413,12.70
2015/10/28,12.84,13.54,12.75,12.76,10572725,13.25
2015/10/29,13.44,13.44,12.66,12.89,6202567,13.00
2015/10/30,12.87,13.21,12.73,13.01,5584773,13.09
2015/11/02,12.76,13.52,12.56,13.26,9876842,13.32
2015/11/03,13.48,13.75,13.19,13.52,7129892,13.50
2015/11/04,13.54,14.24,13.39,14.16,9350745,13.91
2015/11/05,14.16,14.21,13.76,13.86,7693439,13.96
2015/11/06,13.81,14.16,13.74,14.02,6512347,14.09
2015/11/09,14.03,14.76,14.03,14.66,7737537,14.56
2015/11/10,14.56,14.93,14.38,14.67,7064972,14.69
2015/11/11,14.76,16.14,14.56,16.14,11215856,15.62
2015/11/12,16.02,17.76,16.02,17.26,15842248,17.28
2015/11/13,16.74,17.24,16.31,16.39,10282093,16.82
2015/11/16,15.74,17.65,15.74,17.19,8476965,17.06
2015/11/17,17.30,17.66,16.72,16.82,7945964,17.21
2015/11/18,16.90,17.21,16.06,16.15,6522767,16.70
2015/11/19,16.21,17.64,16.21,17.63,8853094,17.06
2015/11/20,17.75,18.16,17.28,18.02,8444706,17.86
2015/11/23,18.01,18.94,17.26,17.66,7209196,18.10
2015/11/24,17.48,17.79,17.29,17.78,3901470,17.54
2015/11/25,18.35,19.47,17.84,19.19,8063834,18.86
2015/11/26,19.56,20.14,18.76,18.87,10431858,19.29
2015/11/27,19.26,19.92,17.46,17.76,8808085,18.91
2015/11/30,17.98,18.40,16.76,18.29,7998973,17.63
2015/12/01,18.32,19.24,17.63,18.18,7577659,18.63
2015/12/02,18.16,18.16,16.82,16.94,8013141,17.15
2015/12/03,16.95,17.43,16.66,17.29,4714313,17.18
2015/12/04,17.28,17.92,17.05,17.82,6930016,17.42
2015/12/07,17.86,18.25,17.59,17.94,4265303,17.99
2015/12/08,17.67,18.13,17.11,17.17,3462147,17.59
2015/12/09,17.06,17.44,16.87,16.97,2328100,17.10
2015/12/10,16.91,17.56,16.81,17.24,3108023,17.23
2015/12/11,17.02,17.23,16.69,16.87,2367901,16.95
2015/12/14,17.05,17.46,16.24,17.26,4463622,16.78
2015/12/15,17.26,18.16,17.26,17.59,4472303,17.80
2015/12/16,17.46,18.26,17.46,18.14,5042009,18.07
2015/12/17,18.13,18.95,17.98,18.84,6676444,18.43
2015/12/18,18.85,18.96,18.47,18.52,3919302,18.72
2015/12/21,18.76,19.21,18.51,18.54,3953197,18.82
2015/12/22,18.66,19.46,18.66,19.24,6574670,19.25
2015/12/23,19.27,20.12,19.27,19.89,6634004,19.84
2015/12/24,19.89,20.40,19.47,19.82,4967328,20.07
2015/12/25,19.82,21.81,19.48,21.81,6784561,20.47
2015/12/28,22.42,23.28,21.17,21.19,7624229,22.47
2015/12/29,21.56,22.46,21.18,22.06,5618786,21.87
2015/12/30,21.76,22.96,21.75,21.77,6117522,22.38
2015/12/31,21.64,21.89,20.61,20.77,9698267,21.14
2016/01/04,20.70,20.95,18.69,18.69,3997957,19.73
2016/01/05,17.06,19.24,16.86,17.85,8503443,17.88
2016/01/06,17.96,18.27,17.13,18.26,5398622,17.86
2016/01/07,17.49,17.86,16.43,16.43,1538500,17.19
2016/01/08,16.97,17.18,14.78,15.88,9093866,15.98
2016/01/11,15.45,15.46,14.29,14.29,5712673,14.96
2016/01/12,14.38,15.16,14.04,14.86,4476149,14.65
2016/01/13,15.19,15.36,14.19,14.21,3472953,14.93
2016/01/14,13.61,15.06,13.47,15.04,4711609,14.39
2016/01/15,14.96,15.54,14.81,15.00,5184260,15.18
2016/01/18,14.76,16.05,14.44,15.98,6006775,15.53
2016/01/19,15.98,16.41,15.61,16.36,4750972,16.12
2016/01/20,16.36,16.46,15.46,16.12,4576502,16.18
2016/01/21,15.67,16.26,15.36,15.41,3529663,15.82
2016/01/22,15.66,15.86,15.33,15.66,2592923,15.62
2016/01/25,15.93,16.26,15.76,16.11,3321030,16.12
2016/01/26,15.92,16.10,14.55,14.66,3017910,15.44
2016/01/27,14.26,14.94,13.56,14.62,2767801,14.35
2016/01/28,14.62,14.72,13.77,13.78,2228900,14.16
2016/01/29,13.78,15.16,13.48,15.08,3157400,14.44
2016/02/01,15.06,15.21,14.55,14.87,1735300,14.97
2016/02/02,15.06,15.47,14.87,15.32,1822010,15.35
2016/02/03,15.25,15.32,14.76,15.24,1988750,15.07
2016/02/04,15.24,15.81,15.24,15.68,2099096,15.65
2016/02/05,15.76,15.84,15.56,15.70,2235758,15.73
2016/02/15,14.99,15.76,14.99,15.61,1558177,15.40
2016/02/16,15.94,16.31,15.69,16.21,1997555,16.18
2016/02/17,16.21,17.24,15.96,17.01,3138105,16.84
2016/02/18,17.14,17.23,16.71,16.73,1941825,16.94
2016/02/19,16.96,17.72,16.91,17.46,3800162,17.43
2016/02/22,18.03,18.03,17.37,17.48,3667795,17.60
2016/02/23,17.49,17.65,16.87,17.10,2734106,17.25
2016/02/24,16.81,17.31,16.62,17.26,3021023,17.10
2016/02/25,17.06,17.32,15.53,15.53,3053529,16.33
2016/02/26,15.91,15.94,14.64,15.16,4039948,15.14
2016/02/29,15.10,15.10,13.64,14.21,3306462,14.10
2016/03/01,14.26,14.61,13.77,14.45,2735547,14.23
2016/03/02,14.51,15.44,14.17,15.06,3488811,14.80
2016/03/03,15.16,15.43,14.96,15.15,3547765,15.25
2016/03/04,15.14,15.14,14.06,14.71,2877859,14.60
2016/03/07,14.71,15.32,14.47,14.91,1680720,15.07
2016/03/08,14.96,14.96,14.07,14.71,1730465,14.47
2016/03/09,14.46,15.02,14.26,14.71,1823533,14.69
2016/03/10,14.95,14.95,14.19,14.56,1933466,14.53
2016/03/11,14.53,14.53,13.98,14.28,1615599,14.22
2016/03/14,14.46,14.95,14.38,14.90,2558608,14.80
2016/03/15,14.66,14.95,14.37,14.60,1688740,14.71
2016/03/16,14.87,14.92,14.32,14.39,1404935,14.58
2016/03/17,14.41,14.95,14.40,14.84,2536229,14.77
2016/03/18,14.99,15.93,14.84,15.56,3875397,15.51
2016/03/21,15.74,16.06,15.54,16.03,4107595,15.81
2016/03/22,15.92,15.92,15.69,15.77,2928389,15.84
2016/03/23,15.76,16.06,15.61,15.91,2800602,15.94
2016/03/24,15.95,16.01,15.32,15.63,2971893,15.80
2016/03/25,15.32,16.04,15.32,15.88,2676194,15.78
2016/03/28,15.88,16.76,15.61,15.76,3655492,16.18
2016/03/29,15.62,15.86,14.96,15.16,2232667,15.30
2016/03/30,15.26,15.64,15.26,15.62,2288725,15.52
2016/03/31,15.63,16.02,15.56,15.79,2911107,15.87
2016/04/01,15.69,15.94,15.44,15.89,1989885,15.74
2016/04/05,15.94,16.35,15.77,16.24,2923226,16.15
2016/04/06,16.12,16.36,15.98,16.27,3020411,16.19
2016/04/07,16.24,16.92,16.14,16.60,6169550,16.63
2016/04/08,16.37,17.87,16.31,17.51,9972716,17.22
2016/04/11,17.24,18.07,16.98,17.47,7136003,17.67
2016/04/12,17.38,17.38,16.42,16.88,5901114,16.78
2016/04/13,16.72,17.11,16.57,16.89,4458826,16.91
2016/04/14,16.92,16.99,16.61,16.81,3576329,16.78
2016/04/15,16.96,16.96,16.41,16.52,3270358,16.60
2016/04/18,16.58,17.61,16.27,17.46,8309656,17.09
2016/04/19,17.46,17.54,16.66,16.96,4606277,17.16
2016/04/20,17.11,17.11,15.36,16.14,5376233,16.24
2016/04/21,15.71,15.96,15.24,15.65,5156284,15.67
2016/04/22,15.51,15.91,14.99,15.76,2122621,15.69
2016/04/25,15.76,15.93,15.38,15.84,1844003,15.78
2016/04/26,15.90,16.04,15.62,15.76,1575838,15.85
2016/04/27,15.71,16.18,15.71,15.86,2328214,16.02
2016/04/28,15.94,15.94,15.56,15.81,1424313,15.76
2016/04/29,15.88,16.05,15.74,15.78,1839442,15.93
2016/05/03,15.95,16.19,15.70,16.15,2128301,16.10
2016/05/04,16.15,16.22,15.99,16.02,2086234,16.13
2016/05/05,15.98,16.15,15.95,15.98,1566760,16.08
2016/05/06,15.99,16.13,15.31,15.33,2592335,15.70
2016/05/09,15.12,15.13,13.96,14.44,3120506,14.47
2016/05/10,14.36,15.11,14.36,14.76,2704734,14.73
2016/05/11,14.86,14.89,13.76,14.30,4374364,14.33
2016/05/12,13.99,14.11,13.76,14.10,2226303,13.93
2016/05/13,14.06,14.29,13.85,14.15,1448172,14.09
2016/05/16,13.96,14.16,13.79,14.11,1750166,14.04
2016/05/17,14.11,14.20,13.84,13.99,2181109,14.06
2016/05/18,13.96,13.96,12.96,13.56,3044729,13.46
2016/05/19,13.31,13.64,13.31,13.55,3146843,13.58
2016/05/20,13.53,13.75,13.21,13.71,2499210,13.62
2016/05/23,13.70,13.90,13.67,13.78,1422857,13.79
2016/05/24,13.89,13.89,13.50,13.57,1917832,13.70
2016/05/25,13.64,13.78,13.59,13.70,1573289,13.73
2016/05/26,13.66,13.71,12.99,13.56,1804325,13.38
2016/05/27,13.36,14.92,13.36,14.92,6680280,14.68
2016/05/30,14.69,15.22,14.54,14.93,5068976,14.94
2016/05/31,14.92,15.50,14.76,15.37,5459024,15.26
2016/06/01,15.17,15.41,15.11,15.14,3781606,15.28
2016/06/02,15.16,15.35,15.09,15.21,2505842,15.23
2016/06/03,15.31,16.74,15.24,15.97,9408108,16.25
2016/06/06,16.04,16.25,15.61,15.82,3812930,15.89
2016/06/07,15.84,16.05,15.54,15.76,2145474,15.81
2016/06/08,15.73,16.25,15.57,16.17,3162193,16.12
2016/06/13,15.86,16.14,15.58,15.66,3827942,15.87
2016/06/14,15.56,15.73,15.26,15.48,1936884,15.53
2016/06/15,15.81,16.51,15.47,16.26,4406200,16.21
2016/06/16,16.11,17.89,16.11,17.59,21244499,17.65
2016/06/17,17.81,19.30,17.81,18.68,16446137,18.47
2016/06/20,18.85,18.85,18.07,18.39,6729213,18.33
2016/06/21,18.39,18.76,18.06,18.44,7057992,18.44
2016/06/22,18.14,18.60,18.07,18.40,6978949,18.35
2016/06/23,18.24,18.39,17.56,17.82,5808774,17.80
2016/06/24,17.80,19.20,17.22,18.73,8211184,18.36
2016/06/27,18.63,19.69,18.40,19.62,10313982,19.21
2016/06/28,21.58,21.58,19.20,19.44,16367569,20.41
2016/06/29,19.50,19.78,18.61,18.80,11715081,18.93
2016/06/30,18.64,19.20,18.50,18.60,7462025,18.84
2016/07/01,18.57,18.85,17.98,18.37,6919030,18.38
2016/07/04,17.79,20.21,17.79,19.89,12313815,19.15
2016/07/05,19.90,20.32,19.11,19.58,9646355,19.68
2016/07/06,19.30,20.28,19.28,19.94,9091902,19.88
2016/07/07,19.95,20.99,19.30,20.57,10093812,20.11
2016/07/08,20.30,21.88,20.20,20.92,10095080,21.25
2016/07/11,20.98,22.15,19.89,20.05,10358169,21.09
2016/07/12,20.47,20.50,18.81,19.55,13353729,19.45
2016/07/13,19.55,19.97,19.24,19.47,6144478,19.63
2016/07/14,19.71,19.86,19.10,19.63,9299262,19.53
2016/07/15,19.69,19.75,19.31,19.40,4648567,19.45
2016/07/18,19.39,19.39,18.45,18.55,7500019,18.78
2016/07/19,18.90,19.47,18.81,19.37,11321713,19.14
2016/07/20,19.67,19.67,19.18,19.30,5343902,19.34
2016/07/21,19.28,19.62,18.86,18.88,6297512,19.17
2016/07/22,18.95,19.19,18.15,18.25,4973486,18.53
2016/07/25,18.25,18.47,17.85,18.09,5096266,18.14
2016/07/26,18.06,18.40,18.03,18.20,3253100,18.21
2016/07/27,18.25,18.62,17.00,17.00,8556600,17.77
2016/07/28,17.01,17.05,15.50,16.45,10254200,16.22
2016/07/29,16.27,17.37,15.78,17.29,10236922,16.79
2016/08/01,17.04,17.44,16.87,17.04,4334569,17.12
2016/08/02,16.95,17.25,16.89,17.12,2117262,17.05
2016/08/03,17.12,17.15,16.67,16.76,2757351,16.89
2016/08/04,16.70,17.14,16.33,16.96,4439506,16.72
2016/08/05,17.12,17.13,16.41,16.50,3003748,16.65
2016/08/08,16.48,16.83,16.24,16.72,2109651,16.62
2016/08/09,16.48,16.83,16.24,16.72,0,16.53
