Date, SZ300330.Open, SZ300330.High, SZ300330.Low, SZ300330.Close, SZ300330.Volume, SZ300330.Adjusted
2012/06/19,7.11,7.13,6.86,6.89,10381628,7.00
2012/06/20,6.74,7.41,6.68,7.21,10289823,7.04
2012/06/21,7.12,7.23,6.90,6.99,5806177,7.07
2012/06/25,6.87,6.91,6.63,6.65,3710143,6.77
2012/06/26,6.64,6.94,6.52,6.83,3543751,6.73
2012/06/27,6.78,7.49,6.74,7.19,7910396,7.12
2012/06/28,7.16,7.16,6.84,6.84,4950870,7.00
2012/06/29,6.76,7.31,6.74,7.17,5396045,7.02
2012/07/02,7.23,7.56,7.11,7.44,6172731,7.33
2012/07/03,7.37,7.73,7.28,7.51,6511357,7.51
2012/07/04,7.45,7.57,7.20,7.26,4647796,7.39
2012/07/05,7.21,7.40,7.16,7.33,3486177,7.28
2012/07/06,7.30,7.32,6.82,7.08,4115978,7.07
2012/07/09,6.98,7.05,6.78,6.78,2319929,6.92
2012/07/10,6.79,6.85,6.63,6.66,1687334,6.74
2012/07/11,6.44,6.44,5.99,6.03,3801718,6.22
2012/07/12,6.02,6.19,5.97,6.13,1977797,6.08
2012/07/13,6.06,6.10,5.85,5.88,2081636,5.97
2012/07/16,5.87,5.87,5.51,5.52,1624841,5.69
2012/07/17,5.52,5.62,5.47,5.58,1004086,5.54
2012/07/18,5.54,5.60,5.43,5.58,942041,5.51
2012/07/19,5.57,5.89,5.55,5.74,2084920,5.72
2012/07/20,5.72,5.79,5.68,5.71,941253,5.73
2012/07/23,5.59,5.63,5.52,5.59,934966,5.57
2012/07/24,5.56,5.73,5.53,5.67,812847,5.63
2012/07/25,5.63,5.96,5.60,5.78,2364479,5.78
2012/07/26,5.73,5.83,5.67,5.67,1267889,5.75
2012/07/27,5.71,5.75,5.62,5.68,683858,5.69
2012/07/30,5.68,5.73,5.53,5.58,754416,5.63
2012/07/31,5.60,5.60,5.30,5.30,1039055,5.45
2012/08/01,5.29,5.44,5.29,5.38,539068,5.37
2012/08/02,5.39,5.41,5.25,5.30,534190,5.33
2012/08/03,5.35,5.53,5.29,5.49,903249,5.41
2012/08/06,5.44,5.64,5.41,5.63,1193747,5.52
2012/08/07,5.62,5.74,5.59,5.64,1033239,5.67
2012/08/08,5.69,5.69,5.52,5.56,808706,5.60
2012/08/09,5.54,5.73,5.54,5.73,1277473,5.64
2012/08/10,5.71,5.75,5.65,5.69,768933,5.70
2012/08/13,5.67,5.68,5.52,5.52,761592,5.60
2012/08/14,5.53,5.61,5.44,5.60,684485,5.53
2012/08/15,5.58,5.58,5.47,5.47,481178,5.52
2012/08/16,5.47,5.49,5.43,5.46,303148,5.46
2012/08/17,5.43,5.51,5.40,5.47,374704,5.46
2012/08/20,5.41,5.48,5.37,5.46,504168,5.43
2012/08/21,5.47,5.71,5.44,5.65,1474504,5.58
2012/08/22,5.66,5.77,5.63,5.69,1570446,5.70
2012/08/23,5.69,6.28,5.67,6.16,4557643,5.98
2012/08/24,6.01,6.16,5.83,5.85,3153738,6.00
2012/08/27,5.85,5.85,5.66,5.73,1168092,5.75
2012/08/28,5.73,6.14,5.73,6.06,2776362,5.94
2012/08/29,6.01,6.24,5.96,5.96,3096250,6.10
2012/08/30,5.90,6.01,5.68,5.83,2111430,5.84
2012/08/31,5.88,6.13,5.80,6.12,2935409,5.96
2012/09/03,6.05,6.25,6.02,6.25,2713643,6.13
2012/09/04,6.25,6.38,6.11,6.19,2759832,6.25
2012/09/05,6.24,6.44,6.19,6.33,2823378,6.32
2012/09/06,6.87,6.99,6.78,6.99,3256955,6.89
2012/09/07,7.54,7.57,7.07,7.28,10331517,7.32
2012/09/10,7.23,8.03,7.15,8.03,6937432,7.59
2012/09/11,7.83,7.83,7.41,7.58,7219293,7.62
2012/09/12,7.58,7.71,7.25,7.44,5069266,7.48
2012/09/13,7.39,7.43,7.11,7.11,3306968,7.27
2012/09/14,7.18,7.32,7.04,7.15,3303496,7.18
2012/09/17,7.11,7.13,6.76,6.79,2782978,6.94
2012/09/18,6.78,6.94,6.76,6.84,1726059,6.85
2012/09/19,6.83,6.98,6.75,6.85,1956551,6.87
2012/09/20,6.83,6.83,6.43,6.44,2678600,6.63
2012/09/21,6.44,6.47,6.21,6.26,2486849,6.34
2012/09/24,6.24,6.49,6.16,6.41,1845209,6.33
2012/09/25,6.35,6.43,6.21,6.41,2130857,6.32
2012/09/26,6.49,6.57,5.97,6.00,2450352,6.27
2012/09/27,5.97,6.19,5.81,6.08,2168585,6.00
2012/09/28,6.01,6.17,5.99,6.10,1352225,6.08
2012/10/08,6.10,6.24,6.08,6.20,1271276,6.16
2012/10/09,6.20,6.58,6.20,6.48,2706076,6.39
2012/10/10,6.48,6.71,6.41,6.63,2746933,6.56
2012/10/11,6.62,6.63,6.25,6.28,2361691,6.44
2012/10/12,6.21,6.37,6.12,6.21,1413782,6.25
2012/10/15,6.09,6.20,5.59,5.73,2342411,5.90
2012/10/16,5.68,5.80,5.67,5.68,973847,5.73
2012/10/17,5.70,5.78,5.65,5.74,756942,5.72
2012/10/18,5.74,6.02,5.74,5.98,1716947,5.88
2012/10/19,5.98,6.00,5.89,5.92,832968,5.94
2012/10/22,5.83,6.02,5.83,5.99,880859,5.92
2012/10/23,5.99,6.01,5.87,5.89,580171,5.94
2012/10/24,5.83,5.92,5.74,5.82,427648,5.83
2012/10/25,5.84,5.93,5.72,5.75,709499,5.82
2012/10/26,5.74,5.78,5.52,5.59,881139,5.65
2012/10/29,5.63,5.67,5.53,5.63,303671,5.60
2012/10/30,5.66,5.73,5.63,5.63,436394,5.68
2012/10/31,5.68,5.73,5.55,5.68,687274,5.64
2012/11/01,5.71,5.84,5.70,5.80,804646,5.77
2012/11/02,5.78,5.89,5.74,5.89,919599,5.81
2012/11/05,5.90,5.92,5.77,5.81,688205,5.84
2012/11/06,5.78,5.83,5.59,5.73,680667,5.71
2012/11/07,5.71,5.74,5.63,5.72,559688,5.69
2012/11/08,5.68,5.71,5.52,5.54,522857,5.61
2012/11/09,5.52,5.66,5.50,5.59,555090,5.58
2012/11/12,5.63,6.04,5.63,5.84,1794010,5.83
2012/11/13,5.84,5.89,5.65,5.66,925904,5.77
2012/11/14,5.64,5.88,5.64,5.87,1495651,5.76
2012/11/15,5.83,5.97,5.77,5.78,1721411,5.87
2012/11/16,5.73,5.88,5.62,5.88,1355351,5.75
2012/11/19,5.87,6.05,5.78,6.04,1822870,5.92
2012/11/20,6.04,6.06,5.89,5.95,1550192,5.97
2012/11/21,5.97,6.00,5.80,5.99,1314903,5.90
2012/11/22,5.93,5.96,5.81,5.86,928650,5.88
2012/11/23,5.90,5.94,5.82,5.83,791905,5.88
2012/11/26,5.83,5.84,5.54,5.54,1466901,5.69
2012/11/27,5.53,5.62,5.37,5.37,1035280,5.50
2012/11/28,5.33,5.34,5.25,5.33,559349,5.29
2012/11/29,5.33,5.37,5.20,5.21,377126,5.29
2012/11/30,5.21,5.30,5.19,5.27,241893,5.25
2012/12/03,5.22,5.28,4.97,4.97,469400,5.13
2012/12/04,4.96,5.17,4.93,5.11,617754,5.05
2012/12/05,5.11,5.42,5.06,5.33,852910,5.24
2012/12/06,5.41,5.42,5.26,5.32,645236,5.34
2012/12/07,5.29,5.50,5.29,5.49,842837,5.40
2012/12/10,5.52,5.62,5.47,5.58,1005941,5.54
2012/12/11,5.56,5.58,5.46,5.50,981514,5.52
2012/12/12,5.54,5.57,5.39,5.55,736788,5.48
2012/12/13,5.54,5.54,5.40,5.40,499939,5.47
2012/12/14,5.40,5.66,5.38,5.65,1218826,5.52
2012/12/17,5.64,5.74,5.59,5.68,1166769,5.67
2012/12/18,5.63,5.71,5.59,5.62,922819,5.65
2012/12/19,5.63,5.82,5.60,5.69,1348307,5.71
2012/12/20,5.64,6.06,5.62,5.88,2456495,5.84
2012/12/21,5.90,6.46,5.79,6.19,3539834,6.13
2012/12/24,6.21,6.33,6.10,6.33,2884915,6.21
2012/12/25,6.37,6.45,6.25,6.37,2658192,6.35
2012/12/26,6.41,6.79,6.41,6.68,3509561,6.60
2012/12/27,6.66,6.73,6.28,6.28,3023932,6.51
2012/12/28,6.27,6.50,6.15,6.43,2245863,6.33
2012/12/31,6.40,6.44,6.24,6.31,1236635,6.34
2013/01/04,6.35,6.51,6.25,6.48,1919193,6.38
2013/01/07,6.47,6.61,6.39,6.59,1710846,6.50
2013/01/08,6.56,6.65,6.44,6.52,1998658,6.55
2013/01/09,6.50,6.62,6.31,6.35,1775223,6.46
2013/01/10,6.35,6.44,6.30,6.37,1394321,6.37
2013/01/11,6.44,6.65,6.40,6.45,2973271,6.53
2013/01/14,6.80,7.12,6.80,7.12,4232520,6.96
2013/01/15,7.14,7.79,7.14,7.27,7161154,7.46
2013/01/16,7.12,7.15,6.85,6.95,3664433,7.00
2013/01/17,6.95,7.00,6.72,6.75,1848906,6.86
2013/01/18,6.78,6.93,6.72,6.88,1578369,6.82
2013/01/21,6.86,6.93,6.83,6.90,1137790,6.88
2013/01/22,6.85,6.90,6.47,6.51,2131733,6.69
2013/01/23,6.51,6.63,6.47,6.61,1134465,6.55
2013/01/24,6.61,6.72,6.33,6.42,1832987,6.52
2013/01/25,6.42,6.51,6.34,6.40,785052,6.42
2013/01/28,6.38,6.75,6.37,6.73,1581123,6.56
2013/01/29,6.68,6.89,6.67,6.75,1438499,6.78
2013/01/30,6.80,6.83,6.60,6.63,1072669,6.71
2013/01/31,6.61,6.66,6.43,6.47,860951,6.54
2013/02/01,6.48,6.57,6.44,6.52,557277,6.51
2013/02/04,6.55,6.55,6.37,6.38,923459,6.46
2013/02/05,6.33,6.58,6.30,6.56,793472,6.44
2013/02/06,6.55,6.69,6.53,6.60,714547,6.61
2013/02/07,6.57,6.76,6.56,6.74,955293,6.66
2013/02/08,6.70,6.86,6.70,6.85,1153503,6.78
2013/02/18,6.88,6.89,6.76,6.82,851082,6.82
2013/02/19,6.78,6.86,6.62,6.67,1101945,6.74
2013/02/20,6.70,6.85,6.67,6.83,1398900,6.76
2013/02/21,6.79,6.98,6.70,6.86,1899375,6.84
2013/02/22,6.86,6.88,6.73,6.74,1000446,6.81
2013/02/25,6.71,6.87,6.70,6.83,1014487,6.79
2013/02/26,6.80,6.92,6.77,6.78,1765494,6.84
2013/02/27,6.81,6.86,6.52,6.56,1513717,6.69
2013/02/28,6.59,6.66,6.53,6.65,1012684,6.60
2013/03/01,6.65,6.90,6.65,6.89,1694765,6.78
2013/03/04,7.11,7.12,6.90,7.08,4865329,7.01
2013/03/05,7.08,7.35,6.92,7.31,5042457,7.13
2013/03/06,7.21,7.33,7.17,7.26,2486264,7.25
2013/03/07,7.23,7.40,6.95,7.03,2342144,7.18
2013/03/08,7.03,7.10,6.92,6.92,1002298,7.01
2013/03/11,6.94,6.94,6.81,6.87,750748,6.88
2013/03/12,6.91,6.96,6.48,6.57,1541900,6.72
2013/03/13,6.91,6.96,6.48,6.57,0,6.72
2013/03/14,6.57,6.57,6.29,6.42,769864,6.43
2013/03/15,6.43,6.60,6.39,6.43,799937,6.49
2013/03/18,6.41,6.49,6.28,6.30,842636,6.39
2013/03/19,6.33,6.39,6.27,6.35,415765,6.33
2013/03/20,6.37,6.55,6.32,6.55,805783,6.44
2013/03/21,6.58,6.63,6.51,6.58,945044,6.57
2013/03/22,6.56,6.59,6.46,6.52,879321,6.52
2013/03/25,6.52,6.55,6.41,6.44,573756,6.48
2013/03/26,6.49,6.51,6.36,6.51,608734,6.44
2013/03/27,6.83,6.83,6.51,6.59,864479,6.67
2013/03/28,6.52,6.52,6.33,6.33,752145,6.42
2013/03/29,6.38,6.40,6.26,6.27,425520,6.33
2013/04/01,6.29,6.38,6.25,6.33,330145,6.31
2013/04/02,6.33,6.39,6.22,6.22,447303,6.30
2013/04/03,6.25,6.28,6.15,6.19,287872,6.22
2013/04/08,6.09,6.18,5.95,6.18,428522,6.06
2013/04/09,6.15,6.23,6.15,6.18,288815,6.19
2013/04/10,6.20,6.20,6.04,6.11,303274,6.12
2013/04/11,6.11,6.14,6.04,6.06,246341,6.09
2013/04/12,6.06,6.11,6.03,6.04,209149,6.07
2013/04/15,6.07,6.07,5.95,5.98,238526,6.01
2013/04/16,5.94,6.01,5.89,6.01,340110,5.95
2013/04/17,6.09,6.21,6.06,6.14,571027,6.13
2013/04/18,6.16,6.21,6.07,6.18,441089,6.14
2013/04/19,6.18,6.33,6.18,6.29,648964,6.25
2013/04/22,6.28,6.41,6.27,6.35,772356,6.34
2013/04/23,6.34,6.38,6.16,6.17,677138,6.27
2013/04/24,6.19,6.42,6.18,6.40,663666,6.30
2013/04/25,6.36,6.51,6.30,6.30,935121,6.40
2013/04/26,6.35,6.37,6.12,6.12,458682,6.25
2013/05/02,6.00,6.20,5.95,6.20,297169,6.08
2013/05/03,6.20,6.38,6.20,6.35,553577,6.29
2013/05/06,6.35,6.56,6.35,6.54,957365,6.45
2013/05/07,6.52,6.55,6.44,6.54,631944,6.50
2013/05/08,6.48,6.68,6.47,6.67,1113735,6.57
2013/05/09,6.63,6.83,6.63,6.77,1597410,6.73
2013/05/10,6.82,6.83,6.65,6.72,1003921,6.74
2013/05/13,6.73,6.88,6.68,6.84,1040436,6.78
2013/05/14,6.80,6.83,6.59,6.64,744309,6.71
2013/05/15,6.62,6.86,6.62,6.84,828648,6.74
2013/05/16,6.86,6.93,6.71,6.71,1438648,6.82
2013/05/17,6.72,7.03,6.71,6.91,1493002,6.87
2013/05/20,7.03,7.22,6.96,7.19,1999254,7.09
2013/05/21,7.16,7.35,7.04,7.35,2160153,7.19
2013/05/22,7.27,7.30,6.99,7.03,1891275,7.15
2013/05/23,6.96,7.71,6.96,7.29,3855252,7.33
2013/05/24,7.42,7.64,7.33,7.54,2871112,7.48
2013/05/27,7.54,7.63,7.40,7.60,2420160,7.52
2013/05/28,7.56,7.63,7.20,7.40,2079941,7.42
2013/05/29,7.43,7.50,7.31,7.41,1374300,7.40
2013/05/30,7.37,7.75,7.36,7.64,2840172,7.56
2013/05/31,7.63,7.69,7.46,7.47,1682307,7.58
2013/06/03,7.43,7.56,7.14,7.16,1822125,7.35
2013/06/04,7.20,7.20,6.83,6.89,1464627,7.02
2013/06/05,6.86,7.02,6.80,6.93,657213,6.91
2013/06/06,6.94,6.97,6.80,6.80,568795,6.88
2013/06/07,6.82,6.91,6.70,6.75,761401,6.81
2013/06/13,6.71,6.87,6.57,6.85,1009227,6.72
2013/06/14,6.78,7.35,6.78,7.32,2396884,7.06
2013/06/17,7.30,7.30,7.08,7.13,1687104,7.19
2013/06/18,7.09,7.19,6.90,7.12,1178171,7.05
2013/06/19,6.99,7.04,6.85,6.92,1756594,6.94
2013/06/20,6.90,6.90,6.42,6.47,2759150,6.66
2013/06/21,6.41,6.51,6.20,6.44,1297569,6.35
2013/06/24,6.42,6.42,5.93,5.98,1883920,6.17
2013/06/25,5.85,6.06,5.60,6.02,1237998,5.83
2013/06/26,6.02,6.28,5.98,6.27,2092541,6.13
2013/06/27,6.21,6.28,5.96,5.97,2187919,6.12
2013/06/28,5.91,6.07,5.80,5.87,954109,5.94
2013/07/01,5.94,6.11,5.83,6.11,1076702,5.97
2013/07/02,6.11,6.40,6.09,6.33,1922760,6.25
2013/07/03,6.32,6.40,6.11,6.37,1568563,6.26
2013/07/04,6.28,6.45,6.27,6.37,1504003,6.36
2013/07/05,6.33,6.53,6.24,6.27,1391711,6.39
2013/07/08,6.06,6.10,5.90,5.97,1175000,6.00
2013/07/09,6.03,6.16,5.97,6.13,684926,6.06
2013/07/10,6.24,6.76,6.24,6.44,1526345,6.50
2013/07/11,6.42,6.55,6.38,6.49,2402748,6.46
2013/07/12,6.46,6.73,6.43,6.57,3356024,6.58
2013/07/15,6.60,6.78,6.51,6.73,3250819,6.65
2013/07/16,6.64,6.73,6.59,6.73,2824843,6.66
2013/07/17,6.70,7.03,6.66,6.92,5075146,6.85
2013/07/18,6.94,7.34,6.88,7.19,6631982,7.11
2013/07/19,7.13,7.34,6.97,7.04,5339909,7.15
2013/07/22,7.19,7.42,7.15,7.42,6610733,7.29
2013/07/23,7.35,7.49,7.25,7.46,4834259,7.37
2013/07/24,7.56,7.56,7.28,7.40,4740981,7.42
2013/07/25,7.40,7.53,6.89,6.97,4743740,7.21
2013/07/26,6.88,7.69,6.85,7.69,8552472,7.27
2013/07/29,7.80,8.13,7.56,7.69,10762712,7.85
2013/07/30,7.63,7.74,7.03,7.46,6106317,7.39
2013/07/31,7.40,7.83,7.26,7.51,5528223,7.54
2013/08/01,7.77,8.27,7.51,8.27,5733561,7.89
2013/08/02,9.12,9.12,9.12,9.12,2123905,9.12
2013/08/05,9.80,9.85,8.70,8.78,25096618,9.27
2013/08/06,8.59,8.99,8.59,8.88,15795991,8.79
2013/08/07,8.59,8.69,8.28,8.35,11800591,8.48
2013/08/08,8.33,8.52,8.31,8.33,7250541,8.42
2013/08/09,8.32,8.42,7.84,8.04,8445226,8.13
2013/08/12,8.04,8.17,7.84,8.12,6846784,8.00
2013/08/13,8.31,8.50,8.22,8.44,10414383,8.36
2013/08/14,8.41,8.52,8.22,8.32,7294593,8.37
2013/08/15,8.30,8.47,8.24,8.32,5897969,8.36
2013/08/16,8.18,8.49,8.14,8.14,5954545,8.32
2013/08/19,8.11,8.44,8.02,8.44,4589771,8.23
2013/08/20,8.49,9.14,8.49,8.71,10274390,8.82
2013/08/21,8.57,8.82,8.49,8.71,5269248,8.66
2013/08/22,8.69,8.90,8.58,8.77,6574295,8.74
2013/08/23,8.72,8.85,8.25,8.55,6564382,8.55
2013/08/26,8.84,8.84,8.56,8.72,4802322,8.70
2013/08/27,8.69,8.82,8.56,8.74,4504982,8.69
2013/08/28,8.62,8.72,8.34,8.39,6127195,8.53
2013/08/29,8.44,8.52,8.27,8.28,3865141,8.39
2013/08/30,8.37,8.42,7.73,7.77,5546847,8.08
2013/09/02,7.79,8.00,7.74,7.94,2552806,7.87
2013/09/03,7.89,8.07,7.89,8.07,1886896,7.98
2013/09/04,8.13,8.81,8.12,8.65,10164417,8.46
2013/09/05,8.72,8.77,8.52,8.65,5324256,8.64
2013/09/06,8.66,9.14,8.57,9.12,8929409,8.86
2013/09/09,9.51,10.05,9.27,9.44,11896961,9.66
2013/09/10,9.81,10.40,9.80,10.40,3117438,10.10
2013/09/11,11.45,11.45,10.59,11.13,14946121,11.02
2013/09/12,11.66,12.26,11.66,12.26,4634389,11.96
2013/09/13,12.37,12.60,11.29,11.49,11582564,11.94
2013/09/16,11.32,11.50,10.81,11.00,6899622,11.16
2013/09/17,11.09,11.22,10.72,10.74,5538236,10.97
2013/09/18,10.80,11.82,10.80,11.82,10855690,11.31
2013/09/23,12.34,13.02,12.23,13.02,8691749,12.63
2013/09/24,13.02,13.70,12.66,13.29,10508543,13.18
2013/09/25,13.15,13.17,12.29,12.34,8652680,12.73
2013/09/26,12.29,12.29,11.48,11.59,6948755,11.88
2013/09/27,11.48,12.76,11.48,12.76,10780074,12.12
2013/09/30,13.02,14.01,12.66,13.38,9817964,13.33
2013/10/08,13.07,13.29,12.75,13.13,5328597,13.02
2013/10/09,13.04,14.45,13.02,13.66,7253762,13.73
2013/10/10,13.38,14.01,12.79,12.92,6804521,13.40
2013/10/11,12.92,13.43,12.74,13.14,4698819,13.08
2013/10/14,13.23,13.23,12.44,12.79,5179186,12.83
2013/10/15,12.59,12.78,12.32,12.62,3571713,12.55
2013/10/16,12.62,12.82,11.61,11.79,4355053,12.21
2013/10/17,11.89,11.93,11.52,11.55,3281954,11.72
2013/10/18,11.60,12.10,11.60,11.92,2881280,11.85
2013/10/21,12.14,12.26,11.86,12.15,2599436,12.06
2013/10/22,12.06,12.17,11.19,11.20,4917872,11.68
2013/10/23,11.22,11.29,10.25,10.54,3967132,10.77
2013/10/24,10.53,10.77,10.41,10.62,1996016,10.59
2013/10/25,10.59,10.73,10.03,10.29,2456281,10.38
2013/10/28,10.19,10.92,10.19,10.84,2609693,10.55
2013/10/29,10.84,10.97,10.03,10.43,2890984,10.50
2013/10/30,10.31,10.94,10.27,10.93,2839869,10.60
2013/10/31,10.72,11.25,10.72,10.74,3154659,10.99
2013/11/01,10.64,10.79,10.37,10.62,2180626,10.58
2013/11/04,10.55,10.64,10.41,10.54,1346851,10.53
2013/11/05,10.54,10.93,10.41,10.92,2010373,10.67
2013/11/06,10.79,11.08,10.52,10.52,2347064,10.80
2013/11/07,10.52,10.66,10.15,10.15,2015437,10.41
2013/11/08,10.15,10.22,9.87,9.96,1776404,10.04
2013/11/11,10.00,10.05,9.70,10.01,1364271,9.88
2013/11/12,10.07,10.31,9.96,10.31,1685940,10.14
2013/11/13,10.23,10.32,9.96,9.99,1356439,10.14
2013/11/14,9.87,10.43,9.85,10.37,2296494,10.14
2013/11/15,10.49,10.79,10.25,10.68,3307317,10.52
2013/11/18,10.69,10.92,10.66,10.86,2924824,10.79
2013/11/19,10.86,10.99,10.67,10.83,2532508,10.83
2013/11/20,10.83,10.93,10.73,10.82,1959120,10.83
2013/11/21,10.83,11.19,10.80,11.00,3822197,11.00
2013/11/22,10.96,11.07,10.72,10.77,1848407,10.90
2013/11/25,10.74,11.19,10.72,10.84,2913432,10.96
2013/11/26,10.82,11.55,10.74,11.54,6010912,11.15
2013/11/27,11.43,11.83,11.37,11.66,5297713,11.60
2013/11/28,11.73,12.00,11.51,11.58,3964453,11.75
2013/11/29,11.73,11.99,11.54,11.87,4218790,11.76
2013/12/02,11.09,11.09,10.67,10.67,4332618,10.88
2013/12/03,9.60,10.00,9.59,9.91,6714286,9.79
2013/12/04,9.83,10.34,9.63,9.96,5187912,9.99
2013/12/05,9.68,9.84,9.44,9.53,3501342,9.64
2013/12/06,9.44,9.66,9.31,9.59,1814556,9.49
2013/12/09,9.63,9.76,9.57,9.74,2084595,9.67
2013/12/10,9.84,10.05,9.74,9.91,3206795,9.90
2013/12/11,9.96,9.96,9.59,9.69,1872170,9.78
2013/12/12,9.64,9.89,9.60,9.74,1701640,9.75
2013/12/13,9.70,9.82,9.52,9.72,1419754,9.67
2013/12/16,9.72,9.80,9.61,9.67,1673655,9.71
2013/12/17,9.66,9.72,9.31,9.32,1833536,9.52
2013/12/18,9.32,9.45,9.19,9.24,1215588,9.32
2013/12/19,9.29,9.48,9.24,9.27,1163472,9.36
2013/12/20,9.30,9.42,9.23,9.29,1092819,9.33
2013/12/23,9.31,9.34,9.09,9.15,1059481,9.21
2013/12/24,9.12,9.42,9.07,9.36,1067713,9.25
2013/12/25,9.36,9.67,9.34,9.67,2434758,9.50
2013/12/26,9.62,9.67,9.48,9.49,2079574,9.58
2013/12/27,9.54,9.87,9.49,9.84,2685807,9.68
2013/12/30,9.88,10.02,9.74,9.97,2669766,9.88
2013/12/31,9.90,9.97,9.68,9.96,1851049,9.83
2014/01/02,9.87,10.23,9.82,10.19,3404157,10.03
2014/01/03,10.09,10.29,10.07,10.09,2575564,10.18
2014/01/06,10.15,10.16,9.66,9.72,2400579,9.91
2014/01/07,9.70,9.94,9.53,9.94,2055185,9.73
2014/01/08,9.92,10.22,9.92,10.15,2855556,10.07
2014/01/09,10.15,10.30,9.85,9.85,2934970,10.08
2014/01/10,9.77,9.95,9.36,9.39,2171567,9.65
2014/01/13,9.42,9.64,9.39,9.59,1156610,9.52
2014/01/14,9.59,10.02,9.52,10.01,1852521,9.77
2014/01/15,10.01,10.28,9.95,10.27,2896699,10.11
2014/01/16,10.16,10.30,10.07,10.07,2520556,10.19
2014/01/17,10.02,10.59,9.98,10.55,5324099,10.29
2014/01/20,10.52,10.52,10.12,10.32,3408685,10.32
2014/01/21,10.28,10.56,10.18,10.53,3044536,10.37
2014/01/22,10.52,10.77,10.39,10.64,4101529,10.58
2014/01/23,10.87,11.37,10.84,11.02,6931293,11.10
2014/01/24,10.94,11.15,10.73,11.00,4508020,10.94
2014/01/27,10.94,11.32,10.68,11.16,5465386,11.00
2014/01/28,10.94,11.08,10.60,10.67,3911568,10.84
2014/01/29,10.65,11.03,10.65,11.01,3529517,10.84
2014/01/30,10.99,11.04,10.64,10.72,2696736,10.84
2014/02/07,10.64,11.05,10.45,11.01,2639278,10.75
2014/02/10,11.10,11.34,10.94,11.29,4795750,11.14
2014/02/11,11.32,11.59,10.98,11.56,6374156,11.29
2014/02/12,11.52,11.69,11.34,11.62,5200827,11.51
2014/02/13,11.59,11.59,11.02,11.03,3996890,11.30
2014/02/14,11.03,11.32,11.02,11.32,3139068,11.17
2014/02/17,11.31,12.27,11.30,12.17,9195970,11.79
2014/02/18,12.12,12.32,11.92,12.11,6972786,12.12
2014/02/19,12.11,12.18,11.77,11.87,4782556,11.97
2014/02/20,11.87,12.30,11.67,12.00,6534468,11.99
2014/02/21,11.92,12.14,11.81,11.96,3085248,11.98
2014/02/24,11.93,11.95,11.59,11.89,2922391,11.77
2014/02/25,11.89,12.14,10.69,10.70,6399171,11.42
2014/02/26,10.69,10.74,10.27,10.64,3293234,10.50
2014/02/27,10.64,10.99,10.49,10.50,3170725,10.74
2014/02/28,10.39,10.74,10.37,10.72,1873033,10.55
2014/03/03,10.85,11.07,10.72,11.00,2364147,10.90
2014/03/04,10.84,10.92,10.64,10.81,1978869,10.78
2014/03/05,10.98,10.99,10.80,10.84,2479865,10.90
2014/03/06,10.84,10.90,10.48,10.65,1992112,10.69
2014/03/07,10.59,10.72,10.48,10.52,1740588,10.60
2014/03/10,10.50,10.50,9.87,9.87,2499688,10.18
2014/03/11,9.87,10.05,9.79,9.89,1465719,9.92
2014/03/12,9.87,10.05,9.78,9.92,865991,9.92
2014/03/13,10.00,10.04,9.89,9.99,1500826,9.96
2014/03/14,9.94,10.25,9.91,10.21,1918719,10.08
2014/03/17,10.24,10.40,10.14,10.36,1551319,10.27
2014/03/18,10.44,10.69,10.39,10.52,2212087,10.54
2014/03/19,10.41,10.64,10.41,10.59,1656238,10.53
2014/03/20,10.65,10.79,10.25,10.25,1853567,10.52
2014/03/21,10.23,10.54,9.94,10.41,1887676,10.24
2014/03/24,10.41,10.47,10.18,10.21,1219361,10.33
2014/03/25,10.23,10.64,10.23,10.57,1898055,10.44
2014/03/26,10.57,10.72,10.46,10.59,1632573,10.59
2014/03/27,10.59,10.63,10.23,10.23,1573640,10.43
2014/03/28,10.27,10.72,10.24,10.45,2993416,10.48
2014/03/31,10.50,10.92,10.48,10.76,3695681,10.70
2014/04/01,10.66,10.86,10.66,10.79,2006082,10.76
2014/04/02,10.80,10.87,10.57,10.62,1582747,10.72
2014/04/03,10.56,10.84,10.45,10.74,1549753,10.64
2014/04/04,10.74,10.82,10.61,10.80,1314601,10.71
2014/04/08,10.79,10.83,10.61,10.80,1378711,10.72
2014/04/09,10.80,10.98,10.80,10.89,2269374,10.89
2014/04/10,10.77,10.91,10.67,10.77,2334618,10.79
2014/04/11,10.69,10.77,10.57,10.58,2062136,10.67
2014/04/14,10.56,10.77,10.55,10.76,1614001,10.66
2014/04/15,10.73,10.97,10.68,10.94,2970523,10.83
2014/04/16,10.94,11.92,10.86,11.41,6365071,11.39
2014/04/17,11.41,11.52,11.27,11.44,2284003,11.39
2014/04/18,11.42,11.94,11.39,11.82,4973662,11.67
2014/04/21,11.59,12.25,11.59,12.08,6180485,11.92
2014/04/22,12.30,12.39,11.50,12.09,5008447,11.95
2014/04/23,12.03,12.29,11.96,12.02,4839998,12.13
2014/04/24,12.07,13.01,11.99,12.87,7091804,12.50
2014/04/25,12.69,12.89,12.37,12.60,5007520,12.63
2014/04/28,12.79,13.50,12.60,12.63,6275236,13.05
2014/04/29,12.47,13.32,12.44,13.27,4380854,12.88
2014/04/30,13.52,14.43,13.27,14.29,6919127,13.85
2014/05/05,14.16,14.49,14.04,14.34,5297239,14.26
2014/05/06,14.36,14.36,14.03,14.07,4430425,14.19
2014/05/07,14.02,14.72,14.02,14.09,4947021,14.37
2014/05/08,14.05,14.05,13.43,13.47,5304270,13.74
2014/05/09,13.62,13.69,12.83,13.52,5212637,13.26
2014/05/12,13.64,13.87,13.52,13.87,3198936,13.69
2014/05/13,13.81,14.16,13.55,13.68,2752827,13.86
2014/05/14,13.66,13.72,13.34,13.68,1735191,13.53
2014/05/15,13.72,13.80,13.38,13.38,1865311,13.59
2014/05/16,13.47,13.58,12.86,13.10,2636685,13.22
2014/05/19,13.10,13.29,12.94,13.02,1353470,13.11
2014/05/20,13.20,13.59,12.99,13.02,1912148,13.29
2014/05/21,13.01,13.01,12.57,12.84,2346035,12.79
2014/05/22,12.89,13.04,12.82,12.84,1690772,12.93
2014/05/23,12.84,13.27,12.80,13.24,1842462,13.04
2014/05/26,13.21,13.43,13.09,13.39,1907332,13.26
2014/05/27,13.42,13.52,13.27,13.39,1091303,13.39
2014/05/28,13.43,13.52,13.17,13.49,1998915,13.34
2014/05/29,13.45,13.56,13.20,13.25,2133418,13.38
2014/05/30,13.25,13.37,13.17,13.27,1180319,13.27
2014/06/03,13.25,13.35,12.74,12.87,1525309,13.04
2014/06/04,12.87,12.92,12.63,12.66,1190027,12.78
2014/06/05,12.66,13.03,12.63,13.02,1033048,12.83
2014/06/06,12.94,13.02,12.77,12.94,845210,12.89
2014/06/09,12.94,12.96,12.82,12.83,626730,12.89
2014/06/10,12.85,13.19,12.80,13.16,1169460,13.00
2014/06/11,13.17,13.37,13.09,13.29,1076366,13.23
2014/06/12,13.11,13.29,12.93,13.00,1370241,13.11
2014/06/13,12.95,13.21,12.95,13.19,940698,13.08
2014/06/16,13.26,13.31,13.09,13.20,916655,13.20
2014/06/17,13.21,13.64,13.14,13.54,2819804,13.39
2014/06/18,13.51,13.72,13.27,13.34,1796956,13.50
2014/06/19,13.34,13.64,12.71,12.78,2202234,13.18
2014/06/20,12.77,12.90,12.64,12.87,1183747,12.77
2014/06/23,12.93,13.04,12.79,12.93,1159557,12.91
2014/06/24,13.10,13.99,13.10,13.80,4160079,13.54
2014/06/25,13.68,13.79,13.52,13.68,2130823,13.65
2014/06/26,13.62,13.85,13.62,13.82,2960471,13.73
2014/06/27,13.82,13.93,13.64,13.77,1842698,13.79
2014/06/30,13.79,13.83,13.68,13.78,1834228,13.75
2014/07/01,13.79,13.85,13.69,13.75,1742175,13.77
2014/07/02,13.79,13.92,13.70,13.81,2515987,13.81
2014/07/03,13.81,13.86,13.70,13.72,1630596,13.78
2014/07/04,13.71,14.29,13.71,14.04,3648767,14.00
2014/07/07,13.97,14.12,13.81,13.87,2368003,13.96
2014/07/08,13.92,13.98,13.69,13.84,2011721,13.83
2014/07/09,13.82,13.94,13.77,13.84,1947865,13.85
2014/07/10,13.77,14.02,13.77,13.91,1817889,13.89
2014/07/11,13.94,13.96,13.67,13.73,2132461,13.82
2014/07/14,13.75,13.89,13.67,13.89,1364701,13.78
2014/07/15,13.87,13.89,13.67,13.76,1064841,13.78
2014/07/16,13.70,13.91,13.70,13.77,970772,13.80
2014/07/17,13.58,13.58,13.14,13.36,2177539,13.36
2014/07/18,13.26,13.70,13.26,13.47,1352955,13.51
2014/07/21,13.44,13.45,12.67,12.91,2480100,12.99
2014/07/22,12.78,13.14,12.78,13.09,1087698,13.04
2014/07/23,13.09,13.24,12.73,12.73,1343150,12.94
2014/07/24,12.72,12.78,12.38,12.57,1407964,12.60
2014/07/25,12.57,12.75,12.53,12.65,998742,12.64
2014/07/28,12.70,12.93,12.68,12.91,1268795,12.82
2014/07/29,12.77,13.21,12.77,13.14,2220739,13.10
2014/07/30,13.10,13.19,13.03,13.16,1237167,13.13
2014/07/31,13.11,13.23,13.10,13.20,1023912,13.20
2014/08/01,13.14,13.19,12.93,12.98,1467489,13.09
2014/08/04,12.98,13.18,12.91,13.12,769868,13.12
2014/08/05,13.01,13.61,12.91,13.47,3245477,13.30
2014/08/06,13.44,13.52,13.28,13.50,1583015,13.47
2014/08/07,13.50,13.80,13.43,13.51,1802427,13.61
2014/08/08,13.48,13.67,13.48,13.58,1375719,13.57
2014/08/11,13.58,13.96,13.55,13.82,2252409,13.79
2014/08/12,13.81,13.86,13.68,13.76,1732627,13.76
2014/08/13,13.75,13.78,13.51,13.70,1481089,13.65
2014/08/14,13.68,13.85,13.56,13.66,1548668,13.77
2014/08/15,13.73,13.76,13.53,13.71,1516052,13.69
2014/08/18,13.86,14.30,13.79,14.17,3729015,14.15
2014/08/19,14.14,14.35,14.13,14.18,2462851,14.23
2014/08/20,14.18,14.32,14.10,14.27,1967273,14.23
2014/08/21,14.22,14.46,14.17,14.42,2123828,14.30
2014/08/22,14.45,15.48,14.33,15.31,5743884,15.02
2014/08/25,15.18,15.56,14.98,15.39,3545962,15.25
2014/08/26,15.29,15.55,14.66,14.85,3648355,15.12
2014/08/27,14.82,15.01,14.71,14.80,1732056,14.86
2014/08/28,14.73,15.02,14.68,14.81,1950482,14.85
2014/08/29,14.86,15.00,14.76,14.95,1238068,14.92
2014/09/01,14.94,15.35,14.93,15.28,1688668,15.17
2014/09/02,15.45,15.46,15.06,15.26,2489478,15.24
2014/09/03,15.26,15.37,15.06,15.27,2362814,15.23
2014/09/04,15.26,15.46,15.16,15.42,2372828,15.35
2014/09/05,15.38,15.66,15.22,15.66,2921498,15.50
2014/09/09,15.67,15.84,15.54,15.57,1773589,15.64
2014/09/10,15.56,15.64,15.28,15.48,1820796,15.50
2014/09/11,15.43,15.92,15.38,15.66,3126630,15.70
2014/09/12,15.69,15.76,15.46,15.64,2578938,15.58
2014/09/15,15.71,15.76,15.55,15.74,2602447,15.72
2014/09/16,15.72,15.91,15.28,15.28,4336628,15.67
2014/09/17,15.29,15.43,15.10,15.28,2482197,15.28
2014/09/18,15.28,15.32,15.13,15.19,1483284,15.24
2014/09/19,15.23,15.93,15.23,15.93,3463606,15.66
2014/09/22,15.78,16.32,15.61,16.12,4235382,15.97
2014/09/23,16.08,16.18,15.96,15.99,2237666,16.06
2014/09/24,16.04,16.25,15.89,16.17,2603467,16.17
2014/09/25,16.08,16.25,15.68,15.88,3828437,15.94
2014/09/26,15.78,16.34,15.78,16.18,2558872,16.14
2014/09/29,16.18,16.36,15.98,16.16,1922731,16.18
2014/09/30,16.18,16.19,15.99,16.18,2502738,16.10
2014/10/08,16.21,16.27,16.10,16.27,2499733,16.21
2014/10/09,16.27,16.79,16.21,16.53,3130142,16.50
2014/10/10,16.38,16.44,16.19,16.23,2180472,16.32
2014/10/13,15.97,16.16,15.84,16.09,2384486,15.97
2014/10/14,16.06,16.27,15.78,15.86,2439410,16.03
2014/10/15,15.87,15.98,15.71,15.87,1881107,15.85
2014/10/16,15.85,15.96,15.72,15.73,1422814,15.84
2014/10/17,15.70,15.73,15.05,15.22,2244116,15.33
2014/10/20,15.26,15.45,15.26,15.33,1074582,15.37
2014/10/21,15.23,15.45,15.13,15.15,1177646,15.28
2014/10/22,15.05,15.28,14.53,14.60,2150683,14.94
2014/10/23,14.66,14.73,14.08,14.17,1664710,14.33
2014/10/24,14.22,14.39,14.16,14.31,1361825,14.31
2014/10/27,14.34,14.56,14.18,14.53,1183068,14.44
2014/10/28,14.58,15.07,14.58,15.05,1583053,14.87
2014/10/29,15.06,15.43,15.06,15.13,2180030,15.26
2014/10/30,15.21,15.33,14.97,15.04,1652356,15.17
2014/10/31,15.35,15.35,14.78,14.97,1568491,15.00
2014/11/03,14.98,15.13,14.96,15.06,1597444,15.05
2014/11/04,15.06,15.10,14.75,14.82,1839040,14.91
2014/11/05,14.79,14.93,14.68,14.80,1119058,14.79
2014/11/06,14.88,14.95,14.77,14.95,1098333,14.89
2014/11/07,14.96,15.03,14.66,14.77,1462763,14.91
2014/11/10,14.78,14.91,14.70,14.76,1229832,14.77
2014/11/11,14.77,14.77,14.09,14.25,2269394,14.41
2014/11/12,14.08,14.55,14.08,14.51,1421922,14.36
2014/11/13,14.39,14.50,13.88,13.96,2654187,14.05
2014/11/14,14.01,14.08,13.88,13.93,1255026,13.95
2014/11/17,13.97,14.21,13.92,14.12,1286185,14.11
2014/11/18,14.14,14.18,14.04,14.16,986163,14.14
2014/11/19,14.17,14.47,14.14,14.42,1505545,14.37
2014/11/20,14.48,14.62,14.35,14.43,1654997,14.51
2014/11/21,14.38,14.63,14.30,14.53,1742125,14.56
2014/11/24,14.68,14.71,14.41,14.58,1847417,14.52
2014/11/25,14.49,14.81,14.48,14.79,2882850,14.75
2014/11/26,14.85,14.91,14.62,14.79,2292558,14.72
2014/11/27,14.78,14.85,14.60,14.72,2674674,14.75
2014/11/28,14.75,14.83,14.63,14.75,3436955,14.74
2014/12/01,14.64,14.72,14.13,14.22,3229951,14.35
2014/12/02,14.22,14.44,14.22,14.30,1841714,14.34
2014/12/03,14.37,14.46,13.99,14.38,2533826,14.18
2014/12/04,14.28,14.60,14.24,14.53,3053071,14.47
2014/12/05,14.49,14.51,13.79,14.02,2861459,14.15
2014/12/08,13.97,13.97,13.50,13.62,3533915,13.69
2014/12/09,13.40,13.40,12.94,12.98,2878703,13.16
2014/12/10,12.99,13.33,12.91,13.30,2163399,13.21
2014/12/11,13.32,13.43,13.15,13.40,2658285,13.30
2014/12/12,13.46,13.58,13.40,13.58,2235765,13.52
2014/12/15,13.56,13.83,13.48,13.79,2472212,13.72
2014/12/16,13.71,14.00,13.53,13.59,1888792,13.70
2014/12/17,13.57,13.57,13.24,13.30,1951749,13.37
2014/12/18,13.24,13.53,13.19,13.37,1431117,13.38
2014/12/19,13.25,13.39,12.95,13.13,1856868,13.11
2014/12/22,13.20,13.20,12.16,12.33,2417389,12.49
2014/12/23,12.28,12.47,11.92,12.09,1865096,12.23
2014/12/24,12.16,12.35,12.09,12.35,1145000,12.26
2014/12/25,12.35,12.53,12.34,12.51,1381207,12.49
2014/12/26,12.45,12.52,12.20,12.29,1289035,12.33
2014/12/29,12.37,12.37,11.86,11.90,1991235,12.04
2014/12/30,11.80,12.02,11.64,11.83,1390292,11.86
2014/12/31,11.83,12.06,11.77,11.94,1106404,11.92
2015/01/05,11.83,12.01,11.71,12.00,1610139,11.88
2015/01/06,11.68,12.44,11.68,12.44,2080441,12.21
2015/01/07,12.48,12.48,12.18,12.26,1190499,12.30
2015/01/08,12.23,12.46,12.23,12.34,1705156,12.38
2015/01/09,12.36,12.46,12.30,12.34,1674968,12.39
2015/01/12,12.16,12.29,11.98,12.07,1498116,12.10
2015/01/13,12.07,12.46,11.98,12.46,2518890,12.37
2015/01/14,12.40,12.54,12.18,12.28,1648433,12.35
2015/01/15,12.27,12.43,12.23,12.30,1417513,12.36
2015/01/16,12.30,12.63,12.28,12.57,2946595,12.49
2015/01/19,12.36,12.95,12.28,12.61,3207537,12.64
2015/01/20,12.62,13.19,12.59,13.13,5215054,12.95
2015/01/21,13.09,13.34,12.94,13.05,5440779,13.09
2015/01/22,13.04,13.11,12.86,13.10,3784018,12.99
2015/01/23,13.10,13.12,12.78,12.82,3027049,12.95
2015/01/26,12.87,13.16,12.87,13.16,2843345,13.06
2015/01/27,13.17,13.22,12.89,13.09,3190212,13.09
2015/01/28,12.98,13.65,12.90,13.45,6778552,13.45
2015/01/29,13.28,13.61,13.15,13.36,3311613,13.39
2015/01/30,13.37,13.42,12.86,12.86,2956854,13.07
2015/02/02,12.67,12.85,12.58,12.73,2018910,12.74
2015/02/03,12.67,13.42,12.67,13.30,4201496,13.20
2015/02/04,13.37,13.39,13.18,13.21,2336080,13.28
2015/02/05,13.22,13.75,13.19,13.48,6226909,13.57
2015/02/06,13.38,14.19,13.38,13.84,8343381,13.84
2015/02/09,13.85,13.97,13.33,13.39,4026907,13.63
2015/02/10,13.28,13.53,13.18,13.53,2886058,13.36
2015/02/11,13.57,13.89,13.48,13.89,3958898,13.71
2015/02/12,14.13,14.37,13.84,13.93,4337654,14.04
2015/02/13,13.94,14.23,13.86,13.93,4400954,14.02
2015/02/16,13.89,14.43,13.89,14.38,5485459,14.24
2015/02/17,14.33,14.33,13.92,14.09,4746330,14.11
2015/02/25,14.13,14.13,13.83,13.92,3068734,13.95
2015/02/26,13.93,14.01,13.74,13.98,2900392,13.88
2015/02/27,13.98,14.12,13.88,14.07,3461393,14.05
2015/03/02,14.08,14.35,13.99,14.31,4666739,14.21
2015/03/03,14.21,14.42,14.10,14.15,4936608,14.25
2015/03/04,14.13,14.53,14.01,14.50,5854687,14.34
2015/03/05,14.52,14.58,14.25,14.36,4461690,14.38
2015/03/06,14.36,14.83,14.26,14.53,7990362,14.50
2015/03/09,14.88,15.15,14.53,14.97,8246923,14.85
2015/03/10,15.03,15.12,14.80,15.08,5138197,15.00
2015/03/11,14.94,15.08,14.69,14.77,3704337,14.84
2015/03/12,14.74,15.24,14.72,14.77,6039727,14.97
2015/03/13,14.84,15.28,14.70,15.16,6125454,15.02
2015/03/16,15.24,15.73,15.24,15.49,6645372,15.49
2015/03/17,15.53,16.04,15.43,15.90,8825099,15.82
2015/03/18,15.87,17.36,15.63,16.78,10605935,16.50
2015/03/19,16.62,16.97,16.16,16.49,7526156,16.56
2015/03/20,16.61,17.27,16.33,17.01,8658752,16.88
2015/03/23,17.22,17.90,16.88,17.74,9815990,17.29
2015/03/24,17.58,17.76,16.38,17.36,11622571,17.20
2015/03/25,17.31,17.49,16.68,17.08,8585994,17.12
2015/03/26,16.93,18.79,16.83,17.78,12999411,17.79
2015/03/27,17.78,18.16,17.51,18.00,8336654,17.80
2015/03/30,18.01,18.07,17.36,17.57,7244034,17.62
2015/03/31,17.43,17.78,17.38,17.48,4875496,17.59
2015/04/01,17.48,18.06,17.38,17.91,5339962,17.77
2015/04/02,17.88,18.37,17.74,18.18,5718298,18.00
2015/04/03,17.93,18.51,17.78,18.43,6451358,18.27
2015/04/07,18.80,19.52,18.67,18.72,6242515,19.02
2015/04/08,19.16,19.16,17.44,18.33,6620408,18.43
2015/04/09,18.36,18.46,16.91,18.09,7134613,17.78
2015/04/10,17.81,18.98,17.73,18.63,6204561,18.45
2015/04/13,18.58,19.22,18.48,18.98,5735297,18.94
2015/04/14,19.12,19.30,18.48,18.65,4657641,18.86
2015/04/15,18.40,18.64,17.39,17.39,5184352,17.82
2015/04/16,17.28,17.80,16.98,17.48,3258876,17.46
2015/04/17,17.86,17.97,17.28,17.44,3820180,17.56
2015/04/20,17.46,17.75,16.98,17.16,5697418,17.27
2015/04/21,17.46,17.75,16.98,17.16,0,17.37
2015/04/22,17.68,18.18,17.54,17.64,8294814,17.79
2015/04/23,17.68,18.28,17.60,17.83,9093769,17.96
2015/04/24,17.68,17.68,17.08,17.43,6767473,17.41
2015/04/27,17.46,17.98,17.44,17.56,6153261,17.68
2015/04/28,17.67,18.17,16.98,17.23,5762650,17.51
2015/04/29,17.18,18.26,17.06,18.12,7778736,17.84
2015/04/30,18.16,18.45,17.86,17.87,7061437,18.17
2015/05/04,17.86,17.86,17.20,17.66,4337016,17.64
2015/05/05,17.68,18.38,17.50,18.13,6968489,18.01
2015/05/06,18.23,19.48,18.00,18.40,11681066,18.87
2015/05/07,18.18,18.97,17.99,18.28,7784818,18.65
2015/05/08,18.48,20.11,18.48,20.11,12075913,19.62
2015/05/11,20.80,22.12,20.80,21.38,18166844,21.44
2015/05/12,21.07,23.28,20.97,22.81,14534402,22.16
2015/05/13,21.78,22.77,21.48,21.90,11175037,21.97
2015/05/14,21.97,23.10,21.68,22.51,9027541,22.34
2015/05/15,22.08,22.16,21.18,21.58,6867199,21.74
2015/05/18,21.48,23.65,21.28,23.30,10350480,22.69
2015/05/19,23.18,23.54,22.12,23.36,9378990,22.83
2015/05/20,23.38,24.97,23.28,24.06,9397338,24.45
2015/05/21,24.07,26.47,23.98,26.47,9428068,25.71
2015/05/22,27.63,28.16,25.18,25.59,14177455,26.20
2015/05/25,25.08,26.15,24.11,25.62,10221605,25.03
2015/05/26,25.57,27.92,25.48,27.17,8985716,26.87
2015/05/27,26.86,28.77,26.38,28.28,9505686,27.30
2015/05/28,28.29,29.48,25.78,25.78,10426464,27.76
2015/05/29,25.98,27.35,23.48,26.29,8956113,25.95
2015/06/01,26.18,28.08,25.99,27.87,8650756,27.54
2015/06/02,27.88,30.66,27.74,30.66,12825902,29.47
2015/06/03,30.48,31.98,29.42,30.67,10783562,30.76
2015/06/04,30.26,30.43,27.60,28.98,10025988,28.87
2015/06/05,29.46,30.18,28.09,28.76,8020328,29.27
2015/06/08,28.48,28.73,26.01,26.88,10576397,27.09
2015/06/09,26.67,28.09,26.50,27.58,8899946,27.54
2015/06/10,26.98,29.19,26.69,28.54,6637997,28.24
2015/06/11,28.58,29.87,28.54,29.78,7539387,29.43
2015/06/12,30.33,31.25,29.50,29.93,8440198,30.33
2015/06/15,29.98,30.42,28.20,28.33,8736815,29.31
2015/06/16,27.64,27.92,26.13,26.56,7504992,27.03
2015/06/17,26.48,28.33,26.04,28.33,6682494,27.22
2015/06/18,28.58,28.96,26.58,26.68,5302655,28.02
2015/06/19,25.87,25.95,24.01,24.01,5611107,24.92
2015/06/23,24.13,25.04,21.88,24.96,5805149,24.10
2015/06/24,25.37,25.56,24.73,25.18,5157370,25.20
2015/06/25,25.02,26.83,23.50,23.81,4790640,25.02
2015/06/26,23.28,23.28,21.43,21.43,6155267,21.97
2015/06/29,21.68,21.86,19.29,19.29,6134528,19.97
2015/06/30,18.78,20.98,17.36,20.00,8304629,18.57
2015/07/01,19.68,20.40,18.00,18.00,11499885,19.36
2015/07/02,17.28,17.71,16.20,16.20,7362451,16.63
2015/07/03,15.05,16.42,14.58,14.58,6670122,15.03
2015/07/06,16.03,16.03,13.12,13.12,8375725,14.32
2015/07/07,12.83,12.83,11.81,11.81,3434600,11.90
2015/07/08,10.63,11.96,10.63,11.54,20842236,10.93
2015/07/09,10.88,12.70,10.88,12.70,9241742,12.24
2015/07/10,13.78,13.97,13.35,13.97,3937285,13.83
2015/07/13,15.33,15.37,14.54,15.37,10591627,15.24
2015/07/14,15.78,16.91,14.80,16.08,19861612,16.15
2015/07/15,15.35,15.49,14.47,14.47,11213028,14.98
2015/07/16,13.12,15.38,13.12,14.78,8534729,14.47
2015/07/17,14.87,16.12,14.74,15.78,9945929,15.43
2015/07/20,15.76,16.45,15.33,15.98,10398279,15.87
2015/07/21,15.81,16.67,15.48,16.66,9943512,16.19
2015/07/22,16.50,16.88,15.98,16.63,8587727,16.53
2015/07/23,16.62,17.68,16.41,17.63,9154521,17.15
2015/07/24,17.73,17.77,16.66,16.78,10221525,17.37
2015/07/27,16.38,17.28,15.10,15.10,8934279,16.37
2015/07/28,13.96,15.40,13.63,14.31,8163258,14.31
2015/07/29,14.76,15.38,13.63,15.32,8678864,14.38
2015/07/30,15.18,15.57,14.40,14.40,6981231,15.12
2015/07/31,14.08,14.56,13.70,13.93,4436417,14.17
2015/08/03,13.76,13.76,12.60,12.76,5306052,13.18
2015/08/04,12.96,14.04,12.88,14.04,6403869,13.58
2015/08/05,14.08,14.82,13.94,14.27,7344665,14.38
2015/08/06,13.96,14.86,13.78,14.80,5787469,14.43
2015/08/07,14.93,15.73,14.93,15.68,7651946,15.46
2015/08/10,15.76,16.88,15.59,16.58,8384724,16.22
2015/08/11,16.57,16.86,16.20,16.48,8143996,16.57
2015/08/12,16.18,16.98,15.98,16.45,9975174,16.55
2015/08/13,16.18,17.33,16.16,17.15,9610996,16.89
2015/08/14,17.16,18.06,17.14,17.44,10258272,17.61
2015/08/17,17.50,19.19,17.50,19.19,6386031,18.87
2015/08/18,19.98,21.11,17.39,17.69,30155805,19.25
2015/08/19,16.50,19.46,16.30,19.46,21057446,18.30
2015/08/20,18.87,20.47,18.66,19.00,17779350,19.68
2015/08/21,18.25,19.10,17.16,17.90,13690416,18.13
2015/08/24,17.00,17.00,16.11,16.11,4642312,16.25
2015/08/25,14.50,15.00,14.50,14.50,5206609,14.56
2015/08/26,14.33,14.83,13.05,13.05,12584465,13.71
2015/08/27,13.45,13.87,12.11,13.41,7436637,13.25
2015/08/28,13.70,14.75,13.51,14.74,9621248,14.05
2015/08/31,14.32,14.60,13.46,13.49,7101934,14.01
2015/09/01,13.10,13.11,12.14,12.14,6392617,12.44
2015/09/02,11.01,12.78,10.98,10.98,5764492,11.60
2015/09/07,11.45,11.97,11.30,11.54,5617192,11.67
2015/09/08,11.67,12.69,11.40,12.69,6012401,12.07
2015/09/09,13.21,13.96,13.00,13.82,8879207,13.67
2015/09/10,13.52,13.80,13.13,13.27,5435838,13.53
2015/09/11,13.30,14.60,13.27,14.60,9449862,14.08
2015/09/14,14.68,14.88,13.14,13.14,8940421,13.90
2015/09/15,12.39,13.13,11.83,11.83,6824242,12.31
2015/09/16,12.04,13.01,12.02,13.01,6814253,12.50
2015/09/17,13.31,14.31,13.31,13.60,12317762,13.96
2015/09/18,13.50,14.08,13.22,13.88,9062679,13.65
2015/09/21,13.55,14.50,13.34,14.41,8068172,14.15
2015/09/22,14.48,14.70,13.90,14.30,7533122,14.31
2015/09/23,14.05,14.80,13.93,14.39,7967501,14.42
2015/09/24,14.37,14.75,14.29,14.60,5805501,14.54
2015/09/25,14.35,14.64,13.51,13.65,6143026,13.97
2015/09/28,13.65,14.58,13.42,14.42,4944667,14.02
2015/09/29,14.05,14.51,13.90,14.17,4014112,14.16
2015/09/30,14.15,14.35,13.65,13.86,3063831,14.00
2015/10/08,14.63,14.75,14.26,14.45,6942843,14.51
2015/10/09,14.36,15.00,14.36,14.91,5920209,14.72
2015/10/12,14.95,15.82,14.95,15.38,14730599,15.38
2015/10/13,15.11,16.00,15.04,15.66,14141674,15.60
2015/10/14,15.48,15.76,15.23,15.24,8389653,15.42
2015/10/15,15.25,16.07,15.25,15.99,10254362,15.71
2015/10/16,15.99,16.78,15.58,16.51,14198267,16.10
2015/10/19,16.35,16.59,15.78,16.01,9768919,16.17
2015/10/20,15.96,16.63,15.91,16.53,9597714,16.33
2015/10/21,16.37,16.68,14.88,14.88,11767815,15.87
2015/10/22,14.99,15.86,14.92,15.63,9178491,15.37
2015/10/23,16.01,16.54,15.83,16.30,10860802,16.19
2015/10/26,16.50,17.26,16.20,16.65,12008066,16.63
2015/10/27,16.35,16.94,15.51,16.82,10277824,16.28
2015/10/28,16.68,17.06,16.23,16.31,9053356,16.68
2015/10/29,16.69,16.99,16.33,16.74,7911644,16.74
2015/10/30,16.65,17.92,16.12,17.04,13024895,16.90
2015/11/02,16.50,17.03,16.00,16.12,8837445,16.62
2015/11/03,16.10,16.54,15.88,16.00,6173555,16.13
2015/11/04,16.19,17.04,16.07,17.01,8933862,16.67
2015/11/05,17.14,17.43,16.66,17.00,10445257,17.03
2015/11/06,17.18,17.78,17.11,17.62,12009604,17.53
2015/11/09,17.50,18.45,17.10,18.27,13854803,17.75
2015/11/10,18.00,18.30,17.77,18.06,9197004,18.03
2015/11/11,18.01,18.94,17.98,18.68,10967924,18.55
2015/11/12,18.65,18.85,18.01,18.63,10257415,18.41
2015/11/13,18.28,19.59,18.16,18.56,15630372,18.94
2015/11/16,18.17,19.06,18.04,19.05,9761385,18.59
2015/11/17,19.15,19.29,18.30,18.34,12171399,18.79
2015/11/18,18.45,18.85,17.92,18.02,7564088,18.44
2015/11/19,18.14,18.81,18.02,18.79,6124319,18.42
2015/11/20,18.80,19.24,18.52,18.99,8674600,18.89
2015/11/23,19.05,19.65,18.68,18.70,9321672,19.15
2015/11/24,18.75,19.93,18.45,19.69,10298811,19.18
2015/11/25,19.45,20.58,19.42,20.24,11651463,20.19
2015/11/26,20.25,20.49,19.76,20.17,8428600,20.06
2015/11/27,20.04,20.50,18.15,18.28,11382833,19.53
2015/11/30,18.49,18.64,16.90,18.29,10818882,17.88
2015/12/01,18.15,18.38,17.76,18.07,6419953,18.08
2015/12/02,18.10,18.18,16.41,17.22,7807344,17.21
2015/12/03,17.50,18.10,17.33,18.07,6190902,17.71
2015/12/04,17.95,18.65,17.77,18.40,8117151,18.25
2015/12/07,18.47,19.18,18.18,19.07,6399167,18.71
2015/12/08,19.05,19.05,18.30,18.33,5468364,18.58
2015/12/09,18.18,18.65,17.82,18.48,5553463,18.30
2015/12/10,18.45,19.30,18.33,18.82,7791747,18.88
2015/12/11,18.63,18.72,18.20,18.25,5145616,18.44
2015/12/14,17.95,18.87,17.88,18.87,3592796,18.34
2015/12/15,18.90,19.32,18.86,19.13,5097311,19.14
2015/12/16,19.32,19.68,19.13,19.28,6091270,19.40
2015/12/17,19.40,20.28,19.40,19.94,6032335,19.90
2015/12/18,20.00,20.15,19.51,19.75,6250266,19.78
2015/12/21,19.73,20.11,19.48,20.06,6277988,19.82
2015/12/22,20.10,20.41,19.70,20.06,5081921,20.04
2015/12/23,20.18,20.32,19.50,19.58,5300224,19.93
2015/12/24,19.51,19.98,19.01,19.85,4311395,19.46
2015/12/25,19.85,20.54,19.81,20.24,5498736,20.28
2015/12/28,20.35,21.08,19.63,19.66,9276300,20.54
2015/12/29,19.67,20.57,19.62,20.57,6355113,19.96
2015/12/30,20.64,21.56,20.48,21.20,9731086,21.16
2015/12/31,21.05,22.22,21.05,21.52,11119787,21.59
2016/01/04,21.52,21.52,19.37,19.37,7260431,20.47
2016/01/05,18.30,19.79,17.43,18.56,11018720,18.73
2016/01/06,18.68,18.96,17.92,18.94,6607421,18.59
2016/01/07,18.48,18.48,17.05,17.05,2204600,17.48
2016/01/08,17.48,17.70,15.58,16.90,8331797,16.80
2016/01/11,16.59,16.60,15.21,15.21,7029461,15.65
2016/01/12,15.00,15.43,14.62,15.06,4578627,15.09
2016/01/13,15.34,15.62,14.06,14.15,5128227,15.13
2016/01/14,13.70,15.00,13.52,14.78,5698281,14.22
2016/01/15,14.80,14.83,13.80,13.90,5389321,14.36
2016/01/18,13.60,14.72,13.53,14.33,5337346,14.24
2016/01/19,14.44,15.25,14.28,15.02,4668258,14.73
2016/01/20,15.00,15.45,14.71,15.08,5195135,15.08
2016/01/21,14.78,15.55,14.56,14.60,4082074,15.06
2016/01/22,14.79,15.06,14.20,15.06,4229105,14.64
2016/01/25,15.11,15.57,15.05,15.46,4364374,15.35
2016/01/26,15.29,15.29,13.91,13.91,4963440,14.63
2016/01/27,13.93,14.15,12.62,13.50,6282083,13.16
2016/01/28,13.30,13.75,12.80,12.81,3841462,13.34
2016/01/29,12.57,13.80,12.57,13.52,3579697,13.25
2016/02/01,13.49,13.59,13.11,13.46,2526955,13.41
2016/02/02,13.45,14.30,13.45,14.09,3902009,13.97
2016/02/03,14.00,14.27,13.65,14.18,3025449,13.91
2016/02/04,14.11,14.61,14.11,14.60,4145135,14.46
2016/02/05,14.75,14.85,14.14,14.24,3155302,14.45
2016/02/15,13.73,14.32,13.42,14.26,2991934,13.86
2016/02/16,14.39,15.30,14.27,15.02,5296648,14.87
2016/02/17,15.02,15.43,14.62,15.25,6325642,15.10
2016/02/18,15.36,15.96,14.96,15.40,8024429,15.49
2016/02/19,15.30,16.17,15.28,15.88,9645727,15.82
2016/02/22,16.03,16.18,15.63,15.95,5223922,15.86
2016/02/23,15.90,15.93,15.23,15.60,4864891,15.59
2016/02/24,15.53,15.95,15.15,15.91,5782518,15.59
2016/02/25,15.88,16.33,14.38,14.90,9592209,15.47
2016/02/26,15.88,16.33,14.38,14.90,0,15.35
2016/02/29,15.88,16.33,14.38,14.90,0,15.35
2016/03/01,15.88,16.33,14.38,14.90,0,15.35
2016/03/02,15.88,16.33,14.38,14.90,0,15.35
2016/03/03,15.88,16.33,14.38,14.90,0,15.35
2016/03/04,15.88,16.33,14.38,14.90,0,15.35
2016/03/07,15.88,16.33,14.38,14.90,0,15.35
2016/03/08,15.88,16.33,14.38,14.90,0,15.35
2016/03/09,15.88,16.33,14.38,14.90,0,15.35
2016/03/10,15.88,16.33,14.38,14.90,0,15.35
2016/03/11,15.88,16.33,14.38,14.90,0,15.35
2016/03/14,15.88,16.33,14.38,14.90,0,15.35
2016/03/15,15.88,16.33,14.38,14.90,0,15.35
2016/03/16,15.88,16.33,14.38,14.90,0,15.35
2016/03/17,15.88,16.33,14.38,14.90,0,15.35
2016/03/18,15.88,16.33,14.38,14.90,0,15.35
2016/03/21,15.88,16.33,14.38,14.90,0,15.35
2016/03/22,15.88,16.33,14.38,14.90,0,15.35
2016/03/23,15.88,16.33,14.38,14.90,0,15.35
2016/03/24,15.88,16.33,14.38,14.90,0,15.35
2016/03/25,15.88,16.33,14.38,14.90,0,15.35
2016/03/28,15.88,16.33,14.38,14.90,0,15.35
2016/03/29,15.88,16.33,14.38,14.90,0,15.35
2016/03/30,15.88,16.33,14.38,14.90,0,15.35
2016/03/31,15.88,16.33,14.38,14.90,0,15.35
2016/04/01,15.88,16.33,14.38,14.90,0,15.35
2016/04/05,15.88,16.33,14.38,14.90,0,15.35
2016/04/06,15.88,16.33,14.38,14.90,0,15.35
2016/04/07,15.88,16.33,14.38,14.90,0,15.35
2016/04/08,15.88,16.33,14.38,14.90,0,15.35
2016/04/11,15.88,16.33,14.38,14.90,0,15.35
2016/04/12,15.88,16.33,14.38,14.90,0,15.35
2016/04/13,15.88,16.33,14.38,14.90,0,15.35
2016/04/14,15.88,16.33,14.38,14.90,0,15.35
2016/04/15,15.88,16.33,14.38,14.90,0,15.35
2016/04/18,15.88,16.33,14.38,14.90,0,15.35
2016/04/19,15.88,16.33,14.38,14.90,0,15.35
2016/04/20,15.88,16.33,14.38,14.90,0,15.35
2016/04/21,15.88,16.33,14.38,14.90,0,15.35
2016/04/22,15.88,16.33,14.38,14.90,0,15.35
2016/04/25,15.88,16.33,14.38,14.90,0,15.35
2016/04/26,15.88,16.33,14.38,14.90,0,15.35
2016/04/27,15.88,16.33,14.38,14.90,0,15.35
2016/04/28,15.88,16.33,14.38,14.90,0,15.35
2016/04/29,15.88,16.33,14.38,14.90,0,15.35
2016/05/03,15.88,16.33,14.38,14.90,0,15.35
2016/05/04,15.88,16.33,14.38,14.90,0,15.35
2016/05/05,15.88,16.33,14.38,14.90,0,15.35
2016/05/06,15.88,16.33,14.38,14.90,0,15.35
2016/05/09,15.88,16.33,14.38,14.90,0,15.35
2016/05/10,13.68,14.58,13.68,14.04,8873104,14.07
2016/05/11,14.05,14.68,13.93,14.13,7443261,14.26
2016/05/12,13.90,13.94,13.40,13.72,4831293,13.65
2016/05/13,13.69,14.14,13.59,13.89,4403866,13.84
2016/05/16,14.08,14.63,14.00,14.59,5415118,14.36
2016/05/17,14.48,15.20,14.47,14.75,6691060,14.88
2016/05/18,14.51,14.60,13.75,14.08,6253445,14.13
2016/05/19,14.05,14.55,14.05,14.20,5028464,14.34
2016/05/20,14.00,14.80,13.90,14.70,5682723,14.42
2016/05/23,14.78,15.46,14.66,15.22,8820410,15.11
2016/05/24,15.15,15.25,14.80,15.02,4091371,15.01
2016/05/25,15.05,15.77,15.05,15.35,8920951,15.47
2016/05/26,15.19,15.44,14.72,15.35,5727832,15.06
2016/05/27,15.30,15.44,15.10,15.17,4428078,15.28
2016/05/30,14.91,15.35,14.83,15.03,4095970,15.10
2016/05/31,15.06,15.99,15.06,15.88,8678548,15.62
2016/06/01,15.88,16.48,15.80,16.16,8607179,16.22
2016/06/02,16.01,16.38,16.00,16.21,5847572,16.16
2016/06/03,16.20,16.50,16.10,16.22,7327205,16.27
2016/06/06,16.27,16.35,16.09,16.18,4935400,16.18
2016/06/07,16.15,16.25,15.82,16.12,5324443,16.06
2016/06/08,16.09,16.94,16.01,16.67,11642804,16.50
2016/06/13,16.25,16.45,15.11,15.17,7560235,16.07
2016/06/14,15.11,15.38,15.03,15.30,4455661,15.22
2016/06/15,15.16,16.24,15.00,16.18,6424700,15.83
2016/06/16,16.10,16.45,16.02,16.21,5817253,16.25
2016/06/17,16.20,17.00,16.20,16.70,7118453,16.63
2016/06/20,16.50,17.57,16.50,17.55,9654858,17.17
2016/06/21,17.50,17.57,16.73,16.73,8278129,17.16
2016/06/22,16.77,17.79,16.77,17.71,7527686,17.32
2016/06/23,17.69,17.72,17.14,17.38,5209997,17.44
2016/06/24,17.36,17.53,16.48,16.90,8266045,16.97
2016/06/27,16.86,17.70,16.85,17.63,6193360,17.38
2016/06/28,17.48,18.16,17.41,17.96,7554132,17.85
2016/06/29,17.92,18.05,17.60,17.82,5317770,17.82
2016/06/30,18.13,18.27,17.70,17.81,5752001,17.97
2016/07/01,17.86,17.90,17.38,17.45,4967133,17.59
2016/07/04,17.34,17.98,17.31,17.89,5063621,17.78
2016/07/05,17.90,17.92,17.46,17.71,5483406,17.67
2016/07/06,17.65,18.20,17.62,18.07,6575456,18.00
2016/07/07,18.07,18.20,17.63,17.91,5528124,17.90
2016/07/08,17.89,18.16,17.77,17.96,4038985,17.95
2016/07/11,17.96,18.12,17.81,17.82,4102167,17.94
2016/07/12,17.85,17.99,17.20,17.76,6090915,17.56
2016/07/13,17.80,17.92,17.66,17.84,4323084,17.81
2016/07/14,17.60,17.94,17.54,17.91,5079298,17.77
2016/07/15,17.86,18.07,17.77,18.03,3434162,17.93
2016/07/18,18.03,18.13,17.67,17.95,3926676,17.92
2016/07/19,17.90,18.00,17.68,17.96,2897162,17.82
2016/07/20,17.93,18.26,17.87,18.14,4824735,18.07
2016/07/21,18.12,18.88,18.11,18.43,7508220,18.57
2016/07/22,18.37,18.56,17.94,17.94,4397935,18.20
2016/07/25,17.99,17.99,17.58,17.60,3679219,17.72
2016/07/26,17.65,18.06,17.54,18.00,3140500,17.82
2016/07/27,18.01,18.07,16.53,16.74,6240700,17.20
2016/07/28,16.68,17.21,16.44,16.73,4532600,16.73
2016/07/29,16.73,17.15,16.55,16.77,2827996,16.79
2016/08/01,16.69,16.69,15.74,16.00,4480124,16.08
2016/08/02,16.00,16.26,15.92,16.26,2264702,16.09
2016/08/03,16.19,17.09,16.19,16.88,5639400,16.82
2016/08/04,16.82,16.93,16.59,16.79,2991230,16.71
2016/08/05,16.73,16.86,16.60,16.61,1549488,16.71
2016/08/08,16.63,16.91,16.46,16.90,1979055,16.72
2016/08/09,16.63,16.91,16.46,16.90,0,16.69
