Date, SZ300118.Open, SZ300118.High, SZ300118.Low, SZ300118.Close, SZ300118.Volume, SZ300118.Adjusted
2010/09/02,18.16,18.47,17.07,17.73,26843914,17.77
2010/09/03,18.05,18.45,17.44,17.68,14406283,17.95
2010/09/06,17.91,18.06,16.16,16.27,10963644,17.11
2010/09/07,16.11,16.39,16.01,16.18,4890451,16.20
2010/09/08,16.01,16.13,15.56,15.64,5914643,15.84
2010/09/09,15.88,16.41,15.85,15.88,5219737,16.13
2010/09/10,15.88,16.02,15.35,15.65,3804825,15.68
2010/09/13,15.69,15.97,15.44,15.76,2727710,15.71
2010/09/14,15.72,16.40,15.72,16.16,4429536,16.06
2010/09/15,15.97,16.00,14.76,14.90,5050658,15.38
2010/09/16,14.89,15.03,14.24,14.37,3197999,14.63
2010/09/17,14.42,14.54,13.94,14.06,2229376,14.24
2010/09/20,14.10,14.18,13.40,13.54,2816790,13.79
2010/09/21,13.54,13.68,13.35,13.49,1584110,13.51
2010/09/27,13.63,13.75,13.37,13.65,1429376,13.56
2010/09/28,13.56,13.63,13.04,13.06,2632450,13.33
2010/09/29,12.91,13.25,12.86,12.90,1627149,13.05
2010/09/30,13.78,14.22,13.54,14.22,4522273,13.88
2010/10/08,14.66,15.16,14.51,14.83,5917236,14.83
2010/10/11,14.76,15.14,14.31,15.10,4553295,14.73
2010/10/12,14.92,15.31,14.84,14.90,2599449,15.08
2010/10/13,14.85,15.05,14.38,14.74,2405182,14.72
2010/10/14,14.85,15.00,14.47,14.61,1911713,14.74
2010/10/15,14.57,15.12,14.52,14.81,2535311,14.82
2010/10/18,14.81,15.50,14.57,15.50,4529361,15.04
2010/10/19,15.51,16.47,15.29,16.03,4931959,15.88
2010/10/20,15.97,16.29,15.57,15.72,4077362,15.93
2010/10/21,15.82,15.87,15.40,15.43,2573327,15.63
2010/10/22,15.44,15.94,15.44,15.76,3110165,15.69
2010/10/25,15.97,16.28,15.76,15.94,3050356,16.02
2010/10/26,15.91,15.97,15.41,15.60,2897835,15.69
2010/10/27,15.60,15.91,15.41,15.66,2056244,15.66
2010/10/28,15.58,16.69,15.57,16.60,5366265,16.13
2010/10/29,16.60,16.97,16.32,16.55,4161419,16.64
2010/11/01,16.75,17.26,16.61,16.82,4764707,16.94
2010/11/02,16.75,17.07,16.13,16.14,4767035,16.60
2010/11/03,15.94,16.12,15.60,15.73,2937892,15.86
2010/11/04,15.76,15.97,15.51,15.92,1944342,15.74
2010/11/05,15.97,16.29,15.82,16.29,2285978,16.05
2010/11/08,16.51,17.17,16.50,17.15,3825443,16.84
2010/11/09,17.57,18.00,17.19,17.24,4524742,17.60
2010/11/10,17.18,17.91,17.08,17.72,3496672,17.49
2010/11/11,17.74,18.04,17.24,17.26,3833151,17.64
2010/11/12,17.33,18.44,17.22,17.60,6234963,17.83
2010/11/15,18.01,19.39,18.01,19.39,5058979,18.70
2010/11/16,19.38,20.13,18.45,19.72,5643461,19.29
2010/11/17,19.34,19.79,18.54,18.59,3801487,19.16
2010/11/18,18.76,19.22,18.47,18.68,3446996,18.84
2010/11/19,18.94,20.27,18.79,20.16,4169079,19.53
2010/11/22,20.37,21.48,20.28,20.51,5032165,20.88
2010/11/23,20.27,21.50,20.16,21.50,3706977,20.83
2010/11/24,21.63,22.12,21.09,21.60,3096027,21.61
2010/11/25,21.63,22.12,21.09,21.60,0,21.61
2010/11/26,21.14,22.47,21.07,21.76,2958479,21.77
2010/11/29,21.60,21.75,21.16,21.57,3084998,21.46
2010/11/30,21.58,22.29,20.04,21.12,3687859,21.16
2010/12/01,20.82,21.35,20.38,20.66,2520770,20.87
2010/12/02,20.79,21.13,20.26,20.66,5538761,20.70
2010/12/03,20.97,21.25,20.52,20.94,3560859,20.88
2010/12/06,20.95,21.42,20.19,20.35,3637151,20.81
2010/12/07,20.04,20.59,19.60,20.46,2627439,20.10
2010/12/08,20.43,20.94,20.12,20.62,2447909,20.53
2010/12/09,20.35,20.51,19.31,19.31,3391779,19.91
2010/12/10,19.36,19.97,19.19,19.91,2241995,19.58
2010/12/13,20.04,20.77,20.04,20.47,2984304,20.40
2010/12/14,20.47,20.85,20.35,20.40,1956585,20.60
2010/12/15,20.40,20.97,20.24,20.35,2356324,20.60
2010/12/16,20.36,20.85,20.29,20.76,1992597,20.57
2010/12/17,20.82,21.28,20.66,21.26,2238599,20.97
2010/12/20,21.29,21.41,20.01,20.83,3400034,20.71
2010/12/21,20.77,20.97,20.41,20.82,1675520,20.69
2010/12/22,20.94,20.94,20.01,20.01,2158893,20.48
2010/12/23,19.88,19.97,18.99,19.00,2961995,19.48
2010/12/24,18.78,18.88,18.43,18.44,1883654,18.65
2010/12/27,18.63,18.90,17.99,18.10,1891956,18.44
2010/12/28,17.96,18.01,17.35,17.66,1919895,17.68
2010/12/29,17.74,18.30,17.61,18.30,1757124,17.96
2010/12/30,18.30,18.69,18.01,18.39,1473682,18.35
2010/12/31,18.35,18.85,18.35,18.69,1281395,18.60
2011/01/04,18.98,20.12,18.98,19.88,2586057,19.55
2011/01/05,19.83,20.03,19.63,19.94,1786513,19.83
2011/01/06,19.88,20.01,19.35,19.35,1617846,19.68
2011/01/07,19.22,19.84,19.22,19.36,1093848,19.53
2011/01/10,19.26,19.55,18.42,18.42,1484544,18.99
2011/01/11,18.28,18.28,17.77,18.07,1598014,18.03
2011/01/12,19.41,19.90,19.26,19.70,5410060,19.58
2011/01/13,19.57,20.65,19.48,20.26,3417589,20.06
2011/01/14,20.11,20.12,19.51,19.74,2444675,19.82
2011/01/17,19.66,20.56,19.26,19.41,2867118,19.91
2011/01/18,19.10,19.29,18.54,19.01,1807019,18.91
2011/01/19,18.95,20.22,18.89,19.98,1996028,19.55
2011/01/20,19.94,20.69,19.89,20.04,3696250,20.29
2011/01/21,19.97,21.40,19.76,21.35,4131502,20.58
2011/01/24,21.41,21.41,19.19,19.19,5547492,20.30
2011/01/25,21.41,21.41,19.19,19.19,0,20.30
2011/01/26,18.41,18.97,18.10,18.83,2675548,18.54
2011/01/27,18.63,19.66,18.55,19.51,1909256,19.11
2011/01/28,19.71,20.13,19.41,19.97,1640526,19.77
2011/01/31,20.01,20.10,19.46,19.98,1817793,19.78
2011/02/01,20.01,20.47,19.93,20.03,1649065,20.20
2011/02/09,19.82,20.59,19.72,19.91,1876350,20.15
2011/02/10,19.94,21.12,19.94,20.99,2958090,20.53
2011/02/11,20.99,21.37,20.86,21.12,2746140,21.12
2011/02/14,21.14,21.60,20.82,21.47,2980467,21.21
2011/02/15,21.44,23.16,21.20,22.48,3915633,22.18
2011/02/16,22.49,23.69,22.48,23.63,3665402,23.09
2011/02/17,23.69,23.75,22.96,23.65,3460111,23.36
2011/02/18,23.60,24.79,23.38,23.74,4313721,24.08
2011/02/21,23.82,23.83,22.08,22.46,7146003,22.95
2011/02/22,23.82,23.83,22.08,22.46,0,22.95
2011/02/23,23.79,24.69,23.01,23.22,9462290,23.85
2011/02/24,23.16,23.16,21.90,22.14,5394250,22.53
2011/02/25,22.10,22.62,22.10,22.35,2539418,22.36
2011/02/28,22.29,23.34,22.21,23.16,3113595,22.78
2011/03/01,23.41,23.41,22.70,22.85,1649855,23.05
2011/03/02,22.56,22.72,21.72,22.28,2569194,22.22
2011/03/03,22.28,22.38,21.50,21.54,2498474,21.94
2011/03/04,21.68,22.00,21.45,21.91,1527089,21.72
2011/03/07,22.06,22.56,21.60,22.52,2386760,22.08
2011/03/08,22.54,22.81,22.19,22.47,1824871,22.50
2011/03/09,22.54,23.22,22.25,23.10,2564284,22.73
2011/03/10,23.07,23.41,22.70,22.71,2324871,23.05
2011/03/11,22.47,23.76,22.40,23.16,3036102,23.08
2011/03/14,23.34,23.97,23.20,23.47,2358694,23.58
2011/03/15,23.34,23.97,23.20,23.47,0,23.58
2011/03/16,23.79,25.00,23.78,24.81,6015310,24.39
2011/03/17,24.91,25.35,24.29,24.56,3430910,24.82
2011/03/18,24.72,24.94,24.14,24.70,2736083,24.54
2011/03/21,24.72,24.88,23.14,23.41,3993167,24.01
2011/03/22,23.47,23.56,22.47,22.76,2561309,23.01
2011/03/23,22.62,23.31,22.57,22.94,4309815,22.94
2011/03/24,23.04,23.93,22.76,23.61,6106144,23.35
2011/03/25,23.63,23.64,21.97,22.32,9618778,22.80
2011/03/28,21.88,22.22,21.32,21.38,6171073,21.77
2011/03/29,21.31,21.95,21.14,21.34,4410402,21.54
2011/03/30,21.57,21.81,21.13,21.13,3501469,21.47
2011/03/31,21.38,21.66,20.15,20.23,5205880,20.90
2011/04/01,20.25,20.68,19.91,20.64,3139094,20.29
2011/04/06,20.49,20.57,19.43,19.64,4807704,20.00
2011/04/07,19.64,19.99,19.51,19.91,3623749,19.75
2011/04/08,19.88,20.58,19.76,20.45,3351033,20.17
2011/04/11,20.43,20.44,19.37,19.51,5705395,19.91
2011/04/12,19.44,19.59,19.02,19.24,3829143,19.30
2011/04/13,19.14,19.76,18.99,19.69,3262403,19.38
2011/04/14,19.57,19.62,19.17,19.26,2783561,19.40
2011/04/15,19.18,19.25,18.64,18.94,3258169,18.95
2011/04/18,18.76,19.18,18.66,19.05,2416436,18.92
2011/04/19,18.87,18.87,18.26,18.47,3653702,18.57
2011/04/20,18.51,19.36,18.41,19.16,3831379,18.88
2011/04/21,18.51,18.51,17.51,17.55,9736336,18.01
2011/04/22,17.38,17.42,17.01,17.09,4173324,17.22
2011/04/25,17.02,17.07,16.13,16.19,4081176,16.60
2011/04/26,16.08,16.56,16.08,16.28,2638006,16.32
2011/04/27,16.41,16.52,15.87,16.28,2300441,16.19
2011/04/28,16.33,16.46,15.21,15.32,3074896,15.84
2011/04/29,15.26,15.74,15.24,15.72,2103465,15.49
2011/05/03,15.71,16.16,15.51,16.02,2074170,15.83
2011/05/04,15.98,15.98,15.27,15.32,2325771,15.63
2011/05/05,15.32,15.79,15.26,15.52,1559334,15.52
2011/05/06,15.44,16.11,15.38,15.94,2703560,15.75
2011/05/09,15.96,16.31,15.96,16.16,1934692,16.13
2011/05/10,16.17,16.27,15.82,15.97,1709036,16.04
2011/05/11,16.01,16.06,15.64,15.69,1878900,15.85
2011/05/12,15.57,15.86,14.99,15.01,2950263,15.42
2011/05/13,15.01,15.15,14.64,14.96,2335377,14.90
2011/05/16,14.93,15.12,14.88,15.01,1418610,15.00
2011/05/17,14.87,14.94,14.31,14.39,3403975,14.63
2011/05/18,14.44,14.54,14.27,14.42,1532527,14.40
2011/05/19,14.51,14.59,14.31,14.32,1481403,14.45
2011/05/20,14.32,14.42,13.92,14.07,2310582,14.17
2011/05/23,14.06,14.07,13.23,13.27,2860693,13.65
2011/05/24,13.13,14.55,13.06,14.37,5457355,13.81
2011/05/25,14.18,14.18,13.57,13.60,3131463,13.88
2011/05/26,13.64,13.88,13.41,13.41,1622785,13.65
2011/05/27,13.48,14.03,13.31,13.79,3447404,13.67
2011/05/30,13.63,14.49,13.51,14.19,4769603,14.00
2011/05/31,14.24,14.49,13.94,14.42,4074580,14.21
2011/06/01,14.47,14.76,14.35,14.42,4068353,14.55
2011/06/02,14.15,14.15,13.54,13.81,4175045,13.84
2011/06/03,13.81,14.26,13.81,14.03,2953481,14.04
2011/06/07,13.99,13.99,13.73,13.92,2072692,13.86
2011/06/08,13.84,13.87,13.57,13.81,1670704,13.72
2011/06/09,13.74,13.81,13.34,13.34,2157150,13.58
2011/06/10,13.34,13.47,13.07,13.46,1605459,13.27
2011/06/13,13.30,13.81,13.07,13.62,1858539,13.44
2011/06/14,13.57,13.81,13.53,13.74,2089381,13.67
2011/06/15,13.73,13.79,13.37,13.40,1938874,13.58
2011/06/16,13.21,13.41,13.16,13.26,1567952,13.29
2011/06/17,13.22,13.29,12.76,12.81,1774906,13.02
2011/06/20,12.63,12.69,12.27,12.40,1708193,12.48
2011/06/21,12.44,12.56,12.22,12.51,1588414,12.39
2011/06/22,12.57,12.58,12.26,12.27,1163889,12.42
2011/06/23,12.27,12.91,12.07,12.83,3493158,12.49
2011/06/24,12.74,13.41,12.68,13.20,3751845,13.04
2011/06/27,13.17,13.59,13.16,13.30,3169511,13.38
2011/06/28,13.30,13.41,13.14,13.27,1843775,13.28
2011/06/29,13.34,13.77,13.27,13.32,3454142,13.52
2011/06/30,13.26,13.57,13.25,13.34,2285555,13.41
2011/07/01,13.37,13.74,13.37,13.64,3173946,13.55
2011/07/04,13.73,14.34,13.73,14.34,5697954,14.04
2011/07/05,14.41,14.97,14.27,14.89,7557734,14.62
2011/07/06,14.87,15.18,14.51,15.18,4612479,14.84
2011/07/07,15.06,15.69,14.90,15.46,6818935,15.29
2011/07/08,15.43,15.43,15.01,15.13,3000737,15.22
2011/07/11,15.08,15.19,14.77,15.16,2561319,14.98
2011/07/12,14.88,14.88,14.54,14.59,3219904,14.71
2011/07/13,14.60,15.26,14.60,15.11,2557144,14.93
2011/07/14,15.11,15.32,15.02,15.26,2716762,15.17
2011/07/15,15.22,15.82,15.11,15.67,4088211,15.46
2011/07/18,15.88,15.97,15.21,15.31,3711189,15.59
2011/07/19,15.13,15.19,14.70,14.84,2998173,14.94
2011/07/20,14.97,15.06,14.56,14.77,2169697,14.81
2011/07/21,14.76,14.87,14.50,14.52,1685305,14.68
2011/07/22,14.64,14.76,14.39,14.46,1993020,14.58
2011/07/25,14.48,14.48,13.25,13.32,3945440,13.87
2011/07/26,13.49,13.82,13.33,13.63,3669908,13.58
2011/07/27,13.57,13.94,13.42,13.85,1737037,13.68
2011/07/28,13.66,13.79,13.58,13.69,1807757,13.68
2011/07/29,13.79,13.81,13.31,13.47,2344017,13.56
2011/08/01,13.47,14.24,13.47,14.19,3029618,13.86
2011/08/02,14.26,15.17,14.12,15.05,6329162,14.64
2011/08/03,14.69,15.21,14.46,15.01,3980979,14.84
2011/08/04,15.01,15.19,14.61,14.61,2850668,14.90
2011/08/05,13.97,14.35,13.70,14.00,2288597,14.02
2011/08/08,13.70,13.75,12.68,12.69,4025532,13.21
2011/08/09,12.19,12.77,11.77,12.77,3025749,12.27
2011/08/10,13.01,13.27,12.77,12.81,2748664,13.02
2011/08/11,12.34,13.08,12.24,13.04,2127235,12.66
2011/08/12,13.19,13.39,13.07,13.17,2364465,13.23
2011/08/15,13.19,13.76,13.14,13.65,2832958,13.45
2011/08/16,13.49,13.49,13.20,13.26,3527565,13.34
2011/08/17,13.24,13.24,12.94,13.06,1998392,13.09
2011/08/18,13.06,13.15,12.63,12.66,1597410,12.89
2011/08/19,12.29,12.47,12.14,12.43,1486007,12.31
2011/08/22,12.41,12.66,12.38,12.40,1251023,12.52
2011/08/23,12.42,12.71,12.42,12.71,1902536,12.57
2011/08/24,12.92,13.15,12.74,12.74,2699094,12.95
2011/08/25,12.67,12.94,12.59,12.94,4584495,12.76
2011/08/26,12.89,13.29,12.86,13.13,3064421,13.07
2011/08/29,13.15,13.22,12.91,12.92,2927364,13.07
2011/08/30,13.01,13.04,12.29,12.29,4607975,12.66
2011/08/31,12.25,12.37,12.04,12.23,2002626,12.20
2011/09/01,12.27,12.41,12.17,12.20,1223917,12.29
2011/09/02,12.20,12.30,11.99,12.07,1361367,12.15
2011/09/05,11.82,11.96,11.78,11.81,1056580,11.87
2011/09/06,11.69,11.81,11.60,11.67,990098,11.71
2011/09/07,11.76,12.00,11.76,11.94,1126627,11.88
2011/09/08,11.97,12.06,11.69,11.75,1393887,11.88
2011/09/09,11.72,11.87,11.62,11.66,768160,11.74
2011/09/13,11.45,11.57,11.44,11.54,765765,11.50
2011/09/14,11.60,11.81,11.47,11.74,878015,11.64
2011/09/15,11.76,11.85,11.67,11.69,1132253,11.76
2011/09/16,11.76,11.84,11.63,11.63,742960,11.74
2011/09/19,11.59,11.63,11.26,11.26,992303,11.45
2011/09/20,11.13,11.31,11.11,11.19,1024251,11.21
2011/09/21,11.14,11.49,11.13,11.44,2229519,11.31
2011/09/22,11.32,11.37,10.92,10.96,2394369,11.14
2011/09/23,10.69,10.76,10.46,10.55,2809441,10.61
2011/09/26,10.39,10.61,10.07,10.15,2332738,10.34
2011/09/27,10.24,10.34,10.04,10.19,1732502,10.19
2011/09/28,10.24,10.38,9.94,9.94,2095577,10.16
2011/09/29,9.88,9.91,9.45,9.49,2977719,9.68
2011/09/30,9.50,9.59,9.33,9.46,1725673,9.46
2011/10/10,9.50,9.59,9.33,9.46,0,9.46
2011/10/11,9.69,9.78,9.07,9.26,3712419,9.42
2011/10/12,9.17,10.12,9.12,9.87,4380731,9.62
2011/10/13,9.81,10.11,9.77,9.96,2852049,9.94
2011/10/14,10.01,10.36,9.97,10.15,4575974,10.17
2011/10/17,10.17,10.23,9.95,10.11,2635436,10.09
2011/10/18,10.02,10.22,9.71,9.74,3215842,9.97
2011/10/19,9.76,9.99,9.71,9.81,1798504,9.85
2011/10/20,9.70,9.72,9.22,9.26,2048678,9.47
2011/10/21,9.14,9.16,8.60,8.69,3450956,8.88
2011/10/24,8.74,8.82,8.39,8.80,2321408,8.61
2011/10/25,8.77,9.25,8.67,9.13,3594464,8.96
2011/10/26,9.01,9.47,8.91,9.27,6141223,9.19
2011/10/27,9.25,9.31,9.14,9.15,2978846,9.23
2011/10/28,9.27,9.50,9.19,9.40,4111470,9.34
2011/10/31,9.41,9.63,9.34,9.61,3977090,9.49
2011/11/01,9.46,9.77,9.35,9.76,4307145,9.56
2011/11/02,9.52,9.96,9.43,9.91,4905320,9.70
2011/11/03,10.02,10.23,9.76,9.76,8605891,10.00
2011/11/04,9.89,10.31,9.66,10.12,10941212,9.99
2011/11/07,10.01,10.11,9.89,9.94,5023961,10.00
2011/11/08,9.93,9.97,9.54,9.57,3756240,9.75
2011/11/09,9.63,9.79,9.51,9.77,3250890,9.65
2011/11/10,9.61,10.16,9.57,9.94,7503026,9.87
2011/11/11,9.89,10.17,9.79,10.06,6191972,9.98
2011/11/14,10.14,10.60,10.14,10.38,7685013,10.37
2011/11/15,10.37,10.37,10.17,10.26,5207803,10.27
2011/11/16,10.37,10.50,9.85,9.89,6311598,10.17
2011/11/17,9.89,9.99,9.71,9.92,3978730,9.85
2011/11/18,9.81,9.81,9.31,9.32,4347822,9.56
2011/11/21,9.26,9.29,8.96,9.12,2496507,9.13
2011/11/22,8.96,9.16,8.92,9.07,1406938,9.04
2011/11/23,9.14,9.18,8.98,9.06,2073181,9.08
2011/11/24,8.92,9.12,8.88,9.01,1847385,9.00
2011/11/25,9.04,9.09,8.79,8.80,1648540,8.94
2011/11/28,8.81,8.91,8.68,8.73,1584267,8.79
2011/11/29,8.91,8.97,8.77,8.90,2789145,8.87
2011/11/30,8.90,8.90,8.24,8.29,3594682,8.57
2011/12/01,8.58,8.73,8.42,8.45,3570957,8.58
2011/12/02,8.37,8.51,8.22,8.39,2463284,8.37
2011/12/05,8.37,8.37,7.88,7.92,2214452,8.12
2011/12/06,7.71,7.96,7.71,7.89,1774094,7.83
2011/12/07,7.90,8.06,7.82,7.97,2053229,7.94
2011/12/08,7.99,8.79,7.74,8.44,5929116,8.26
2011/12/09,8.34,8.47,8.17,8.19,3686095,8.32
2011/12/12,8.18,8.34,7.95,7.99,1939282,8.15
2011/12/13,7.92,7.92,7.57,7.59,2175765,7.75
2011/12/14,7.60,7.74,7.45,7.47,1630325,7.60
2011/12/15,7.52,7.62,7.40,7.47,2095466,7.51
2011/12/16,7.59,7.96,7.52,7.96,5007025,7.74
2011/12/19,8.13,8.76,7.94,8.68,13252437,8.35
2011/12/20,8.59,8.69,8.38,8.41,8302308,8.54
2011/12/21,8.52,8.59,8.12,8.15,4927442,8.35
2011/12/22,7.94,8.72,7.68,8.60,7863277,8.20
2011/12/23,8.45,8.73,8.36,8.56,6103231,8.54
2011/12/26,8.51,8.72,8.32,8.32,4642754,8.52
2011/12/27,8.30,8.35,7.83,7.91,4051300,8.09
2011/12/28,7.71,7.84,7.44,7.79,3709371,7.64
2011/12/29,7.69,8.14,7.61,7.98,6075712,7.88
2011/12/30,7.93,8.19,7.82,8.11,11808482,8.00
2012/01/04,7.93,8.19,7.82,8.11,0,8.00
2012/01/05,7.62,7.67,7.29,7.29,8067573,7.48
2012/01/06,7.19,7.21,6.75,7.11,6150830,6.98
2012/01/09,7.02,7.46,6.89,7.42,4992917,7.17
2012/01/10,7.39,7.90,7.36,7.79,6725172,7.63
2012/01/11,7.77,8.04,7.64,7.83,6789508,7.84
2012/01/12,7.90,8.49,7.88,8.01,8923305,8.19
2012/01/13,7.97,7.99,7.36,7.41,6653329,7.68
2012/01/16,7.26,7.51,7.12,7.15,4410258,7.31
2012/01/17,7.14,7.79,6.98,7.69,6535485,7.39
2012/01/18,7.57,7.74,7.39,7.52,4769518,7.56
2012/01/19,7.63,7.89,7.39,7.84,6490342,7.64
2012/01/20,7.87,7.88,7.65,7.82,6156417,7.77
2012/01/30,7.86,8.03,7.70,7.87,5569045,7.86
2012/01/31,7.71,7.89,7.52,7.71,4715571,7.70
2012/02/01,7.79,7.82,7.54,7.63,3077877,7.68
2012/02/02,7.60,7.75,7.55,7.75,2606352,7.65
2012/02/03,7.75,8.12,7.66,8.04,6486373,7.89
2012/02/06,8.06,8.33,7.92,8.17,8690469,8.13
2012/02/07,8.07,8.07,7.89,8.02,4501585,7.98
2012/02/08,8.02,8.31,7.92,8.31,6219922,8.12
2012/02/09,8.26,8.68,8.19,8.44,9570741,8.43
2012/02/10,8.41,8.72,8.36,8.47,6196292,8.54
2012/02/13,8.37,8.76,8.34,8.61,6252832,8.55
2012/02/14,8.62,8.62,8.39,8.56,3840758,8.50
2012/02/15,8.51,8.63,8.38,8.63,6856403,8.51
2012/02/16,8.65,8.67,8.39,8.61,6648474,8.53
2012/02/17,8.69,8.69,8.42,8.57,6362077,8.55
2012/02/20,8.64,8.81,8.46,8.71,7753982,8.64
2012/02/21,8.64,9.04,8.59,8.96,12393102,8.81
2012/02/22,9.01,9.11,8.86,9.09,7839109,8.98
2012/02/23,9.04,9.17,8.91,9.04,8490118,9.04
2012/02/24,9.00,9.14,8.89,9.10,7305955,9.02
2012/02/27,9.15,9.44,8.93,9.20,13117796,9.18
2012/02/28,9.12,9.20,8.72,9.10,11668129,8.96
2012/02/29,9.10,9.22,8.82,9.11,14466248,9.02
2012/03/01,9.06,9.37,8.97,9.36,15363105,9.17
2012/03/02,9.46,9.84,9.31,9.63,13424597,9.58
2012/03/05,9.60,9.76,9.42,9.56,9901325,9.59
2012/03/06,9.55,9.59,9.20,9.38,8133851,9.39
2012/03/07,9.30,9.56,9.16,9.39,7411657,9.36
2012/03/08,9.48,9.60,9.34,9.56,8393660,9.47
2012/03/09,9.59,9.74,9.44,9.68,20630381,9.59
2012/03/12,9.88,9.97,9.34,9.51,23168106,9.66
2012/03/13,9.46,9.57,9.13,9.22,22426432,9.35
2012/03/14,9.22,9.28,8.46,8.54,22317841,8.87
2012/03/15,8.51,8.57,8.10,8.14,10822267,8.33
2012/03/16,8.14,8.26,8.06,8.26,7320991,8.16
2012/03/19,8.24,8.28,8.12,8.27,6095550,8.20
2012/03/20,8.26,8.26,7.85,7.85,7582775,8.05
2012/03/21,7.92,8.04,7.86,7.96,5311217,7.95
2012/03/22,7.94,8.14,7.87,8.04,4837751,8.01
2012/03/23,7.97,7.98,7.75,7.79,4670084,7.87
2012/03/26,7.79,7.82,7.60,7.66,3098986,7.71
2012/03/27,7.70,7.78,7.62,7.64,2824674,7.70
2012/03/28,7.59,7.60,7.14,7.18,4490097,7.37
2012/03/29,7.15,7.15,6.91,6.94,3620223,7.03
2012/03/30,6.96,7.00,6.75,6.81,3652580,6.88
2012/04/05,6.62,6.92,6.62,6.91,4567433,6.77
2012/04/06,6.91,6.94,6.76,6.87,3815502,6.85
2012/04/09,6.82,6.84,6.69,6.70,2421483,6.77
2012/04/10,6.65,6.73,6.44,6.73,3956729,6.59
2012/04/11,6.66,6.79,6.59,6.74,3057999,6.69
2012/04/12,6.77,6.94,6.75,6.93,4917573,6.85
2012/04/13,6.93,7.11,6.89,7.06,5328284,7.00
2012/04/16,7.00,7.04,6.92,6.97,2718108,6.98
2012/04/17,6.97,7.02,6.87,6.91,2550782,6.94
2012/04/18,6.92,7.07,6.91,7.05,3142013,6.99
2012/04/19,7.06,7.08,6.97,7.01,2628211,7.02
2012/04/20,7.04,7.19,7.02,7.12,4632396,7.10
2012/04/23,6.98,7.04,6.39,6.39,10188062,6.71
2012/04/24,6.15,6.15,5.74,5.95,10565073,5.95
2012/04/25,5.92,5.99,5.87,5.95,4286920,5.93
2012/04/26,5.96,6.04,5.89,5.95,3656607,5.96
2012/04/27,5.95,6.12,5.85,6.05,4028949,5.98
2012/05/02,6.11,6.13,6.01,6.02,4241509,6.07
2012/05/03,5.99,6.04,5.91,5.99,3216470,5.98
2012/05/04,6.01,6.11,5.94,6.08,4273384,6.03
2012/05/07,6.02,6.24,6.02,6.23,4503020,6.13
2012/05/08,6.24,6.36,6.17,6.26,5194783,6.27
2012/05/09,6.22,6.22,6.05,6.05,3680558,6.13
2012/05/10,6.04,6.17,6.04,6.11,2519551,6.10
2012/05/11,6.10,6.22,6.07,6.14,2322184,6.15
2012/05/14,6.21,6.21,6.02,6.02,2373093,6.11
2012/05/15,6.02,6.02,5.93,6.01,2206798,5.97
2012/05/16,6.00,6.07,5.93,5.98,2005065,6.00
2012/05/17,5.97,6.11,5.94,6.09,2706814,6.03
2012/05/18,6.01,6.27,6.01,6.14,5306004,6.14
2012/05/21,6.08,6.14,5.90,5.99,3504674,6.02
2012/05/22,6.01,6.14,5.97,6.11,2603169,6.05
2012/05/23,6.10,6.15,5.97,6.04,2055755,6.06
2012/05/24,6.10,6.44,6.09,6.20,8621238,6.27
2012/05/25,6.22,6.26,6.04,6.11,4033337,6.15
2012/05/28,6.11,6.11,5.81,6.01,3913049,5.96
2012/05/29,5.96,6.22,5.96,6.21,4459933,6.09
2012/05/30,6.25,6.39,6.14,6.32,5852415,6.26
2012/05/31,6.25,6.41,6.18,6.33,8290851,6.40
2012/06/01,6.33,6.35,6.13,6.18,5919990,6.31
2012/06/04,6.05,6.08,5.88,5.88,5882179,6.06
2012/06/05,5.89,5.95,5.83,5.86,3068013,5.94
2012/06/06,5.88,5.98,5.84,5.90,2830757,5.97
2012/06/07,5.95,5.99,5.82,5.83,2815545,5.97
2012/06/08,5.90,5.90,5.76,5.77,2746216,5.90
2012/06/11,5.78,5.92,5.76,5.89,3807492,5.92
2012/06/12,5.85,6.06,5.84,5.92,5060702,6.03
2012/06/13,5.94,6.02,5.88,6.01,4481332,6.03
2012/06/14,6.00,6.05,5.96,5.97,3617827,6.07
2012/06/15,5.97,6.03,5.92,6.01,3251034,6.05
2012/06/18,6.03,6.16,6.00,6.08,5051646,6.15
2012/06/19,6.06,6.14,5.99,6.06,4315622,6.12
2012/06/20,6.06,6.18,6.02,6.13,5741097,6.19
2012/06/21,6.09,6.12,5.87,5.92,5282558,6.04
2012/06/25,5.91,5.91,5.69,5.71,3382788,5.86
2012/06/26,5.68,5.84,5.61,5.74,4347217,5.81
2012/06/27,5.68,5.76,5.64,5.67,3490750,5.77
2012/06/28,5.68,5.80,5.60,5.60,3967684,5.79
2012/06/29,5.53,6.13,5.43,5.91,11912791,5.88
2012/07/02,5.90,5.96,5.77,5.89,6496557,5.94
2012/07/03,5.89,5.89,5.73,5.78,5301138,5.87
2012/07/04,5.77,6.05,5.77,5.86,7280527,5.97
2012/07/05,5.83,5.83,5.57,5.60,4815475,5.74
2012/07/06,5.64,5.78,5.52,5.72,5252272,5.72
2012/07/09,5.68,5.78,5.58,5.58,4516074,5.74
2012/07/10,5.59,6.15,5.58,5.96,20512950,6.07
2012/07/11,5.83,5.89,5.72,5.86,11484847,5.89
2012/07/12,5.81,5.92,5.68,5.88,8036423,5.87
2012/07/13,5.80,5.93,5.64,5.65,10009901,5.83
2012/07/16,5.50,5.51,5.08,5.08,10713809,5.26
2012/07/17,4.98,5.09,4.92,5.04,4483539,5.08
2012/07/18,5.05,5.14,4.99,5.12,3673639,5.14
2012/07/19,5.10,5.25,5.07,5.16,4615675,5.24
2012/07/20,5.17,5.29,5.14,5.17,3890216,5.27
2012/07/23,5.13,5.13,4.98,5.03,2672226,5.11
2012/07/24,4.99,5.14,4.99,5.12,2776527,5.16
2012/07/25,5.11,5.18,5.06,5.08,2267271,5.20
2012/07/26,5.06,5.17,5.00,5.02,2328037,5.15
2012/07/27,5.04,5.13,5.00,5.07,2178860,5.12
2012/07/30,5.06,5.07,4.72,4.78,5541355,4.91
2012/07/31,4.78,4.82,4.65,4.68,2761463,4.78
2012/08/01,4.67,4.80,4.67,4.75,2218668,4.83
2012/08/02,4.74,4.80,4.67,4.77,2253938,4.80
2012/08/03,4.75,4.88,4.73,4.87,2576354,4.88
2012/08/06,4.83,4.98,4.80,4.97,3743538,4.98
2012/08/07,4.99,5.12,4.93,5.02,6915589,5.11
2012/08/08,5.01,5.05,4.95,4.98,3549379,5.07
2012/08/09,4.95,5.04,4.92,5.03,3290391,5.06
2012/08/10,5.03,5.11,4.98,5.02,3887907,5.10
2012/08/13,5.02,5.03,4.82,4.82,4106760,4.99
2012/08/14,4.84,4.85,4.74,4.84,3750805,4.87
2012/08/15,4.84,4.85,4.77,4.79,2192352,4.87
2012/08/16,4.80,4.81,4.74,4.76,1381841,4.85
2012/08/17,4.77,4.92,4.75,4.83,4899982,4.94
2012/08/20,4.79,4.82,4.68,4.79,3675318,4.80
2012/08/21,4.79,4.97,4.75,4.89,5001817,4.94
2012/08/22,4.88,4.93,4.81,4.85,3293848,4.94
2012/08/23,4.85,4.99,4.80,4.94,4710956,4.97
2012/08/24,4.94,4.99,4.76,4.78,4497844,4.93
2012/08/27,4.72,4.73,4.60,4.61,3453227,4.72
2012/08/28,4.62,4.91,4.62,4.81,7411573,4.89
2012/08/29,4.78,5.02,4.68,4.90,10743256,4.97
2012/08/30,4.84,4.90,4.62,4.80,7498896,4.85
2012/08/31,4.94,5.11,4.83,4.86,8790096,5.02
2012/09/03,4.78,4.97,4.69,4.91,7154556,4.91
2012/09/04,4.89,4.95,4.78,4.86,5603243,4.95
2012/09/05,4.89,4.95,4.78,4.86,0,4.87
2012/09/06,4.86,4.91,4.73,4.85,9810591,4.89
2012/09/07,4.84,5.09,4.78,5.03,15812608,5.03
2012/09/10,5.03,5.17,4.99,5.14,13001898,5.16
2012/09/11,5.08,5.36,5.06,5.36,15215256,5.27
2012/09/12,5.32,5.38,5.18,5.26,11268277,5.33
2012/09/13,5.27,5.55,5.26,5.26,17557182,5.47
2012/09/14,5.31,5.32,5.14,5.16,9852723,5.29
2012/09/17,5.15,5.15,4.93,4.95,6227029,5.10
2012/09/18,4.94,5.00,4.91,4.95,2941227,5.02
2012/09/19,4.95,5.02,4.95,5.01,2710292,5.06
2012/09/20,5.00,5.01,4.75,4.76,4649747,4.93
2012/09/21,4.74,4.81,4.70,4.71,2958641,4.83
2012/09/24,4.70,4.78,4.60,4.71,3328968,4.74
2012/09/25,4.70,4.75,4.65,4.69,1707377,4.77
2012/09/26,4.70,4.73,4.53,4.54,3158444,4.68
2012/09/27,4.60,4.72,4.54,4.67,3705965,4.70
2012/09/28,4.65,4.76,4.63,4.73,2924043,4.78
2012/10/08,4.73,4.77,4.65,4.67,2708622,4.76
2012/10/09,4.68,4.87,4.68,4.84,5047454,4.86
2012/10/10,4.80,4.95,4.78,4.91,6865673,4.95
2012/10/11,4.85,4.96,4.82,4.90,7448242,4.95
2012/10/12,4.87,4.92,4.71,4.80,5843200,4.88
2012/10/15,4.73,4.75,4.48,4.55,7471043,4.64
2012/10/16,4.61,4.75,4.59,4.66,7348338,4.76
2012/10/17,4.65,4.71,4.56,4.67,6226949,4.70
2012/10/18,4.65,4.87,4.64,4.85,8996385,4.84
2012/10/19,4.83,4.83,4.74,4.77,4774581,4.85
2012/10/22,4.74,4.81,4.72,4.81,3324992,4.85
2012/10/23,4.81,4.84,4.71,4.72,4364924,4.83
2012/10/24,4.70,4.83,4.67,4.77,5713175,4.85
2012/10/25,4.81,5.01,4.79,4.80,11617703,4.95
2012/10/26,4.78,4.83,4.59,4.61,6700146,4.74
2012/10/29,4.65,4.93,4.65,4.71,7808720,4.85
2012/10/30,4.66,4.70,4.57,4.61,5080122,4.69
2012/10/31,4.58,4.62,4.55,4.62,1832608,4.66
2012/11/01,4.61,4.76,4.59,4.71,4818555,4.78
2012/11/02,4.72,4.73,4.65,4.69,3055340,4.75
2012/11/05,4.67,4.71,4.63,4.68,2840982,4.74
2012/11/06,4.69,4.79,4.59,4.71,4919870,4.74
2012/11/07,4.69,4.78,4.66,4.72,4207395,4.80
2012/11/08,4.66,4.67,4.48,4.48,4656175,4.65
2012/11/09,4.48,4.49,4.35,4.38,3951867,4.48
2012/11/12,4.38,4.42,4.37,4.40,2143042,4.46
2012/11/13,4.40,4.42,4.28,4.30,2784205,4.42
2012/11/14,4.28,4.32,4.21,4.28,2604314,4.33
2012/11/15,4.26,4.28,4.13,4.15,2434818,4.28
2012/11/16,4.15,4.17,4.08,4.12,1919254,4.19
2012/11/19,4.14,4.20,4.11,4.19,2316286,4.23
2012/11/20,4.20,4.23,4.15,4.16,2055251,4.26
2012/11/21,4.15,4.21,4.08,4.20,2658184,4.23
2012/11/22,4.20,4.20,4.12,4.15,1883257,4.23
2012/11/23,4.16,4.20,4.14,4.16,1463407,4.25
2012/11/26,4.16,4.17,4.04,4.06,2118771,4.17
2012/11/27,4.04,4.05,3.79,3.82,3739860,3.97
2012/11/28,3.81,3.88,3.77,3.81,3862173,3.89
2012/11/29,3.81,3.90,3.80,3.80,4493852,3.91
2012/11/30,3.80,3.84,3.74,3.81,2900388,3.87
2012/12/03,3.79,3.83,3.65,3.65,3266273,3.81
2012/12/04,3.66,3.72,3.59,3.71,3022398,3.72
2012/12/05,3.69,3.92,3.68,3.87,5063170,3.91
2012/12/06,3.87,3.94,3.83,3.88,5536709,3.95
2012/12/07,3.86,4.25,3.83,4.08,10105824,4.08
2012/12/10,4.04,4.26,3.97,4.18,11929419,4.19
2012/12/11,4.13,4.20,4.08,4.11,6493897,4.21
2012/12/12,4.08,4.16,4.01,4.08,4627889,4.14
2012/12/13,4.10,4.18,4.03,4.07,7294040,4.18
2012/12/14,4.05,4.34,4.05,4.32,14289175,4.29
2012/12/17,4.48,4.48,4.28,4.42,14546717,4.44
2012/12/18,4.39,4.49,4.34,4.48,11545472,4.48
2012/12/19,4.42,4.48,4.38,4.42,8419696,4.49
2012/12/20,4.55,4.61,4.31,4.34,16328264,4.52
2012/12/21,4.28,4.34,4.23,4.24,7588242,4.35
2012/12/24,4.21,4.27,4.20,4.25,3879262,4.31
2012/12/25,4.24,4.37,4.19,4.33,7155255,4.37
2012/12/26,4.32,4.37,4.29,4.36,6351041,4.39
2012/12/27,4.37,4.39,4.28,4.29,5700797,4.39
2012/12/28,4.24,4.33,4.20,4.27,12491380,4.31
2012/12/31,4.24,4.28,4.22,4.26,6017364,4.33
2013/01/04,4.33,4.54,4.31,4.43,19180601,4.49
2013/01/07,4.39,4.49,4.34,4.46,12524770,4.50
2013/01/08,4.40,4.64,4.39,4.58,15887911,4.59
2013/01/09,4.55,4.59,4.43,4.52,11490193,4.58
2013/01/10,4.53,4.75,4.49,4.70,16957608,4.71
2013/01/11,4.68,4.76,4.52,4.54,16980914,4.70
2013/01/14,4.51,4.72,4.49,4.66,10974493,4.66
2013/01/15,4.66,4.90,4.63,4.77,13361141,4.85
2013/01/16,4.76,4.88,4.62,4.70,12369152,4.82
2013/01/17,4.64,4.66,4.46,4.49,15670530,4.60
2013/01/18,4.50,4.60,4.45,4.60,10817656,4.60
2013/01/21,4.57,4.62,4.53,4.58,6156299,4.64
2013/01/22,4.58,4.62,4.44,4.45,9216033,4.60
2013/01/23,4.45,4.49,4.34,4.42,6543145,4.49
2013/01/24,4.42,4.51,4.27,4.28,8765820,4.46
2013/01/25,4.31,4.34,4.25,4.30,3596403,4.36
2013/01/28,4.29,4.48,4.29,4.47,9391623,4.48
2013/01/29,4.46,4.52,4.41,4.44,6159852,4.53
2013/01/30,4.45,4.48,4.37,4.42,4277724,4.49
2013/01/31,4.43,4.47,4.40,4.44,4299693,4.50
2013/02/01,4.42,4.45,4.39,4.42,4759912,4.49
2013/02/04,4.44,4.45,4.31,4.32,4420660,4.42
2013/02/05,4.28,4.39,4.28,4.37,3465185,4.41
2013/02/06,4.36,4.56,4.36,4.50,8347011,4.54
2013/02/07,4.48,4.62,4.44,4.59,8069521,4.62
2013/02/08,4.57,4.75,4.54,4.72,8191536,4.74
2013/02/18,4.78,5.20,4.73,5.20,22918221,5.07
2013/02/19,5.21,5.47,5.12,5.26,25085351,5.38
2013/02/20,5.27,5.27,5.09,5.22,11659771,5.24
2013/02/21,5.18,5.26,4.93,5.05,12577720,5.16
2013/02/22,5.03,5.07,4.95,4.98,6199657,5.07
2013/02/25,4.98,5.08,4.93,5.07,5854778,5.09
2013/02/26,5.03,5.10,4.89,4.91,8367196,5.07
2013/02/27,4.93,4.95,4.78,4.85,5898730,4.92
2013/02/28,4.93,5.10,4.86,5.05,9813738,5.10
2013/03/01,5.04,5.37,5.00,5.23,13465147,5.25
2013/03/04,5.13,5.46,5.13,5.25,14194549,5.37
2013/03/05,5.20,5.57,5.20,5.53,13812977,5.50
2013/03/06,5.61,5.82,5.45,5.61,14213791,5.72
2013/03/07,5.58,5.69,5.41,5.46,9443529,5.64
2013/03/08,5.46,5.50,5.28,5.29,6177263,5.43
2013/03/11,5.24,5.36,5.23,5.27,3287144,5.36
2013/03/12,5.25,5.34,4.96,5.06,5467786,5.20
2013/03/13,5.07,5.09,4.92,5.04,4003488,5.06
2013/03/14,5.02,5.09,5.00,5.04,2329573,5.12
2013/03/15,5.05,5.19,4.98,5.06,3900988,5.18
2013/03/18,5.00,5.12,4.99,5.07,2866435,5.13
2013/03/19,5.08,5.09,4.75,4.94,5044212,4.97
2013/03/20,4.94,5.11,4.87,5.11,3641857,5.11
2013/03/21,5.09,5.28,5.07,5.17,5286006,5.26
2013/03/22,5.18,5.20,5.11,5.17,2736391,5.22
2013/03/25,5.15,5.19,5.06,5.07,2538339,5.17
2013/03/26,5.06,5.06,4.91,4.95,2920089,5.03
2013/03/27,4.94,4.99,4.88,4.93,2098224,5.00
2013/03/28,4.93,4.93,4.70,4.74,5846337,4.84
2013/03/29,4.74,4.85,4.73,4.75,1910798,4.86
2013/04/01,4.74,4.81,4.71,4.78,2138316,4.82
2013/04/02,4.78,4.82,4.65,4.67,2272831,4.80
2013/04/03,4.72,4.85,4.64,4.73,5469618,4.81
2013/04/08,4.67,4.86,4.60,4.85,4356449,4.81
2013/04/09,4.90,5.01,4.88,4.94,4773862,5.00
2013/04/10,5.08,5.22,4.85,4.87,7773630,5.06
2013/04/11,4.88,4.90,4.59,4.67,10060346,4.79
2013/04/12,4.66,4.72,4.61,4.71,4257996,4.74
2013/04/15,4.65,4.67,4.56,4.57,2430624,4.67
2013/04/16,4.50,4.68,4.42,4.64,2922067,4.62
2013/04/17,4.67,4.68,4.58,4.65,2917932,4.71
2013/04/18,4.63,4.71,4.57,4.64,2535952,4.70
2013/04/19,4.61,4.77,4.60,4.75,4584128,4.79
2013/04/22,4.72,4.81,4.71,4.80,3580370,4.83
2013/04/23,4.94,5.02,4.73,4.90,11797546,4.94
2013/04/24,4.83,4.97,4.77,4.94,7802353,4.95
2013/04/25,4.92,4.96,4.79,4.81,5374051,4.95
2013/04/26,4.83,4.86,4.60,4.64,4672451,4.80
2013/05/02,4.64,4.68,4.53,4.61,3030882,4.69
2013/05/03,4.63,4.78,4.62,4.78,4190823,4.80
2013/05/06,4.74,4.85,4.72,4.81,5776729,4.86
2013/05/07,4.77,4.83,4.71,4.77,4678648,4.84
2013/05/08,4.78,4.95,4.75,4.94,7838650,4.93
2013/05/09,4.90,4.93,4.83,4.91,5997020,4.94
2013/05/10,4.90,5.13,4.85,5.09,12529394,5.10
2013/05/13,5.11,5.13,4.99,5.07,6936124,5.12
2013/05/14,5.09,5.30,5.07,5.22,13507868,5.27
2013/05/15,5.21,5.28,5.14,5.28,7719478,5.28
2013/05/16,5.25,5.46,5.04,5.08,17013518,5.32
2013/05/17,5.09,5.43,5.08,5.34,16066965,5.33
2013/05/20,5.34,5.54,5.28,5.51,14339808,5.48
2013/05/21,5.83,6.03,5.60,5.63,21167544,5.80
2013/05/22,5.83,6.20,5.75,5.97,38045705,6.16
2013/05/23,5.63,5.82,5.60,5.66,25231741,5.74
2013/05/24,5.71,5.88,5.58,5.85,16170840,5.81
2013/05/27,5.83,5.99,5.72,5.95,14912156,5.93
2013/05/28,5.94,6.22,5.73,5.77,19674183,6.07
2013/05/29,5.75,6.14,5.66,6.00,16403985,6.04
2013/05/30,5.94,6.13,5.83,5.90,12353977,6.02
2013/05/31,5.86,5.99,5.68,5.70,10598709,5.89
2013/06/03,5.69,5.76,5.56,5.61,7540998,5.73
2013/06/04,5.62,5.80,5.47,5.75,12543920,5.72
2013/06/05,5.61,5.67,5.47,5.51,10444304,5.62
2013/06/06,5.46,5.51,5.10,5.13,16489648,5.31
2013/06/07,5.14,5.18,4.92,5.03,13903082,5.08
2013/06/13,4.95,5.12,4.93,5.09,11832518,5.11
2013/06/14,5.08,5.25,5.04,5.21,8683074,5.22
2013/06/17,5.50,5.60,5.29,5.35,14449153,5.47
2013/06/18,5.33,5.78,5.30,5.61,17007657,5.65
2013/06/19,5.56,5.58,5.31,5.53,10961076,5.53
2013/06/20,5.46,5.68,5.40,5.43,12677207,5.62
2013/06/21,5.30,5.72,5.14,5.60,13249786,5.54
2013/06/24,5.60,5.79,5.23,5.41,16804369,5.65
2013/06/25,5.28,5.61,4.86,5.56,18315913,5.42
2013/06/26,5.53,5.95,5.44,5.89,23629359,5.80
2013/06/27,5.93,5.95,5.65,5.82,20411005,5.87
2013/06/28,5.75,5.86,5.61,5.66,14037126,5.80
2013/07/01,5.66,5.66,5.38,5.66,11698025,5.60
2013/07/02,5.61,5.88,5.55,5.88,13523879,5.83
2013/07/03,5.93,6.08,5.68,6.03,23632319,6.01
2013/07/04,5.90,6.05,5.79,5.84,15489955,5.98
2013/07/05,5.79,5.90,5.51,5.51,13569219,5.78
2013/07/08,5.43,5.51,5.24,5.30,9560068,5.43
2013/07/09,5.28,5.45,5.24,5.39,7147731,5.42
2013/07/10,5.73,5.94,5.60,5.93,25580852,5.88
2013/07/11,5.83,6.06,5.80,5.93,20901736,6.00
2013/07/12,6.06,6.48,6.02,6.03,27835917,6.29
2013/07/15,6.11,6.64,6.11,6.64,34041970,6.62
2013/07/16,6.90,7.30,6.84,7.16,54887171,7.14
2013/07/17,6.97,7.09,6.88,6.96,30992755,7.06
2013/07/18,6.93,7.27,6.90,7.04,28824863,7.16
2013/07/19,7.02,7.02,6.64,6.66,25660493,6.90
2013/07/22,6.53,6.88,6.47,6.85,15438929,6.81
2013/07/23,6.90,7.05,6.83,6.94,17243086,6.99
2013/07/24,6.92,7.06,6.83,6.96,17448203,7.02
2013/07/25,6.89,7.02,6.39,6.58,19694165,6.73
2013/07/26,6.61,6.71,6.37,6.62,12441795,6.61
2013/07/29,6.93,7.22,6.81,6.86,26047307,7.05
2013/07/30,6.73,6.81,6.35,6.50,15189281,6.61
2013/07/31,6.50,6.66,6.43,6.50,9407738,6.61
2013/08/01,6.50,6.73,6.47,6.71,12152820,6.71
2013/08/02,6.85,7.10,6.84,7.00,21509119,7.03
2013/08/05,6.85,7.10,6.84,7.00,0,6.97
2013/08/06,6.85,7.10,6.84,7.00,0,6.97
2013/08/07,6.85,7.10,6.84,7.00,0,6.97
2013/08/08,6.85,7.10,6.84,7.00,0,6.97
2013/08/09,6.85,7.10,6.84,7.00,0,6.97
2013/08/12,6.85,7.10,6.84,7.00,0,6.97
2013/08/13,6.85,7.10,6.84,7.00,0,6.97
2013/08/14,6.85,7.10,6.84,7.00,0,6.97
2013/08/15,6.85,7.10,6.84,7.00,0,6.97
2013/08/16,6.85,7.10,6.84,7.00,0,6.97
2013/08/19,6.85,7.10,6.84,7.00,0,6.97
2013/08/20,6.85,7.10,6.84,7.00,0,6.97
2013/08/21,6.85,7.10,6.84,7.00,0,6.97
2013/08/22,6.85,7.10,6.84,7.00,0,6.97
2013/08/23,6.85,7.10,6.84,7.00,0,6.97
2013/08/26,6.85,7.10,6.84,7.00,0,6.97
2013/08/27,6.85,7.10,6.84,7.00,0,6.97
2013/08/28,6.85,7.10,6.84,7.00,0,6.97
2013/08/29,6.85,7.10,6.84,7.00,0,6.97
2013/08/30,6.85,7.10,6.84,7.00,0,6.97
2013/09/02,6.85,7.10,6.84,7.00,0,6.97
2013/09/03,6.85,7.10,6.84,7.00,0,6.97
2013/09/04,6.85,7.10,6.84,7.00,0,6.97
2013/09/05,6.85,7.10,6.84,7.00,0,6.97
2013/09/06,6.85,7.10,6.84,7.00,0,6.97
2013/09/09,6.85,7.10,6.84,7.00,0,6.97
2013/09/10,6.85,7.10,6.84,7.00,0,6.97
2013/09/11,6.85,7.10,6.84,7.00,0,6.97
2013/09/12,6.85,7.10,6.84,7.00,0,6.97
2013/09/13,6.85,7.10,6.84,7.00,0,6.97
2013/09/16,6.85,7.10,6.84,7.00,0,6.97
2013/09/17,6.85,7.10,6.84,7.00,0,6.97
2013/09/18,6.85,7.10,6.84,7.00,0,6.97
2013/09/23,6.85,7.10,6.84,7.00,0,6.97
2013/09/24,6.85,7.10,6.84,7.00,0,6.97
2013/09/25,6.85,7.10,6.84,7.00,0,6.97
2013/09/26,6.85,7.10,6.84,7.00,0,6.97
2013/09/27,6.85,7.10,6.84,7.00,0,6.97
2013/09/30,6.85,7.10,6.84,7.00,0,6.97
2013/10/08,6.85,7.10,6.84,7.00,0,6.97
2013/10/09,6.85,7.10,6.84,7.00,0,6.97
2013/10/10,6.85,7.10,6.84,7.00,0,6.97
2013/10/11,6.85,7.10,6.84,7.00,0,6.97
2013/10/14,6.85,7.10,6.84,7.00,0,6.97
2013/10/15,7.71,7.71,7.71,7.71,540677,7.78
2013/10/16,8.49,8.49,8.49,8.49,4408693,8.56
2013/10/17,8.82,8.82,8.03,8.13,40862060,8.47
2013/10/18,7.93,8.07,7.49,7.77,22053836,7.88
2013/10/21,7.70,8.55,7.70,8.55,33032007,8.43
2013/10/22,8.79,9.41,8.79,9.41,37331197,9.30
2013/10/23,9.81,9.81,8.96,9.11,40971632,9.34
2013/10/24,9.03,10.03,9.03,9.49,27086335,9.82
2013/10/25,9.03,9.93,8.94,9.18,25911438,9.46
2013/10/28,9.17,10.06,8.82,9.51,29927385,9.68
2013/10/29,9.51,9.73,8.61,9.44,29014062,9.32
2013/10/30,9.33,9.88,9.16,9.86,19161191,9.69
2013/10/31,9.73,9.83,8.87,8.87,18849965,9.28
2013/11/01,8.54,9.10,8.49,8.66,15857646,8.79
2013/11/04,8.68,9.09,8.68,8.68,8294818,8.94
2013/11/05,9.03,9.33,8.89,8.98,12473753,9.11
2013/11/06,8.78,9.57,8.73,9.21,16884101,9.26
2013/11/07,9.01,9.24,8.76,8.80,10238017,9.03
2013/11/08,8.66,8.84,8.11,8.39,12898534,8.50
2013/11/11,8.28,8.49,8.13,8.41,8108537,8.40
2013/11/12,8.39,8.61,8.27,8.33,5607127,8.48
2013/11/13,8.33,8.33,7.71,7.75,10191088,7.96
2013/11/14,7.75,7.99,7.73,7.88,5933645,7.93
2013/11/15,7.88,8.14,7.66,7.90,8411816,8.02
2013/11/18,8.08,8.65,7.93,8.53,12159025,8.35
2013/11/19,8.51,8.66,8.29,8.42,5961857,8.51
2013/11/20,8.39,8.76,8.39,8.75,8493271,8.69
2013/11/21,8.76,8.84,8.47,8.58,5769483,8.66
2013/11/22,8.59,8.62,8.00,8.13,9915381,8.28
2013/11/25,8.13,8.13,7.82,7.92,7661443,8.02
2013/11/26,7.88,8.01,7.83,7.93,5381081,7.98
2013/11/27,7.97,8.40,7.96,8.07,11397798,8.23
2013/11/28,8.15,8.22,8.00,8.01,6887176,8.19
2013/11/29,8.04,8.14,7.89,8.10,7369478,8.08
2013/12/02,7.81,7.82,7.28,7.28,13610076,7.51
2013/12/03,7.01,7.28,6.81,7.17,9802091,7.10
2013/12/04,7.18,7.56,7.14,7.53,12050870,7.53
2013/12/05,7.54,7.54,7.23,7.26,5197347,7.43
2013/12/06,7.15,7.34,7.15,7.23,4707657,7.30
2013/12/09,7.21,7.35,7.19,7.25,4626016,7.34
2013/12/10,7.28,7.48,7.21,7.37,5117284,7.42
2013/12/11,7.37,7.46,7.07,7.16,5560539,7.32
2013/12/12,7.23,7.30,7.16,7.23,3009610,7.30
2013/12/13,7.23,7.49,7.17,7.42,4814845,7.46
2013/12/16,7.36,7.65,7.36,7.50,5386538,7.61
2013/12/17,7.52,7.79,7.38,7.66,6556774,7.71
2013/12/18,7.63,7.74,7.38,7.45,4797537,7.61
2013/12/19,7.42,7.52,7.14,7.17,4754506,7.39
2013/12/20,7.12,7.23,6.89,6.92,5438767,7.07
2013/12/23,6.22,6.43,6.22,6.22,3787104,6.31
2013/12/24,5.91,6.30,5.88,6.16,14223240,6.14
2013/12/25,6.07,6.11,5.90,5.99,20795275,6.03
2013/12/26,6.00,6.10,5.96,5.96,12409203,6.10
2013/12/27,6.01,6.40,5.97,6.29,16205211,6.31
2013/12/30,6.31,6.56,6.29,6.32,11832498,6.48
2013/12/31,6.29,6.37,6.17,6.31,7397570,6.33
2014/01/02,6.29,6.55,6.20,6.45,14708147,6.40
2014/01/03,6.46,6.68,6.42,6.45,12134289,6.57
2014/01/06,6.40,6.61,6.27,6.52,13222150,6.54
2014/01/07,6.46,6.57,6.32,6.55,7853292,6.56
2014/01/08,6.64,6.84,6.59,6.71,10241476,6.80
2014/01/09,6.76,6.95,6.61,6.71,11826728,6.82
2014/01/10,6.77,7.08,6.53,6.53,9345191,6.85
2014/01/13,6.56,6.61,6.24,6.29,7373553,6.50
2014/01/14,6.28,6.59,6.22,6.57,7366812,6.42
2014/01/15,6.56,6.86,6.48,6.84,9681479,6.79
2014/01/16,6.90,7.15,6.82,7.07,14024142,7.13
2014/01/17,7.04,7.11,6.88,6.90,8577168,7.06
2014/01/20,6.93,7.08,6.73,6.95,7894921,7.02
2014/01/21,6.98,7.21,6.93,7.17,9923721,7.18
2014/01/22,7.28,7.52,7.21,7.41,15176518,7.46
2014/01/23,7.43,8.16,7.38,8.16,20383018,8.08
2014/01/24,8.18,8.87,8.08,8.43,22851955,8.46
2014/01/27,8.25,8.56,8.05,8.33,15794607,8.38
2014/01/28,8.24,8.36,8.14,8.17,8960227,8.30
2014/01/29,8.17,8.30,8.09,8.19,7861193,8.28
2014/01/30,8.19,8.49,8.13,8.42,7572098,8.39
2014/02/07,8.33,8.62,8.23,8.53,7351104,8.56
2014/02/10,8.54,9.29,8.54,8.91,9268454,9.03
2014/02/11,8.91,9.04,8.33,8.49,11430015,8.72
2014/02/12,8.49,8.72,8.32,8.58,11055700,8.56
2014/02/13,8.55,8.56,8.07,8.09,12176255,8.35
2014/02/14,8.08,8.27,8.06,8.24,8917150,8.23
2014/02/17,8.15,8.81,8.15,8.72,14801104,8.54
2014/02/18,8.71,9.18,8.63,8.92,15315719,8.92
2014/02/19,9.00,9.01,8.68,8.75,10300201,8.86
2014/02/20,8.87,8.92,8.37,8.46,8615545,8.65
2014/02/21,8.46,8.59,8.24,8.40,5962295,8.45
2014/02/24,8.38,8.61,8.24,8.60,6064252,8.55
2014/02/25,8.64,8.78,7.73,7.86,10706009,8.32
2014/02/26,7.74,7.74,7.21,7.64,9221259,7.58
2014/02/27,7.72,7.95,7.39,7.44,8209961,7.75
2014/02/28,7.46,7.56,7.13,7.52,7883370,7.46
2014/03/03,7.52,7.98,7.44,7.98,8746703,7.91
2014/03/04,7.93,8.20,7.88,8.03,6954556,8.10
2014/03/05,8.19,8.57,8.08,8.55,12682036,8.37
2014/03/06,8.51,8.89,8.36,8.71,13982401,8.71
2014/03/07,8.72,8.92,8.48,8.83,10048337,8.78
2014/03/10,8.69,8.84,8.36,8.44,10631902,8.65
2014/03/11,8.32,8.47,7.88,8.07,10120840,8.16
2014/03/12,7.92,8.08,7.61,7.75,10128863,7.89
2014/03/13,7.81,8.28,7.81,8.26,7664312,8.13
2014/03/14,8.21,8.38,7.96,8.09,8664887,8.22
2014/03/17,8.04,8.35,8.04,8.18,10004078,8.29
2014/03/18,8.18,8.88,8.12,8.70,14451413,8.64
2014/03/19,8.62,9.03,8.50,8.90,14773862,8.85
2014/03/20,8.83,9.06,8.19,8.23,13306289,8.76
2014/03/21,8.15,9.06,8.06,9.06,14153761,8.71
2014/03/24,9.23,9.43,8.90,9.06,18385482,9.17
2014/03/25,8.93,9.17,8.74,8.93,10287084,9.01
2014/03/26,9.04,9.50,8.95,9.19,18369208,9.31
2014/03/27,9.03,9.06,8.74,8.80,12150558,8.96
2014/03/28,8.66,8.88,8.27,8.43,9770833,8.59
2014/03/31,8.41,8.51,8.05,8.13,7506015,8.31
2014/04/01,8.13,8.52,8.13,8.46,7222850,8.45
2014/04/02,8.47,8.64,8.17,8.23,7863567,8.43
2014/04/03,8.21,8.90,8.18,8.70,13258119,8.67
2014/04/04,8.60,8.81,8.53,8.75,7544125,8.73
2014/04/08,8.71,9.09,8.56,9.07,12015836,8.97
2014/04/09,9.06,9.50,8.97,9.26,15951270,9.31
2014/04/10,9.28,9.43,9.02,9.11,13602478,9.30
2014/04/11,9.23,9.31,8.91,9.21,12231487,9.18
2014/04/14,9.13,9.52,9.11,9.40,13287251,9.47
2014/04/15,9.38,9.38,9.03,9.08,9629696,9.22
2014/04/16,9.04,9.21,8.99,9.11,5896441,9.16
2014/04/17,9.11,9.80,9.08,9.39,16661827,9.53
2014/04/18,9.40,9.79,9.33,9.46,13775726,9.65
2014/04/21,9.35,9.87,9.21,9.63,15607450,9.65
2014/04/22,9.60,10.04,9.10,9.22,26119710,9.68
2014/04/23,9.04,9.44,9.03,9.16,12187781,9.27
2014/04/24,9.15,9.20,8.64,8.82,14404879,8.90
2014/04/25,8.75,8.91,8.61,8.74,6067023,8.85
2014/04/28,8.79,8.79,7.90,7.95,12047830,8.23
2014/04/29,7.94,8.38,7.91,8.35,8142857,8.23
2014/04/30,8.38,8.53,8.28,8.51,5043160,8.49
2014/05/05,8.43,8.61,8.30,8.50,4409335,8.52
2014/05/06,8.48,8.73,8.44,8.59,4571032,8.71
2014/05/07,8.59,8.63,8.19,8.22,6081524,8.44
2014/05/08,8.20,8.39,8.08,8.14,3964934,8.31
2014/05/09,8.13,8.18,7.49,7.68,12612614,7.87
2014/05/12,7.80,8.00,7.68,7.94,4955065,7.93
2014/05/13,7.94,8.11,7.89,8.03,4370635,8.08
2014/05/14,8.03,8.03,7.80,7.98,4230200,7.98
2014/05/15,7.97,7.97,7.58,7.63,5627374,7.81
2014/05/16,7.57,7.73,7.48,7.63,4961316,7.66
2014/05/19,7.57,7.77,7.57,7.66,4241410,7.75
2014/05/20,7.78,8.13,7.78,7.97,9642890,8.05
2014/05/21,7.96,8.24,7.83,8.16,7359368,8.19
2014/05/22,8.28,8.73,8.28,8.51,12492898,8.55
2014/05/23,8.42,8.63,8.34,8.56,12872907,8.59
2014/05/26,8.64,8.71,8.46,8.64,5262358,8.65
2014/05/27,8.63,8.63,8.44,8.53,4275389,8.59
2014/05/28,8.48,8.63,8.41,8.63,6656495,8.60
2014/05/29,8.66,8.70,8.40,8.42,4220825,8.57
2014/05/30,8.42,8.83,8.39,8.72,7082583,8.71
2014/06/03,8.80,8.97,8.62,8.68,6375367,8.87
2014/06/04,8.66,8.67,8.38,8.47,5157921,8.56
2014/06/05,8.38,8.62,8.37,8.59,3650349,8.58
2014/06/06,8.63,8.68,8.46,8.51,3201483,8.65
2014/06/09,8.51,8.51,8.28,8.29,4418812,8.43
2014/06/10,8.33,8.44,8.20,8.34,4606372,8.42
2014/06/11,8.34,8.46,8.30,8.40,3987993,8.43
2014/06/12,8.40,8.48,8.23,8.27,6724873,8.42
2014/06/13,8.31,8.36,8.09,8.33,9619792,8.29
2014/06/16,8.33,8.41,8.19,8.23,7450354,8.36
2014/06/17,8.23,8.29,8.09,8.11,4599357,8.23
2014/06/18,8.18,8.23,8.09,8.13,3402779,8.21
2014/06/19,8.11,8.17,7.62,7.74,6943320,7.93
2014/06/20,7.64,7.93,7.56,7.93,5557044,7.84
2014/06/23,7.82,7.82,7.22,7.37,19246529,7.56
2014/06/24,7.27,7.36,7.08,7.25,12512513,7.26
2014/06/25,7.22,7.43,7.12,7.38,11299984,7.32
2014/06/26,7.32,7.62,7.31,7.62,10636257,7.58
2014/06/27,7.64,7.73,7.54,7.59,8967454,7.69
2014/06/30,7.53,7.78,7.41,7.73,9224093,7.64
2014/07/01,7.71,8.02,7.64,7.97,11893792,7.93
2014/07/02,7.91,7.97,7.79,7.91,7199961,7.96
2014/07/03,7.86,7.95,7.82,7.87,5117377,7.95
2014/07/04,7.85,7.86,7.67,7.71,6935794,7.81
2014/07/07,7.93,8.00,7.77,7.88,8954883,7.94
2014/07/08,7.69,7.84,7.66,7.80,5634392,7.82
2014/07/09,7.82,7.87,7.62,7.63,5866337,7.83
2014/07/10,7.55,7.66,7.49,7.52,4835942,7.65
2014/07/11,7.49,7.60,7.41,7.49,6051081,7.57
2014/07/14,7.43,7.77,7.41,7.74,7941570,7.72
2014/07/15,7.75,7.79,7.66,7.77,5257659,7.79
2014/07/16,7.80,7.80,7.69,7.71,5207627,7.81
2014/07/17,7.68,7.78,7.63,7.65,5041470,7.77
2014/07/18,7.64,7.96,7.60,7.84,8036207,7.86
2014/07/21,7.84,7.91,7.73,7.75,5761868,7.89
2014/07/22,7.74,7.82,7.63,7.68,8852009,7.79
2014/07/23,7.63,7.69,7.27,7.37,9582432,7.51
2014/07/24,7.63,7.69,7.27,7.37,0,7.48
2014/07/25,7.63,7.69,7.27,7.37,0,7.48
2014/07/28,7.63,7.69,7.27,7.37,0,7.48
2014/07/29,7.63,7.69,7.27,7.37,0,7.48
2014/07/30,7.63,7.69,7.27,7.37,0,7.48
2014/07/31,7.97,8.11,7.68,8.11,17020443,7.98
2014/08/01,8.11,8.39,7.82,7.84,23582126,8.21
2014/08/04,7.82,8.08,7.73,7.93,9139645,8.01
2014/08/05,7.93,8.11,7.83,8.05,10927360,8.06
2014/08/06,8.05,8.09,7.92,8.00,12076665,8.07
2014/08/07,8.00,8.05,7.86,7.87,9786404,8.03
2014/08/08,7.84,7.96,7.84,7.93,5637555,7.97
2014/08/11,7.95,8.23,7.91,8.14,14490268,8.18
2014/08/12,8.11,8.20,8.06,8.11,7853130,8.18
2014/08/13,8.11,8.18,7.99,8.11,8607529,8.16
2014/08/14,8.11,8.22,8.10,8.12,9710926,8.23
2014/08/15,8.05,8.38,8.05,8.30,13943323,8.31
2014/08/18,8.33,8.40,8.24,8.36,12446671,8.39
2014/08/19,8.34,8.71,8.33,8.62,20506287,8.65
2014/08/20,8.63,8.80,8.50,8.59,15425791,8.74
2014/08/21,8.62,8.77,8.49,8.71,12059061,8.71
2014/08/22,8.69,8.91,8.67,8.87,12949283,8.89
2014/08/25,8.92,8.92,8.55,8.57,11080662,8.78
2014/08/26,8.55,8.71,8.22,8.33,12254241,8.52
2014/08/27,8.32,8.44,8.29,8.40,7291610,8.43
2014/08/28,8.44,8.45,8.17,8.21,7950364,8.36
2014/08/29,8.19,8.36,8.13,8.33,6165038,8.35
2014/09/01,8.35,8.60,8.35,8.58,8317376,8.58
2014/09/02,8.59,8.68,8.48,8.64,11516636,8.66
2014/09/03,8.63,8.92,8.60,8.82,18926041,8.85
2014/09/04,8.80,9.01,8.70,8.94,14953110,8.96
2014/09/05,9.08,9.18,8.77,8.93,20951276,8.99
2014/09/09,8.92,8.93,8.72,8.85,12715396,8.88
2014/09/10,8.80,9.12,8.73,9.12,15752112,9.03
2014/09/11,9.11,9.22,8.85,8.94,16690185,9.13
2014/09/12,8.93,9.13,8.92,9.11,9529345,9.11
2014/09/15,9.13,9.48,9.11,9.40,16669830,9.41
2014/09/16,9.40,9.41,8.86,8.95,13884347,9.24
2014/09/17,9.00,9.07,8.78,9.01,9629029,9.00
2014/09/18,9.03,9.18,8.91,9.17,9633820,9.10
2014/09/19,9.10,9.93,8.94,9.40,53791252,9.47
2014/09/22,9.28,9.58,9.07,9.20,27404837,9.34
2014/09/23,9.21,9.32,9.14,9.29,15968994,9.31
2014/09/24,9.26,9.42,9.21,9.29,19130374,9.36
2014/09/25,9.29,9.52,8.94,9.08,45607179,9.35
2014/09/26,9.03,9.16,8.84,8.88,27348661,9.04
2014/09/29,8.92,9.11,8.87,9.09,23518780,9.04
2014/09/30,9.09,9.27,9.06,9.24,18348492,9.27
2014/10/08,9.31,9.67,9.21,9.65,32732570,9.58
2014/10/09,9.67,9.73,9.45,9.67,22554204,9.65
2014/10/10,9.68,10.26,9.56,10.10,43800357,9.98
2014/10/13,10.10,10.83,9.90,10.52,47936080,10.40
2014/10/14,10.48,10.73,10.35,10.47,30873798,10.57
2014/10/15,10.31,10.52,10.14,10.34,20910562,10.42
2014/10/16,10.28,10.70,10.17,10.17,23996613,10.54
2014/10/17,10.15,10.62,9.68,10.49,29468170,10.24
2014/10/20,10.51,11.07,10.49,10.82,25286164,10.87
2014/10/21,10.76,10.84,10.43,10.43,15825410,10.70
2014/10/22,10.37,10.62,10.14,10.18,17640201,10.43
2014/10/23,10.18,10.34,9.81,9.89,18565808,10.08
2014/10/24,9.85,10.10,9.73,9.81,14873418,9.97
2014/10/27,9.85,10.17,9.82,10.09,11699041,10.09
2014/10/28,10.05,10.53,10.03,10.46,18393091,10.37
2014/10/29,10.41,10.66,10.35,10.49,19224718,10.58
2014/10/30,10.52,10.69,10.38,10.62,20049223,10.63
2014/10/31,10.71,11.00,10.44,10.63,21040156,10.78
2014/11/03,10.64,10.69,10.36,10.46,15858797,10.56
2014/11/04,10.39,10.65,10.31,10.33,14817781,10.52
2014/11/05,10.24,10.28,10.05,10.12,11359273,10.24
2014/11/06,10.06,10.58,10.06,10.54,13171331,10.37
2014/11/07,10.58,10.70,10.13,10.18,16107838,10.53
2014/11/10,10.14,10.25,9.97,10.08,13570496,10.13
2014/11/11,10.08,10.08,9.40,9.45,24971737,9.69
2014/11/12,9.47,9.60,9.43,9.58,14611931,9.59
2014/11/13,9.55,9.55,9.03,9.09,20834682,9.25
2014/11/14,9.10,9.25,9.04,9.20,14308975,9.22
2014/11/17,9.13,9.40,9.10,9.30,12851456,9.37
2014/11/18,9.28,9.42,9.17,9.25,11669509,9.37
2014/11/19,9.17,9.31,9.08,9.25,12585351,9.27
2014/11/20,9.24,9.24,9.06,9.12,9916693,9.21
2014/11/21,9.08,9.20,9.08,9.12,9448332,9.21
2014/11/24,9.20,9.25,9.04,9.24,14765011,9.23
2014/11/25,9.28,9.51,9.25,9.49,16048731,9.48
2014/11/26,9.53,9.69,9.32,9.41,16232412,9.59
2014/11/27,9.40,9.54,9.36,9.46,15947770,9.51
2014/11/28,9.47,9.50,9.31,9.36,14518903,9.48
2014/12/01,9.34,9.34,8.83,8.94,21106828,9.09
2014/12/02,8.93,9.18,8.88,9.07,12026791,9.14
2014/12/03,9.11,9.21,8.87,9.18,20735084,9.09
2014/12/04,9.19,9.28,9.13,9.17,15874014,9.26
2014/12/05,9.14,9.14,8.45,8.62,24710810,8.83
2014/12/08,8.58,9.49,8.44,9.35,38469650,9.15
2014/12/09,9.29,9.84,9.20,9.24,44365014,9.53
2014/12/10,9.28,9.78,9.28,9.75,29590769,9.69
2014/12/11,9.77,10.03,9.54,9.89,25359933,9.89
2014/12/12,9.91,10.01,9.69,9.83,15951750,9.92
2014/12/15,9.84,10.08,9.83,9.86,18586402,10.01
2014/12/16,9.84,9.88,9.58,9.62,14939888,9.75
2014/12/17,9.62,9.77,9.42,9.63,14998727,9.65
2014/12/18,9.60,9.71,9.48,9.48,12378579,9.65
2014/12/19,9.40,9.40,8.53,8.70,31991976,8.88
2014/12/22,8.66,8.94,8.53,8.69,16087678,8.78
2014/12/23,8.53,8.53,7.81,7.81,23994142,8.04
2014/12/24,7.82,8.04,7.82,7.91,19901617,7.98
2014/12/25,7.93,8.01,7.85,7.95,16379057,7.99
2014/12/26,7.95,7.99,7.78,7.87,14939359,7.95
2014/12/29,7.80,7.82,7.24,7.37,23166499,7.51
2014/12/30,7.37,7.52,7.29,7.41,10927364,7.50
2014/12/31,7.48,7.77,7.47,7.72,15066940,7.71
2015/01/05,7.73,7.81,7.35,7.71,14425862,7.64
2015/01/06,7.68,7.98,7.57,7.92,16078313,7.87
2015/01/07,7.83,8.00,7.79,7.83,11383643,7.94
2015/01/08,7.84,7.96,7.73,7.84,9556338,7.94
2015/01/09,7.83,7.98,7.73,7.73,9835535,7.94
2015/01/12,7.62,7.63,7.44,7.46,9467892,7.58
2015/01/13,7.45,7.67,7.37,7.64,7017600,7.64
2015/01/14,7.63,7.83,7.58,7.70,9462315,7.81
2015/01/15,7.70,7.74,7.57,7.60,8830025,7.72
2015/01/16,7.57,7.76,7.57,7.74,8291360,7.76
2015/01/19,7.62,7.98,7.43,7.55,14182387,7.82
2015/01/20,7.62,7.84,7.62,7.84,11960751,7.82
2015/01/21,7.89,8.18,7.84,8.11,20774151,8.14
2015/01/22,8.16,8.21,8.00,8.17,14532416,8.17
2015/01/23,8.16,8.16,7.99,8.06,11208280,8.14
2015/01/26,8.11,8.24,8.06,8.23,11487769,8.24
2015/01/27,8.26,8.35,8.04,8.18,11606135,8.24
2015/01/28,8.08,8.19,8.05,8.09,9121674,8.18
2015/01/29,8.07,8.15,8.02,8.06,6758666,8.15
2015/01/30,8.06,8.11,7.73,7.73,13029329,7.97
2015/02/02,7.71,7.83,7.61,7.73,6925641,7.81
2015/02/03,7.77,7.95,7.75,7.92,8498644,7.93
2015/02/04,7.93,7.97,7.84,7.86,8235544,7.98
2015/02/05,7.94,8.13,7.83,7.99,13262547,8.04
2015/02/06,7.93,8.04,7.67,7.71,8928768,7.90
2015/02/09,7.57,7.74,7.53,7.55,6650089,7.69
2015/02/10,7.54,7.64,7.49,7.61,6595933,7.62
2015/02/11,7.60,7.68,7.57,7.64,6594131,7.70
2015/02/12,7.68,7.81,7.65,7.78,7679815,7.78
2015/02/13,7.81,7.98,7.81,7.96,10418104,7.97
2015/02/16,7.96,8.11,7.95,8.10,9271126,8.12
2015/02/17,8.11,8.14,8.00,8.02,10516727,8.11
2015/02/25,8.03,8.38,8.01,8.29,21915121,8.31
2015/02/26,8.29,8.31,8.19,8.29,10835599,8.32
2015/02/27,8.28,8.37,8.23,8.32,10883092,8.38
2015/03/02,8.36,8.58,8.36,8.53,15124760,8.54
2015/03/03,8.51,8.67,8.43,8.53,20090901,8.62
2015/03/04,8.48,8.78,8.47,8.75,18638239,8.67
2015/03/05,8.75,8.88,8.62,8.84,18219828,8.81
2015/03/06,8.93,9.30,8.73,8.78,24601626,9.09
2015/03/09,8.68,8.96,8.56,8.85,13531453,8.83
2015/03/10,8.84,9.25,8.83,9.17,18942315,9.20
2015/03/11,9.53,10.09,9.31,10.09,43719488,9.80
2015/03/12,10.29,10.31,9.60,9.73,41876940,9.96
2015/03/13,9.68,10.20,9.64,9.93,26550001,10.06
2015/03/16,10.02,10.38,9.94,10.13,28502887,10.20
2015/03/17,10.14,10.29,9.85,10.02,26398123,10.14
2015/03/18,10.02,10.42,10.01,10.22,27367684,10.29
2015/03/19,10.23,10.43,9.96,10.39,30118400,10.23
2015/03/20,10.34,10.64,10.25,10.47,29407213,10.50
2015/03/23,10.34,10.64,10.25,10.47,0,10.45
2015/03/24,10.34,10.64,10.25,10.47,0,10.45
2015/03/25,10.34,10.64,10.25,10.47,0,10.45
2015/03/26,10.34,10.64,10.25,10.47,0,10.45
2015/03/27,10.34,10.64,10.25,10.47,0,10.45
2015/03/30,10.34,10.64,10.25,10.47,0,10.45
2015/03/31,10.34,10.64,10.25,10.47,0,10.45
2015/04/01,10.34,10.64,10.25,10.47,0,10.45
2015/04/02,10.34,10.64,10.25,10.47,0,10.45
2015/04/03,10.34,10.64,10.25,10.47,0,10.45
2015/04/07,11.52,11.52,11.52,11.52,659495,11.59
2015/04/08,12.68,12.68,12.68,12.68,836227,12.75
2015/04/09,13.53,13.96,12.35,13.96,87559968,13.46
2015/04/10,13.92,14.85,13.25,13.99,60126026,14.08
2015/04/13,13.74,14.45,13.73,13.83,35491956,14.06
2015/04/14,13.73,14.16,13.20,13.64,35059074,13.71
2015/04/15,13.83,14.13,12.78,12.82,26990731,13.55
2015/04/16,12.58,13.08,11.53,12.93,32169680,12.63
2015/04/17,13.06,13.21,12.65,12.77,23430308,12.97
2015/04/20,12.63,13.49,12.43,12.81,28880778,13.08
2015/04/21,12.81,13.68,12.81,13.58,26261154,13.39
2015/04/22,13.66,13.89,13.44,13.63,25219578,13.70
2015/04/23,13.60,14.08,13.53,13.73,25559119,13.91
2015/04/24,13.51,13.63,13.03,13.27,22173577,13.39
2015/04/27,13.28,13.63,12.93,13.13,18277016,13.35
2015/04/28,13.11,13.28,12.44,12.55,18544904,12.85
2015/04/29,12.41,13.00,12.32,12.84,16082909,12.87
2015/04/30,12.85,13.58,12.85,13.26,22117636,13.43
2015/05/04,13.32,14.01,13.18,13.62,24945152,13.78
2015/05/05,13.51,13.76,13.23,13.35,17481248,13.52
2015/05/06,13.45,13.92,12.97,13.09,22400328,13.69
2015/05/07,13.03,13.28,12.46,12.64,14251772,12.90
2015/05/08,12.91,13.80,12.80,13.74,24368498,13.28
2015/05/11,13.90,14.79,13.90,14.55,32096787,14.54
2015/05/12,14.75,14.88,14.04,14.52,28437149,14.54
2015/05/13,14.04,14.73,13.93,14.43,29191119,14.39
2015/05/14,14.63,15.88,14.63,15.88,39254273,15.72
2015/05/15,16.32,16.32,15.33,15.62,34961699,15.85
2015/05/18,16.32,16.32,15.33,15.62,0,15.83
2015/05/19,17.19,17.19,17.19,17.19,2864857,17.26
2015/05/20,18.13,18.88,16.93,17.11,41504891,18.07
2015/05/21,16.93,17.86,16.59,17.78,30235720,17.46
2015/05/22,17.73,18.19,16.96,17.41,29092495,17.51
2015/05/25,17.13,17.93,16.44,17.58,29069878,17.49
2015/05/26,17.93,19.15,17.48,18.58,30470200,18.53
2015/05/27,19.03,19.15,17.93,18.28,26988162,18.35
2015/05/28,18.36,18.36,16.45,16.45,32651047,17.60
2015/05/29,16.12,16.74,14.98,16.09,27431318,16.09
2015/06/01,16.23,17.51,16.23,17.46,22331874,17.19
2015/06/02,17.53,18.47,17.43,18.28,27379148,18.09
2015/06/03,18.19,18.72,17.43,17.91,26657384,18.14
2015/06/04,17.65,17.89,16.11,17.04,25314302,16.99
2015/06/05,17.28,18.03,16.83,17.76,30836762,17.57
2015/06/08,17.93,18.10,16.87,17.23,25344793,17.42
2015/06/09,17.44,17.80,17.09,17.31,20489792,17.54
2015/06/10,17.26,18.14,16.91,17.88,31113895,17.79
2015/06/11,17.94,18.50,17.81,18.09,29915883,18.19
2015/06/12,18.19,18.93,17.71,18.90,41090689,18.39
2015/06/15,18.89,19.83,18.63,19.09,37666443,19.40
2015/06/16,18.43,18.82,17.17,17.17,33539072,17.66
2015/06/17,16.93,17.57,16.13,17.51,22826563,16.98
2015/06/18,17.33,17.53,15.96,16.09,18043174,16.96
2015/06/19,15.87,15.87,14.47,14.47,24313478,15.03
2015/06/23,14.49,14.92,13.02,14.38,20154612,14.04
2015/06/24,14.62,15.02,14.29,14.72,19750047,14.70
2015/06/25,14.97,14.97,13.41,13.58,15699121,14.41
2015/06/26,13.08,13.08,12.22,12.22,19166666,12.60
2015/06/29,12.43,12.72,10.99,10.99,20741170,11.54
2015/06/30,10.68,12.01,9.92,11.96,29262213,10.92
2015/07/01,11.93,12.48,10.76,10.78,26637494,11.62
2015/07/02,11.11,11.41,9.92,10.13,29127807,10.87
2015/07/03,10.13,10.95,9.14,9.93,27055810,10.04
2015/07/06,10.93,10.93,9.13,9.97,29609605,10.21
2015/07/07,9.33,9.82,8.97,8.97,29863183,9.23
2015/07/08,8.07,9.87,8.07,9.83,68322895,9.04
2015/07/09,9.83,10.82,9.43,10.82,33776790,10.48
2015/07/10,11.52,11.91,11.15,11.91,15047540,11.81
2015/07/13,12.91,13.11,12.51,13.11,35064023,12.99
2015/07/14,13.52,14.12,12.83,13.18,47125069,13.53
2015/07/15,12.63,13.04,11.86,11.86,27378463,12.32
2015/07/16,11.26,12.96,11.11,12.72,28289358,12.49
2015/07/17,12.78,13.82,12.78,13.60,24776902,13.45
2015/07/20,13.83,14.31,13.12,13.72,31758877,13.82
2015/07/21,13.43,14.18,13.17,13.99,25807192,13.97
2015/07/22,13.91,14.13,13.37,13.91,22553308,13.85
2015/07/23,14.09,14.40,13.71,14.22,29125734,14.12
2015/07/24,14.21,14.86,13.81,13.89,31379182,14.52
2015/07/27,13.73,14.58,12.63,12.83,42457639,14.06
2015/07/28,12.08,13.92,12.08,13.63,38460862,13.18
2015/07/29,13.70,14.66,13.07,14.54,31474460,13.84
2015/07/30,14.23,15.07,13.63,13.92,37032378,14.74
2015/07/31,13.64,14.23,13.01,13.60,22001764,13.89
2015/08/03,13.36,13.58,12.23,12.24,24135846,12.79
2015/08/04,12.26,13.38,12.03,13.38,22551511,12.75
2015/08/05,13.23,13.66,12.83,13.03,20233576,13.34
2015/08/06,12.71,13.49,12.44,13.20,17335765,12.99
2015/08/07,13.43,13.81,13.24,13.72,18843202,13.68
2015/08/10,13.85,14.67,13.84,14.45,24739202,14.38
2015/08/11,14.48,14.81,14.26,14.38,24395806,14.63
2015/08/12,14.12,14.66,13.96,14.01,18690444,14.39
2015/08/13,13.88,14.60,13.76,14.58,20350062,14.20
2015/08/14,14.81,14.91,14.09,14.21,19469981,14.57
2015/08/17,14.26,14.81,14.03,14.78,23492033,14.61
2015/08/18,14.71,14.71,13.30,13.30,23413442,14.12
2015/08/19,12.86,13.61,11.99,13.41,24266143,12.85
2015/08/20,13.03,14.03,12.76,12.98,22802923,13.41
2015/08/21,12.93,13.15,12.04,12.21,19194232,12.71
2015/08/24,11.54,12.03,10.98,10.98,13947309,11.22
2015/08/25,9.88,10.32,9.88,9.88,20484188,10.03
2015/08/26,10.03,10.42,9.38,9.43,18019280,10.02
2015/08/27,9.93,10.12,9.38,10.10,15008415,9.91
2015/08/28,10.33,10.88,10.11,10.74,18246769,10.53
2015/08/31,10.63,10.63,10.18,10.19,12420123,10.43
2015/09/01,10.14,10.19,9.16,9.16,13091312,9.54
2015/09/02,8.66,9.62,8.53,8.58,12659914,8.98
2015/09/07,8.91,9.32,8.85,8.97,10204944,9.15
2015/09/08,8.93,9.87,8.89,9.78,11484777,9.33
2015/09/09,9.94,10.38,9.84,10.32,18184994,10.19
2015/09/10,10.14,10.27,9.91,9.95,9779963,10.17
2015/09/11,9.86,10.13,9.79,10.01,8284310,10.04
2015/09/14,10.13,10.15,9.00,9.00,12394090,9.45
2015/09/15,8.83,9.09,8.13,8.20,9450473,8.66
2015/09/16,8.25,9.03,8.25,9.03,9874484,8.71
2015/09/17,9.03,9.44,8.90,8.93,12905476,9.24
2015/09/18,9.11,9.31,8.93,9.21,8279066,9.16
2015/09/21,8.98,9.70,8.95,9.62,9658901,9.46
2015/09/22,9.67,9.88,8.93,9.64,12685556,9.71
2015/09/23,9.41,9.90,9.40,9.71,13310781,9.77
2015/09/24,9.83,10.05,9.75,9.89,10803890,9.97
2015/09/25,9.73,9.89,9.21,9.34,8792144,9.62
2015/09/28,9.43,9.79,9.26,9.76,8139793,9.65
2015/09/29,9.62,10.74,9.47,10.27,27431281,10.31
2015/09/30,10.25,10.40,9.91,10.11,16117326,10.20
2015/10/08,10.53,11.12,10.34,10.82,19787260,10.87
2015/10/09,10.83,11.13,10.53,11.12,16778603,10.90
2015/10/12,11.21,11.87,11.03,11.70,18463574,11.60
2015/10/13,11.83,12.42,11.73,12.36,20491905,12.12
2015/10/14,12.70,13.60,12.63,12.94,42075057,13.20
2015/10/15,12.55,13.13,12.55,13.11,26062976,12.90
2015/10/16,13.23,13.23,12.65,12.89,20420646,12.99
2015/10/19,12.84,13.08,12.37,12.68,18780088,12.80
2015/10/20,12.61,13.08,12.46,12.92,19995114,12.93
2015/10/21,12.97,12.97,11.62,11.62,26523204,12.30
2015/10/22,11.67,12.31,11.65,12.23,22042051,12.13
2015/10/23,12.58,13.05,12.44,12.76,28003764,12.84
2015/10/26,13.05,13.70,12.83,13.39,32191518,13.38
2015/10/27,13.35,13.68,12.70,13.53,25696914,13.28
2015/10/28,13.57,13.87,12.95,13.11,21254316,13.48
2015/10/29,13.20,13.33,12.84,13.03,16184048,13.18
2015/10/30,13.01,13.17,12.69,12.83,16610525,13.00
2015/11/02,12.43,12.93,12.33,12.46,14152099,12.70
2015/11/03,12.63,12.68,12.37,12.48,11313322,12.59
2015/11/04,12.66,13.73,12.59,13.65,26093495,13.14
2015/11/05,13.53,14.01,13.24,13.81,31994656,13.72
2015/11/06,13.73,14.48,13.70,14.15,27157628,14.33
2015/11/09,14.00,14.47,13.76,14.27,24848615,14.21
2015/11/10,14.14,14.45,13.79,13.96,20839379,14.16
2015/11/11,13.94,14.72,13.79,14.52,25868115,14.39
2015/11/12,14.70,14.92,13.83,14.03,29937685,14.31
2015/11/13,13.84,14.28,13.73,13.89,20536219,14.06
2015/11/16,13.53,14.31,13.45,14.24,20710467,14.02
2015/11/17,14.36,14.49,13.58,13.69,30867710,14.06
2015/11/18,13.66,13.78,13.11,13.14,19589290,13.52
2015/11/19,13.22,13.64,13.12,13.58,15181057,13.46
2015/11/20,13.68,14.01,13.58,13.87,18370102,13.87
2015/11/23,13.81,14.08,13.37,13.47,19185957,13.81
2015/11/24,13.39,13.88,13.19,13.84,15811932,13.66
2015/11/25,13.82,14.62,13.73,14.46,29835343,14.33
2015/11/26,14.55,14.64,14.08,14.11,20184404,14.34
2015/11/27,14.12,14.60,12.89,13.30,26668286,14.00
2015/11/30,13.49,14.64,13.11,14.64,41425136,14.05
2015/12/01,14.80,15.43,14.45,14.59,43393729,15.10
2015/12/02,14.35,14.78,13.21,14.13,27756384,14.04
2015/12/03,13.96,15.23,13.96,14.93,32235993,14.80
2015/12/04,14.83,15.44,14.74,15.16,36508755,15.16
2015/12/07,15.30,15.80,14.96,15.20,29352663,15.47
2015/12/08,15.00,15.00,14.43,14.56,25404768,14.73
2015/12/09,14.44,14.87,14.18,14.44,18928480,14.57
2015/12/10,14.49,14.75,14.14,14.24,17059262,14.49
2015/12/11,14.21,14.36,13.73,13.76,18069898,13.99
2015/12/14,13.72,14.16,13.48,14.09,15393160,13.88
2015/12/15,14.03,14.33,13.73,13.89,17810057,14.09
2015/12/16,13.93,14.12,13.79,13.93,14693126,14.03
2015/12/17,14.04,15.00,14.04,14.92,28076920,14.73
2015/12/18,14.77,14.92,14.44,14.79,20414442,14.75
2015/12/21,14.81,15.01,14.68,14.90,16070507,14.92
2015/12/22,15.03,15.34,14.83,15.06,17463786,15.16
2015/12/23,15.08,15.12,14.58,14.60,19169631,14.84
2015/12/24,14.52,14.62,14.12,14.43,13220276,14.41
2015/12/25,14.44,14.95,14.44,14.63,14467396,14.80
2015/12/28,14.81,15.18,14.30,14.33,23003319,14.90
2015/12/29,14.23,14.68,14.03,14.67,16539980,14.46
2015/12/30,14.88,15.08,14.64,14.85,15702366,14.92
2015/12/31,14.83,15.20,14.43,14.50,22164037,14.95
2016/01/04,14.51,14.61,13.04,13.04,17275057,13.85
2016/01/05,12.53,13.13,12.08,12.75,18989005,12.78
2016/01/06,12.94,13.25,12.73,13.22,15227893,13.07
2016/01/07,12.91,12.91,11.89,11.89,5103166,12.39
2016/01/08,12.37,12.52,11.59,12.14,17312770,12.28
2016/01/11,11.75,12.28,11.11,11.12,16037060,11.82
2016/01/12,11.28,11.59,11.14,11.45,12250698,11.46
2016/01/13,11.66,11.79,11.01,11.05,11677091,11.59
2016/01/14,10.73,12.16,10.71,12.05,16492702,11.56
2016/01/15,11.92,12.13,11.46,11.72,13797675,11.89
2016/01/18,11.70,12.32,11.59,12.09,13884086,12.15
2016/01/19,12.08,12.68,11.91,12.59,17188341,12.41
2016/01/20,12.35,12.71,12.27,12.47,13953368,12.55
2016/01/21,12.34,12.73,11.69,11.71,19095960,12.42
2016/01/22,11.93,12.11,11.37,12.10,14166802,11.88
2016/01/25,12.28,12.49,12.10,12.41,10917365,12.39
2016/01/26,12.15,12.32,11.16,11.18,14206788,11.77
2016/01/27,11.23,11.32,10.38,11.04,14821834,10.90
2016/01/28,11.35,11.59,10.84,10.93,15746424,11.34
2016/01/29,10.83,11.76,10.58,11.58,14517530,11.40
2016/02/01,11.87,12.05,11.49,11.81,13935105,11.86
2016/02/02,11.73,12.28,11.73,12.17,13174931,12.22
2016/02/03,11.91,12.28,11.82,12.18,11162044,12.10
2016/02/04,12.24,12.38,12.08,12.25,11400851,12.32
2016/02/05,12.32,12.35,12.11,12.13,6320856,12.29
2016/02/15,11.54,12.16,11.54,12.09,8827266,11.97
2016/02/16,12.27,12.61,12.21,12.53,12746903,12.51
2016/02/17,12.52,12.88,12.32,12.73,13073183,12.63
2016/02/18,12.81,13.13,12.68,12.80,15993515,12.97
2016/02/19,12.84,13.36,12.83,13.34,17332968,13.20
2016/02/22,13.55,13.66,13.27,13.37,17625173,13.52
2016/02/23,14.03,14.52,13.85,14.10,48401843,14.20
2016/02/24,14.03,15.43,13.99,15.04,48772201,14.66
2016/02/25,14.96,15.21,13.68,13.91,48381807,14.49
2016/02/26,14.28,14.43,13.44,13.93,38993624,14.08
2016/02/29,13.76,13.88,12.53,12.72,35670632,13.08
2016/03/01,12.71,14.00,12.55,13.83,42063854,13.40
2016/03/02,13.76,14.51,13.57,14.37,44279405,14.12
2016/03/03,14.23,14.81,14.15,14.38,32614611,14.53
2016/03/04,14.25,14.34,13.29,13.65,35331421,13.89
2016/03/07,13.80,15.02,13.79,14.63,40231711,14.66
2016/03/08,14.62,14.88,13.78,14.80,39437641,14.33
2016/03/09,14.37,14.49,13.88,13.99,27599325,14.25
2016/03/10,14.03,14.31,13.69,13.75,19528253,14.04
2016/03/11,13.53,14.02,13.45,13.82,17916977,13.80
2016/03/14,14.11,15.21,14.03,14.95,44954259,14.86
2016/03/15,14.78,15.21,14.63,14.82,32716991,14.96
2016/03/16,15.01,15.21,14.13,14.27,34596317,14.63
2016/03/17,14.41,15.70,14.34,15.70,40977580,15.44
2016/03/18,16.78,16.82,15.88,16.34,78020909,16.35
2016/03/21,16.55,17.51,16.11,16.88,61164174,16.96
2016/03/22,16.60,17.47,16.53,16.85,40537640,17.02
2016/03/23,16.91,17.48,16.53,17.31,40933908,17.12
2016/03/24,16.93,17.08,16.33,16.45,39447027,16.82
2016/03/25,16.36,17.58,16.24,17.40,42851299,16.94
2016/03/28,17.48,18.11,16.73,16.77,40488791,17.51
2016/03/29,16.73,16.93,16.23,16.56,26874776,16.63
2016/03/30,16.78,17.17,16.18,17.04,37903588,16.78
2016/03/31,16.82,16.95,16.43,16.61,32003210,16.71
2016/04/01,16.46,16.88,16.23,16.68,26698818,16.61
2016/04/05,16.83,17.87,16.81,17.61,41339035,17.42
2016/04/06,17.38,17.68,17.01,17.38,31146894,17.42
2016/04/07,17.38,17.43,16.71,16.74,27859266,17.06
2016/04/08,16.53,17.15,16.45,16.79,25280692,16.87
2016/04/11,17.43,17.93,17.21,17.29,37003579,17.59
2016/04/12,17.23,18.43,16.90,18.43,50845301,17.77
2016/04/13,18.27,19.00,18.21,18.21,41596047,18.58
2016/04/14,18.26,18.72,18.16,18.33,22392214,18.46
2016/04/15,18.23,18.43,17.83,18.02,22605776,18.09
2016/04/18,17.82,18.21,17.70,18.08,21725231,18.03
2016/04/19,18.15,18.29,17.50,17.71,24708185,17.83
2016/04/20,17.73,17.88,15.93,16.05,49590104,16.65
2016/04/21,15.99,16.21,15.43,15.63,25230591,16.00
2016/04/22,15.66,16.11,15.65,15.95,17851487,15.97
2016/04/25,16.01,16.28,15.49,16.18,20060830,16.03
2016/04/26,16.16,16.79,16.15,16.75,24303691,16.58
2016/04/27,16.73,16.81,16.14,16.22,27447934,16.55
2016/04/28,16.23,16.44,15.76,16.41,20483267,16.20
2016/04/29,16.23,16.44,15.76,16.41,0,16.10
2016/05/03,16.23,16.44,15.76,16.41,0,16.10
2016/05/04,16.93,17.88,16.76,17.38,43116001,17.50
2016/05/05,17.18,17.61,17.18,17.46,25890011,17.54
2016/05/06,17.53,17.56,16.02,16.12,37833139,16.83
2016/05/09,16.02,16.55,15.63,16.43,27643213,16.23
2016/05/10,16.30,16.48,15.95,16.17,16843675,16.33
2016/05/11,16.31,16.56,15.98,16.09,18394415,16.36
2016/05/12,15.90,16.88,15.72,16.84,32476631,16.48
2016/05/13,16.78,17.39,16.67,17.18,33360904,17.05
2016/05/16,16.98,17.72,16.86,17.62,34780738,17.42
2016/05/17,17.62,18.38,17.32,17.40,36265689,17.88
2016/05/18,17.33,17.60,16.80,17.22,27678160,17.11
2016/05/19,17.31,18.07,17.16,17.55,30639851,17.69
2016/05/20,17.25,17.53,16.88,17.51,24609373,17.22
2016/05/23,17.53,18.18,17.52,18.15,35898910,17.95
2016/05/24,18.00,18.25,17.53,17.75,24070952,17.78
2016/05/25,17.95,18.43,17.70,17.80,37472210,18.05
2016/05/26,17.72,17.82,17.01,17.79,31366166,17.39
2016/05/27,17.61,17.75,17.01,17.01,23989946,17.40
2016/05/30,16.84,16.99,16.55,16.62,21992379,16.77
2016/05/31,16.58,17.48,16.58,17.45,26337615,17.21
2016/06/01,17.45,18.14,17.31,17.87,35152781,17.82
2016/06/02,17.83,18.17,17.65,18.00,27449083,17.93
2016/06/03,18.10,18.72,17.93,18.37,45647984,18.35
2016/06/06,18.45,18.76,18.06,18.40,32591823,18.36
2016/06/07,18.57,18.60,18.23,18.41,22080634,18.42
2016/06/08,18.40,18.40,17.86,18.11,29433497,18.06
2016/06/13,17.80,18.07,16.74,16.80,29656070,17.58
2016/06/14,16.74,16.95,16.52,16.95,22854088,16.77
2016/06/15,16.70,17.75,16.65,17.51,26237800,17.38
2016/06/16,17.51,17.83,17.20,17.22,20402242,17.47
2016/06/17,17.23,18.13,17.23,17.70,30179324,17.79
2016/06/20,17.80,18.10,17.64,17.97,21668562,17.88
2016/06/21,18.13,18.20,17.15,17.29,26571453,17.68
2016/06/22,17.25,17.70,17.05,17.65,18908646,17.35
2016/06/23,17.65,17.65,17.02,17.23,17611000,17.28
2016/06/24,17.26,17.44,16.32,16.90,25058759,16.94
2016/06/27,16.82,17.37,16.80,17.32,15115740,17.17
2016/06/28,17.22,18.11,17.15,18.09,37975180,17.81
2016/06/29,18.18,18.23,17.81,18.10,28036538,17.99
2016/06/30,18.11,19.09,18.01,18.86,54917605,18.63
2016/07/01,18.68,18.99,18.37,18.48,29607778,18.64
2016/07/04,18.45,19.89,18.33,19.55,48779086,19.26
2016/07/05,19.50,19.82,19.28,19.63,30614380,19.51
2016/07/06,19.57,19.60,19.17,19.31,22943482,19.37
2016/07/07,19.25,19.60,18.77,19.22,30264402,19.15
2016/07/08,19.12,20.23,19.06,19.81,36371967,19.77
2016/07/11,19.71,19.98,19.19,19.34,26158456,19.62
2016/07/12,19.33,19.70,18.88,19.52,23857791,19.28
2016/07/13,19.55,20.49,19.42,20.30,34573894,19.93
2016/07/14,19.71,19.79,19.14,19.24,54295596,19.44
2016/07/15,19.18,19.36,19.00,19.10,19418024,19.16
2016/07/18,19.02,19.68,19.01,19.26,21225904,19.40
2016/07/19,19.22,19.44,19.10,19.33,12794576,19.25
2016/07/20,19.34,19.41,19.10,19.13,11694588,19.21
2016/07/21,19.16,19.89,19.16,19.70,29978843,19.61
2016/07/22,19.70,19.90,19.51,19.53,20092915,19.68
2016/07/25,19.50,19.50,18.71,18.85,26336863,19.05
2016/07/26,18.85,19.14,18.77,19.06,11764800,18.99
2016/07/27,19.04,19.12,17.52,18.02,26122700,18.34
2016/07/28,18.03,18.16,17.50,17.89,15204200,17.87
2016/07/29,17.89,18.24,17.88,18.02,11123488,18.05
2016/08/01,17.76,17.88,17.25,17.65,11889225,17.53
2016/08/02,17.60,17.86,17.54,17.75,7468296,17.70
2016/08/03,17.66,17.96,17.66,17.76,8735580,17.79
2016/08/04,17.78,17.89,17.55,17.86,9812018,17.72
2016/08/05,17.77,17.78,17.26,17.28,16490080,17.48
2016/08/08,17.09,17.50,16.91,17.37,9984628,17.26
2016/08/09,17.09,17.50,16.91,17.37,0,17.21
