Date, SZ300119.Open, SZ300119.High, SZ300119.Low, SZ300119.Close, SZ300119.Volume, SZ300119.Adjusted
2010/09/17,13.69,14.69,13.59,14.50,12062645,14.14
2010/09/20,14.13,14.25,12.97,12.97,6182679,13.61
2010/09/21,12.60,12.91,11.96,12.06,3614296,12.44
2010/09/27,12.20,12.34,11.88,12.18,1775625,12.11
2010/09/28,12.05,12.29,11.55,11.56,2145682,11.92
2010/09/29,11.55,11.74,11.29,11.34,1466785,11.51
2010/09/30,11.37,11.81,11.34,11.68,1773375,11.58
2010/10/08,11.78,11.99,11.57,11.85,1696008,11.78
2010/10/11,11.80,11.80,11.31,11.55,1975063,11.56
2010/10/12,11.44,11.70,11.36,11.37,1127645,11.53
2010/10/13,11.41,11.66,11.31,11.66,1286069,11.49
2010/10/14,11.71,11.81,11.51,11.58,1130266,11.66
2010/10/15,11.56,11.72,10.79,10.95,2116162,11.25
2010/10/18,10.99,10.99,10.57,10.71,1113369,10.78
2010/10/19,10.72,11.49,10.72,11.27,1478954,11.11
2010/10/20,11.03,11.50,11.02,11.34,1284624,11.26
2010/10/21,11.41,11.60,11.31,11.55,774788,11.46
2010/10/22,11.57,11.80,11.49,11.53,1005025,11.65
2010/10/25,11.55,11.91,11.55,11.79,1164034,11.73
2010/10/26,11.76,11.81,11.33,11.51,1095841,11.57
2010/10/27,11.75,11.93,11.53,11.57,1100080,11.73
2010/10/28,11.59,12.28,11.59,12.12,1689831,11.93
2010/10/29,12.12,12.49,11.99,12.24,1380084,12.24
2010/11/01,12.42,12.81,12.32,12.71,1347897,12.57
2010/11/02,12.71,12.71,12.24,12.32,1375907,12.48
2010/11/03,12.22,12.24,11.89,11.90,1132707,12.07
2010/11/04,11.95,12.11,11.88,12.11,655167,12.00
2010/11/05,12.11,12.23,12.07,12.12,649040,12.15
2010/11/08,12.23,12.72,12.15,12.51,1026639,12.44
2010/11/09,12.63,13.05,12.36,13.05,1161983,12.71
2010/11/10,12.97,13.53,12.86,13.10,1157088,13.19
2010/11/11,13.11,13.55,12.92,12.96,1381934,13.24
2010/11/12,12.78,13.23,12.24,12.30,1358901,12.74
2010/11/15,12.46,13.61,12.34,13.61,1724638,12.97
2010/11/16,13.61,13.99,12.83,13.19,1698945,13.41
2010/11/17,13.03,13.72,12.96,13.16,1387264,13.34
2010/11/18,13.25,13.42,12.91,13.22,693653,13.17
2010/11/19,13.30,14.01,13.25,13.95,1284367,13.63
2010/11/22,13.88,14.44,13.61,13.84,1525406,14.02
2010/11/23,13.71,14.27,13.59,14.15,1150755,13.93
2010/11/24,14.01,14.40,14.01,14.17,1105636,14.21
2010/11/25,14.25,14.36,13.79,14.02,1009888,14.07
2010/11/26,13.96,14.30,13.88,14.20,777724,14.09
2010/11/29,14.34,14.84,14.23,14.69,1264133,14.54
2010/11/30,14.69,14.75,13.63,14.31,1240109,14.19
2010/12/01,14.12,14.23,13.80,14.06,634213,14.02
2010/12/02,14.19,14.26,13.85,13.86,530937,14.05
2010/12/03,13.85,13.95,13.30,13.38,997333,13.63
2010/12/06,13.38,13.44,12.95,13.19,573689,13.19
2010/12/07,13.11,13.54,13.11,13.53,432493,13.32
2010/12/08,13.49,13.64,13.32,13.36,369999,13.48
2010/12/09,13.25,13.61,13.20,13.20,348486,13.40
2010/12/10,13.20,13.57,13.05,13.53,359427,13.31
2010/12/13,13.54,14.05,13.54,13.90,705694,13.79
2010/12/14,13.92,14.17,13.81,13.93,413066,13.99
2010/12/15,13.98,14.01,13.57,13.65,725239,13.79
2010/12/16,13.55,13.88,13.55,13.76,425078,13.72
2010/12/17,13.78,13.86,13.48,13.77,1675883,13.67
2010/12/20,13.78,14.03,13.38,13.71,1416036,13.71
2010/12/21,13.88,14.26,13.78,14.09,1456962,14.02
2010/12/22,14.01,14.09,13.78,13.86,655372,13.93
2010/12/23,13.88,13.88,13.34,13.36,843324,13.61
2010/12/24,13.28,13.28,12.71,12.82,865931,13.00
2010/12/27,12.87,12.98,12.26,12.26,715122,12.62
2010/12/28,12.20,12.43,11.97,12.31,653514,12.20
2010/12/29,12.35,12.68,12.32,12.54,408080,12.50
2010/12/30,12.49,12.63,12.38,12.52,278573,12.51
2010/12/31,12.57,12.85,11.73,12.82,497611,12.29
2011/01/04,12.91,13.10,12.72,12.94,534527,12.91
2011/01/05,12.91,13.10,12.72,12.94,0,12.91
2011/01/06,12.94,12.94,12.37,12.39,592588,12.65
2011/01/07,12.39,12.52,12.16,12.20,485922,12.34
2011/01/10,12.11,12.39,11.99,12.03,471833,12.19
2011/01/11,12.03,12.07,11.76,11.90,383344,11.92
2011/01/12,11.95,12.27,11.95,12.14,363193,12.11
2011/01/13,12.14,12.43,12.14,12.28,237505,12.29
2011/01/14,12.24,12.26,11.91,11.91,245931,12.08
2011/01/17,11.77,11.92,11.54,11.56,310206,11.73
2011/01/18,11.53,11.76,11.47,11.63,283123,11.62
2011/01/19,11.73,11.83,11.57,11.81,203710,11.70
2011/01/20,11.86,11.86,11.33,11.33,297609,11.59
2011/01/21,11.33,11.55,11.31,11.46,202932,11.43
2011/01/24,11.44,11.55,10.89,10.89,371130,11.22
2011/01/25,11.02,11.02,10.73,10.97,393687,10.88
2011/01/26,10.96,11.12,10.90,11.06,331779,11.01
2011/01/27,11.01,11.28,10.84,11.28,389409,11.06
2011/01/28,11.22,11.43,11.15,11.33,655549,11.29
2011/01/31,11.31,11.37,11.20,11.33,310432,11.28
2011/02/01,11.34,11.41,11.31,11.36,280483,11.36
2011/02/09,11.28,11.62,11.16,11.44,343800,11.39
2011/02/10,11.43,11.85,11.32,11.85,471308,11.58
2011/02/11,11.79,11.98,11.77,11.88,372018,11.88
2011/02/14,11.99,12.10,11.84,12.04,450382,11.97
2011/02/15,12.08,12.08,11.97,11.97,377697,12.03
2011/02/16,11.97,12.24,11.87,12.24,444539,12.05
2011/02/17,12.18,12.45,12.16,12.33,504666,12.30
2011/02/18,12.34,12.34,11.88,12.01,563509,12.11
2011/02/21,11.95,12.18,11.91,12.18,512888,12.04
2011/02/22,12.15,12.37,11.85,11.85,522743,12.11
2011/02/23,11.95,12.27,11.88,12.22,757167,12.08
2011/02/24,12.27,12.27,11.76,11.99,645971,12.01
2011/02/25,12.00,12.06,11.18,11.41,1199866,11.62
2011/02/28,11.47,11.54,11.18,11.54,508013,11.36
2011/03/01,11.49,11.53,11.33,11.47,675328,11.43
2011/03/02,11.37,11.44,11.20,11.36,423383,11.32
2011/03/03,11.36,11.44,11.23,11.26,379730,11.33
2011/03/04,11.18,11.60,11.12,11.60,515336,11.36
2011/03/07,12.24,12.76,12.10,12.19,2302190,12.43
2011/03/08,12.10,12.43,12.00,12.26,904208,12.21
2011/03/09,12.26,12.64,12.26,12.49,1119499,12.45
2011/03/10,12.53,12.70,12.39,12.47,1049724,12.54
2011/03/11,12.45,13.11,12.38,12.97,1717694,12.75
2011/03/14,12.92,13.22,12.74,13.11,1033103,12.98
2011/03/15,13.11,13.11,12.49,12.65,1478070,12.80
2011/03/16,12.64,12.70,12.49,12.59,831147,12.59
2011/03/17,12.42,12.42,12.09,12.15,786654,12.25
2011/03/18,12.20,12.42,12.20,12.31,369658,12.31
2011/03/21,12.30,12.39,12.20,12.25,266035,12.29
2011/03/22,12.31,12.31,11.99,12.05,347179,12.15
2011/03/23,12.04,12.24,11.97,12.23,342529,12.11
2011/03/24,12.24,12.35,12.15,12.26,324909,12.25
2011/03/25,12.29,12.42,12.22,12.32,335462,12.32
2011/03/28,12.32,12.38,12.11,12.11,537455,12.25
2011/03/29,12.11,12.11,11.49,11.53,668615,11.80
2011/03/30,11.47,11.68,11.37,11.49,354806,11.52
2011/03/31,11.64,11.64,11.35,11.36,224966,11.50
2011/04/01,11.38,11.66,11.38,11.66,300274,11.52
2011/04/06,11.66,11.66,11.28,11.46,397342,11.47
2011/04/07,11.49,11.65,11.45,11.56,252129,11.55
2011/04/08,11.49,11.65,11.45,11.56,0,11.55
2011/04/11,11.73,11.73,11.30,11.32,454466,11.52
2011/04/12,11.28,11.40,11.28,11.37,228052,11.34
2011/04/13,11.37,11.61,11.28,11.58,334716,11.44
2011/04/14,11.54,11.56,11.38,11.55,273219,11.47
2011/04/15,11.76,11.78,11.54,11.77,472010,11.66
2011/04/18,11.77,11.77,11.58,11.61,317078,11.67
2011/04/19,11.50,11.50,10.80,11.00,872958,11.15
2011/04/20,11.04,11.23,10.81,11.20,500590,11.02
2011/04/21,11.20,11.28,11.03,11.17,486700,11.15
2011/04/22,11.22,11.34,11.15,11.22,777860,11.25
2011/04/25,10.97,10.97,10.04,10.04,1729361,10.50
2011/04/26,9.83,10.04,9.64,10.02,811569,9.84
2011/04/27,10.01,10.01,9.47,9.59,709787,9.74
2011/04/28,9.64,9.67,8.86,8.93,1507170,9.26
2011/04/29,8.93,9.05,8.81,8.91,632006,8.93
2011/05/03,8.91,9.20,8.67,9.09,663170,8.93
2011/05/04,9.06,9.13,8.75,8.75,438220,8.94
2011/05/05,8.74,8.86,8.67,8.77,364091,8.76
2011/05/06,8.74,8.86,8.67,8.77,0,8.76
2011/05/09,8.78,9.03,8.78,8.87,629983,8.90
2011/05/10,8.90,8.90,8.72,8.77,393366,8.81
2011/05/11,8.77,8.86,8.60,8.71,495386,8.73
2011/05/12,8.65,8.65,8.18,8.21,1144497,8.42
2011/05/13,8.17,8.42,8.17,8.39,605881,8.29
2011/05/16,8.39,8.54,8.22,8.38,804761,8.38
2011/05/17,8.38,8.65,8.24,8.54,857046,8.45
2011/05/18,8.48,8.58,8.48,8.54,233441,8.53
2011/05/19,8.54,8.57,8.34,8.34,263068,8.46
2011/05/20,8.34,8.41,8.23,8.31,445923,8.32
2011/05/23,8.25,8.30,7.85,7.85,721468,8.08
2011/05/24,7.85,8.28,7.52,8.13,974636,7.90
2011/05/25,8.09,8.09,7.70,7.79,424459,7.90
2011/05/26,7.94,7.94,7.71,7.82,317247,7.83
2011/05/27,7.86,7.89,7.62,7.73,399902,7.75
2011/05/30,7.71,7.95,7.59,7.79,642643,7.77
2011/05/31,7.79,7.92,7.76,7.92,343612,7.84
2011/06/01,7.92,8.00,7.85,7.98,405821,7.92
2011/06/02,7.86,7.87,7.64,7.74,383593,7.75
2011/06/03,7.74,7.89,7.74,7.86,350093,7.81
2011/06/07,7.78,7.95,7.78,7.88,293779,7.87
2011/06/08,7.73,7.93,7.73,7.78,346538,7.83
2011/06/09,7.75,7.81,7.59,7.64,380337,7.70
2011/06/10,7.65,7.65,7.36,7.48,450502,7.51
2011/06/13,7.44,7.63,7.22,7.55,423048,7.42
2011/06/14,7.48,7.62,7.48,7.57,390862,7.55
2011/06/15,7.57,7.57,7.44,7.46,265039,7.51
2011/06/16,7.42,7.42,7.18,7.20,307471,7.30
2011/06/17,7.30,7.30,7.13,7.13,286006,7.21
2011/06/20,7.14,7.14,6.97,7.01,363566,7.05
2011/06/21,7.01,7.12,6.97,7.10,263559,7.04
2011/06/22,7.09,7.14,7.05,7.05,203400,7.09
2011/06/23,7.03,7.31,6.98,7.28,466255,7.15
2011/06/24,7.22,7.58,7.22,7.51,758322,7.40
2011/06/27,7.55,7.83,7.52,7.70,853781,7.67
2011/06/28,7.71,7.78,7.64,7.74,444458,7.71
2011/06/29,7.71,7.80,7.52,7.53,651283,7.66
2011/06/30,7.52,7.69,7.52,7.65,379361,7.60
2011/07/01,7.73,7.88,7.63,7.74,766548,7.75
2011/07/04,7.76,7.98,7.74,7.97,690745,7.86
2011/07/05,7.98,8.06,7.91,8.00,677989,7.99
2011/07/06,8.01,8.20,7.98,8.12,963081,8.09
2011/07/07,8.17,8.32,8.02,8.17,1061345,8.17
2011/07/08,8.16,8.20,8.01,8.09,488974,8.10
2011/07/11,8.09,8.09,7.92,8.06,529858,8.00
2011/07/12,8.02,8.38,7.96,8.22,1184359,8.17
2011/07/13,8.24,8.43,8.15,8.35,769086,8.29
2011/07/14,8.35,8.75,8.35,8.75,1513928,8.55
2011/07/15,8.71,9.67,8.69,9.55,3350359,9.18
2011/07/18,9.56,10.56,9.55,10.56,5819641,10.06
2011/07/19,10.40,10.40,9.98,10.02,2971473,10.19
2011/07/20,10.06,10.14,9.71,9.83,2187206,9.93
2011/07/21,9.74,9.79,9.47,9.55,1612643,9.63
2011/07/22,9.64,10.52,9.55,10.24,3421863,10.04
2011/07/25,10.21,10.21,9.45,9.45,1967613,9.83
2011/07/26,9.40,9.74,9.01,9.70,1772000,9.38
2011/07/27,9.54,10.06,9.40,9.84,1450466,9.73
2011/07/28,9.72,9.75,9.45,9.67,1032201,9.60
2011/07/29,9.56,9.81,9.25,9.28,1187874,9.53
2011/08/01,9.28,10.02,9.21,9.91,2164729,9.62
2011/08/02,9.75,9.82,9.30,9.65,1630254,9.56
2011/08/03,9.44,9.97,9.38,9.71,1275920,9.68
2011/08/04,9.73,9.98,9.50,9.57,1006712,9.74
2011/08/05,9.19,9.48,9.06,9.17,1145314,9.27
2011/08/08,9.04,9.04,8.32,8.48,1365254,8.68
2011/08/09,8.25,8.61,7.74,8.49,1524975,8.17
2011/08/10,8.62,8.85,8.44,8.58,1080520,8.64
2011/08/11,8.32,8.84,8.24,8.79,1281619,8.54
2011/08/12,8.84,9.11,8.79,8.84,1331342,8.95
2011/08/15,8.80,9.27,8.75,9.26,1386697,9.01
2011/08/16,9.21,9.47,9.00,9.03,1269131,9.24
2011/08/17,9.03,9.16,8.86,8.98,647766,9.01
2011/08/18,8.98,9.04,8.62,8.63,721044,8.83
2011/08/19,8.40,8.59,8.33,8.54,727778,8.46
2011/08/22,8.54,8.72,8.40,8.52,543450,8.56
2011/08/23,8.54,8.92,8.50,8.92,928299,8.71
2011/08/24,8.98,9.87,8.98,9.87,6450903,9.42
2011/08/25,9.86,9.87,9.28,9.64,4919616,9.57
2011/08/26,9.64,9.91,9.48,9.74,2859353,9.70
2011/08/29,9.64,9.91,9.48,9.74,0,9.70
2011/08/30,9.77,9.83,9.23,9.25,2100662,9.53
2011/08/31,9.21,9.31,8.90,9.10,1171810,9.11
2011/09/01,9.13,9.38,9.04,9.21,1044659,9.21
2011/09/02,9.23,9.66,9.23,9.38,1944277,9.45
2011/09/05,9.14,9.14,8.71,8.77,1637021,8.93
2011/09/06,8.60,8.89,8.46,8.52,989358,8.68
2011/09/07,8.63,8.90,8.53,8.87,960122,8.71
2011/09/08,8.91,8.94,8.74,8.78,871968,8.84
2011/09/09,8.78,8.82,8.51,8.54,852290,8.67
2011/09/13,8.29,8.40,8.24,8.31,654618,8.32
2011/09/14,8.32,8.44,7.92,8.21,1095725,8.18
2011/09/15,8.21,8.27,8.11,8.14,778394,8.19
2011/09/16,8.17,8.39,8.15,8.23,956774,8.27
2011/09/19,8.16,8.16,7.85,7.88,796242,8.00
2011/09/20,7.85,8.05,7.85,7.98,415930,7.95
2011/09/21,8.03,8.32,7.87,8.30,723986,8.10
2011/09/22,8.20,8.30,7.92,7.94,608569,8.11
2011/09/23,7.83,8.08,7.55,8.08,578668,7.81
2011/09/26,8.03,8.23,7.84,7.89,385479,8.04
2011/09/27,7.94,8.05,7.87,7.98,281490,7.96
2011/09/28,8.02,8.12,7.83,7.94,331043,7.97
2011/09/29,7.91,7.91,7.61,7.64,370599,7.76
2011/09/30,7.73,7.73,7.48,7.54,249205,7.61
2011/10/10,7.51,7.67,7.50,7.51,170715,7.58
2011/10/11,7.82,7.82,7.36,7.47,352668,7.59
2011/10/12,7.47,7.80,7.30,7.79,580784,7.55
2011/10/13,7.79,8.05,7.75,7.96,748491,7.90
2011/10/14,7.96,8.21,7.96,8.14,758128,8.09
2011/10/17,8.24,8.35,8.01,8.29,1150793,8.18
2011/10/18,8.09,8.13,7.68,7.73,1753549,7.91
2011/10/19,7.74,7.94,7.59,7.82,608370,7.77
2011/10/20,7.78,7.78,7.39,7.47,787857,7.58
2011/10/21,7.51,7.64,7.34,7.37,384748,7.49
2011/10/24,7.36,7.45,7.09,7.34,1086914,7.27
2011/10/25,7.43,7.89,7.29,7.89,3162482,7.59
2011/10/26,7.74,8.05,7.71,7.82,1820089,7.88
2011/10/27,7.96,8.30,7.86,7.90,1979810,8.08
2011/10/28,8.01,8.18,7.88,8.18,1732685,8.03
2011/10/31,8.13,8.43,8.13,8.38,1740389,8.28
2011/11/01,8.28,8.57,8.18,8.41,1436217,8.38
2011/11/02,8.27,8.62,8.15,8.59,1621193,8.38
2011/11/03,8.71,9.29,8.71,8.90,2896513,9.00
2011/11/04,8.90,8.92,8.60,8.60,3389582,8.76
2011/11/07,8.60,8.73,8.57,8.63,1078967,8.65
2011/11/08,8.63,8.63,8.18,8.21,2259926,8.41
2011/11/09,8.22,8.57,8.22,8.57,2113903,8.40
2011/11/10,8.44,8.85,8.40,8.45,2738558,8.63
2011/11/11,8.54,9.02,8.52,8.69,3139040,8.77
2011/11/14,8.80,9.35,8.75,9.31,4256415,9.05
2011/11/15,9.30,9.30,9.04,9.06,5192218,9.17
2011/11/16,9.06,9.15,8.83,8.88,2677588,8.99
2011/11/17,8.87,9.05,8.83,8.86,1794494,8.94
2011/11/18,8.79,8.81,8.47,8.55,2371122,8.64
2011/11/21,8.49,8.59,8.26,8.40,1552648,8.42
2011/11/22,8.29,8.50,8.26,8.41,1452823,8.38
2011/11/23,8.47,8.52,8.33,8.47,1482030,8.42
2011/11/24,8.35,8.90,8.25,8.90,2871449,8.58
2011/11/25,8.87,9.07,8.63,8.66,2380640,8.85
2011/11/28,8.63,8.97,8.63,8.93,2421493,8.80
2011/11/29,9.06,9.10,8.82,8.98,3087127,8.96
2011/11/30,8.96,9.04,8.32,8.38,1875627,8.68
2011/12/01,8.69,8.86,8.48,8.59,1947057,8.67
2011/12/02,8.48,8.51,8.23,8.23,1503740,8.37
2011/12/05,8.16,8.23,7.83,7.84,1213958,8.03
2011/12/06,7.82,7.97,7.74,7.91,587665,7.85
2011/12/07,7.82,7.97,7.74,7.91,0,7.85
2011/12/08,7.92,8.10,7.78,7.97,817705,7.94
2011/12/09,7.90,8.00,7.80,7.81,436688,7.90
2011/12/12,7.81,8.02,7.77,7.80,402335,7.89
2011/12/13,7.78,7.82,7.34,7.47,858005,7.58
2011/12/14,7.42,7.51,7.13,7.32,772052,7.32
2011/12/15,7.21,7.38,7.17,7.27,863339,7.27
2011/12/16,7.35,7.57,7.26,7.56,881940,7.42
2011/12/19,7.48,7.88,7.47,7.87,1468639,7.67
2011/12/20,7.87,7.94,7.76,7.78,624505,7.85
2011/12/21,7.89,8.08,7.70,7.70,1401559,7.89
2011/12/22,7.65,7.65,7.18,7.40,1649599,7.42
2011/12/23,7.39,7.55,7.32,7.51,971590,7.44
2011/12/26,7.45,7.55,7.36,7.44,532029,7.46
2011/12/27,7.44,7.44,7.14,7.29,563296,7.29
2011/12/28,7.13,7.25,6.66,6.94,1190827,6.96
2011/12/29,6.80,6.93,6.75,6.82,773048,6.84
2011/12/30,6.93,6.95,6.83,6.86,473385,6.89
2012/01/04,7.03,7.03,6.82,6.86,561978,6.93
2012/01/05,6.93,6.95,6.44,6.49,618590,6.70
2012/01/06,6.56,6.74,6.37,6.65,621046,6.56
2012/01/09,6.65,6.89,6.46,6.88,596527,6.67
2012/01/10,6.81,7.17,6.81,7.10,902113,6.99
2012/01/11,7.13,7.23,7.00,7.12,686871,7.12
2012/01/12,7.06,7.17,6.89,6.93,832088,7.03
2012/01/13,6.97,6.97,6.55,6.56,781059,6.76
2012/01/16,6.44,6.54,6.31,6.31,505600,6.42
2012/01/17,6.35,6.64,6.05,6.60,937677,6.34
2012/01/18,6.60,6.64,6.24,6.28,766649,6.44
2012/01/19,6.20,6.55,6.20,6.51,720858,6.38
2012/01/20,6.20,6.55,6.20,6.51,0,6.38
2012/01/30,6.54,6.79,6.54,6.66,721884,6.67
2012/01/31,6.74,7.06,6.66,6.93,1213295,6.86
2012/02/01,6.86,7.24,6.85,7.05,1142598,7.04
2012/02/02,6.99,7.22,6.94,7.14,756164,7.08
2012/02/03,7.12,7.18,7.01,7.16,710595,7.09
2012/02/06,7.18,7.28,7.10,7.16,642914,7.19
2012/02/07,7.07,7.20,6.86,6.93,655035,7.03
2012/02/08,6.91,7.28,6.91,7.23,971216,7.10
2012/02/09,7.24,7.33,7.17,7.24,783035,7.25
2012/02/10,7.27,7.34,7.20,7.26,449300,7.27
2012/02/13,7.24,7.51,7.15,7.44,863322,7.33
2012/02/14,7.42,7.53,7.36,7.44,675416,7.45
2012/02/15,7.40,7.49,7.25,7.47,559553,7.37
2012/02/16,7.47,7.51,7.27,7.34,896358,7.39
2012/02/17,7.35,7.49,7.32,7.46,931385,7.41
2012/02/20,7.51,7.80,7.48,7.69,1734404,7.64
2012/02/21,7.71,7.78,7.55,7.75,960607,7.67
2012/02/22,7.76,8.00,7.68,8.00,1503152,7.84
2012/02/23,8.00,8.07,7.83,7.88,1052491,7.95
2012/02/24,7.82,8.07,7.82,8.07,990421,7.95
2012/02/27,8.09,8.21,7.94,7.94,1360610,8.08
2012/02/28,7.91,8.00,7.77,7.83,760564,7.88
2012/02/29,7.83,7.89,7.63,7.64,559166,7.76
2012/03/01,7.64,7.80,7.60,7.74,419723,7.70
2012/03/02,7.74,7.93,7.74,7.93,703420,7.83
2012/03/05,8.01,8.05,7.87,7.87,632913,7.96
2012/03/06,7.83,7.85,7.64,7.67,649304,7.74
2012/03/07,7.61,7.79,7.58,7.71,699902,7.69
2012/03/08,7.76,8.21,7.71,8.20,1968353,7.96
2012/03/09,8.11,8.39,8.07,8.34,1980017,8.23
2012/03/12,8.38,8.46,8.30,8.44,1267429,8.38
2012/03/13,8.44,8.44,8.25,8.38,979067,8.34
2012/03/14,8.39,8.54,7.90,7.93,1572312,8.22
2012/03/15,7.95,8.15,7.90,7.98,1577788,8.03
2012/03/16,8.01,8.40,7.99,8.39,1203929,8.20
2012/03/19,8.43,8.61,8.42,8.60,1485414,8.51
2012/03/20,8.54,8.59,8.15,8.16,1052247,8.37
2012/03/21,8.28,8.35,8.10,8.20,642140,8.22
2012/03/22,8.17,8.55,8.13,8.55,1316459,8.34
2012/03/23,8.49,8.66,8.36,8.44,935030,8.51
2012/03/26,8.49,8.66,8.36,8.44,0,8.51
2012/03/27,8.49,8.52,8.21,8.25,543767,8.37
2012/03/28,8.24,8.24,7.53,7.57,1279656,7.89
2012/03/29,7.59,7.68,7.38,7.51,710870,7.53
2012/03/30,7.53,7.59,7.11,7.17,907952,7.35
2012/04/05,7.13,7.50,7.13,7.49,766859,7.31
2012/04/06,7.49,7.66,7.46,7.61,424204,7.56
2012/04/09,7.59,7.74,7.47,7.54,667926,7.60
2012/04/10,7.51,7.79,7.49,7.78,755182,7.64
2012/04/11,7.71,7.89,7.66,7.78,251876,7.77
2012/04/12,7.82,7.86,7.67,7.85,487627,7.77
2012/04/13,7.88,7.93,7.74,7.89,399872,7.83
2012/04/16,7.86,8.00,7.86,7.92,536597,7.93
2012/04/17,7.92,7.92,7.71,7.71,732200,7.81
2012/04/18,7.71,7.93,7.71,7.90,330001,7.82
2012/04/19,8.04,8.09,7.96,7.99,455899,8.02
2012/04/20,8.04,8.09,7.96,7.99,0,8.02
2012/04/23,8.00,8.10,7.73,7.86,803594,7.92
2012/04/24,7.86,7.86,7.51,7.67,411484,7.69
2012/04/25,7.70,7.80,7.53,7.77,284338,7.67
2012/04/26,7.77,8.01,7.71,7.90,288914,7.86
2012/04/27,7.90,8.08,7.86,8.01,354070,7.97
2012/05/02,8.08,8.36,8.07,8.34,1052115,8.21
2012/05/03,8.35,8.44,8.14,8.25,815474,8.29
2012/05/04,8.18,8.45,8.05,8.40,919675,8.25
2012/05/07,8.36,8.50,8.26,8.34,877893,8.38
2012/05/08,8.33,8.48,8.29,8.29,1115019,8.38
2012/05/09,8.26,8.29,7.94,7.97,615556,8.11
2012/05/10,7.95,8.19,7.95,8.02,452729,8.07
2012/05/11,8.02,8.18,7.98,8.02,257078,8.08
2012/05/14,8.08,8.19,8.01,8.02,403314,8.10
2012/05/15,7.95,8.13,7.80,8.10,401228,7.97
2012/05/16,8.10,8.12,7.95,7.98,304415,8.03
2012/05/17,7.99,8.12,7.89,8.02,435475,8.00
2012/05/18,8.03,8.05,7.80,7.82,332653,7.93
2012/05/21,7.67,7.94,7.67,7.87,322130,7.81
2012/05/22,7.85,8.07,7.84,7.97,197245,7.96
2012/05/23,7.97,8.05,7.87,7.97,161271,7.96
2012/05/24,7.94,8.03,7.85,7.86,266651,7.94
2012/05/25,7.86,7.90,7.60,7.65,357008,7.75
2012/05/28,7.62,7.80,7.62,7.75,276577,7.71
2012/05/29,7.73,7.98,7.70,7.88,486771,7.84
2012/05/30,7.95,8.04,7.88,8.00,467770,7.96
2012/05/31,7.95,8.02,7.84,7.94,589617,7.93
2012/06/01,7.93,8.00,7.75,7.80,393227,7.88
2012/06/04,7.73,7.78,7.63,7.68,638050,7.71
2012/06/05,7.66,7.78,7.55,7.75,580316,7.67
2012/06/06,7.68,7.74,7.53,7.60,503719,7.64
2012/06/07,7.65,7.68,7.48,7.49,801860,7.58
2012/06/08,7.56,7.58,7.32,7.35,610715,7.45
2012/06/11,7.35,7.52,7.30,7.48,272361,7.41
2012/06/12,7.45,7.53,7.41,7.41,409628,7.47
2012/06/13,7.43,7.57,7.39,7.57,460133,7.48
2012/06/14,7.53,7.78,7.53,7.63,685313,7.66
2012/06/15,7.75,7.89,7.67,7.80,833452,7.78
2012/06/18,7.92,7.94,7.79,7.84,543179,7.87
2012/06/19,7.88,8.09,7.78,7.97,1037583,7.94
2012/06/20,7.95,7.99,7.71,7.76,749473,7.85
2012/06/21,7.79,7.79,7.46,7.50,505638,7.63
2012/06/25,7.57,7.57,7.39,7.39,381863,7.48
2012/06/26,7.33,7.42,7.23,7.35,332679,7.33
2012/06/27,7.39,7.78,7.32,7.67,848099,7.55
2012/06/28,7.55,8.38,7.55,7.68,1286240,7.97
2012/06/29,7.59,7.84,7.59,7.75,776182,7.71
2012/07/02,7.76,8.00,7.76,8.00,1222395,7.88
2012/07/03,8.00,8.22,7.98,8.08,1438629,8.10
2012/07/04,8.08,8.18,8.00,8.06,854288,8.09
2012/07/05,8.05,8.05,7.80,7.89,576053,7.93
2012/07/06,7.86,8.18,7.86,8.16,707558,8.02
2012/07/09,8.16,8.30,7.88,8.03,703331,8.09
2012/07/10,8.02,8.03,7.86,7.92,441205,7.94
2012/07/11,7.95,8.21,7.89,8.18,873782,8.05
2012/07/12,8.18,8.39,8.09,8.35,1268346,8.24
2012/07/13,8.36,8.53,8.26,8.40,1113172,8.39
2012/07/16,8.40,8.47,7.93,8.19,1067781,8.20
2012/07/17,8.05,8.12,7.94,8.03,633630,8.03
2012/07/18,7.96,8.29,7.91,8.28,766836,8.10
2012/07/19,8.25,8.71,8.25,8.68,2227593,8.48
2012/07/20,8.57,8.76,8.47,8.52,1060984,8.62
2012/07/23,8.49,8.70,8.34,8.58,774396,8.52
2012/07/24,8.50,8.83,8.38,8.80,1149179,8.61
2012/07/25,8.78,8.84,8.51,8.58,616535,8.67
2012/07/26,8.58,8.68,8.41,8.45,910828,8.54
2012/07/27,8.46,8.53,8.06,8.17,1059499,8.29
2012/07/30,8.06,8.20,7.89,7.92,565188,8.04
2012/07/31,7.92,8.17,7.80,8.01,595891,7.98
2012/08/01,8.05,8.23,7.96,8.17,426247,8.10
2012/08/02,8.22,8.30,8.06,8.15,275762,8.18
2012/08/03,8.17,8.35,8.08,8.34,776965,8.21
2012/08/06,8.24,8.54,8.21,8.53,703349,8.38
2012/08/07,8.52,8.65,8.45,8.58,647153,8.55
2012/08/08,8.58,8.71,8.50,8.56,577365,8.61
2012/08/09,8.60,8.68,8.51,8.65,669223,8.59
2012/08/10,8.70,8.70,8.50,8.56,1182257,8.60
2012/08/13,8.60,8.62,8.43,8.44,449779,8.52
2012/08/14,8.45,8.63,8.29,8.63,687990,8.46
2012/08/15,8.65,8.87,8.58,8.73,1142622,8.72
2012/08/16,8.66,8.74,8.50,8.50,503377,8.62
2012/08/17,8.41,8.53,8.35,8.49,258343,8.44
2012/08/20,8.49,8.57,8.29,8.56,291146,8.43
2012/08/21,8.56,8.86,8.53,8.81,942046,8.69
2012/08/22,8.86,8.86,8.65,8.69,425922,8.75
2012/08/23,8.73,8.79,8.56,8.69,350129,8.67
2012/08/24,8.66,8.73,8.49,8.50,472914,8.61
2012/08/27,8.49,8.65,8.28,8.60,969382,8.46
2012/08/28,8.59,8.65,8.36,8.50,689164,8.50
2012/08/29,8.57,8.98,8.43,8.86,1337261,8.71
2012/08/30,8.85,8.94,8.36,8.53,1006107,8.65
2012/08/31,8.56,8.56,8.31,8.34,538841,8.44
2012/09/03,8.33,8.50,8.29,8.49,312896,8.39
2012/09/04,8.50,8.54,8.24,8.25,718420,8.39
2012/09/05,8.24,8.46,8.20,8.30,276595,8.33
2012/09/06,8.32,8.48,8.31,8.41,299498,8.40
2012/09/07,8.50,8.73,8.44,8.67,640728,8.58
2012/09/10,8.70,8.77,8.60,8.72,541573,8.68
2012/09/11,8.71,8.79,8.60,8.75,491153,8.69
2012/09/12,8.85,9.46,8.85,9.21,2211483,9.16
2012/09/13,9.15,9.38,8.97,8.97,2228997,9.18
2012/09/14,8.98,9.16,8.80,8.91,1045873,8.98
2012/09/17,8.86,8.96,8.65,8.65,640085,8.81
2012/09/18,8.70,8.75,8.58,8.65,353095,8.67
2012/09/19,8.68,8.92,8.51,8.90,655848,8.71
2012/09/20,8.83,8.85,8.14,8.25,858918,8.50
2012/09/21,8.25,8.34,7.98,8.02,592748,8.16
2012/09/24,8.00,8.28,7.85,8.14,513654,8.06
2012/09/25,8.06,8.31,8.06,8.31,438805,8.19
2012/09/26,8.28,8.34,7.88,7.90,542690,8.11
2012/09/27,7.93,8.09,7.88,8.02,523500,7.98
2012/09/28,7.98,8.19,7.93,8.11,237520,8.06
2012/10/08,8.19,8.19,8.00,8.08,182157,8.09
2012/10/09,8.01,8.43,8.01,8.40,429791,8.22
2012/10/10,8.40,8.50,8.32,8.48,393232,8.41
2012/10/11,8.48,8.62,8.33,8.35,418075,8.47
2012/10/12,8.35,8.54,8.19,8.52,365369,8.36
2012/10/15,8.30,8.33,7.80,7.95,1502448,8.06
2012/10/16,7.94,8.00,7.79,7.88,1016830,7.90
2012/10/17,7.88,8.03,7.78,7.96,957850,7.90
2012/10/18,8.02,8.23,7.94,8.23,522458,8.09
2012/10/19,8.17,8.23,7.98,8.13,756480,8.11
2012/10/22,8.04,8.09,7.97,8.04,590655,8.03
2012/10/23,7.99,8.10,7.97,7.98,298849,8.03
2012/10/24,7.97,8.03,7.91,7.95,158898,7.97
2012/10/25,7.95,7.95,7.85,7.85,333626,7.90
2012/10/26,7.83,7.89,7.70,7.80,855572,7.79
2012/10/29,7.80,7.93,7.76,7.88,1094646,7.84
2012/10/30,7.88,7.97,7.83,7.84,634861,7.90
2012/10/31,7.84,7.97,7.84,7.95,493704,7.90
2012/11/01,7.99,8.12,7.98,8.10,687305,8.05
2012/11/02,8.13,8.15,7.97,8.07,996751,8.06
2012/11/05,8.11,8.18,8.02,8.06,412707,8.10
2012/11/06,8.09,8.15,7.91,8.06,382379,8.03
2012/11/07,8.05,8.20,8.04,8.05,517589,8.12
2012/11/08,8.07,8.07,7.79,7.79,445807,7.93
2012/11/09,7.89,7.89,7.68,7.69,564220,7.78
2012/11/12,7.70,7.70,7.46,7.63,800430,7.58
2012/11/13,7.62,7.66,7.53,7.65,178806,7.60
2012/11/14,7.65,7.70,7.60,7.69,142804,7.65
2012/11/15,7.46,7.67,7.45,7.54,343309,7.56
2012/11/16,7.55,7.60,7.48,7.60,321123,7.54
2012/11/19,7.55,7.65,7.38,7.43,365791,7.52
2012/11/20,7.44,7.51,7.38,7.38,422040,7.44
2012/11/21,7.48,7.53,7.39,7.52,376247,7.46
2012/11/22,7.44,7.55,7.42,7.43,118330,7.48
2012/11/23,7.47,7.68,7.39,7.66,306187,7.53
2012/11/26,7.61,7.72,7.57,7.61,353789,7.65
2012/11/27,7.56,7.67,7.40,7.43,293050,7.54
2012/11/28,7.39,7.47,7.33,7.35,115829,7.40
2012/11/29,7.39,7.46,7.30,7.39,139569,7.38
2012/11/30,7.39,7.55,7.31,7.55,308863,7.43
2012/12/03,7.50,7.81,7.47,7.73,468603,7.64
2012/12/04,7.71,7.78,7.59,7.76,330317,7.69
2012/12/05,7.91,8.05,7.90,7.95,694480,7.98
2012/12/06,7.90,7.95,7.82,7.87,228445,7.89
2012/12/07,7.73,8.18,7.73,8.15,749429,7.96
2012/12/10,8.15,8.20,8.01,8.17,341715,8.10
2012/12/11,8.08,8.34,7.98,8.18,437491,8.16
2012/12/12,8.14,8.24,7.95,8.15,341875,8.10
2012/12/13,8.19,8.20,8.00,8.12,302840,8.10
2012/12/14,8.12,8.42,8.04,8.39,1043500,8.23
2012/12/17,8.39,8.39,8.25,8.28,469325,8.32
2012/12/18,8.25,8.70,8.25,8.30,442411,8.47
2012/12/19,8.27,8.35,8.25,8.35,255818,8.30
2012/12/20,8.25,8.48,8.18,8.40,419233,8.33
2012/12/21,8.40,8.53,8.33,8.37,338705,8.43
2012/12/24,8.47,8.66,8.30,8.65,669352,8.48
2012/12/25,8.52,8.96,8.52,8.83,803435,8.74
2012/12/26,8.77,8.99,8.76,8.91,703403,8.88
2012/12/27,8.92,9.04,8.74,9.02,793162,8.89
2012/12/28,9.00,9.06,8.86,9.02,605275,8.96
2012/12/31,9.03,9.06,8.96,9.01,691842,9.01
2013/01/04,9.04,9.04,8.56,8.84,901522,8.80
2013/01/07,8.88,9.20,8.81,8.97,879120,9.00
2013/01/08,8.93,9.05,8.82,8.97,1011211,8.94
2013/01/09,8.97,9.07,8.88,8.92,436014,8.98
2013/01/10,8.90,9.20,8.89,9.05,956080,9.04
2013/01/11,8.95,9.14,8.81,8.81,594441,8.98
2013/01/14,8.81,9.19,8.73,9.18,727113,8.96
2013/01/15,9.19,9.39,9.07,9.30,1260067,9.23
2013/01/16,9.30,9.55,9.28,9.52,1462934,9.42
2013/01/17,9.52,9.55,9.38,9.53,1162600,9.47
2013/01/18,9.46,9.81,9.22,9.70,879937,9.52
2013/01/21,9.74,10.06,9.71,9.93,1108558,9.89
2013/01/22,9.92,10.20,9.60,9.76,1173545,9.90
2013/01/23,9.71,10.00,9.71,9.99,651740,9.86
2013/01/24,10.04,10.21,9.50,9.66,910104,9.86
2013/01/25,9.63,9.74,9.51,9.56,473016,9.63
2013/01/28,9.60,10.05,9.60,9.91,597940,9.83
2013/01/29,9.94,9.94,9.60,9.84,1174992,9.77
2013/01/30,9.85,9.85,9.60,9.65,796519,9.72
2013/01/31,9.64,9.65,9.33,9.40,1327306,9.49
2013/02/01,9.49,9.73,9.46,9.70,1023460,9.60
2013/02/04,9.85,9.90,9.52,9.52,544430,9.71
2013/02/05,9.56,10.06,9.30,9.74,505670,9.68
2013/02/06,9.74,9.91,9.71,9.78,540920,9.81
2013/02/07,9.83,10.31,9.71,10.30,950344,10.01
2013/02/08,10.30,10.57,10.24,10.37,808261,10.41
2013/02/18,10.50,10.60,10.39,10.51,592922,10.50
2013/02/19,10.47,10.54,10.22,10.30,563452,10.38
2013/02/20,10.44,10.91,10.44,10.90,947398,10.67
2013/02/21,10.86,11.56,10.81,10.97,2582156,11.19
2013/02/22,11.05,11.24,10.87,11.07,745213,11.05
2013/02/25,10.96,11.74,10.81,11.66,1591338,11.28
2013/02/26,11.51,11.74,11.20,11.30,1386410,11.47
2013/02/27,11.29,11.29,10.71,10.95,1277787,11.00
2013/02/28,11.02,11.18,10.91,11.13,1064576,11.04
2013/03/01,11.00,11.21,10.74,11.17,2697191,10.98
2013/03/04,11.17,11.19,10.65,10.66,1122786,10.92
2013/03/05,10.72,11.19,10.67,11.15,855677,10.93
2013/03/06,11.18,11.52,11.15,11.33,1202038,11.33
2013/03/07,11.28,11.33,10.58,10.81,1877022,10.96
2013/03/08,10.71,10.86,10.69,10.73,658687,10.77
2013/03/11,10.69,11.22,10.39,11.18,2000916,10.81
2013/03/12,11.06,11.21,10.54,10.84,2032095,10.88
2013/03/13,10.77,10.85,10.35,10.61,970237,10.60
2013/03/14,10.46,10.71,10.46,10.57,731738,10.59
2013/03/15,10.66,10.94,10.49,10.90,1228765,10.71
2013/03/18,10.86,11.06,10.49,10.78,1303976,10.78
2013/03/19,10.76,10.92,10.68,10.89,691681,10.80
2013/03/20,10.89,11.22,10.81,11.19,841348,11.02
2013/03/21,11.21,11.56,11.17,11.29,1112403,11.37
2013/03/22,11.20,11.45,10.98,11.24,759010,11.21
2013/03/25,11.25,11.32,10.97,11.08,612474,11.15
2013/03/26,11.04,11.06,10.66,10.83,571946,10.86
2013/03/27,10.82,11.02,10.74,10.91,625894,10.88
2013/03/28,10.91,10.91,10.54,10.60,490139,10.72
2013/03/29,10.62,10.74,10.41,10.56,426324,10.58
2013/04/01,10.86,11.09,10.56,10.61,991070,10.83
2013/04/02,10.58,10.76,10.15,10.20,969919,10.46
2013/04/03,10.24,10.67,10.18,10.36,1038315,10.42
2013/04/08,10.81,11.31,10.49,10.96,2836415,10.90
2013/04/09,10.91,11.04,10.60,10.80,1299153,10.82
2013/04/10,10.77,10.77,10.28,10.42,1490554,10.52
2013/04/11,10.42,10.46,10.15,10.24,976648,10.31
2013/04/12,10.22,10.46,10.16,10.35,596992,10.31
2013/04/15,10.30,10.34,9.43,9.59,1837845,9.88
2013/04/16,9.48,9.48,9.11,9.45,1120446,9.29
2013/04/17,9.45,9.61,9.37,9.58,970919,9.49
2013/04/18,9.63,9.91,9.51,9.91,944562,9.71
2013/04/19,9.95,10.06,9.82,10.01,809644,9.94
2013/04/22,9.99,10.15,9.81,10.02,651708,9.98
2013/04/23,10.11,10.11,9.46,9.52,795212,9.79
2013/04/24,9.55,9.91,9.52,9.78,668302,9.71
2013/04/25,9.81,10.03,9.65,9.95,994788,9.84
2013/04/26,9.87,9.99,9.66,9.78,467548,9.83
2013/05/02,9.75,9.96,9.55,9.92,298064,9.76
2013/05/03,9.91,10.26,9.91,10.06,652609,10.08
2013/05/06,10.18,10.34,10.18,10.23,676754,10.26
2013/05/07,10.23,10.30,9.99,10.05,575254,10.15
2013/05/08,10.00,10.38,10.00,10.38,1163202,10.19
2013/05/09,10.49,10.94,10.49,10.79,1636180,10.71
2013/05/10,10.85,11.09,10.70,11.05,1592039,10.89
2013/05/13,11.05,11.15,10.84,10.94,1577209,11.00
2013/05/14,10.94,10.94,10.44,10.61,1319859,10.69
2013/05/15,10.61,10.81,10.54,10.76,926224,10.67
2013/05/16,10.73,11.11,10.64,10.88,3083037,10.88
2013/05/17,10.74,10.98,10.69,10.92,1339540,10.83
2013/05/20,10.98,11.27,10.83,11.18,1666438,11.05
2013/05/21,11.18,11.54,11.18,11.39,1509337,11.36
2013/05/22,11.38,11.44,10.94,11.17,1406314,11.19
2013/05/23,11.15,11.17,10.94,10.96,850720,11.05
2013/05/24,10.94,11.16,10.91,11.16,1082544,11.04
2013/05/27,11.19,11.63,11.19,11.52,2157728,11.41
2013/05/28,11.40,11.54,11.04,11.07,1491836,11.29
2013/05/29,11.09,11.18,10.93,11.09,1109321,11.05
2013/05/30,11.04,11.15,10.95,11.15,1097172,11.05
2013/05/31,11.15,11.50,11.06,11.35,1370826,11.28
2013/06/03,11.34,11.43,10.86,10.88,2035345,11.14
2013/06/04,10.75,10.94,10.55,10.69,954959,10.75
2013/06/05,10.69,11.18,10.68,11.07,1746375,10.93
2013/06/06,10.70,11.88,10.70,11.61,3022764,11.29
2013/06/07,11.59,12.24,11.40,12.19,4805560,11.82
2013/06/13,12.09,12.56,11.61,12.30,3815296,12.08
2013/06/14,12.20,12.59,11.95,12.25,2524909,12.27
2013/06/17,12.25,12.32,11.76,12.10,2181751,12.04
2013/06/18,12.09,12.09,11.44,11.76,1818553,11.76
2013/06/19,11.73,11.95,11.54,11.94,1474927,11.74
2013/06/20,11.95,11.95,11.24,11.28,1532122,11.59
2013/06/21,11.19,11.19,10.75,10.98,1134583,10.97
2013/06/24,11.01,11.14,9.85,10.17,1306473,10.50
2013/06/25,9.93,10.49,9.72,10.42,1949806,10.11
2013/06/26,10.44,11.13,10.43,10.94,1889049,10.78
2013/06/27,11.08,11.17,10.18,10.21,1972847,10.67
2013/06/28,10.16,10.32,9.87,10.20,1071978,10.09
2013/07/01,10.20,10.66,10.18,10.59,784718,10.42
2013/07/02,10.68,10.89,10.59,10.89,1072774,10.74
2013/07/03,10.73,10.89,10.44,10.84,1122424,10.67
2013/07/04,10.78,10.92,10.60,10.71,892365,10.76
2013/07/05,10.72,11.08,10.61,10.90,1420123,10.84
2013/07/08,10.69,10.73,10.19,10.28,959521,10.46
2013/07/09,10.28,10.31,9.91,9.98,1223574,10.11
2013/07/10,10.03,10.27,9.91,10.27,1057602,10.09
2013/07/11,10.17,10.55,10.09,10.40,883215,10.32
2013/07/12,10.53,10.79,10.40,10.59,1563646,10.59
2013/07/15,10.25,10.99,10.25,10.96,1878449,10.62
2013/07/16,10.84,11.03,10.70,10.96,1530802,10.86
2013/07/17,10.92,11.08,10.79,10.85,1585469,10.93
2013/07/18,10.69,11.00,10.69,10.74,882278,10.84
2013/07/19,10.78,11.17,10.73,11.04,1604243,10.95
2013/07/22,11.03,11.73,10.97,11.64,2065387,11.35
2013/07/23,11.59,11.69,11.38,11.66,1554251,11.54
2013/07/24,11.67,11.78,11.45,11.65,1012743,11.61
2013/07/25,11.76,11.92,11.14,11.14,1083512,11.53
2013/07/26,11.14,11.36,10.79,11.04,756776,11.07
2013/07/29,11.07,11.17,10.69,11.02,886009,10.93
2013/07/30,10.98,11.16,10.80,10.90,749106,10.98
2013/07/31,10.95,11.26,10.91,11.17,977878,11.08
2013/08/01,11.17,11.43,11.10,11.43,896674,11.26
2013/08/02,11.43,11.48,11.09,11.15,1574730,11.29
2013/08/05,11.14,11.74,11.09,11.67,2007149,11.42
2013/08/06,11.67,11.78,11.50,11.68,1024512,11.64
2013/08/07,11.64,11.66,11.07,11.07,1568333,11.37
2013/08/08,10.97,11.42,10.94,11.25,1092086,11.18
2013/08/09,11.23,11.37,10.69,10.95,1823032,11.03
2013/08/12,10.95,11.07,10.74,10.93,683565,10.91
2013/08/13,11.01,11.31,10.83,11.29,1067908,11.07
2013/08/14,11.26,11.53,11.09,11.26,999237,11.31
2013/08/15,11.28,11.42,10.90,10.91,702783,11.16
2013/08/16,10.83,10.92,10.27,10.28,1335669,10.59
2013/08/19,10.33,10.84,10.32,10.76,811363,10.58
2013/08/20,10.76,11.21,10.76,11.12,1246420,10.99
2013/08/21,11.12,11.46,11.05,11.18,1299165,11.26
2013/08/22,11.14,11.41,11.07,11.10,740811,11.24
2013/08/23,11.12,11.28,10.94,11.17,812947,11.11
2013/08/26,11.17,11.39,11.02,11.37,888089,11.21
2013/08/27,11.34,11.43,11.10,11.18,952598,11.26
2013/08/28,11.09,11.16,10.81,10.83,1041572,10.99
2013/08/29,10.83,11.01,10.38,10.53,1846814,10.70
2013/08/30,10.54,10.73,10.41,10.44,1249254,10.57
2013/09/02,10.45,10.68,10.45,10.61,877731,10.56
2013/09/03,10.56,11.04,10.56,10.91,914984,10.80
2013/09/04,10.88,10.98,10.54,10.66,1003889,10.76
2013/09/05,10.66,11.18,10.42,11.03,2566848,10.80
2013/09/06,10.88,10.88,10.64,10.77,1592031,10.76
2013/09/09,10.83,10.86,10.54,10.64,1660145,10.70
2013/09/10,10.69,10.76,10.54,10.62,922909,10.65
2013/09/11,10.55,10.64,10.44,10.56,1312760,10.54
2013/09/12,10.54,11.04,10.54,10.69,2046273,10.79
2013/09/13,10.76,10.92,10.60,10.70,1089172,10.76
2013/09/16,10.69,10.88,10.60,10.72,1065502,10.74
2013/09/17,10.87,11.07,10.69,11.03,1553532,10.88
2013/09/18,10.94,11.34,10.91,11.19,1866382,11.13
2013/09/23,11.20,11.33,11.15,11.27,1367263,11.24
2013/09/24,11.22,11.48,11.10,11.16,1637809,11.29
2013/09/25,11.23,11.39,11.09,11.12,1152382,11.24
2013/09/26,11.12,11.29,11.04,11.18,906008,11.16
2013/09/27,11.11,11.45,11.11,11.38,1287852,11.28
2013/09/30,11.39,11.52,11.28,11.42,925134,11.40
2013/10/08,11.44,11.66,11.44,11.57,1297009,11.55
2013/10/09,11.61,12.29,11.61,12.19,3245089,11.95
2013/10/10,12.19,12.19,11.72,11.83,1852094,11.96
2013/10/11,11.82,12.08,11.19,11.77,1781413,11.63
2013/10/14,11.69,11.74,11.36,11.63,1907520,11.55
2013/10/15,11.51,11.54,11.24,11.51,2393262,11.39
2013/10/16,11.50,11.50,10.70,10.97,2758243,11.10
2013/10/17,11.04,11.09,10.78,10.85,1799828,10.93
2013/10/18,10.93,11.21,10.87,11.14,1545128,11.04
2013/10/21,12.09,12.09,11.31,11.39,2715002,11.70
2013/10/22,11.46,11.84,11.38,11.64,2766633,11.61
2013/10/23,11.62,11.84,11.39,11.63,2237323,11.62
2013/10/24,11.59,12.17,11.49,11.94,2720385,11.83
2013/10/25,11.97,12.80,11.47,12.50,5255903,12.14
2013/10/28,12.44,12.64,12.25,12.52,1965922,12.45
2013/10/29,12.40,12.48,11.56,12.15,2059553,12.02
2013/10/30,11.99,12.29,11.74,12.20,882748,12.01
2013/10/31,12.27,13.19,11.76,12.85,2605677,12.47
2013/11/01,12.80,12.80,12.20,12.22,1596662,12.50
2013/11/04,12.23,12.62,12.09,12.11,1111138,12.35
2013/11/05,12.12,12.23,11.94,12.21,1539433,12.08
2013/11/06,12.18,12.18,11.72,11.92,1631178,11.95
2013/11/07,11.73,12.06,11.63,11.69,1194122,11.85
2013/11/08,11.63,11.71,11.35,11.65,804294,11.53
2013/11/11,11.65,11.84,11.61,11.78,358088,11.72
2013/11/12,11.78,11.89,11.55,11.72,594393,11.72
2013/11/13,11.79,11.83,11.53,11.78,413681,11.68
2013/11/14,11.69,12.16,11.44,12.15,1084864,11.80
2013/11/15,12.14,12.24,12.03,12.18,1049596,12.13
2013/11/18,12.18,12.39,12.15,12.29,1052555,12.27
2013/11/19,12.26,12.45,12.18,12.28,1388897,12.31
2013/11/20,12.29,12.32,11.97,12.09,785703,12.15
2013/11/21,12.09,12.14,11.72,11.84,841237,11.93
2013/11/22,11.83,12.07,11.70,12.04,921328,11.88
2013/11/25,12.04,12.04,11.69,11.82,842877,11.86
2013/11/26,11.91,12.44,11.69,12.44,1798813,12.06
2013/11/27,12.44,12.59,12.30,12.41,1363295,12.45
2013/11/28,12.33,12.81,12.33,12.55,1553637,12.57
2013/11/29,12.55,13.21,12.49,13.19,2478741,12.85
2013/12/02,12.61,12.99,11.99,12.02,2544230,12.49
2013/12/03,11.99,12.69,11.77,12.62,1886229,12.23
2013/12/04,12.54,12.94,12.41,12.41,1428942,12.67
2013/12/05,12.27,12.33,11.68,11.94,2377655,12.00
2013/12/06,11.88,12.01,11.39,11.58,2598506,11.70
2013/12/09,11.58,11.94,11.51,11.92,913524,11.72
2013/12/10,11.87,12.09,11.79,11.93,879931,11.94
2013/12/11,11.94,12.06,11.70,11.94,867174,11.88
2013/12/12,11.95,12.13,11.89,12.01,472279,12.01
2013/12/13,12.04,12.26,12.03,12.14,740674,12.14
2013/12/16,12.16,12.22,11.84,11.91,727496,12.03
2013/12/17,11.91,12.00,11.71,11.90,586109,11.86
2013/12/18,11.87,12.32,11.85,12.27,893514,12.08
2013/12/19,12.28,12.38,12.16,12.17,448267,12.27
2013/12/20,12.12,12.58,12.11,12.46,1396375,12.34
2013/12/23,12.59,12.84,12.20,12.64,1731251,12.52
2013/12/24,12.57,12.71,12.33,12.59,1123933,12.52
2013/12/25,12.71,12.75,12.45,12.69,1604933,12.60
2013/12/26,12.78,12.94,12.58,12.58,1464902,12.76
2013/12/27,12.46,12.56,12.24,12.52,1076621,12.40
2013/12/30,12.51,12.56,12.30,12.33,806556,12.43
2013/12/31,12.29,12.42,12.20,12.40,1154251,12.31
2014/01/02,12.35,12.79,12.19,12.74,1655325,12.49
2014/01/03,12.69,13.04,12.59,12.72,1530125,12.81
2014/01/06,12.69,13.07,12.60,12.87,2189010,12.83
2014/01/07,12.76,13.89,12.71,13.67,4037219,13.30
2014/01/08,13.60,13.97,13.33,13.60,2267620,13.65
2014/01/09,13.52,13.69,13.02,13.02,1443511,13.35
2014/01/10,13.02,13.02,12.45,12.64,1180250,12.73
2014/01/13,12.63,12.85,12.29,12.40,1335438,12.57
2014/01/14,12.52,12.78,12.42,12.78,903355,12.60
2014/01/15,12.78,13.14,12.62,13.13,1282678,12.88
2014/01/16,13.15,13.17,12.70,12.72,863712,12.93
2014/01/17,12.63,12.76,12.13,12.14,1526908,12.45
2014/01/20,12.53,12.77,11.54,11.84,5835086,12.15
2014/01/21,11.76,11.97,11.70,11.96,2360758,11.83
2014/01/22,11.93,12.09,11.93,12.09,2090260,12.01
2014/01/23,12.10,12.25,12.02,12.23,2432605,12.13
2014/01/24,12.18,12.27,12.05,12.19,3024404,12.16
2014/01/27,12.19,12.19,11.84,11.95,2790141,12.01
2014/01/28,11.95,12.09,11.57,11.72,2353481,11.83
2014/01/29,11.77,12.00,11.74,11.94,1821097,11.87
2014/01/30,11.95,12.17,11.90,12.03,1530601,12.04
2014/02/07,11.97,12.41,11.92,12.40,2238541,12.17
2014/02/10,12.47,12.69,12.47,12.59,3159200,12.58
2014/02/11,12.60,12.69,12.50,12.65,2624885,12.59
2014/02/12,12.73,13.17,12.73,13.03,3530545,12.95
2014/02/13,12.94,12.99,12.42,12.43,2649397,12.71
2014/02/14,12.43,12.80,12.43,12.74,2801753,12.62
2014/02/17,12.83,13.10,12.83,12.94,3106747,12.96
2014/02/18,12.94,13.09,12.76,12.83,2731401,12.92
2014/02/19,12.79,12.84,12.48,12.58,2525163,12.66
2014/02/20,12.57,12.57,12.19,12.28,2194287,12.38
2014/02/21,12.24,12.42,12.20,12.34,1671890,12.31
2014/02/24,12.30,12.75,12.15,12.74,2344231,12.45
2014/02/25,12.74,12.92,11.79,11.93,3877903,12.35
2014/02/26,11.84,11.84,11.38,11.53,3265569,11.61
2014/02/27,11.67,11.68,11.03,11.04,2937552,11.35
2014/02/28,11.05,11.51,10.94,11.49,2238878,11.22
2014/03/03,11.48,11.48,11.26,11.46,1729784,11.37
2014/03/04,11.43,11.61,11.29,11.43,1696923,11.45
2014/03/05,11.45,11.59,11.34,11.50,1224117,11.46
2014/03/06,11.56,11.58,11.29,11.39,1707803,11.43
2014/03/07,11.39,11.49,11.03,11.18,1569471,11.26
2014/03/10,11.08,11.08,10.69,10.69,1606143,10.88
2014/03/11,10.66,10.78,10.58,10.75,1618465,10.68
2014/03/12,10.70,10.84,10.31,10.49,1969366,10.58
2014/03/13,10.55,10.91,10.51,10.89,1899142,10.71
2014/03/14,11.09,11.62,10.94,11.27,5266639,11.28
2014/03/17,11.29,11.44,11.09,11.43,3351201,11.26
2014/03/18,11.47,11.53,11.34,11.35,2562894,11.43
2014/03/19,11.29,11.32,11.06,11.11,2071901,11.19
2014/03/20,11.09,11.25,10.79,10.79,1763669,11.02
2014/03/21,10.81,11.01,10.61,10.99,1522391,10.81
2014/03/24,10.94,10.97,10.69,10.78,1351295,10.83
2014/03/25,10.78,10.97,10.71,10.88,1009937,10.84
2014/03/26,10.88,11.04,10.88,10.97,1075527,10.96
2014/03/27,10.96,10.97,10.55,10.59,1476974,10.76
2014/03/28,10.59,10.65,10.15,10.17,2139141,10.40
2014/03/31,10.16,10.28,9.91,9.96,1378005,10.09
2014/04/01,9.98,10.12,9.96,10.08,2036360,10.04
2014/04/02,10.09,10.25,10.05,10.11,1506451,10.15
2014/04/03,10.09,10.23,10.09,10.14,945504,10.16
2014/04/04,10.14,10.30,10.09,10.28,1003342,10.20
2014/04/08,10.23,10.38,10.13,10.35,1034144,10.26
2014/04/09,10.36,10.64,10.36,10.62,1602392,10.50
2014/04/10,10.18,10.27,10.00,10.22,6802808,10.13
2014/04/11,10.10,10.15,10.04,10.06,2971147,10.09
2014/04/14,10.06,10.17,10.02,10.15,1446201,10.09
2014/04/15,10.16,10.17,10.05,10.08,1274197,10.11
2014/04/16,10.14,10.22,10.10,10.13,1646192,10.16
2014/04/17,10.14,10.20,10.13,10.18,1553590,10.17
2014/04/18,10.17,10.26,10.07,10.26,1774417,10.17
2014/04/21,10.26,10.27,10.08,10.09,1579314,10.17
2014/04/22,10.05,10.18,9.65,9.76,2736830,10.07
2014/04/23,9.70,9.85,9.66,9.68,1540378,9.97
2014/04/24,9.70,9.73,9.59,9.68,1905861,9.90
2014/04/25,9.65,9.65,9.09,9.10,3692099,9.62
2014/04/28,8.77,9.18,8.65,8.69,2681575,9.10
2014/04/29,8.69,8.85,8.55,8.75,2410255,8.94
2014/04/30,8.75,8.91,8.75,8.86,1537123,9.09
2014/05/05,8.86,8.92,8.77,8.92,1718390,9.11
2014/05/06,8.92,9.07,8.89,9.04,2205623,9.25
2014/05/07,9.00,9.02,8.77,8.77,1823462,9.14
2014/05/08,8.77,8.97,8.75,8.81,1090127,9.09
2014/05/09,8.85,8.85,8.60,8.64,1511314,8.95
2014/05/12,8.70,8.85,8.70,8.82,1777201,9.05
2014/05/13,8.83,8.89,8.66,8.71,2971639,9.03
2014/05/14,8.75,8.89,8.65,8.82,1967489,9.02
2014/05/15,8.82,8.88,8.65,8.65,1849242,9.00
2014/05/16,8.64,8.74,8.40,8.50,1609072,8.79
2014/05/19,8.53,8.53,8.32,8.39,1348921,8.65
2014/05/20,8.45,8.60,8.41,8.44,1637112,8.76
2014/05/21,8.51,8.53,8.39,8.52,1265283,8.72
2014/05/22,8.55,8.78,8.51,8.64,2914799,8.91
2014/05/23,8.67,8.74,8.59,8.72,1414733,8.91
2014/05/26,8.78,8.85,8.72,8.83,2560507,9.05
2014/05/27,8.82,8.82,8.69,8.74,1817569,8.99
2014/05/28,8.74,8.83,8.62,8.83,3578224,9.00
2014/05/29,8.81,8.87,8.68,8.69,2197869,9.02
2014/05/30,8.65,8.72,8.57,8.64,1543105,8.90
2014/06/03,8.63,8.73,8.62,8.66,1304031,8.93
2014/06/04,8.65,8.65,8.45,8.53,2035412,8.77
2014/06/05,8.49,8.72,8.47,8.72,2085780,8.85
2014/06/06,8.70,8.81,8.65,8.73,2584470,8.98
2014/06/09,8.73,8.87,8.73,8.79,2603830,9.07
2014/06/10,8.82,8.88,8.70,8.88,3209680,9.08
2014/06/11,8.87,9.24,8.83,9.19,6376427,9.33
2014/06/12,9.12,9.18,8.98,9.04,3679189,9.31
2014/06/13,9.06,9.18,9.00,9.09,2926531,9.36
2014/06/16,9.08,9.19,8.99,9.15,2816992,9.37
2014/06/17,9.14,9.16,8.96,8.98,2642593,9.30
2014/06/18,8.99,9.01,8.86,8.89,2239154,9.16
2014/06/19,8.87,8.95,8.53,8.69,2011624,9.04
2014/06/20,8.74,8.86,8.61,8.82,1500293,9.03
2014/06/23,8.80,9.08,8.80,9.01,2448357,9.21
2014/06/24,9.01,9.16,9.00,9.06,2807692,9.35
2014/06/25,9.05,9.11,8.92,9.08,2278415,9.27
2014/06/26,9.05,9.31,9.03,9.19,4290216,9.45
2014/06/27,9.20,9.26,9.13,9.16,2917940,9.42
2014/06/30,9.18,9.59,9.16,9.48,6695157,9.64
2014/07/01,9.46,9.49,9.32,9.46,3283742,9.66
2014/07/02,9.43,9.61,9.41,9.52,3231765,9.76
2014/07/03,9.52,9.99,9.48,9.98,8899618,10.06
2014/07/04,10.00,10.03,9.76,9.88,5754715,10.12
2014/07/07,9.80,9.92,9.61,9.72,4477418,10.00
2014/07/08,9.70,9.83,9.56,9.82,2573402,9.98
2014/07/09,9.77,9.79,9.43,9.43,4200795,9.89
2014/07/10,9.44,9.62,9.44,9.48,2520238,9.77
2014/07/11,9.48,9.62,9.46,9.54,1580407,9.80
2014/07/14,9.40,9.40,9.14,9.24,7345768,9.46
2014/07/15,9.27,9.30,9.18,9.25,3541057,9.48
2014/07/16,9.23,9.38,9.20,9.29,2733076,9.54
2014/07/17,9.29,9.32,9.15,9.24,1638894,9.47
2014/07/18,9.20,9.27,9.12,9.18,1926745,9.44
2014/07/21,9.20,9.23,9.09,9.16,2665759,9.41
2014/07/22,9.17,9.48,9.13,9.44,4615371,9.58
2014/07/23,9.42,9.65,9.30,9.65,6210805,9.74
2014/07/24,9.62,9.64,9.43,9.55,2422349,9.78
2014/07/25,9.54,9.66,9.47,9.63,1906531,9.82
2014/07/28,9.66,10.09,9.59,9.94,6193833,10.16
2014/07/29,9.94,10.02,9.75,9.94,3396015,10.16
2014/07/30,9.90,9.95,9.68,9.82,3256334,10.04
2014/07/31,9.78,9.90,9.69,9.90,2341278,10.07
2014/08/01,9.87,10.91,9.81,10.37,14037183,10.66
2014/08/04,10.30,10.43,10.21,10.42,6508878,10.58
2014/08/05,10.44,10.50,10.25,10.44,4217460,10.61
2014/08/06,10.45,11.05,10.37,10.91,11605957,11.06
2014/08/07,10.92,11.00,10.64,10.81,6226662,11.02
2014/08/08,10.85,10.86,10.69,10.76,3439855,11.02
2014/08/11,10.76,10.90,10.69,10.90,5839941,11.05
2014/08/12,10.95,11.32,10.87,11.13,7994645,11.40
2014/08/13,11.10,11.18,10.79,11.06,5282046,11.19
2014/08/14,11.04,11.22,10.93,11.04,5056072,11.32
2014/08/15,11.00,11.13,10.95,11.03,2615083,11.27
2014/08/18,11.05,11.29,11.03,11.16,3920924,11.40
2014/08/19,11.15,11.21,10.74,10.80,8368238,11.15
2014/08/20,10.81,10.83,10.69,10.73,3869292,11.00
2014/08/21,10.71,10.81,10.59,10.77,3273943,10.94
2014/08/22,10.70,10.84,10.68,10.71,3845180,10.99
2014/08/25,10.70,10.70,10.20,10.25,8467762,10.62
2014/08/26,10.24,10.29,9.85,10.01,5073024,10.29
2014/08/27,10.01,10.18,10.01,10.15,2117180,10.36
2014/08/28,10.16,10.17,9.90,9.95,2124033,10.30
2014/08/29,9.96,10.20,9.96,10.20,1875030,10.37
2014/09/01,10.27,10.40,10.21,10.40,2664022,10.59
2014/09/02,10.38,10.71,10.38,10.60,5578494,10.77
2014/09/03,10.58,10.64,10.40,10.52,5513242,10.76
2014/09/04,10.51,10.58,10.37,10.58,6055156,10.74
2014/09/05,10.62,10.63,10.45,10.60,5071902,10.78
2014/09/09,10.63,10.65,10.49,10.58,4645633,10.81
2014/09/10,10.55,10.84,10.44,10.83,8000808,10.90
2014/09/11,10.83,11.10,10.68,10.70,13083931,11.12
2014/09/12,10.73,10.89,10.68,10.85,5675480,11.06
2014/09/15,10.86,10.99,10.82,10.96,6708429,11.16
2014/09/16,10.96,10.97,10.32,10.36,8804617,10.91
2014/09/17,10.34,10.47,10.20,10.42,4680693,10.59
2014/09/18,10.41,10.50,10.34,10.41,4366409,10.66
2014/09/19,10.46,10.54,10.33,10.54,5068587,10.69
2014/09/22,10.51,10.52,10.37,10.42,4025408,10.68
2014/09/23,10.42,10.54,10.38,10.52,3897781,10.71
2014/09/24,10.52,10.75,10.45,10.71,5704196,10.91
2014/09/25,10.74,10.83,10.66,10.69,5351483,11.01
2014/09/26,10.67,11.19,10.64,11.13,12572866,11.23
2014/09/29,11.13,11.20,10.99,11.19,9149379,11.36
2014/09/30,11.21,11.23,11.04,11.16,5461299,11.39
2014/10/08,11.16,11.29,11.05,11.29,7634133,11.41
2014/10/09,11.33,11.64,11.20,11.50,12600654,11.66
2014/10/10,11.40,11.57,11.30,11.34,6727788,11.64
2014/10/13,11.26,11.33,10.93,11.17,6080643,11.34
2014/10/14,11.15,11.39,11.12,11.33,6239358,11.54
2014/10/15,11.22,11.38,10.95,11.30,7981060,11.44
2014/10/16,11.20,12.46,11.07,12.03,30420152,12.37
2014/10/17,11.76,12.02,11.45,11.80,13722314,11.94
2014/10/20,11.89,12.28,11.78,12.27,15763145,12.29
2014/10/21,12.08,12.15,11.91,11.93,9258350,12.27
2014/10/22,11.89,11.89,11.30,11.38,9020564,11.80
2014/10/23,11.30,11.46,11.05,11.15,6618118,11.45
2014/10/24,11.15,11.33,11.05,11.26,3253131,11.42
2014/10/27,11.25,11.42,11.12,11.29,3963219,11.54
2014/10/28,11.34,11.61,11.31,11.59,5990753,11.79
2014/10/29,11.61,11.79,11.56,11.66,8404170,11.89
2014/10/30,11.67,12.09,11.67,11.82,9345442,12.12
2014/10/31,11.90,12.04,11.55,11.73,6382351,11.98
2014/11/03,11.71,11.99,11.65,11.83,6680456,12.11
2014/11/04,11.80,12.07,11.80,11.97,7841735,12.21
2014/11/05,12.03,12.03,11.67,11.83,4494974,12.08
2014/11/06,11.81,11.83,11.50,11.74,4477146,11.93
2014/11/07,11.75,11.82,11.40,11.45,5066825,11.86
2014/11/10,11.41,11.51,11.33,11.50,3107592,11.69
2014/11/11,11.54,11.54,10.67,10.87,6898218,11.31
2014/11/12,10.92,10.98,10.76,10.97,2554814,11.13
2014/11/13,10.99,11.20,10.88,11.03,4114261,11.29
2014/11/14,11.01,11.01,10.62,10.67,4341783,10.99
2014/11/17,10.53,10.88,10.53,10.85,2258266,11.03
2014/11/18,10.84,10.95,10.74,10.85,2020063,11.07
2014/11/19,10.83,11.11,10.83,11.00,2713758,11.24
2014/11/20,11.13,11.42,11.13,11.18,5244427,11.53
2014/11/21,11.06,11.20,11.00,11.14,3313561,11.35
2014/11/24,11.19,11.21,10.96,11.06,4528244,11.31
2014/11/25,11.06,11.30,11.01,11.24,4341270,11.40
2014/11/26,11.24,11.25,11.05,11.17,4105403,11.40
2014/11/27,11.22,11.40,11.18,11.29,5356155,11.54
2014/11/28,11.37,11.42,11.17,11.29,4807611,11.54
2014/12/01,11.32,11.43,10.75,10.79,6705665,11.25
2014/12/02,10.81,11.04,10.81,10.95,3539972,11.18
2014/12/03,10.97,11.10,10.74,11.10,6499904,11.16
2014/12/04,11.11,11.38,11.05,11.30,7203065,11.49
2014/12/05,11.34,11.35,10.57,10.84,6594371,11.20
2014/12/08,10.75,10.94,10.57,10.65,7172773,11.01
2014/12/09,10.63,10.70,10.07,10.09,8234453,10.65
2014/12/10,10.12,10.47,10.06,10.44,3428920,10.57
2014/12/11,10.38,10.63,10.38,10.56,3342910,10.78
2014/12/12,10.56,10.74,10.46,10.71,3137078,10.88
2014/12/15,10.63,10.82,10.55,10.75,7224333,10.96
2014/12/16,10.76,10.81,10.54,10.60,4779156,10.90
2014/12/17,10.59,10.59,10.18,10.29,5510836,10.58
2014/12/18,10.25,10.25,10.05,10.08,5655091,10.38
2014/12/19,10.09,10.17,9.73,9.82,5344322,10.11
2014/12/22,9.85,9.89,9.10,9.18,6036992,9.53
2014/12/23,9.17,9.38,9.13,9.28,3483357,9.55
2014/12/24,9.37,9.62,9.37,9.58,3679847,9.74
2014/12/25,9.57,9.61,9.49,9.57,2149901,9.79
2014/12/26,9.57,9.70,9.50,9.57,2578708,9.83
2014/12/29,9.61,9.62,9.23,9.28,2981531,9.54
2014/12/30,9.27,9.36,9.08,9.10,2729909,9.42
2014/12/31,9.10,9.35,9.05,9.28,1921310,9.45
2015/01/05,9.32,9.37,9.06,9.32,2885062,9.45
2015/01/06,9.32,9.74,9.22,9.66,4608204,9.77
2015/01/07,9.56,9.70,9.47,9.65,3436946,9.81
2015/01/08,9.57,9.78,9.54,9.68,4063390,9.95
2015/01/09,9.65,9.80,9.55,9.56,3190155,9.95
2015/01/12,9.47,9.51,9.10,9.17,3041165,9.49
2015/01/13,9.17,9.41,9.17,9.40,2465883,9.56
2015/01/14,9.40,9.61,9.29,9.50,2911079,9.72
2015/01/15,9.43,9.64,9.43,9.54,2251841,9.79
2015/01/16,9.60,9.65,9.51,9.62,2355951,9.84
2015/01/19,9.53,9.99,9.39,9.68,6909049,10.03
2015/01/20,9.73,10.07,9.68,10.07,6338233,10.19
2015/01/21,10.18,10.18,9.96,10.09,5823302,10.30
2015/01/22,10.09,10.17,10.03,10.12,4508741,10.34
2015/01/23,10.12,10.18,9.97,10.01,4372064,10.31
2015/01/26,10.02,10.10,9.98,10.09,2849493,10.30
2015/01/27,10.09,10.09,9.86,10.03,3660547,10.25
2015/01/28,10.01,10.21,9.98,10.11,4448141,10.39
2015/01/29,10.10,10.10,9.83,9.93,2661891,10.23
2015/01/30,9.93,9.99,9.76,9.82,2551431,10.11
2015/02/02,9.63,9.65,9.47,9.55,3421485,9.82
2015/02/03,9.63,9.84,9.55,9.77,2667376,9.95
2015/02/04,9.81,9.82,9.61,9.62,2518844,9.96
2015/02/05,9.63,9.77,9.57,9.60,2346496,9.93
2015/02/06,9.64,9.70,9.40,9.41,2234018,9.78
2015/02/09,9.41,9.48,9.25,9.29,1672173,9.63
2015/02/10,9.35,9.39,9.24,9.39,1467641,9.57
2015/02/11,9.39,9.51,9.36,9.46,1558955,9.70
2015/02/12,9.54,9.68,9.46,9.64,3587270,9.83
2015/02/13,9.66,9.88,9.66,9.78,3433551,10.06
2015/02/16,9.84,10.03,9.82,9.97,3943648,10.17
2015/02/17,10.00,10.13,9.91,10.10,5344002,10.30
2015/02/25,10.13,10.20,9.99,10.07,3775928,10.32
2015/02/26,10.09,10.38,10.02,10.30,5169511,10.49
2015/02/27,10.25,10.39,10.21,10.31,4223617,10.55
2015/03/02,10.33,10.71,10.21,10.63,8948665,10.66
2015/03/03,10.84,10.93,10.51,10.59,9733607,10.95
2015/03/04,10.53,11.00,10.37,10.95,11267579,10.95
2015/03/05,10.95,10.97,10.65,10.85,5693247,11.04
2015/03/06,10.85,10.85,10.54,10.61,6297365,10.89
2015/03/09,10.45,10.84,10.45,10.83,6587274,10.92
2015/03/10,10.80,11.05,10.73,10.78,6709569,11.07
2015/03/11,10.82,10.98,10.67,10.90,8566389,11.10
2015/03/12,10.90,10.98,10.66,10.79,4361661,11.04
2015/03/13,10.82,11.30,10.80,11.16,10192899,11.25
2015/03/16,11.29,11.37,11.05,11.33,10485300,11.48
2015/03/17,11.37,11.50,11.19,11.29,10884740,11.56
2015/03/18,11.29,11.72,11.18,11.56,13487337,11.68
2015/03/19,11.56,11.60,11.32,11.48,10308738,11.72
2015/03/20,11.43,11.89,11.38,11.65,11963939,11.90
2015/03/23,11.69,12.06,11.59,11.94,15714079,12.06
2015/03/24,11.94,13.16,11.35,13.10,41488817,12.66
2015/03/25,12.95,13.90,12.85,13.44,26960447,13.68
2015/03/26,13.26,13.44,12.65,13.05,16774106,13.32
2015/03/27,12.94,13.50,12.85,13.50,10196837,13.48
2015/03/30,13.45,14.88,13.44,14.88,10458029,14.72
2015/03/31,15.95,15.95,14.57,15.18,19650842,15.44
2015/04/01,15.20,15.49,14.90,15.24,12004817,15.38
2015/04/02,15.15,16.79,15.01,16.79,22012414,16.28
2015/04/03,17.13,18.49,17.13,18.49,16932050,18.28
2015/04/07,18.75,20.26,17.95,19.85,26641576,19.45
2015/04/08,19.82,20.01,17.84,18.75,31838143,18.81
2015/04/09,18.08,18.32,16.96,17.64,19002307,17.74
2015/04/10,17.35,19.31,17.20,18.43,17117733,18.28
2015/04/13,18.18,18.62,17.41,17.93,12142282,18.16
2015/04/14,17.71,18.04,17.35,17.47,9709299,17.87
2015/04/15,17.43,17.47,16.12,16.18,8841760,16.88
2015/04/16,16.18,16.80,15.80,16.41,5538604,16.74
2015/04/17,16.53,16.75,16.18,16.25,6714183,16.73
2015/04/20,16.25,17.04,15.98,16.05,8374554,16.78
2015/04/21,16.05,17.25,16.05,17.06,9931532,17.16
2015/04/22,17.40,17.57,17.10,17.29,9079201,17.54
2015/04/23,17.40,17.65,16.95,17.27,8249678,17.52
2015/04/24,17.25,17.25,16.50,16.69,7628082,17.06
2015/04/27,16.83,17.24,16.61,16.79,6965518,17.09
2015/04/28,16.80,16.81,15.45,15.53,11049780,16.18
2015/04/29,15.40,16.10,15.36,16.04,7705545,16.15
2015/04/30,16.11,16.85,15.91,16.55,10642109,16.84
2015/05/04,16.75,17.75,16.15,17.73,9785982,17.40
2015/05/05,16.75,17.75,16.15,17.73,0,16.95
2015/05/06,16.75,17.75,16.15,17.73,0,16.95
2015/05/07,16.75,17.75,16.15,17.73,0,16.95
2015/05/08,16.75,17.75,16.15,17.73,0,16.95
2015/05/11,16.75,17.75,16.15,17.73,0,16.95
2015/05/12,16.75,17.75,16.15,17.73,0,16.95
2015/05/13,16.75,17.75,16.15,17.73,0,16.95
2015/05/14,16.75,17.75,16.15,17.73,0,16.95
2015/05/15,16.75,17.75,16.15,17.73,0,16.95
2015/05/18,16.75,17.75,16.15,17.73,0,16.95
2015/05/19,16.75,17.75,16.15,17.73,0,16.95
2015/05/20,16.75,17.75,16.15,17.73,0,16.95
2015/05/21,16.75,17.75,16.15,17.73,0,16.95
2015/05/22,16.75,17.75,16.15,17.73,0,16.95
2015/05/25,16.75,17.75,16.15,17.73,0,16.95
2015/05/26,16.75,17.75,16.15,17.73,0,16.95
2015/05/27,16.75,17.75,16.15,17.73,0,16.95
2015/05/28,16.75,17.75,16.15,17.73,0,16.95
2015/05/29,16.75,17.75,16.15,17.73,0,16.95
2015/06/01,16.75,17.75,16.15,17.73,0,16.95
2015/06/02,16.75,17.75,16.15,17.73,0,16.95
2015/06/03,16.75,17.75,16.15,17.73,0,16.95
2015/06/04,16.75,17.75,16.15,17.73,0,16.95
2015/06/05,16.75,17.75,16.15,17.73,0,16.95
2015/06/08,16.75,17.75,16.15,17.73,0,16.95
2015/06/09,16.75,17.75,16.15,17.73,0,16.95
2015/06/10,16.75,17.75,16.15,17.73,0,16.95
2015/06/11,16.75,17.75,16.15,17.73,0,16.95
2015/06/12,16.75,17.75,16.15,17.73,0,16.95
2015/06/15,16.75,17.75,16.15,17.73,0,16.95
2015/06/16,16.75,17.75,16.15,17.73,0,16.95
2015/06/17,16.75,17.75,16.15,17.73,0,16.95
2015/06/18,16.75,17.75,16.15,17.73,0,16.95
2015/06/19,19.52,19.52,19.52,19.52,1002746,19.67
2015/06/23,18.85,19.85,17.55,18.55,24987377,19.09
2015/06/24,18.85,20.42,18.55,20.42,21490683,19.38
2015/06/25,20.85,22.47,19.75,20.85,23589140,21.64
2015/06/26,19.83,20.75,18.75,18.75,13134732,19.29
2015/06/29,18.37,19.03,16.86,16.86,7596714,17.48
2015/06/30,15.17,17.70,15.16,17.07,13771723,16.44
2015/07/01,16.73,17.35,15.35,15.35,13511815,16.53
2015/07/02,14.81,15.25,13.80,13.80,11046567,14.22
2015/07/03,12.80,13.83,12.41,12.41,10744262,12.83
2015/07/06,13.66,13.66,11.15,11.15,18535528,11.94
2015/07/07,10.22,10.75,10.02,10.02,6713392,10.29
2015/07/08,9.00,9.65,9.00,9.21,14498380,9.24
2015/07/09,9.00,9.65,9.00,9.21,0,9.33
2015/07/10,9.00,9.65,9.00,9.21,0,9.33
2015/07/13,10.15,10.15,10.15,10.15,196659,10.30
2015/07/14,11.18,11.18,11.18,11.18,367321,11.33
2015/07/15,12.31,12.31,11.40,11.83,31656453,12.28
2015/07/16,11.83,13.03,11.41,13.03,16260757,12.86
2015/07/17,13.35,14.35,13.15,13.74,30701269,13.97
2015/07/20,13.76,15.13,13.76,15.13,27384330,14.69
2015/07/21,15.32,16.66,14.65,16.50,21780619,16.24
2015/07/22,17.14,17.65,15.47,16.30,23246561,16.69
2015/07/23,16.29,16.55,15.65,16.49,17064515,16.33
2015/07/24,16.45,16.60,15.13,15.64,16442646,16.24
2015/07/27,15.45,16.65,14.06,14.10,21428607,15.35
2015/07/28,13.46,15.53,12.73,14.88,20808048,14.29
2015/07/29,14.85,16.28,13.97,16.17,17135659,15.00
2015/07/30,15.85,16.47,15.23,15.33,16299862,16.08
2015/07/31,14.61,15.73,14.45,14.77,10301033,15.27
2015/08/03,14.75,15.02,13.66,13.86,8684212,14.36
2015/08/04,13.97,15.21,13.95,15.17,10870512,14.70
2015/08/05,15.13,16.30,14.76,15.69,15253413,15.60
2015/08/06,15.24,15.80,15.05,15.24,7852569,15.52
2015/08/07,15.50,16.01,15.29,15.79,9407685,15.87
2015/08/10,15.85,16.80,15.85,16.50,12527762,16.56
2015/08/11,16.70,16.70,16.01,16.31,12047991,16.50
2015/08/12,16.05,16.36,15.56,15.57,10397318,16.10
2015/08/13,15.35,15.94,15.25,15.94,10473116,15.70
2015/08/14,16.04,16.11,15.56,15.69,8796071,15.97
2015/08/17,15.73,16.43,15.60,16.37,11234605,16.23
2015/08/18,16.37,16.40,14.72,14.72,10910944,15.60
2015/08/19,14.00,15.10,13.35,14.84,8510055,14.39
2015/08/20,14.48,15.38,14.42,14.50,7701360,15.12
2015/08/21,14.20,14.81,13.60,13.70,6080012,14.28
2015/08/24,13.05,13.20,12.32,12.32,4601607,12.71
2015/08/25,11.07,11.46,11.07,11.07,5866144,11.28
2015/08/26,11.30,11.55,10.16,10.38,9536988,11.00
2015/08/27,10.84,10.93,10.39,10.92,6498775,10.84
2015/08/28,11.19,11.95,11.07,11.88,7854617,11.60
2015/08/31,11.97,12.68,11.75,12.02,9106615,12.36
2015/09/01,11.83,11.83,10.80,11.09,9327544,11.16
2015/09/02,10.60,11.48,10.26,11.06,6636762,11.07
2015/09/07,11.31,12.13,11.03,11.22,7945153,11.73
2015/09/08,11.20,12.06,11.10,12.04,6471818,11.75
2015/09/09,12.13,12.80,12.12,12.62,9378176,12.75
2015/09/10,12.43,13.10,12.14,12.71,7686095,12.95
2015/09/11,12.46,12.91,12.35,12.65,5194269,12.84
2015/09/14,12.69,12.85,11.37,11.37,6669657,12.08
2015/09/15,11.05,11.25,10.26,10.29,4984016,10.86
2015/09/16,10.47,11.33,10.18,11.33,6184530,10.88
2015/09/17,11.16,11.70,10.83,11.04,7128116,11.46
2015/09/18,11.13,11.33,10.76,11.18,4092657,11.23
2015/09/21,10.95,11.84,10.89,11.74,5507702,11.64
2015/09/22,11.90,12.35,11.76,12.10,6327877,12.27
2015/09/23,11.73,12.03,11.62,11.84,5235823,12.02
2015/09/24,11.90,12.28,11.90,12.17,4337185,12.26
2015/09/25,12.15,12.18,11.56,11.75,3838163,11.98
2015/09/28,11.83,12.39,11.62,12.29,3890183,12.21
2015/09/29,12.05,12.28,11.86,11.95,3192853,12.25
2015/09/30,11.96,12.29,11.95,12.20,3197141,12.30
2015/10/08,12.70,12.97,12.50,12.57,5294664,12.89
2015/10/09,12.55,12.95,12.55,12.91,4305660,12.97
2015/10/12,12.93,14.21,12.92,14.08,8313109,13.84
2015/10/13,13.94,14.62,13.67,14.39,6426085,14.48
2015/10/14,14.27,14.75,13.97,14.37,6613028,14.51
2015/10/15,14.70,15.34,14.70,15.13,8361872,15.22
2015/10/16,15.32,15.73,14.76,15.13,9281090,15.36
2015/10/19,14.95,15.04,14.47,14.80,5836691,14.95
2015/10/20,14.79,15.25,14.75,15.09,8060662,15.22
2015/10/21,15.10,15.95,13.65,13.84,9305107,15.11
2015/10/22,14.07,15.24,14.07,15.24,8742913,15.27
2015/10/23,16.33,16.78,15.81,16.78,13687408,16.62
2015/10/26,18.45,18.45,15.87,16.55,19575606,17.23
2015/10/27,16.52,18.22,15.87,18.22,19749812,17.42
2015/10/28,17.85,19.12,17.35,18.01,16670846,18.60
2015/10/29,17.95,18.55,17.10,17.54,9268215,17.76
2015/10/30,17.20,17.65,16.37,16.97,7117323,17.10
2015/11/02,16.56,18.35,16.45,17.85,11280969,17.71
2015/11/03,17.77,18.25,17.13,17.93,7220491,18.00
2015/11/04,18.10,19.00,17.91,18.68,8517901,18.71
2015/11/05,18.47,19.40,18.03,18.10,8254855,18.72
2015/11/06,18.05,18.70,18.03,18.53,7230353,18.46
2015/11/09,18.37,20.22,17.99,20.14,9132386,19.29
2015/11/10,19.93,20.25,19.23,20.06,7974234,19.81
2015/11/11,20.45,21.83,20.26,21.04,9732711,21.25
2015/11/12,20.88,21.65,20.26,21.15,6161355,21.04
2015/11/13,20.75,21.35,19.85,20.68,6937255,20.87
2015/11/16,19.90,22.40,19.80,22.24,7761789,21.53
2015/11/17,22.70,22.90,21.51,21.66,5620590,22.23
2015/11/18,21.45,22.14,20.99,21.11,4035539,21.77
2015/11/19,21.25,22.19,20.74,22.15,4417572,21.43
2015/11/20,21.86,22.02,21.25,21.70,5057608,21.74
2015/11/23,21.06,21.75,20.32,20.60,5591375,21.08
2015/11/24,20.21,21.19,19.86,20.60,5029349,20.69
2015/11/25,20.80,22.35,20.35,21.75,6509740,21.68
2015/11/26,21.56,23.14,21.56,22.02,6615563,22.73
2015/11/27,22.22,23.97,20.86,22.36,13008052,22.99
2015/11/30,22.66,23.13,20.24,22.15,10636569,21.85
2015/12/01,21.80,22.07,20.35,20.40,5977759,21.37
2015/12/02,20.40,20.83,18.45,19.59,6484539,19.69
2015/12/03,19.05,20.21,19.05,20.09,4442056,19.96
2015/12/04,20.06,20.49,19.20,19.74,6480586,20.02
2015/12/07,19.68,20.14,19.25,19.65,5462631,19.77
2015/12/08,19.68,20.05,19.35,19.45,4640022,19.79
2015/12/09,19.34,19.55,18.49,19.25,5084483,19.26
2015/12/10,19.16,19.73,18.75,19.21,3107034,19.44
2015/12/11,18.95,19.53,18.86,19.05,2200297,19.24
2015/12/14,18.76,19.40,18.64,19.31,3142206,19.07
2015/12/15,19.31,20.00,19.16,19.71,4132054,19.87
2015/12/16,19.79,20.09,19.67,19.74,3165315,20.03
2015/12/17,19.85,20.51,19.85,20.16,5527948,20.43
2015/12/18,19.85,20.40,19.77,20.05,3070349,20.21
2015/12/21,20.03,20.73,19.91,20.66,5200880,20.51
2015/12/22,20.75,20.80,20.15,20.46,3001150,20.55
2015/12/23,20.46,20.73,19.85,19.85,2997666,20.33
2015/12/24,19.76,19.91,18.62,19.30,4653825,19.28
2015/12/25,19.33,20.62,19.08,20.29,4880466,19.99
2015/12/28,20.33,20.56,19.68,19.95,3653042,20.28
2015/12/29,19.93,19.94,19.45,19.83,1885446,19.82
2015/12/30,19.84,20.25,19.78,20.09,2994230,20.15
2015/12/31,20.25,20.27,19.53,19.95,3875161,20.01
2016/01/04,19.73,19.93,17.94,17.94,3433781,18.71
2016/01/05,16.55,17.61,16.13,16.13,8604604,16.73
2016/01/06,16.45,17.76,16.45,17.76,12087483,17.43
2016/01/07,17.77,17.77,15.97,15.97,1842200,17.14
2016/01/08,16.35,17.53,15.25,17.08,6725932,16.86
2016/01/11,16.35,17.63,15.93,16.19,3794735,16.93
2016/01/12,16.30,17.41,16.15,17.05,4222028,16.94
2016/01/13,17.05,17.20,15.35,15.44,3589636,16.49
2016/01/14,14.97,16.64,14.30,16.33,5545154,15.34
2016/01/15,15.91,16.29,15.15,15.24,2577120,15.94
2016/01/18,15.27,15.93,14.85,15.47,2945993,15.59
2016/01/19,15.56,16.90,15.24,16.61,3887047,16.21
2016/01/20,16.44,16.69,15.95,16.22,2829127,16.49
2016/01/21,16.01,16.52,15.17,15.25,3466279,16.03
2016/01/22,15.53,16.00,15.36,16.00,4640488,15.90
2016/01/25,16.25,16.94,16.00,16.61,4322014,16.73
2016/01/26,17.00,17.43,15.82,15.98,6452683,16.99
2016/01/27,15.98,16.24,14.37,15.41,6117492,15.23
2016/01/28,15.20,15.55,13.85,14.05,5062374,14.65
2016/01/29,14.05,15.09,13.73,14.78,3913227,14.67
2016/02/01,14.85,15.13,14.21,14.64,2768950,14.91
2016/02/02,14.74,15.53,14.62,15.20,4020041,15.38
2016/02/03,15.05,15.35,14.67,15.21,2233202,15.16
2016/02/04,15.41,15.95,15.23,15.63,3238882,15.78
2016/02/05,15.79,16.14,15.15,15.35,2558470,15.76
2016/02/15,14.35,15.74,14.35,15.56,3265947,15.12
2016/02/16,15.85,16.82,15.85,16.70,4199590,16.40
2016/02/17,16.70,16.75,15.99,16.52,5158507,16.46
2016/02/18,16.61,16.71,15.83,16.15,5103335,16.37
2016/02/19,15.96,16.34,15.96,16.23,2807432,16.30
2016/02/22,16.53,16.55,16.21,16.41,3944980,16.52
2016/02/23,16.32,16.41,15.87,16.07,3671602,16.20
2016/02/24,15.85,16.09,15.35,15.79,4868802,15.89
2016/02/25,15.94,16.65,15.65,16.03,14433418,16.41
2016/02/26,16.45,16.80,14.70,15.75,11094325,15.57
2016/02/29,15.00,15.47,14.16,14.16,6123677,14.45
2016/03/01,13.85,14.15,12.74,13.89,7324563,13.70
2016/03/02,13.43,14.49,13.43,14.34,10236877,14.24
2016/03/03,14.30,15.20,14.16,14.99,10225381,14.81
2016/03/04,14.86,14.95,13.91,14.17,5036745,14.67
2016/03/07,14.35,15.20,14.35,15.05,7227988,15.07
2016/03/08,15.02,15.10,14.35,14.99,4403805,14.92
2016/03/09,14.65,14.97,14.46,14.64,2607849,14.84
2016/03/10,14.63,15.01,14.37,14.42,2966470,14.92
2016/03/11,14.29,14.85,14.19,14.72,2749182,14.81
2016/03/14,14.88,16.00,14.78,15.31,4834473,15.65
2016/03/15,15.50,15.93,15.30,15.53,4067954,15.72
2016/03/16,15.92,16.03,15.07,15.57,3489948,15.72
2016/03/17,15.57,16.20,15.57,16.03,3852321,16.06
2016/03/18,15.96,16.79,15.83,16.60,6947762,16.54
2016/03/21,16.86,17.33,16.43,17.05,7168696,17.03
2016/03/22,16.78,16.85,16.34,16.62,7250863,16.69
2016/03/23,16.55,16.61,16.18,16.50,5587636,16.50
2016/03/24,16.41,16.49,16.01,16.40,4660121,16.41
2016/03/25,16.38,16.58,16.23,16.53,3203521,16.58
2016/03/28,16.66,16.84,16.01,16.25,3787786,16.65
2016/03/29,16.13,16.24,15.35,15.95,3630557,15.91
2016/03/30,16.13,16.37,15.83,16.36,3888483,16.24
2016/03/31,16.45,16.82,16.12,16.20,6299128,16.71
2016/04/01,16.04,16.24,15.62,16.17,4035239,16.03
2016/04/05,16.15,16.83,15.92,16.75,5633465,16.68
2016/04/06,16.74,17.05,16.45,16.91,4467976,16.90
2016/04/07,16.91,17.19,16.55,16.55,4225679,16.96
2016/04/08,16.27,16.82,16.27,16.80,3053300,16.64
2016/04/11,16.99,17.63,16.66,17.43,7119158,17.31
2016/04/12,17.35,17.36,16.63,16.87,3434420,17.09
2016/04/13,17.00,17.80,16.89,17.25,6227225,17.71
2016/04/14,17.35,17.54,17.03,17.29,2890301,17.40
2016/04/15,17.31,17.41,16.85,16.98,4106137,17.14
2016/04/18,16.76,16.92,16.21,16.42,3980855,16.59
2016/04/19,16.46,16.65,16.35,16.41,2730671,16.67
2016/04/20,16.41,16.64,14.75,15.22,6619601,15.94
2016/04/21,15.35,15.45,14.90,14.94,3219421,15.27
2016/04/22,14.94,15.39,14.85,15.35,2715709,15.35
2016/04/25,15.25,15.78,14.94,15.64,3763443,15.67
2016/04/26,15.62,16.44,15.45,16.35,3918532,16.26
2016/04/27,16.30,16.52,16.15,16.23,2730201,16.50
2016/04/28,16.08,16.34,15.88,16.21,1892776,16.23
2016/04/29,16.03,16.29,15.93,16.20,1371534,16.29
2016/05/03,16.15,16.74,16.01,16.72,3758893,16.68
2016/05/04,16.50,17.35,16.42,17.22,7890263,17.06
2016/05/05,16.75,17.02,16.54,16.72,6790436,16.86
2016/05/06,16.59,16.77,15.65,15.77,4528223,16.49
2016/05/09,15.71,15.83,15.05,15.34,3227856,15.46
2016/05/10,15.30,15.69,15.30,15.47,1351562,15.70
2016/05/11,15.45,15.67,15.30,15.45,1939847,15.67
2016/05/12,15.27,15.35,14.86,15.35,1761097,15.30
2016/05/13,15.00,15.63,15.00,15.43,1972947,15.63
2016/05/16,15.27,15.64,15.18,15.62,2331329,15.50
2016/05/17,15.72,15.72,15.30,15.51,1486956,15.63
2016/05/18,15.58,15.58,14.78,14.81,1710368,15.15
2016/05/19,14.95,15.45,14.85,15.25,3438950,15.44
2016/05/20,15.33,15.77,15.12,15.74,2343505,15.65
2016/05/23,15.77,15.82,15.53,15.75,1679397,15.88
2016/05/24,15.73,15.79,15.16,15.34,2212242,15.46
2016/05/25,15.46,15.67,14.85,15.04,2081967,15.17
2016/05/26,15.08,15.28,14.65,15.20,2080887,14.97
2016/05/27,15.20,15.37,15.01,15.16,2319520,15.19
2016/05/30,15.24,15.25,14.93,15.01,1740348,15.07
2016/05/31,15.00,15.63,15.00,15.59,4379687,15.44
2016/06/01,15.59,16.14,15.53,15.95,4113678,15.86
2016/06/02,15.82,16.07,15.66,15.88,2909950,15.80
2016/06/03,15.87,16.25,15.71,16.08,3211087,16.05
2016/06/06,16.10,16.31,15.71,15.95,2253804,15.94
2016/06/07,15.91,15.91,15.59,15.80,2216114,15.71
2016/06/08,15.79,15.95,15.33,15.85,1846177,15.77
2016/06/13,15.40,15.63,14.90,14.90,1928359,15.28
2016/06/14,14.90,15.14,14.50,14.60,3315780,14.78
2016/06/15,14.53,15.18,14.39,15.07,2738500,14.87
2016/06/16,15.00,15.12,14.76,14.91,2001620,14.95
2016/06/17,14.98,15.29,14.85,15.08,1620893,15.14
2016/06/20,15.08,15.53,14.82,15.40,2605332,15.26
2016/06/21,15.50,15.64,15.09,15.15,2174876,15.33
2016/06/22,15.15,15.59,15.15,15.49,2091006,15.37
2016/06/23,15.32,15.57,15.22,15.41,1754422,15.35
2016/06/24,15.47,15.56,14.80,15.18,1947861,15.21
2016/06/27,15.11,15.60,15.00,15.57,3054140,15.36
2016/06/28,15.45,16.07,15.43,15.97,5071253,15.82
2016/06/29,15.91,16.09,15.50,16.05,2731130,15.87
2016/06/30,16.05,16.15,15.86,16.05,2038180,16.02
2016/07/01,16.05,16.29,15.91,16.08,2161603,16.02
2016/07/04,15.96,16.49,15.87,16.40,2390501,16.29
2016/07/05,16.33,17.75,16.22,17.38,7949797,17.12
2016/07/06,17.35,18.38,17.34,18.36,9375802,17.88
2016/07/07,18.30,18.42,17.87,18.21,6155685,18.10
2016/07/08,18.20,19.06,17.75,18.53,5656215,18.44
2016/07/11,18.61,18.99,17.96,18.31,5395844,18.29
2016/07/12,18.15,18.27,17.78,18.23,4555381,18.02
2016/07/13,18.25,19.55,18.18,18.75,4850341,19.00
2016/07/14,18.58,18.81,18.03,18.19,2399511,18.32
2016/07/15,18.37,18.37,17.86,17.90,2252551,18.03
2016/07/18,17.90,18.29,17.68,17.83,2650189,17.89
2016/07/19,17.78,18.00,17.50,17.86,2522624,17.76
2016/07/20,17.92,18.19,17.80,18.13,1861987,17.99
2016/07/21,18.05,18.18,17.52,17.68,3620036,17.78
2016/07/22,17.63,17.78,17.41,17.68,2364316,17.58
2016/07/25,17.69,17.76,17.16,17.37,2166900,17.46
2016/07/26,17.55,17.64,17.35,17.50,2439100,17.47
2016/07/27,17.60,18.43,17.10,17.87,11023000,17.92
2016/07/28,17.56,17.95,16.31,17.86,7706600,17.24
2016/07/29,17.80,17.85,17.04,17.37,3648159,17.45
2016/08/01,17.47,17.47,16.28,16.66,5797446,16.63
2016/08/02,16.74,16.78,16.54,16.68,1824897,16.66
2016/08/03,16.80,16.85,16.17,16.34,4264889,16.51
2016/08/04,16.28,16.66,16.27,16.51,2042101,16.45
2016/08/05,16.57,16.64,16.30,16.35,1966892,16.40
2016/08/08,16.35,16.53,16.04,16.52,1490235,16.33
2016/08/09,16.35,16.53,16.04,16.52,0,16.29
