Date, SH603808.Open, SH603808.High, SH603808.Low, SH603808.Close, SH603808.Volume, SH603808.Adjusted
2015/04/22,27.59,27.59,27.59,27.59,54780,27.59
2015/04/23,30.35,30.35,30.35,30.35,18200,30.35
2015/04/24,33.39,33.39,33.39,33.39,31100,33.39
2015/04/27,36.73,36.73,36.73,36.73,49700,36.73
2015/04/28,40.40,40.40,40.40,40.40,421900,40.40
2015/04/29,44.44,44.44,42.44,44.44,6600929,44.31
2015/04/30,48.00,48.88,47.00,48.88,6765418,48.20
2015/05/04,52.50,53.77,47.05,47.26,19137066,50.11
2015/05/05,45.00,45.65,43.03,43.77,10803819,44.32
2015/05/06,43.89,44.14,42.00,42.43,6581313,42.97
2015/05/07,42.50,45.00,42.01,43.85,6977770,43.37
2015/05/08,43.87,44.38,42.73,44.23,5522126,43.66
2015/05/11,44.01,46.88,43.50,46.49,9093400,45.26
2015/05/12,46.40,47.80,45.57,46.00,8358512,46.25
2015/05/13,45.40,47.66,44.51,47.15,9227712,46.53
2015/05/14,47.57,51.87,47.35,51.87,12116761,51.03
2015/05/15,55.00,57.06,52.09,57.06,12070286,55.89
2015/05/18,62.50,62.77,60.01,62.77,2980559,62.24
2015/05/19,69.05,69.05,58.00,62.06,20502618,63.32
2015/05/20,59.80,66.01,58.80,61.05,13478493,62.70
2015/05/21,59.48,65.97,58.39,63.37,13946304,61.34
2015/05/22,65.30,69.71,63.50,69.71,12087455,67.16
2015/05/25,74.00,76.68,69.86,76.68,8591609,74.77
2015/05/26,84.00,84.35,78.68,84.35,9108613,83.92
2015/05/27,84.00,84.35,78.68,84.35,0,81.52
2015/05/28,84.00,84.35,78.68,84.35,0,81.52
2015/05/29,75.92,91.81,75.92,80.08,16034311,80.95
2015/06/01,76.51,79.90,72.07,72.07,10684386,73.39
2015/06/02,69.00,71.60,64.86,69.11,13087683,66.90
2015/06/03,67.94,76.00,67.01,74.71,11521077,71.97
2015/06/04,73.29,73.29,67.24,67.24,6496824,68.73
2015/06/05,65.99,69.66,63.58,65.02,6861367,66.52
2015/06/08,64.56,64.56,58.95,59.17,7940086,60.48
2015/06/09,58.21,61.00,57.10,60.29,4958079,59.75
2015/06/10,58.80,64.20,58.80,62.44,6334229,62.59
2015/06/11,62.44,66.90,61.30,66.38,7561924,64.75
2015/06/12,65.85,67.99,62.35,62.37,7016018,64.17
2015/06/15,60.50,61.00,56.13,56.65,6566968,57.66
2015/06/16,55.00,57.49,52.19,55.93,5271936,55.03
2015/06/17,55.01,57.96,54.90,57.41,3818585,56.48
2015/06/18,57.35,57.41,51.67,51.68,3947815,54.33
2015/06/19,50.09,52.12,48.66,48.73,3641426,50.03
2015/06/23,49.19,52.43,47.01,52.17,3888824,50.27
2015/06/24,52.54,54.44,51.49,53.80,5127235,52.91
2015/06/25,53.30,53.50,48.68,49.09,3704432,51.37
2015/06/26,48.60,50.99,46.91,48.31,7168298,48.84
2015/06/29,50.88,51.00,44.02,49.42,6732170,49.30
2015/06/30,46.80,54.36,44.53,54.26,7140398,49.60
2015/07/01,52.86,55.00,49.02,49.44,6517071,52.99
2015/07/02,48.25,49.23,44.55,45.14,4375842,46.10
2015/07/03,41.13,46.75,40.65,40.65,5123934,42.16
2015/07/06,44.63,44.63,36.61,37.40,5132162,39.72
2015/07/07,35.26,36.25,33.69,33.69,2282845,34.05
2015/07/08,30.35,30.35,30.35,30.35,282500,30.10
2015/07/09,30.35,30.35,30.35,30.35,0,30.35
2015/07/10,30.35,30.35,30.35,30.35,0,30.35
2015/07/13,30.35,30.35,30.35,30.35,0,30.35
2015/07/14,30.35,30.35,30.35,30.35,0,30.35
2015/07/15,33.36,33.36,33.36,33.36,307460,33.11
2015/07/16,36.67,36.67,33.36,36.67,6390742,35.72
2015/07/17,38.25,40.31,37.12,40.31,7875490,38.57
2015/07/20,40.31,43.53,39.11,43.02,8049381,41.66
2015/07/21,41.75,45.15,40.65,43.37,6018686,42.81
2015/07/22,43.45,43.75,41.85,43.28,4421174,42.72
2015/07/23,43.40,47.58,43.40,47.58,5925001,45.75
2015/07/24,48.29,49.90,46.05,47.70,5965367,48.19
2015/07/27,47.24,50.75,43.15,43.46,5395929,47.59
2015/07/28,41.31,46.25,40.25,45.90,6066237,43.67
2015/07/29,46.26,50.20,43.95,50.13,5216367,46.61
2015/07/30,48.75,52.63,48.10,50.13,7114540,50.54
2015/07/31,48.75,52.22,48.25,50.18,4019223,50.25
2015/08/03,49.23,49.42,45.85,48.08,3708538,47.97
2015/08/04,48.25,49.85,43.64,49.46,7300047,46.94
2015/08/05,48.25,49.03,47.24,47.36,3607982,47.68
2015/08/06,45.55,47.05,44.23,46.71,2902134,45.38
2015/08/07,46.55,50.14,46.55,49.26,5041100,48.46
2015/08/10,49.26,53.35,48.76,53.10,4603597,50.76
2015/08/11,52.21,53.09,50.85,52.77,4066515,51.98
2015/08/12,52.44,55.13,51.26,51.59,4296709,53.68
2015/08/13,51.34,52.75,50.25,52.33,2498577,51.26
2015/08/14,52.40,54.25,51.25,53.27,3419282,52.43
2015/08/17,53.15,54.19,52.25,52.73,1833677,52.91
2015/08/18,51.80,52.73,47.48,48.53,2602844,49.44
2015/08/19,46.15,50.25,45.13,50.07,2408951,47.30
2015/08/20,48.35,49.70,47.30,48.05,1266061,48.11
2015/08/21,47.28,47.97,44.76,46.96,1277950,46.24
2015/08/24,45.27,45.40,42.29,43.01,2802253,42.60
2015/08/25,45.27,45.40,42.29,43.01,0,43.84
2015/08/26,45.27,45.40,42.29,43.01,0,43.84
2015/08/27,45.27,45.40,42.29,43.01,0,43.84
2015/08/28,45.27,45.40,42.29,43.01,0,43.84
2015/08/31,45.27,45.40,42.29,43.01,0,43.84
2015/09/01,45.27,45.40,42.29,43.01,0,43.84
2015/09/02,45.27,45.40,42.29,43.01,0,43.84
2015/09/07,45.27,45.40,42.29,43.01,0,43.84
2015/09/08,45.27,45.40,42.29,43.01,0,43.84
2015/09/09,40.66,46.79,40.66,45.34,2594376,44.15
2015/09/10,44.04,44.83,41.25,41.40,2018284,42.63
2015/09/11,41.45,42.55,39.28,40.19,1530388,40.09
2015/09/14,40.30,40.60,36.20,36.20,2447452,37.26
2015/09/15,35.25,35.25,32.61,34.29,2140259,33.15
2015/09/16,34.40,37.45,34.05,37.08,2669656,35.19
2015/09/17,36.84,37.08,34.13,34.32,2304199,35.70
2015/09/18,34.75,35.84,33.93,35.34,1448250,34.51
2015/09/21,34.25,36.83,34.25,36.23,2704087,35.71
2015/09/22,36.24,36.79,34.98,35.84,1992439,35.77
2015/09/23,35.25,36.65,34.65,35.62,1857170,35.30
2015/09/24,35.81,36.45,35.53,36.02,1406770,35.78
2015/09/25,36.00,36.00,33.85,34.17,1377382,34.56
2015/09/28,33.95,35.10,33.85,34.68,1059523,34.18
2015/09/29,34.10,34.51,33.80,34.01,761343,33.79
2015/09/30,34.22,36.03,34.01,35.34,1520819,35.00
2015/10/08,36.34,37.08,35.84,36.66,1824965,36.25
2015/10/09,36.28,36.78,36.05,36.66,1497477,36.22
2015/10/12,36.85,38.85,36.55,38.43,2433760,37.57
2015/10/13,37.90,38.43,37.50,38.23,1615218,37.81
2015/10/14,38.20,38.75,37.18,37.35,2085813,37.78
2015/10/15,37.51,39.75,36.95,39.39,2864016,37.92
2015/10/16,40.25,41.12,39.05,40.39,3697300,39.93
2015/10/19,39.81,40.25,38.61,39.19,2263994,39.28
2015/10/20,39.21,39.93,38.75,39.92,2148771,39.31
2015/10/21,40.10,40.35,36.26,36.75,2755433,38.75
2015/10/22,36.93,37.88,36.25,37.55,1641376,36.91
2015/10/23,37.92,38.17,37.05,38.05,2012655,37.36
2015/10/26,38.25,39.85,37.99,39.70,3235547,38.72
2015/10/27,39.26,39.72,37.55,39.55,1825969,38.60
2015/10/28,39.65,40.75,38.75,38.88,2724403,39.58
2015/10/29,39.51,40.10,38.85,39.34,1935978,39.21
2015/10/30,39.26,40.25,38.95,39.74,2478423,39.58
2015/11/02,39.23,42.31,38.64,41.11,4998367,40.79
2015/11/03,41.15,44.61,40.25,43.70,6108414,41.91
2015/11/04,44.10,46.05,43.13,44.90,6104388,44.06
2015/11/05,44.25,45.64,43.29,45.03,5646155,44.12
2015/11/06,45.04,47.71,44.75,46.85,5224536,46.31
2015/11/09,46.31,49.15,45.93,48.21,5784336,47.44
2015/11/10,47.35,48.24,46.15,46.57,3865193,46.90
2015/11/11,46.45,49.05,45.75,48.89,5237713,47.55
2015/11/12,49.70,53.63,48.25,51.87,6464759,50.22
2015/11/13,50.61,52.05,46.75,47.37,5178681,48.77
2015/11/16,45.28,49.54,45.27,49.35,3947921,47.64
2015/11/17,49.80,50.85,47.73,47.90,4234995,49.31
2015/11/18,47.55,48.13,45.45,45.61,3155662,46.40
2015/11/19,45.76,47.88,45.70,47.87,2645328,46.29
2015/11/20,48.05,50.20,48.00,49.34,3780929,48.74
2015/11/23,49.23,50.23,48.48,48.98,3131643,49.04
2015/11/24,48.87,53.05,48.55,52.99,6232206,51.03
2015/11/25,53.14,55.87,52.05,54.28,5675815,54.10
2015/11/26,54.07,56.43,52.41,52.70,5467696,54.09
2015/11/27,51.75,53.73,48.25,50.40,4711710,51.49
2015/11/30,50.93,55.42,49.43,55.42,6490833,52.32
2015/12/01,56.15,58.09,53.76,54.94,7252540,55.98
2015/12/02,53.75,54.60,49.85,52.74,4617432,52.07
2015/12/03,52.65,55.16,52.65,54.47,4569955,53.64
2015/12/04,53.81,54.85,52.13,52.77,4927676,53.27
2015/12/07,52.70,52.75,51.25,52.44,2679947,51.76
2015/12/08,51.98,53.13,51.60,51.79,2921275,52.14
2015/12/09,51.79,52.60,49.45,49.77,3202816,50.43
2015/12/10,50.25,50.53,49.26,49.55,2256537,49.51
2015/12/11,49.05,49.74,48.13,48.17,2067524,48.51
2015/12/14,47.69,49.95,47.25,49.89,2084243,48.72
2015/12/15,49.89,50.75,49.75,50.07,1799301,50.06
2015/12/16,50.25,51.31,49.78,50.51,2154065,50.37
2015/12/17,50.97,52.99,50.97,52.71,3219663,51.62
2015/12/18,52.82,53.09,50.78,51.30,2654649,51.59
2015/12/21,50.75,51.35,50.40,50.98,2481563,50.60
2015/12/22,51.00,51.81,50.89,51.58,1809059,51.14
2015/12/23,51.73,52.55,51.03,51.23,2700829,51.52
2015/12/24,50.80,52.57,50.80,52.36,2171890,51.42
2015/12/25,52.53,53.80,52.08,53.26,3131268,52.71
2015/12/28,53.85,55.23,50.25,50.34,4153124,53.06
2015/12/29,50.35,51.03,49.30,50.79,2384708,49.80
2015/12/30,50.46,50.80,49.72,50.16,1685670,50.03
2015/12/31,50.15,50.47,49.21,49.26,1567731,49.77
2016/01/04,49.30,49.30,44.36,44.36,1769044,46.40
2016/01/05,42.04,43.83,40.25,42.23,2574942,42.03
2016/01/06,43.25,45.55,42.83,45.44,2790229,43.55
2016/01/07,44.15,44.15,40.92,40.92,684900,42.26
2016/01/08,42.24,43.21,39.05,41.91,2743912,41.53
2016/01/11,40.25,42.20,38.86,39.04,2221878,40.11
2016/01/12,39.05,40.65,38.77,39.61,1774282,39.39
2016/01/13,39.80,40.95,38.75,38.81,1656250,39.58
2016/01/14,38.07,41.24,37.55,40.71,1607015,39.27
2016/01/15,40.35,40.89,38.75,39.17,1417733,39.46
2016/01/18,38.13,40.40,38.05,39.71,1335125,39.31
2016/01/19,39.55,40.90,39.26,40.74,2032733,39.98
2016/01/20,40.28,40.81,39.36,39.61,1844626,39.81
2016/01/21,38.81,39.85,37.26,37.47,1682550,38.71
2016/01/22,37.93,39.25,37.71,38.81,1721651,38.24
2016/01/25,39.26,39.63,38.75,39.34,992997,38.97
2016/01/26,39.07,39.45,35.43,35.43,1678500,37.33
2016/01/27,39.07,39.45,35.43,35.43,0,37.44
2016/01/28,39.07,39.45,35.43,35.43,0,37.44
2016/01/29,39.07,39.45,35.43,35.43,0,37.44
2016/02/01,39.07,39.45,35.43,35.43,0,37.44
2016/02/02,39.07,39.45,35.43,35.43,0,37.44
2016/02/03,39.07,39.45,35.43,35.43,0,37.44
2016/02/04,38.25,38.95,38.25,38.95,1814682,38.59
2016/02/05,39.64,41.64,39.55,40.80,3473920,40.46
2016/02/15,39.40,39.85,36.91,39.23,1741172,38.66
2016/02/16,39.75,41.37,39.49,40.64,1794721,40.24
2016/02/17,40.09,40.90,39.43,40.76,1933790,39.96
2016/02/18,41.50,41.50,40.26,40.56,2041480,40.54
2016/02/19,40.76,40.76,39.93,40.44,1313030,40.13
2016/02/22,40.64,41.61,40.47,41.32,2697511,40.72
2016/02/23,41.33,41.61,40.06,40.59,1522140,40.43
2016/02/24,40.45,40.74,39.11,40.13,1458419,39.64
2016/02/25,40.05,40.05,36.14,36.36,1965171,37.57
2016/02/26,36.48,37.63,35.75,36.57,1169790,36.47
2016/02/29,36.57,37.10,33.25,33.80,1230119,34.04
2016/03/01,33.93,36.08,33.45,35.83,1530630,34.21
2016/03/02,35.82,39.23,35.33,38.97,2441925,37.18
2016/03/03,39.83,40.65,38.75,39.06,4083787,39.05
2016/03/04,38.25,38.54,35.71,35.75,2579085,36.65
2016/03/07,36.75,36.85,35.78,36.21,1202340,36.09
2016/03/08,36.11,36.11,33.77,35.75,1335733,34.67
2016/03/09,34.46,35.60,34.44,35.06,949201,34.87
2016/03/10,35.01,35.75,34.56,34.67,859200,34.95
2016/03/11,34.43,35.28,34.15,35.19,898220,34.47
2016/03/14,35.72,36.73,35.37,36.20,1383822,36.02
2016/03/15,36.20,36.22,35.26,35.44,1004918,35.44
2016/03/16,35.47,36.01,34.45,35.15,939104,34.98
2016/03/17,35.06,36.22,35.06,36.03,1104805,35.54
2016/03/18,35.51,37.70,35.51,37.49,2406541,36.80
2016/03/21,37.92,38.23,37.25,38.05,2018832,37.55
2016/03/22,37.85,38.60,37.36,38.37,1841392,37.90
2016/03/23,38.10,40.25,37.98,39.24,2455347,39.03
2016/03/24,38.76,40.20,38.34,38.90,2637733,39.12
2016/03/25,38.52,39.18,38.40,39.00,1432403,38.62
2016/03/28,39.38,39.83,38.14,38.18,1476844,38.90
2016/03/29,38.20,38.65,37.70,38.58,1334522,37.87
2016/03/30,39.11,40.15,38.60,39.99,1548930,39.24
2016/03/31,40.45,40.45,39.54,39.71,1439536,39.85
2016/04/01,39.35,39.95,38.25,39.31,1383568,38.82
2016/04/05,39.45,40.25,38.85,40.23,1688310,39.51
2016/04/06,40.22,41.64,39.70,40.56,1870142,40.49
2016/04/07,40.56,41.40,40.29,41.16,2190454,40.71
2016/04/08,40.80,43.70,40.26,43.52,4543653,42.21
2016/04/11,44.95,47.75,43.52,46.61,5148494,45.51
2016/04/12,45.73,46.18,44.76,44.93,3003224,45.19
2016/04/13,44.35,47.84,44.35,47.09,3827640,46.38
2016/04/14,47.26,48.13,43.41,46.21,5122647,45.96
2016/04/15,44.62,44.69,43.31,44.03,5842360,43.63
2016/04/18,43.53,43.53,41.85,42.40,2708195,42.20
2016/04/19,42.85,44.70,41.87,44.21,3933343,43.27
2016/04/20,42.85,44.70,41.87,44.21,0,43.29
2016/04/21,42.85,44.70,41.87,44.21,0,43.29
2016/04/22,42.85,44.70,41.87,44.21,0,43.29
2016/04/25,42.85,44.70,41.87,44.21,0,43.29
2016/04/26,42.85,44.70,41.87,44.21,0,43.29
2016/04/27,42.85,44.70,41.87,44.21,0,43.29
2016/04/28,42.85,44.70,41.87,44.21,0,43.29
2016/04/29,42.85,44.70,41.87,44.21,0,43.29
2016/05/03,42.85,44.70,41.87,44.21,0,43.29
2016/05/04,42.85,44.70,41.87,44.21,0,43.29
2016/05/05,42.85,44.70,41.87,44.21,0,43.29
2016/05/06,42.85,44.70,41.87,44.21,0,43.29
2016/05/09,42.85,44.70,41.87,44.21,0,43.29
2016/05/10,42.85,44.70,41.87,44.21,0,43.29
2016/05/11,42.85,44.70,41.87,44.21,0,43.29
2016/05/12,42.85,44.70,41.87,44.21,0,43.29
2016/05/13,42.85,44.70,41.87,44.21,0,43.29
2016/05/16,42.85,44.70,41.87,44.21,0,43.29
2016/05/17,42.85,44.70,41.87,44.21,0,43.29
2016/05/18,42.85,44.70,41.87,44.21,0,43.29
2016/05/19,42.85,44.70,41.87,44.21,0,43.29
2016/05/20,42.85,44.70,41.87,44.21,0,43.29
2016/05/23,42.85,44.70,41.87,44.21,0,43.29
2016/05/24,42.85,44.70,41.87,44.21,0,43.29
2016/05/25,42.85,44.70,41.87,44.21,0,43.29
2016/05/26,42.85,44.70,41.87,44.21,0,43.29
2016/05/27,42.85,44.70,41.87,44.21,0,43.29
2016/05/30,42.85,44.70,41.87,44.21,0,43.29
2016/05/31,42.85,44.70,41.87,44.21,0,43.29
2016/06/01,42.85,44.70,41.87,44.21,0,43.29
2016/06/02,42.85,44.70,41.87,44.21,0,43.29
2016/06/03,42.85,44.70,41.87,44.21,0,43.29
2016/06/06,42.85,44.70,41.87,44.21,0,43.29
2016/06/07,42.85,44.70,41.87,44.21,0,43.29
2016/06/08,42.85,44.70,41.87,44.21,0,43.29
2016/06/13,42.85,44.70,41.87,44.21,0,43.29
2016/06/14,42.85,44.70,41.87,44.21,0,43.29
2016/06/15,42.85,44.70,41.87,44.21,0,43.29
2016/06/16,42.85,44.70,41.87,44.21,0,43.29
2016/06/17,42.85,44.70,41.87,44.21,0,43.29
2016/06/20,42.85,44.70,41.87,44.21,0,43.29
2016/06/21,42.85,44.70,41.87,44.21,0,43.29
2016/06/22,42.85,44.70,41.87,44.21,0,43.29
2016/06/23,42.85,44.70,41.87,44.21,0,43.29
2016/06/24,42.85,44.70,41.87,44.21,0,43.29
2016/06/27,42.85,44.70,41.87,44.21,0,43.29
2016/06/28,42.85,44.70,41.87,44.21,0,43.29
2016/06/29,42.85,44.70,41.87,44.21,0,43.29
2016/06/30,42.85,44.70,41.87,44.21,0,43.29
2016/07/01,42.85,44.70,41.87,44.21,0,43.29
2016/07/04,42.85,44.70,41.87,44.21,0,43.29
2016/07/05,42.85,44.70,41.87,44.21,0,43.29
2016/07/06,42.85,44.70,41.87,44.21,0,43.29
2016/07/07,42.85,44.70,41.87,44.21,0,43.29
2016/07/08,42.85,44.70,41.87,44.21,0,43.29
2016/07/11,42.85,44.70,41.87,44.21,0,43.29
2016/07/12,42.85,44.70,41.87,44.21,0,43.29
2016/07/13,42.85,44.70,41.87,44.21,0,43.29
2016/07/14,42.85,44.70,41.87,44.21,0,43.29
2016/07/15,42.85,44.70,41.87,44.21,0,43.29
2016/07/18,42.85,44.70,41.87,44.21,0,43.29
2016/07/19,42.85,44.70,41.87,44.21,0,43.29
2016/07/20,47.76,48.06,44.34,44.37,7790022,46.20
2016/07/21,43.43,46.71,42.65,46.19,7463760,44.68
2016/07/22,45.47,46.52,45.15,45.66,4561324,45.84
2016/07/25,45.15,48.30,44.75,48.12,5922488,46.52
2016/07/26,48.06,48.51,47.04,48.23,4148900,47.77
2016/07/27,48.05,48.06,44.69,46.16,3860000,46.38
2016/07/28,46.25,47.21,45.20,46.67,1662700,46.21
2016/07/29,46.94,46.94,45.23,45.45,1781591,46.08
2016/08/01,44.18,45.33,43.41,45.02,1633881,44.37
2016/08/02,45.36,45.50,44.46,45.03,608509,44.98
2016/08/03,45.03,46.11,45.03,45.41,870190,45.57
2016/08/04,46.05,46.05,44.81,45.54,813659,45.43
2016/08/05,47.57,50.04,47.57,50.04,2004367,48.80
2016/08/08,51.74,51.74,47.78,49.19,8325044,49.76
