Date, SH601898.Open, SH601898.High, SH601898.Low, SH601898.Close, SH601898.Volume, SH601898.Adjusted
2008/02/01,24.00,24.89,21.35,22.20,597819994,22.55
2008/02/04,22.90,24.42,22.60,24.42,335148701,23.59
2008/02/05,23.80,24.25,22.84,22.98,202173332,23.48
2008/02/13,22.28,22.44,21.55,21.65,103845701,21.94
2008/02/14,22.10,22.76,21.81,22.24,71433090,22.30
2008/02/15,21.81,21.97,21.27,21.82,62703478,21.53
2008/02/18,22.20,22.65,21.90,22.45,80318375,22.34
2008/02/19,22.50,23.09,22.30,22.93,69446145,22.66
2008/02/20,22.93,23.48,22.43,22.47,83716442,22.93
2008/02/21,22.40,23.02,22.18,22.57,42166328,22.62
2008/02/22,22.30,22.34,21.22,21.32,70445117,21.64
2008/02/25,21.25,21.50,19.75,19.83,69603349,20.18
2008/02/26,20.56,20.78,19.52,20.36,52895431,20.08
2008/02/27,20.27,20.88,20.10,20.51,33461684,20.52
2008/02/28,20.55,21.08,19.95,20.62,36368138,20.52
2008/02/29,20.50,20.96,20.39,20.52,24000189,20.60
2008/03/03,20.12,21.10,19.88,21.00,47152386,20.60
2008/03/04,20.85,21.10,20.23,20.30,36787684,20.63
2008/03/05,20.14,20.45,19.45,19.72,40129277,19.86
2008/03/06,19.75,20.46,19.51,19.91,36911918,19.99
2008/03/07,19.65,19.99,19.52,19.67,19320079,19.69
2008/03/10,19.50,19.51,18.77,18.84,38631658,19.03
2008/03/11,18.85,19.45,18.85,19.38,25851277,19.24
2008/03/12,20.05,20.65,19.52,19.57,65633615,20.10
2008/03/13,19.50,21.20,19.40,20.51,126622749,20.51
2008/03/14,20.54,21.20,20.18,20.72,66161416,20.77
2008/03/17,20.65,21.00,19.27,19.51,48484416,20.23
2008/03/18,19.50,20.35,19.11,19.63,67264257,19.72
2008/03/19,20.30,20.88,19.85,20.44,65792234,20.39
2008/03/20,19.80,20.79,18.88,20.37,65262738,19.77
2008/03/21,20.08,20.63,19.90,20.29,52362810,20.26
2008/03/24,20.40,20.57,18.89,18.96,52346743,19.51
2008/03/25,18.50,18.98,17.90,18.36,51260264,18.35
2008/03/26,18.50,18.98,18.20,18.53,25225633,18.60
2008/03/27,18.00,18.00,16.68,16.69,69870171,17.11
2008/03/28,16.48,17.56,16.02,17.40,50818964,16.87
2008/03/31,16.60,17.27,16.47,16.64,26771708,16.81
2008/04/01,16.65,17.17,16.29,16.53,24467466,16.73
2008/04/02,16.90,17.37,16.39,16.90,32550764,16.92
2008/04/03,16.87,17.52,16.48,17.39,28178025,17.17
2008/04/07,17.00,18.35,17.00,17.99,37339479,17.84
2008/04/08,18.00,18.61,17.92,18.10,35946236,18.28
2008/04/09,17.90,18.16,17.00,17.06,25094594,17.67
2008/04/10,16.81,18.35,16.81,18.22,33531379,17.85
2008/04/11,18.38,18.50,17.85,18.00,19359287,18.08
2008/04/14,17.60,18.00,17.02,17.13,18893200,17.43
2008/04/15,17.10,17.67,16.90,17.59,13706154,17.26
2008/04/16,17.60,18.72,17.40,17.99,41769349,18.28
2008/04/17,18.15,18.51,17.50,17.67,38575815,18.12
2008/04/18,17.38,17.53,16.77,16.83,26141865,17.08
2008/04/21,18.35,18.43,16.90,17.09,38224410,17.65
2008/04/22,16.98,17.89,16.66,17.71,24307984,17.25
2008/04/23,17.70,18.79,17.49,18.52,62600763,18.38
2008/04/24,20.20,20.37,19.40,20.34,128728243,20.09
2008/04/25,19.90,20.80,19.70,19.96,83659907,20.14
2008/04/28,19.68,19.68,18.92,19.09,50546987,19.25
2008/04/29,18.90,19.75,18.85,19.13,52069831,19.33
2008/04/30,19.25,19.80,19.12,19.58,62678482,19.48
2008/05/05,19.10,19.90,19.10,19.84,117581667,19.50
2008/05/06,19.64,20.50,19.50,19.99,95245167,20.08
2008/05/07,20.17,20.81,19.51,19.68,94130561,20.20
2008/05/08,19.48,20.75,19.40,20.71,96576548,20.20
2008/05/09,20.71,20.96,19.64,20.10,89926090,20.38
2008/05/12,19.80,20.33,19.60,19.71,60556813,19.97
2008/05/13,19.22,19.75,19.07,19.21,54526619,19.38
2008/05/14,19.20,20.12,19.20,20.03,48657082,19.87
2008/05/15,20.10,20.30,19.80,19.87,39591303,20.03
2008/05/16,19.88,19.99,19.41,19.67,24792696,19.71
2008/05/19,19.71,20.36,19.57,20.28,44551037,20.12
2008/05/20,20.35,20.75,19.30,19.45,57757589,20.23
2008/05/21,19.45,20.58,19.25,20.52,64153725,19.95
2008/05/22,20.30,21.88,20.20,21.08,155938233,21.29
2008/05/23,21.00,21.70,20.88,21.32,86930601,21.35
2008/05/26,21.31,21.62,20.25,20.29,67277740,20.87
2008/05/27,20.35,20.58,19.89,20.38,39525599,20.23
2008/05/28,20.30,21.25,20.20,21.14,42566443,20.77
2008/05/29,21.14,21.45,20.58,20.71,36555928,21.03
2008/05/30,20.70,21.09,20.10,20.36,38244989,20.41
2008/06/02,20.30,20.65,20.15,20.59,26726457,20.45
2008/06/03,20.60,20.69,19.90,20.15,30457169,20.26
2008/06/04,20.10,20.12,19.10,19.17,43784166,19.39
2008/06/05,19.00,19.00,17.80,17.93,53116579,18.23
2008/06/06,18.20,18.31,17.62,17.89,31427275,17.94
2008/06/10,17.25,18.15,16.60,17.15,54649896,17.40
2008/06/11,17.00,17.59,16.88,17.38,28335164,17.31
2008/06/12,17.38,17.56,16.66,16.89,27616896,17.03
2008/06/13,17.00,17.15,16.50,16.51,19221852,16.74
2008/06/16,16.61,16.82,16.07,16.23,19113336,16.36
2008/06/17,16.23,16.45,15.96,16.16,25580444,16.17
2008/06/18,16.16,17.20,15.90,17.16,37091822,16.74
2008/06/19,17.10,17.60,16.10,16.16,36692538,16.95
2008/06/20,17.10,17.60,16.10,16.16,0,16.85
2008/06/23,16.18,16.50,15.78,16.01,24285524,16.08
2008/06/24,15.90,16.44,15.70,16.31,27114295,16.09
2008/06/25,16.20,16.94,16.10,16.87,29208371,16.63
2008/06/26,16.84,17.10,16.51,16.80,24845688,16.79
2008/06/27,16.33,16.65,15.80,15.93,21615491,16.24
2008/06/30,15.88,16.25,15.70,15.98,12956501,15.96
2008/07/01,15.96,16.38,15.90,16.12,18020309,16.09
2008/07/02,16.13,16.36,15.40,15.62,29267419,15.98
2008/07/03,15.30,16.00,14.56,15.50,52615285,15.19
2008/07/04,15.02,15.38,13.96,14.31,55994562,14.54
2008/07/07,14.40,14.89,14.10,14.82,59451370,14.53
2008/07/08,15.00,15.65,14.88,15.12,56358943,15.27
2008/07/09,15.28,15.63,14.75,15.59,59124513,15.19
2008/07/10,15.29,15.71,15.16,15.27,44036932,15.45
2008/07/11,15.17,15.54,15.14,15.34,23168066,15.21
2008/07/14,15.36,15.60,15.15,15.34,19806601,15.32
2008/07/15,15.45,15.48,14.57,14.66,26374893,14.87
2008/07/16,14.51,14.53,13.66,14.04,27190055,14.06
2008/07/17,14.22,14.33,13.68,14.03,21344670,13.95
2008/07/18,14.04,14.26,13.31,14.06,25311878,13.77
2008/07/21,13.96,14.51,13.73,14.47,34318692,14.09
2008/07/22,14.41,14.51,14.26,14.30,24115258,14.30
2008/07/23,14.31,14.41,14.00,14.08,21776487,14.10
2008/07/24,14.15,14.28,13.84,14.20,40902181,14.03
2008/07/25,13.96,13.98,13.67,13.79,28403136,13.74
2008/07/28,13.87,14.17,13.86,14.13,24865096,13.99
2008/07/29,14.01,14.30,13.91,14.24,31707441,14.10
2008/07/30,14.29,14.38,13.89,13.96,21736284,14.02
2008/07/31,14.31,14.31,13.76,13.78,14624034,13.92
2008/08/01,13.76,13.76,13.08,13.33,25704641,13.31
2008/08/04,13.26,13.26,12.76,12.82,19739050,12.97
2008/08/05,12.71,13.00,11.86,12.02,30610104,12.18
2008/08/06,12.03,12.16,11.77,12.05,25029138,11.93
2008/08/07,12.06,12.19,11.97,12.17,14839135,12.02
2008/08/08,12.14,12.21,11.45,11.48,21597932,11.83
2008/08/11,11.39,11.48,10.74,10.83,24958472,11.03
2008/08/12,10.69,11.11,10.64,11.00,18102879,10.86
2008/08/13,10.94,11.28,10.79,11.15,19138601,10.94
2008/08/14,11.06,11.33,10.92,11.04,13576141,11.07
2008/08/15,11.01,11.26,10.94,11.07,12280396,11.07
2008/08/18,11.05,11.06,10.28,10.38,19309517,10.47
2008/08/19,10.27,10.50,10.16,10.38,13727290,10.28
2008/08/20,10.34,11.36,10.19,11.23,25141056,10.86
2008/08/21,11.00,11.21,10.68,10.71,15872436,10.86
2008/08/22,10.69,10.96,10.52,10.80,13627311,10.73
2008/08/25,10.74,11.03,10.64,10.98,10558674,10.85
2008/08/26,10.86,10.94,10.56,10.70,12224619,10.65
2008/08/27,10.64,10.83,10.47,10.71,9915114,10.61
2008/08/28,10.76,11.21,10.75,10.96,20206652,10.96
2008/08/29,11.05,11.74,10.96,11.54,28740969,11.36
2008/09/01,11.41,11.42,11.07,11.28,15280672,11.20
2008/09/02,11.12,11.41,11.07,11.21,11132539,11.15
2008/09/03,11.11,11.11,10.62,10.77,15785027,10.77
2008/09/04,10.75,11.06,10.66,10.96,7416024,10.80
2008/09/05,10.46,10.67,10.26,10.41,7985537,10.47
2008/09/08,10.37,10.54,10.01,10.20,10501505,10.17
2008/09/09,10.14,10.24,9.99,10.08,7893183,10.03
2008/09/10,10.06,10.25,9.88,10.00,11240983,10.00
2008/09/11,10.02,10.12,9.26,9.35,16727775,9.53
2008/09/12,9.27,9.58,9.20,9.52,10228616,9.42
2008/09/16,9.34,9.34,8.69,8.77,13431806,8.94
2008/09/17,8.77,9.06,8.44,8.90,20162945,8.75
2008/09/18,8.66,9.17,8.49,9.08,25793852,8.76
2008/09/19,9.98,9.98,9.76,9.98,26497566,9.89
2008/09/22,10.97,10.97,10.72,10.97,85661255,10.89
2008/09/23,10.86,11.86,10.76,11.28,96087135,11.40
2008/09/24,11.28,11.56,10.71,11.54,44130044,10.97
2008/09/25,11.51,12.52,11.34,12.10,50003446,11.94
2008/09/26,12.21,12.27,11.44,11.78,42833048,11.71
2008/10/06,11.38,11.38,10.61,10.61,46468681,10.62
2008/10/07,9.88,10.13,9.72,9.90,54701460,9.80
2008/10/08,9.62,9.75,9.25,9.35,31678587,9.47
2008/10/09,9.48,9.51,8.93,8.97,38520643,9.04
2008/10/10,8.25,8.34,8.08,8.09,45882163,8.08
2008/10/13,7.86,8.33,7.62,8.28,33648358,7.83
2008/10/14,8.66,8.77,8.06,8.11,54442539,8.50
2008/10/15,7.77,7.96,7.73,7.85,17056973,7.77
2008/10/16,7.42,7.43,7.07,7.07,37268858,7.13
2008/10/17,7.11,7.33,7.06,7.22,20239705,7.14
2008/10/20,7.21,7.66,7.04,7.56,35119132,7.30
2008/10/21,7.60,7.97,7.51,7.62,48854802,7.68
2008/10/22,7.39,7.57,7.22,7.26,20484154,7.33
2008/10/23,7.01,7.43,6.96,7.42,17076367,7.13
2008/10/24,7.27,7.53,7.09,7.15,25237287,7.23
2008/10/27,6.97,6.99,6.44,6.44,34331877,6.51
2008/10/28,6.15,6.69,6.06,6.59,26202933,6.32
2008/10/29,6.66,6.76,6.19,6.23,23432658,6.50
2008/10/30,6.37,6.67,6.28,6.56,33003560,6.48
2008/10/31,6.50,6.68,6.41,6.52,18909208,6.52
2008/11/03,6.53,6.78,6.46,6.69,18466783,6.61
2008/11/04,6.59,6.63,6.25,6.41,12939115,6.37
2008/11/05,6.62,6.90,6.52,6.82,30201784,6.69
2008/11/06,6.58,6.77,6.48,6.63,14407987,6.53
2008/11/07,6.41,6.78,6.38,6.69,10737226,6.58
2008/11/10,6.79,7.35,6.79,7.35,32635957,7.07
2008/11/11,7.26,7.45,7.17,7.19,28126179,7.25
2008/11/12,7.06,7.19,6.76,7.09,37973722,6.91
2008/11/13,6.91,7.63,6.84,7.44,57337060,7.26
2008/11/14,7.50,7.91,7.41,7.80,63527913,7.57
2008/11/17,7.66,7.91,7.52,7.90,45166632,7.66
2008/11/18,7.76,7.93,7.12,7.12,45689749,7.40
2008/11/19,7.08,7.60,7.04,7.53,38844554,7.27
2008/11/20,7.25,7.53,7.15,7.29,34890158,7.25
2008/11/21,6.97,7.34,6.86,7.16,41085791,7.03
2008/11/24,7.11,7.24,6.84,6.85,26225436,6.97
2008/11/25,7.07,7.10,6.60,6.74,27167065,6.79
2008/11/26,6.68,6.78,6.54,6.71,16978568,6.62
2008/11/27,7.16,7.16,6.56,6.68,33929553,6.87
2008/11/28,6.58,6.66,6.48,6.57,21838841,6.49
2008/12/01,6.56,6.69,6.34,6.68,23071933,6.47
2008/12/02,6.49,6.69,6.38,6.64,31427577,6.49
2008/12/03,6.69,7.29,6.65,7.21,79872803,6.94
2008/12/04,7.28,7.72,7.26,7.29,108471806,7.43
2008/12/05,7.31,7.43,7.22,7.39,42680693,7.27
2008/12/08,7.48,7.94,7.45,7.86,84496538,7.65
2008/12/09,7.91,8.28,7.78,7.84,87161071,7.91
2008/12/10,7.83,7.97,7.46,7.96,57856903,7.71
2008/12/11,8.06,8.37,7.88,7.94,75542423,8.10
2008/12/12,7.81,8.01,7.34,7.47,47751796,7.62
2008/12/15,7.64,7.68,7.30,7.51,24347725,7.45
2008/12/16,7.36,7.65,7.21,7.61,24419247,7.35
2008/12/17,7.56,7.74,7.51,7.54,26679092,7.55
2008/12/18,7.47,7.81,7.39,7.78,41300490,7.55
2008/12/19,7.47,7.81,7.39,7.78,0,7.60
2008/12/22,7.66,7.71,7.36,7.51,32216913,7.48
2008/12/23,7.51,7.51,6.99,7.00,37669505,7.14
2008/12/24,6.92,6.92,6.76,6.83,20675109,6.77
2008/12/25,6.80,6.92,6.72,6.85,17303067,6.77
2008/12/26,6.88,6.95,6.82,6.86,12866820,6.82
2008/12/29,6.80,6.83,6.52,6.70,33458883,6.56
2008/12/30,6.68,6.71,6.55,6.62,27061910,6.56
2008/12/31,6.62,6.66,6.51,6.53,21999428,6.52
2009/01/05,6.69,6.94,6.68,6.93,32377864,6.72
2009/01/06,6.86,7.49,6.81,7.36,74404893,7.19
2009/01/07,7.39,7.51,7.28,7.31,51580974,7.35
2009/01/08,7.11,7.29,7.06,7.15,33077252,7.12
2009/01/09,7.17,7.47,7.17,7.38,36655484,7.30
2009/01/12,7.29,7.59,7.29,7.31,37606348,7.36
2009/01/13,7.22,7.31,7.05,7.05,26885604,7.10
2009/01/14,7.06,7.45,7.06,7.44,27184322,7.22
2009/01/15,7.32,7.46,7.26,7.34,34904049,7.30
2009/01/16,7.41,7.67,7.39,7.51,43893034,7.50
2009/01/19,7.56,7.91,7.52,7.62,40239184,7.64
2009/01/20,7.56,7.64,7.35,7.56,20741598,7.43
2009/01/21,7.42,7.65,7.37,7.46,21973930,7.45
2009/01/22,7.57,7.91,7.51,7.86,57900641,7.68
2009/01/23,7.80,7.88,7.72,7.74,29671790,7.74
2009/02/02,7.83,7.86,7.64,7.75,17753355,7.66
2009/02/03,7.69,8.01,7.67,7.98,51982425,7.77
2009/02/04,7.99,8.19,7.96,8.11,57360338,8.01
2009/02/05,8.11,8.58,8.03,8.24,85849495,8.27
2009/02/06,8.30,8.60,8.22,8.55,77641408,8.34
2009/02/09,8.76,9.13,8.55,9.06,95574768,8.76
2009/02/10,8.86,9.08,8.78,9.05,58562103,8.89
2009/02/11,8.88,9.04,8.71,8.99,82900485,8.80
2009/02/12,8.87,8.99,8.42,8.64,66186244,8.59
2009/02/13,8.57,8.96,8.46,8.94,75348642,8.67
2009/02/16,9.05,9.31,8.92,9.30,96957367,9.05
2009/02/17,9.32,9.56,9.06,9.07,105928524,9.34
2009/02/18,8.83,8.85,8.32,8.37,74657935,8.53
2009/02/19,8.42,8.50,8.22,8.44,57893765,8.30
2009/02/20,8.41,8.59,8.25,8.57,54832245,8.34
2009/02/23,8.43,8.76,8.29,8.69,59832007,8.49
2009/02/24,8.54,8.62,8.06,8.09,68061667,8.30
2009/02/25,8.21,8.30,7.81,8.03,48410389,7.96
2009/02/26,7.99,8.23,7.67,7.82,41296660,7.95
2009/02/27,7.76,7.88,7.34,7.45,47741806,7.54
2009/03/02,7.41,7.51,7.26,7.45,35479737,7.32
2009/03/03,7.23,7.36,7.06,7.30,38224514,7.15
2009/03/04,7.34,7.85,7.32,7.83,68286632,7.56
2009/03/05,7.92,8.01,7.62,7.79,66023424,7.78
2009/03/06,7.63,7.94,7.54,7.82,43403306,7.74
2009/03/09,7.88,8.10,7.57,7.59,41054047,7.79
2009/03/10,7.54,8.11,7.47,8.09,52214694,7.79
2009/03/11,8.22,8.26,7.96,7.98,50252890,8.02
2009/03/12,7.88,7.96,7.60,7.82,31155818,7.70
2009/03/13,7.95,8.12,7.78,7.85,34744901,7.92
2009/03/16,7.76,7.91,7.62,7.86,23738816,7.69
2009/03/17,7.88,8.21,7.80,8.15,49761564,8.01
2009/03/18,8.22,8.46,8.16,8.24,64111213,8.28
2009/03/19,8.25,8.86,8.24,8.72,95911934,8.54
2009/03/20,8.86,9.12,8.72,8.89,114202806,8.88
2009/03/23,8.96,9.09,8.81,8.97,78679473,8.91
2009/03/24,9.09,9.15,8.79,8.88,60927640,8.86
2009/03/25,8.86,9.01,8.56,8.59,62984732,8.77
2009/03/26,8.56,8.91,8.38,8.89,58463836,8.57
2009/03/27,8.95,8.98,8.73,8.84,51849559,8.81
2009/03/30,8.86,9.03,8.76,8.80,46285050,8.83
2009/03/31,8.60,8.80,8.48,8.74,48173972,8.56
2009/04/01,8.80,9.36,8.78,9.23,114089050,9.07
2009/04/02,9.27,9.41,9.12,9.24,89188381,9.19
2009/04/03,9.33,9.63,9.16,9.25,91328965,9.35
2009/04/07,9.27,10.17,9.27,10.17,148893962,9.67
2009/04/08,10.10,10.19,9.76,9.78,126790930,9.92
2009/04/09,9.71,9.91,9.41,9.89,79995373,9.62
2009/04/10,9.94,10.82,9.85,10.66,121653070,10.25
2009/04/13,10.76,11.58,10.65,11.42,174393584,11.17
2009/04/14,11.31,11.45,11.06,11.26,81659523,11.15
2009/04/15,11.13,11.65,10.86,11.28,102628809,11.24
2009/04/16,11.25,11.26,10.66,10.87,94223373,10.84
2009/04/17,10.69,10.75,10.21,10.33,108015670,10.35
2009/04/20,10.26,10.73,10.18,10.57,61652992,10.46
2009/04/21,10.26,10.45,10.13,10.38,65292349,10.24
2009/04/22,10.43,10.50,9.79,9.86,68297092,10.11
2009/04/23,9.76,10.15,9.67,10.06,51338779,9.92
2009/04/24,10.15,10.26,9.86,10.23,52526660,10.04
2009/04/27,10.15,10.16,9.86,9.95,34992914,9.91
2009/04/28,9.82,10.26,9.78,10.08,45155197,10.02
2009/04/29,10.10,10.61,9.97,10.50,83022750,10.36
2009/04/30,10.57,10.65,10.37,10.47,47635978,10.45
2009/05/04,10.56,11.16,10.56,11.15,88195811,10.90
2009/05/05,11.24,11.24,10.93,10.97,66005809,10.99
2009/05/06,10.97,11.45,10.96,11.24,84650789,11.19
2009/05/07,11.34,11.59,11.08,11.45,90218833,11.26
2009/05/08,11.33,11.66,11.21,11.27,94345793,11.39
2009/05/11,11.34,11.41,10.66,10.68,74465734,10.96
2009/05/12,10.56,11.01,10.44,10.99,52805014,10.66
2009/05/13,11.04,11.81,10.88,11.77,148465146,11.38
2009/05/14,11.61,11.78,11.42,11.70,84951805,11.56
2009/05/15,11.69,12.11,11.60,11.97,110200292,11.89
2009/05/18,11.85,12.61,11.44,12.42,106982748,11.96
2009/05/19,12.42,12.71,12.22,12.44,114360006,12.35
2009/05/20,12.44,13.06,12.28,12.70,103634771,12.74
2009/05/21,12.61,13.05,12.11,12.12,94032297,12.44
2009/05/22,11.96,12.04,11.57,11.74,59530073,11.72
2009/05/25,11.38,11.83,11.14,11.68,106087587,11.36
2009/05/26,11.66,11.66,11.18,11.19,76546530,11.30
2009/05/27,11.33,11.46,11.14,11.31,43543304,11.25
2009/06/01,11.56,12.26,11.52,12.19,81739330,11.85
2009/06/02,12.31,12.35,11.84,11.97,75852854,12.06
2009/06/03,11.95,12.44,11.85,12.27,71925095,12.15
2009/06/04,12.12,12.25,11.76,12.17,62131971,11.92
2009/06/05,12.32,12.50,12.17,12.30,84507296,12.29
2009/06/08,12.24,12.35,11.89,11.99,53179274,11.98
2009/06/09,12.02,12.15,11.49,11.83,75262143,11.62
2009/06/10,11.90,12.06,11.81,11.96,47614421,11.89
2009/06/11,12.05,12.05,11.72,11.73,38073185,11.77
2009/06/12,11.70,11.91,11.43,11.52,50179050,11.59
2009/06/15,11.47,11.62,11.20,11.45,49050052,11.29
2009/06/16,11.30,11.60,11.21,11.45,39085115,11.36
2009/06/17,11.45,11.61,11.28,11.57,37923582,11.39
2009/06/18,11.58,12.06,11.56,12.00,92004484,11.88
2009/06/19,12.04,12.09,11.77,11.90,51013530,11.85
2009/06/22,12.03,12.06,11.86,11.96,47132449,11.89
2009/06/23,11.71,11.92,11.56,11.78,48995253,11.68
2009/06/24,11.81,12.28,11.81,12.24,90793237,12.06
2009/06/25,12.26,12.31,11.96,12.04,59463803,12.05
2009/06/26,12.26,12.31,11.96,12.04,0,12.14
2009/06/29,12.12,12.65,11.97,12.50,113117512,12.25
2009/06/30,12.58,12.74,12.28,12.40,88029937,12.50
2009/07/01,12.34,12.64,12.25,12.44,58812113,12.41
2009/07/02,12.50,13.03,12.49,12.96,119958021,12.76
2009/07/03,12.76,13.40,12.71,13.32,115465181,13.07
2009/07/06,13.36,14.05,13.26,13.38,127998401,13.51
2009/07/07,13.36,14.02,13.10,13.69,116499474,13.55
2009/07/08,13.46,14.00,13.26,13.98,110294489,13.58
2009/07/09,13.83,14.04,13.64,13.96,93084381,13.80
2009/07/10,13.99,13.99,13.70,13.71,54958179,13.75
2009/07/13,13.56,13.56,13.14,13.17,100590109,13.28
2009/07/14,13.20,13.53,13.20,13.42,63636588,13.29
2009/07/15,13.46,13.93,13.29,13.76,81822579,13.55
2009/07/16,13.93,14.32,13.69,13.75,63908635,13.79
2009/07/17,13.70,14.91,13.65,14.75,131340825,14.06
2009/07/20,14.78,15.59,14.62,15.41,152000974,14.87
2009/07/21,15.41,15.41,14.73,14.79,92370513,14.74
2009/07/22,14.76,15.79,14.69,15.44,112324369,15.18
2009/07/23,15.47,15.82,15.25,15.60,82174710,15.32
2009/07/24,15.73,17.02,15.73,16.61,159107078,16.26
2009/07/27,16.72,17.11,16.21,16.87,115487008,16.47
2009/07/28,16.91,17.02,16.47,16.73,85833393,16.42
2009/07/29,16.61,16.61,15.08,15.45,105250241,15.68
2009/07/30,15.43,15.71,14.71,15.57,83564765,14.99
2009/07/31,15.72,16.15,15.48,16.06,96641305,15.54
2009/08/03,16.14,16.58,15.53,16.29,95855459,15.89
2009/08/04,16.22,16.87,15.92,16.83,126059251,16.22
2009/08/05,16.71,16.71,15.89,16.11,93936071,16.05
2009/08/06,15.82,15.82,15.23,15.32,81736745,15.21
2009/08/07,15.32,15.52,14.55,14.68,81597828,14.77
2009/08/10,14.82,15.11,14.21,14.67,71053184,14.40
2009/08/11,14.81,14.97,14.54,14.88,42927022,14.53
2009/08/12,14.72,14.73,13.80,13.91,56862853,14.01
2009/08/13,13.91,14.32,13.70,14.14,50537157,13.85
2009/08/14,14.20,14.36,13.68,13.75,48800501,13.79
2009/08/17,13.40,13.41,12.40,12.41,68639116,12.68
2009/08/18,12.32,12.70,12.12,12.59,54457407,12.18
2009/08/19,12.64,12.67,11.52,11.75,52112168,11.90
2009/08/20,11.90,12.90,11.80,12.86,85821960,12.19
2009/08/21,12.81,13.20,12.56,13.11,84849084,12.67
2009/08/24,13.11,13.49,12.93,13.48,77289867,13.09
2009/08/25,13.23,13.31,12.22,12.84,68701502,12.59
2009/08/26,12.60,13.22,12.52,13.00,44239428,12.75
2009/08/27,12.82,13.11,12.59,12.78,40723456,12.62
2009/08/28,12.84,12.96,12.11,12.30,55225708,12.14
2009/08/31,12.02,12.05,11.21,11.32,54960614,11.28
2009/09/01,11.27,11.60,11.07,11.19,39985009,11.11
2009/09/02,11.29,11.72,11.27,11.53,48803033,11.32
2009/09/03,11.54,12.37,11.47,12.27,58578091,11.77
2009/09/04,12.26,12.58,12.13,12.28,53121520,12.11
2009/09/07,12.34,12.57,12.22,12.31,38346697,12.19
2009/09/08,12.22,12.72,11.92,12.71,68537600,12.21
2009/09/09,12.90,12.91,12.58,12.77,60369368,12.55
2009/09/10,12.74,12.80,12.43,12.48,37319565,12.38
2009/09/11,12.42,12.88,12.37,12.74,42128896,12.50
2009/09/14,12.67,12.97,12.61,12.92,44803347,12.60
2009/09/15,12.95,13.43,12.92,13.16,63851120,13.00
2009/09/16,13.19,13.26,12.72,12.95,44184400,12.79
2009/09/17,13.07,13.37,13.07,13.30,47794561,13.04
2009/09/18,13.33,13.52,12.72,12.85,53770232,12.99
2009/09/21,12.64,12.91,12.28,12.89,31883016,12.36
2009/09/22,12.77,12.92,12.25,12.28,35241733,12.28
2009/09/23,12.32,12.49,11.81,11.92,33300161,11.92
2009/09/24,11.83,12.18,11.52,11.97,27643778,11.66
2009/09/25,11.88,12.07,11.78,11.92,17658110,11.70
2009/09/28,11.98,12.11,11.55,11.60,16835245,11.63
2009/09/29,11.62,11.72,11.27,11.48,16839778,11.26
2009/09/30,11.53,11.82,11.53,11.62,15661277,11.47
2009/10/09,11.97,12.62,11.90,12.58,39510420,12.08
2009/10/12,12.58,12.58,12.24,12.32,24317886,12.16
2009/10/13,12.35,12.85,12.35,12.60,33461923,12.40
2009/10/14,12.70,13.15,12.70,12.90,61087278,12.73
2009/10/15,13.12,13.27,12.91,13.02,37388819,12.84
2009/10/16,13.17,13.39,12.82,13.09,48962144,12.87
2009/10/19,13.02,13.42,12.95,13.41,58439800,13.05
2009/10/20,13.54,13.72,13.32,13.48,57306715,13.31
2009/10/21,13.42,13.63,13.30,13.42,47179465,13.24
2009/10/22,13.43,13.62,13.30,13.32,35850817,13.22
2009/10/23,13.36,14.03,13.36,13.99,100992199,13.59
2009/10/26,14.11,14.32,13.99,14.12,82903451,13.92
2009/10/27,13.93,13.94,13.42,13.44,54333082,13.46
2009/10/28,13.34,13.82,13.34,13.81,43136148,13.39
2009/10/29,13.41,13.52,13.03,13.16,44839813,13.06
2009/10/30,13.52,13.60,13.20,13.22,39197210,13.18
2009/11/02,12.72,13.55,12.67,13.49,43148021,12.98
2009/11/03,13.57,13.74,13.49,13.59,42762678,13.38
2009/11/04,13.67,13.76,13.44,13.62,34967957,13.40
2009/11/05,13.65,13.76,13.52,13.73,35976132,13.44
2009/11/06,13.90,14.04,13.79,13.91,55174287,13.70
2009/11/09,13.92,14.15,13.82,14.12,47470918,13.82
2009/11/10,14.35,14.46,14.03,14.09,56102093,14.07
2009/11/11,14.09,14.22,13.84,14.01,37486182,13.81
2009/11/12,14.07,14.18,13.88,13.93,33051655,13.80
2009/11/13,13.82,14.00,13.65,13.98,37616535,13.58
2009/11/16,14.11,14.96,14.09,14.93,109216666,14.43
2009/11/17,14.98,15.20,14.74,14.81,62038914,14.66
2009/11/18,14.84,15.53,14.82,15.12,79288220,14.98
2009/11/19,15.18,15.30,14.92,15.15,50068134,14.83
2009/11/20,15.10,15.10,14.84,14.95,43299060,14.74
2009/11/23,14.97,15.10,14.84,15.05,39832452,14.73
2009/11/24,15.07,15.42,14.37,14.40,74763284,14.72
2009/11/25,14.38,14.82,14.22,14.80,47354160,14.34
2009/11/26,14.87,15.09,14.22,14.28,58913451,14.42
2009/11/27,14.03,14.16,13.49,13.60,50549545,13.63
2009/11/30,13.77,14.17,13.71,14.17,35978735,13.72
2009/12/01,14.17,14.35,13.95,14.33,36016822,13.93
2009/12/02,14.40,14.67,14.40,14.54,37368133,14.29
2009/12/03,14.54,14.70,14.32,14.67,42096161,14.28
2009/12/04,14.56,14.95,14.32,14.81,72216919,14.48
2009/12/07,14.82,15.02,14.61,14.80,37817368,14.58
2009/12/08,14.72,14.80,14.32,14.49,37020084,14.29
2009/12/09,14.27,14.43,14.02,14.10,33236791,13.98
2009/12/10,14.13,14.29,13.97,14.16,22595048,13.89
2009/12/11,14.21,14.37,14.13,14.20,19857801,14.02
2009/12/14,14.17,14.37,13.80,14.31,33283689,13.87
2009/12/15,14.25,14.30,14.07,14.14,24164024,13.98
2009/12/16,14.10,14.35,14.02,14.06,22327745,13.97
2009/12/17,14.17,14.24,13.72,13.73,26741349,13.65
2009/12/18,14.17,14.24,13.72,13.73,0,13.98
2009/12/21,13.43,13.51,13.23,13.34,27119065,13.13
2009/12/22,13.43,13.46,12.72,12.77,31126624,12.85
2009/12/23,12.83,13.01,12.72,12.87,20957581,12.64
2009/12/24,13.03,13.52,12.92,13.50,31324411,13.06
2009/12/25,13.54,13.54,13.32,13.37,17015918,13.18
2009/12/28,13.45,13.66,13.40,13.56,22195513,13.31
2009/12/29,13.57,13.60,13.38,13.54,16994298,13.26
2009/12/30,13.63,13.78,13.57,13.76,34612244,13.49
2009/12/31,13.87,13.90,13.70,13.80,27166398,13.57
2010/01/04,13.91,13.98,13.67,13.68,20309530,13.59
2010/01/05,13.83,14.23,13.73,14.19,48720829,13.83
2010/01/06,14.25,14.65,14.19,14.32,60037717,14.20
2010/01/07,14.43,14.52,13.91,13.94,39027640,14.01
2010/01/08,13.89,14.07,13.70,14.03,25601834,13.61
2010/01/11,14.45,14.52,13.80,13.96,28102213,13.91
2010/01/12,13.99,14.17,13.75,14.16,33647109,13.73
2010/01/13,13.80,13.92,13.30,13.44,54482019,13.39
2010/01/14,13.53,13.63,13.24,13.58,30483190,13.26
2010/01/15,13.51,13.58,13.32,13.46,27111944,13.21
2010/01/18,13.36,13.57,13.36,13.55,24031974,13.25
2010/01/19,13.54,13.77,13.52,13.58,26524401,13.41
2010/01/20,13.63,13.67,13.04,13.09,31562645,13.07
2010/01/21,13.13,13.22,12.82,12.98,22716504,12.78
2010/01/22,12.82,12.85,12.42,12.69,32435660,12.40
2010/01/25,12.59,12.75,12.52,12.59,14021326,12.40
2010/01/26,12.58,12.64,12.06,12.11,24254825,12.03
2010/01/27,12.13,12.36,12.02,12.12,20516301,11.96
2010/01/28,12.14,12.32,12.05,12.26,13300790,11.97
2010/01/29,12.17,12.46,12.12,12.17,17669324,12.07
2010/02/01,12.18,12.20,11.60,11.65,25163733,11.53
2010/02/02,11.81,11.97,11.65,11.68,15004446,11.60
2010/02/03,11.82,12.41,11.53,12.30,29215411,11.79
2010/02/04,12.11,12.22,11.97,12.08,21265591,11.88
2010/02/05,11.72,11.81,11.62,11.72,18692587,11.48
2010/02/08,11.72,11.81,11.51,11.67,15991791,11.42
2010/02/09,11.61,11.78,11.57,11.74,8122828,11.48
2010/02/10,11.88,11.92,11.81,11.88,10698763,11.64
2010/02/11,11.88,11.98,11.83,11.90,9101142,11.69
2010/02/12,11.97,12.08,11.94,12.06,8725648,11.81
2010/02/22,12.02,12.13,11.94,11.98,14119434,11.80
2010/02/23,11.95,12.00,11.58,11.75,15516691,11.48
2010/02/24,11.63,11.90,11.60,11.88,13791666,11.54
2010/02/25,11.92,12.14,11.90,12.12,21003615,11.82
2010/02/26,12.10,12.10,11.97,12.01,15797667,11.79
2010/03/01,12.03,12.20,12.00,12.16,20974144,11.89
2010/03/02,12.15,12.20,11.92,11.99,19095856,11.83
2010/03/03,12.02,12.13,11.84,12.11,21978118,11.77
2010/03/04,12.12,12.16,11.78,11.80,19472641,11.79
2010/03/05,11.82,11.88,11.69,11.78,14730209,11.57
2010/03/08,11.89,11.90,11.78,11.85,11424726,11.64
2010/03/09,11.85,12.17,11.71,12.05,24708374,11.76
2010/03/10,12.07,12.15,11.87,11.92,17833700,11.79
2010/03/11,11.92,12.03,11.79,11.92,12357704,11.69
2010/03/12,11.90,11.97,11.72,11.75,13205857,11.62
2010/03/15,11.72,11.73,11.49,11.53,14076718,11.35
2010/03/16,11.52,11.57,11.37,11.49,12095360,11.24
2010/03/17,11.52,11.73,11.51,11.72,13556981,11.41
2010/03/18,11.72,11.87,11.69,11.75,14277935,11.55
2010/03/19,11.75,11.90,11.60,11.85,18401829,11.56
2010/03/22,11.87,11.94,11.78,11.90,14552831,11.67
2010/03/23,11.90,12.07,11.86,11.90,18969858,11.75
2010/03/24,11.97,12.02,11.80,11.81,12428322,11.67
2010/03/25,11.75,11.77,11.54,11.57,14203623,11.40
2010/03/26,11.56,11.79,11.54,11.70,10355848,11.46
2010/03/29,11.70,12.11,11.70,12.05,38132597,11.80
2010/03/30,12.07,12.17,11.98,12.13,24654386,11.88
2010/03/31,12.07,12.09,11.87,11.89,22491608,11.72
2010/04/01,11.93,12.12,11.93,12.07,22475438,11.83
2010/04/02,12.13,12.28,12.11,12.19,29472158,11.98
2010/04/06,12.28,12.49,12.22,12.32,38584900,12.16
2010/04/07,12.32,12.34,12.12,12.19,18485130,11.96
2010/04/08,12.13,12.14,11.94,11.98,18695930,11.81
2010/04/09,12.02,12.12,11.98,12.11,14135509,11.84
2010/04/12,12.12,12.17,11.88,11.94,18170937,11.75
2010/04/13,11.90,12.16,11.90,12.12,24104304,11.83
2010/04/14,12.14,12.29,12.07,12.26,27555832,11.97
2010/04/15,12.31,12.42,12.23,12.36,33884307,12.13
2010/04/16,12.37,12.40,12.07,12.11,18251175,11.95
2010/04/19,11.92,12.02,11.49,11.51,25990710,11.51
2010/04/20,11.51,11.61,11.38,11.58,14511674,11.29
2010/04/21,11.60,11.77,11.52,11.77,16186839,11.42
2010/04/22,11.70,11.70,11.46,11.55,18930111,11.34
2010/04/23,11.59,11.80,11.44,11.57,23009415,11.40
2010/04/26,11.64,11.70,11.46,11.50,13176389,11.31
2010/04/27,11.46,11.46,10.97,11.15,25000096,10.93
2010/04/28,11.07,11.32,10.97,11.09,15305529,10.89
2010/04/29,11.18,11.27,10.91,10.93,12991159,10.87
2010/04/30,10.95,11.24,10.82,11.19,17399050,10.78
2010/05/04,11.01,11.21,10.95,11.07,10083508,10.89
2010/05/05,10.86,11.07,10.73,11.05,15529684,10.68
2010/05/06,10.95,10.95,10.41,10.43,18756730,10.47
2010/05/07,10.21,10.33,10.05,10.05,19351212,9.94
2010/05/10,10.11,10.25,10.00,10.21,13553558,9.93
2010/05/11,10.41,10.45,9.98,10.04,15149004,10.01
2010/05/12,9.98,10.11,9.77,10.04,11260120,9.76
2010/05/13,10.04,10.35,10.02,10.33,15991743,10.00
2010/05/14,10.22,10.51,10.17,10.37,16078875,10.12
2010/05/17,10.22,10.26,9.74,9.77,14720046,9.81
2010/05/18,9.82,10.10,9.77,10.04,10920009,9.70
2010/05/19,9.93,10.14,9.87,10.04,11831075,9.80
2010/05/20,9.97,10.16,9.90,9.91,9233800,9.79
2010/05/21,9.62,9.98,9.45,9.97,13108394,9.53
2010/05/24,9.97,10.37,9.94,10.31,20588911,10.03
2010/05/25,10.20,10.22,9.99,10.03,12850148,9.88
2010/05/26,10.02,10.12,9.95,9.98,6843404,9.80
2010/05/27,9.98,10.21,9.83,10.16,13228881,9.84
2010/05/28,10.34,10.37,10.09,10.15,14267246,10.01
2010/05/31,10.13,10.17,9.88,9.90,9553372,9.81
2010/06/01,9.88,10.00,9.66,9.77,10027639,9.59
2010/06/02,9.75,9.86,9.65,9.85,6959403,9.53
2010/06/03,9.91,9.92,9.69,9.70,9471036,9.59
2010/06/04,9.67,9.72,9.59,9.66,6908650,9.43
2010/06/07,9.46,9.49,9.30,9.35,12727941,9.16
2010/06/08,9.32,9.41,9.22,9.32,8783399,9.10
2010/06/09,9.38,9.67,9.31,9.62,13879801,9.27
2010/06/10,9.55,9.55,9.46,9.48,10114120,9.28
2010/06/11,9.55,9.66,9.52,9.55,14302665,9.37
2010/06/17,9.67,9.69,9.50,9.52,6152001,9.36
2010/06/18,9.51,9.55,9.32,9.34,7619075,9.24
2010/06/21,9.38,9.69,9.30,9.61,12361886,9.32
2010/06/22,9.61,9.67,9.55,9.57,9498892,9.39
2010/06/23,9.52,9.57,9.39,9.45,8405506,9.26
2010/06/24,9.46,9.52,9.39,9.43,5190193,9.23
2010/06/25,9.46,9.52,9.39,9.43,0,9.46
2010/06/28,9.34,9.40,9.24,9.28,8001502,9.09
2010/06/29,9.26,9.31,8.87,8.88,12455359,8.88
2010/06/30,8.87,8.88,8.58,8.61,8898286,8.48
2010/07/01,8.63,8.69,8.49,8.50,6383885,8.36
2010/07/02,8.51,8.51,8.26,8.50,10601082,8.18
2010/07/05,8.39,8.45,8.27,8.39,6416307,8.14
2010/07/06,8.39,8.57,8.37,8.57,8360927,8.28
2010/07/07,8.53,8.77,8.51,8.74,12360351,8.46
2010/07/08,8.77,8.80,8.64,8.65,6230263,8.50
2010/07/09,8.68,9.09,8.60,8.98,13979584,8.68
2010/07/12,8.97,9.19,8.92,9.07,12448772,8.84
2010/07/13,8.98,8.98,8.83,8.88,7206014,8.69
2010/07/14,8.97,9.11,8.93,9.01,9470651,8.80
2010/07/15,8.99,9.12,8.78,8.79,6479099,8.61
2010/07/16,8.78,8.90,8.67,8.89,5590387,8.42
2010/07/19,8.78,9.31,8.74,9.25,21538982,8.79
2010/07/20,9.22,9.66,9.20,9.64,28731870,9.16
2010/07/21,9.64,9.68,9.54,9.57,21811859,9.24
2010/07/22,9.55,9.68,9.50,9.62,13369087,9.21
2010/07/23,9.66,9.71,9.57,9.66,17018487,9.27
2010/07/26,9.72,9.84,9.67,9.75,17692570,9.38
2010/07/27,9.73,9.75,9.56,9.67,16088761,9.28
2010/07/28,9.67,10.60,9.59,10.38,45109362,9.70
2010/07/29,10.37,10.51,10.19,10.39,27359669,9.94
2010/07/30,10.34,10.34,10.10,10.22,15847325,9.83
2010/08/02,10.21,10.47,10.21,10.40,17899115,9.98
2010/08/03,10.45,10.64,10.25,10.26,34703093,10.13
2010/08/04,10.22,10.32,9.97,10.25,22314812,9.75
2010/08/05,10.25,10.25,9.98,10.04,14662000,9.72
2010/08/06,10.03,10.33,9.85,10.28,22165833,9.75
2010/08/09,10.26,10.31,10.16,10.31,16004371,9.88
2010/08/10,10.30,10.34,9.97,9.98,16155807,9.78
2010/08/11,9.95,10.06,9.87,9.96,10055912,9.59
2010/08/12,9.87,9.95,9.78,9.81,10782455,9.48
2010/08/13,9.80,10.01,9.77,9.97,9638099,9.51
2010/08/16,9.96,10.31,9.89,10.25,19705076,9.79
2010/08/17,10.25,10.49,10.24,10.41,26732802,10.02
2010/08/18,10.45,10.46,10.25,10.34,14416605,9.98
2010/08/19,10.37,10.74,10.37,10.63,39299897,10.24
2010/08/20,10.52,10.58,10.26,10.29,23804370,10.02
2010/08/23,10.28,10.35,10.15,10.18,12301139,9.87
2010/08/24,10.17,10.34,10.04,10.22,13403562,9.82
2010/08/25,10.12,10.21,9.97,10.00,12129072,9.70
2010/08/26,10.11,10.35,10.09,10.14,16601341,9.85
2010/08/27,10.13,10.13,9.98,10.09,8046862,9.67
2010/08/30,10.17,10.30,10.15,10.28,14129334,9.88
2010/08/31,10.24,10.24,10.06,10.17,14475880,9.75
2010/09/01,10.16,10.25,10.00,10.04,16335683,9.76
2010/09/02,10.17,10.25,10.08,10.14,14646271,9.79
2010/09/03,10.17,10.25,10.08,10.14,0,10.17
2010/09/06,10.18,10.47,10.17,10.45,31332353,9.97
2010/09/07,10.47,10.61,10.37,10.46,21491491,10.11
2010/09/08,10.38,10.45,10.24,10.43,17325046,9.96
2010/09/09,10.46,10.49,10.23,10.25,19790728,10.00
2010/09/10,10.23,10.32,9.96,10.13,15778702,9.73
2010/09/13,10.17,10.26,9.98,10.16,16256281,9.73
2010/09/14,10.19,10.22,10.05,10.07,11685250,9.74
2010/09/15,10.04,10.09,9.94,9.96,12517358,9.62
2010/09/16,9.93,10.00,9.65,9.71,12867637,9.46
2010/09/17,9.75,9.83,9.69,9.74,7614750,9.38
2010/09/20,9.74,9.83,9.57,9.71,9457629,9.35
2010/09/21,9.72,9.82,9.70,9.76,4336207,9.39
2010/09/27,9.80,10.02,9.75,10.00,10405958,9.54
2010/09/28,9.92,9.96,9.82,9.85,6930594,9.52
2010/09/29,9.85,10.34,9.77,10.06,17494713,9.73
2010/09/30,9.99,10.33,9.99,10.29,23128879,9.85
2010/10/08,10.52,11.24,10.44,11.14,78701391,10.60
2010/10/11,11.32,12.16,11.32,11.85,121688501,11.48
2010/10/12,11.82,12.65,11.54,12.33,90884826,11.77
2010/10/13,12.13,12.52,11.93,12.14,68169166,11.84
2010/10/14,12.26,12.55,11.97,12.28,78180284,11.93
2010/10/15,12.17,13.02,12.06,12.82,103775343,12.19
2010/10/18,12.87,12.93,12.26,12.46,80980101,12.19
2010/10/19,12.41,12.83,12.21,12.77,67636805,12.23
2010/10/20,12.33,13.67,12.21,13.26,116558893,12.60
2010/10/21,13.32,13.42,12.84,13.00,65797430,12.69
2010/10/22,13.08,13.63,12.97,13.19,95341481,12.89
2010/10/25,13.28,13.59,12.87,13.51,94938616,12.96
2010/10/26,13.57,13.66,13.13,13.31,62009298,13.02
2010/10/27,13.29,13.29,12.84,12.85,49854236,12.66
2010/10/28,12.79,13.02,12.67,12.86,38962994,12.45
2010/10/29,12.86,12.92,12.66,12.70,27238335,12.38
2010/11/01,12.70,13.47,12.67,13.44,72590430,12.78
2010/11/02,13.47,13.74,13.12,13.25,83149280,13.00
2010/11/03,13.23,13.37,12.80,13.02,40987742,12.72
2010/11/04,13.02,13.31,13.00,13.14,41248785,12.77
2010/11/05,13.44,13.56,13.12,13.25,47181266,12.90
2010/11/08,13.25,13.26,13.00,13.19,34732018,12.75
2010/11/09,13.22,13.30,13.02,13.27,45045389,12.81
2010/11/10,13.26,13.26,12.94,13.07,32015165,12.69
2010/11/11,13.02,13.66,13.00,13.24,103123111,13.07
2010/11/12,13.11,13.45,12.26,12.33,69898024,12.57
2010/11/15,12.37,12.47,11.86,12.30,39123976,11.78
2010/11/16,12.21,12.66,11.66,11.85,46290901,11.69
2010/11/17,11.55,11.80,11.35,11.45,31581920,11.16
2010/11/18,11.55,11.76,11.44,11.67,26101787,11.25
2010/11/19,11.75,11.76,11.03,11.49,61132036,10.94
2010/11/22,11.36,11.43,11.19,11.26,30528909,10.93
2010/11/23,11.25,11.25,10.72,11.09,32273771,10.60
2010/11/24,10.96,11.30,10.88,11.26,28131442,10.84
2010/11/25,11.37,11.42,11.17,11.39,30411701,10.94
2010/11/26,11.35,11.71,11.25,11.45,42672313,11.12
2010/11/29,11.37,11.37,11.06,11.18,23329132,10.80
2010/11/30,11.17,11.30,10.74,10.96,25668756,10.62
2010/12/01,10.96,11.01,10.87,10.94,12079885,10.57
2010/12/02,11.25,11.26,10.96,10.99,25848923,10.74
2010/12/03,11.02,11.05,10.87,10.97,13075210,10.56
2010/12/06,11.05,11.10,10.91,11.01,14976538,10.64
2010/12/07,10.97,11.26,10.75,11.17,22115803,10.64
2010/12/08,11.15,11.22,10.95,10.98,20446385,10.70
2010/12/09,10.87,11.02,10.79,10.80,13048831,10.51
2010/12/10,10.75,11.05,10.75,10.98,12002053,10.54
2010/12/13,11.04,11.39,11.01,11.38,30938950,10.86
2010/12/14,11.45,11.47,11.27,11.35,22333081,10.98
2010/12/15,11.32,11.81,11.29,11.55,45576154,11.23
2010/12/16,11.61,11.93,11.56,11.64,35290200,11.41
2010/12/17,11.61,11.62,11.44,11.57,13608710,11.14
2010/12/20,11.67,11.74,11.08,11.38,21271974,11.07
2010/12/21,11.43,11.87,11.43,11.79,35294155,11.36
2010/12/22,11.82,11.89,11.53,11.61,19735640,11.34
2010/12/23,11.82,11.89,11.53,11.61,0,11.71
2010/12/24,11.37,11.52,11.23,11.38,14185905,10.99
2010/12/27,11.33,11.87,11.27,11.40,34705106,11.29
2010/12/28,11.32,11.32,10.98,11.02,18380544,10.73
2010/12/29,11.07,11.16,10.77,10.88,15930511,10.51
2010/12/30,10.93,10.99,10.71,10.92,14569170,10.48
2010/12/31,10.93,11.25,10.92,11.23,19554759,10.75
2011/01/04,11.48,11.77,11.40,11.44,33816039,11.18
2011/01/05,11.40,11.56,11.27,11.55,23428176,11.08
2011/01/06,11.65,11.65,11.37,11.47,16038507,11.11
2011/01/07,11.47,11.53,11.27,11.36,18360831,11.04
2011/01/10,11.33,11.46,11.17,11.20,12382456,10.95
2011/01/11,11.12,11.27,11.07,11.26,10040540,10.80
2011/01/12,11.32,11.45,11.17,11.36,20457529,10.96
2011/01/13,11.43,11.45,11.20,11.31,10008357,10.97
2011/01/14,11.22,11.31,10.95,10.97,17355568,10.71
2011/01/17,10.88,11.00,10.52,10.54,18013564,10.35
2011/01/18,10.53,10.57,10.36,10.53,12165033,10.08
2011/01/19,10.57,10.78,10.48,10.75,12474360,10.28
2011/01/20,10.67,10.70,10.33,10.34,14507572,10.10
2011/01/21,10.35,10.58,10.29,10.45,14010396,10.07
2011/01/24,10.48,10.52,10.33,10.38,9486075,10.04
2011/01/25,10.37,10.45,10.32,10.41,5957075,10.03
2011/01/26,10.40,10.49,10.38,10.47,7694541,10.07
2011/01/27,10.42,10.69,10.37,10.62,18138697,10.19
2011/01/28,10.59,10.61,10.49,10.55,10598137,10.18
2011/01/31,10.54,10.71,10.49,10.68,12964523,10.26
2011/02/01,10.72,10.83,10.64,10.69,11883727,10.36
2011/02/09,10.57,10.66,10.41,10.43,11343683,10.15
2011/02/10,10.43,10.64,10.39,10.61,12024039,10.15
2011/02/11,10.63,10.66,10.54,10.61,12787746,10.23
2011/02/14,10.61,11.01,10.61,10.98,31427436,10.50
2011/02/15,10.97,11.20,10.89,10.98,30364280,10.67
2011/02/16,10.96,11.17,10.92,11.13,21150737,10.70
2011/02/17,11.14,11.22,10.98,11.07,19788264,10.71
2011/02/18,11.07,11.13,10.87,10.90,15898704,10.56
2011/02/21,10.87,11.06,10.84,11.04,18145947,10.60
2011/02/22,11.12,11.21,10.80,10.82,25252049,10.61
2011/02/23,10.77,10.92,10.70,10.77,15503173,10.42
2011/02/24,10.77,11.12,10.77,10.97,20858320,10.59
2011/02/25,11.02,11.03,10.71,10.87,15960360,10.47
2011/02/28,10.87,11.06,10.77,11.01,16819489,10.54
2011/03/01,11.01,11.07,10.91,11.00,21226855,10.62
2011/03/02,10.97,11.13,10.89,11.10,27047566,10.65
2011/03/03,11.14,11.17,10.97,11.03,26289535,10.70
2011/03/04,11.07,11.22,10.97,11.16,35644030,10.76
2011/03/07,11.28,12.24,11.22,12.24,141251229,11.54
2011/03/08,12.32,12.35,11.80,11.97,97957093,11.66
2011/03/09,11.98,11.98,11.75,11.87,38793051,11.47
2011/03/10,11.82,11.83,11.48,11.53,40738549,11.23
2011/03/11,11.46,11.71,11.45,11.49,33956541,11.20
2011/03/14,11.43,11.63,11.36,11.56,25162998,11.14
2011/03/15,11.50,11.50,11.09,11.24,35437339,10.86
2011/03/16,11.23,11.63,11.23,11.53,32896290,11.11
2011/03/17,11.45,11.92,11.33,11.58,53139019,11.33
2011/03/18,11.82,11.87,11.53,11.57,32116406,11.29
2011/03/21,11.57,11.80,11.53,11.62,26454626,11.29
2011/03/22,11.66,11.72,11.44,11.66,21865626,11.24
2011/03/23,11.55,11.66,11.35,11.50,72538494,11.12
2011/03/24,11.44,11.48,11.17,11.21,56183561,10.91
2011/03/25,11.21,11.33,11.13,11.27,36170504,10.88
2011/03/28,11.28,11.60,11.28,11.36,46349953,11.08
2011/03/29,11.32,11.46,11.18,11.23,31648592,10.92
2011/03/30,11.22,11.29,11.07,11.15,23846601,10.80
2011/03/31,11.15,11.29,11.09,11.16,16616339,10.80
2011/04/01,11.23,11.46,11.13,11.41,27978423,10.94
2011/04/06,11.32,11.51,11.27,11.45,36402371,11.04
2011/04/07,11.48,11.53,11.37,11.43,23995630,11.07
2011/04/08,11.44,11.55,11.42,11.50,29671507,11.12
2011/04/11,11.58,11.81,11.53,11.59,60662384,11.32
2011/04/12,11.47,11.67,11.42,11.62,41047293,11.17
2011/04/13,11.54,11.73,11.44,11.73,41274027,11.23
2011/04/14,11.71,11.72,11.50,11.54,27341703,11.23
2011/04/15,11.54,11.68,11.43,11.53,23388227,11.15
2011/04/18,11.54,11.61,11.44,11.50,25612618,11.14
2011/04/19,11.40,11.42,11.18,11.20,28950147,10.90
2011/04/20,11.28,11.31,11.20,11.23,15540271,10.88
2011/04/21,11.35,11.48,11.26,11.32,24097283,10.99
2011/04/22,11.31,11.35,11.21,11.25,14396235,10.89
2011/04/25,11.20,11.35,11.02,11.05,18397029,10.80
2011/04/26,11.04,11.17,10.93,10.98,15859698,10.64
2011/04/27,11.00,11.09,10.87,10.91,13857713,10.62
2011/04/28,11.05,11.09,10.87,10.90,17457710,10.61
2011/04/29,10.92,11.13,10.90,11.10,14103698,10.66
2011/05/03,11.07,11.09,10.95,11.07,11140390,10.65
2011/05/04,11.00,11.03,10.70,10.71,17530664,10.47
2011/05/05,10.67,10.77,10.58,10.66,10231789,10.30
2011/05/06,10.51,10.59,10.44,10.52,12915159,10.13
2011/05/09,10.57,10.68,10.53,10.59,7611748,10.22
2011/05/10,10.62,10.72,10.62,10.69,11304569,10.31
2011/05/11,10.71,10.72,10.55,10.59,11309005,10.25
2011/05/12,10.50,10.56,10.36,10.38,13566101,10.08
2011/05/13,10.38,10.54,10.38,10.53,8423308,10.09
2011/05/16,10.55,10.56,10.43,10.45,6770041,10.12
2011/05/17,10.45,10.89,10.43,10.66,18206536,10.33
2011/05/18,10.53,10.79,10.53,10.68,10990023,10.31
2011/05/19,10.75,10.77,10.57,10.60,7133802,10.28
2011/05/20,10.61,10.67,10.57,10.58,5400065,10.24
2011/05/23,10.57,10.57,10.26,10.28,14195171,10.02
2011/05/24,10.28,10.40,10.27,10.35,9962266,9.96
2011/05/25,10.37,10.41,10.25,10.27,8688653,9.95
2011/05/26,10.35,10.39,10.26,10.27,7210375,9.94
2011/05/27,10.35,10.39,10.26,10.27,0,10.33
2011/05/30,10.35,10.42,10.05,10.10,11698605,9.88
2011/05/31,10.08,10.33,10.08,10.29,9692306,9.82
2011/06/01,10.27,10.36,10.22,10.34,9223524,9.94
2011/06/02,10.24,10.32,10.07,10.18,10127445,9.80
2011/06/03,10.17,10.27,10.13,10.22,7124137,9.84
2011/06/07,10.19,10.33,10.15,10.32,6907827,9.85
2011/06/08,10.27,10.34,10.19,10.31,8432834,9.91
2011/06/09,10.31,10.36,10.17,10.19,7376295,9.90
2011/06/10,10.19,10.24,10.02,10.18,9255260,9.76
2011/06/13,10.14,10.15,10.03,10.11,5334982,9.56
2011/06/14,10.12,10.23,10.06,10.22,12730298,9.65
2011/06/15,10.18,10.25,10.09,10.12,11617907,9.64
2011/06/16,10.05,10.07,9.88,9.90,10101086,9.44
2011/06/17,9.90,9.98,9.80,9.81,7077142,9.39
2011/06/20,9.87,9.87,9.69,9.73,7451363,9.24
2011/06/21,9.80,10.20,9.72,10.13,20390309,9.47
2011/06/22,10.08,10.15,10.02,10.08,11512607,9.58
2011/06/23,10.06,10.23,9.98,10.20,9842056,9.62
2011/06/24,10.13,10.53,10.12,10.40,21281640,9.87
2011/06/27,10.37,10.52,10.32,10.44,14078452,9.90
2011/06/28,10.48,10.49,10.29,10.37,8442909,9.85
2011/06/29,10.38,10.40,10.22,10.23,9873052,9.77
2011/06/30,10.26,10.58,10.22,10.52,23832697,9.94
2011/07/01,10.52,10.85,10.47,10.70,31520917,10.19
2011/07/04,10.80,10.92,10.71,10.80,24565921,10.30
2011/07/05,10.79,10.79,10.67,10.76,12620087,10.21
2011/07/06,10.74,10.86,10.66,10.73,13413764,10.23
2011/07/07,10.72,10.87,10.67,10.75,12380593,10.24
2011/07/08,10.79,10.80,10.69,10.71,7832851,10.21
2011/07/11,10.65,10.71,10.59,10.61,10607566,10.12
2011/07/12,10.55,10.62,10.42,10.43,13323020,10.02
2011/07/13,10.50,10.87,10.44,10.79,27076998,10.22
2011/07/14,10.89,11.39,10.89,11.07,38054664,10.58
2011/07/15,11.02,11.28,11.02,11.10,27083267,10.65
2011/07/18,11.13,11.56,11.13,11.28,36024565,10.87
2011/07/19,11.20,11.79,11.19,11.61,71560998,11.09
2011/07/20,11.62,11.64,11.36,11.52,29900941,11.00
2011/07/21,11.52,11.56,11.19,11.32,21969545,10.79
2011/07/22,11.33,11.43,11.22,11.38,19549208,10.80
2011/07/25,11.28,11.55,11.20,11.30,37021807,10.86
2011/07/26,11.22,11.42,10.92,11.23,23870245,10.64
2011/07/27,11.07,11.36,11.06,11.26,17672003,10.69
2011/07/28,11.15,11.52,11.11,11.42,24230553,10.82
2011/07/29,11.38,11.45,11.10,11.19,15307441,10.78
2011/08/01,11.18,11.49,11.07,11.35,17111494,10.85
2011/08/02,11.26,11.48,11.13,11.43,14597145,10.77
2011/08/03,11.30,11.52,11.25,11.26,13934111,10.87
2011/08/04,11.26,11.43,11.08,11.27,14951450,10.71
2011/08/05,10.91,11.12,10.80,10.81,19258211,10.40
2011/08/08,10.61,10.80,10.03,10.29,23266361,9.89
2011/08/09,10.00,10.30,9.86,10.23,18910315,9.59
2011/08/10,10.36,10.49,10.24,10.29,13763792,9.87
2011/08/11,10.14,10.45,10.10,10.40,17025921,9.79
2011/08/12,10.52,10.65,10.44,10.47,13965131,10.02
2011/08/15,10.48,10.59,10.35,10.51,10602981,9.93
2011/08/16,10.52,10.64,10.47,10.51,14608678,10.01
2011/08/17,10.54,10.62,10.45,10.48,13767269,10.02
2011/08/18,10.50,10.51,10.30,10.31,10810000,9.88
2011/08/19,10.12,10.28,10.03,10.14,13404779,9.62
2011/08/22,10.14,10.26,9.93,9.97,10926100,9.58
2011/08/23,10.03,10.16,9.96,10.16,7508442,9.54
2011/08/24,10.22,10.28,10.08,10.13,8168054,9.67
2011/08/25,10.23,10.61,10.13,10.58,21266462,9.93
2011/08/26,10.45,10.64,10.45,10.60,12626083,10.02
2011/08/29,10.52,10.60,10.42,10.44,9046112,9.95
2011/08/30,10.56,10.62,10.39,10.40,13537926,10.00
2011/08/31,10.41,10.47,10.11,10.29,22798698,9.76
2011/09/01,10.29,10.37,10.12,10.22,8267009,9.73
2011/09/02,10.15,10.24,10.01,10.08,7179222,9.59
2011/09/05,9.97,10.04,9.93,9.95,7029238,9.45
2011/09/06,9.92,10.02,9.88,10.01,7518977,9.43
2011/09/07,10.05,10.24,10.02,10.22,7899547,9.62
2011/09/08,10.26,10.32,10.10,10.12,7900670,9.71
2011/09/09,10.17,10.29,9.95,10.04,9147944,9.55
2011/09/13,9.93,10.02,9.91,9.98,7855399,9.44
2011/09/14,10.01,10.16,9.93,10.16,7379167,9.52
2011/09/15,10.18,10.22,10.05,10.07,6097320,9.62
2011/09/16,10.12,10.23,10.07,10.11,5714815,9.63
2011/09/19,9.92,9.92,9.42,9.54,31309805,9.07
2011/09/20,9.42,9.49,9.23,9.43,25357047,8.83
2011/09/21,9.43,9.72,9.27,9.65,27788029,9.07
2011/09/22,9.53,9.60,9.37,9.41,21284511,8.94
2011/09/23,9.24,9.42,9.17,9.28,21400504,8.75
2011/09/26,9.32,9.52,9.30,9.38,15555186,8.88
2011/09/27,9.46,9.64,9.40,9.57,16364208,9.01
2011/09/28,9.69,9.69,9.43,9.49,9619838,9.03
2011/09/29,9.42,9.61,9.39,9.59,12813835,9.03
2011/09/30,9.58,9.67,9.42,9.47,15688643,9.01
2011/10/10,9.52,9.62,9.46,9.53,10839131,9.02
2011/10/11,9.77,9.85,9.21,9.25,24128901,8.93
2011/10/12,9.22,9.58,9.00,9.52,19299919,8.84
2011/10/13,9.50,9.63,9.45,9.54,12765632,9.01
2011/10/14,9.55,9.69,9.51,9.58,12068015,9.08
2011/10/17,9.60,9.74,9.58,9.65,12334786,9.13
2011/10/18,9.60,9.62,9.41,9.43,8074560,8.99
2011/10/19,9.45,9.58,9.44,9.49,7129833,8.99
2011/10/20,9.48,9.56,9.02,9.23,17079251,8.67
2011/10/21,9.18,9.32,9.18,9.21,6124340,8.73
2011/10/24,9.22,9.58,9.17,9.52,16459711,8.87
2011/10/25,9.53,9.82,9.44,9.71,21337451,9.13
2011/10/26,9.63,9.97,9.60,9.80,28795362,9.33
2011/10/27,9.86,9.98,9.77,9.87,13672138,9.35
2011/10/28,9.98,10.53,9.98,10.17,55110162,9.76
2011/10/31,10.20,10.20,10.00,10.16,18622819,9.59
2011/11/01,10.11,10.46,10.03,10.24,21687635,9.76
2011/11/02,10.10,10.34,10.00,10.33,19092382,9.64
2011/11/03,10.38,10.39,10.21,10.24,16523558,9.80
2011/11/04,10.37,10.44,10.28,10.36,19255809,9.86
2011/11/07,10.36,10.55,10.30,10.39,18158305,9.90
2011/11/08,10.38,10.54,10.29,10.36,18127207,9.91
2011/11/09,10.43,10.52,10.27,10.42,14192990,9.91
2011/11/10,10.33,10.41,10.24,10.25,9452495,9.79
2011/11/11,10.37,10.42,10.20,10.26,8495840,9.80
2011/11/14,10.35,10.97,10.35,10.87,50591591,10.24
2011/11/15,10.82,11.04,10.76,10.95,27248250,10.40
2011/11/16,10.92,10.97,10.47,10.56,28252563,10.15
2011/11/17,10.60,10.98,10.54,10.71,29280423,10.25
2011/11/18,10.63,10.63,10.30,10.33,20625806,9.90
2011/11/21,10.32,10.38,10.04,10.19,17914088,9.65
2011/11/22,10.04,10.20,10.03,10.13,10191939,9.59
2011/11/23,10.15,10.19,9.82,9.85,16335318,9.51
2011/11/24,9.82,9.91,9.59,9.82,10979009,9.23
2011/11/25,9.80,9.98,9.72,9.78,10563414,9.32
2011/11/28,9.81,10.02,9.81,9.93,10822610,9.41
2011/11/29,10.04,10.19,9.95,10.13,14095233,9.56
2011/11/30,10.12,10.19,9.66,9.75,22389913,9.37
2011/12/01,10.10,10.18,9.89,9.91,33017736,9.51
2011/12/02,9.89,9.89,9.74,9.78,7558741,9.29
2011/12/05,9.73,9.82,9.62,9.74,9860761,9.21
2011/12/06,9.70,9.87,9.68,9.80,8326218,9.25
2011/12/07,9.80,9.85,9.71,9.76,4140638,9.26
2011/12/08,9.76,9.85,9.60,9.69,9411500,9.18
2011/12/09,9.64,9.67,9.49,9.50,10099474,9.04
2011/12/12,9.49,9.52,9.35,9.38,6124945,8.92
2011/12/13,9.35,9.43,9.14,9.22,9365428,8.77
2011/12/14,9.22,9.36,9.11,9.15,8135847,8.71
2011/12/15,9.12,9.12,8.81,8.83,16212858,8.42
2011/12/16,9.12,9.12,8.81,8.83,0,8.96
2011/12/19,8.89,8.95,8.68,8.91,17257730,8.29
2011/12/20,8.86,9.10,8.84,8.99,11881239,8.50
2011/12/21,9.10,9.15,8.88,8.91,5774924,8.50
2011/12/22,8.83,9.18,8.80,9.12,12035830,8.48
2011/12/23,9.07,9.42,9.07,9.33,14576591,8.80
2011/12/26,9.27,9.40,9.20,9.21,5958836,8.75
2011/12/27,9.20,9.32,9.11,9.22,6353203,8.66
2011/12/28,9.21,9.31,9.11,9.27,8247586,8.71
2011/12/29,9.27,9.48,9.21,9.45,12702448,8.86
2011/12/30,9.44,9.57,9.37,9.53,8632441,8.96
2012/01/04,9.60,9.65,9.03,9.08,13668333,8.74
2012/01/05,9.07,9.21,9.02,9.06,8766846,8.60
2012/01/06,9.11,9.20,8.99,9.19,6562296,8.56
2012/01/09,9.19,9.82,9.09,9.80,23606003,9.08
2012/01/10,9.74,10.20,9.72,10.09,27409809,9.45
2012/01/11,10.09,10.17,9.91,10.05,17907463,9.54
2012/01/12,10.02,10.22,9.97,10.04,13239053,9.58
2012/01/13,10.06,10.13,9.72,9.81,12886971,9.39
2012/01/16,9.75,10.02,9.69,9.70,11185873,9.32
2012/01/17,9.72,10.32,9.70,10.31,18925918,9.57
2012/01/18,10.23,10.36,9.97,9.99,15630486,9.66
2012/01/19,10.07,10.22,9.97,10.10,12031329,9.59
2012/01/20,10.17,10.21,10.07,10.18,10055739,9.64
2012/01/30,10.18,10.19,9.93,9.94,10525842,9.53
2012/01/31,9.94,10.05,9.86,9.92,11462907,9.40
2012/02/01,9.90,10.00,9.84,9.88,6766680,9.39
2012/02/02,9.92,10.13,9.83,10.12,12691812,9.50
2012/02/03,10.02,10.16,9.96,10.12,12339914,9.56
2012/02/06,10.20,10.32,10.14,10.22,11526914,9.71
2012/02/07,10.14,10.21,9.90,9.99,9007560,9.49
2012/02/08,9.99,10.39,9.95,10.34,16626145,9.72
2012/02/09,10.26,10.34,10.18,10.23,12414945,9.75
2012/02/10,10.24,10.31,10.11,10.18,9765382,9.70
2012/02/13,10.10,10.33,10.02,10.18,10503632,9.65
2012/02/14,10.12,10.21,10.00,10.07,10694263,9.54
2012/02/15,10.06,10.31,10.04,10.30,17299701,9.68
2012/02/16,10.24,10.25,10.02,10.14,16655552,9.61
2012/02/17,10.14,10.20,10.02,10.08,7984849,9.58
2012/02/20,10.20,10.34,10.12,10.23,18967846,9.73
2012/02/21,10.25,10.28,10.09,10.28,8922017,9.70
2012/02/22,10.28,10.45,10.22,10.44,17124236,9.84
2012/02/23,10.41,10.51,10.38,10.43,14399252,9.93
2012/02/24,10.48,10.69,10.44,10.63,22781192,10.10
2012/02/27,10.63,10.74,10.53,10.54,23761619,10.12
2012/02/28,10.54,10.57,10.37,10.47,16129980,9.96
2012/02/29,10.46,10.55,10.37,10.42,11687949,9.95
2012/03/01,10.34,10.47,10.34,10.40,6889406,9.88
2012/03/02,10.42,10.61,10.42,10.53,13196197,10.00
2012/03/05,10.52,10.56,10.42,10.43,10180782,9.96
2012/03/06,10.41,10.41,10.07,10.12,22925238,9.65
2012/03/07,10.05,10.10,9.95,10.00,10717913,9.50
2012/03/08,10.05,10.16,10.02,10.09,10051548,9.57
2012/03/09,10.13,10.27,10.08,10.25,13955652,9.66
2012/03/12,10.22,10.24,9.97,10.10,16451173,9.56
2012/03/13,10.11,10.19,10.01,10.16,15599931,9.58
2012/03/14,10.22,10.23,9.76,9.81,28370519,9.51
2012/03/15,9.79,9.90,9.56,9.63,20365196,9.21
2012/03/16,9.68,9.73,9.57,9.73,11787206,9.16
2012/03/19,9.72,9.80,9.68,9.74,14984914,9.23
2012/03/20,9.82,9.86,9.62,9.66,14687967,9.24
2012/03/21,9.72,9.87,9.65,9.73,17227690,9.23
2012/03/22,9.72,9.82,9.60,9.73,10760617,9.19
2012/03/23,9.68,9.74,9.58,9.64,8255146,9.13
2012/03/26,9.67,9.68,9.58,9.63,5057526,9.12
2012/03/27,9.68,9.75,9.66,9.68,6050442,9.18
2012/03/28,9.67,9.67,9.37,9.38,12206196,8.99
2012/03/29,9.37,9.43,9.29,9.37,9935862,8.84
2012/03/30,9.40,9.67,9.37,9.61,12740071,9.02
2012/04/05,9.57,9.72,9.45,9.68,16676695,9.06
2012/04/06,9.65,9.68,9.56,9.60,8788035,9.09
2012/04/09,9.55,9.55,9.41,9.42,6414411,8.96
2012/04/10,9.40,9.50,9.30,9.50,6839153,8.87
2012/04/11,9.40,9.50,9.30,9.50,0,9.40
2012/04/12,9.42,9.72,9.41,9.71,20737924,9.11
2012/04/13,9.69,9.78,9.63,9.70,11368343,9.18
2012/04/16,9.68,9.72,9.61,9.66,7622550,9.13
2012/04/17,9.66,9.70,9.56,9.58,5495467,9.11
2012/04/18,9.64,9.82,9.59,9.78,12895856,9.22
2012/04/19,9.76,9.78,9.70,9.72,8735276,9.21
2012/04/20,9.70,9.84,9.65,9.81,12788683,9.25
2012/04/23,9.81,9.83,9.72,9.73,7514690,9.25
2012/04/24,9.72,9.87,9.58,9.70,11944678,9.20
2012/04/25,9.69,9.88,9.58,9.85,17385625,9.23
2012/04/26,9.84,10.04,9.81,9.93,20531116,9.44
2012/04/27,9.89,10.03,9.83,9.95,10526590,9.43
2012/05/02,10.13,10.47,10.03,10.32,36103205,9.76
2012/05/03,10.25,10.34,10.15,10.23,21816952,9.71
2012/05/04,10.18,10.27,10.13,10.18,15809274,9.68
2012/05/07,10.11,10.26,10.08,10.22,19607810,9.66
2012/05/08,10.21,10.25,10.10,10.20,14687938,9.67
2012/05/09,10.10,10.13,9.93,9.97,12190638,9.49
2012/05/10,9.98,10.04,9.95,9.98,5579735,9.47
2012/05/11,9.95,10.02,9.85,9.89,10179898,9.40
2012/05/14,9.97,10.00,9.70,9.72,15156992,9.29
2012/05/15,9.60,9.71,9.60,9.70,6844799,9.14
2012/05/16,9.65,9.70,9.54,9.55,8959588,9.09
2012/05/17,9.56,9.71,9.55,9.69,10734314,9.11
2012/05/18,9.62,9.63,9.55,9.57,6424052,9.06
2012/05/21,9.55,9.74,9.55,9.69,7127281,9.15
2012/05/22,9.73,9.75,9.66,9.74,8804981,9.19
2012/05/23,9.71,9.71,9.57,9.62,8156507,9.11
2012/05/24,9.65,9.69,9.58,9.65,5922380,9.11
2012/05/25,9.65,9.69,9.58,9.65,0,9.63
2012/05/28,9.52,9.71,9.44,9.71,9118401,9.07
2012/05/29,9.66,9.81,9.65,9.77,12895132,9.23
2012/05/30,9.75,9.75,9.62,9.68,13242847,9.16
2012/05/31,9.61,9.62,9.54,9.55,10573183,9.05
2012/06/01,9.57,9.62,9.47,9.50,12684116,9.01
2012/06/04,9.36,9.41,9.30,9.31,12041092,8.83
2012/06/05,9.33,9.39,9.22,9.26,8163349,8.79
2012/06/06,9.26,9.32,9.20,9.24,9867857,8.75
2012/06/07,9.32,9.34,9.24,9.27,10830005,8.77
2012/06/08,9.36,9.36,9.14,9.16,10577317,8.47
2012/06/11,9.16,9.32,9.14,9.28,5153821,8.49
2012/06/12,9.24,9.25,9.12,9.12,8530389,8.41
2012/06/13,9.11,9.16,8.93,9.11,21269290,8.28
2012/06/14,9.05,9.10,9.01,9.02,11285278,8.31
2012/06/15,9.03,9.10,8.99,9.08,8788399,8.31
2012/06/18,9.11,9.20,9.08,9.09,10440240,8.39
2012/06/19,9.07,9.09,8.98,9.02,7926833,8.28
2012/06/20,9.03,9.08,8.99,9.03,8915890,8.29
2012/06/21,8.94,9.00,8.91,8.94,9177803,8.20
2012/06/25,8.90,8.90,8.64,8.70,11583235,8.00
2012/06/26,8.65,8.74,8.60,8.65,7183541,7.92
2012/06/27,8.64,8.71,8.61,8.61,6072269,7.92
2012/06/28,8.63,8.67,8.43,8.44,11069895,7.78
2012/06/29,8.43,8.51,8.24,8.48,10012544,7.68
2012/07/02,8.57,8.61,8.39,8.46,12929783,7.75
2012/07/03,8.47,8.50,8.33,8.41,9629544,7.68
2012/07/04,8.45,8.56,8.45,8.50,14327901,7.77
2012/07/05,8.44,8.44,8.29,8.36,8297025,7.61
2012/07/06,8.38,8.44,8.22,8.42,13112071,7.58
2012/07/09,8.34,8.34,8.15,8.16,12489095,7.50
2012/07/10,8.16,8.23,8.11,8.14,6425292,7.43
2012/07/11,8.14,8.24,8.13,8.22,5501847,7.47
2012/07/12,8.20,8.62,8.13,8.57,26680959,7.72
2012/07/13,8.49,8.59,8.45,8.51,9570763,7.78
2012/07/16,8.52,8.53,8.36,8.39,8001037,7.69
2012/07/17,8.37,8.50,8.37,8.48,6233342,7.71
2012/07/18,8.45,8.55,8.41,8.54,5814420,7.75
2012/07/19,8.56,8.61,8.48,8.52,7543105,7.81
2012/07/20,8.52,8.53,8.42,8.47,5650673,7.72
2012/07/23,8.44,8.44,8.25,8.31,5035929,7.58
2012/07/24,8.25,8.36,8.17,8.27,9024600,7.51
2012/07/25,8.22,8.29,8.20,8.21,3553166,7.51
2012/07/26,8.24,8.32,8.19,8.22,4816544,7.52
2012/07/27,8.26,8.36,8.21,8.31,6684143,7.55
2012/07/30,8.31,8.38,8.26,8.27,6949498,7.57
2012/07/31,8.27,8.34,8.14,8.22,8120806,7.46
2012/08/01,8.22,8.41,8.19,8.35,8358889,7.57
2012/08/02,8.32,8.35,8.22,8.26,4816325,7.54
2012/08/03,8.27,8.40,8.23,8.40,8105339,7.58
2012/08/06,8.40,8.53,8.37,8.51,10698418,7.72
2012/08/07,8.51,8.51,8.42,8.46,8558789,7.72
2012/08/08,8.50,8.59,8.46,8.52,10766548,7.79
2012/08/09,8.51,8.54,8.43,8.52,6654391,7.75
2012/08/10,8.50,8.53,8.44,8.48,5443948,7.74
2012/08/13,8.46,8.47,8.35,8.35,7365806,7.66
2012/08/14,8.34,8.40,8.28,8.34,6729597,7.59
2012/08/15,8.33,8.34,8.22,8.23,5104795,7.51
2012/08/16,8.22,8.28,8.20,8.24,3094050,7.50
2012/08/17,8.24,8.27,8.17,8.24,4321856,7.48
2012/08/20,8.19,8.23,8.13,8.17,5130882,7.44
2012/08/21,8.18,8.24,8.16,8.19,7873824,7.46
2012/08/22,8.19,8.22,8.08,8.11,6807175,7.41
2012/08/23,8.10,8.23,8.10,8.16,10172611,7.43
2012/08/24,8.17,8.17,7.99,7.99,10095609,7.31
2012/08/27,7.99,7.99,7.71,7.72,13378324,7.07
2012/08/28,7.72,7.89,7.68,7.78,6698540,7.02
2012/08/29,7.78,7.79,7.54,7.56,9274906,6.92
2012/08/30,7.49,7.63,7.49,7.62,8085510,7.56
2012/08/31,7.57,7.64,7.44,7.51,7668108,6.84
2012/09/03,7.52,7.60,7.50,7.54,8140519,6.81
2012/09/04,7.54,7.58,7.45,7.47,7467424,6.78
2012/09/05,7.45,7.47,7.37,7.40,6718156,6.67
2012/09/06,7.40,7.47,7.39,7.47,6364724,7.43
2012/09/07,7.52,7.94,7.50,7.87,24830625,7.72
2012/09/10,7.85,7.88,7.73,7.85,21274717,7.81
2012/09/11,7.80,7.80,7.72,7.77,9419142,7.00
2012/09/12,7.79,7.87,7.75,7.84,12101514,7.08
2012/09/13,7.86,7.87,7.76,7.78,12606514,7.09
2012/09/14,7.89,7.97,7.80,7.85,16980528,7.14
2012/09/17,7.87,7.88,7.69,7.69,9584695,7.03
2012/09/18,7.64,7.69,7.53,7.54,7504156,6.86
2012/09/19,7.55,7.62,7.52,7.61,5094206,7.57
2012/09/20,7.57,7.59,7.39,7.41,8264599,6.72
2012/09/21,7.38,7.58,7.36,7.49,8277027,6.76
2012/09/24,7.45,7.63,7.38,7.57,9388555,7.50
2012/09/25,7.54,7.61,7.47,7.52,6542638,6.80
2012/09/26,7.52,7.57,7.41,7.45,5245878,6.74
2012/09/27,7.45,7.79,7.43,7.78,16222473,7.61
2012/09/28,7.71,7.88,7.67,7.83,12488207,7.06
2012/10/08,7.83,7.87,7.67,7.74,6349324,7.02
2012/10/09,7.79,7.92,7.76,7.88,12007421,7.12
2012/10/10,7.85,7.94,7.85,7.92,8508432,7.16
2012/10/11,7.99,8.05,7.92,7.92,17551070,7.24
2012/10/12,7.92,8.01,7.89,7.94,8112184,7.19
2012/10/15,7.91,7.93,7.81,7.85,4564330,7.11
2012/10/16,7.85,7.95,7.84,7.86,5382656,7.14
2012/10/17,7.89,7.96,7.82,7.90,5600761,7.15
2012/10/18,7.90,8.03,7.90,7.99,11634794,7.25
2012/10/19,8.00,8.05,7.90,7.97,8858820,7.22
2012/10/22,7.92,7.98,7.87,7.93,9640361,7.19
2012/10/23,7.95,7.96,7.87,7.88,5712142,7.16
2012/10/24,7.84,7.92,7.82,7.88,4745312,7.14
2012/10/25,7.91,7.95,7.86,7.86,4272784,7.17
2012/10/26,7.85,7.90,7.72,7.76,8597783,7.04
2012/10/29,7.74,7.77,7.59,7.63,6234831,6.91
2012/10/30,7.64,7.71,7.62,7.69,6320972,6.92
2012/10/31,7.69,7.76,7.64,7.75,6184148,7.70
2012/11/01,7.74,7.90,7.74,7.90,10013422,7.82
2012/11/02,7.90,7.94,7.88,7.92,7521807,7.17
2012/11/05,7.92,8.06,7.91,7.99,13362845,7.27
2012/11/06,8.01,8.01,7.83,7.93,6848825,7.17
2012/11/07,7.95,7.96,7.87,7.91,4533891,7.17
2012/11/08,7.84,7.84,7.76,7.77,4506663,7.06
2012/11/09,7.73,7.78,7.68,7.71,4131059,6.99
2012/11/12,7.73,7.77,7.66,7.74,4616755,6.99
2012/11/13,7.74,7.75,7.62,7.63,4007140,6.91
2012/11/14,7.64,7.74,7.63,7.72,4718815,7.69
2012/11/15,7.69,7.71,7.63,7.65,3466930,6.92
2012/11/16,7.68,7.68,7.54,7.64,6183806,7.61
2012/11/19,7.60,7.64,7.58,7.63,2998329,6.87
2012/11/20,7.66,7.69,7.61,7.62,2962809,6.91
2012/11/21,7.65,7.72,7.55,7.68,5353244,7.63
2012/11/22,7.64,7.68,7.61,7.64,2625189,6.90
2012/11/23,7.68,7.70,7.61,7.64,5978629,6.92
2012/11/26,7.64,7.65,7.57,7.58,3853587,6.86
2012/11/27,7.59,7.62,7.51,7.57,6386754,6.84
2012/11/28,7.52,7.57,7.48,7.51,5625886,6.78
2012/11/29,7.51,7.54,7.42,7.48,6983556,7.48
2012/11/30,7.46,7.55,7.43,7.54,7332176,7.49
2012/12/03,7.51,7.55,7.45,7.48,5928759,6.76
2012/12/04,7.49,7.54,7.45,7.53,4432479,7.50
2012/12/05,7.53,7.79,7.51,7.71,11898242,6.94
2012/12/06,7.69,7.75,7.65,7.70,6189052,6.95
2012/12/07,7.68,7.90,7.68,7.86,16017645,7.09
2012/12/10,7.88,7.90,7.80,7.86,13288516,7.12
2012/12/11,7.84,7.99,7.79,7.88,13400631,7.15
2012/12/12,7.86,7.91,7.82,7.89,7945122,7.13
2012/12/13,7.85,7.89,7.78,7.80,8240459,7.09
2012/12/14,7.83,8.12,7.80,8.09,29197962,7.96
2012/12/17,8.09,8.48,8.06,8.25,32189556,7.53
2012/12/18,8.25,8.39,8.15,8.25,16593257,7.52
2012/12/19,8.28,8.36,8.22,8.28,14681636,7.57
2012/12/20,8.24,8.33,8.13,8.32,11896481,7.49
2012/12/21,8.34,8.54,8.25,8.27,24741329,7.65
2012/12/24,8.25,8.38,8.20,8.24,11354671,7.53
2012/12/25,8.22,8.47,8.17,8.42,21570857,7.62
2012/12/26,8.43,8.47,8.34,8.43,11325450,7.67
2012/12/27,8.47,8.57,8.41,8.46,15486782,7.73
2012/12/28,8.46,8.51,8.41,8.50,11571109,7.72
2012/12/31,8.52,8.61,8.46,8.56,18016612,7.80
2013/01/04,8.65,8.68,8.44,8.51,15048785,7.81
2013/01/07,8.50,8.55,8.45,8.53,12858943,7.77
2013/01/08,8.52,8.55,8.45,8.49,11473354,7.74
2013/01/09,8.49,8.56,8.40,8.56,21536370,7.74
2013/01/10,8.53,8.59,8.44,8.50,24024722,7.78
2013/01/11,8.48,8.52,8.33,8.40,19608166,7.68
2013/01/14,8.38,8.57,8.35,8.56,19569383,7.74
2013/01/15,8.56,8.64,8.52,8.61,20687316,7.86
2013/01/16,8.62,8.72,8.53,8.64,22470149,7.89
2013/01/17,8.64,8.64,8.50,8.52,15530095,7.84
2013/01/18,8.59,8.69,8.57,8.66,14812321,7.89
2013/01/21,8.67,8.78,8.53,8.66,20180571,7.95
2013/01/22,8.64,8.64,8.51,8.56,14362504,7.84
2013/01/23,8.55,8.61,8.51,8.55,8837150,7.80
2013/01/24,8.57,8.70,8.43,8.46,17907411,7.85
2013/01/25,8.50,8.55,8.45,8.51,7315385,7.77
2013/01/28,8.53,8.67,8.51,8.64,12835684,7.87
2013/01/29,8.63,8.78,8.62,8.73,18423408,7.96
2013/01/30,8.78,8.83,8.71,8.75,14617937,8.03
2013/01/31,8.75,8.85,8.70,8.83,18737615,8.04
2013/02/01,8.80,8.86,8.73,8.82,12328699,8.06
2013/02/04,8.84,9.18,8.82,9.04,40973609,8.28
2013/02/05,9.04,9.21,8.99,9.10,29892148,8.37
2013/02/06,9.04,9.09,8.90,8.94,19038306,8.23
2013/02/07,8.92,8.96,8.88,8.90,11392279,8.19
2013/02/08,8.89,9.03,8.87,8.97,11052078,8.24
2013/02/18,8.99,9.00,8.83,8.85,8788659,8.14
2013/02/19,8.84,8.87,8.60,8.69,11014627,8.01
2013/02/20,8.69,8.75,8.65,8.70,8934697,7.95
2013/02/21,8.64,8.65,8.41,8.44,17766123,7.74
2013/02/22,8.43,8.49,8.40,8.43,7167063,7.70
2013/02/25,8.43,8.50,8.38,8.40,9443325,7.69
2013/02/26,8.37,8.43,8.11,8.15,14496513,7.55
2013/02/27,8.17,8.32,8.16,8.21,8199650,7.47
2013/02/28,8.24,8.37,8.19,8.36,11214171,7.57
2013/03/01,8.36,8.37,8.16,8.28,13728002,7.51
2013/03/04,8.21,8.27,8.02,8.05,15508996,7.37
2013/03/05,8.08,8.12,8.04,8.10,10561516,7.33
2013/03/06,8.14,8.15,8.01,8.11,13839697,7.34
2013/03/07,8.07,8.30,8.04,8.21,25473940,7.45
2013/03/08,8.20,8.20,8.09,8.14,11708849,7.40
2013/03/11,8.11,8.13,8.04,8.07,7673630,7.33
2013/03/12,8.08,8.16,7.94,7.99,10942351,7.31
2013/03/13,8.00,8.06,7.96,8.00,8643549,7.27
2013/03/14,7.95,8.03,7.91,7.98,9676655,7.22
2013/03/15,7.98,8.13,7.93,8.11,16550956,7.31
2013/03/18,8.08,8.10,7.94,7.95,10351579,7.28
2013/03/19,8.01,8.02,7.90,7.96,9864044,7.21
2013/03/20,7.98,8.13,7.95,8.12,15211253,7.32
2013/03/21,8.13,8.18,8.08,8.14,11543273,7.39
2013/03/22,8.14,8.16,8.10,8.11,6215990,7.38
2013/03/25,8.15,8.18,8.07,8.08,6389758,7.37
2013/03/26,8.07,8.09,7.93,8.04,10100687,7.25
2013/03/27,8.04,8.10,7.97,8.01,5712176,7.29
2013/03/28,7.98,8.04,7.86,7.90,10077242,7.18
2013/03/29,7.96,7.96,7.89,7.89,4057001,7.18
2013/04/01,7.86,7.90,7.80,7.82,6275877,7.10
2013/04/02,7.84,7.89,7.78,7.82,8163813,7.08
2013/04/03,7.84,7.90,7.81,7.85,5634717,7.12
2013/04/08,7.75,7.83,7.65,7.72,8017713,6.98
2013/04/09,7.75,7.78,7.70,7.72,8353748,6.99
2013/04/10,7.71,7.76,7.68,7.76,7471927,7.72
2013/04/11,7.78,7.80,7.66,7.67,7008987,6.99
2013/04/12,7.68,7.69,7.62,7.63,5236123,6.91
2013/04/15,7.61,7.63,7.48,7.52,7270255,6.79
2013/04/16,7.50,7.69,7.48,7.66,10035496,7.59
2013/04/17,7.64,7.64,7.56,7.59,5592636,6.85
2013/04/18,7.56,7.66,7.52,7.59,5025182,6.85
2013/04/19,7.62,7.80,7.60,7.76,11608183,6.98
2013/04/22,7.74,7.75,7.69,7.74,4994397,6.98
2013/04/23,7.74,7.75,7.50,7.53,6376190,6.84
2013/04/24,7.56,7.69,7.55,7.62,4933453,6.88
2013/04/25,7.60,7.67,7.53,7.63,6033479,7.60
2013/04/26,7.67,7.69,7.55,7.55,4342980,6.86
2013/05/02,7.49,7.50,7.36,7.37,9102838,6.66
2013/05/03,7.38,7.54,7.38,7.40,9899410,6.72
2013/05/06,7.44,7.53,7.43,7.48,6889646,6.76
2013/05/07,7.45,7.54,7.42,7.51,6186896,7.48
2013/05/08,7.52,7.60,7.50,7.52,6793917,6.81
2013/05/09,7.56,7.57,7.43,7.47,5967190,6.75
2013/05/10,7.45,7.56,7.43,7.54,6711721,7.49
2013/05/13,7.54,7.56,7.44,7.47,5960877,6.73
2013/05/14,7.50,7.51,7.37,7.41,7024522,6.68
2013/05/15,7.43,7.43,7.33,7.36,7515738,7.38
2013/05/16,7.35,7.42,7.26,7.41,12547612,7.34
2013/05/17,7.40,7.67,7.36,7.60,17463912,7.52
2013/05/20,7.59,7.61,7.53,7.60,11211640,7.57
2013/05/21,7.61,7.67,7.60,7.63,9981726,6.89
2013/05/22,7.64,7.69,7.59,7.63,9295833,6.90
2013/05/23,7.62,7.64,7.50,7.53,10354044,6.81
2013/05/24,7.56,7.59,7.50,7.55,7902067,6.81
2013/05/27,7.62,7.62,7.47,7.48,9117145,7.54
2013/05/28,7.48,7.59,7.42,7.58,13318997,7.50
2013/05/29,7.58,7.64,7.55,7.59,9676806,7.59
2013/05/30,7.59,7.60,7.53,7.55,7621707,7.56
2013/05/31,7.55,7.59,7.52,7.52,7012524,7.55
2013/06/03,7.56,7.59,7.51,7.53,6126054,7.55
2013/06/04,7.53,7.53,7.39,7.42,10531544,7.46
2013/06/05,7.44,7.44,7.36,7.39,6067295,7.40
2013/06/06,7.38,7.43,7.36,7.37,5200272,7.40
2013/06/07,7.37,7.40,7.25,7.27,7939089,7.33
2013/06/13,7.25,7.25,7.02,7.10,11258302,7.13
2013/06/14,7.09,7.12,7.03,7.06,10232254,7.08
2013/06/17,7.06,7.07,7.00,7.01,7765810,7.04
2013/06/18,7.03,7.05,6.97,7.01,5840513,7.01
2013/06/19,7.01,7.01,6.77,6.90,10971244,6.89
2013/06/20,6.85,6.86,6.49,6.56,13782675,6.68
2013/06/21,6.55,6.55,6.13,6.36,25037413,6.34
2013/06/24,6.32,6.33,6.07,6.09,19137102,6.20
2013/06/25,6.03,6.10,5.65,6.01,26783400,5.88
2013/06/26,6.00,6.00,5.82,5.89,16424843,5.91
2013/06/27,5.91,6.00,5.79,5.80,17819842,5.90
2013/06/28,5.79,5.96,5.76,5.84,19998721,5.86
2013/07/01,5.82,5.92,5.80,5.89,9636236,5.86
2013/07/02,5.89,5.91,5.80,5.88,8857884,5.85
2013/07/03,5.85,5.87,5.76,5.79,7716515,5.81
2013/07/04,5.78,5.99,5.67,5.88,18011549,5.83
2013/07/05,5.87,5.96,5.85,5.92,13329383,5.90
2013/07/08,5.87,5.88,5.65,5.66,13512718,5.77
2013/07/09,5.65,5.75,5.64,5.68,6254480,5.69
2013/07/10,5.66,5.85,5.66,5.82,12214294,5.75
2013/07/11,5.83,6.09,5.82,6.01,24022218,5.96
2013/07/12,6.00,6.00,5.85,5.87,14603026,5.92
2013/07/15,5.87,6.00,5.85,5.92,10092957,5.92
2013/07/16,5.92,5.94,5.86,5.91,11144983,5.90
2013/07/17,5.90,6.04,5.86,5.87,16642275,5.95
2013/07/18,5.86,5.90,5.75,5.84,11649134,5.83
2013/07/19,5.83,5.91,5.78,5.80,11777674,5.85
2013/07/22,5.79,5.81,5.74,5.80,7809975,5.77
2013/07/23,5.81,5.98,5.79,5.92,13570988,5.89
2013/07/24,5.93,5.94,5.78,5.88,9037401,5.86
2013/07/25,5.90,5.98,5.84,5.90,9512969,5.91
2013/07/26,5.88,5.91,5.82,5.85,7004518,5.87
2013/07/29,5.82,5.83,5.76,5.78,6849109,5.79
2013/07/30,5.79,5.90,5.79,5.84,8858382,5.85
2013/07/31,5.84,5.95,5.84,5.92,7716628,5.90
2013/08/01,5.94,6.04,5.90,6.04,15720357,5.97
2013/08/02,6.06,6.10,6.02,6.04,13596265,6.06
2013/08/05,6.03,6.08,5.97,6.06,10689922,6.02
2013/08/06,6.01,6.45,5.97,6.19,21115039,6.21
2013/08/07,6.15,6.25,6.12,6.14,19015317,6.19
2013/08/08,6.13,6.19,6.08,6.11,10811903,6.14
2013/08/09,6.14,6.20,6.07,6.11,14288728,6.14
2013/08/12,6.15,6.45,6.13,6.42,37487602,6.29
2013/08/13,6.44,6.45,6.31,6.36,18549264,6.38
2013/08/14,6.35,6.44,6.29,6.31,14514439,6.37
2013/08/15,6.30,6.34,6.26,6.26,9085859,6.30
2013/08/16,6.23,6.79,6.21,6.27,22917094,6.50
2013/08/19,6.23,6.34,6.20,6.30,10254097,6.27
2013/08/20,6.29,6.33,6.18,6.19,9032315,6.25
2013/08/21,6.24,6.29,6.18,6.25,7199636,6.23
2013/08/22,6.23,6.28,6.15,6.16,7516846,6.22
2013/08/23,6.20,6.26,6.06,6.14,7430783,6.16
2013/08/26,6.15,6.25,6.12,6.24,6502003,6.19
2013/08/27,6.23,6.31,6.22,6.27,10486433,6.26
2013/08/28,6.26,6.38,6.21,6.32,16195113,6.29
2013/08/29,6.31,6.32,6.22,6.24,10203415,6.27
2013/08/30,6.22,6.26,6.17,6.21,14553988,6.21
2013/09/02,6.24,6.25,6.10,6.21,10419665,6.17
2013/09/03,6.20,6.29,6.17,6.27,10067981,6.23
2013/09/04,6.25,6.31,6.24,6.27,8684347,6.27
2013/09/05,6.26,6.26,6.19,6.19,6560414,6.23
2013/09/06,6.20,6.26,6.19,6.25,7004186,6.23
2013/09/09,6.25,6.39,6.23,6.35,18187946,6.31
2013/09/10,6.35,6.60,6.35,6.56,28773132,6.47
2013/09/11,6.57,6.78,6.53,6.67,30221027,6.66
2013/09/12,6.70,6.71,6.57,6.66,18827079,6.64
2013/09/13,6.87,6.87,6.61,6.61,17385311,6.74
2013/09/16,6.64,6.69,6.51,6.51,11260530,6.60
2013/09/17,6.52,6.55,6.38,6.40,9557558,6.46
2013/09/18,6.44,6.45,6.39,6.43,7145429,6.42
2013/09/23,6.43,6.53,6.42,6.48,8490456,6.48
2013/09/24,6.45,6.50,6.32,6.40,10509893,6.41
2013/09/25,6.41,6.45,6.39,6.40,6142008,6.42
2013/09/26,6.40,6.42,6.24,6.25,9241019,6.33
2013/09/27,6.25,6.34,6.25,6.30,5704172,6.29
2013/09/30,6.30,6.33,6.27,6.31,4254831,6.30
2013/10/08,6.29,6.35,6.25,6.34,5744728,6.30
2013/10/09,6.32,6.33,6.29,6.32,5438212,6.31
2013/10/10,6.32,6.34,6.25,6.28,6590803,6.29
2013/10/11,6.30,6.38,6.30,6.38,9112491,6.34
2013/10/14,6.40,6.43,6.35,6.40,9228201,6.39
2013/10/15,6.42,6.43,6.33,6.38,7321005,6.38
2013/10/16,6.37,6.37,6.26,6.28,7510401,6.31
2013/10/17,6.32,6.52,6.28,6.39,14068993,6.40
2013/10/18,6.38,6.38,6.33,6.33,5358254,6.35
2013/10/21,6.34,6.37,6.23,6.36,12043995,6.30
2013/10/22,6.33,6.42,6.31,6.37,11370585,6.36
2013/10/23,6.38,6.42,6.32,6.32,10027227,6.37
2013/10/24,6.32,6.32,6.21,6.22,10220301,6.27
2013/10/25,6.24,6.24,6.10,6.12,8140323,6.17
2013/10/28,6.09,6.12,6.00,6.03,7547632,6.06
2013/10/29,6.03,6.12,5.92,5.97,9994309,6.02
2013/10/30,5.98,6.08,5.97,6.07,7089198,6.02
2013/10/31,6.06,6.07,6.02,6.07,4455306,6.04
2013/11/01,6.07,6.13,6.05,6.12,4790575,6.09
2013/11/04,6.16,6.16,6.07,6.10,3278223,6.12
2013/11/05,6.08,6.09,6.01,6.08,4413370,6.05
2013/11/06,6.06,6.20,6.05,6.10,7059292,6.13
2013/11/07,6.14,6.22,6.07,6.19,11324327,6.15
2013/11/08,6.17,6.20,6.07,6.08,5714643,6.14
2013/11/11,6.07,6.10,6.03,6.05,3305081,6.06
2013/11/12,6.06,6.16,6.04,6.12,7136746,6.10
2013/11/13,6.08,6.10,6.01,6.02,5467604,6.05
2013/11/14,6.03,6.08,5.95,5.98,11297290,6.02
2013/11/15,5.98,6.09,5.96,6.06,9540674,6.02
2013/11/18,6.07,6.18,6.05,6.16,12063302,6.11
2013/11/19,6.16,6.24,6.15,6.20,13308206,6.20
2013/11/20,6.25,6.26,6.17,6.22,8821404,6.21
2013/11/21,6.22,6.37,6.20,6.28,14775315,6.29
2013/11/22,6.29,6.36,6.24,6.35,12967895,6.30
2013/11/25,6.31,6.33,6.27,6.27,5970084,6.30
2013/11/26,6.27,6.30,6.22,6.23,5089826,6.26
2013/11/27,6.22,6.39,6.20,6.38,17201487,6.29
2013/11/28,6.41,6.51,6.37,6.37,19291498,6.44
2013/11/29,6.38,6.40,6.31,6.33,8553039,6.35
2013/12/02,6.29,6.33,6.22,6.27,11666798,6.27
2013/12/03,6.26,6.37,6.23,6.35,10045768,6.30
2013/12/04,6.35,6.43,6.33,6.38,15406531,6.38
2013/12/05,6.39,6.45,6.28,6.36,15961906,6.37
2013/12/06,6.33,6.35,6.28,6.30,8696311,6.31
2013/12/09,6.31,6.34,6.27,6.30,6382859,6.30
2013/12/10,6.30,6.32,6.25,6.26,6814576,6.29
2013/12/11,6.24,6.25,6.12,6.13,10617176,6.19
2013/12/12,6.14,6.16,6.07,6.09,9134477,6.12
2013/12/13,6.08,6.09,6.01,6.03,12381784,6.05
2013/12/16,6.05,6.07,5.95,5.97,10457482,6.01
2013/12/17,5.98,6.01,5.96,5.97,6193746,5.98
2013/12/18,5.99,6.00,5.93,5.96,8047600,5.96
2013/12/19,5.97,6.02,5.93,5.94,11952125,5.97
2013/12/20,5.93,5.94,5.61,5.64,39279595,5.78
2013/12/23,5.68,5.69,5.61,5.67,10504737,5.65
2013/12/24,5.67,5.71,5.64,5.70,8582562,5.67
2013/12/25,5.70,5.71,5.66,5.69,5445310,5.69
2013/12/26,5.68,5.69,5.60,5.62,10237883,5.65
2013/12/27,5.62,5.74,5.60,5.70,10093983,5.67
2013/12/30,5.71,5.73,5.66,5.68,5723731,5.70
2013/12/31,5.65,5.78,5.64,5.72,12062904,5.71
2014/01/02,5.74,5.74,5.65,5.67,10715855,5.70
2014/01/03,5.64,5.65,5.59,5.62,8464161,5.62
2014/01/06,5.62,5.62,5.44,5.46,8997139,5.53
2014/01/07,5.44,5.49,5.40,5.46,5833174,5.45
2014/01/08,5.47,5.50,5.41,5.42,5211874,5.46
2014/01/09,5.44,5.46,5.38,5.38,8027526,5.42
2014/01/10,5.38,5.42,5.35,5.40,7565346,5.38
2014/01/13,5.40,5.45,5.38,5.43,4455891,5.42
2014/01/14,5.43,5.46,5.40,5.45,4612898,5.43
2014/01/15,5.46,5.46,5.38,5.42,3735886,5.42
2014/01/16,5.42,5.47,5.39,5.42,6959471,5.43
2014/01/17,5.40,5.40,5.23,5.24,12249408,5.32
2014/01/20,5.24,5.28,5.23,5.24,5727320,5.26
2014/01/21,5.24,5.30,5.24,5.27,4243081,5.27
2014/01/22,5.29,5.37,5.28,5.36,6400368,5.33
2014/01/23,5.35,5.36,5.31,5.32,4239161,5.33
2014/01/24,5.31,5.38,5.30,5.35,8965732,5.34
2014/01/27,5.34,5.36,5.27,5.34,9096558,5.31
2014/01/28,5.36,5.38,5.33,5.35,6373587,5.35
2014/01/29,5.37,5.37,5.33,5.35,5307346,5.35
2014/01/30,5.33,5.36,5.29,5.30,4913892,5.33
2014/02/07,5.29,5.35,5.26,5.35,5469837,5.30
2014/02/10,5.35,5.42,5.34,5.41,11869657,5.38
2014/02/11,5.40,5.52,5.39,5.48,14790948,5.45
2014/02/12,5.47,5.49,5.44,5.46,7658233,5.47
2014/02/13,5.45,5.50,5.40,5.41,9301735,5.45
2014/02/14,5.41,5.47,5.41,5.44,4452073,5.44
2014/02/17,5.45,5.73,5.45,5.59,17628328,5.59
2014/02/18,5.57,5.64,5.49,5.54,11014518,5.56
2014/02/19,5.52,5.60,5.50,5.55,7157650,5.55
2014/02/20,5.55,5.61,5.50,5.52,13431305,5.56
2014/02/21,5.52,5.52,5.42,5.43,6837103,5.47
2014/02/24,5.39,5.40,5.25,5.27,12730838,5.33
2014/02/25,5.26,5.30,5.15,5.16,9088954,5.23
2014/02/26,5.16,5.21,5.15,5.20,6303317,5.18
2014/02/27,5.18,5.23,5.18,5.20,6663988,5.21
2014/02/28,5.20,5.27,5.17,5.22,7284001,5.22
2014/03/03,5.22,5.28,5.20,5.26,6178412,5.24
2014/03/04,5.24,5.25,5.14,5.21,8587080,5.19
2014/03/05,5.21,5.29,5.17,5.22,9356171,5.23
2014/03/06,5.21,5.22,5.16,5.21,6049436,5.19
2014/03/07,5.21,5.27,5.17,5.18,6232868,5.22
2014/03/10,5.16,5.17,5.05,5.06,8462826,5.11
2014/03/11,5.05,5.13,5.03,5.07,5921881,5.08
2014/03/12,5.05,5.12,5.02,5.09,8430698,5.07
2014/03/13,5.09,5.19,5.09,5.16,8758636,5.14
2014/03/14,5.13,5.18,5.10,5.15,5558201,5.14
2014/03/17,5.19,5.20,5.15,5.18,4252438,5.18
2014/03/18,5.19,5.22,5.16,5.20,6191607,5.19
2014/03/19,5.20,5.23,5.18,5.23,5282861,5.21
2014/03/20,5.23,5.26,5.15,5.16,6078801,5.21
2014/03/21,5.15,5.33,5.14,5.28,16814337,5.23
2014/03/24,5.28,5.36,5.25,5.33,12857853,5.31
2014/03/25,5.34,5.46,5.34,5.43,17238869,5.40
2014/03/26,5.43,5.44,5.36,5.38,5852495,5.40
2014/03/27,5.38,5.40,5.33,5.33,4300743,5.37
2014/03/28,5.33,5.38,5.30,5.33,5429482,5.34
2014/03/31,5.33,5.39,5.31,5.36,5288422,5.35
2014/04/01,5.35,5.40,5.35,5.38,4977508,5.38
2014/04/02,5.36,5.37,5.30,5.35,17651981,5.33
2014/04/03,5.35,5.37,5.19,5.20,22880608,5.28
2014/04/04,5.18,5.20,5.14,5.19,15743779,5.17
2014/04/08,5.18,5.29,5.16,5.26,16993547,5.23
2014/04/09,5.27,5.28,5.23,5.25,10085628,5.26
2014/04/10,5.25,5.35,5.20,5.31,25830850,5.27
2014/04/11,5.28,5.29,5.23,5.27,15378175,5.26
2014/04/14,5.26,5.27,5.23,5.25,8035771,5.25
2014/04/15,5.24,5.25,5.16,5.18,9727350,5.21
2014/04/16,5.17,5.21,5.16,5.18,6479873,5.19
2014/04/17,5.18,5.19,5.13,5.14,9400153,5.16
2014/04/18,5.13,5.15,5.08,5.12,12823692,5.12
2014/04/21,5.08,5.12,5.05,5.06,7382465,5.08
2014/04/22,5.05,5.08,5.03,5.08,6281999,5.06
2014/04/23,5.06,5.11,5.05,5.09,6069770,5.08
2014/04/24,5.08,5.20,5.07,5.17,20001208,5.14
2014/04/25,5.19,5.22,5.09,5.10,11214898,5.15
2014/04/28,5.07,5.12,5.05,5.06,8813446,5.08
2014/04/29,5.08,5.20,5.07,5.16,17268881,5.14
2014/04/30,5.16,5.19,5.08,5.12,10663119,5.14
2014/05/05,5.12,5.14,5.06,5.13,7088809,5.10
2014/05/06,5.11,5.13,5.08,5.08,8255355,5.10
2014/05/07,5.08,5.09,5.04,5.05,7375038,5.06
2014/05/08,5.05,5.16,5.04,5.12,17844131,5.10
2014/05/09,5.11,5.16,5.09,5.13,9402797,5.13
2014/05/12,5.16,5.55,5.11,5.46,100759356,5.33
2014/05/13,5.41,5.45,5.25,5.28,56805612,5.35
2014/05/14,5.26,5.29,5.20,5.23,18557026,5.25
2014/05/15,5.23,5.27,5.14,5.17,17650403,5.20
2014/05/16,5.15,5.17,5.07,5.11,21499929,5.12
2014/05/19,5.09,5.09,5.05,5.09,12243338,5.07
2014/05/20,5.09,5.12,5.06,5.08,9213150,5.09
2014/05/21,5.07,5.17,5.05,5.14,14618170,5.11
2014/05/22,5.12,5.15,5.08,5.09,10335162,5.12
2014/05/23,5.13,5.13,5.07,5.12,10121036,5.10
2014/05/26,5.12,5.15,5.11,5.13,6755155,5.13
2014/05/27,5.13,5.14,5.11,5.13,6020397,5.13
2014/05/28,5.13,5.17,5.09,5.14,11691930,5.13
2014/05/29,5.14,5.14,5.10,5.11,8257082,5.12
2014/05/30,5.11,5.13,5.09,5.10,6148372,5.11
2014/06/03,5.10,5.13,5.08,5.08,9486504,5.10
2014/06/04,5.08,5.10,5.00,5.03,19091870,5.05
2014/06/05,5.03,5.06,5.01,5.05,6111713,5.03
2014/06/06,5.05,5.06,4.99,5.00,8091740,5.02
2014/06/09,5.00,5.03,4.98,5.00,6328993,5.01
2014/06/10,5.01,5.03,4.99,5.02,9551179,5.01
2014/06/11,5.02,5.03,5.00,5.02,6409661,5.02
2014/06/12,5.02,5.03,4.99,5.01,6399908,5.01
2014/06/13,5.01,5.05,5.00,5.04,9909300,5.02
2014/06/16,5.05,5.06,5.03,5.05,8982708,5.04
2014/06/17,5.04,5.04,5.01,5.02,6606397,5.02
2014/06/18,5.02,5.05,5.00,5.01,9058896,5.02
2014/06/19,5.01,5.02,4.92,4.94,9499248,4.97
2014/06/20,4.95,5.00,4.93,4.98,9937119,4.96
2014/06/23,4.98,5.04,4.97,5.02,7701659,5.00
2014/06/24,5.02,5.05,4.99,5.03,6118872,5.02
2014/06/25,5.03,5.08,4.99,5.00,13361374,5.04
2014/06/26,5.00,5.04,4.99,5.02,7610184,5.02
2014/06/27,5.02,5.05,5.01,5.04,5423137,5.03
2014/06/30,5.04,5.07,5.03,5.06,9537848,5.05
2014/07/01,5.06,5.10,5.04,5.07,7007111,5.07
2014/07/02,5.07,5.11,5.05,5.09,10847885,5.08
2014/07/03,5.09,5.11,5.07,5.10,7710073,5.09
2014/07/04,5.10,5.10,5.07,5.08,4672479,5.08
2014/07/07,5.08,5.09,5.04,5.05,6032238,5.06
2014/07/08,5.05,5.07,5.03,5.05,4494974,5.05
2014/07/09,5.05,5.07,5.00,5.01,6223529,5.04
2014/07/10,5.01,5.04,4.99,4.99,10717766,5.02
2014/07/11,5.00,5.03,4.99,5.01,19952165,5.01
2014/07/14,5.01,5.04,4.99,5.03,17136255,5.02
2014/07/15,5.04,5.06,5.02,5.04,17328934,5.04
2014/07/16,5.05,5.10,5.04,5.10,22024275,5.07
2014/07/17,5.09,5.09,5.04,5.06,12436000,5.06
2014/07/18,5.06,5.09,5.05,5.07,12266319,5.07
2014/07/21,5.06,5.07,5.02,5.03,10693393,5.04
2014/07/22,5.02,5.10,5.02,5.08,19269050,5.06
2014/07/23,5.07,5.14,5.07,5.10,19508557,5.10
2014/07/24,5.10,5.20,5.09,5.17,38501237,5.15
2014/07/25,5.17,5.26,5.13,5.23,36847280,5.19
2014/07/28,5.25,5.43,5.24,5.40,51104781,5.33
2014/07/29,5.37,5.39,5.32,5.33,35341794,5.35
2014/07/30,5.33,5.43,5.30,5.33,25740623,5.36
2014/07/31,5.32,5.39,5.31,5.39,21316415,5.35
2014/08/01,5.38,5.48,5.35,5.38,54818611,5.42
2014/08/04,5.37,5.48,5.34,5.47,43578424,5.41
2014/08/05,5.45,5.61,5.45,5.52,50355813,5.53
2014/08/06,5.47,5.54,5.44,5.53,23278290,5.49
2014/08/07,5.52,5.62,5.45,5.45,37565671,5.54
2014/08/08,5.45,5.49,5.41,5.43,16991818,5.45
2014/08/11,5.45,5.50,5.43,5.48,20218861,5.46
2014/08/12,5.48,5.48,5.43,5.44,13026962,5.46
2014/08/13,5.44,5.51,5.39,5.50,32047731,5.45
2014/08/14,5.48,5.49,5.42,5.43,19191772,5.46
2014/08/15,5.43,5.48,5.41,5.45,14264227,5.45
2014/08/18,5.44,5.48,5.43,5.45,16151631,5.46
2014/08/19,5.45,5.52,5.44,5.46,24056093,5.48
2014/08/20,5.45,5.49,5.43,5.45,15378506,5.46
2014/08/21,5.44,5.47,5.39,5.41,16761188,5.43
2014/08/22,5.40,5.43,5.39,5.41,13152830,5.41
2014/08/25,5.41,5.42,5.32,5.33,20925008,5.37
2014/08/26,5.32,5.36,5.25,5.27,15763756,5.31
2014/08/27,5.27,5.28,5.23,5.26,13908184,5.26
2014/08/28,5.26,5.31,5.24,5.27,11478740,5.27
2014/08/29,5.28,5.30,5.24,5.29,20086793,5.27
2014/09/01,5.28,5.31,5.27,5.30,15293753,5.29
2014/09/02,5.31,5.37,5.29,5.37,16768785,5.33
2014/09/03,5.36,5.43,5.36,5.40,22893688,5.40
2014/09/04,5.49,5.52,5.43,5.47,36413900,5.47
2014/09/05,5.48,5.52,5.47,5.51,34608246,5.49
2014/09/09,5.49,5.56,5.48,5.52,27293055,5.52
2014/09/10,5.52,5.54,5.49,5.52,21911174,5.52
2014/09/11,5.52,5.62,5.51,5.53,41095377,5.56
2014/09/12,5.52,5.55,5.46,5.55,25290733,5.50
2014/09/15,5.53,5.62,5.51,5.60,29888463,5.56
2014/09/16,5.60,5.80,5.55,5.61,61605788,5.67
2014/09/17,5.62,5.75,5.58,5.73,47341567,5.67
2014/09/18,5.71,5.77,5.67,5.69,33295188,5.72
2014/09/19,5.69,5.71,5.61,5.67,23173733,5.66
2014/09/22,5.64,5.65,5.52,5.54,25157722,5.58
2014/09/23,5.55,5.58,5.53,5.55,18641077,5.56
2014/09/24,5.55,5.67,5.53,5.66,29018809,5.60
2014/09/25,5.67,5.70,5.62,5.65,25108843,5.66
2014/09/26,5.63,5.66,5.60,5.63,15805991,5.63
2014/09/29,5.64,5.70,5.63,5.69,24707079,5.67
2014/09/30,5.76,5.82,5.71,5.72,55376862,5.77
2014/10/08,5.71,5.72,5.66,5.72,21717132,5.69
2014/10/09,5.74,5.78,5.69,5.77,37596582,5.74
2014/10/10,5.78,5.91,5.77,5.81,45958310,5.84
2014/10/13,5.83,5.88,5.77,5.87,34147622,5.82
2014/10/14,5.88,5.89,5.78,5.81,24298209,5.83
2014/10/15,5.77,5.81,5.71,5.78,23425155,5.76
2014/10/16,5.77,5.82,5.70,5.71,22243568,5.76
2014/10/17,5.71,5.75,5.59,5.66,22016610,5.67
2014/10/20,5.66,5.69,5.63,5.68,9680736,5.66
2014/10/21,5.68,5.70,5.62,5.63,11964173,5.66
2014/10/22,5.63,5.65,5.56,5.57,12069268,5.60
2014/10/23,5.56,5.58,5.50,5.54,15229493,5.54
2014/10/24,5.54,5.55,5.51,5.53,8872546,5.53
2014/10/27,5.52,5.52,5.44,5.46,10798213,5.48
2014/10/28,5.46,5.56,5.46,5.55,14500986,5.51
2014/10/29,5.56,5.62,5.54,5.61,22681082,5.58
2014/10/30,5.61,5.83,5.58,5.73,52416319,5.71
2014/10/31,5.70,5.87,5.69,5.80,51578580,5.78
2014/11/03,5.81,5.88,5.77,5.80,50966777,5.82
2014/11/04,5.79,5.97,5.76,5.93,83390202,5.86
2014/11/05,5.93,5.94,5.78,5.78,45004783,5.86
2014/11/06,5.78,5.82,5.71,5.79,30691429,5.77
2014/11/07,5.78,5.83,5.70,5.74,33306153,5.77
2014/11/10,5.73,5.84,5.72,5.83,48268851,5.78
2014/11/11,5.84,6.05,5.77,5.93,106982926,5.91
2014/11/12,5.91,6.06,5.87,6.03,74644700,5.96
2014/11/13,6.05,6.06,5.89,6.00,57236417,5.97
2014/11/14,6.01,6.05,5.91,5.97,42232021,5.98
2014/11/17,5.99,6.03,5.91,5.91,23835128,5.97
2014/11/18,5.90,5.93,5.79,5.83,26682394,5.86
2014/11/19,5.82,5.85,5.76,5.80,20179015,5.80
2014/11/20,5.78,5.82,5.76,5.79,23365928,5.79
2014/11/21,5.77,5.85,5.74,5.83,25963925,5.79
2014/11/24,5.86,5.96,5.84,5.94,47942911,5.90
2014/11/25,5.94,6.02,5.92,6.01,62394899,5.97
2014/11/26,6.02,6.05,5.95,6.01,42340672,6.00
2014/11/27,6.05,6.13,5.99,6.05,73767812,6.06
2014/11/28,6.06,6.12,5.97,6.11,71488961,6.04
2014/12/01,6.09,6.62,6.09,6.62,200898520,6.35
2014/12/02,6.73,6.76,6.45,6.73,175074976,6.60
2014/12/03,6.68,7.22,6.63,6.97,178844128,6.92
2014/12/04,7.00,7.38,7.00,7.38,153119803,7.19
2014/12/05,7.38,7.38,6.84,7.07,136039385,7.11
2014/12/08,7.01,7.28,6.77,7.23,118033786,7.02
2014/12/09,7.16,7.54,6.84,6.88,147327159,6.22
2014/12/10,6.84,7.01,6.69,6.99,73310423,6.85
2014/12/11,6.90,7.12,6.84,7.00,66146732,6.98
2014/12/12,7.02,7.14,6.97,7.08,56904772,7.05
2014/12/15,7.06,7.06,6.87,7.00,42689438,6.96
2014/12/16,6.97,7.22,6.86,7.21,96957184,7.04
2014/12/17,7.18,7.20,6.95,7.05,71885273,7.08
2014/12/18,7.07,7.28,7.03,7.13,68759374,7.16
2014/12/19,7.10,7.74,7.02,7.74,211669688,7.38
2014/12/22,7.93,8.41,7.83,8.41,281419660,8.12
2014/12/23,8.26,8.32,7.81,7.87,134678846,8.06
2014/12/24,7.87,8.08,7.53,7.77,92507117,7.81
2014/12/25,7.79,8.05,7.63,8.03,100873377,7.84
2014/12/26,7.98,8.18,7.83,8.16,113160869,8.00
2014/12/29,8.11,8.34,7.88,7.98,109683364,8.11
2014/12/30,7.96,7.97,7.70,7.76,73642005,7.83
2014/12/31,7.77,8.06,7.69,7.95,71046325,7.88
2015/01/05,7.98,8.64,7.92,8.64,174526748,8.28
2015/01/06,8.93,9.23,8.44,8.57,252698691,7.79
2015/01/07,8.42,8.77,8.28,8.75,118347096,8.52
2015/01/08,8.62,8.98,8.33,8.47,108038800,7.62
2015/01/09,8.36,8.61,8.28,8.30,81280001,8.44
2015/01/12,8.20,8.20,7.93,7.97,72136336,8.06
2015/01/13,7.96,8.07,7.91,7.94,31876389,7.99
2015/01/14,7.93,8.04,7.66,7.78,49812736,7.85
2015/01/15,7.79,8.03,7.70,8.02,45846764,7.86
2015/01/16,8.03,8.21,7.96,8.04,57623154,8.09
2015/01/19,7.64,7.78,7.34,7.34,74230883,7.56
2015/01/20,7.24,7.43,7.23,7.36,54131463,7.33
2015/01/21,7.34,7.63,7.23,7.61,85828213,7.43
2015/01/22,7.57,7.87,7.52,7.68,76437073,7.69
2015/01/23,7.74,7.80,7.59,7.63,48880137,7.69
2015/01/26,7.58,7.70,7.48,7.70,44252372,7.59
2015/01/27,7.71,7.78,7.46,7.60,52343124,7.62
2015/01/28,7.54,7.57,7.44,7.46,33955485,7.51
2015/01/29,7.35,7.69,7.31,7.52,41455312,7.50
2015/01/30,7.53,7.57,7.35,7.36,29142784,7.46
2015/02/02,7.31,7.31,7.13,7.14,32684199,7.22
2015/02/03,7.23,7.31,7.19,7.29,25271820,7.25
2015/02/04,7.39,7.63,7.29,7.30,50441909,7.46
2015/02/05,7.42,7.42,7.07,7.11,37819042,7.25
2015/02/06,7.07,7.16,6.90,6.94,32303983,7.03
2015/02/09,6.93,7.01,6.82,6.94,28788478,6.92
2015/02/10,6.96,7.07,6.93,7.06,18002129,7.00
2015/02/11,7.07,7.16,7.05,7.06,18076602,7.10
2015/02/12,7.07,7.15,7.01,7.12,20322680,7.08
2015/02/13,7.19,7.29,7.12,7.17,33395860,7.21
2015/02/16,7.19,7.27,7.17,7.19,20569997,7.22
2015/02/17,7.22,7.26,7.17,7.18,16945352,7.21
2015/02/25,7.21,7.23,7.07,7.10,24559123,7.15
2015/02/26,7.11,7.33,6.98,7.32,57963569,7.16
2015/02/27,7.28,7.38,7.26,7.30,45846071,7.32
2015/03/02,7.33,7.46,7.26,7.43,52001546,7.36
2015/03/03,7.39,7.40,7.23,7.24,42065688,7.32
2015/03/04,7.24,7.33,7.21,7.30,37069823,7.27
2015/03/05,7.29,7.29,7.04,7.14,37717257,7.17
2015/03/06,7.13,7.35,7.09,7.23,38379223,7.22
2015/03/09,7.18,7.32,7.10,7.32,36795326,7.21
2015/03/10,7.28,7.40,7.26,7.34,37136716,7.33
2015/03/11,7.34,7.39,7.23,7.27,30393031,7.31
2015/03/12,7.28,7.40,7.25,7.39,44010113,7.33
2015/03/13,7.41,7.66,7.37,7.50,82839537,7.52
2015/03/16,7.49,7.62,7.43,7.61,60360214,7.52
2015/03/17,7.62,7.78,7.58,7.76,84515232,7.68
2015/03/18,7.77,7.97,7.74,7.92,79290255,7.85
2015/03/19,7.93,8.03,7.80,7.93,81538746,7.91
2015/03/20,7.89,7.95,7.78,7.88,71119777,7.87
2015/03/23,7.91,8.03,7.90,8.00,82240294,7.96
2015/03/24,8.01,8.06,7.77,7.95,87588700,7.92
2015/03/25,7.89,7.93,7.74,7.78,60126736,7.83
2015/03/26,7.75,7.95,7.67,7.92,76047254,7.81
2015/03/27,7.94,8.03,7.89,7.90,67806907,7.96
2015/03/30,7.91,8.13,7.83,8.10,114552421,7.98
2015/03/31,8.15,8.21,7.89,7.91,100389498,8.05
2015/04/01,7.91,8.08,7.90,8.03,65977504,7.99
2015/04/02,8.05,8.14,7.96,8.13,93625075,8.05
2015/04/03,8.05,8.27,8.03,8.22,101560173,8.15
2015/04/07,8.28,8.47,8.19,8.43,114391237,8.33
2015/04/08,8.43,8.45,8.15,8.29,86518292,8.30
2015/04/09,8.29,8.33,7.98,8.17,75918776,8.16
2015/04/10,8.12,8.35,8.11,8.32,81193911,8.23
2015/04/13,8.34,8.50,8.32,8.43,93140293,8.41
2015/04/14,8.41,8.51,8.32,8.49,94414428,8.42
2015/04/15,8.49,8.63,8.27,8.29,99043937,8.45
2015/04/16,8.23,8.55,8.18,8.53,99116488,8.37
2015/04/17,8.62,8.92,8.55,8.82,190804438,8.74
2015/04/20,8.83,9.60,8.67,9.14,454708373,8.28
2015/04/21,9.18,9.80,9.02,9.68,342908818,9.41
2015/04/22,9.63,10.10,9.43,9.72,288423831,9.76
2015/04/23,9.71,10.09,9.58,9.91,240911934,9.83
2015/04/24,9.77,10.01,9.53,9.66,146810969,8.71
2015/04/27,9.68,10.49,9.53,10.33,278526530,10.01
2015/04/28,10.22,11.24,10.09,10.91,352729406,10.67
2015/04/29,10.74,10.87,10.34,10.65,174468511,9.61
2015/04/30,10.63,10.79,10.03,10.16,139521129,9.44
2015/05/04,10.20,10.77,10.05,10.52,126989429,10.41
2015/05/05,10.52,10.61,9.57,9.65,144468573,9.00
2015/05/06,9.66,9.79,9.12,9.30,151653379,8.43
2015/05/07,9.15,9.23,8.76,8.82,98066299,7.97
2015/05/08,8.95,9.02,8.68,8.96,104323714,8.85
2015/05/11,9.06,9.32,8.89,9.23,136573739,9.11
2015/05/12,9.26,9.43,9.13,9.39,123909606,9.28
2015/05/13,9.39,9.39,9.11,9.16,108063614,9.25
2015/05/14,9.13,9.43,8.94,9.34,142967377,9.18
2015/05/15,9.26,9.34,8.98,9.00,88471809,9.16
2015/05/18,8.83,8.96,8.71,8.81,92478699,8.84
2015/05/19,8.78,9.08,8.78,9.07,82659650,8.93
2015/05/20,9.08,9.27,9.03,9.07,98069985,9.15
2015/05/21,9.07,9.19,8.93,9.18,101222414,9.06
2015/05/22,9.23,9.53,9.18,9.50,153839927,9.35
2015/05/25,9.45,9.95,9.40,9.88,150448063,9.67
2015/05/26,9.93,10.09,9.66,10.08,169113861,9.88
2015/05/27,10.03,10.43,9.83,10.36,186423281,10.13
2015/05/28,10.27,10.52,9.43,9.50,192373447,9.03
2015/05/29,9.41,9.61,9.04,9.27,116258505,9.32
2015/06/01,9.28,10.09,9.23,10.09,184900260,9.66
2015/06/02,10.23,10.40,9.88,10.15,209090786,10.14
2015/06/03,10.08,10.11,9.73,9.94,119534265,9.92
2015/06/04,9.91,10.68,9.45,10.65,208256634,10.06
2015/06/05,10.73,11.08,10.44,10.68,251354404,9.73
2015/06/08,10.68,11.33,10.55,11.25,248675662,10.94
2015/06/09,11.37,12.27,11.33,12.27,284989622,11.80
2015/06/10,11.84,13.33,11.63,12.45,416586003,11.52
2015/06/11,12.13,12.37,11.93,12.23,229574165,11.10
2015/06/12,12.13,13.35,12.06,12.72,272703441,11.71
2015/06/15,12.70,12.70,12.10,12.23,193104736,11.32
2015/06/16,11.94,13.13,11.84,12.52,264799177,11.62
2015/06/17,12.28,13.67,12.13,13.52,381839223,12.90
2015/06/18,13.11,13.52,12.82,12.88,275180215,12.12
2015/06/19,12.56,13.46,11.81,12.03,235124019,11.87
2015/06/23,11.83,12.83,11.01,12.77,222880397,11.92
2015/06/24,12.91,13.94,12.53,13.94,406460542,13.23
2015/06/25,14.06,14.60,13.14,13.59,428069040,12.98
2015/06/26,12.91,13.45,12.33,12.33,217422122,11.77
2015/06/29,12.62,12.88,11.20,12.12,267823494,11.15
2015/06/30,11.93,12.62,11.03,12.45,230071423,11.82
2015/07/01,12.03,12.56,11.31,11.31,224811418,10.99
2015/07/02,11.01,11.20,10.28,10.28,151646118,9.50
2015/07/03,9.53,10.28,9.36,9.36,136241235,8.47
2015/07/06,10.10,10.11,8.53,8.53,211826079,7.90
2015/07/07,8.05,8.79,7.78,8.70,302888806,8.28
2015/07/08,7.94,8.15,7.94,7.94,136320502,8.05
2015/07/09,7.94,8.63,7.26,8.63,197641461,7.95
2015/07/10,8.65,9.39,8.50,9.39,230416060,8.95
2015/07/13,9.45,10.19,9.22,10.17,277163925,9.71
2015/07/14,9.83,10.04,9.26,9.27,203423800,8.61
2015/07/15,8.95,9.11,8.45,8.45,126801589,7.66
2015/07/16,8.45,8.90,7.96,8.54,89022231,8.43
2015/07/17,8.56,9.07,8.55,8.93,102796985,8.81
2015/07/20,8.89,9.38,8.75,9.13,129818739,9.07
2015/07/21,8.98,9.74,8.86,9.42,156923358,9.30
2015/07/22,9.33,10.03,9.08,9.78,205140819,9.55
2015/07/23,9.67,10.10,9.51,9.85,186620985,9.80
2015/07/24,9.75,10.73,9.71,10.30,296301820,9.30
2015/07/27,10.04,10.43,9.38,9.38,212183787,8.91
2015/07/28,8.67,9.24,8.55,8.84,177470051,8.90
2015/07/29,9.11,9.43,8.75,9.37,119097388,9.09
2015/07/30,9.30,9.69,8.85,9.00,130531677,8.32
2015/07/31,8.84,9.05,8.52,9.02,112414253,8.79
2015/08/03,8.85,9.49,8.75,9.46,114234501,9.12
2015/08/04,9.45,9.80,9.10,9.69,100279324,9.45
2015/08/05,9.60,10.03,9.38,9.51,85764869,8.65
2015/08/06,9.25,9.85,9.16,9.45,73040848,9.50
2015/08/07,9.52,9.80,9.40,9.61,80309264,9.60
2015/08/10,10.15,10.47,9.92,10.47,169727424,10.20
2015/08/11,10.66,11.20,10.47,10.69,214492534,9.78
2015/08/12,10.50,11.65,10.45,11.50,248331579,11.05
2015/08/13,11.25,11.75,10.93,11.55,197926244,11.34
2015/08/14,11.59,11.77,11.17,11.46,154690216,10.45
2015/08/17,11.24,11.50,10.96,11.34,131373760,11.23
2015/08/18,11.23,11.25,10.31,10.31,147347498,9.64
2015/08/19,9.75,10.51,9.38,10.24,124964854,9.95
2015/08/20,10.06,10.29,9.35,9.37,94592791,8.81
2015/08/21,9.14,9.64,8.95,9.18,91303390,8.27
2015/08/24,8.65,8.94,8.37,8.37,63579251,8.65
2015/08/25,7.64,7.85,7.64,7.64,58045293,7.74
2015/08/26,7.55,7.95,6.98,6.99,110485366,6.32
2015/08/27,7.15,7.35,6.73,7.33,81216462,7.04
2015/08/28,7.42,7.87,7.37,7.85,99817434,7.62
2015/08/31,7.80,7.95,7.41,7.92,85408152,7.68
2015/09/01,7.75,8.33,7.31,8.26,119847171,7.82
2015/09/02,7.84,8.23,7.54,7.54,71053790,6.81
2015/09/07,7.60,7.89,7.40,7.45,49470183,7.65
2015/09/08,7.37,7.71,7.27,7.66,40463134,7.49
2015/09/09,7.67,8.00,7.65,7.94,58519270,7.83
2015/09/10,7.79,8.31,7.69,7.96,74488792,8.00
2015/09/11,7.85,8.02,7.73,7.85,46937549,7.88
2015/09/14,8.04,8.10,7.25,7.56,69177745,7.67
2015/09/15,7.35,7.73,6.94,7.01,54193138,7.34
2015/09/16,7.12,7.61,6.98,7.57,49939638,7.30
2015/09/17,7.48,7.78,7.35,7.36,60635669,7.56
2015/09/18,7.38,7.53,7.30,7.43,27659423,7.42
2015/09/21,7.35,7.63,7.31,7.57,35677494,7.47
2015/09/22,7.62,7.83,7.55,7.70,55018770,7.69
2015/09/23,7.52,7.61,7.36,7.41,37559996,7.49
2015/09/24,7.40,7.58,7.40,7.51,30392980,7.49
2015/09/25,7.50,7.53,7.15,7.25,36166106,7.34
2015/09/28,7.25,7.30,7.06,7.26,18063186,7.18
2015/09/29,7.15,7.16,6.93,7.00,30048927,7.04
2015/09/30,7.05,7.15,7.01,7.04,21284198,7.08
2015/10/08,7.45,7.60,7.33,7.41,45590465,7.46
2015/10/09,7.35,7.54,7.33,7.46,33956315,7.44
2015/10/12,7.69,7.89,7.67,7.79,59508758,7.78
2015/10/13,7.71,7.79,7.61,7.73,44085750,7.70
2015/10/14,7.67,7.90,7.65,7.67,44469292,7.78
2015/10/15,7.70,7.94,7.65,7.89,62540819,7.80
2015/10/16,8.00,8.15,7.83,8.11,93204268,7.99
2015/10/19,8.10,8.22,7.97,8.04,70805564,8.10
2015/10/20,8.05,8.09,7.69,7.98,87545400,7.89
2015/10/21,7.90,8.20,7.37,7.46,90507231,6.82
2015/10/22,7.48,7.68,7.35,7.62,55496953,7.51
2015/10/23,7.60,7.75,7.52,7.68,53674822,7.63
2015/10/26,7.77,7.81,7.60,7.68,50205074,7.70
2015/10/27,7.61,7.65,7.35,7.60,46634708,7.50
2015/10/28,7.53,7.60,7.45,7.49,37072773,7.52
2015/10/29,7.49,7.64,7.49,7.52,35172123,7.56
2015/10/30,7.49,7.51,7.25,7.35,34125534,7.38
2015/11/02,7.29,7.33,7.16,7.19,25592905,7.25
2015/11/03,7.22,7.27,7.16,7.20,16422699,7.21
2015/11/04,7.21,7.48,7.20,7.48,42515633,7.34
2015/11/05,7.47,8.12,7.43,7.76,125340364,7.77
2015/11/06,7.73,7.90,7.64,7.82,78042432,7.77
2015/11/09,7.74,8.09,7.70,7.94,88605958,7.90
2015/11/10,7.90,8.13,7.80,8.04,75833478,7.97
2015/11/11,8.00,8.12,7.94,8.01,53272029,8.03
2015/11/12,8.01,8.08,7.80,7.86,48234583,7.94
2015/11/13,7.76,7.81,7.62,7.66,41596231,7.71
2015/11/16,7.58,7.65,7.51,7.65,34216833,7.58
2015/11/17,7.68,7.91,7.66,7.69,53009537,7.79
2015/11/18,7.68,7.90,7.61,7.73,39870738,7.76
2015/11/19,7.74,7.84,7.69,7.83,33603270,7.77
2015/11/20,7.83,7.90,7.74,7.82,44134967,7.82
2015/11/23,7.81,7.83,7.62,7.65,37747399,7.73
2015/11/24,7.65,7.65,7.40,7.53,44138838,7.53
2015/11/25,7.50,7.62,7.47,7.58,29615070,7.54
2015/11/26,7.56,7.72,7.56,7.61,44969138,7.64
2015/11/27,7.57,7.58,7.05,7.08,45138113,7.31
2015/11/30,7.12,7.16,6.83,7.08,30693152,7.00
2015/12/01,7.08,7.13,7.00,7.12,20306354,7.06
2015/12/02,7.12,7.45,7.06,7.35,36415826,7.25
2015/12/03,7.34,7.44,7.23,7.35,30942854,7.34
2015/12/04,7.39,7.49,7.23,7.30,31829034,7.36
2015/12/07,7.30,7.33,7.21,7.25,15764157,7.27
2015/12/08,7.19,7.22,7.00,7.01,24784117,7.11
2015/12/09,7.01,7.11,6.98,7.05,15653367,7.05
2015/12/10,7.04,7.35,7.00,7.13,29899773,7.17
2015/12/11,7.09,7.21,7.01,7.10,19896262,7.11
2015/12/14,7.11,7.33,7.07,7.32,39568331,7.20
2015/12/15,7.24,7.32,7.17,7.20,26669025,7.25
2015/12/16,7.25,7.28,7.15,7.19,18159537,7.22
2015/12/17,7.22,7.34,7.21,7.31,33705051,7.27
2015/12/18,7.26,7.32,7.21,7.26,25983496,7.27
2015/12/21,7.25,7.47,7.21,7.41,48050688,7.34
2015/12/22,7.42,7.59,7.37,7.46,49136916,7.48
2015/12/23,7.46,7.59,7.35,7.36,38169482,7.47
2015/12/24,7.38,7.43,7.17,7.25,23297716,7.30
2015/12/25,7.26,7.30,7.15,7.26,27463742,7.23
2015/12/28,7.26,7.26,7.09,7.09,29817472,7.17
2015/12/29,7.09,7.17,7.06,7.15,22867729,7.11
2015/12/30,7.16,7.18,7.11,7.17,15147159,7.15
2015/12/31,7.15,7.20,7.09,7.10,13243915,7.15
2016/01/04,7.11,7.15,6.57,6.59,22518900,6.86
2016/01/05,6.48,6.76,6.35,6.69,37080657,6.55
2016/01/06,6.67,7.25,6.63,7.25,74321840,6.94
2016/01/07,7.13,7.23,6.63,6.64,16516965,6.93
2016/01/08,6.77,7.20,6.68,7.20,91491015,6.94
2016/01/11,7.10,7.14,6.60,6.71,71899154,6.87
2016/01/12,6.70,6.74,6.41,6.61,26125179,6.58
2016/01/13,6.64,6.96,6.50,6.53,29182029,6.73
2016/01/14,6.30,6.76,6.25,6.63,27680711,6.50
2016/01/15,6.60,6.61,6.23,6.25,30361467,6.42
2016/01/18,6.13,6.32,6.07,6.20,18366426,6.20
2016/01/19,6.19,6.41,6.17,6.36,19998644,6.29
2016/01/20,6.35,6.35,6.18,6.22,22871406,6.26
2016/01/21,6.19,6.39,6.10,6.16,25275742,6.24
2016/01/22,6.32,6.44,6.23,6.30,29821585,6.34
2016/01/25,6.36,6.54,6.25,6.38,35001762,6.40
2016/01/26,6.29,6.31,5.87,5.91,31363090,6.09
2016/01/27,5.95,6.02,5.61,5.89,29119757,5.81
2016/01/28,5.83,6.11,5.64,5.72,31281383,5.88
2016/01/29,5.70,5.90,5.69,5.86,18714441,5.80
2016/02/01,5.86,5.90,5.50,5.63,22541518,5.70
2016/02/02,5.63,5.74,5.59,5.73,18297399,5.67
2016/02/03,5.65,5.68,5.55,5.65,15771676,5.61
2016/02/04,5.68,5.77,5.66,5.71,17711111,5.71
2016/02/05,5.72,5.77,5.63,5.66,16605198,5.70
2016/02/15,5.53,5.74,5.50,5.68,12462380,5.62
2016/02/16,5.66,5.89,5.66,5.84,22462922,5.77
2016/02/17,5.80,5.91,5.78,5.89,22556933,5.85
2016/02/18,5.91,6.07,5.86,5.88,26702343,5.97
2016/02/19,5.83,5.89,5.82,5.86,13351354,5.85
2016/02/22,5.89,6.17,5.87,6.03,35621260,6.02
2016/02/23,6.00,6.11,5.96,6.09,33578601,6.04
2016/02/24,6.05,6.32,6.04,6.25,46493305,6.18
2016/02/25,6.23,6.25,5.73,5.77,33732495,5.99
2016/02/26,5.82,6.12,5.74,6.05,32433751,5.93
2016/02/29,6.00,6.24,5.74,5.95,27509402,5.99
2016/03/01,5.97,6.16,5.86,6.11,28074395,6.01
2016/03/02,6.05,6.44,6.05,6.40,49506048,6.25
2016/03/03,6.41,6.60,6.34,6.42,53490229,6.47
2016/03/04,6.40,6.53,6.19,6.42,54106465,6.36
2016/03/07,6.55,6.60,6.32,6.50,51642542,6.46
2016/03/08,6.63,6.65,6.30,6.46,48632625,6.48
2016/03/09,6.22,6.29,6.08,6.17,25192007,6.19
2016/03/10,6.20,6.23,6.04,6.06,14393864,6.14
2016/03/11,6.07,6.14,6.01,6.11,10394746,6.07
2016/03/14,6.15,6.27,6.12,6.16,18712068,6.19
2016/03/15,6.15,6.17,6.07,6.11,11951355,6.12
2016/03/16,6.12,6.15,6.05,6.06,12972586,6.10
2016/03/17,6.09,6.20,6.08,6.15,15385464,6.14
2016/03/18,6.16,6.29,6.15,6.26,22234610,6.22
2016/03/21,6.28,6.37,6.23,6.36,30415492,6.30
2016/03/22,6.31,6.33,6.25,6.28,18803513,6.29
2016/03/23,6.25,6.35,6.24,6.28,13944157,6.29
2016/03/24,6.20,6.21,6.10,6.13,21003419,6.15
2016/03/25,6.12,6.16,6.10,6.16,8156131,6.13
2016/03/28,6.15,6.20,6.11,6.11,11696094,6.16
2016/03/29,6.09,6.13,6.01,6.04,13834961,6.07
2016/03/30,6.07,6.16,6.07,6.15,13493089,6.12
2016/03/31,6.18,6.20,6.11,6.17,16659134,6.16
2016/04/01,6.17,6.26,6.15,6.20,17896019,6.21
2016/04/05,6.23,6.33,6.19,6.30,24286137,6.26
2016/04/06,6.25,6.30,6.21,6.23,15705750,6.25
2016/04/07,6.26,6.29,6.17,6.21,17414591,6.23
2016/04/08,6.16,6.26,6.15,6.25,17374546,6.21
2016/04/11,6.25,6.47,6.25,6.37,43323088,6.36
2016/04/12,6.37,6.55,6.28,6.54,53596861,6.42
2016/04/13,6.66,6.82,6.58,6.61,80832721,6.70
2016/04/14,6.60,6.63,6.50,6.54,31204227,6.56
2016/04/15,6.50,6.57,6.39,6.43,24729579,6.48
2016/04/18,6.41,6.47,6.32,6.44,17855355,6.40
2016/04/19,6.47,6.49,6.32,6.36,15966978,6.41
2016/04/20,6.41,6.44,6.05,6.18,28731078,6.25
2016/04/21,6.19,6.33,6.16,6.22,23305389,6.25
2016/04/22,6.19,6.27,6.12,6.25,14498699,6.19
2016/04/25,6.21,6.28,6.16,6.28,16845658,6.22
2016/04/26,6.30,6.31,6.17,6.25,12695595,6.24
2016/04/27,6.24,6.25,6.17,6.19,11041194,6.21
2016/04/28,6.17,6.25,6.10,6.22,14475120,6.17
2016/04/29,6.19,6.23,6.16,6.20,8030878,6.20
2016/05/03,6.18,6.30,6.16,6.28,14630542,6.23
2016/05/04,6.26,6.29,6.23,6.26,10534256,6.26
2016/05/05,6.27,6.31,6.23,6.28,8882908,6.27
2016/05/06,6.26,6.28,6.07,6.09,15399274,6.18
2016/05/09,6.06,6.09,5.80,5.83,17738571,5.94
2016/05/10,5.82,5.91,5.82,5.87,11397117,5.87
2016/05/11,5.90,5.91,5.78,5.85,7553890,5.85
2016/05/12,5.83,5.87,5.76,5.85,6888016,5.81
2016/05/13,5.83,5.88,5.80,5.83,5884911,5.84
2016/05/16,5.84,5.86,5.77,5.85,7750300,5.81
2016/05/17,5.86,5.93,5.78,5.82,13589559,5.85
2016/05/18,5.78,5.79,5.66,5.69,11258358,5.73
2016/05/19,5.71,5.75,5.68,5.69,6394694,5.71
2016/05/20,5.67,5.71,5.62,5.70,5535237,5.67
2016/05/23,5.70,5.74,5.68,5.72,5113129,5.71
2016/05/24,5.73,5.74,5.65,5.67,5424681,5.70
2016/05/25,5.69,5.73,5.69,5.70,8827898,5.71
2016/05/26,5.71,5.80,5.67,5.79,12912314,5.73
2016/05/27,5.76,5.77,5.69,5.73,12397484,5.73
2016/05/30,5.70,5.75,5.68,5.71,6111058,5.71
2016/05/31,5.71,5.86,5.71,5.84,13358999,5.79
2016/06/01,5.84,5.90,5.83,5.86,13604774,5.87
2016/06/02,5.85,5.88,5.83,5.86,8654939,5.85
2016/06/03,5.86,5.88,5.81,5.88,9163592,5.84
2016/06/06,5.86,5.88,5.82,5.83,7692359,5.85
2016/06/07,5.85,5.88,5.84,5.86,8098973,5.86
2016/06/08,5.85,5.89,5.84,5.85,8279984,5.86
2016/06/13,5.79,5.82,5.58,5.61,10092462,5.70
2016/06/14,5.61,5.66,5.60,5.64,4682451,5.63
2016/06/15,5.60,5.80,5.58,5.74,9305300,5.69
2016/06/16,5.74,5.78,5.70,5.72,6612233,5.74
2016/06/17,5.71,5.90,5.71,5.87,19416924,5.81
2016/06/20,5.84,5.86,5.77,5.78,11941577,5.81
2016/06/21,5.80,5.88,5.77,5.78,11864889,5.82
2016/06/22,5.78,5.95,5.76,5.93,20170740,5.85
2016/06/23,5.88,6.06,5.88,5.95,17273407,5.97
2016/06/24,5.93,6.01,5.78,5.85,12990515,5.90
2016/06/27,5.91,6.29,5.89,6.18,42979724,6.09
2016/06/28,6.12,6.18,6.09,6.15,11684229,6.13
2016/06/29,6.15,6.32,6.13,6.23,17911567,6.23
2016/06/30,6.23,6.26,6.17,6.21,8065998,6.21
2016/07/01,6.21,6.29,6.18,6.21,9589753,6.23
2016/07/04,6.17,6.62,6.17,6.54,39764204,6.40
2016/07/05,6.59,6.79,6.50,6.53,36747775,6.65
2016/07/06,6.53,6.56,6.39,6.55,16618619,6.47
2016/07/07,6.50,6.62,6.47,6.50,14936372,6.54
2016/07/08,6.46,6.50,6.31,6.38,15624056,6.40
2016/07/11,6.38,6.61,6.38,6.48,21238989,6.50
2016/07/12,6.60,7.02,6.60,6.77,73482461,6.81
2016/07/13,6.65,6.82,6.65,6.80,31922456,6.74
2016/07/14,6.79,6.79,6.65,6.74,16288978,6.72
2016/07/15,6.69,7.01,6.69,6.78,40207602,6.85
2016/07/18,6.75,6.87,6.65,6.70,25965964,6.76
2016/07/19,6.66,6.73,6.62,6.69,13519021,6.68
2016/07/20,6.71,6.79,6.56,6.58,16575219,6.67
2016/07/21,6.59,6.67,6.48,6.59,19083958,6.58
2016/07/22,6.64,6.64,6.48,6.52,14306885,6.56
2016/07/25,6.54,6.58,6.44,6.52,9253985,6.51
2016/07/26,6.55,6.70,6.53,6.68,18180600,6.62
2016/07/27,6.71,6.73,6.37,6.52,17507700,6.55
2016/07/28,6.47,6.62,6.47,6.53,17274500,6.54
2016/07/29,6.56,6.67,6.55,6.58,11036152,6.61
2016/08/01,6.63,6.73,6.51,6.71,12869490,6.62
2016/08/02,6.81,6.90,6.72,6.77,19701562,6.81
2016/08/03,6.66,6.78,6.62,6.72,11462864,6.70
2016/08/04,6.71,6.79,6.66,6.73,9047342,6.73
2016/08/05,6.73,6.75,6.64,6.73,8716630,6.69
2016/08/08,6.88,7.00,6.80,6.99,45320881,6.90
