Date, SH601336.Open, SH601336.High, SH601336.Low, SH601336.Close, SH601336.Volume, SH601336.Adjusted
2011/12/16,25.00,26.80,24.90,26.44,117177275,25.72
2011/12/19,26.21,27.49,26.00,26.96,52416127,26.58
2011/12/20,27.10,27.59,26.65,26.88,27480230,27.08
2011/12/21,27.14,27.65,26.29,26.39,22180360,27.04
2011/12/22,25.96,27.20,25.56,26.80,14722866,26.28
2011/12/23,26.52,27.17,25.82,27.09,12658980,26.65
2011/12/26,26.71,27.32,26.49,26.71,7469975,26.91
2011/12/27,26.45,29.38,26.02,27.07,13944132,27.68
2011/12/28,26.47,27.42,25.13,27.12,10747748,26.47
2011/12/29,26.61,28.30,26.61,28.12,9982846,27.76
2011/12/30,27.97,28.69,27.80,27.87,11365897,28.23
2012/01/04,27.92,28.55,27.70,27.97,7659030,28.13
2012/01/05,27.94,28.42,26.88,27.10,8982348,27.71
2012/01/06,26.60,28.21,26.60,28.14,6134233,27.42
2012/01/09,28.09,29.55,27.61,29.38,6715869,28.68
2012/01/10,29.38,30.30,29.00,30.12,8405120,29.81
2012/01/11,29.95,30.20,29.10,29.87,4795160,29.75
2012/01/12,29.62,30.95,29.62,30.38,5555409,30.27
2012/01/13,30.48,30.58,28.95,29.87,4972570,29.59
2012/01/16,29.50,29.77,28.13,28.28,3600578,29.35
2012/01/17,28.58,30.92,28.50,30.87,9177673,29.53
2012/01/18,30.54,30.90,29.18,29.73,6458792,30.20
2012/01/19,29.73,30.60,29.37,30.21,3814065,30.22
2012/01/20,30.10,32.22,30.10,31.89,6631448,31.25
2012/01/30,31.79,31.79,30.20,30.25,5263418,30.88
2012/01/31,30.13,30.57,29.80,30.53,2167097,30.18
2012/02/01,30.25,30.75,29.77,29.97,4416194,30.15
2012/02/02,29.66,31.30,28.93,31.09,5974537,30.12
2012/02/03,30.70,31.35,30.70,31.06,5294399,31.04
2012/02/06,31.00,31.10,29.98,30.47,5162336,30.47
2012/02/07,30.01,30.27,28.91,29.14,7208458,29.36
2012/02/08,29.16,30.96,29.08,30.68,4550580,29.99
2012/02/09,30.55,30.66,29.90,30.20,4249277,30.26
2012/02/10,29.89,31.23,29.89,30.40,3018026,30.59
2012/02/13,30.00,30.75,29.53,29.97,3820403,29.97
2012/02/14,29.95,29.99,29.48,29.72,2226764,29.65
2012/02/15,29.55,30.45,29.51,30.45,3710523,30.16
2012/02/16,30.45,30.53,29.63,29.84,3153273,30.01
2012/02/17,30.04,30.35,29.30,29.68,2461452,29.69
2012/02/20,30.15,30.44,29.75,29.85,5729514,30.09
2012/02/21,29.85,30.12,29.41,30.11,2488423,29.83
2012/02/22,30.00,30.76,29.79,30.57,5367417,30.31
2012/02/23,30.69,30.99,30.43,30.96,3865792,30.66
2012/02/24,30.99,31.22,30.60,30.96,4352743,30.84
2012/02/27,31.00,31.85,30.30,30.55,6887152,31.08
2012/02/28,30.39,30.59,29.58,29.85,8992529,29.90
2012/02/29,29.35,30.03,29.29,29.77,4910929,29.66
2012/03/01,29.60,29.90,29.40,29.62,1946705,29.65
2012/03/02,29.62,30.56,29.62,30.33,4090656,30.09
2012/03/05,30.45,30.55,29.10,29.47,5854879,29.67
2012/03/06,29.10,29.56,28.71,29.15,6182373,29.12
2012/03/07,28.60,29.20,28.56,29.01,3134396,28.99
2012/03/08,29.29,29.38,29.00,29.14,2582684,29.16
2012/03/09,29.13,29.60,29.11,29.32,2058899,29.39
2012/03/12,29.32,29.49,28.81,29.03,1570745,29.01
2012/03/13,29.14,30.05,28.80,29.96,6105810,29.66
2012/03/14,30.26,30.33,28.98,29.24,4377537,29.68
2012/03/15,29.10,30.14,29.10,29.97,4979819,29.73
2012/03/16,29.80,31.28,29.30,30.79,10241240,29.94
2012/03/19,30.51,30.98,30.13,30.51,4939596,30.44
2012/03/20,30.51,30.98,30.13,30.51,0,30.55
2012/03/21,30.08,30.28,29.10,29.40,4003654,29.75
2012/03/22,29.40,29.64,29.16,29.44,1626079,29.37
2012/03/23,29.39,29.39,28.70,28.91,2532278,28.93
2012/03/26,28.85,30.26,28.71,29.65,2862989,29.66
2012/03/27,29.66,29.90,29.40,29.73,1774739,29.70
2012/03/28,29.21,29.50,28.80,28.86,2704450,29.22
2012/03/29,28.50,29.58,27.80,28.92,3435151,28.78
2012/03/30,28.60,29.10,28.32,28.71,1631093,28.59
2012/04/05,28.88,29.88,28.35,29.50,2022148,29.36
2012/04/06,29.52,30.58,29.14,30.34,3553350,29.97
2012/04/09,30.00,30.40,29.53,30.28,2333434,30.08
2012/04/10,30.20,30.21,29.41,30.12,1776415,29.78
2012/04/11,29.71,30.50,29.70,29.99,1593883,30.05
2012/04/12,29.80,31.30,29.65,30.99,4991775,30.63
2012/04/13,30.98,31.78,30.80,31.16,4995640,31.30
2012/04/16,31.03,31.33,30.71,31.08,1246302,31.10
2012/04/17,31.00,31.30,30.00,30.16,1656898,30.38
2012/04/18,30.28,31.26,29.83,30.91,3668675,30.65
2012/04/19,30.90,33.80,30.70,33.50,13419788,32.94
2012/04/20,33.40,35.40,33.01,35.35,12835633,34.30
2012/04/23,35.02,35.80,34.55,34.97,7900300,35.07
2012/04/24,34.30,36.48,33.80,35.21,11402995,35.26
2012/04/25,34.86,35.50,34.30,34.92,7274749,34.76
2012/04/26,34.71,35.39,33.77,34.16,6903373,34.37
2012/04/27,34.31,34.57,33.61,33.97,5818495,34.03
2012/05/02,34.34,36.50,34.28,34.84,8111518,35.14
2012/05/03,34.79,35.46,34.50,34.99,4846766,34.98
2012/05/04,34.75,35.30,34.66,34.96,2967949,34.96
2012/05/07,34.79,34.80,33.50,34.04,5132456,34.03
2012/05/08,33.88,34.12,33.30,33.60,3441561,33.61
2012/05/09,33.25,34.00,33.18,33.67,3105569,33.72
2012/05/10,33.50,33.95,33.25,33.62,2562560,33.58
2012/05/11,33.55,33.80,33.00,33.16,2493758,33.43
2012/05/14,33.45,33.45,32.42,32.47,5424079,32.97
2012/05/15,32.08,33.20,32.00,33.08,7197941,32.71
2012/05/16,32.91,33.07,32.51,32.63,5248614,32.80
2012/05/17,32.60,33.95,32.41,33.83,6218093,33.36
2012/05/18,33.41,33.80,32.72,33.15,3887418,33.24
2012/05/21,33.03,33.43,32.55,33.08,2093999,32.99
2012/05/22,33.38,33.84,32.99,33.67,3138517,33.42
2012/05/23,33.60,33.66,33.18,33.55,2692569,33.46
2012/05/24,33.40,34.00,32.73,32.80,2792880,33.31
2012/05/25,32.62,32.82,31.48,31.79,3434584,32.07
2012/05/28,31.75,32.48,31.60,32.18,2105938,32.06
2012/05/29,32.03,33.60,31.56,33.13,5801882,32.94
2012/05/30,32.95,33.12,32.61,32.85,2015812,32.81
2012/05/31,32.40,32.83,32.20,32.71,1714607,32.55
2012/06/01,32.71,33.38,32.68,32.78,3416668,33.01
2012/06/04,32.00,32.46,30.89,30.91,4995087,31.64
2012/06/05,30.98,31.40,30.60,31.15,3345473,31.04
2012/06/06,31.20,31.28,30.15,30.38,3986861,30.75
2012/06/07,30.80,31.00,30.03,30.45,4586035,30.46
2012/06/08,30.51,30.99,30.25,30.71,5802584,30.72
2012/06/11,30.72,31.63,30.72,31.31,5339428,31.17
2012/06/12,31.29,31.85,31.18,31.35,4807865,31.52
2012/06/13,31.25,34.49,31.15,34.49,10005219,32.95
2012/06/14,34.70,35.96,34.70,35.27,11813902,35.39
2012/06/15,35.30,36.32,34.56,35.61,9988410,35.41
2012/06/18,35.58,35.58,34.61,35.13,6985234,35.00
2012/06/19,35.04,35.55,34.71,35.24,6291083,35.16
2012/06/20,35.04,35.55,34.71,35.24,0,35.13
2012/06/21,34.99,34.99,33.29,34.07,8617707,33.84
2012/06/25,33.97,34.06,32.43,32.58,6746679,32.84
2012/06/26,32.18,33.24,32.10,32.72,5530478,32.77
2012/06/27,32.77,32.99,32.42,32.71,6355733,32.78
2012/06/28,32.50,33.56,32.50,32.81,5739792,33.01
2012/06/29,32.40,35.10,32.40,34.24,8289938,33.96
2012/07/02,34.08,35.58,33.73,35.53,8920628,34.49
2012/07/03,35.40,36.20,34.76,35.05,7077571,35.40
2012/07/04,34.99,35.35,34.00,34.20,5391825,34.38
2012/07/05,33.99,34.89,33.69,34.51,5625472,34.13
2012/07/06,34.89,35.58,33.99,35.28,5951732,34.88
2012/07/09,34.92,35.79,34.04,34.08,4651754,34.66
2012/07/10,34.07,35.17,33.59,33.94,4404026,34.36
2012/07/11,33.87,34.18,32.99,33.62,4905063,33.47
2012/07/12,33.62,34.69,32.71,34.32,7524724,33.57
2012/07/13,33.89,34.88,33.74,34.19,3226436,34.23
2012/07/16,34.18,34.47,32.31,32.61,3937698,33.19
2012/07/17,32.60,33.29,32.40,33.05,3653938,32.76
2012/07/18,33.25,33.68,32.00,33.06,3530269,32.80
2012/07/19,32.69,35.89,32.44,34.67,8974501,34.47
2012/07/20,34.39,34.68,33.69,33.96,4850593,34.07
2012/07/23,33.59,33.69,32.59,33.14,4109680,33.01
2012/07/24,33.08,34.18,32.69,33.99,3943700,33.53
2012/07/25,33.60,34.29,33.39,33.54,2541253,33.79
2012/07/26,33.54,33.94,32.99,33.28,4083011,33.28
2012/07/27,33.41,33.58,32.02,32.34,5903255,32.55
2012/07/30,32.11,32.54,30.28,30.73,7557272,30.90
2012/07/31,30.49,31.44,30.49,31.09,5468330,30.96
2012/08/01,30.79,31.68,30.72,31.17,3716944,31.12
2012/08/02,30.97,31.33,30.69,30.92,3562896,30.85
2012/08/03,31.12,31.19,29.31,30.23,7867515,29.81
2012/08/06,30.09,31.17,29.60,30.83,6394265,30.26
2012/08/07,30.56,30.92,29.93,30.30,7030412,30.37
2012/08/08,30.29,30.75,30.07,30.61,5557163,30.33
2012/08/09,30.41,30.71,29.81,30.62,5261925,30.20
2012/08/10,30.58,31.50,30.41,30.97,5618810,30.93
2012/08/13,30.80,30.95,28.09,28.49,7909834,29.45
2012/08/14,28.73,28.73,26.96,27.56,10391171,27.32
2012/08/15,27.57,27.78,27.21,27.37,4485520,27.36
2012/08/16,27.41,27.43,26.79,26.91,2896682,26.60
2012/08/17,26.91,27.50,26.01,27.47,7268520,26.25
2012/08/20,26.81,27.41,26.27,27.05,3978679,26.27
2012/08/21,26.91,27.74,26.62,27.21,4915860,26.97
2012/08/22,27.06,27.56,27.06,27.39,3549605,26.95
2012/08/23,27.41,27.56,27.02,27.42,2866513,26.97
2012/08/24,27.43,27.46,26.87,26.88,1993586,26.69
2012/08/27,26.82,26.82,25.41,25.45,3461747,25.66
2012/08/28,25.40,25.87,25.21,25.71,5710295,25.09
2012/08/29,25.46,25.85,25.12,25.18,2716196,25.06
2012/08/30,24.96,26.41,24.96,26.02,7312947,25.40
2012/08/31,25.91,26.58,25.80,26.08,4819044,25.76
2012/09/03,25.86,27.45,25.81,27.07,7451341,26.53
2012/09/04,27.13,27.15,26.67,26.75,3244417,26.44
2012/09/05,26.57,26.86,25.92,26.11,5840317,25.98
2012/09/06,26.10,26.99,26.10,26.71,4756561,26.19
2012/09/07,27.11,28.92,27.11,28.25,11015504,27.61
2012/09/10,28.11,28.41,27.61,28.21,5989856,27.63
2012/09/11,28.11,28.11,27.01,27.37,8226701,26.94
2012/09/12,27.69,27.81,26.79,27.29,5263828,26.90
2012/09/13,27.27,28.08,27.04,27.98,10402331,27.24
2012/09/14,27.90,28.25,27.37,27.64,6117741,27.42
2012/09/17,27.46,27.46,25.61,25.70,8626605,25.89
2012/09/18,25.40,25.81,25.17,25.40,4985423,24.95
2012/09/19,25.44,25.60,24.95,25.09,8001085,24.78
2012/09/20,24.91,24.91,22.94,23.32,15564263,23.16
2012/09/21,23.00,23.29,22.64,22.75,6523752,22.50
2012/09/24,22.59,23.50,22.22,23.25,7077540,22.67
2012/09/25,23.11,23.71,23.03,23.41,5150154,23.07
2012/09/26,23.34,23.77,23.16,23.49,3885705,23.01
2012/09/27,23.40,24.92,23.31,24.48,8021338,23.91
2012/09/28,24.22,25.25,24.18,24.92,6278119,24.41
2012/10/08,24.92,25.56,24.48,24.86,5613199,24.77
2012/10/09,25.09,25.57,25.01,25.38,5230873,24.95
2012/10/10,25.16,25.44,24.81,25.00,5277571,24.63
2012/10/11,24.91,24.91,23.66,23.72,7394992,23.68
2012/10/12,23.78,24.17,23.00,23.43,7312531,22.98
2012/10/15,23.43,23.70,23.23,23.63,4231083,23.10
2012/10/16,23.68,24.10,23.47,23.65,4872399,23.35
2012/10/17,23.76,23.83,22.69,22.96,10052708,22.62
2012/10/18,22.99,23.56,22.73,23.39,7348867,22.72
2012/10/19,23.31,23.82,23.22,23.62,6913404,23.20
2012/10/22,23.40,23.63,23.21,23.61,4517679,23.00
2012/10/23,23.82,24.17,23.57,23.58,6093126,23.45
2012/10/24,23.41,23.76,23.31,23.63,3023022,23.18
2012/10/25,23.71,23.89,23.33,23.41,3633067,23.13
2012/10/26,23.41,23.61,22.41,22.50,4569400,22.41
2012/10/29,22.50,22.66,21.91,22.14,2819516,21.84
2012/10/30,22.10,22.55,22.10,22.40,3234658,21.98
2012/10/31,22.21,22.75,22.10,22.32,4713414,21.97
2012/11/01,22.31,23.26,22.31,23.00,7081073,22.53
2012/11/02,22.99,23.17,22.71,23.07,3166440,22.53
2012/11/05,22.95,23.23,22.81,22.99,2615113,22.57
2012/11/06,22.96,23.08,22.32,23.03,4691892,22.35
2012/11/07,23.23,23.23,22.63,22.72,2431701,22.40
2012/11/08,22.49,22.60,21.96,22.01,2993686,21.89
2012/11/09,21.95,22.27,21.90,22.08,2548635,21.71
2012/11/12,22.12,22.29,22.07,22.28,2052781,21.78
2012/11/13,22.28,22.29,21.76,21.84,2426829,21.51
2012/11/14,21.88,21.91,21.60,21.66,2496405,21.31
2012/11/15,21.61,22.09,21.09,21.71,6675322,21.25
2012/11/16,21.53,21.56,21.02,21.26,2289316,20.81
2012/11/19,21.25,21.25,20.57,21.00,2170347,20.53
2012/11/20,21.01,21.16,20.52,20.53,2460758,20.32
2012/11/21,20.61,20.92,20.35,20.91,2699753,20.27
2012/11/22,20.77,20.81,20.58,20.63,1584852,20.25
2012/11/23,20.66,21.16,20.51,21.05,4381134,20.56
2012/11/26,20.89,20.94,20.38,20.53,3107170,20.12
2012/11/27,20.44,20.51,19.53,19.69,3045668,19.43
2012/11/28,19.56,19.59,18.39,18.40,7320385,18.36
2012/11/29,18.41,18.61,18.26,18.36,4409395,18.04
2012/11/30,18.26,18.94,18.04,18.89,4885350,18.20
2012/12/03,18.71,20.11,18.61,19.38,12442281,19.15
2012/12/04,19.34,20.21,19.16,20.13,5486000,19.29
2012/12/05,19.98,22.10,19.78,22.10,18986840,21.31
2012/12/06,21.81,22.06,21.58,21.73,7660599,21.37
2012/12/07,21.59,22.78,21.51,22.43,10568718,21.92
2012/12/10,22.24,22.90,21.93,22.59,7040433,22.00
2012/12/11,22.34,22.50,22.10,22.29,4816165,21.86
2012/12/12,22.17,22.46,21.76,22.36,5699521,21.66
2012/12/13,22.29,22.36,21.88,21.91,3437010,21.63
2012/12/14,21.71,24.06,21.71,24.06,10307278,22.96
2012/12/17,23.72,26.26,23.72,25.61,17783428,24.90
2012/12/18,25.21,26.06,24.92,25.60,7962541,24.90
2012/12/19,25.41,25.56,25.06,25.36,5505835,24.94
2012/12/20,25.36,26.85,24.92,26.78,9589668,25.30
2012/12/21,26.41,27.81,26.02,26.82,12598013,26.47
2012/12/24,26.61,26.97,26.25,26.73,5605523,26.24
2012/12/25,26.33,27.51,26.29,27.07,6967089,26.71
2012/12/26,26.91,27.41,26.41,27.08,4169709,26.44
2012/12/27,27.03,27.33,25.79,25.88,8758264,25.91
2012/12/28,25.74,26.66,25.51,26.61,6834439,25.86
2012/12/31,26.41,29.23,26.41,29.23,12813589,27.98
2013/01/04,29.42,31.41,28.36,29.28,16876727,29.12
2013/01/07,28.73,29.30,28.09,29.01,6198221,28.34
2013/01/08,28.83,28.99,27.80,28.25,9817120,27.75
2013/01/09,28.24,28.74,27.92,28.44,5868133,27.96
2013/01/10,28.16,29.09,28.09,28.19,6542076,28.14
2013/01/11,28.24,28.44,27.19,27.33,5552499,27.45
2013/01/14,27.14,29.17,26.94,28.53,10925108,28.00
2013/01/15,28.46,29.63,28.32,29.59,11432510,28.59
2013/01/16,29.21,29.61,28.31,28.93,7597132,28.47
2013/01/17,28.51,28.87,28.11,28.41,4158368,28.05
2013/01/18,28.61,29.06,27.76,28.43,6196024,28.04
2013/01/21,28.46,28.46,27.10,27.93,9863102,27.18
2013/01/22,27.76,28.60,27.60,27.74,6981626,27.69
2013/01/23,27.41,27.71,26.77,27.41,5547273,26.76
2013/01/24,27.54,29.29,27.06,27.59,12469951,27.62
2013/01/25,27.70,27.70,26.18,26.40,8183879,26.25
2013/01/28,26.23,27.37,26.21,27.36,12489549,26.44
2013/01/29,27.49,28.36,27.04,28.01,15976174,27.38
2013/01/30,27.91,29.59,27.86,28.89,19394222,28.50
2013/01/31,28.94,29.46,28.21,28.98,14318781,28.48
2013/02/01,28.69,31.84,28.46,31.84,24420956,30.10
2013/02/04,31.99,32.77,30.96,31.28,22909955,31.45
2013/02/05,30.55,31.21,29.88,30.86,14095417,30.10
2013/02/06,30.78,31.71,30.31,30.41,15654244,30.71
2013/02/07,30.06,30.25,29.12,29.59,15152237,29.09
2013/02/08,29.54,29.69,29.01,29.38,9676150,28.97
2013/02/18,29.77,29.96,28.66,28.71,12321593,28.98
2013/02/19,28.52,29.16,27.94,28.81,10867363,28.18
2013/02/20,28.71,28.85,28.16,28.71,7431493,28.06
2013/02/21,28.37,28.37,26.71,27.60,12673009,27.11
2013/02/22,27.40,27.66,26.90,27.10,5544664,26.87
2013/02/25,27.26,27.69,26.51,26.94,11815072,26.46
2013/02/26,26.61,27.54,26.42,26.57,12448193,26.60
2013/02/27,26.79,27.71,26.68,27.65,12203879,26.77
2013/02/28,27.72,28.57,27.22,28.40,15006433,27.53
2013/03/01,28.19,28.31,27.01,27.34,17543039,27.14
2013/03/04,26.61,26.61,24.65,24.82,16272816,24.90
2013/03/05,24.91,25.90,24.75,25.67,11438152,24.87
2013/03/06,25.76,26.26,25.59,25.93,9530197,25.54
2013/03/07,25.71,25.81,24.94,25.32,7488806,24.96
2013/03/08,25.40,25.99,25.16,25.61,8710096,25.21
2013/03/11,25.34,25.56,24.52,24.95,6852882,24.71
2013/03/12,24.96,25.60,24.78,25.46,9857890,24.87
2013/03/13,25.22,25.50,24.87,24.91,5837761,24.69
2013/03/14,24.87,24.99,24.20,24.58,7726463,24.17
2013/03/15,24.41,25.46,23.86,24.54,14723732,24.15
2013/03/18,24.16,24.34,23.31,23.42,9416489,23.36
2013/03/19,23.51,23.99,23.33,23.87,6433826,23.24
2013/03/20,23.81,25.34,23.72,25.27,14468241,24.26
2013/03/21,25.20,25.21,24.51,24.79,18275481,24.42
2013/03/22,24.70,25.00,24.51,24.84,7112901,24.38
2013/03/25,24.88,25.18,24.31,24.38,6488108,24.24
2013/03/26,24.30,24.31,23.32,23.45,9213129,23.20
2013/03/27,23.48,23.96,23.29,23.51,7735076,23.21
2013/03/28,22.91,22.91,21.74,22.15,9947724,21.80
2013/03/29,22.16,22.57,22.16,22.31,5986711,22.00
2013/04/01,22.39,22.76,22.22,22.59,5550732,22.11
2013/04/02,22.59,23.26,22.51,22.70,6131235,22.39
2013/04/03,22.90,23.15,22.61,22.83,5682753,22.47
2013/04/08,22.11,22.75,21.96,22.69,5579237,21.94
2013/04/09,22.69,23.70,22.69,23.52,11747703,22.94
2013/04/10,23.45,23.89,23.16,23.81,10862412,23.20
2013/04/11,23.96,24.17,23.43,23.44,5730188,23.34
2013/04/12,23.32,23.78,23.21,23.23,3900073,23.01
2013/04/15,23.16,23.28,22.90,23.21,4271342,22.71
2013/04/16,22.89,24.84,22.77,24.77,14531707,23.67
2013/04/17,24.51,24.89,24.22,24.87,10576201,24.15
2013/04/18,24.66,25.45,24.46,25.11,10433726,24.64
2013/04/19,25.15,25.90,25.07,25.60,12519086,25.04
2013/04/22,25.21,25.26,24.63,24.98,11896335,24.53
2013/04/23,24.96,25.00,23.44,23.46,8796815,23.78
2013/04/24,23.51,24.66,23.41,24.24,9172924,23.60
2013/04/25,24.09,24.69,23.64,24.24,7303724,23.77
2013/04/26,24.25,24.93,24.21,24.42,7607198,24.18
2013/05/02,24.44,25.40,24.06,24.85,8143524,24.50
2013/05/03,25.05,25.76,24.68,25.31,10768805,25.07
2013/05/06,25.43,25.82,25.11,25.52,9510632,25.05
2013/05/07,25.41,25.55,25.08,25.32,6324906,24.87
2013/05/08,25.59,25.81,25.16,25.32,7296766,25.02
2013/05/09,25.22,25.37,24.31,24.64,10612036,24.22
2013/05/10,24.60,24.96,24.43,24.80,5818203,24.33
2013/05/13,24.89,24.94,24.30,24.37,5544296,24.13
2013/05/14,24.36,24.36,23.53,23.59,6182535,23.39
2013/05/15,23.59,23.89,23.59,23.78,3150760,23.30
2013/05/16,23.79,24.86,23.31,24.80,10647401,23.99
2013/05/17,24.86,25.32,24.44,25.20,9384810,24.48
2013/05/20,25.11,25.91,25.01,25.46,11838053,25.14
2013/05/21,25.23,25.53,25.14,25.31,6614472,24.89
2013/05/22,25.33,25.97,25.32,25.60,9608194,25.23
2013/05/23,25.42,25.47,24.62,24.67,10689035,24.60
2013/05/24,24.83,25.11,24.60,24.85,4898895,24.43
2013/05/27,24.44,25.14,24.42,24.60,6030652,24.31
2013/05/28,24.60,25.90,24.54,25.88,13682943,24.87
2013/05/29,25.88,26.05,25.64,25.77,10126915,25.40
2013/05/30,25.53,26.04,25.18,25.43,9539056,25.16
2013/05/31,25.44,25.75,25.06,25.25,7090400,25.01
2013/06/03,25.33,25.64,25.08,25.34,6306290,24.94
2013/06/04,25.13,25.26,24.41,24.59,8909051,24.27
2013/06/05,24.60,24.71,24.11,24.30,6181662,23.96
2013/06/06,24.19,24.31,23.71,23.77,6214081,23.54
2013/06/07,23.77,23.94,22.66,22.84,9814273,22.80
2013/06/13,22.41,22.41,21.31,21.93,9751100,21.42
2013/06/14,22.03,22.20,21.86,22.07,5660417,21.63
2013/06/17,22.81,23.34,22.66,23.17,15037744,22.63
2013/06/18,23.23,23.54,23.01,23.23,8929627,22.84
2013/06/19,23.01,23.10,22.55,23.03,6150667,22.37
2013/06/20,22.81,23.69,22.52,23.22,10716703,22.70
2013/06/21,22.81,25.50,22.56,25.22,28389248,24.31
2013/06/24,24.89,25.14,23.79,24.41,28240414,24.10
2013/06/25,23.97,25.60,22.01,25.50,39385224,24.01
2013/06/26,25.10,25.36,24.42,25.04,25079757,24.51
2013/06/27,24.97,25.46,23.98,24.48,23523854,24.39
2013/06/28,24.10,25.29,23.51,25.12,21228964,24.28
2013/07/01,24.78,25.07,24.23,24.85,14031028,24.32
2013/07/02,24.73,25.04,24.37,24.82,11810313,24.28
2013/07/03,24.56,24.61,23.34,23.42,15702635,23.35
2013/07/04,22.91,23.86,22.71,23.28,11850871,22.94
2013/07/05,23.29,23.91,23.29,23.34,8865470,23.16
2013/07/08,22.91,22.91,22.11,22.38,9674938,22.10
2013/07/09,22.38,22.56,21.91,22.26,7063606,21.82
2013/07/10,22.17,23.26,22.17,23.24,10726210,22.39
2013/07/11,23.07,25.41,23.06,24.84,26460104,24.14
2013/07/12,24.41,24.66,23.74,23.76,16194026,23.86
2013/07/15,23.91,24.90,23.41,24.16,14643489,23.76
2013/07/16,23.91,24.10,23.42,23.95,9979345,23.33
2013/07/17,23.72,24.31,23.62,23.64,8797296,23.54
2013/07/18,23.43,23.61,22.77,22.81,8709237,22.65
2013/07/19,22.84,23.10,22.38,22.40,7739499,22.33
2013/07/22,22.21,22.76,21.96,22.74,5866587,22.08
2013/07/23,22.89,23.64,22.57,23.20,10368712,22.81
2013/07/24,22.91,23.09,22.37,22.73,8979684,22.26
2013/07/25,22.84,23.14,22.56,22.78,6331688,22.47
2013/07/26,22.56,22.73,22.39,22.57,5382751,22.08
2013/07/29,22.29,22.29,21.91,21.96,6573750,21.63
2013/07/30,22.01,23.09,21.96,22.47,8629504,22.18
2013/07/31,22.71,23.01,22.44,22.50,5856070,22.28
2013/08/01,22.74,23.29,22.53,23.27,9183616,22.51
2013/08/02,23.41,23.51,22.84,22.87,7020098,22.69
2013/08/05,22.87,23.36,22.79,23.34,7181199,22.70
2013/08/06,23.21,23.48,22.86,23.28,8000130,22.75
2013/08/07,23.14,23.49,22.86,22.92,6578117,22.77
2013/08/08,22.79,23.30,22.69,22.83,5063598,22.50
2013/08/09,23.01,23.09,22.41,22.69,5783740,22.35
2013/08/12,22.81,23.61,22.66,23.60,13051482,22.87
2013/08/13,23.51,23.74,23.32,23.62,8816932,23.15
2013/08/14,23.63,24.30,23.39,23.59,12604882,23.45
2013/08/15,23.41,23.73,23.32,23.36,5365036,23.08
2013/08/16,23.21,25.40,23.06,23.39,16673283,23.53
2013/08/19,22.79,23.59,22.62,23.24,7181972,22.69
2013/08/20,23.22,23.58,22.91,23.03,6582297,22.81
2013/08/21,23.17,23.84,22.82,23.39,7873653,22.93
2013/08/22,23.21,23.75,23.16,23.39,4898277,23.09
2013/08/23,23.59,23.70,22.91,23.12,6619051,22.94
2013/08/26,23.39,23.91,23.11,23.75,7420653,23.18
2013/08/27,23.71,23.80,23.34,23.61,6723593,23.11
2013/08/28,23.21,23.39,22.93,23.04,9329431,22.68
2013/08/29,23.16,23.29,22.79,22.89,4747953,22.55
2013/08/30,22.91,23.71,22.88,23.21,10396634,22.92
2013/09/02,23.29,23.46,23.02,23.21,6340569,22.86
2013/09/03,23.30,23.75,23.21,23.63,9574397,23.15
2013/09/04,23.61,23.63,23.27,23.40,6116416,23.01
2013/09/05,23.41,23.47,23.19,23.21,4767359,22.89
2013/09/06,23.11,23.51,23.07,23.26,4244014,22.86
2013/09/09,23.21,25.35,23.21,24.39,24694949,23.94
2013/09/10,24.37,24.61,24.03,24.57,11766646,23.88
2013/09/11,25.21,26.60,25.09,25.12,29152204,25.31
2013/09/12,24.91,26.25,24.86,25.69,21427515,25.29
2013/09/13,25.81,26.48,25.20,25.38,15359407,25.42
2013/09/16,25.71,25.98,25.22,25.73,10481361,25.21
2013/09/17,25.69,26.36,25.41,25.49,13852752,25.55
2013/09/18,25.31,25.49,24.38,24.80,10012580,24.38
2013/09/23,24.86,24.98,24.45,24.93,6072131,24.33
2013/09/24,24.76,24.77,23.89,24.08,10736466,23.77
2013/09/25,24.02,24.33,23.63,23.83,7093440,23.54
2013/09/26,23.71,23.77,22.99,23.19,8460715,22.87
2013/09/27,23.18,23.38,22.92,23.36,6257804,22.76
2013/09/30,23.47,23.57,23.04,23.20,5446753,22.78
2013/10/08,23.01,23.48,22.71,23.36,5952846,22.83
2013/10/09,23.27,23.66,23.11,23.56,6048918,23.05
2013/10/10,23.62,23.66,22.95,23.03,6288216,22.79
2013/10/11,23.20,23.58,23.19,23.46,7042513,23.00
2013/10/14,23.48,23.97,23.21,23.77,10455905,23.21
2013/10/15,23.90,23.90,23.32,23.48,6999666,23.10
2013/10/16,23.36,23.36,22.83,23.00,5395794,22.64
2013/10/17,23.04,23.20,22.78,22.81,3895251,22.57
2013/10/18,22.85,23.18,22.72,23.02,4140876,22.60
2013/10/21,23.02,23.30,22.84,23.24,5316461,22.68
2013/10/22,23.24,23.25,22.82,22.96,5617661,22.60
2013/10/23,23.01,23.43,22.77,22.93,5977033,22.67
2013/10/24,22.89,22.97,22.44,22.50,4672174,22.31
2013/10/25,22.62,22.89,22.28,22.45,4495070,22.14
2013/10/28,22.59,22.70,22.19,22.38,3650200,22.00
2013/10/29,22.38,23.03,22.26,22.71,8339488,22.27
2013/10/30,22.69,22.96,22.54,22.95,5339356,22.35
2013/10/31,23.09,23.33,22.89,22.96,7734946,22.68
2013/11/01,23.01,23.51,22.85,23.29,7286614,22.84
2013/11/04,23.41,23.51,23.02,23.09,4849990,22.79
2013/11/05,22.99,23.03,22.51,22.98,4752256,22.39
2013/11/06,22.90,22.99,22.68,22.69,3113353,22.41
2013/11/07,22.80,23.06,22.64,22.87,4250919,22.47
2013/11/08,22.78,22.86,22.39,22.42,3798102,22.20
2013/11/11,22.42,22.58,22.24,22.45,2783338,22.01
2013/11/12,22.61,23.01,22.52,22.99,5288024,22.43
2013/11/13,22.81,22.81,22.37,22.49,3914564,22.13
2013/11/14,22.67,22.68,22.39,22.57,3392858,22.15
2013/11/15,22.52,23.51,22.49,23.27,13379470,22.83
2013/11/18,23.36,25.49,23.34,25.34,27054273,24.03
2013/11/19,25.18,25.51,24.61,24.78,19868341,24.54
2013/11/20,25.01,25.16,24.46,24.77,10267998,24.30
2013/11/21,24.46,24.46,23.61,24.00,12911530,23.59
2013/11/22,24.01,24.49,23.84,24.00,8632560,23.78
2013/11/25,23.91,24.81,23.74,24.01,10786240,23.89
2013/11/26,24.09,24.17,23.75,23.87,6462787,23.53
2013/11/27,23.89,24.77,23.81,24.41,11578665,23.95
2013/11/28,24.34,25.14,24.33,24.65,13297034,24.41
2013/11/29,24.65,24.77,24.38,24.51,6121157,24.11
2013/12/02,24.19,25.40,24.09,24.95,21644683,24.43
2013/12/03,24.58,25.24,24.42,25.16,11915740,24.45
2013/12/04,24.96,25.51,24.90,25.22,15826993,24.92
2013/12/05,25.22,25.48,24.96,25.18,10426965,24.87
2013/12/06,25.03,25.26,24.41,24.54,10212082,24.33
2013/12/09,24.91,25.15,24.65,24.83,8785348,24.46
2013/12/10,24.90,25.01,24.55,24.66,5751811,24.34
2013/12/11,24.43,24.50,23.96,24.06,6276603,23.73
2013/12/12,23.96,24.16,23.69,23.97,5209175,23.51
2013/12/13,23.61,24.15,23.52,24.09,5897450,23.49
2013/12/16,24.08,24.30,23.86,24.05,6345999,23.68
2013/12/17,24.14,24.14,23.53,23.71,4941678,23.37
2013/12/18,23.72,23.91,23.37,23.45,6422703,23.26
2013/12/19,23.59,23.79,23.28,23.32,5384171,23.09
2013/12/20,23.32,23.39,22.62,22.68,6548520,22.48
2013/12/23,22.71,23.18,22.62,22.89,4597272,22.51
2013/12/24,23.04,23.27,22.79,22.97,4259478,22.61
2013/12/25,23.01,23.12,22.86,23.02,4827966,22.59
2013/12/26,22.93,23.05,22.66,22.68,3814476,22.44
2013/12/27,22.68,23.34,22.68,23.21,6741123,22.69
2013/12/30,23.39,23.46,23.07,23.13,4696300,22.79
2013/12/31,22.96,23.53,22.91,23.29,5847643,22.87
2014/01/02,23.13,23.27,22.91,23.02,4845790,22.61
2014/01/03,22.84,22.90,22.39,22.48,7340641,22.16
2014/01/06,22.48,22.49,21.99,22.17,6654374,21.71
2014/01/07,22.11,22.37,22.00,22.12,3815406,21.76
2014/01/08,22.24,22.52,22.05,22.34,4982687,21.88
2014/01/09,22.27,22.51,22.07,22.09,5003013,21.84
2014/01/10,22.09,22.26,21.91,22.11,3375201,21.63
2014/01/13,22.16,22.32,21.95,22.00,3817041,21.68
2014/01/14,22.02,22.39,21.93,22.34,3872695,21.78
2014/01/15,22.31,22.31,21.97,22.19,2811142,21.72
2014/01/16,22.19,22.67,22.14,22.49,8707187,22.06
2014/01/17,22.33,22.41,21.89,21.98,7896063,21.62
2014/01/20,21.91,22.02,21.76,21.81,4026672,21.48
2014/01/21,21.89,22.22,21.81,21.93,5294521,21.59
2014/01/22,22.02,22.46,21.91,22.43,7510565,21.87
2014/01/23,22.41,22.66,22.32,22.64,10689529,22.08
2014/01/24,22.52,22.71,22.45,22.49,5567414,22.16
2014/01/27,22.26,22.36,21.88,21.95,5450401,21.62
2014/01/28,22.10,22.26,22.02,22.22,3045276,21.75
2014/01/29,22.29,22.31,22.10,22.19,2943936,21.79
2014/01/30,22.13,22.25,21.91,21.94,2851986,21.59
2014/02/07,21.98,21.98,21.60,21.77,4346398,21.29
2014/02/10,21.86,22.40,21.86,22.30,7657094,21.77
2014/02/11,22.17,22.88,22.10,22.45,10864659,22.08
2014/02/12,22.49,22.65,22.29,22.35,9362392,22.00
2014/02/13,22.39,22.57,22.14,22.29,11937728,21.93
2014/02/14,22.29,22.59,22.26,22.56,8658580,22.01
2014/02/17,22.76,22.88,22.57,22.69,11331924,22.32
2014/02/18,22.71,22.71,22.19,22.32,9953599,21.97
2014/02/19,22.30,23.06,22.16,22.85,14115132,22.25
2014/02/20,22.93,23.26,22.57,22.75,12583179,22.49
2014/02/21,22.67,22.86,22.44,22.63,7312193,22.25
2014/02/24,22.34,22.37,21.97,22.05,8032305,21.74
2014/02/25,22.11,22.20,21.63,21.72,6220980,21.56
2014/02/26,21.61,21.94,21.59,21.85,4034465,21.35
2014/02/27,21.91,22.16,21.61,21.87,7255394,21.41
2014/02/28,21.66,22.12,21.44,21.94,7519974,21.37
2014/03/03,21.81,21.93,21.60,21.79,6390298,21.32
2014/03/04,21.64,21.88,21.54,21.73,5061870,21.28
2014/03/05,21.84,21.88,21.48,21.58,4577762,21.26
2014/03/06,21.59,21.84,21.09,21.69,8467505,21.10
2014/03/07,21.61,21.83,21.32,21.40,7431038,21.19
2014/03/10,21.21,21.21,20.36,20.37,7436888,20.35
2014/03/11,20.37,20.41,20.01,20.21,4930126,19.77
2014/03/12,20.12,20.71,20.06,20.44,4610955,19.91
2014/03/13,20.52,20.86,20.34,20.45,4917172,20.13
2014/03/14,20.33,20.44,20.11,20.18,3355595,19.83
2014/03/17,20.33,20.35,20.17,20.33,2961319,19.86
2014/03/18,20.36,20.43,20.21,20.22,3518565,19.88
2014/03/19,20.22,20.22,19.70,19.90,4961512,19.48
2014/03/20,19.88,20.20,19.71,19.71,4589691,19.53
2014/03/21,19.72,20.52,19.62,20.46,10037241,19.71
2014/03/24,20.64,21.07,20.41,20.92,10644770,20.31
2014/03/25,20.73,20.92,20.54,20.57,5445540,20.28
2014/03/26,20.58,20.78,20.55,20.74,4116458,20.25
2014/03/27,20.51,20.81,20.13,20.32,7440085,20.03
2014/03/28,20.32,20.56,20.23,20.40,4059061,19.99
2014/03/31,20.50,20.64,20.35,20.59,4866248,20.10
2014/04/01,20.56,20.89,20.45,20.72,4398691,20.32
2014/04/02,20.80,21.06,20.62,20.93,6652872,20.42
2014/04/03,21.00,21.24,20.51,20.65,7250681,20.41
2014/04/04,20.47,20.73,20.41,20.66,4000618,20.16
2014/04/08,20.56,21.75,20.56,21.51,13427717,20.85
2014/04/09,21.49,21.73,21.24,21.61,9966275,21.15
2014/04/10,21.55,23.06,21.38,22.18,18819347,21.86
2014/04/11,21.91,22.17,21.61,21.73,11671150,21.38
2014/04/14,21.73,21.82,21.36,21.56,6019811,21.08
2014/04/15,21.37,21.43,20.94,21.04,5540148,20.77
2014/04/16,21.01,21.29,20.96,21.18,4245041,20.76
2014/04/17,21.29,21.34,21.03,21.08,3273468,20.71
2014/04/18,20.93,21.39,20.87,21.27,4531555,20.79
2014/04/21,21.15,21.35,20.74,20.78,4137918,20.60
2014/04/22,20.84,21.00,20.63,20.91,2974495,20.39
2014/04/23,20.81,20.93,20.67,20.74,2122617,20.37
2014/04/24,20.71,20.96,20.61,20.61,2927699,20.36
2014/04/25,20.76,20.91,20.53,20.55,2855385,20.31
2014/04/28,20.42,20.68,20.07,20.13,4470023,19.85
2014/04/29,20.32,20.66,20.15,20.52,2731242,19.99
2014/04/30,20.52,20.52,20.34,20.40,2356356,20.00
2014/05/05,20.31,20.41,20.15,20.33,3360979,19.86
2014/05/06,20.34,20.69,20.27,20.49,3398084,20.09
2014/05/07,20.45,20.46,20.25,20.30,2529129,19.91
2014/05/08,20.26,20.59,20.22,20.31,4302975,19.98
2014/05/09,20.34,20.36,20.09,20.15,3241525,19.80
2014/05/12,20.26,20.67,20.19,20.67,6619019,20.11
2014/05/13,20.65,20.69,20.45,20.56,3171734,20.16
2014/05/14,20.61,20.77,20.54,20.65,2950804,20.23
2014/05/15,20.63,20.64,20.34,20.41,2972614,20.08
2014/05/16,20.58,20.58,20.28,20.43,2149964,19.96
2014/05/19,20.34,20.34,19.86,20.06,3966395,19.58
2014/05/20,20.17,20.34,20.10,20.16,2491106,19.81
2014/05/21,19.92,20.55,19.92,20.53,3493690,19.96
2014/05/22,20.50,20.77,20.33,20.41,2664301,20.18
2014/05/23,20.56,20.65,20.36,20.49,2338878,20.11
2014/05/26,20.71,20.71,20.49,20.60,2660609,20.18
2014/05/27,20.56,20.81,20.56,20.68,3682542,20.32
2014/05/28,20.71,21.05,20.60,21.04,3996565,20.44
2014/05/29,21.01,21.14,20.84,20.88,4263345,20.63
2014/05/30,20.81,21.00,20.63,20.65,3523848,20.38
2014/06/03,20.75,20.92,20.66,20.71,2125559,20.40
2014/06/04,20.69,20.75,20.41,20.52,2374294,20.13
2014/06/05,20.52,20.91,20.39,20.85,2800106,20.29
2014/06/06,20.86,21.11,20.85,21.01,5222217,20.59
2014/06/09,20.91,21.73,20.82,21.29,6692857,21.01
2014/06/10,21.19,21.76,21.19,21.68,6013789,21.19
2014/06/11,21.66,21.66,21.31,21.38,4175544,21.05
2014/06/12,21.32,21.66,21.29,21.56,3655527,21.10
2014/06/13,21.47,22.17,21.47,21.93,6119014,21.54
2014/06/16,21.86,22.17,21.81,22.00,5038715,21.61
2014/06/17,21.91,21.99,21.42,21.54,5275749,21.25
2014/06/18,21.55,21.75,21.37,21.44,3576201,21.16
2014/06/19,21.51,21.56,21.07,21.14,2981021,20.93
2014/06/20,21.23,21.35,20.86,21.05,5821543,20.59
2014/06/23,21.01,21.26,21.01,21.07,3186115,20.72
2014/06/24,21.14,21.50,20.93,21.49,3289634,20.88
2014/06/25,21.39,21.47,20.84,20.88,4824361,20.60
2014/06/26,21.01,21.46,20.92,21.19,3426236,20.82
2014/06/27,21.18,21.27,20.93,21.02,3723043,20.65
2014/06/30,21.08,21.69,21.08,21.54,4923632,21.08
2014/07/01,21.56,21.66,21.37,21.49,3298317,21.12
2014/07/02,21.42,21.64,21.42,21.62,3891410,21.15
2014/07/03,21.69,21.87,21.56,21.68,4471135,21.31
2014/07/04,21.76,22.41,21.76,22.20,11534685,21.81
2014/07/07,22.41,22.70,22.06,22.48,9523592,22.00
2014/07/08,22.35,22.62,22.16,22.57,4446713,22.03
2014/07/09,22.46,22.89,22.02,22.15,7070167,22.09
2014/07/10,22.31,22.43,21.60,21.87,13726840,21.49
2014/07/11,21.77,22.14,21.72,21.99,4529238,21.52
2014/07/14,22.08,22.55,21.91,22.34,4353390,21.75
2014/07/15,22.27,22.36,21.98,22.13,4623109,21.59
2014/07/16,22.16,22.24,22.05,22.22,3080813,21.58
2014/07/17,22.22,22.22,21.80,21.98,4931447,21.39
2014/07/18,21.85,22.17,21.77,22.07,6189445,21.48
2014/07/21,22.07,22.82,22.07,22.69,8618355,21.98
2014/07/22,22.68,23.07,22.48,22.83,5553799,22.32
2014/07/23,22.76,24.01,22.69,23.71,17089050,23.09
2014/07/24,23.56,25.40,23.56,24.81,18665136,24.18
2014/07/25,24.77,25.23,24.46,25.03,12884707,24.34
2014/07/28,25.21,26.20,24.82,25.52,14448427,24.82
2014/07/29,25.24,25.34,24.64,24.89,13198379,24.41
2014/07/30,24.78,25.33,24.78,25.02,8728861,24.52
2014/07/31,25.05,25.38,24.44,25.35,9670769,24.28
2014/08/01,25.04,25.86,24.94,25.06,9732790,24.75
2014/08/04,25.24,25.99,24.86,25.88,16812629,25.01
2014/08/05,25.95,25.96,25.12,25.62,9342318,24.87
2014/08/06,25.55,25.55,24.89,25.14,7034492,24.54
2014/08/07,25.26,25.26,24.25,24.52,10247812,24.05
2014/08/08,24.52,24.76,24.41,24.58,5388384,24.02
2014/08/11,24.63,25.50,24.45,25.20,9016930,24.55
2014/08/12,25.01,25.07,24.67,24.96,4811137,24.30
2014/08/13,25.01,25.85,24.57,25.83,11485319,24.65
2014/08/14,26.17,26.33,24.71,24.96,18676299,25.08
2014/08/15,24.99,25.66,24.77,25.46,9701886,24.77
2014/08/18,25.49,25.56,24.98,25.27,7334423,24.63
2014/08/19,25.30,25.35,24.76,25.05,7098556,24.42
2014/08/20,24.89,25.02,24.75,24.85,7475436,24.31
2014/08/21,24.85,25.10,24.48,24.90,7032164,24.25
2014/08/22,24.68,25.06,24.68,25.02,5369875,24.41
2014/08/25,25.03,25.07,24.41,24.42,6934471,24.07
2014/08/26,24.41,24.56,24.15,24.30,5191981,23.74
2014/08/27,24.51,24.56,24.31,24.46,3727122,23.87
2014/08/28,24.59,25.00,24.59,24.68,4844776,24.22
2014/08/29,24.84,24.92,24.56,24.81,3083854,24.18
2014/09/01,24.90,25.20,24.60,25.18,6966487,24.38
2014/09/02,25.14,25.46,24.85,25.44,9522612,24.60
2014/09/03,25.36,25.71,25.28,25.51,14503828,25.00
2014/09/04,25.57,25.76,25.36,25.65,8985634,25.04
2014/09/05,25.75,26.06,25.66,26.04,11118544,25.33
2014/09/09,26.05,26.38,25.87,25.90,10704064,25.60
2014/09/10,25.77,25.81,25.21,25.34,7481993,24.86
2014/09/11,25.32,25.81,24.85,25.10,9353854,24.78
2014/09/12,25.05,25.20,24.88,25.19,4823131,24.48
2014/09/15,25.06,25.06,24.67,24.99,8189759,24.30
2014/09/16,25.01,25.06,24.27,24.31,7460076,24.17
2014/09/17,24.51,24.53,24.19,24.43,5162705,23.82
2014/09/18,24.36,24.66,24.21,24.46,8024685,23.88
2014/09/19,24.48,24.74,24.31,24.64,4974707,23.98
2014/09/22,24.66,24.66,23.82,23.90,9296239,23.60
2014/09/23,23.90,24.19,23.74,24.14,5209382,23.42
2014/09/24,23.96,24.92,23.88,24.82,9037543,24.00
2014/09/25,24.91,25.07,24.48,24.61,7611673,24.28
2014/09/26,24.49,24.79,24.39,24.77,5675681,24.08
2014/09/29,24.82,24.92,24.64,24.84,5731868,24.21
2014/09/30,24.87,25.18,24.77,25.04,7137795,24.44
2014/10/08,25.13,25.19,24.63,25.02,8179765,24.40
2014/10/09,25.06,25.26,24.91,25.16,7925658,24.56
2014/10/10,24.94,25.13,24.71,24.88,7454370,24.31
2014/10/13,24.76,24.76,24.13,24.38,9117227,23.71
2014/10/14,24.36,24.54,24.22,24.45,6316318,23.81
2014/10/15,24.36,24.99,24.33,24.85,8563171,24.13
2014/10/16,24.66,25.39,24.46,25.19,17691237,24.54
2014/10/17,25.18,25.54,25.06,25.44,12926972,24.77
2014/10/20,25.48,25.99,25.38,25.53,13321874,25.16
2014/10/21,25.43,25.80,25.25,25.26,5400308,24.95
2014/10/22,25.24,27.51,25.14,26.60,21377044,25.97
2014/10/23,26.35,27.66,26.31,27.02,25642789,26.48
2014/10/24,26.75,26.94,26.30,26.83,13904618,26.02
2014/10/27,26.60,27.16,26.05,26.36,13394232,26.03
2014/10/28,26.36,27.44,26.22,27.35,18692247,26.20
2014/10/29,27.36,28.61,27.21,28.04,24906292,27.38
2014/10/30,27.95,28.50,27.69,28.22,18656453,27.53
2014/10/31,28.25,30.06,28.06,30.01,33100971,28.50
2014/11/03,29.66,30.03,29.17,29.41,18120219,29.02
2014/11/04,29.29,29.51,28.93,29.16,11891495,28.63
2014/11/05,29.15,30.01,28.67,29.97,18607766,28.86
2014/11/06,29.80,30.06,28.60,28.90,15073444,28.53
2014/11/07,28.92,30.76,28.64,29.45,24403105,29.11
2014/11/10,30.36,30.46,29.12,29.93,19133451,29.18
2014/11/11,29.86,30.77,28.58,29.57,33201053,29.44
2014/11/12,28.93,29.55,28.48,29.38,12832146,28.45
2014/11/13,29.56,30.78,29.36,30.52,27772055,29.70
2014/11/14,30.16,30.36,29.07,29.95,16294240,29.04
2014/11/17,30.76,30.76,29.09,29.17,12738187,29.29
2014/11/18,29.12,29.59,28.77,28.87,8582366,28.61
2014/11/19,28.90,29.47,28.83,28.93,7218476,28.61
2014/11/20,28.87,30.65,28.76,30.31,17108931,29.42
2014/11/21,30.13,32.69,29.75,32.23,32233751,30.59
2014/11/24,33.36,35.40,32.76,34.97,41970350,34.01
2014/11/25,34.85,36.22,34.34,35.59,26046377,34.69
2014/11/26,35.42,39.09,35.34,39.09,32324489,36.99
2014/11/27,39.96,42.94,39.71,42.94,56953618,40.93
2014/11/28,43.06,43.22,41.14,42.45,44342271,41.77
2014/12/01,42.75,43.46,40.74,41.47,48590660,41.24
2014/12/02,40.66,44.91,40.04,43.56,75384659,41.67
2014/12/03,42.90,44.97,40.66,41.00,85302859,42.44
2014/12/04,40.86,44.96,39.76,44.52,96487448,41.61
2014/12/05,43.97,45.86,41.48,42.96,97815450,43.21
2014/12/08,42.25,45.65,40.71,44.54,109130260,43.54
2014/12/09,41.56,44.85,40.14,40.14,93654487,42.08
2014/12/10,39.06,40.45,37.36,39.16,61071337,38.01
2014/12/11,38.16,39.46,37.59,37.88,40715745,37.84
2014/12/12,37.92,39.57,37.91,38.62,34545173,38.26
2014/12/15,38.29,39.05,37.60,38.93,31623975,37.56
2014/12/16,38.96,42.77,38.86,42.77,63830360,39.95
2014/12/17,43.16,44.54,41.88,43.54,75451800,42.68
2014/12/18,43.83,45.57,42.19,44.16,61106121,43.72
2014/12/19,44.33,44.44,41.50,42.90,38107261,42.46
2014/12/22,42.67,44.81,42.16,42.66,46624330,43.05
2014/12/23,42.11,46.87,41.06,43.57,58064457,43.58
2014/12/24,44.03,44.36,39.66,40.60,42522684,41.43
2014/12/25,40.79,43.55,40.59,43.16,36644461,41.77
2014/12/26,43.76,47.42,43.36,47.42,65893379,45.10
2014/12/29,48.66,52.11,47.56,50.46,86888973,49.71
2014/12/30,49.96,50.96,48.36,50.05,45242869,49.40
2014/12/31,49.76,50.70,48.56,50.12,37709541,49.21
2015/01/05,50.91,52.51,49.61,50.17,51357267,50.62
2015/01/06,49.14,49.65,47.02,47.75,41804260,47.67
2015/01/07,47.54,49.67,47.26,48.23,28255185,47.93
2015/01/08,48.84,49.26,45.46,45.90,39278821,46.22
2015/01/09,45.89,50.43,45.56,47.37,73392394,47.90
2015/01/12,45.86,47.96,45.54,47.34,44419113,46.29
2015/01/13,47.21,47.54,45.99,46.06,28527808,45.96
2015/01/14,46.45,46.84,45.31,45.88,24166701,45.48
2015/01/15,46.53,50.41,46.28,50.41,63626626,48.29
2015/01/16,51.96,55.25,51.15,53.20,92292304,52.68
2015/01/19,51.96,55.25,51.15,53.20,0,53.20
2015/01/20,51.96,55.25,51.15,53.20,0,53.20
2015/01/21,51.96,55.25,51.15,53.20,0,53.20
2015/01/22,51.96,55.25,51.15,53.20,0,53.20
2015/01/23,51.96,55.25,51.15,53.20,0,53.20
2015/01/26,51.96,55.25,51.15,53.20,0,53.20
2015/01/27,51.96,55.25,51.15,53.20,0,53.20
2015/01/28,51.96,55.25,51.15,53.20,0,53.20
2015/01/29,51.96,55.25,51.15,53.20,0,53.20
2015/01/30,51.96,55.25,51.15,53.20,0,53.20
2015/02/02,51.96,55.25,51.15,53.20,0,53.20
2015/02/03,51.96,55.25,51.15,53.20,0,53.20
2015/02/04,51.96,55.25,51.15,53.20,0,53.20
2015/02/05,51.96,55.25,51.15,53.20,0,53.20
2015/02/06,51.96,55.25,51.15,53.20,0,53.20
2015/02/09,51.96,55.25,51.15,53.20,0,53.20
2015/02/10,51.96,55.25,51.15,53.20,0,53.20
2015/02/11,51.96,55.25,51.15,53.20,0,53.20
2015/02/12,51.96,55.25,51.15,53.20,0,53.20
2015/02/13,51.96,55.25,51.15,53.20,0,53.20
2015/02/16,51.96,55.25,51.15,53.20,0,53.20
2015/02/17,51.96,55.25,51.15,53.20,0,53.20
2015/02/25,51.96,55.25,51.15,53.20,0,53.20
2015/02/26,51.96,55.25,51.15,53.20,0,53.20
2015/02/27,51.96,55.25,51.15,53.20,0,53.20
2015/03/02,51.21,52.05,49.06,51.83,111267887,50.28
2015/03/03,50.88,51.75,50.45,50.78,51008765,50.29
2015/03/04,50.71,50.86,49.71,50.10,34248635,49.61
2015/03/05,49.53,51.75,49.32,50.56,42937270,50.05
2015/03/06,50.32,50.71,47.36,47.74,34331099,48.57
2015/03/09,46.56,49.55,44.56,48.95,56310287,45.90
2015/03/10,47.90,48.06,47.06,47.55,26590551,46.97
2015/03/11,47.56,51.24,47.56,48.98,47344312,48.93
2015/03/12,49.76,53.82,48.88,53.49,76675058,51.37
2015/03/13,53.56,54.01,51.62,52.46,53089095,52.43
2015/03/16,52.26,57.05,51.77,56.66,59340899,54.05
2015/03/17,56.86,57.96,55.58,56.36,49045662,56.17
2015/03/18,56.34,57.40,55.36,57.37,40694325,55.64
2015/03/19,56.56,56.83,54.42,55.15,41672090,54.71
2015/03/20,55.86,58.06,54.33,55.36,58710393,55.37
2015/03/23,55.09,56.51,54.57,55.69,37471231,54.91
2015/03/24,55.76,58.16,55.16,56.94,53450359,56.14
2015/03/25,56.86,56.86,54.06,54.59,49035037,54.49
2015/03/26,52.56,55.86,51.97,53.44,52237974,53.12
2015/03/27,52.96,53.43,52.14,52.72,27532528,52.16
2015/03/30,53.14,54.75,52.21,54.60,44588267,53.18
2015/03/31,56.06,57.11,53.34,53.57,51012681,54.83
2015/04/01,54.69,55.55,54.06,54.43,38249459,54.14
2015/04/02,55.05,55.05,53.57,54.04,28799415,53.55
2015/04/03,53.62,55.54,53.46,55.41,42416409,54.11
2015/04/07,55.75,56.26,54.68,56.21,49376417,54.93
2015/04/08,56.01,59.04,55.06,57.68,79810649,56.69
2015/04/09,58.56,60.60,56.56,57.20,66301699,58.10
2015/04/10,57.06,58.89,56.76,58.44,42119290,57.32
2015/04/13,59.36,59.36,56.91,57.49,46546425,57.21
2015/04/14,56.76,56.76,55.06,55.63,42067904,55.24
2015/04/15,55.76,56.40,54.26,54.30,34741851,54.81
2015/04/16,53.57,56.06,53.24,56.02,37111114,54.53
2015/04/17,56.91,57.16,55.49,55.94,42746379,55.95
2015/04/20,56.46,56.46,52.54,53.16,37894983,54.12
2015/04/21,53.15,55.16,53.15,54.55,29399139,53.44
2015/04/22,54.87,57.06,54.57,56.80,46438661,55.30
2015/04/23,56.80,57.06,55.34,55.71,31642545,55.60
2015/04/24,54.76,54.76,52.57,53.52,39667157,53.07
2015/04/27,53.53,54.51,53.34,54.07,32207550,53.22
2015/04/28,53.86,55.16,52.59,54.26,45572473,53.65
2015/04/29,54.45,54.45,51.26,53.52,29498935,52.77
2015/04/30,54.96,56.06,54.06,54.39,57842938,54.54
2015/05/04,54.38,59.77,53.54,59.77,81788805,56.00
2015/05/05,60.66,62.43,57.66,60.58,98976509,59.86
2015/05/06,61.16,66.58,60.56,65.07,112640544,64.23
2015/05/07,62.56,66.51,62.06,62.74,74987086,63.21
2015/05/08,63.54,63.78,59.44,61.37,72087524,60.24
2015/05/11,61.41,67.45,59.78,66.19,107550221,63.45
2015/05/12,65.09,66.94,63.97,64.97,71184494,64.75
2015/05/13,64.45,66.55,62.36,63.28,56854242,63.35
2015/05/14,62.76,66.77,62.46,63.94,59247724,64.13
2015/05/15,62.71,62.86,60.47,60.86,45852294,60.93
2015/05/18,59.56,61.43,59.05,59.62,36478074,59.43
2015/05/19,59.23,64.71,59.23,62.61,64150144,61.99
2015/05/20,62.86,63.91,61.33,62.03,45452388,61.71
2015/05/21,61.54,63.01,60.87,62.16,35094928,61.31
2015/05/22,62.56,66.79,62.56,66.13,69099584,64.32
2015/05/25,66.91,69.05,65.86,68.01,62628118,67.21
2015/05/26,68.66,68.91,66.04,67.63,42358910,66.59
2015/05/27,67.50,67.52,65.44,66.10,35123904,65.79
2015/05/28,65.66,66.57,59.69,60.15,51472281,63.21
2015/05/29,60.72,61.02,58.16,59.37,43224781,59.12
2015/06/01,58.86,62.91,58.36,62.57,42474748,60.29
2015/06/02,62.16,62.16,60.71,61.99,33391761,60.90
2015/06/03,62.06,64.56,61.06,63.24,44786468,62.37
2015/06/04,62.78,65.86,59.56,65.36,51089321,63.13
2015/06/05,67.00,67.56,62.89,64.25,49498085,64.32
2015/06/08,63.99,70.62,63.57,70.62,85344841,67.13
2015/06/09,71.11,71.16,67.16,68.06,59674882,68.28
2015/06/10,66.96,68.19,66.07,66.63,37588843,66.43
2015/06/11,66.46,68.80,64.94,67.30,44614933,66.52
2015/06/12,67.08,67.84,65.56,66.05,34313290,65.74
2015/06/15,65.71,66.54,62.86,63.04,34702769,63.83
2015/06/16,62.06,64.46,61.44,62.15,30351768,62.43
2015/06/17,62.86,63.16,60.76,62.62,24880706,61.84
2015/06/18,62.36,62.62,59.36,59.48,31347095,60.53
2015/06/19,58.56,60.06,55.56,56.51,30379027,57.49
2015/06/23,57.06,60.16,55.76,60.08,37796875,57.17
2015/06/24,60.06,60.42,58.32,60.16,32765129,59.10
2015/06/25,60.72,61.21,57.59,59.13,28436264,59.01
2015/06/26,57.56,60.06,53.27,56.00,52297440,56.16
2015/06/29,57.56,59.51,52.44,57.53,60575522,56.44
2015/06/30,58.26,62.56,57.11,61.62,72641594,59.10
2015/07/01,60.18,61.23,56.84,57.29,49519881,58.98
2015/07/02,57.08,58.79,52.87,53.97,56857507,55.14
2015/07/03,52.76,55.95,49.56,50.92,46325292,52.35
2015/07/06,55.56,55.76,52.56,54.07,70524671,53.56
2015/07/07,53.45,57.05,49.24,56.55,95519531,53.42
2015/07/08,50.95,52.03,50.95,50.95,44295073,50.44
2015/07/09,50.86,55.73,45.91,54.14,86647644,50.91
2015/07/10,52.06,59.22,51.56,56.38,89976590,56.09
2015/07/13,54.56,57.06,53.44,54.80,61511263,54.53
2015/07/14,53.49,54.03,51.56,52.21,46437997,52.34
2015/07/15,51.16,53.06,49.36,50.14,33537409,50.54
2015/07/16,50.14,51.43,48.57,49.91,23782425,49.45
2015/07/17,50.17,52.06,50.06,51.70,30940778,50.59
2015/07/20,51.56,52.10,50.14,50.70,27835758,50.49
2015/07/21,50.05,50.96,49.33,49.80,30664730,49.41
2015/07/22,49.49,50.22,48.89,49.29,24305372,49.00
2015/07/23,49.57,52.24,49.40,51.86,53474306,50.83
2015/07/24,51.96,52.12,49.41,49.82,42038395,50.46
2015/07/27,49.00,49.46,44.89,44.89,41204773,46.85
2015/07/28,43.36,46.01,42.66,44.86,41003572,43.64
2015/07/29,44.96,45.76,43.26,44.81,39208188,43.56
2015/07/30,44.76,47.14,44.04,44.23,42394366,45.36
2015/07/31,43.46,44.15,42.56,43.56,45617775,42.62
2015/08/03,42.76,44.42,42.66,44.39,30763768,42.86
2015/08/04,44.35,45.53,43.31,45.31,24016284,44.01
2015/08/05,44.76,45.30,43.68,43.80,16455125,43.98
2015/08/06,43.15,44.24,42.66,43.18,12706260,42.84
2015/08/07,43.47,45.24,43.47,44.55,23400007,44.05
2015/08/10,44.54,47.79,44.27,47.04,33973933,45.53
2015/08/11,46.56,47.24,45.64,46.07,23164743,45.85
2015/08/12,45.44,46.06,45.05,45.14,17472330,44.90
2015/08/13,44.84,45.76,44.56,45.41,20302460,44.57
2015/08/14,46.06,46.06,45.12,45.34,18192379,44.91
2015/08/17,44.90,44.90,43.26,43.90,22504379,43.23
2015/08/18,43.96,45.49,41.54,41.60,33753133,43.17
2015/08/19,40.76,41.94,39.96,41.61,24347777,40.50
2015/08/20,41.97,42.37,40.27,40.36,21992853,40.66
2015/08/21,39.77,40.44,37.53,37.56,28367311,38.12
2015/08/24,35.77,36.53,33.88,33.88,37416851,33.73
2015/08/25,31.76,34.76,30.65,31.08,52929601,31.82
2015/08/26,31.77,34.06,30.84,32.44,58079638,31.70
2015/08/27,33.32,35.61,32.59,35.61,50891141,33.21
2015/08/28,36.67,38.37,36.28,37.69,63038084,36.45
2015/08/31,36.77,39.67,36.25,39.34,50425192,37.06
2015/09/01,38.27,39.24,36.33,38.78,64250618,37.47
2015/09/02,36.87,38.39,36.65,38.16,54163950,37.01
2015/09/07,37.67,38.75,36.47,36.55,18021380,36.80
2015/09/08,36.26,38.27,36.10,38.17,20952332,36.84
2015/09/09,37.97,39.47,37.78,38.59,27307670,37.75
2015/09/10,37.97,38.35,37.48,37.61,13513968,37.15
2015/09/11,37.88,38.40,37.46,37.68,10304967,37.13
2015/09/14,37.82,38.03,35.57,37.23,27664339,36.06
2015/09/15,36.40,36.75,35.28,35.53,11836552,35.20
2015/09/16,35.55,38.07,35.17,37.73,17119735,36.02
2015/09/17,37.66,38.55,36.78,37.01,17476682,36.86
2015/09/18,37.10,38.46,36.88,37.93,15618827,37.17
2015/09/21,37.54,38.27,37.08,38.22,10478354,37.01
2015/09/22,38.15,40.95,37.94,40.06,19575000,38.98
2015/09/23,39.42,39.87,38.65,38.70,12971121,38.42
2015/09/24,39.17,39.76,38.83,39.13,9776229,38.51
2015/09/25,39.07,39.94,38.38,38.92,10061023,38.46
2015/09/28,38.78,38.92,37.76,38.57,5565220,37.56
2015/09/29,38.09,38.09,36.59,36.84,9788397,36.49
2015/09/30,37.15,37.45,36.57,36.60,8657921,36.14
2015/10/08,38.97,39.01,37.16,37.75,17484308,37.53
2015/10/09,38.07,39.37,37.76,39.32,15820439,38.12
2015/10/12,39.77,41.95,39.45,40.97,18826098,40.04
2015/10/13,40.71,41.33,39.89,41.08,13038079,39.83
2015/10/14,40.45,40.78,39.47,39.54,11970490,39.39
2015/10/15,39.48,40.82,39.48,40.68,12511267,39.66
2015/10/16,41.13,42.31,40.76,41.90,18977766,41.02
2015/10/19,41.90,44.05,41.28,42.78,20561129,42.19
2015/10/20,42.33,43.03,41.56,42.89,12448689,41.64
2015/10/21,42.86,46.27,42.35,43.46,30036415,43.43
2015/10/22,42.82,45.03,42.77,44.21,20026849,42.98
2015/10/23,44.32,45.74,43.27,45.34,20176194,43.65
2015/10/26,46.35,47.35,45.30,45.38,23774272,45.51
2015/10/27,44.92,45.27,43.23,45.06,16347360,43.30
2015/10/28,44.47,44.57,43.05,43.29,11665545,43.06
2015/10/29,43.18,43.43,41.86,42.77,18434915,41.78
2015/10/30,42.37,44.38,41.81,43.27,20269566,42.44
2015/11/02,42.47,43.22,41.87,41.91,13621423,41.73
2015/11/03,41.92,43.24,41.54,41.73,14294753,41.69
2015/11/04,42.06,45.83,42.02,45.83,41866847,43.75
2015/11/05,45.97,50.34,45.83,48.20,83783784,47.78
2015/11/06,47.78,52.22,47.33,51.14,53077911,48.91
2015/11/09,50.95,53.27,49.61,50.51,52737752,50.74
2015/11/10,49.74,52.81,49.29,50.39,32165397,49.95
2015/11/11,49.95,50.39,48.27,50.24,30810127,48.55
2015/11/12,50.07,50.75,48.27,48.60,25987596,48.14
2015/11/13,48.10,49.71,47.70,48.66,27300643,48.17
2015/11/16,47.37,48.66,47.14,48.60,19367451,47.12
2015/11/17,49.17,51.76,48.33,48.43,42310380,49.49
2015/11/18,48.33,49.27,47.37,47.78,24080846,47.34
2015/11/19,48.22,49.09,47.43,49.06,20713263,47.73
2015/11/20,49.22,49.32,47.88,48.43,19265581,47.86
2015/11/23,48.45,50.05,48.28,48.71,21226871,48.34
2015/11/24,48.36,49.31,47.79,48.79,15673086,47.68
2015/11/25,48.37,49.72,48.34,49.45,15877890,48.35
2015/11/26,49.96,50.73,48.75,48.83,18006675,48.97
2015/11/27,48.47,49.05,44.88,45.36,29470580,45.93
2015/11/30,45.92,45.96,42.97,44.78,26244394,43.69
2015/12/01,44.27,46.44,43.65,45.36,22240466,44.20
2015/12/02,45.07,49.82,44.77,49.82,63387169,48.12
2015/12/03,50.27,54.47,49.75,52.58,77854979,51.03
2015/12/04,51.27,51.89,50.38,50.43,39613927,50.22
2015/12/07,50.59,50.97,48.99,49.82,29909688,49.06
2015/12/08,49.43,49.57,47.77,48.57,25442819,47.83
2015/12/09,48.47,50.87,48.22,50.39,32291519,48.60
2015/12/10,49.61,52.51,48.77,48.81,33115741,49.82
2015/12/11,48.10,49.16,46.85,48.42,22543758,47.14
2015/12/14,47.55,53.19,47.39,53.19,45567400,50.07
2015/12/15,52.77,53.17,51.27,51.95,33983684,51.44
2015/12/16,52.27,53.05,51.32,51.78,23988106,51.32
2015/12/17,52.32,54.26,51.95,52.60,37717954,52.32
2015/12/18,52.07,54.97,51.66,52.66,32634532,52.42
2015/12/21,52.17,56.49,51.96,55.10,46608094,53.95
2015/12/22,54.77,55.47,53.99,55.14,22180323,53.96
2015/12/23,55.07,58.37,54.92,55.94,40832833,56.17
2015/12/24,55.77,57.79,54.57,55.97,31249823,55.43
2015/12/25,55.45,56.09,54.52,55.14,17075133,54.36
2015/12/28,55.28,55.32,52.76,52.85,22231722,52.97
2015/12/29,53.10,53.75,52.67,53.40,16647036,52.38
2015/12/30,53.27,53.32,52.37,52.99,15791053,52.03
2015/12/31,53.15,54.32,52.77,52.98,22763784,52.81
2016/01/04,52.52,52.54,47.76,47.77,23342816,49.09
2016/01/05,46.28,49.37,46.13,48.83,33402968,47.28
2016/01/06,48.47,49.26,47.47,48.88,27471799,47.64
2016/01/07,47.77,47.97,44.17,44.34,6777700,45.47
2016/01/08,45.77,48.66,43.78,46.15,31492594,45.33
2016/01/11,44.83,46.24,42.57,42.92,27922891,43.80
2016/01/12,43.55,44.62,42.92,43.23,22993664,42.82
2016/01/13,43.73,43.97,41.77,42.02,22165432,42.29
2016/01/14,40.57,43.25,40.35,42.86,25046729,40.95
2016/01/15,42.15,42.37,39.77,40.06,26796976,40.17
2016/01/18,38.92,40.76,38.92,40.06,23445231,39.09
2016/01/19,39.86,42.42,39.37,41.70,28413160,40.21
2016/01/20,41.08,41.55,40.30,40.53,28419301,40.07
2016/01/21,39.67,41.59,39.02,39.11,25620451,39.61
2016/01/22,39.75,40.51,38.68,39.91,18725017,38.85
2016/01/25,40.22,40.65,39.58,40.09,14081095,39.39
2016/01/26,39.60,39.77,36.78,37.39,29621429,37.37
2016/01/27,37.38,37.61,35.19,36.44,21847586,35.61
2016/01/28,35.98,37.47,35.57,35.92,20701355,35.75
2016/01/29,36.10,38.29,35.90,37.59,27864400,36.66
2016/02/01,37.22,37.55,35.85,36.67,16758074,36.09
2016/02/02,36.83,37.99,36.83,37.65,15818027,36.79
2016/02/03,37.12,37.17,36.37,37.07,13770915,36.05
2016/02/04,37.20,38.23,37.20,37.79,17768245,37.01
2016/02/05,37.77,38.09,37.32,37.50,13491051,36.92
2016/02/15,35.82,37.61,35.82,37.14,11660826,35.82
2016/02/16,37.56,38.95,37.37,38.60,17653906,37.64
2016/02/17,38.36,39.23,38.25,38.86,15450018,38.05
2016/02/18,39.12,40.00,38.41,38.53,21346540,38.59
2016/02/19,38.59,39.22,38.08,38.62,9480422,37.84
2016/02/22,39.27,42.35,38.63,40.88,32598424,39.73
2016/02/23,40.43,40.75,39.41,39.99,16678370,39.16
2016/02/24,39.77,40.25,38.79,40.05,16821117,38.79
2016/02/25,39.77,39.77,36.28,36.46,23066219,37.05
2016/02/26,36.88,37.12,35.78,36.49,15452171,35.80
2016/02/29,35.97,36.31,33.78,34.59,23489139,33.73
2016/03/01,34.49,36.33,34.17,35.63,19159048,34.37
2016/03/02,35.63,37.58,35.52,37.26,22733407,35.91
2016/03/03,37.54,38.17,37.05,37.54,17869972,36.84
2016/03/04,37.38,39.02,37.08,38.57,32812116,37.44
2016/03/07,38.27,39.05,37.98,38.52,16753449,37.74
2016/03/08,38.14,38.29,36.27,38.18,18042716,36.34
2016/03/09,37.18,37.52,36.37,37.23,15352970,36.17
2016/03/10,36.92,37.20,36.18,36.26,8830967,35.92
2016/03/11,35.78,36.54,35.68,36.49,12645556,35.40
2016/03/14,37.15,38.18,36.79,37.21,18266078,36.73
2016/03/15,36.81,37.67,36.34,37.63,16797377,36.17
2016/03/16,37.16,38.25,37.09,37.74,25567942,37.06
2016/03/17,37.98,38.96,37.57,38.40,24532657,37.51
2016/03/18,38.49,39.83,38.15,39.25,33913838,38.46
2016/03/21,39.75,42.74,39.57,41.65,46361428,40.71
2016/03/22,40.90,41.21,40.16,40.28,22408723,39.95
2016/03/23,40.29,41.74,40.07,40.95,22625852,40.12
2016/03/24,40.18,40.64,39.37,39.67,16182010,39.23
2016/03/25,39.62,42.65,39.45,40.67,27174407,40.00
2016/03/28,40.87,41.46,39.84,40.01,20227936,39.88
2016/03/29,40.28,40.80,39.68,40.19,17994188,39.56
2016/03/30,40.42,41.72,40.28,41.69,29200395,40.42
2016/03/31,41.71,42.13,40.94,41.34,20196318,40.64
2016/04/01,41.17,41.41,40.08,40.92,18151641,39.98
2016/04/05,40.51,41.85,40.28,41.37,18967554,40.46
2016/04/06,40.97,41.27,40.49,40.92,12499838,40.12
2016/04/07,41.12,41.20,39.77,40.05,15205428,39.58
2016/04/08,39.77,39.81,38.99,39.48,12032428,38.61
2016/04/11,40.25,40.96,40.00,40.17,15686311,39.65
2016/04/12,40.07,40.35,39.60,40.33,10041359,39.23
2016/04/13,40.67,42.13,40.50,40.98,24655073,40.69
2016/04/14,41.39,41.70,40.77,41.20,11384675,40.43
2016/04/15,41.12,41.36,40.75,41.11,9791421,40.25
2016/04/18,40.77,40.80,40.04,40.28,9597571,39.63
2016/04/19,40.67,40.71,39.97,40.25,9087318,39.42
2016/04/20,40.42,40.54,38.44,39.91,22239922,38.75
2016/04/21,39.27,40.57,38.88,39.87,20589261,39.21
2016/04/22,39.57,40.53,39.32,40.30,13490928,39.44
2016/04/25,40.30,41.17,39.85,40.76,14015042,39.92
2016/04/26,40.56,41.12,40.52,40.92,11862061,39.99
2016/04/27,40.77,41.13,40.68,40.78,5986366,40.16
2016/04/28,40.79,41.09,40.52,40.86,7385040,40.01
2016/04/29,40.65,40.97,40.42,40.67,7305006,40.00
2016/05/03,40.56,41.07,39.80,40.77,13464178,39.79
2016/05/04,40.76,40.86,40.37,40.66,8586715,39.95
2016/05/05,40.47,40.87,40.37,40.55,4841448,39.79
2016/05/06,40.62,40.76,39.43,39.47,10058189,39.40
2016/05/09,39.27,39.64,39.05,39.32,10684030,38.53
2016/05/10,39.06,39.55,38.81,39.07,9923730,38.50
2016/05/11,39.30,39.58,39.09,39.34,6166777,38.57
2016/05/12,39.05,40.22,38.78,40.09,15569025,38.89
2016/05/13,39.87,40.32,39.66,40.20,12981194,39.31
2016/05/16,39.93,40.82,39.89,40.35,7756328,39.70
2016/05/17,40.44,40.65,40.13,40.47,4546713,39.55
2016/05/18,40.16,41.53,40.07,41.07,12715964,40.09
2016/05/19,40.75,41.27,40.75,41.07,8290800,40.28
2016/05/20,40.95,41.35,40.87,41.15,4803708,40.38
2016/05/23,41.17,41.28,40.47,40.77,4926941,40.05
2016/05/24,40.66,40.66,39.79,40.16,3296786,39.43
2016/05/25,40.37,40.54,39.98,40.02,3340058,39.40
2016/05/26,40.01,40.52,39.99,40.36,3795997,39.46
2016/05/27,40.67,40.82,40.22,40.27,3680872,39.76
2016/05/30,40.17,40.73,40.06,40.55,2836741,39.69
2016/05/31,40.57,44.11,40.56,43.05,16859049,42.07
2016/06/01,42.66,42.96,42.53,42.73,7705622,41.94
2016/06/02,42.58,43.13,42.32,42.76,4641990,41.91
2016/06/03,42.77,43.02,42.23,42.78,6705152,41.89
2016/06/06,42.79,42.87,42.09,42.24,4685810,41.63
2016/06/07,42.25,42.63,41.88,42.48,4642338,41.49
2016/06/08,42.28,42.32,41.37,41.96,7056223,41.09
2016/06/13,41.47,41.86,40.25,40.33,5711146,40.50
2016/06/14,40.17,41.01,40.15,40.87,4064491,39.88
2016/06/15,40.09,41.92,39.98,41.19,7116000,40.42
2016/06/16,40.83,41.06,40.39,40.54,3598269,39.90
2016/06/17,40.68,41.18,40.58,40.82,3566437,40.12
2016/06/20,41.12,41.12,40.76,40.82,2693947,40.06
2016/06/21,40.97,42.22,40.69,40.84,8621071,40.42
2016/06/22,40.46,41.07,40.37,41.05,4263313,40.07
2016/06/23,41.09,41.14,40.75,40.83,3165409,40.16
2016/06/24,41.02,41.35,39.97,40.19,5624262,39.72
2016/06/27,40.17,40.57,40.07,40.56,3275408,39.62
2016/06/28,40.37,41.17,40.06,40.91,7272210,39.68
2016/06/29,40.77,41.95,40.77,41.44,9600272,40.67
2016/06/30,41.39,41.66,41.02,41.17,4109762,40.48
2016/07/01,41.27,41.57,41.15,41.38,4315251,40.58
2016/07/04,41.16,42.76,41.04,42.19,9474108,41.42
2016/07/05,42.05,42.34,41.62,41.90,6726442,41.12
2016/07/06,41.67,42.03,41.67,41.81,6063530,41.06
2016/07/07,41.82,41.87,41.27,41.55,4501157,40.74
2016/07/08,41.62,41.62,41.26,41.31,3777596,40.64
2016/07/11,41.43,42.10,41.27,41.56,5513903,40.96
2016/07/12,41.48,43.56,41.38,43.27,16831381,41.95
2016/07/13,43.27,44.07,42.92,43.36,13647654,42.58
2016/07/14,43.05,43.27,42.78,43.11,5005126,42.24
2016/07/15,43.05,43.52,42.73,42.91,5703155,42.34
2016/07/18,42.43,43.56,42.36,42.66,9949810,42.16
2016/07/19,42.60,42.60,41.89,42.06,7611607,41.28
2016/07/20,42.07,42.17,41.56,41.68,8936503,41.01
2016/07/21,41.69,42.04,41.58,41.96,13083838,41.09
2016/07/22,41.97,42.00,41.29,41.50,5931742,40.73
2016/07/25,41.09,41.55,41.07,41.26,4098987,40.53
2016/07/26,41.25,41.89,41.22,41.77,7001400,40.77
2016/07/27,41.67,41.75,40.27,41.54,14245000,40.20
2016/07/28,41.12,41.30,40.57,40.79,6148600,40.09
2016/07/29,40.77,40.91,40.49,40.53,4081711,39.88
2016/08/01,40.36,40.73,40.17,40.42,4069300,39.64
2016/08/02,40.42,40.58,40.30,40.51,2567342,39.70
2016/08/03,40.17,40.52,40.17,40.31,3771729,39.54
2016/08/04,40.31,40.45,40.17,40.43,3089238,39.54
2016/08/05,40.41,40.96,40.36,40.60,4619439,39.85
2016/08/08,40.67,40.97,40.47,40.88,3777421,40.01
