Date, SH601766.Open, SH601766.High, SH601766.Low, SH601766.Close, SH601766.Volume, SH601766.Adjusted
2008/08/18,3.86,4.00,3.34,3.45,1792594164,3.72
2008/08/19,3.58,3.80,3.42,3.70,688749395,3.63
2008/08/20,3.56,4.03,3.46,3.88,773059666,3.80
2008/08/21,3.77,3.80,3.49,3.49,480229503,3.61
2008/08/22,3.29,3.33,3.14,3.19,446439588,3.22
2008/08/25,3.20,3.36,3.12,3.27,239680751,3.25
2008/08/26,3.20,3.28,3.16,3.24,111003526,3.21
2008/08/27,3.20,3.29,3.05,3.19,183802268,3.16
2008/08/28,3.11,3.34,3.09,3.29,215461306,3.23
2008/08/29,3.31,3.51,3.28,3.42,196162498,3.41
2008/09/01,3.37,3.48,3.34,3.44,99631875,3.41
2008/09/02,3.41,3.50,3.37,3.47,79156098,3.44
2008/09/03,3.45,3.51,3.27,3.34,151344471,3.37
2008/09/04,3.34,3.44,3.19,3.29,128856728,3.31
2008/09/05,3.18,3.31,3.14,3.28,104068519,3.25
2008/09/08,3.31,3.32,3.08,3.10,98189650,3.17
2008/09/09,3.12,3.21,3.10,3.19,55069660,3.17
2008/09/10,3.16,3.51,3.15,3.34,174396365,3.38
2008/09/11,3.31,3.55,3.25,3.49,178060095,3.42
2008/09/12,3.48,3.54,3.41,3.47,130110656,3.47
2008/09/16,3.47,3.52,3.38,3.47,115279436,3.48
2008/09/17,3.48,3.49,3.34,3.38,133707030,3.42
2008/09/18,3.29,3.49,3.13,3.44,127035916,3.29
2008/09/19,3.70,3.78,3.60,3.78,390994922,3.75
2008/09/22,3.83,4.14,3.58,3.74,593424958,3.84
2008/09/23,3.52,3.62,3.37,3.43,260083463,3.47
2008/09/24,3.35,3.52,3.31,3.51,101879709,3.45
2008/09/25,3.49,3.72,3.44,3.57,199066762,3.62
2008/09/26,3.60,3.62,3.39,3.50,179395132,3.47
2008/10/06,3.45,3.65,3.41,3.54,142255988,3.57
2008/10/07,3.40,3.63,3.40,3.61,110632060,3.56
2008/10/08,3.54,3.64,3.52,3.57,98440781,3.58
2008/10/09,3.62,3.65,3.55,3.57,84708149,3.60
2008/10/10,3.46,3.58,3.42,3.54,77698526,3.53
2008/10/13,3.51,3.76,3.49,3.74,116467701,3.63
2008/10/14,3.84,3.85,3.59,3.60,145057675,3.70
2008/10/15,3.60,3.66,3.54,3.61,61420606,3.61
2008/10/16,3.54,3.62,3.51,3.55,57509555,3.57
2008/10/17,3.57,3.60,3.51,3.57,44497548,3.56
2008/10/20,3.59,3.70,3.52,3.65,66117489,3.61
2008/10/21,3.68,3.68,3.53,3.59,122155479,3.59
2008/10/22,3.54,3.54,3.35,3.40,169296044,3.42
2008/10/23,3.30,3.44,3.25,3.42,67083546,3.39
2008/10/24,3.42,3.53,3.38,3.47,82454381,3.46
2008/10/27,3.47,3.55,3.29,3.31,146378279,3.42
2008/10/28,3.20,3.46,3.20,3.44,110020864,3.36
2008/10/29,3.47,3.49,3.39,3.40,69304132,3.44
2008/10/30,3.44,3.63,3.39,3.54,122748520,3.52
2008/10/31,3.50,3.55,3.48,3.49,51745080,3.51
2008/11/03,3.48,3.56,3.47,3.52,32218945,3.52
2008/11/04,3.52,3.52,3.38,3.40,57162241,3.43
2008/11/05,3.46,3.58,3.41,3.52,103081681,3.50
2008/11/06,3.45,3.50,3.39,3.45,52125109,3.44
2008/11/07,3.40,3.55,3.40,3.49,65200489,3.50
2008/11/10,3.60,3.84,3.55,3.84,343643001,3.78
2008/11/11,3.78,3.84,3.69,3.70,197491776,3.77
2008/11/12,3.63,3.73,3.58,3.68,180053278,3.64
2008/11/13,3.70,4.05,3.70,4.05,395854315,3.95
2008/11/14,3.70,4.05,3.70,4.05,0,3.88
2008/11/17,4.23,4.46,4.15,4.46,788130506,4.35
2008/11/18,4.34,4.91,4.34,4.65,1284802638,4.63
2008/11/19,4.63,4.77,4.24,4.60,707541023,4.50
2008/11/20,4.45,4.64,4.25,4.39,448476041,4.42
2008/11/21,4.23,4.69,4.21,4.49,510029138,4.47
2008/11/24,4.44,4.47,4.11,4.13,402048838,4.25
2008/11/25,4.20,4.27,4.05,4.13,272602841,4.14
2008/11/26,4.15,4.25,4.10,4.23,173210080,4.19
2008/11/27,4.47,4.48,4.16,4.19,411642945,4.30
2008/11/28,4.15,4.28,4.10,4.13,190003109,4.18
2008/12/01,4.11,4.20,4.02,4.18,161047418,4.13
2008/12/02,4.09,4.33,4.05,4.23,189786399,4.24
2008/12/03,4.27,4.55,4.27,4.53,349056449,4.40
2008/12/04,4.58,4.62,4.40,4.43,342208006,4.52
2008/12/05,4.39,4.47,4.35,4.44,150978196,4.41
2008/12/08,4.58,4.67,4.51,4.63,297542691,4.58
2008/12/09,4.60,4.62,4.43,4.44,196912057,4.52
2008/12/10,4.40,4.50,4.36,4.46,139149403,4.44
2008/12/11,4.50,4.52,4.31,4.32,168544335,4.40
2008/12/12,4.26,4.30,4.14,4.20,160834335,4.19
2008/12/15,4.24,4.28,4.16,4.21,89852636,4.21
2008/12/16,4.18,4.30,4.16,4.29,92463639,4.23
2008/12/17,4.31,4.37,4.24,4.26,99889423,4.31
2008/12/18,4.29,4.38,4.25,4.38,104505735,4.34
2008/12/19,4.36,4.44,4.34,4.37,86526778,4.39
2008/12/22,4.39,4.40,4.27,4.30,75235148,4.31
2008/12/23,4.30,4.32,4.13,4.13,115809951,4.18
2008/12/24,4.06,4.20,4.04,4.20,85054524,4.16
2008/12/25,4.19,4.28,4.16,4.23,53689759,4.22
2008/12/26,4.23,4.25,4.16,4.19,40893209,4.20
2008/12/29,4.17,4.45,4.15,4.37,129066647,4.34
2008/12/30,4.35,4.39,4.27,4.35,66769491,4.33
2008/12/31,4.35,4.41,4.30,4.31,99160430,4.38
2009/01/05,4.38,4.52,4.34,4.51,114654295,4.46
2009/01/06,4.50,4.57,4.41,4.54,150806114,4.50
2009/01/07,4.53,4.55,4.36,4.39,136807904,4.44
2009/01/08,4.28,4.35,4.20,4.25,102046830,4.26
2009/01/09,4.25,4.32,4.25,4.32,48490661,4.29
2009/01/12,4.32,4.34,4.23,4.29,62319144,4.28
2009/01/13,4.23,4.32,4.20,4.25,41428761,4.27
2009/01/14,4.24,4.41,4.24,4.40,89385865,4.35
2009/01/15,4.35,4.49,4.33,4.43,110069625,4.40
2009/01/16,4.42,4.50,4.40,4.46,167592599,4.46
2009/01/19,4.49,4.55,4.33,4.38,133340692,4.44
2009/01/20,4.38,4.43,4.29,4.40,83808902,4.35
2009/01/21,4.33,4.39,4.28,4.33,74499400,4.33
2009/01/22,4.36,4.37,4.30,4.34,54024784,4.33
2009/01/23,4.34,4.34,4.22,4.30,94889875,4.28
2009/02/02,4.35,4.40,4.29,4.35,79282919,4.33
2009/02/03,4.36,4.79,4.31,4.79,423438448,4.62
2009/02/04,4.75,4.85,4.68,4.79,315132004,4.75
2009/02/05,4.80,4.82,4.61,4.65,294809926,4.72
2009/02/06,4.66,4.85,4.66,4.78,242018950,4.77
2009/02/09,4.82,5.05,4.72,4.90,350194277,4.86
2009/02/10,4.85,5.01,4.75,4.88,285150674,4.85
2009/02/11,4.76,4.96,4.72,4.78,264322582,4.81
2009/02/12,4.80,4.85,4.68,4.78,158973378,4.75
2009/02/13,4.82,5.15,4.81,5.07,395262558,5.01
2009/02/16,5.12,5.15,4.92,5.08,276119495,5.02
2009/02/17,5.06,5.12,4.86,4.87,223383907,4.99
2009/02/18,4.76,4.84,4.63,4.64,243165696,4.72
2009/02/19,4.66,4.76,4.61,4.69,129014300,4.68
2009/02/20,4.70,4.75,4.62,4.74,123082820,4.69
2009/02/23,4.76,4.85,4.70,4.82,195969550,4.77
2009/02/24,4.73,4.80,4.51,4.54,232320141,4.64
2009/02/25,4.58,4.62,4.43,4.54,140453134,4.51
2009/02/26,4.55,4.66,4.33,4.45,152022008,4.54
2009/02/27,4.40,4.52,4.35,4.43,122961058,4.41
2009/03/02,4.41,4.47,4.38,4.46,75317367,4.44
2009/03/03,4.38,4.46,4.35,4.39,109713786,4.38
2009/03/04,4.40,4.63,4.40,4.59,203422765,4.52
2009/03/05,4.63,4.65,4.49,4.55,191159215,4.56
2009/03/06,4.46,4.51,4.42,4.45,96117568,4.46
2009/03/09,4.49,4.58,4.37,4.38,112828981,4.47
2009/03/10,4.34,4.41,4.31,4.41,66131651,4.35
2009/03/11,4.49,4.52,4.33,4.35,89580611,4.41
2009/03/12,4.37,4.38,4.20,4.30,89241483,4.27
2009/03/13,4.32,4.33,4.23,4.25,76205675,4.27
2009/03/16,4.25,4.30,4.23,4.30,54687668,4.27
2009/03/17,4.35,4.56,4.32,4.46,202761809,4.45
2009/03/18,4.49,4.50,4.40,4.43,143841494,4.45
2009/03/19,4.43,4.47,4.38,4.47,123658174,4.43
2009/03/20,4.47,4.48,4.36,4.39,122157020,4.41
2009/03/23,4.40,4.53,4.39,4.50,160361877,4.48
2009/03/24,4.55,4.55,4.45,4.47,121529156,4.49
2009/03/25,4.47,4.47,4.34,4.35,107155091,4.40
2009/03/26,4.35,4.43,4.27,4.42,109827563,4.35
2009/03/27,4.44,4.58,4.38,4.52,289443190,4.50
2009/03/30,4.51,4.51,4.40,4.43,133445441,4.45
2009/03/31,4.35,4.42,4.32,4.40,99754590,4.37
2009/04/01,4.42,4.65,4.41,4.58,281808955,4.54
2009/04/02,4.60,4.63,4.53,4.54,223841751,4.57
2009/04/03,4.57,4.59,4.46,4.49,152352597,4.51
2009/04/07,4.51,4.58,4.48,4.54,105540436,4.53
2009/04/08,4.54,4.59,4.40,4.41,154138508,4.51
2009/04/09,4.40,4.44,4.34,4.41,106335449,4.39
2009/04/10,4.43,4.51,4.38,4.50,135116156,4.44
2009/04/13,4.51,4.60,4.48,4.57,213977131,4.55
2009/04/14,4.58,4.71,4.54,4.61,240649379,4.63
2009/04/15,4.58,4.64,4.50,4.56,152686757,4.57
2009/04/16,4.58,4.78,4.52,4.73,268789180,4.65
2009/04/17,4.70,4.70,4.60,4.63,181256496,4.65
2009/04/20,4.64,4.70,4.61,4.68,145434627,4.66
2009/04/21,4.62,4.66,4.54,4.62,138633119,4.60
2009/04/22,4.63,4.87,4.61,4.67,344221247,4.76
2009/04/23,4.57,4.62,4.49,4.57,172743423,4.54
2009/04/24,4.62,4.74,4.51,4.53,155595055,4.62
2009/04/27,4.51,4.53,4.36,4.38,118187088,4.42
2009/04/28,4.35,4.41,4.33,4.39,78978463,4.37
2009/04/29,4.38,4.48,4.35,4.44,106454193,4.42
2009/04/30,4.46,4.46,4.38,4.41,92518743,4.41
2009/05/04,4.42,4.53,4.41,4.50,140881263,4.47
2009/05/05,4.53,4.57,4.46,4.50,127848167,4.51
2009/05/06,4.48,4.72,4.47,4.68,253713417,4.63
2009/05/07,4.69,4.75,4.60,4.72,255376467,4.68
2009/05/08,4.68,4.74,4.62,4.71,168911046,4.69
2009/05/11,4.85,4.93,4.66,4.70,259550740,4.78
2009/05/12,4.64,4.75,4.62,4.71,124781438,4.69
2009/05/13,4.74,4.79,4.66,4.72,149374111,4.72
2009/05/14,4.69,4.70,4.59,4.64,143437174,4.63
2009/05/15,4.65,4.67,4.55,4.61,114498729,4.60
2009/05/18,4.57,4.64,4.54,4.64,91030537,4.61
2009/05/19,4.66,4.69,4.62,4.69,134887916,4.66
2009/05/20,4.72,4.73,4.60,4.61,102518431,4.66
2009/05/21,4.58,4.68,4.55,4.67,113814658,4.62
2009/05/22,4.67,4.71,4.58,4.61,87174107,4.65
2009/05/25,4.54,4.59,4.51,4.59,80881347,4.55
2009/05/26,4.57,4.69,4.54,4.63,106908402,4.62
2009/05/27,4.64,4.65,4.57,4.60,72025909,4.61
2009/06/01,4.75,4.80,4.66,4.69,201727902,4.73
2009/06/02,4.72,4.95,4.70,4.83,324194111,4.84
2009/06/03,4.79,4.83,4.73,4.80,171280398,4.77
2009/06/04,4.80,4.89,4.76,4.82,154322930,4.82
2009/06/05,4.85,4.86,4.71,4.72,134575161,4.78
2009/06/08,4.72,4.78,4.66,4.70,100304094,4.71
2009/06/09,4.66,4.73,4.63,4.72,74749833,4.67
2009/06/10,4.72,4.92,4.69,4.84,260722755,4.84
2009/06/11,4.81,4.83,4.70,4.72,130291054,4.77
2009/06/12,4.72,4.76,4.62,4.67,98077242,4.68
2009/06/15,4.72,4.76,4.62,4.67,0,4.69
2009/06/16,4.73,4.83,4.72,4.77,167670257,4.78
2009/06/17,4.77,4.84,4.74,4.80,106562935,4.78
2009/06/18,4.81,4.87,4.75,4.86,182838743,4.82
2009/06/19,4.86,5.35,4.82,5.35,447731952,5.12
2009/06/22,5.60,5.65,5.31,5.35,428857579,5.43
2009/06/23,5.25,5.45,5.22,5.37,216342546,5.33
2009/06/24,5.38,5.54,5.28,5.43,194955275,5.42
2009/06/25,5.43,5.45,5.24,5.26,169418161,5.31
2009/06/26,5.29,5.34,5.21,5.23,102729604,5.25
2009/06/29,5.25,5.30,5.20,5.27,85142668,5.26
2009/06/30,5.26,5.33,5.22,5.29,112138255,5.28
2009/07/01,5.28,5.41,5.22,5.33,180713103,5.31
2009/07/02,5.34,5.41,5.28,5.31,163945571,5.33
2009/07/03,5.28,5.35,5.22,5.27,136805938,5.28
2009/07/06,5.25,5.33,5.22,5.32,139838283,5.28
2009/07/07,5.35,5.46,5.28,5.38,316752934,5.37
2009/07/08,5.33,5.35,5.21,5.28,185976457,5.25
2009/07/09,5.27,5.31,5.21,5.29,122063613,5.22
2009/07/10,5.29,5.37,5.26,5.31,134646479,5.29
2009/07/13,5.31,5.39,5.29,5.34,121878468,5.31
2009/07/14,5.35,5.52,5.32,5.47,188959962,5.37
2009/07/15,5.51,5.67,5.50,5.64,276870791,5.56
2009/07/16,5.63,5.69,5.53,5.54,206909076,5.56
2009/07/17,5.54,5.63,5.43,5.48,195285614,5.49
2009/07/20,5.50,5.53,5.43,5.50,162628337,5.46
2009/07/21,5.54,5.67,5.42,5.43,250983654,5.52
2009/07/22,5.40,5.51,5.38,5.46,134926793,5.41
2009/07/23,5.46,5.51,5.39,5.48,135307816,5.42
2009/07/24,5.56,5.73,5.49,5.62,330375069,5.58
2009/07/27,5.63,5.67,5.55,5.65,178539718,5.58
2009/07/28,5.67,6.02,5.58,5.92,289792013,5.76
2009/07/29,5.93,5.94,5.39,5.47,265653483,5.64
2009/07/30,5.48,5.60,5.33,5.53,152571359,5.45
2009/07/31,5.56,5.65,5.50,5.63,127048533,5.55
2009/08/03,5.64,5.67,5.53,5.65,141420273,5.59
2009/08/04,5.63,5.65,5.45,5.58,146354757,5.52
2009/08/05,5.58,5.83,5.54,5.70,236551941,5.68
2009/08/06,5.65,5.69,5.55,5.59,137360892,5.59
2009/08/07,5.65,5.69,5.55,5.59,0,5.62
2009/08/10,5.49,5.57,5.38,5.46,130899326,5.44
2009/08/11,5.48,5.50,5.40,5.44,59190967,5.41
2009/08/12,5.42,5.44,5.06,5.08,130768784,5.19
2009/08/13,5.09,5.13,5.01,5.09,83036966,5.04
2009/08/14,5.11,5.12,4.83,4.84,103257771,4.91
2009/08/17,4.81,4.84,4.51,4.55,109750393,4.64
2009/08/18,4.55,4.69,4.52,4.67,82825028,4.59
2009/08/19,4.65,4.67,4.43,4.46,84738513,4.51
2009/08/20,4.52,4.61,4.48,4.61,72539888,4.52
2009/08/21,4.58,4.65,4.53,4.65,93564562,4.57
2009/08/24,4.67,4.75,4.63,4.70,86019895,4.66
2009/08/25,4.69,4.69,4.47,4.55,84212172,4.51
2009/08/26,4.55,4.68,4.51,4.66,89677520,4.59
2009/08/27,4.62,4.83,4.59,4.81,142778850,4.69
2009/08/28,4.86,4.93,4.78,4.82,170438672,4.81
2009/08/31,4.71,4.72,4.50,4.52,95871589,4.57
2009/09/01,4.49,4.60,4.48,4.54,53211086,4.52
2009/09/02,4.53,4.58,4.49,4.56,40136026,4.51
2009/09/03,4.55,4.74,4.52,4.70,81197288,4.62
2009/09/04,4.67,4.72,4.60,4.66,65915402,4.63
2009/09/07,4.68,4.80,4.64,4.68,69876078,4.68
2009/09/08,4.65,4.70,4.58,4.70,55087794,4.62
2009/09/09,4.70,4.70,4.63,4.69,67641820,4.63
2009/09/10,4.70,4.77,4.67,4.70,63322918,4.68
2009/09/11,4.69,4.78,4.66,4.75,94133959,4.70
2009/09/14,4.77,4.83,4.73,4.80,85323050,4.75
2009/09/15,4.80,4.80,4.70,4.76,87610089,4.73
2009/09/16,4.75,4.75,4.65,4.69,68312255,4.66
2009/09/17,4.68,4.85,4.68,4.83,153328409,4.74
2009/09/18,4.92,5.10,4.84,4.94,382363752,4.96
2009/09/21,4.87,4.88,4.71,4.86,113887366,4.77
2009/09/22,4.83,4.85,4.72,4.73,81875373,4.76
2009/09/23,4.72,4.77,4.58,4.62,71597693,4.64
2009/09/24,4.62,4.65,4.49,4.59,74809425,4.52
2009/09/25,4.61,4.68,4.57,4.67,58815491,4.60
2009/09/28,4.61,4.68,4.57,4.67,0,4.63
2009/09/29,4.72,4.72,4.50,4.54,76994080,4.57
2009/09/30,4.59,4.62,4.53,4.55,47515174,4.53
2009/10/09,4.61,4.73,4.53,4.70,55790760,4.63
2009/10/12,4.71,4.73,4.63,4.66,43259247,4.65
2009/10/13,4.65,4.70,4.64,4.70,39015013,4.64
2009/10/14,4.73,4.86,4.70,4.76,86189454,4.76
2009/10/15,4.76,4.80,4.69,4.72,48992184,4.72
2009/10/16,4.73,4.76,4.64,4.70,39236952,4.65
2009/10/19,4.74,4.79,4.69,4.78,57342229,4.72
2009/10/20,4.79,4.84,4.75,4.83,82452114,4.78
2009/10/21,4.83,4.83,4.76,4.78,53246886,4.76
2009/10/22,4.76,4.82,4.73,4.79,44829704,4.74
2009/10/23,4.79,4.87,4.79,4.84,89897299,4.81
2009/10/26,4.82,4.85,4.77,4.80,52235299,4.77
2009/10/27,4.78,4.78,4.65,4.66,61857924,4.68
2009/10/28,4.66,4.69,4.60,4.67,42433117,4.62
2009/10/29,4.62,4.65,4.59,4.61,46733314,4.58
2009/10/30,4.63,4.68,4.61,4.64,46690006,4.62
2009/11/02,4.58,4.71,4.54,4.68,59379702,4.61
2009/11/03,4.72,4.78,4.69,4.74,68286986,4.70
2009/11/04,4.76,4.85,4.72,4.83,106208634,4.77
2009/11/05,4.87,4.96,4.83,4.89,168655681,4.88
2009/11/06,4.91,4.93,4.84,4.86,89449649,4.84
2009/11/09,4.87,4.87,4.79,4.82,65285926,4.80
2009/11/10,4.85,4.93,4.82,4.89,99898283,4.84
2009/11/11,4.89,5.07,4.89,5.03,191334038,4.97
2009/11/12,5.07,5.22,5.03,5.08,153680239,5.10
2009/11/13,5.05,5.32,5.02,5.29,201025799,5.14
2009/11/16,5.32,5.47,5.29,5.35,177483265,5.33
2009/11/17,5.37,5.56,5.28,5.49,185577733,5.41
2009/11/18,5.53,5.60,5.40,5.45,121717164,5.44
2009/11/19,5.48,5.56,5.40,5.52,110240262,5.45
2009/11/20,5.49,5.49,5.34,5.36,134222061,5.38
2009/11/23,5.36,5.42,5.34,5.41,85350030,5.35
2009/11/24,5.41,5.58,5.26,5.29,175253265,5.39
2009/11/25,5.28,5.48,5.28,5.47,150179821,5.35
2009/11/26,5.47,5.69,5.39,5.48,194088045,5.51
2009/11/27,5.39,5.49,5.27,5.43,136910587,5.35
2009/11/30,5.46,5.97,5.46,5.89,329007879,5.76
2009/12/01,5.81,5.95,5.74,5.88,180028945,5.82
2009/12/02,5.88,5.91,5.76,5.82,125633062,5.80
2009/12/03,5.81,5.81,5.66,5.79,116468602,5.69
2009/12/04,5.83,5.86,5.62,5.74,124040200,5.70
2009/12/07,5.79,5.89,5.74,5.83,82247808,5.81
2009/12/08,5.82,5.82,5.70,5.78,79395333,5.72
2009/12/09,5.70,5.75,5.51,5.54,91950554,5.58
2009/12/10,5.62,5.66,5.52,5.58,75074721,5.55
2009/12/11,5.62,5.79,5.60,5.64,71883510,5.67
2009/12/14,5.71,5.74,5.55,5.69,74773601,5.63
2009/12/15,5.70,5.98,5.69,5.81,156058841,5.82
2009/12/16,5.80,5.85,5.74,5.77,60219913,5.77
2009/12/17,5.78,5.95,5.76,5.84,112631910,5.81
2009/12/18,5.81,5.85,5.65,5.75,94818397,5.71
2009/12/21,5.81,5.85,5.55,5.66,73251999,5.61
2009/12/22,5.65,5.68,5.39,5.40,63091729,5.49
2009/12/23,5.40,5.50,5.33,5.48,48715160,5.40
2009/12/24,5.48,5.57,5.44,5.56,52336667,5.49
2009/12/25,5.59,5.63,5.52,5.57,38893444,5.54
2009/12/28,5.60,5.72,5.59,5.67,66692148,5.61
2009/12/29,5.63,5.65,5.47,5.54,105787988,5.49
2009/12/30,5.55,5.58,5.42,5.48,99513579,5.44
2009/12/31,5.48,5.82,5.47,5.72,167140042,5.67
2010/01/04,5.69,5.71,5.59,5.59,68146502,5.61
2010/01/05,5.59,5.62,5.48,5.58,55819379,5.51
2010/01/06,5.61,5.66,5.52,5.54,54369079,5.55
2010/01/07,5.54,5.56,5.43,5.46,49620142,5.46
2010/01/08,5.46,5.51,5.43,5.49,37587146,5.45
2010/01/11,5.58,5.65,5.48,5.51,54952747,5.52
2010/01/12,5.51,5.57,5.43,5.53,55703019,5.45
2010/01/13,5.46,5.48,5.40,5.43,61347706,5.40
2010/01/14,5.43,5.54,5.43,5.52,49844914,5.47
2010/01/15,5.52,5.64,5.51,5.57,54696397,5.56
2010/01/18,5.60,5.61,5.49,5.57,35080136,5.50
2010/01/19,5.57,5.58,5.49,5.54,46814316,5.49
2010/01/20,5.54,5.54,5.23,5.38,50177846,5.39
2010/01/21,5.37,5.44,5.31,5.32,45651341,5.33
2010/01/22,5.28,5.30,5.13,5.21,71297021,5.18
2010/01/25,5.22,5.41,5.18,5.37,71070055,5.32
2010/01/26,5.36,5.40,5.23,5.25,33328277,5.27
2010/01/27,5.24,5.34,5.21,5.24,30736238,5.26
2010/01/28,5.25,5.45,5.25,5.44,53139241,5.35
2010/01/29,5.41,5.48,5.38,5.48,39877456,5.40
2010/02/01,5.47,5.57,5.41,5.56,75216541,5.49
2010/02/02,5.55,5.62,5.47,5.53,47343332,5.52
2010/02/03,5.53,5.58,5.38,5.44,56586725,5.43
2010/02/04,5.45,5.52,5.39,5.46,28633624,5.43
2010/02/05,5.38,5.47,5.36,5.45,38457566,5.39
2010/02/08,5.47,5.49,5.34,5.37,24075859,5.37
2010/02/09,5.36,5.42,5.33,5.37,16706937,5.34
2010/02/10,5.40,5.48,5.39,5.48,25550479,5.42
2010/02/11,5.48,5.50,5.44,5.50,16911408,5.45
2010/02/12,5.51,5.55,5.46,5.53,19044128,5.49
2010/02/22,5.57,5.69,5.57,5.61,47054016,5.61
2010/02/23,5.62,5.63,5.47,5.56,24124934,5.51
2010/02/24,5.57,5.74,5.53,5.72,58148694,5.65
2010/02/25,5.69,5.75,5.66,5.69,60450251,5.68
2010/02/26,5.68,5.68,5.58,5.59,34816797,5.59
2010/03/01,5.60,5.66,5.58,5.62,29862989,5.59
2010/03/02,5.61,5.68,5.57,5.59,23546713,5.58
2010/03/03,5.59,5.62,5.53,5.61,43591179,5.54
2010/03/04,5.62,5.65,5.45,5.47,35968871,5.52
2010/03/05,5.48,5.51,5.41,5.44,32954713,5.42
2010/03/08,5.44,5.50,5.42,5.49,27089040,5.44
2010/03/09,5.50,5.53,5.42,5.47,33062843,5.45
2010/03/10,5.48,5.51,5.41,5.43,24077278,5.42
2010/03/11,5.43,5.51,5.40,5.47,19369297,5.43
2010/03/12,5.46,5.48,5.08,5.33,19203414,5.39
2010/03/15,5.38,5.41,5.28,5.32,22070949,5.29
2010/03/16,5.32,5.35,5.28,5.34,9915509,5.28
2010/03/17,5.38,5.43,5.34,5.42,16470363,5.36
2010/03/18,5.42,5.47,5.37,5.38,26349883,5.39
2010/03/19,5.42,5.47,5.40,5.43,18985461,5.40
2010/03/22,5.53,5.73,5.46,5.61,82465134,5.60
2010/03/23,5.61,5.63,5.50,5.52,30363928,5.53
2010/03/24,5.54,5.63,5.52,5.54,23157524,5.54
2010/03/25,5.53,5.53,5.42,5.44,24086136,5.43
2010/03/26,5.44,5.65,5.42,5.58,42846664,5.55
2010/03/29,5.62,5.77,5.58,5.70,81938535,5.67
2010/03/30,5.68,5.75,5.63,5.66,34911656,5.65
2010/03/31,5.68,5.70,5.54,5.59,39322327,5.57
2010/04/01,5.58,5.70,5.56,5.66,48005571,5.59
2010/04/02,5.68,5.74,5.58,5.70,45746330,5.64
2010/04/06,5.72,5.73,5.59,5.63,50428494,5.60
2010/04/07,5.61,5.64,5.56,5.58,26349665,5.56
2010/04/08,5.58,5.63,5.52,5.61,64288839,5.54
2010/04/09,5.60,5.61,5.55,5.58,27406833,5.54
2010/04/12,5.59,5.65,5.54,5.60,45656353,5.57
2010/04/13,5.60,5.74,5.54,5.70,74804211,5.64
2010/04/14,5.70,5.71,5.62,5.67,35386898,5.62
2010/04/15,5.67,5.69,5.53,5.57,45484464,5.56
2010/04/16,5.57,5.57,5.46,5.47,40225292,5.47
2010/04/19,5.44,5.48,5.23,5.25,50522841,5.33
2010/04/20,5.23,5.33,5.18,5.25,45897959,5.22
2010/04/21,5.26,5.40,5.21,5.35,54866430,5.25
2010/04/22,5.32,5.33,5.21,5.24,50994734,5.24
2010/04/23,5.24,5.31,5.17,5.25,75569889,5.21
2010/04/26,5.28,5.34,5.21,5.28,53295128,5.25
2010/04/27,5.28,5.35,5.18,5.34,59230733,5.23
2010/04/28,5.28,5.43,5.27,5.42,52027921,5.36
2010/04/29,5.44,5.48,5.38,5.39,43924955,5.41
2010/04/30,5.37,5.44,5.30,5.35,56886922,5.34
2010/05/04,5.28,5.39,5.24,5.38,21708723,5.29
2010/05/05,5.33,5.43,5.28,5.42,32939027,5.33
2010/05/06,5.39,5.46,5.34,5.36,42836081,5.38
2010/05/07,5.26,5.36,5.19,5.21,37252117,5.23
2010/05/10,5.22,5.31,5.17,5.29,30738002,5.22
2010/05/11,5.34,5.38,5.09,5.18,35632897,5.19
2010/05/12,5.15,5.15,4.90,5.02,57308083,4.98
2010/05/13,5.03,5.10,5.01,5.09,24914071,5.03
2010/05/14,5.06,5.10,5.02,5.09,19786862,5.04
2010/05/17,5.05,5.05,4.88,4.91,33040758,4.91
2010/05/18,4.89,4.97,4.85,4.93,26582966,4.89
2010/05/19,4.92,5.01,4.89,4.94,17938105,4.94
2010/05/20,4.91,5.00,4.84,4.86,19377760,4.90
2010/05/21,4.74,4.95,4.70,4.93,21110661,4.81
2010/05/24,5.00,5.18,5.00,5.09,37960688,5.07
2010/05/25,5.10,5.18,5.00,5.03,23478788,5.05
2010/05/26,5.03,5.09,4.97,4.99,25325580,4.97
2010/05/27,5.00,5.09,4.92,5.06,22942044,5.00
2010/05/28,5.10,5.13,5.00,5.04,19160448,5.04
2010/05/31,5.03,5.08,4.97,5.01,19079504,4.99
2010/06/01,4.98,5.02,4.88,4.92,18325940,4.92
2010/06/02,4.93,4.99,4.77,4.91,18528241,4.84
2010/06/03,4.93,4.98,4.87,4.88,17365257,4.90
2010/06/04,4.85,4.91,4.79,4.86,29270911,4.80
2010/06/07,4.83,5.02,4.81,4.97,41357512,4.94
2010/06/08,4.96,5.06,4.93,4.96,22027975,4.97
2010/06/09,4.98,5.06,4.98,5.04,25881335,4.99
2010/06/10,5.06,5.11,5.03,5.03,16619977,5.04
2010/06/11,5.04,5.10,5.00,5.03,16022470,5.02
2010/06/17,5.04,5.10,5.00,5.03,0,5.05
2010/06/18,4.98,5.07,4.85,4.88,26202748,4.96
2010/06/21,4.87,5.07,4.87,5.05,23770433,4.95
2010/06/22,5.05,5.13,5.01,5.07,21998189,5.06
2010/06/23,5.08,5.12,4.98,5.03,16259985,5.02
2010/06/24,5.03,5.06,4.96,4.99,20499772,4.98
2010/06/25,4.98,5.00,4.86,4.92,34324700,4.89
2010/06/28,4.94,4.97,4.90,4.93,13734695,4.91
2010/06/29,4.93,4.98,4.81,4.85,28003720,4.86
2010/06/30,4.83,4.88,4.77,4.85,21933913,4.80
2010/07/01,4.85,4.89,4.80,4.84,11678231,4.82
2010/07/02,4.91,5.07,4.88,5.03,44580656,4.96
2010/07/05,5.01,5.16,4.96,5.13,57823733,5.07
2010/07/06,5.12,5.14,5.04,5.11,30740366,5.07
2010/07/07,5.11,5.14,5.07,5.13,20155681,5.08
2010/07/08,5.17,5.17,5.05,5.09,15206330,5.02
2010/07/09,5.10,5.27,5.04,5.19,29990866,5.12
2010/07/12,5.20,5.25,5.17,5.20,19103632,5.15
2010/07/13,5.18,5.18,5.09,5.13,17116216,5.06
2010/07/14,5.17,5.57,5.17,5.36,97155033,5.33
2010/07/15,5.33,5.40,5.27,5.27,41014364,5.25
2010/07/16,5.22,5.30,5.19,5.28,19239803,5.16
2010/07/19,5.25,5.42,5.23,5.38,28337536,5.29
2010/07/20,5.38,5.42,5.35,5.41,23967816,5.32
2010/07/21,5.39,5.52,5.37,5.39,40214704,5.37
2010/07/22,5.38,5.45,5.35,5.40,29747937,5.32
2010/07/23,5.41,5.43,5.36,5.42,23070674,5.33
2010/07/26,5.46,5.53,5.43,5.48,35245678,5.42
2010/07/27,5.48,5.50,5.43,5.45,23386239,5.39
2010/07/28,5.46,5.52,5.44,5.51,27052035,5.41
2010/07/29,5.51,5.53,5.41,5.45,60414178,5.37
2010/07/30,5.50,5.51,5.43,5.47,25254061,5.40
2010/08/02,5.47,5.55,5.45,5.49,38605302,5.41
2010/08/03,5.50,5.52,5.39,5.39,48767951,5.36
2010/08/04,5.37,5.48,5.32,5.45,44869185,5.33
2010/08/05,5.45,5.46,5.34,5.38,27069150,5.31
2010/08/06,5.38,5.40,5.30,5.40,27464366,5.29
2010/08/09,5.41,5.42,5.31,5.36,46668896,5.27
2010/08/10,5.37,5.38,5.21,5.22,49703101,5.21
2010/08/11,5.23,5.27,5.16,5.23,27759713,5.14
2010/08/12,5.21,5.28,5.16,5.17,41018141,5.14
2010/08/13,5.19,5.25,5.16,5.24,21505509,5.14
2010/08/16,5.32,5.35,5.23,5.32,36639424,5.23
2010/08/17,5.32,5.38,5.28,5.36,37023724,5.27
2010/08/18,5.35,5.39,5.25,5.28,39485051,5.24
2010/08/19,5.30,5.33,5.22,5.32,32385629,5.22
2010/08/20,5.32,5.32,5.22,5.23,24381484,5.19
2010/08/23,5.25,5.30,5.21,5.27,20195427,5.18
2010/08/24,5.26,5.36,5.21,5.32,33729053,5.23
2010/08/25,5.29,5.33,5.23,5.23,19260030,5.22
2010/08/26,5.24,5.26,5.19,5.21,19104008,5.16
2010/08/27,5.17,5.23,5.13,5.17,16879247,5.11
2010/08/30,5.20,5.27,5.16,5.26,50867507,5.15
2010/08/31,5.22,5.23,5.15,5.20,45022899,5.10
2010/09/01,5.21,5.23,5.07,5.14,40611550,5.08
2010/09/02,5.17,5.25,5.10,5.18,37691671,5.11
2010/09/03,5.17,5.18,5.06,5.09,69934013,5.03
2010/09/06,5.10,5.39,5.09,5.32,113538763,5.20
2010/09/07,5.34,5.40,5.29,5.33,34150643,5.27
2010/09/08,5.31,5.34,5.27,5.30,23069083,5.23
2010/09/09,5.34,5.34,5.20,5.23,28400287,5.18
2010/09/10,5.25,5.39,5.22,5.36,51480897,5.26
2010/09/13,5.36,5.45,5.34,5.35,42234605,5.32
2010/09/14,5.37,5.52,5.35,5.44,67802809,5.40
2010/09/15,5.48,5.64,5.44,5.54,114664037,5.49
2010/09/16,5.51,5.71,5.48,5.65,83229746,5.55
2010/09/17,5.62,5.67,5.50,5.56,44628842,5.51
2010/09/20,5.51,5.69,5.45,5.51,52863544,5.51
2010/09/21,5.51,5.56,5.41,5.47,26611374,5.40
2010/09/27,5.46,5.52,5.41,5.50,23787326,5.39
2010/09/28,5.55,5.74,5.50,5.66,57519112,5.59
2010/09/29,5.68,5.83,5.64,5.71,50636985,5.68
2010/09/30,5.70,5.81,5.65,5.78,53437632,5.67
2010/10/08,5.78,5.92,5.78,5.88,73557620,5.78
2010/10/11,5.84,6.04,5.78,5.86,101418810,5.83
2010/10/12,5.86,6.00,5.81,5.87,43879769,5.81
2010/10/13,5.89,6.42,5.85,6.22,141768764,6.11
2010/10/14,6.19,6.37,6.10,6.24,97263126,6.16
2010/10/15,6.24,6.54,6.18,6.46,114883261,6.34
2010/10/18,6.50,6.63,6.27,6.32,107629109,6.36
2010/10/19,6.32,6.41,6.16,6.39,86944270,6.21
2010/10/20,6.27,6.46,6.20,6.34,84899400,6.24
2010/10/21,6.36,6.36,6.20,6.28,67192375,6.20
2010/10/22,6.29,6.34,6.23,6.27,43635858,6.20
2010/10/25,6.26,6.40,6.20,6.39,72244929,6.24
2010/10/26,6.41,6.50,6.21,6.28,65094017,6.27
2010/10/27,6.30,6.37,6.11,6.12,97291981,6.14
2010/10/28,6.12,6.18,6.05,6.11,63885682,6.03
2010/10/29,6.06,6.18,6.04,6.05,70989431,6.03
2010/11/01,6.06,6.29,6.05,6.28,75346261,6.13
2010/11/02,6.30,6.30,6.13,6.19,52262833,6.13
2010/11/03,6.19,6.47,6.14,6.35,88218193,6.26
2010/11/04,6.37,6.63,6.36,6.60,105222014,6.44
2010/11/05,6.66,7.25,6.64,7.10,164304715,6.86
2010/11/08,7.16,7.20,6.88,7.02,113095320,6.96
2010/11/09,6.97,7.06,6.74,6.88,86690418,6.79
2010/11/10,6.86,6.99,6.68,6.86,47276368,6.81
2010/11/11,6.84,7.00,6.75,6.80,61932062,6.81
2010/11/12,6.79,6.89,6.47,6.60,83876489,6.62
2010/11/15,6.58,6.76,6.58,6.67,42496287,6.58
2010/11/16,6.70,7.23,6.67,6.84,165370580,6.88
2010/11/17,6.75,7.24,6.67,6.78,197513188,6.93
2010/11/18,6.76,7.00,6.67,6.70,79396359,6.78
2010/11/19,6.65,7.04,6.57,7.02,78782654,6.70
2010/11/22,6.92,7.35,6.89,7.26,113820454,7.14
2010/11/23,7.26,7.26,6.97,7.15,60127867,7.01
2010/11/24,7.09,7.32,7.07,7.22,58408938,7.15
2010/11/25,7.24,7.29,7.05,7.16,55010716,7.10
2010/11/26,7.17,7.21,6.98,7.00,49142437,6.95
2010/11/29,6.99,7.14,6.99,7.08,34366599,7.00
2010/11/30,7.09,7.10,6.70,6.88,56068399,6.83
2010/12/01,6.93,7.01,6.81,6.91,31427414,6.83
2010/12/02,6.97,7.05,6.85,6.89,31325828,6.85
2010/12/03,6.86,7.01,6.82,6.98,35354787,6.85
2010/12/06,7.01,7.32,6.97,7.26,88006916,7.13
2010/12/07,7.31,7.32,7.09,7.26,60060811,7.15
2010/12/08,7.47,7.90,7.47,7.76,139622756,7.66
2010/12/09,7.87,8.47,7.72,8.32,235946801,8.12
2010/12/10,8.35,8.35,8.00,8.13,126071801,8.03
2010/12/13,8.14,8.75,8.14,8.29,193844951,8.32
2010/12/14,8.29,8.50,8.23,8.32,110917195,8.25
2010/12/15,8.33,8.33,7.99,8.08,122015635,8.02
2010/12/16,8.06,8.07,7.90,7.95,91167370,7.88
2010/12/17,7.95,8.26,7.95,8.23,109652044,8.09
2010/12/20,8.23,8.31,7.82,8.12,71495699,8.02
2010/12/21,8.10,8.21,7.97,8.15,58374118,8.05
2010/12/22,8.18,8.43,8.07,8.22,105733497,8.19
2010/12/23,8.20,8.24,7.99,8.03,62385525,8.05
2010/12/24,8.00,8.03,7.62,7.76,112277414,7.71
2010/12/27,7.73,7.94,7.48,7.51,88952057,7.63
2010/12/28,7.49,7.50,7.23,7.33,70793838,7.28
2010/12/29,7.33,7.49,7.33,7.44,59860631,7.36
2010/12/30,7.44,7.60,7.34,7.39,76114498,7.38
2010/12/31,7.41,7.65,7.35,7.62,80906074,7.46
2011/01/04,7.72,8.37,7.59,8.36,151023667,7.88
2011/01/05,8.29,8.86,8.15,8.40,260358135,8.47
2011/01/06,8.28,8.41,8.02,8.32,116644721,8.16
2011/01/07,8.25,8.46,8.11,8.38,109215570,8.20
2011/01/10,8.32,8.63,8.24,8.35,120140095,8.37
2011/01/11,8.22,8.45,8.09,8.30,65066179,8.19
2011/01/12,8.27,8.35,8.13,8.23,51939318,8.15
2011/01/13,8.24,8.41,8.04,8.35,105089677,8.17
2011/01/14,8.26,8.74,8.22,8.45,141409276,8.43
2011/01/17,8.32,8.57,8.09,8.18,113497271,8.24
2011/01/18,8.12,8.17,7.87,7.94,73171104,7.95
2011/01/19,7.94,8.73,7.89,8.73,260364570,8.52
2011/01/20,8.77,8.79,8.37,8.53,260568413,8.49
2011/01/21,8.42,9.22,8.30,8.72,246507101,8.75
2011/01/24,8.65,8.93,8.57,8.73,135238741,8.69
2011/01/25,8.64,8.66,8.20,8.39,124356998,8.31
2011/01/26,8.36,8.73,8.28,8.69,113709588,8.47
2011/01/27,8.62,9.15,8.49,8.78,200807587,8.80
2011/01/28,8.75,8.80,8.63,8.71,109027213,8.64
2011/01/31,8.71,9.24,8.71,9.14,219114552,8.96
2011/02/01,9.07,9.09,8.91,8.98,114262483,8.91
2011/02/09,8.87,9.17,8.80,8.89,155276446,8.94
2011/02/10,8.80,8.87,8.47,8.64,204268402,8.55
2011/02/11,8.58,8.70,8.52,8.61,114031792,8.53
2011/02/14,8.55,8.61,8.27,8.45,264558332,8.38
2011/02/15,8.51,8.82,8.43,8.73,243365514,8.57
2011/02/16,8.64,8.67,8.44,8.57,171469662,8.46
2011/02/17,8.57,8.74,8.44,8.61,193768563,8.54
2011/02/18,8.72,9.01,8.72,8.77,216305260,8.75
2011/02/21,8.70,8.79,8.55,8.69,166207506,8.56
2011/02/22,8.70,8.71,8.21,8.22,239174696,8.31
2011/02/23,8.17,8.34,7.93,8.13,157203169,8.06
2011/02/24,8.07,8.24,7.90,8.17,106746443,8.04
2011/02/25,8.10,8.14,7.97,8.05,72687441,7.97
2011/02/28,8.04,8.31,8.04,8.23,104539333,8.15
2011/03/01,8.25,8.31,8.18,8.22,65948576,8.15
2011/03/02,8.16,8.16,7.85,7.96,159310715,7.88
2011/03/03,7.96,8.01,7.73,7.76,112962648,7.78
2011/03/04,7.73,7.90,7.69,7.90,68832106,7.76
2011/03/07,7.96,8.04,7.80,8.00,145724749,7.87
2011/03/08,8.00,8.01,7.84,7.90,87652175,7.81
2011/03/09,7.92,8.20,7.86,8.12,156978736,7.99
2011/03/10,8.07,8.16,8.00,8.00,91830009,8.00
2011/03/11,7.97,8.02,7.84,7.86,69798660,7.84
2011/03/14,7.77,7.86,7.62,7.70,94569537,7.62
2011/03/15,7.67,7.67,7.33,7.49,122820683,7.39
2011/03/16,7.51,7.62,7.48,7.58,69849219,7.48
2011/03/17,7.53,7.72,7.40,7.63,75738502,7.48
2011/03/18,7.73,7.83,7.62,7.80,82499882,7.64
2011/03/21,7.76,7.84,7.72,7.77,60044849,7.71
2011/03/22,7.79,7.87,7.58,7.84,70575112,7.69
2011/03/23,7.87,8.03,7.84,7.93,87355168,7.89
2011/03/24,7.94,7.96,7.78,7.79,51145870,7.77
2011/03/25,7.79,7.79,7.67,7.75,66771526,7.64
2011/03/28,7.75,7.76,7.62,7.69,93175665,7.61
2011/03/29,7.63,7.68,7.54,7.55,63834362,7.52
2011/03/30,7.48,7.57,7.22,7.26,157914704,7.24
2011/03/31,7.27,7.34,7.23,7.29,53613045,7.22
2011/04/01,7.31,7.33,7.12,7.26,58701180,7.13
2011/04/06,7.22,7.22,7.09,7.15,62344981,7.08
2011/04/07,7.16,7.46,7.15,7.45,120581565,7.28
2011/04/08,7.47,7.49,7.37,7.45,59310610,7.35
2011/04/11,7.45,7.55,7.43,7.50,74987200,7.43
2011/04/12,7.50,7.62,7.45,7.53,77606045,7.47
2011/04/13,7.51,7.77,7.43,7.69,101508217,7.57
2011/04/14,7.75,7.78,7.46,7.49,81692675,7.54
2011/04/15,7.45,7.53,7.24,7.38,76185256,7.28
2011/04/18,7.30,7.42,7.24,7.42,53110809,7.25
2011/04/19,7.37,7.37,7.25,7.26,43521220,7.21
2011/04/20,7.30,7.40,7.28,7.30,36137673,7.25
2011/04/21,7.34,7.37,7.30,7.32,35572742,7.25
2011/04/22,7.32,7.33,7.23,7.26,32488394,7.19
2011/04/25,7.26,7.40,7.15,7.29,65476212,7.21
2011/04/26,7.26,7.40,7.15,7.29,0,7.28
2011/04/27,7.27,7.29,7.12,7.16,55059520,7.10
2011/04/28,7.20,7.22,6.92,6.96,56292092,7.00
2011/04/29,6.92,7.02,6.90,7.00,28547105,6.90
2011/05/03,6.96,6.96,6.80,6.95,54067892,6.81
2011/05/04,6.93,6.99,6.84,6.86,45605748,6.83
2011/05/05,6.79,6.82,6.63,6.65,62407656,6.63
2011/05/06,6.57,6.70,6.54,6.67,48544914,6.56
2011/05/09,6.78,7.12,6.77,7.00,102581344,6.93
2011/05/10,7.02,7.05,6.93,7.00,31534256,6.92
2011/05/11,7.05,7.17,6.98,7.00,56467780,7.01
2011/05/12,7.01,7.02,6.79,6.80,35706570,6.84
2011/05/13,6.79,6.86,6.73,6.86,27097628,6.72
2011/05/16,6.87,7.00,6.80,6.82,27721253,6.83
2011/05/17,6.82,6.93,6.75,6.86,29104420,6.77
2011/05/18,6.85,6.94,6.80,6.90,21293524,6.82
2011/05/19,6.87,6.90,6.77,6.80,28049041,6.76
2011/05/20,6.79,6.80,6.71,6.76,24060883,6.67
2011/05/23,6.85,6.86,6.57,6.58,39721861,6.64
2011/05/24,6.56,6.56,6.41,6.53,27870158,6.41
2011/05/25,6.52,6.82,6.44,6.65,49615945,6.59
2011/05/26,6.67,6.72,6.51,6.53,28858744,6.55
2011/05/27,6.53,6.66,6.52,6.57,32156377,6.52
2011/05/30,6.53,6.66,6.52,6.57,0,6.59
2011/05/31,6.61,6.74,6.57,6.71,33144477,6.60
2011/06/01,6.73,6.74,6.65,6.69,23489723,6.62
2011/06/02,6.61,6.71,6.52,6.62,22523189,6.54
2011/06/03,6.62,6.74,6.62,6.69,36531343,6.61
2011/06/07,6.76,6.92,6.76,6.92,80755668,6.79
2011/06/08,6.95,7.04,6.86,7.01,63210176,6.88
2011/06/09,6.95,7.04,6.86,7.01,0,6.95
2011/06/10,6.95,7.04,6.86,7.01,0,6.95
2011/06/13,6.95,7.04,6.86,7.01,0,6.95
2011/06/14,6.95,7.04,6.86,7.01,0,6.95
2011/06/15,7.07,7.42,6.84,6.88,139681631,7.03
2011/06/16,6.82,6.99,6.75,6.79,50457529,6.78
2011/06/17,6.77,6.82,6.65,6.66,29377404,6.66
2011/06/20,6.74,6.78,6.67,6.74,29522785,6.65
2011/06/21,6.79,6.82,6.58,6.72,41132029,6.61
2011/06/22,6.69,6.78,6.62,6.71,23305577,6.61
2011/06/23,6.67,6.79,6.64,6.77,23408235,6.61
2011/06/24,6.74,7.09,6.71,7.04,107152717,6.88
2011/06/27,7.01,7.25,6.99,7.13,77734224,7.03
2011/06/28,7.09,7.23,7.03,7.16,57001809,7.04
2011/06/29,7.19,7.24,7.10,7.18,56400868,7.07
2011/06/30,7.19,7.41,7.19,7.23,68928336,7.15
2011/07/01,7.27,7.29,7.11,7.14,47536551,7.05
2011/07/04,7.17,7.27,7.11,7.25,66375291,7.09
2011/07/05,7.25,7.30,7.19,7.25,44800923,7.13
2011/07/06,7.24,7.31,7.17,7.28,52924598,7.14
2011/07/07,7.28,7.41,7.24,7.31,82074707,7.22
2011/07/08,7.32,7.38,7.25,7.27,50354455,7.20
2011/07/11,7.23,7.25,7.14,7.18,48380779,7.06
2011/07/12,7.12,7.14,6.97,6.98,54048546,6.92
2011/07/13,6.97,7.09,6.97,7.05,48593561,6.91
2011/07/14,7.03,7.05,6.91,6.98,57434337,6.86
2011/07/15,6.97,7.04,6.94,7.01,35638354,6.90
2011/07/18,7.01,7.10,6.97,7.08,50728373,6.94
2011/07/19,7.06,7.13,6.97,6.99,46326116,6.94
2011/07/20,7.04,7.06,6.80,6.85,44546097,6.78
2011/07/21,6.86,6.90,6.80,6.82,22908002,6.73
2011/07/22,6.84,6.87,6.70,6.74,39595666,6.64
2011/07/25,6.26,6.36,6.10,6.15,261169703,6.10
2011/07/26,6.01,6.01,5.73,5.93,112569956,5.78
2011/07/27,5.87,6.02,5.83,5.96,90903338,5.84
2011/07/28,5.96,6.08,5.90,6.04,87229192,5.89
2011/07/29,6.06,6.06,5.91,5.92,48136815,5.85
2011/08/01,5.92,5.94,5.76,5.79,61326700,5.69
2011/08/02,5.77,5.77,5.56,5.60,57085946,5.49
2011/08/03,5.51,5.62,5.44,5.55,51930818,5.42
2011/08/04,5.56,5.68,5.56,5.65,60211832,5.51
2011/08/05,5.51,5.59,5.43,5.50,47137849,5.41
2011/08/08,5.43,5.52,5.21,5.41,72143871,5.28
2011/08/09,5.27,5.51,5.23,5.46,57663054,5.27
2011/08/10,5.55,5.58,5.46,5.48,57415459,5.40
2011/08/11,5.30,5.43,5.26,5.39,80380802,5.23
2011/08/12,5.39,5.61,5.31,5.52,102433279,5.35
2011/08/15,5.52,5.54,5.47,5.54,55872170,5.40
2011/08/16,5.57,5.69,5.57,5.60,68983265,5.52
2011/08/17,5.56,5.63,5.47,5.49,35281001,5.43
2011/08/18,5.50,5.52,5.24,5.32,56966447,5.26
2011/08/19,5.22,5.28,5.14,5.17,62486067,5.08
2011/08/22,5.16,5.23,5.04,5.07,48221741,5.02
2011/08/23,5.10,5.20,5.06,5.18,38073396,5.03
2011/08/24,5.21,5.24,5.13,5.17,28012966,5.07
2011/08/25,5.22,5.38,5.20,5.37,70831347,5.18
2011/08/26,5.33,5.41,5.30,5.37,37513872,5.25
2011/08/29,5.33,5.34,5.25,5.26,31100477,5.18
2011/08/30,5.30,5.33,5.18,5.19,35111204,5.14
2011/08/31,5.20,5.23,5.13,5.21,22175995,5.06
2011/09/01,5.21,5.21,5.15,5.16,19804573,5.07
2011/09/02,5.14,5.16,5.07,5.10,30300565,4.99
2011/09/05,5.06,5.06,4.91,4.92,36168660,4.85
2011/09/06,4.89,4.94,4.81,4.91,21870670,4.79
2011/09/07,4.94,4.99,4.91,4.98,20604311,4.84
2011/09/08,5.04,5.04,4.90,4.91,16266640,4.85
2011/09/09,4.94,4.98,4.86,4.87,23101719,4.79
2011/09/13,4.81,4.81,4.73,4.77,28689268,4.66
2011/09/14,4.79,4.80,4.65,4.74,39807425,4.60
2011/09/15,4.75,4.86,4.72,4.80,43717934,4.67
2011/09/16,4.81,4.84,4.69,4.72,42709588,4.64
2011/09/19,4.71,4.71,4.59,4.62,25828958,4.51
2011/09/20,4.62,4.67,4.57,4.64,21774515,4.52
2011/09/21,4.65,5.08,4.61,4.92,122013374,4.78
2011/09/22,4.86,4.93,4.76,4.77,67360955,4.74
2011/09/23,4.69,4.79,4.66,4.74,35982881,4.62
2011/09/26,4.74,4.86,4.69,4.75,62035838,4.67
2011/09/27,4.80,4.88,4.76,4.83,43528424,4.71
2011/09/28,4.76,4.82,4.72,4.75,47900873,4.66
2011/09/29,4.72,4.75,4.63,4.65,31649856,4.57
2011/09/30,4.67,4.69,4.58,4.62,24870208,4.50
2011/10/10,4.61,4.62,4.50,4.55,29831814,4.43
2011/10/11,4.68,4.70,4.48,4.55,25831836,4.47
2011/10/12,4.53,4.86,4.49,4.78,94115992,4.61
2011/10/13,4.85,5.07,4.80,5.02,126331515,4.85
2011/10/14,5.01,5.14,4.98,5.10,98429284,4.96
2011/10/17,5.06,5.18,5.04,5.14,64995893,5.01
2011/10/18,5.08,5.16,4.99,5.03,57263010,4.96
2011/10/19,5.00,5.20,4.96,5.12,74617177,4.98
2011/10/20,5.09,5.16,4.85,5.07,80303882,4.88
2011/10/21,5.03,5.14,4.96,5.10,54046157,4.96
2011/10/24,5.12,5.30,4.94,5.28,116567200,5.03
2011/10/25,5.26,5.53,5.21,5.44,109948051,5.29
2011/10/26,5.42,5.84,5.39,5.56,162594721,5.51
2011/10/27,5.55,5.59,5.43,5.44,55064384,5.38
2011/10/28,5.53,5.76,5.44,5.56,96865104,5.45
2011/10/31,5.54,5.61,5.38,5.59,68989452,5.38
2011/11/01,5.53,5.76,5.48,5.67,70848828,5.55
2011/11/02,5.62,5.96,5.55,5.91,124235372,5.68
2011/11/03,5.95,5.96,5.79,5.80,77973797,5.75
2011/11/04,5.84,5.89,5.66,5.74,69411864,5.63
2011/11/07,5.84,5.89,5.66,5.74,0,5.77
2011/11/08,5.65,5.68,5.42,5.50,100488359,5.40
2011/11/09,5.50,5.56,5.41,5.55,49457868,5.38
2011/11/10,5.48,5.49,5.39,5.40,45438699,5.32
2011/11/11,5.43,5.56,5.37,5.44,30830072,5.34
2011/11/14,5.49,5.57,5.45,5.54,48095744,5.40
2011/11/15,5.54,5.54,5.45,5.49,36639652,5.37
2011/11/16,5.49,5.49,5.24,5.33,51830073,5.23
2011/11/17,5.30,5.36,5.25,5.28,22192165,5.18
2011/11/18,5.24,5.32,5.21,5.26,32726646,5.16
2011/11/21,5.25,5.39,5.23,5.37,31408065,5.24
2011/11/22,5.31,5.40,5.29,5.36,19634790,5.24
2011/11/23,5.35,5.39,5.28,5.34,21023501,5.22
2011/11/24,5.30,5.32,5.15,5.29,23759907,5.14
2011/11/25,5.29,5.32,5.19,5.22,10795414,5.14
2011/11/28,5.22,5.29,5.21,5.22,13019494,5.14
2011/11/29,5.27,5.31,5.25,5.30,18369544,5.16
2011/11/30,5.27,5.36,5.09,5.20,24796626,5.10
2011/12/01,5.31,5.41,5.21,5.37,36604617,5.23
2011/12/02,5.37,5.46,5.32,5.43,47912278,5.31
2011/12/05,5.43,5.44,5.23,5.36,34865972,5.19
2011/12/06,5.33,5.36,5.25,5.35,16367805,5.19
2011/12/07,5.35,5.38,5.31,5.36,16292757,5.24
2011/12/08,5.34,5.37,5.28,5.32,15234292,5.21
2011/12/09,5.29,5.33,5.26,5.30,15524579,5.18
2011/12/12,5.27,5.32,5.19,5.23,15070850,5.15
2011/12/13,5.19,5.19,4.86,4.98,55180689,4.85
2011/12/14,4.94,4.96,4.81,4.90,19743192,4.76
2011/12/15,4.84,4.91,4.74,4.84,18790442,4.72
2011/12/16,4.83,5.03,4.76,5.00,20574051,4.75
2011/12/19,4.98,4.98,4.86,4.95,20229278,4.80
2011/12/20,4.95,5.04,4.95,4.96,15716348,4.87
2011/12/21,5.00,5.02,4.81,4.88,13173082,4.84
2011/12/22,4.82,4.94,4.76,4.85,20422443,4.76
2011/12/23,4.87,4.96,4.84,4.88,23372782,4.79
2011/12/26,4.87,4.88,4.49,4.53,75439401,4.54
2011/12/27,4.51,4.57,4.35,4.44,39021422,4.32
2011/12/28,4.42,4.44,4.31,4.39,25451193,4.27
2011/12/29,4.41,4.54,4.38,4.43,45908903,4.34
2011/12/30,4.44,4.47,4.38,4.44,29679449,4.33
2012/01/04,4.47,4.50,4.27,4.28,27088361,4.27
2012/01/05,4.31,4.32,4.20,4.26,29486209,4.17
2012/01/06,4.26,4.30,4.21,4.28,22609502,4.14
2012/01/09,4.28,4.41,4.25,4.40,54673628,4.23
2012/01/10,4.39,4.63,4.38,4.61,80050786,4.40
2012/01/11,4.61,4.68,4.54,4.61,47137054,4.49
2012/01/12,4.61,4.73,4.56,4.63,35091888,4.53
2012/01/13,4.65,4.66,4.46,4.58,40277677,4.45
2012/01/16,4.54,4.61,4.45,4.52,18571547,4.42
2012/01/17,4.51,4.96,4.50,4.84,52750101,4.60
2012/01/18,4.83,4.89,4.67,4.73,40653215,4.66
2012/01/19,4.77,4.85,4.67,4.83,31477119,4.66
2012/01/20,4.84,4.87,4.77,4.85,22204113,4.72
2012/01/30,4.88,4.90,4.75,4.75,22624110,4.70
2012/01/31,4.77,4.79,4.66,4.71,23032585,4.60
2012/02/01,4.71,4.75,4.64,4.67,18041116,4.59
2012/02/02,4.68,4.77,4.63,4.77,23818524,4.61
2012/02/03,4.77,4.82,4.71,4.77,27866949,4.66
2012/02/06,4.77,4.80,4.72,4.75,21531826,4.65
2012/02/07,4.73,4.78,4.65,4.68,24392279,4.59
2012/02/08,4.68,4.79,4.67,4.78,25486816,4.63
2012/02/09,4.78,4.86,4.75,4.78,30130995,4.69
2012/02/10,4.76,4.92,4.75,4.84,52587633,4.74
2012/02/13,4.81,4.97,4.78,4.94,48678058,4.77
2012/02/14,4.91,4.96,4.88,4.94,20717430,4.80
2012/02/15,4.93,4.97,4.89,4.96,23665965,4.82
2012/02/16,4.93,5.00,4.89,4.93,27249802,4.83
2012/02/17,4.96,4.98,4.91,4.93,16386586,4.84
2012/02/20,4.99,5.01,4.92,4.92,29749408,4.85
2012/02/21,4.94,4.94,4.86,4.93,24869951,4.80
2012/02/22,4.94,5.01,4.92,4.98,30914013,4.86
2012/02/23,4.97,5.01,4.94,4.96,31724217,4.86
2012/02/24,4.97,5.12,4.95,5.10,77109495,4.95
2012/02/27,5.12,5.25,5.12,5.17,56903468,5.08
2012/02/28,5.15,5.21,5.07,5.15,38281325,5.01
2012/02/29,5.12,5.15,5.01,5.04,37293210,4.95
2012/03/01,5.01,5.06,4.99,5.03,17964081,4.92
2012/03/02,5.03,5.15,5.02,5.10,40098947,4.97
2012/03/05,5.09,5.12,5.01,5.02,33666491,4.95
2012/03/06,5.01,5.03,4.90,4.90,30281732,4.84
2012/03/07,4.88,4.91,4.83,4.84,23725785,4.75
2012/03/08,4.86,4.91,4.84,4.87,20349341,4.76
2012/03/09,4.89,4.94,4.85,4.89,29072092,4.78
2012/03/12,4.91,4.92,4.83,4.87,36624221,4.75
2012/03/13,4.86,4.88,4.82,4.87,30491074,4.74
2012/03/14,4.89,4.94,4.63,4.73,67702421,4.73
2012/03/15,4.71,4.72,4.64,4.65,38576525,4.56
2012/03/16,4.67,4.71,4.60,4.69,31793804,4.55
2012/03/19,4.69,4.83,4.64,4.78,31033703,4.63
2012/03/20,4.77,4.77,4.66,4.69,20491748,4.59
2012/03/21,4.72,4.75,4.66,4.68,21146912,4.59
2012/03/22,4.73,4.83,4.72,4.74,40027047,4.66
2012/03/23,4.76,4.76,4.62,4.65,20265120,4.59
2012/03/26,4.64,4.67,4.58,4.61,16639092,4.51
2012/03/27,4.61,4.64,4.57,4.59,13008090,4.49
2012/03/28,4.58,4.59,4.46,4.48,19462414,4.41
2012/03/29,4.46,4.61,4.39,4.53,23023760,4.37
2012/03/30,4.52,4.59,4.50,4.55,16105991,4.44
2012/04/05,4.56,4.74,4.55,4.65,29829561,4.51
2012/04/06,4.64,4.69,4.56,4.61,22404768,4.51
2012/04/09,4.61,4.62,4.52,4.53,15780731,4.47
2012/04/10,4.53,4.57,4.47,4.56,13472499,4.40
2012/04/11,4.51,4.54,4.46,4.51,23717119,4.39
2012/04/12,4.50,4.56,4.47,4.56,38544154,4.41
2012/04/13,4.56,4.61,4.55,4.60,35465197,4.48
2012/04/16,4.59,4.67,4.57,4.65,40406154,4.53
2012/04/17,4.68,4.71,4.63,4.64,30189715,4.56
2012/04/18,4.69,4.99,4.69,4.95,116442958,4.76
2012/04/19,4.94,5.01,4.87,4.91,44727132,4.82
2012/04/20,4.95,5.19,4.92,5.08,86310332,4.97
2012/04/23,5.10,5.21,5.00,5.03,69314892,5.00
2012/04/24,5.03,5.06,4.88,5.03,44783992,4.86
2012/04/25,5.05,5.19,5.01,5.15,69409301,5.00
2012/04/26,5.17,5.21,5.10,5.15,46529357,5.03
2012/04/27,5.16,5.19,5.11,5.13,25778612,5.03
2012/05/02,5.19,5.23,5.13,5.16,58856865,5.05
2012/05/03,5.14,5.15,5.07,5.07,43441277,4.98
2012/05/04,5.07,5.11,5.02,5.10,31867182,4.97
2012/05/07,5.05,5.11,5.02,5.06,35791395,4.95
2012/05/08,5.09,5.09,5.03,5.06,25999185,4.95
2012/05/09,5.03,5.04,4.91,4.92,31390880,4.85
2012/05/10,4.90,4.97,4.87,4.91,28641245,4.80
2012/05/11,4.89,4.95,4.87,4.89,22620962,4.79
2012/05/14,4.92,4.96,4.89,4.93,23441272,4.82
2012/05/15,4.90,4.93,4.83,4.92,22151618,4.76
2012/05/16,4.89,4.91,4.76,4.79,27677615,4.71
2012/05/17,4.79,4.94,4.76,4.88,25856513,4.74
2012/05/18,4.84,4.85,4.77,4.78,17592269,4.69
2012/05/21,4.85,5.11,4.85,4.94,60371912,4.87
2012/05/22,4.97,5.05,4.93,5.01,47783569,4.89
2012/05/23,5.02,5.10,4.99,5.06,40887037,4.94
2012/05/24,5.09,5.20,5.00,5.03,51537184,4.99
2012/05/25,5.04,5.16,4.93,5.10,54252867,4.97
2012/05/28,5.11,5.23,5.02,5.21,76940582,5.05
2012/05/29,5.21,5.24,5.13,5.18,54241352,5.07
2012/05/30,5.21,5.24,5.13,5.18,0,5.19
2012/05/31,5.12,5.13,5.02,5.04,41084365,4.95
2012/06/01,5.02,5.07,4.96,5.05,29497043,4.91
2012/06/04,4.97,4.97,4.89,4.92,32068494,4.81
2012/06/05,4.91,4.94,4.86,4.88,20172527,4.79
2012/06/06,4.88,4.91,4.83,4.89,13436800,4.76
2012/06/07,4.93,4.96,4.84,4.88,14874218,4.79
2012/06/08,4.91,4.91,4.70,4.76,32638909,4.68
2012/06/11,4.76,4.85,4.75,4.83,16063383,4.69
2012/06/12,4.79,4.88,4.78,4.86,16117438,4.71
2012/06/13,4.87,4.94,4.82,4.93,25636615,4.77
2012/06/14,4.90,4.92,4.83,4.84,11548412,4.76
2012/06/15,4.86,4.89,4.80,4.87,14070139,4.74
2012/06/18,4.89,4.94,4.88,4.90,13541382,4.80
2012/06/19,4.89,5.02,4.87,4.95,35696162,4.86
2012/06/20,4.97,4.98,4.90,4.96,14080317,4.83
2012/06/21,4.94,4.95,4.86,4.88,13013051,4.78
2012/06/25,4.87,4.88,4.78,4.79,13567494,4.73
2012/06/26,4.75,4.82,4.73,4.81,10411612,4.66
2012/06/27,4.81,4.83,4.75,4.78,11796000,4.68
2012/06/28,4.78,4.79,4.71,4.72,12707167,4.65
2012/06/29,4.72,4.72,4.55,4.67,34413583,4.52
2012/07/02,4.69,4.70,4.55,4.57,27922344,4.49
2012/07/03,4.59,4.68,4.58,4.60,26924207,4.51
2012/07/04,4.61,4.63,4.42,4.49,33977640,4.39
2012/07/05,4.46,4.47,4.31,4.41,34931772,4.27
2012/07/06,4.44,4.51,4.39,4.50,28572086,4.33
2012/07/09,4.51,4.58,4.43,4.46,28171318,4.22
2012/07/10,4.48,4.51,4.43,4.48,17757745,4.18
2012/07/11,4.53,4.75,4.52,4.67,53806861,4.37
2012/07/12,4.67,4.72,4.63,4.68,23866026,4.38
2012/07/13,4.68,4.71,4.62,4.69,23387950,4.38
2012/07/16,4.69,4.69,4.58,4.59,24075944,4.32
2012/07/17,4.58,4.68,4.56,4.64,21679367,4.33
2012/07/18,4.61,4.64,4.56,4.62,10782673,4.31
2012/07/19,4.62,4.67,4.57,4.62,23856066,4.34
2012/07/20,4.60,4.69,4.59,4.65,23405614,4.36
2012/07/23,4.62,4.62,4.50,4.55,13636061,4.28
2012/07/24,4.53,4.60,4.51,4.58,7311375,4.28
2012/07/25,4.57,4.60,4.54,4.57,9879331,4.29
2012/07/26,4.56,4.58,4.47,4.48,20857838,4.21
2012/07/27,4.50,4.51,4.47,4.49,10335803,4.20
2012/07/30,4.52,4.53,4.45,4.47,13788940,4.19
2012/07/31,4.49,4.50,4.45,4.46,13529545,4.19
2012/08/01,4.49,4.58,4.46,4.56,23240028,4.25
2012/08/02,4.60,4.62,4.56,4.59,17172026,4.29
2012/08/03,4.60,4.64,4.57,4.64,21342553,4.33
2012/08/06,4.63,4.66,4.61,4.65,14991779,4.35
2012/08/07,4.65,4.66,4.60,4.61,13220343,4.33
2012/08/08,4.62,4.63,4.58,4.61,13648937,4.31
2012/08/09,4.60,4.65,4.58,4.64,14988782,4.34
2012/08/10,4.64,4.65,4.60,4.62,9829876,4.33
2012/08/13,4.62,4.62,4.53,4.54,15642104,4.28
2012/08/14,4.55,4.56,4.52,4.54,12200989,4.25
2012/08/15,4.55,4.55,4.49,4.50,8035914,4.22
2012/08/16,4.50,4.51,4.47,4.49,8029732,4.20
2012/08/17,4.51,4.62,4.49,4.60,19851768,4.26
2012/08/20,4.61,4.61,4.52,4.57,19854905,4.27
2012/08/21,4.57,4.60,4.53,4.58,14646125,4.29
2012/08/22,4.58,4.58,4.50,4.51,10985819,4.25
2012/08/23,4.53,4.56,4.51,4.52,7047302,4.24
2012/08/24,4.51,4.57,4.47,4.49,9607388,4.22
2012/08/27,4.50,4.50,4.26,4.29,35866067,4.04
2012/08/28,4.29,4.36,4.28,4.32,12971512,4.02
2012/08/29,4.32,4.33,4.26,4.31,13451266,4.00
2012/08/30,4.35,4.44,4.32,4.35,25906579,4.09
2012/08/31,4.34,4.35,4.24,4.28,20639463,4.02
2012/09/03,4.27,4.31,4.26,4.27,23516488,3.99
2012/09/04,4.29,4.30,4.17,4.21,23327385,3.93
2012/09/05,4.19,4.20,4.10,4.16,28230077,3.84
2012/09/06,4.30,4.37,4.28,4.33,65449659,4.04
2012/09/07,4.37,4.71,4.34,4.58,104418622,4.23
2012/09/10,4.61,4.64,4.54,4.57,38953536,4.30
2012/09/11,4.61,4.64,4.54,4.57,32614432,4.30
2012/09/12,4.61,4.65,4.55,4.59,26184872,4.31
2012/09/13,4.59,4.59,4.52,4.53,20104751,4.26
2012/09/14,4.57,4.59,4.51,4.53,23327329,4.26
2012/09/17,4.51,4.52,4.38,4.39,24811864,4.15
2012/09/18,4.35,4.39,4.30,4.30,18764049,4.04
2012/09/19,4.30,4.37,4.29,4.34,20390763,4.03
2012/09/20,4.32,4.33,4.21,4.23,19477785,3.96
2012/09/21,4.23,4.26,4.19,4.20,15455746,3.94
2012/09/24,4.18,4.25,4.11,4.20,23760713,3.89
2012/09/25,4.18,4.22,4.14,4.15,13396857,3.88
2012/09/26,4.16,4.17,4.08,4.09,21663464,3.82
2012/09/27,4.09,4.24,4.04,4.18,33872595,3.85
2012/09/28,4.18,4.41,4.15,4.40,66809291,4.01
2012/10/08,4.38,4.46,4.28,4.34,26592445,4.06
2012/10/09,4.36,4.47,4.36,4.47,42640173,4.15
2012/10/10,4.46,4.49,4.42,4.48,18150247,4.17
2012/10/11,4.47,4.63,4.46,4.50,69895393,4.28
2012/10/12,4.54,4.57,4.48,4.54,29927974,4.25
2012/10/15,4.56,4.57,4.47,4.53,24272742,4.22
2012/10/16,4.51,4.59,4.50,4.54,17894335,4.26
2012/10/17,4.55,4.61,4.52,4.55,16833075,4.26
2012/10/18,4.56,4.66,4.56,4.62,27552267,4.33
2012/10/19,4.62,4.64,4.58,4.59,10304887,4.32
2012/10/22,4.58,4.61,4.53,4.58,16756028,4.28
2012/10/23,4.57,4.71,4.57,4.63,44429293,4.37
2012/10/24,4.61,4.69,4.59,4.63,17134446,4.36
2012/10/25,4.64,4.67,4.51,4.53,23343567,4.29
2012/10/26,4.53,4.56,4.44,4.45,16775709,4.19
2012/10/29,4.41,4.55,4.41,4.47,14705423,4.21
2012/10/30,4.47,4.54,4.46,4.53,22472170,4.21
2012/10/31,4.53,4.79,4.51,4.76,104329997,4.42
2012/11/01,4.76,4.92,4.76,4.82,63655622,4.55
2012/11/02,4.82,4.85,4.79,4.82,25546260,4.54
2012/11/05,4.82,4.90,4.78,4.88,26135295,4.55
2012/11/06,4.88,4.88,4.76,4.83,22472365,4.51
2012/11/07,4.83,4.86,4.76,4.77,14013895,4.52
2012/11/08,4.76,4.86,4.72,4.77,42380562,4.52
2012/11/09,4.78,4.99,4.77,4.96,68289658,4.63
2012/11/12,4.96,5.14,4.93,5.09,71319999,4.80
2012/11/13,5.12,5.12,4.97,4.99,38313581,4.72
2012/11/14,4.97,5.07,4.88,4.94,37547324,4.66
2012/11/15,4.94,4.97,4.82,4.84,49584261,4.59
2012/11/16,4.82,5.02,4.79,4.89,65881130,4.58
2012/11/19,4.85,5.01,4.82,4.98,44536025,4.61
2012/11/20,4.98,5.01,4.82,4.83,37948861,4.61
2012/11/21,4.84,4.92,4.83,4.90,21982836,4.58
2012/11/22,4.90,4.92,4.86,4.92,25546787,4.60
2012/11/23,4.93,5.05,4.89,5.01,35669042,4.71
2012/11/26,4.99,5.10,4.98,5.04,31411942,4.77
2012/11/27,5.04,5.08,4.90,4.97,33796583,4.69
2012/11/28,4.95,4.95,4.83,4.88,28755018,4.58
2012/11/29,4.87,4.94,4.87,4.92,30923150,4.63
2012/11/30,4.93,5.14,4.92,5.07,48315285,4.77
2012/12/03,5.07,5.19,5.05,5.13,46155083,4.84
2012/12/04,5.11,5.18,5.06,5.13,29662527,4.84
2012/12/05,5.13,5.37,5.12,5.34,67807681,4.98
2012/12/06,5.34,5.36,5.18,5.22,55215578,4.95
2012/12/07,5.20,5.31,5.16,5.23,46956644,4.95
2012/12/10,5.24,5.36,5.20,5.28,47318411,4.99
2012/12/11,5.26,5.26,5.18,5.20,24152173,4.91
2012/12/12,5.19,5.24,5.11,5.21,24102053,4.88
2012/12/13,5.22,5.26,5.19,5.19,21984884,4.93
2012/12/14,5.20,5.34,5.16,5.33,66735399,4.99
2012/12/17,5.33,5.37,5.21,5.25,67329967,4.99
2012/12/18,5.26,5.29,5.20,5.22,42528221,4.95
2012/12/19,5.24,5.24,5.17,5.21,31865300,4.91
2012/12/20,5.21,5.21,5.09,5.17,41559966,4.86
2012/12/21,5.17,5.30,5.15,5.19,45566378,4.94
2012/12/24,5.19,5.24,5.10,5.13,42012971,4.87
2012/12/25,5.12,5.27,5.12,5.25,50397063,4.94
2012/12/26,5.27,5.31,5.22,5.30,49789874,4.97
2012/12/27,5.31,5.34,5.18,5.22,32654639,4.95
2012/12/28,5.21,5.25,5.15,5.25,33238669,4.91
2012/12/31,5.24,5.30,5.14,5.25,54622369,4.94
2013/01/04,5.26,5.47,5.20,5.46,111244667,5.11
2013/01/07,5.44,5.49,5.38,5.48,68787735,5.17
2013/01/08,5.47,5.47,5.36,5.39,45078889,5.10
2013/01/09,5.37,5.38,5.28,5.34,40466684,5.04
2013/01/10,5.33,5.38,5.25,5.31,43013401,5.02
2013/01/11,5.31,5.32,5.22,5.23,28686758,4.97
2013/01/14,5.27,5.39,5.26,5.39,49982314,5.05
2013/01/15,5.39,5.49,5.33,5.42,86616342,5.10
2013/01/16,5.43,5.43,5.27,5.31,54975186,5.03
2013/01/17,5.31,5.32,5.17,5.22,49052002,4.93
2013/01/18,5.24,5.32,5.17,5.30,65235361,4.94
2013/01/21,5.31,5.39,5.22,5.31,61574500,5.01
2013/01/22,5.31,5.32,5.17,5.21,65839536,4.93
2013/01/23,5.18,5.22,5.12,5.19,30913606,4.87
2013/01/24,5.18,5.26,5.07,5.09,58734751,4.86
2013/01/25,5.11,5.11,4.99,5.00,41962348,4.73
2013/01/28,5.00,5.14,5.00,5.13,58861555,4.79
2013/01/29,5.13,5.20,5.13,5.17,46740475,4.88
2013/01/30,5.17,5.20,5.15,5.18,37248282,4.88
2013/01/31,5.18,5.19,5.11,5.14,28980512,4.85
2013/02/01,5.17,5.17,5.07,5.10,47434128,4.81
2013/02/04,5.13,5.15,5.01,5.05,54796525,4.79
2013/02/05,5.05,5.53,5.05,5.53,240127133,5.10
2013/02/06,5.51,5.51,5.33,5.40,114853412,5.09
2013/02/07,5.39,5.40,5.33,5.36,46771238,5.07
2013/02/08,5.35,5.41,5.33,5.37,50326083,5.08
2013/02/18,5.40,5.42,5.34,5.36,35525614,5.08
2013/02/19,5.38,5.53,5.35,5.37,82644707,5.15
2013/02/20,5.38,5.41,5.28,5.35,42466526,5.03
2013/02/21,5.29,5.30,5.15,5.18,47807911,4.93
2013/02/22,5.18,5.23,5.15,5.16,26883933,4.90
2013/02/25,5.19,5.25,5.18,5.20,31008526,4.92
2013/02/26,5.20,5.20,5.02,5.03,49628685,4.82
2013/02/27,5.06,5.11,4.92,4.98,43536019,4.71
2013/02/28,5.01,5.10,4.95,5.08,44433470,4.76
2013/03/01,5.10,5.10,4.98,5.05,32946387,4.75
2013/03/04,5.01,5.04,4.89,4.93,46079430,4.67
2013/03/05,4.93,5.02,4.93,5.00,33397192,4.68
2013/03/06,5.02,5.15,5.02,5.12,45493530,4.81
2013/03/07,5.08,5.16,5.04,5.07,36415934,4.81
2013/03/08,5.07,5.09,5.00,5.00,16082153,4.75
2013/03/11,5.04,5.13,5.01,5.04,22497551,4.78
2013/03/12,5.04,5.06,4.86,4.90,36331188,4.66
2013/03/13,4.89,4.89,4.64,4.73,45859733,4.46
2013/03/14,4.72,4.73,4.66,4.69,19205763,4.40
2013/03/15,4.69,4.83,4.69,4.73,39562188,4.48
2013/03/18,4.74,4.79,4.61,4.64,29493448,4.38
2013/03/19,4.67,4.68,4.55,4.63,22807447,4.33
2013/03/20,4.63,4.73,4.61,4.71,28268435,4.40
2013/03/21,4.74,4.76,4.68,4.72,26975659,4.43
2013/03/22,4.71,4.72,4.67,4.70,23984684,4.40
2013/03/25,4.71,4.73,4.65,4.68,17749298,4.39
2013/03/26,4.67,4.67,4.55,4.58,35252981,4.29
2013/03/27,4.59,4.63,4.56,4.58,15488600,4.30
2013/03/28,4.56,4.58,4.30,4.35,70875317,4.13
2013/03/29,4.38,4.44,4.36,4.38,32366162,4.11
2013/04/01,4.38,4.39,4.29,4.33,37415621,4.03
2013/04/02,4.32,4.37,4.25,4.28,56679290,4.01
2013/04/03,4.30,4.32,4.26,4.27,32784742,4.00
2013/04/08,4.24,4.28,4.19,4.27,35781253,3.95
2013/04/09,4.28,4.35,4.26,4.33,26839091,4.02
2013/04/10,4.34,4.47,4.31,4.46,72405879,4.12
2013/04/11,4.46,4.51,4.42,4.42,39888100,4.18
2013/04/12,4.42,4.45,4.31,4.36,35545253,4.08
2013/04/15,4.36,4.37,4.27,4.32,23764308,4.02
2013/04/16,4.28,4.39,4.26,4.39,27837738,4.06
2013/04/17,4.39,4.41,4.32,4.35,20384052,4.06
2013/04/18,4.35,4.36,4.30,4.33,27750550,4.03
2013/04/19,4.34,4.42,4.32,4.41,53895283,4.09
2013/04/22,4.38,4.40,4.35,4.37,29994500,4.09
2013/04/23,4.37,4.39,4.26,4.28,32468642,4.01
2013/04/24,4.29,4.34,4.28,4.32,26286783,4.02
2013/04/25,4.32,4.35,4.27,4.31,26084493,4.02
2013/04/26,4.31,4.33,4.27,4.27,16381021,4.00
2013/05/02,4.27,4.28,4.21,4.23,19595668,3.94
2013/05/03,4.24,4.33,4.24,4.31,24425010,4.01
2013/05/06,4.31,4.36,4.31,4.34,25808731,4.05
2013/05/07,4.37,4.39,4.34,4.37,33380928,4.07
2013/05/08,4.39,4.43,4.38,4.42,39624463,4.12
2013/05/09,4.43,4.44,4.35,4.38,40855954,4.09
2013/05/10,4.37,4.40,4.35,4.39,32335956,4.09
2013/05/13,4.39,4.52,4.39,4.47,56819953,4.18
2013/05/14,4.47,4.53,4.42,4.45,42359809,4.19
2013/05/15,4.45,4.52,4.43,4.48,30684642,4.19
2013/05/16,4.48,4.53,4.45,4.50,29476183,4.20
2013/05/17,4.50,4.56,4.48,4.55,49808717,4.24
2013/05/20,4.55,4.64,4.53,4.61,48402439,4.31
2013/05/21,4.59,4.66,4.55,4.63,41792004,4.33
2013/05/22,4.63,4.67,4.57,4.60,30686311,4.33
2013/05/23,4.59,4.59,4.50,4.52,34210396,4.26
2013/05/24,4.52,4.63,4.52,4.59,44946899,4.29
2013/05/27,4.59,4.65,4.57,4.59,34692904,4.32
2013/05/28,4.65,4.75,4.63,4.74,72580074,4.40
2013/05/29,4.75,4.82,4.71,4.72,44634094,4.48
2013/05/30,4.70,4.79,4.67,4.72,31921168,4.44
2013/05/31,4.73,4.76,4.68,4.69,27673841,4.44
2013/06/03,4.70,4.75,4.68,4.70,26209966,4.43
2013/06/04,4.69,4.69,4.55,4.57,30544587,4.30
2013/06/05,4.57,4.59,4.52,4.58,16872459,4.26
2013/06/06,4.58,4.60,4.51,4.52,17019331,4.26
2013/06/07,4.54,4.57,4.39,4.42,23526018,4.17
2013/06/13,4.38,4.38,4.23,4.28,37566374,3.98
2013/06/14,4.29,4.31,4.24,4.30,23927375,3.99
2013/06/17,4.30,4.44,4.25,4.36,26184490,4.07
2013/06/18,4.35,4.43,4.34,4.36,22853261,4.09
2013/06/19,4.36,4.37,4.26,4.33,15570446,4.01
2013/06/20,4.32,4.32,4.24,4.25,26655611,3.97
2013/06/21,4.22,4.27,4.16,4.23,24019399,3.93
2013/06/24,4.22,4.23,4.03,4.04,30813261,3.83
2013/06/25,4.01,4.04,3.69,4.04,38501255,3.65
2013/06/26,4.04,4.15,3.99,4.02,42552928,3.77
2013/06/27,4.04,4.10,3.92,3.94,31700293,3.71
2013/06/28,3.94,4.00,3.83,3.89,49959815,3.63
2013/07/01,3.90,3.94,3.84,3.91,32496477,3.60
2013/07/02,3.91,3.91,3.83,3.85,44297108,3.56
2013/07/03,3.85,3.86,3.77,3.80,26241511,3.51
2013/07/04,3.81,3.89,3.75,3.86,34250192,3.56
2013/07/05,3.87,3.89,3.83,3.85,22482256,3.57
2013/07/08,3.85,3.85,3.72,3.72,30688720,3.39
2013/07/09,3.72,3.78,3.70,3.73,17951175,3.74
2013/07/10,3.75,3.85,3.75,3.85,31382615,3.80
2013/07/11,3.86,4.14,3.86,4.01,72339773,3.65
2013/07/12,4.04,4.21,4.01,4.08,94122868,3.73
2013/07/15,4.07,4.17,4.01,4.16,67669699,4.09
2013/07/16,4.12,4.28,4.06,4.23,80840901,4.17
2013/07/17,4.21,4.33,4.13,4.17,75758087,3.85
2013/07/18,4.15,4.19,4.01,4.03,64193881,3.69
2013/07/19,4.06,4.08,3.89,3.90,72688053,3.58
2013/07/22,3.88,3.96,3.84,3.95,34552477,3.90
2013/07/23,3.97,4.30,3.96,4.24,116343222,3.82
2013/07/24,4.23,4.34,4.19,4.29,84012109,3.90
2013/07/25,4.46,4.57,4.40,4.41,114923735,4.11
2013/07/26,4.40,4.47,4.33,4.38,41725143,4.01
2013/07/29,4.36,4.36,4.21,4.27,37379599,3.90
2013/07/30,4.27,4.42,4.21,4.37,53478154,3.96
2013/07/31,4.37,4.45,4.37,4.39,28165466,4.02
2013/08/01,4.44,4.54,4.43,4.52,48373403,4.12
2013/08/02,4.54,4.62,4.47,4.48,67703357,4.18
2013/08/05,4.52,4.59,4.50,4.55,52977563,4.16
2013/08/06,4.56,4.60,4.50,4.55,45697551,4.16
2013/08/07,4.58,4.59,4.42,4.45,41870955,4.11
2013/08/08,4.48,4.52,4.42,4.46,32025413,4.08
2013/08/09,4.50,4.50,4.37,4.43,28753330,4.05
2013/08/12,4.45,4.55,4.39,4.54,58914416,4.10
2013/08/13,4.58,4.60,4.51,4.53,33237021,4.16
2013/08/14,4.58,4.59,4.48,4.50,40318884,4.15
2013/08/15,4.51,4.58,4.49,4.52,50086997,4.17
2013/08/16,4.48,4.93,4.40,4.52,105919571,4.22
2013/08/19,4.48,4.54,4.45,4.53,36092730,4.13
2013/08/20,4.60,4.71,4.55,4.60,80229953,4.26
2013/08/21,4.64,4.64,4.55,4.62,31139879,4.22
2013/08/22,4.62,4.63,4.52,4.53,26966263,4.18
2013/08/23,4.55,4.56,4.39,4.45,45390538,4.08
2013/08/26,4.44,4.51,4.42,4.49,29583253,4.08
2013/08/27,4.49,4.49,4.42,4.47,28593876,4.07
2013/08/28,4.44,4.45,4.38,4.40,37989825,4.03
2013/08/29,4.39,4.43,4.34,4.38,41541974,4.00
2013/08/30,4.37,4.41,4.34,4.38,41632258,4.00
2013/09/02,4.38,4.47,4.34,4.43,33242495,4.03
2013/09/03,4.45,4.51,4.40,4.50,31515119,4.07
2013/09/04,4.48,4.49,4.39,4.41,32646732,4.05
2013/09/05,4.41,4.42,4.36,4.38,21990956,4.00
2013/09/06,4.37,4.40,4.32,4.37,35219529,3.97
2013/09/09,4.50,4.55,4.43,4.49,81398925,4.11
2013/09/10,4.50,4.58,4.44,4.58,103242167,4.14
2013/09/11,4.66,4.76,4.62,4.66,128583202,4.30
2013/09/12,4.63,4.70,4.58,4.65,61749585,4.26
2013/09/13,4.66,4.70,4.59,4.61,36541649,4.25
2013/09/16,4.65,4.66,4.54,4.55,38885280,4.20
2013/09/17,4.55,4.57,4.48,4.49,46203415,4.14
2013/09/18,4.49,4.50,4.42,4.47,28928127,4.07
2013/09/23,4.48,4.51,4.44,4.50,34695481,4.10
2013/09/24,4.49,4.49,4.40,4.43,35227751,4.05
2013/09/25,4.43,4.43,4.38,4.39,36457483,4.02
2013/09/26,4.39,4.40,4.27,4.29,52828142,3.94
2013/09/27,4.29,4.31,4.21,4.25,33651007,3.87
2013/09/30,4.26,4.30,4.22,4.29,33364398,3.87
2013/10/08,4.27,4.34,4.22,4.33,42520266,3.90
2013/10/09,4.31,4.32,4.24,4.29,43008944,3.90
2013/10/10,4.28,4.30,4.23,4.26,34555799,3.88
2013/10/11,4.26,4.31,4.25,4.30,38757732,3.90
2013/10/14,4.48,4.69,4.48,4.69,220264325,4.25
2013/10/15,4.78,4.78,4.59,4.63,176005413,4.30
2013/10/16,4.63,4.67,4.49,4.55,73172696,4.19
2013/10/17,4.57,4.60,4.48,4.50,34858861,4.16
2013/10/18,4.56,4.68,4.55,4.57,48595619,4.22
2013/10/21,4.66,4.72,4.58,4.69,97074371,4.29
2013/10/22,4.78,5.06,4.71,4.96,236208495,4.53
2013/10/23,5.03,5.28,4.96,4.98,187298192,4.75
2013/10/24,4.98,5.15,4.85,5.07,123518229,4.68
2013/10/25,4.98,5.08,4.83,4.91,77359914,4.57
2013/10/28,4.98,5.07,4.94,5.04,59663487,4.63
2013/10/29,5.05,5.07,4.77,4.88,71391506,4.52
2013/10/30,4.92,5.32,4.86,5.27,185072373,4.80
2013/10/31,5.18,5.32,5.18,5.25,108982999,4.89
2013/11/01,5.27,5.29,5.09,5.16,56787999,4.81
2013/11/04,5.19,5.44,5.15,5.34,104955071,4.92
2013/11/05,5.30,5.43,5.21,5.38,99352517,4.96
2013/11/06,5.38,5.46,5.28,5.30,63154201,4.99
2013/11/07,5.29,5.40,5.17,5.19,54668142,4.90
2013/11/08,5.21,5.31,5.07,5.12,53459142,4.78
2013/11/11,5.23,5.48,5.21,5.46,109667256,4.99
2013/11/12,5.48,5.53,5.35,5.44,71965480,5.03
2013/11/13,5.39,5.46,5.31,5.37,47114802,5.00
2013/11/14,5.36,5.42,5.29,5.38,46891461,4.97
2013/11/15,5.38,5.57,5.32,5.41,95168131,5.08
2013/11/18,5.46,5.55,5.32,5.45,105945555,5.03
2013/11/19,5.46,5.56,5.43,5.47,75160377,5.12
2013/11/20,5.52,5.54,5.43,5.49,47915927,5.09
2013/11/21,5.46,5.49,5.34,5.40,61623676,5.04
2013/11/22,5.40,5.41,5.11,5.20,110297929,4.87
2013/11/25,5.18,5.53,5.18,5.47,138460654,5.03
2013/11/26,5.53,5.54,5.44,5.51,75888959,5.12
2013/11/27,5.54,5.80,5.54,5.66,126921303,5.31
2013/11/28,5.69,5.93,5.69,5.87,111286934,5.44
2013/11/29,5.90,5.91,5.78,5.84,60089330,5.46
2013/12/02,5.77,5.97,5.67,5.75,71979997,5.43
2013/12/03,5.71,5.90,5.70,5.90,58814629,5.43
2013/12/04,5.92,6.03,5.88,5.93,71073903,5.57
2013/12/05,5.96,6.04,5.90,5.95,53814977,5.58
2013/12/06,5.96,5.99,5.84,5.91,42737289,5.51
2013/12/09,5.93,5.96,5.80,5.85,40051822,5.47
2013/12/10,5.85,5.85,5.68,5.74,59246109,5.36
2013/12/11,5.68,5.69,5.54,5.65,74159278,5.21
2013/12/12,5.63,5.92,5.60,5.82,74602138,5.38
2013/12/13,5.74,5.81,5.68,5.76,25759648,5.37
2013/12/16,5.74,5.77,5.53,5.55,51871083,5.22
2013/12/17,5.55,5.59,5.43,5.51,33110679,5.13
2013/12/18,5.53,5.55,5.37,5.40,48709519,5.05
2013/12/19,5.43,5.45,5.33,5.34,49172777,5.00
2013/12/20,5.34,5.39,5.24,5.30,63655006,4.92
2013/12/23,5.30,5.33,5.20,5.30,32843797,4.89
2013/12/24,5.35,5.45,5.29,5.36,53904534,5.00
2013/12/25,5.38,5.40,5.27,5.35,29733663,4.93
2013/12/26,5.35,5.35,5.13,5.15,49781839,4.84
2013/12/27,5.14,5.27,5.14,5.22,49885903,4.84
2013/12/30,5.28,5.31,5.25,5.27,28014930,4.91
2013/12/31,5.23,5.48,5.22,5.39,59829482,4.97
2014/01/02,5.43,5.50,5.34,5.38,44079221,5.02
2014/01/03,5.34,5.40,5.23,5.30,39055258,4.90
2014/01/06,5.23,5.23,5.03,5.11,47182667,4.77
2014/01/07,5.07,5.19,5.01,5.04,34164275,4.69
2014/01/08,5.03,5.11,4.77,4.94,69868214,4.56
2014/01/09,4.89,5.04,4.86,4.99,45953267,4.60
2014/01/10,4.99,5.03,4.85,4.90,47234982,4.53
2014/01/13,4.90,4.95,4.84,4.89,19504688,4.51
2014/01/14,4.90,4.98,4.81,4.95,26520860,4.52
2014/01/15,4.94,4.97,4.84,4.89,24289509,4.51
2014/01/16,4.88,4.89,4.80,4.81,41127489,4.46
2014/01/17,4.81,4.81,4.68,4.70,35263790,4.35
2014/01/20,4.73,4.76,4.61,4.66,28232989,4.30
2014/01/21,4.66,4.83,4.65,4.73,44245130,4.36
2014/01/22,4.74,4.95,4.71,4.94,61056548,4.47
2014/01/23,4.92,5.00,4.89,4.98,44199148,4.58
2014/01/24,4.96,5.05,4.92,4.99,33795662,4.59
2014/01/27,4.94,4.94,4.78,4.83,40517122,4.46
2014/01/28,4.85,4.87,4.78,4.82,28643033,4.44
2014/01/29,4.83,4.88,4.70,4.75,69356867,4.39
2014/01/30,4.73,4.78,4.57,4.62,59929906,4.26
2014/02/07,4.60,4.62,4.49,4.61,52884309,4.18
2014/02/10,4.61,4.90,4.61,4.87,98401333,4.39
2014/02/11,4.86,4.90,4.82,4.85,42199803,4.47
2014/02/12,4.86,4.93,4.82,4.87,33189359,4.49
2014/02/13,4.86,4.86,4.73,4.74,55621094,4.41
2014/02/14,4.74,4.85,4.72,4.82,61341546,4.41
2014/02/17,4.86,4.88,4.78,4.82,59172580,4.43
2014/02/18,4.82,4.82,4.72,4.74,41137248,4.37
2014/02/19,4.73,4.82,4.69,4.77,43572409,4.37
2014/02/20,4.77,4.91,4.75,4.82,83206291,4.46
2014/02/21,4.82,4.82,4.72,4.78,45811027,4.38
2014/02/24,4.74,4.74,4.56,4.60,61706500,4.24
2014/02/25,4.61,4.66,4.50,4.54,56851061,4.21
2014/02/26,4.52,4.53,4.42,4.50,46122808,4.10
2014/02/27,4.51,4.64,4.46,4.58,82749612,4.17
2014/02/28,4.58,4.59,4.43,4.55,45546583,4.13
2014/03/03,4.52,4.67,4.49,4.62,60989312,4.23
2014/03/04,4.59,4.60,4.50,4.57,47641105,4.16
2014/03/05,4.58,4.66,4.53,4.56,36380232,4.21
2014/03/06,4.56,4.59,4.45,4.56,47129936,4.15
2014/03/07,4.56,4.62,4.54,4.57,38993409,4.20
2014/03/10,4.53,4.55,4.47,4.50,34823426,4.13
2014/03/11,4.48,4.53,4.45,4.52,29385312,4.10
2014/03/12,4.50,4.52,4.47,4.51,26762093,4.11
2014/03/13,4.51,4.58,4.49,4.56,32911460,4.16
2014/03/14,4.53,4.54,4.50,4.52,20966524,4.14
2014/03/17,4.53,4.60,4.49,4.60,39024926,4.17
2014/03/18,4.71,4.83,4.70,4.80,128609926,4.40
2014/03/19,4.78,4.81,4.71,4.77,56017688,4.38
2014/03/20,4.78,5.00,4.77,4.87,117312440,4.52
2014/03/21,4.86,5.04,4.83,4.85,200424616,4.59
2014/03/24,4.90,5.04,4.89,4.98,120910201,4.59
2014/03/25,4.96,4.96,4.88,4.94,40573074,4.54
2014/03/26,4.94,4.94,4.87,4.88,34909651,4.52
2014/03/27,4.90,4.93,4.84,4.85,36574474,4.50
2014/03/28,4.83,4.91,4.83,4.87,38455095,4.50
2014/03/31,4.90,4.94,4.83,4.89,41993517,4.52
2014/04/01,4.92,5.00,4.89,4.96,54230949,4.58
2014/04/02,4.98,5.06,4.95,5.03,72933611,4.64
2014/04/03,5.20,5.31,4.98,5.00,104022799,4.75
2014/04/04,5.00,5.04,4.91,5.00,35764949,4.59
2014/04/08,4.98,5.10,4.96,5.06,52351741,4.66
2014/04/09,5.09,5.17,5.05,5.12,62357852,4.73
2014/04/10,5.11,5.28,5.03,5.21,110921195,4.79
2014/04/11,5.20,5.20,5.06,5.08,75995020,4.73
2014/04/14,5.08,5.08,5.00,5.03,40676966,4.66
2014/04/15,5.02,5.02,4.88,4.91,53585637,4.54
2014/04/16,4.89,4.96,4.88,4.90,29532907,4.54
2014/04/17,4.91,4.94,4.87,4.90,23865600,4.53
2014/04/18,4.90,4.90,4.70,4.79,91066555,4.39
2014/04/21,4.72,4.77,4.66,4.68,48305587,4.33
2014/04/22,4.66,4.69,4.63,4.68,28135980,4.27
2014/04/23,4.67,4.78,4.65,4.76,70806963,4.36
2014/04/24,4.74,4.77,4.70,4.75,24637213,4.37
2014/04/25,4.75,4.80,4.71,4.72,23145193,4.37
2014/04/28,4.68,4.71,4.63,4.65,30263782,4.28
2014/04/29,4.64,4.67,4.59,4.67,35409567,4.24
2014/04/30,4.65,4.67,4.61,4.64,30333565,4.26
2014/05/05,4.84,4.86,4.69,4.71,79582684,4.36
2014/05/06,4.72,4.79,4.72,4.77,40594556,4.39
2014/05/07,4.77,4.92,4.74,4.84,76646254,4.46
2014/05/08,4.82,4.91,4.79,4.80,44017563,4.47
2014/05/09,4.80,4.82,4.72,4.75,31387703,4.39
2014/05/12,4.82,4.85,4.76,4.82,52091963,4.42
2014/05/13,4.82,4.87,4.80,4.81,34944084,4.45
2014/05/14,4.81,4.83,4.78,4.80,19806805,4.43
2014/05/15,4.80,4.82,4.70,4.71,24031385,4.37
2014/05/16,4.70,4.73,4.67,4.71,19397157,4.31
2014/05/19,4.71,4.72,4.60,4.62,25348498,4.25
2014/05/20,4.65,4.68,4.63,4.65,16319788,4.27
2014/05/21,4.65,4.69,4.59,4.69,16418670,4.27
2014/05/22,4.68,4.72,4.64,4.64,24221534,4.29
2014/05/23,4.64,4.66,4.62,4.65,12913211,4.26
2014/05/26,4.68,4.70,4.65,4.67,20466548,4.29
2014/05/27,4.67,4.70,4.64,4.65,24885889,4.28
2014/05/28,4.66,4.67,4.61,4.67,26433490,4.26
2014/05/29,4.67,4.69,4.61,4.62,24420647,4.26
2014/05/30,4.62,4.64,4.58,4.60,23404293,4.22
2014/06/03,4.60,4.63,4.57,4.58,25727453,4.21
2014/06/04,4.58,4.61,4.53,4.55,27370044,4.17
2014/06/05,4.58,4.59,4.55,4.59,23518234,4.19
2014/06/06,4.58,4.59,4.55,4.56,17940087,4.19
2014/06/09,4.57,4.59,4.53,4.54,26186091,4.18
2014/06/10,4.58,4.63,4.56,4.62,42028625,4.23
2014/06/11,4.62,4.65,4.59,4.63,33839252,4.24
2014/06/12,4.63,4.66,4.60,4.63,42881474,4.25
2014/06/13,4.64,4.79,4.63,4.76,91134868,4.35
2014/06/16,4.79,4.84,4.76,4.82,60972713,4.43
2014/06/17,4.83,4.83,4.75,4.82,43106242,4.41
2014/06/18,4.80,4.81,4.73,4.76,27023494,4.38
2014/06/19,4.78,4.84,4.72,4.74,39442660,4.40
2014/06/20,4.74,4.76,4.70,4.75,30822628,4.35
2014/06/23,4.81,4.84,4.70,4.76,36554750,4.40
2014/06/24,4.78,4.78,4.72,4.73,23268761,4.36
2014/06/25,4.75,4.75,4.68,4.69,21879212,4.32
2014/06/26,4.70,4.74,4.69,4.71,18841395,4.34
2014/06/27,4.72,4.82,4.69,4.79,46362527,4.40
2014/06/30,4.79,4.92,4.79,4.88,63597332,4.50
2014/07/01,4.89,4.92,4.84,4.88,36179263,4.50
2014/07/02,4.87,4.94,4.87,4.93,45452539,4.53
2014/07/03,4.93,4.99,4.89,4.94,37459267,4.57
2014/07/04,4.95,5.03,4.95,4.96,38540746,4.60
2014/07/07,5.04,5.16,5.01,5.10,94688503,4.71
2014/07/08,5.10,5.13,5.03,5.09,45428580,4.70
2014/07/09,5.08,5.15,5.04,5.04,42168539,4.71
2014/07/10,5.05,5.09,4.98,5.01,34087237,4.63
2014/07/11,5.01,5.16,5.00,5.13,58677390,4.73
2014/07/14,5.18,5.23,5.12,5.19,43492456,4.80
2014/07/15,5.18,5.19,5.10,5.13,34443399,4.77
2014/07/16,5.11,5.13,4.98,5.00,57531032,4.65
2014/07/17,4.99,5.07,4.99,5.03,26669942,4.65
2014/07/18,5.00,5.08,4.99,5.02,28315409,4.67
2014/07/21,5.01,5.17,5.00,5.17,56512771,4.72
2014/07/22,5.16,5.24,5.12,5.21,59799643,4.81
2014/07/23,5.23,5.47,5.21,5.44,151370726,4.96
2014/07/24,5.38,5.59,5.36,5.51,100591832,5.12
2014/07/25,5.51,5.55,5.45,5.54,64424699,5.13
2014/07/28,5.55,5.64,5.52,5.63,99327916,5.21
2014/07/29,5.72,5.72,5.62,5.68,90817516,5.20
2014/07/30,5.66,5.66,5.55,5.57,83713889,5.13
2014/07/31,5.58,5.68,5.56,5.66,52019125,5.15
2014/08/01,5.65,5.66,5.58,5.61,52897358,5.16
2014/08/04,5.62,5.85,5.62,5.83,84071863,5.28
2014/08/05,5.85,5.86,5.73,5.77,47597598,5.31
2014/08/06,5.77,5.77,5.65,5.71,41000334,5.23
2014/08/07,5.74,5.74,5.57,5.59,64204493,5.16
2014/08/08,5.59,5.64,5.52,5.54,47950535,5.08
2014/08/11,5.58,5.67,5.54,5.66,47180948,5.17
2014/08/12,5.66,5.67,5.60,5.63,36964433,5.15
2014/08/13,5.63,5.66,5.52,5.59,55835601,5.11
2014/08/14,5.57,5.65,5.56,5.60,42842201,5.15
2014/08/15,5.59,5.77,5.58,5.69,60710570,5.22
2014/08/18,5.71,5.81,5.66,5.70,59834354,5.25
2014/08/19,5.71,5.72,5.61,5.63,36609145,5.17
2014/08/20,5.63,5.65,5.58,5.60,34061114,5.14
2014/08/21,5.60,5.62,5.53,5.55,35235991,5.08
2014/08/22,5.57,5.62,5.52,5.55,50761327,5.09
2014/08/25,5.65,5.71,5.58,5.60,72254983,5.17
2014/08/26,5.62,5.62,5.50,5.52,44491623,5.08
2014/08/27,5.52,5.56,5.51,5.53,19211384,5.07
2014/08/28,5.53,5.57,5.51,5.52,23457355,5.07
2014/08/29,5.56,5.60,5.52,5.59,31328765,5.10
2014/09/01,5.60,5.64,5.58,5.62,34483821,5.14
2014/09/02,5.61,5.68,5.58,5.67,59248767,5.16
2014/09/03,5.67,5.71,5.67,5.69,56312374,5.22
2014/09/04,5.67,5.71,5.67,5.69,0,5.69
2014/09/05,5.86,5.94,5.75,5.80,109165172,5.35
2014/09/09,5.80,5.85,5.74,5.80,49146545,5.33
2014/09/10,5.82,5.89,5.75,5.84,55139822,5.37
2014/09/11,5.86,5.90,5.75,5.79,62859093,5.36
2014/09/12,5.78,5.81,5.75,5.80,33677409,5.31
2014/09/15,5.78,5.81,5.72,5.78,48125271,5.29
2014/09/16,5.80,5.88,5.71,5.72,75389262,5.32
2014/09/17,5.72,5.78,5.68,5.73,42482517,5.25
2014/09/18,5.73,5.75,5.67,5.71,37321191,5.23
2014/09/19,5.73,5.76,5.68,5.73,34540465,5.24
2014/09/22,5.71,5.71,5.53,5.56,57357861,5.13
2014/09/23,5.58,5.61,5.54,5.58,42722118,5.11
2014/09/24,5.57,5.70,5.56,5.69,60583662,5.18
2014/09/25,5.71,5.81,5.69,5.74,64562843,5.28
2014/09/26,5.72,5.73,5.68,5.71,28269902,5.23
2014/09/29,5.71,5.77,5.69,5.74,45199451,5.25
2014/09/30,5.74,5.76,5.70,5.73,33214934,5.26
2014/10/08,5.73,5.80,5.72,5.77,68282772,5.29
2014/10/09,5.77,5.79,5.73,5.77,69928270,5.29
2014/10/10,5.75,5.75,5.67,5.70,67443068,5.23
2014/10/13,5.70,5.72,5.63,5.68,47825396,5.20
2014/10/14,5.70,5.80,5.70,5.76,97031179,5.29
2014/10/15,5.76,5.79,5.72,5.76,56390842,5.29
2014/10/16,5.74,6.29,5.72,6.29,436249694,5.73
2014/10/17,6.25,6.36,6.06,6.24,415945143,5.76
2014/10/20,6.21,6.22,6.09,6.15,139698901,5.67
2014/10/21,6.23,6.23,6.05,6.09,124215090,5.65
2014/10/22,6.13,6.23,6.07,6.15,144331132,5.67
2014/10/23,6.18,6.68,6.14,6.36,327212967,5.93
2014/10/24,6.38,6.64,6.23,6.27,260621123,5.96
2014/10/27,6.38,6.64,6.23,6.27,0,6.44
2014/10/28,6.38,6.64,6.23,6.27,0,6.44
2014/10/29,6.38,6.64,6.23,6.27,0,6.44
2014/10/30,6.38,6.64,6.23,6.27,0,6.44
2014/10/31,6.38,6.64,6.23,6.27,0,6.44
2014/11/03,6.38,6.64,6.23,6.27,0,6.44
2014/11/04,6.38,6.64,6.23,6.27,0,6.44
2014/11/05,6.38,6.64,6.23,6.27,0,6.44
2014/11/06,6.38,6.64,6.23,6.27,0,6.44
2014/11/07,6.38,6.64,6.23,6.27,0,6.44
2014/11/10,6.38,6.64,6.23,6.27,0,6.44
2014/11/11,6.38,6.64,6.23,6.27,0,6.44
2014/11/12,6.38,6.64,6.23,6.27,0,6.44
2014/11/13,6.38,6.64,6.23,6.27,0,6.44
2014/11/14,6.38,6.64,6.23,6.27,0,6.44
2014/11/17,6.38,6.64,6.23,6.27,0,6.44
2014/11/18,6.38,6.64,6.23,6.27,0,6.44
2014/11/19,6.38,6.64,6.23,6.27,0,6.44
2014/11/20,6.38,6.64,6.23,6.27,0,6.44
2014/11/21,6.38,6.64,6.23,6.27,0,6.44
2014/11/24,6.38,6.64,6.23,6.27,0,6.44
2014/11/25,6.38,6.64,6.23,6.27,0,6.44
2014/11/26,6.38,6.64,6.23,6.27,0,6.44
2014/11/27,6.38,6.64,6.23,6.27,0,6.44
2014/11/28,6.38,6.64,6.23,6.27,0,6.44
2014/12/01,6.38,6.64,6.23,6.27,0,6.44
2014/12/02,6.38,6.64,6.23,6.27,0,6.44
2014/12/03,6.38,6.64,6.23,6.27,0,6.44
2014/12/04,6.38,6.64,6.23,6.27,0,6.44
2014/12/05,6.38,6.64,6.23,6.27,0,6.44
2014/12/08,6.38,6.64,6.23,6.27,0,6.44
2014/12/09,6.38,6.64,6.23,6.27,0,6.44
2014/12/10,6.38,6.64,6.23,6.27,0,6.44
2014/12/11,6.38,6.64,6.23,6.27,0,6.44
2014/12/12,6.38,6.64,6.23,6.27,0,6.44
2014/12/15,6.38,6.64,6.23,6.27,0,6.44
2014/12/16,6.38,6.64,6.23,6.27,0,6.44
2014/12/17,6.38,6.64,6.23,6.27,0,6.44
2014/12/18,6.38,6.64,6.23,6.27,0,6.44
2014/12/19,6.38,6.64,6.23,6.27,0,6.44
2014/12/22,6.38,6.64,6.23,6.27,0,6.44
2014/12/23,6.38,6.64,6.23,6.27,0,6.44
2014/12/24,6.38,6.64,6.23,6.27,0,6.44
2014/12/25,6.38,6.64,6.23,6.27,0,6.44
2014/12/26,6.38,6.64,6.23,6.27,0,6.44
2014/12/29,6.38,6.64,6.23,6.27,0,6.44
2014/12/30,6.38,6.64,6.23,6.27,0,6.44
2014/12/31,6.85,6.85,6.85,6.85,3152321,6.38
2015/01/05,7.49,7.49,7.49,7.49,2122193,7.02
2015/01/06,8.19,8.19,8.19,8.19,11686424,7.72
2015/01/07,8.96,8.96,8.96,8.96,7732103,8.49
2015/01/08,9.81,9.81,9.81,9.81,15937412,9.34
2015/01/09,10.74,10.74,10.74,10.74,222549749,10.27
2015/01/12,11.03,11.45,10.47,10.60,929122647,10.49
2015/01/13,10.40,11.06,10.40,11.01,514150502,10.25
2015/01/14,11.19,11.20,10.62,10.69,377164333,10.39
2015/01/15,10.54,11.71,10.48,11.71,604046985,10.79
2015/01/16,11.97,12.83,11.72,12.83,774557219,12.00
2015/01/19,12.20,12.88,11.60,12.52,882191689,11.81
2015/01/20,12.68,13.73,12.67,13.73,637798149,12.87
2015/01/21,14.46,15.06,14.04,14.41,925709836,14.12
2015/01/22,14.38,15.12,14.08,14.70,585150541,14.01
2015/01/23,14.62,14.72,14.25,14.31,381624313,13.96
2015/01/26,14.37,14.97,14.37,14.44,427904286,14.18
2015/01/27,14.73,14.86,14.07,14.51,375448594,13.96
2015/01/28,14.37,14.37,13.97,13.99,270736169,13.69
2015/01/29,13.87,14.52,13.82,14.11,282900564,13.76
2015/01/30,13.97,14.00,12.92,13.03,479318907,12.80
2015/02/02,12.27,12.45,11.77,11.78,405463228,11.62
2015/02/03,11.89,12.21,11.82,12.06,283738657,11.54
2015/02/04,12.08,12.82,11.93,12.42,368309002,11.81
2015/02/05,12.52,12.55,11.87,11.89,243392794,11.72
2015/02/06,11.77,12.00,11.32,11.53,236462718,11.17
2015/02/09,11.48,11.92,11.29,11.82,244406953,11.20
2015/02/10,11.75,12.23,11.66,12.09,251965599,11.51
2015/02/11,12.09,12.10,11.81,11.98,159438322,11.47
2015/02/12,12.03,13.13,11.98,12.68,389950384,12.17
2015/02/13,12.62,12.77,12.40,12.58,202974315,12.10
2015/02/16,12.59,12.67,12.40,12.54,148594027,12.08
2015/02/17,12.65,12.97,12.65,12.69,153933290,12.31
2015/02/25,12.89,12.93,12.42,12.54,126357605,12.17
2015/02/26,12.42,13.00,11.74,12.69,262082933,11.94
2015/02/27,12.57,12.74,12.47,12.59,142422815,12.13
2015/03/02,12.66,12.66,12.47,12.52,158832035,12.05
2015/03/03,12.47,12.47,12.15,12.17,180615997,11.77
2015/03/04,12.12,12.62,12.08,12.32,146825825,11.93
2015/03/05,12.22,13.51,12.02,13.15,317138904,12.36
2015/03/06,13.47,14.12,13.27,14.11,527516801,13.38
2015/03/09,13.47,14.12,13.27,14.11,0,13.69
2015/03/10,14.27,14.95,13.46,13.61,431564246,13.66
2015/03/11,13.72,13.90,13.33,13.42,213445158,13.03
2015/03/12,13.41,13.45,12.98,13.30,192860153,12.73
2015/03/13,13.38,13.67,13.12,13.42,178606072,12.97
2015/03/16,13.43,13.55,13.17,13.44,181232638,12.90
2015/03/17,13.44,13.72,13.42,13.55,222124625,13.08
2015/03/18,13.64,14.86,13.58,14.86,561485649,13.81
2015/03/19,15.15,16.15,14.47,15.40,666954243,14.88
2015/03/20,15.51,15.76,15.07,15.29,375863136,14.85
2015/03/23,15.37,15.90,15.31,15.63,373063664,15.12
2015/03/24,15.72,15.73,14.85,15.36,376656522,14.81
2015/03/25,15.17,16.67,14.87,16.19,441399547,15.25
2015/03/26,16.36,17.76,16.08,17.76,649399563,16.69
2015/03/27,18.05,18.21,17.23,17.46,395280791,17.13
2015/03/30,18.05,18.21,17.23,17.46,0,17.72
2015/03/31,18.05,18.21,17.23,17.46,0,17.72
2015/04/01,18.05,18.21,17.23,17.46,0,17.72
2015/04/02,18.05,18.21,17.23,17.46,0,17.72
2015/04/03,18.05,18.21,17.23,17.46,0,17.72
2015/04/07,19.16,19.16,19.16,19.16,31429975,18.69
2015/04/08,21.03,21.03,21.03,21.03,21850156,20.56
2015/04/09,23.09,23.09,21.19,23.08,689228400,22.11
2015/04/10,23.03,23.07,21.97,22.74,339112341,22.23
2015/04/13,22.91,24.97,22.91,24.97,309962897,23.94
2015/04/14,26.81,27.42,26.07,27.42,308649240,26.64
2015/04/15,29.12,30.12,28.57,30.12,313919221,29.33
2015/04/16,31.91,33.09,31.31,33.09,165985806,32.00
2015/04/17,36.35,36.35,36.35,36.35,38949900,35.88
2015/04/20,39.94,39.94,33.35,35.85,843953322,37.60
2015/04/21,34.57,34.74,32.31,32.31,357461681,32.45
2015/04/22,29.38,32.31,29.13,30.73,773508495,29.76
2015/04/23,30.27,32.15,29.97,31.34,513939670,30.54
2015/04/24,31.57,34.43,31.48,34.43,496580705,31.98
2015/04/27,36.47,37.19,34.43,34.83,549305007,34.93
2015/04/28,35.97,35.97,31.47,32.18,504593049,32.90
2015/04/29,32.29,34.47,31.75,33.49,457964757,32.97
2015/04/30,33.97,34.02,31.65,32.17,334128144,32.00
2015/05/04,32.07,32.07,29.57,30.41,325747698,30.02
2015/05/05,29.97,33.00,29.07,32.24,463052272,31.24
2015/05/06,32.47,32.87,29.27,29.92,411120999,30.78
2015/05/07,32.47,32.87,29.27,29.92,0,31.07
2015/05/08,32.47,32.87,29.27,29.92,0,31.07
2015/05/11,32.47,32.87,29.27,29.92,0,31.07
2015/05/12,32.47,32.87,29.27,29.92,0,31.07
2015/05/13,32.47,32.87,29.27,29.92,0,31.07
2015/05/14,32.47,32.87,29.27,29.92,0,31.07
2015/05/15,32.47,32.87,29.27,29.92,0,31.07
2015/05/18,32.47,32.87,29.27,29.92,0,31.07
2015/05/19,32.47,32.87,29.27,29.92,0,31.07
2015/05/20,32.47,32.87,29.27,29.92,0,31.07
2015/05/21,32.47,32.87,29.27,29.92,0,31.07
2015/05/22,32.47,32.87,29.27,29.92,0,31.07
2015/05/25,32.47,32.87,29.27,29.92,0,31.07
2015/05/26,32.47,32.87,29.27,29.92,0,31.07
2015/05/27,32.47,32.87,29.27,29.92,0,31.07
2015/05/28,32.47,32.87,29.27,29.92,0,31.07
2015/05/29,32.47,32.87,29.27,29.92,0,31.07
2015/06/01,32.47,32.87,29.27,29.92,0,31.07
2015/06/02,32.47,32.87,29.27,29.92,0,31.07
2015/06/03,32.47,32.87,29.27,29.92,0,31.07
2015/06/04,32.47,32.87,29.27,29.92,0,31.07
2015/06/05,32.47,32.87,29.27,29.92,0,31.07
2015/06/08,32.87,32.87,32.87,32.87,23813467,32.40
2015/06/09,36.11,36.11,29.63,29.85,1628212633,30.52
2015/06/10,28.27,28.27,26.97,26.99,1189363342,26.91
2015/06/11,27.09,27.95,25.41,26.41,1226665845,26.00
2015/06/12,26.36,26.36,24.78,25.00,1240500382,24.80
2015/06/15,24.37,25.65,23.17,24.45,1337893427,24.00
2015/06/16,23.80,24.23,22.05,22.05,1296927910,22.42
2015/06/17,22.08,23.17,21.63,22.92,1076998197,22.07
2015/06/18,22.46,22.46,20.97,20.99,927998443,21.26
2015/06/19,20.57,21.55,20.38,20.55,830113313,20.54
2015/06/23,21.02,22.07,20.07,21.90,1010716377,20.75
2015/06/24,21.86,21.86,21.08,21.68,882585757,20.97
2015/06/25,21.47,21.52,20.49,20.75,826248335,20.50
2015/06/26,20.15,20.99,18.72,18.73,935000288,19.48
2015/06/29,18.97,19.17,16.90,17.16,992381780,17.45
2015/06/30,17.16,18.83,16.62,18.83,1142726121,17.47
2015/07/01,18.67,19.34,17.45,17.56,1114444330,18.18
2015/07/02,17.57,18.87,16.65,18.00,1087912942,17.48
2015/07/03,17.46,18.85,16.87,17.60,900365597,17.42
2015/07/06,19.07,19.07,17.69,18.51,1131612433,17.89
2015/07/07,17.47,18.66,16.71,18.26,1097682513,17.43
2015/07/08,16.72,18.05,16.48,16.56,978500453,16.49
2015/07/09,15.62,18.17,14.99,18.17,951352334,16.82
2015/07/10,18.13,19.94,17.63,19.93,1271413514,18.95
2015/07/13,19.47,21.17,19.27,20.16,1222168767,19.63
2015/07/14,19.47,19.66,18.30,18.48,856064844,18.60
2015/07/15,18.02,18.19,16.82,17.58,611305044,16.98
2015/07/16,17.58,18.27,16.98,17.64,439280140,17.26
2015/07/17,17.76,19.22,17.42,18.78,682235705,17.88
2015/07/20,18.75,18.96,18.32,18.57,630191586,18.16
2015/07/21,18.28,19.62,18.12,19.00,699799033,18.64
2015/07/22,18.82,18.96,18.17,18.46,513198473,18.04
2015/07/23,18.52,18.95,18.36,18.74,486297234,18.23
2015/07/24,18.95,19.11,18.14,18.27,525262997,18.27
2015/07/27,17.67,17.91,16.49,16.49,557791024,16.76
2015/07/28,16.01,16.32,14.97,15.57,475644622,15.12
2015/07/29,15.78,16.75,15.52,16.52,456811422,15.69
2015/07/30,16.37,16.53,15.67,15.85,336609106,15.75
2015/07/31,15.68,16.15,15.59,15.85,262754575,15.39
2015/08/03,15.67,15.81,14.99,15.21,266619801,14.88
2015/08/04,15.17,15.93,15.12,15.89,255968478,15.09
2015/08/05,15.83,16.34,15.63,15.72,284528733,15.44
2015/08/06,15.77,16.21,15.63,15.72,231034383,15.42
2015/08/07,15.77,16.06,15.72,15.89,244271948,15.43
2015/08/10,15.98,17.02,15.98,16.76,525075959,16.04
2015/08/11,16.73,16.73,16.25,16.37,402996494,15.99
2015/08/12,16.14,16.62,16.02,16.18,277129217,15.79
2015/08/13,16.17,16.30,15.77,16.19,252115754,15.60
2015/08/14,16.29,16.35,16.05,16.08,246994170,15.72
2015/08/17,15.97,15.97,15.55,15.79,246219676,15.27
2015/08/18,15.87,16.01,14.27,14.48,369479394,14.82
2015/08/19,14.30,14.61,13.56,14.52,300405716,13.73
2015/08/20,14.43,14.43,13.88,13.90,199042169,13.71
2015/08/21,13.61,13.81,12.97,13.09,256458790,12.90
2015/08/24,12.58,12.69,11.83,11.83,259860213,11.57
2015/08/25,10.92,11.82,10.69,10.69,322261743,10.55
2015/08/26,10.69,11.15,10.10,10.46,397524955,10.21
2015/08/27,10.78,11.46,10.62,11.46,695018842,10.87
2015/08/28,12.07,12.56,12.02,12.56,446071057,11.97
2015/08/31,13.07,13.77,12.67,13.77,993443312,12.73
2015/09/01,12.97,13.42,12.53,13.28,889861318,12.55
2015/09/02,12.62,13.40,12.29,13.30,622637790,12.53
2015/09/07,12.87,14.42,12.80,13.44,447943799,13.23
2015/09/08,12.99,13.67,12.38,13.56,331669471,12.65
2015/09/09,13.60,14.55,13.48,14.10,456443863,13.59
2015/09/10,13.82,14.00,13.49,13.58,309073175,13.24
2015/09/11,13.62,14.07,13.52,13.66,233859237,13.33
2015/09/14,13.87,13.94,12.34,13.68,490189652,12.71
2015/09/15,13.17,13.26,12.47,12.94,203252176,12.46
2015/09/16,12.77,14.19,12.67,14.05,361096944,13.14
2015/09/17,13.92,15.36,13.60,14.40,615752360,14.17
2015/09/18,14.67,15.05,14.35,14.73,407308710,14.22
2015/09/21,14.57,14.97,14.43,14.90,304029631,14.26
2015/09/22,14.90,15.27,14.62,14.76,306249736,14.47
2015/09/23,14.42,14.51,13.87,14.05,274782572,13.74
2015/09/24,14.17,14.42,13.88,14.26,188774724,13.67
2015/09/25,14.06,14.17,13.49,13.75,186335722,13.32
2015/09/28,13.75,13.86,13.27,13.70,109107525,13.12
2015/09/29,13.44,13.53,13.12,13.14,134869201,12.85
2015/09/30,13.45,13.77,13.40,13.44,153968643,13.08
2015/10/08,14.07,14.07,13.72,13.81,188957113,13.44
2015/10/09,13.82,13.92,13.64,13.78,140641897,13.32
2015/10/12,13.89,14.72,13.87,14.51,309168772,13.85
2015/10/13,14.29,14.46,14.20,14.38,193857613,13.85
2015/10/14,14.45,14.82,14.37,14.41,267614590,14.12
2015/10/15,14.32,14.64,14.17,14.63,268892159,14.00
2015/10/16,14.74,14.95,14.52,14.89,368816138,14.29
2015/10/19,15.21,15.42,14.79,14.98,361049063,14.61
2015/10/20,14.91,15.90,14.47,15.65,364188085,14.58
2015/10/21,15.55,16.04,14.55,15.22,555672510,14.92
2015/10/22,14.87,15.26,14.59,15.06,241949313,14.47
2015/10/23,15.11,15.18,14.75,14.91,200307227,14.45
2015/10/26,15.07,15.13,14.77,14.85,181429793,14.48
2015/10/27,14.77,14.77,14.27,14.63,174089690,14.05
2015/10/28,14.50,14.86,14.47,14.52,149121406,14.18
2015/10/29,14.55,14.66,14.35,14.44,115862107,14.02
2015/10/30,14.44,14.54,14.24,14.33,106273920,13.91
2015/11/02,14.20,14.43,14.07,14.22,121786726,13.73
2015/11/03,14.17,14.24,13.94,13.96,96635400,13.60
2015/11/04,13.94,14.56,13.94,14.53,214882996,13.84
2015/11/05,14.50,15.94,14.42,15.48,824037571,15.02
2015/11/06,15.25,15.55,15.02,15.43,491181362,14.78
2015/11/09,15.27,15.91,15.18,15.51,411149082,15.15
2015/11/10,15.32,15.62,15.19,15.45,285857677,14.89
2015/11/11,15.45,15.52,15.22,15.32,188559462,14.86
2015/11/12,15.42,15.47,15.21,15.24,188820567,14.85
2015/11/13,15.04,15.11,14.62,14.64,241108456,14.35
2015/11/16,14.36,14.77,14.27,14.65,187306362,14.02
2015/11/17,14.77,15.26,14.69,14.73,246590488,14.47
2015/11/18,14.80,14.86,14.47,14.49,137124780,14.14
2015/11/19,14.63,14.87,14.57,14.73,118363881,14.22
2015/11/20,14.82,15.16,14.75,14.88,200099391,14.50
2015/11/23,14.91,15.76,14.81,15.31,395514302,14.89
2015/11/24,15.22,15.27,14.95,15.15,169810157,14.58
2015/11/25,15.15,15.15,14.90,15.07,126018895,14.54
2015/11/26,15.32,15.41,15.03,15.06,144799726,14.72
2015/11/27,14.93,15.00,13.81,13.94,199300656,13.98
2015/11/30,13.93,14.05,13.17,13.67,172095552,13.18
2015/12/01,13.77,13.87,13.53,13.76,108169699,13.25
2015/12/02,13.76,14.21,13.56,14.18,170599590,13.52
2015/12/03,14.08,14.32,13.99,14.21,116104800,13.67
2015/12/04,14.12,14.21,13.85,13.90,116386654,13.54
2015/12/07,14.03,14.16,13.88,14.02,84463996,13.56
2015/12/08,13.92,13.92,13.49,13.54,117506192,13.16
2015/12/09,13.50,13.65,13.47,13.54,70141882,13.08
2015/12/10,13.53,13.69,13.45,13.48,76319457,13.09
2015/12/11,13.47,13.47,13.18,13.31,73307434,12.83
2015/12/14,13.12,13.71,13.08,13.65,86410366,12.99
2015/12/15,13.66,13.75,13.50,13.58,67077683,13.14
2015/12/16,13.68,13.68,13.51,13.55,49081922,13.00
2015/12/17,13.59,13.78,13.58,13.71,89550093,13.10
2015/12/18,13.74,13.99,13.70,13.71,113757724,13.25
2015/12/21,13.72,13.95,13.64,13.85,113787877,13.22
2015/12/22,13.85,13.87,13.69,13.77,76902683,13.17
2015/12/23,13.78,14.09,13.67,13.84,154748882,13.26
2015/12/24,13.82,14.03,13.73,13.79,106677335,13.26
2015/12/25,13.78,13.83,13.64,13.71,72493346,13.13
2015/12/28,13.77,13.79,13.35,13.38,111200959,12.97
2015/12/29,13.39,13.45,13.29,13.43,50745107,12.79
2015/12/30,13.54,13.67,13.44,13.55,63346658,12.95
2015/12/31,13.49,13.64,13.41,13.44,58663264,12.92
2016/01/04,13.39,13.44,12.39,12.43,74420634,12.37
2016/01/05,11.89,12.39,11.75,12.22,125283066,11.53
2016/01/06,12.25,12.50,12.23,12.46,86833494,11.77
2016/01/07,12.33,12.33,11.34,11.40,22364900,11.31
2016/01/08,11.73,11.84,10.99,11.60,110884185,11.00
2016/01/11,11.63,12.14,11.29,11.56,148585821,11.14
2016/01/12,11.44,11.78,11.30,11.65,96578276,10.98
2016/01/13,11.68,11.70,11.29,11.30,78749763,10.91
2016/01/14,10.99,11.53,10.89,11.49,76896523,10.66
2016/01/15,11.44,11.44,10.95,11.02,78333892,10.56
2016/01/18,11.06,11.34,10.99,11.18,79714814,10.57
2016/01/19,11.19,12.12,10.99,11.85,152171118,11.06
2016/01/20,11.64,11.82,11.49,11.52,101904811,11.03
2016/01/21,11.39,11.57,10.99,11.03,75318126,10.75
2016/01/22,11.22,11.37,10.99,11.26,66632662,10.62
2016/01/25,11.28,11.35,11.12,11.24,49947237,10.66
2016/01/26,11.09,11.12,10.50,10.58,90082692,10.21
2016/01/27,10.69,10.73,10.19,10.52,76162496,9.90
2016/01/28,10.52,10.53,9.91,10.19,68145960,9.66
2016/01/29,10.15,10.62,10.10,10.51,80216231,9.89
2016/02/01,10.51,10.51,10.09,10.21,49891379,9.71
2016/02/02,10.21,10.51,10.21,10.41,44984879,9.81
2016/02/03,10.29,10.35,10.10,10.28,51752739,9.63
2016/02/04,10.37,10.51,10.32,10.39,54976300,9.83
2016/02/05,10.39,10.71,10.34,10.46,63450997,9.91
2016/02/15,10.14,10.34,10.00,10.27,51549754,9.60
2016/02/16,10.31,10.71,10.31,10.62,85081166,9.98
2016/02/17,10.60,10.86,10.56,10.73,104288408,10.13
2016/02/18,10.73,10.80,10.59,10.64,74256584,10.11
2016/02/19,10.64,10.71,10.57,10.62,47712763,10.04
2016/02/22,10.74,10.93,10.71,10.84,88962265,10.22
2016/02/23,10.85,10.90,10.65,10.76,71702876,10.21
2016/02/24,10.68,10.90,10.60,10.85,82167738,10.16
2016/02/25,10.80,10.80,9.95,10.15,111425086,9.84
2016/02/26,10.24,10.28,10.05,10.16,53721993,9.59
2016/02/29,10.16,10.19,9.59,9.92,79387368,9.24
2016/03/01,9.97,10.09,9.80,10.02,50810638,9.36
2016/03/02,10.01,10.41,10.00,10.39,108583778,9.65
2016/03/03,10.39,10.49,10.31,10.46,94802234,9.82
2016/03/04,10.39,10.79,10.34,10.77,197664202,10.02
2016/03/07,10.79,10.91,10.60,10.73,95258427,10.15
2016/03/08,10.67,10.77,10.30,10.75,81182118,9.92
2016/03/09,10.57,10.81,10.39,10.79,82765962,10.01
2016/03/10,10.69,10.87,10.61,10.62,68646765,10.16
2016/03/11,10.69,11.05,10.64,10.92,142638667,10.30
2016/03/14,10.99,11.22,10.83,10.96,154840185,10.44
2016/03/15,10.90,10.91,10.64,10.81,86806762,10.19
2016/03/16,10.75,10.97,10.73,10.95,141873398,10.32
2016/03/17,11.01,11.04,10.83,10.97,86072615,10.36
2016/03/18,11.04,11.20,10.95,11.02,153806658,10.48
2016/03/21,11.10,11.51,11.05,11.28,190454125,10.70
2016/03/22,11.20,11.25,11.08,11.14,102199878,10.56
2016/03/23,11.11,11.21,11.01,11.10,66843804,10.51
2016/03/24,11.00,11.07,10.87,10.88,76133793,10.35
2016/03/25,10.88,10.95,10.85,10.91,44142069,10.31
2016/03/28,10.93,11.01,10.77,10.80,59887276,10.31
2016/03/29,10.82,10.82,10.60,10.66,52224656,10.10
2016/03/30,10.76,10.89,10.70,10.86,65500332,10.23
2016/03/31,10.91,10.93,10.79,10.83,62468933,10.26
2016/04/01,10.84,10.92,10.68,10.88,74024980,10.23
2016/04/05,10.79,11.01,10.78,10.96,119300318,10.35
2016/04/06,10.90,10.94,10.80,10.89,80913967,10.28
2016/04/07,10.92,10.94,10.69,10.70,79532663,10.20
2016/04/08,10.64,10.68,10.55,10.63,63653942,10.02
2016/04/11,10.66,10.81,10.66,10.76,61724507,10.17
2016/04/12,10.74,10.76,10.61,10.67,47307393,10.07
2016/04/13,10.74,10.93,10.72,10.80,120293875,10.26
2016/04/14,10.87,10.97,10.75,10.90,97800092,10.28
2016/04/15,10.87,10.88,10.78,10.82,62708102,10.23
2016/04/18,10.79,10.80,10.63,10.66,59579981,10.09
2016/04/19,10.70,10.75,10.60,10.66,40241459,10.06
2016/04/20,10.68,10.70,10.19,10.46,116196743,9.83
2016/04/21,10.43,10.48,10.30,10.33,47712494,9.80
2016/04/22,10.33,10.38,10.24,10.33,32019347,9.72
2016/04/25,10.30,10.30,10.16,10.24,29008660,9.64
2016/04/26,10.26,10.35,10.24,10.31,32683529,9.69
2016/04/27,10.32,10.36,10.24,10.26,29513182,9.71
2016/04/28,10.25,10.28,10.05,10.13,43787472,9.55
2016/04/29,10.11,10.14,9.98,10.04,51338753,9.46
2016/05/03,10.09,10.26,10.04,10.24,54088030,9.60
2016/05/04,10.20,10.27,10.17,10.23,36696229,9.62
2016/05/05,10.20,10.23,10.14,10.19,31016366,9.59
2016/05/06,10.19,10.22,9.90,10.04,69302380,9.45
2016/05/09,9.97,9.98,9.71,9.74,58498280,9.21
2016/05/10,9.74,9.92,9.71,9.78,48165665,9.19
2016/05/11,9.79,9.90,9.72,9.78,47175285,9.21
2016/05/12,9.72,9.75,9.60,9.70,40342645,9.08
2016/05/13,9.69,9.76,9.66,9.69,28933897,9.11
2016/05/16,9.69,9.76,9.66,9.69,0,9.71
2016/05/17,9.69,9.76,9.66,9.69,0,9.71
2016/05/18,9.69,9.76,9.66,9.69,0,9.71
2016/05/19,9.69,9.76,9.66,9.69,0,9.71
2016/05/20,9.69,9.76,9.66,9.69,0,9.71
2016/05/23,9.69,9.76,9.66,9.69,0,9.71
2016/05/24,9.69,9.76,9.66,9.69,0,9.71
2016/05/25,9.69,9.76,9.66,9.69,0,9.71
2016/05/26,9.69,9.76,9.66,9.69,0,9.71
2016/05/27,9.69,9.76,9.66,9.69,0,9.71
2016/05/30,9.79,10.46,9.71,10.09,146464109,9.54
2016/05/31,10.12,10.34,10.00,10.29,128723168,9.62
2016/06/01,10.24,10.28,10.16,10.18,81701183,9.61
2016/06/02,10.16,10.18,10.10,10.14,48108563,9.54
2016/06/03,10.15,10.21,10.10,10.15,44692329,9.56
2016/06/06,10.15,10.18,10.10,10.14,37622414,9.55
2016/06/07,10.14,10.17,10.07,10.08,29865131,9.50
2016/06/08,10.07,10.16,9.95,10.05,55233240,9.44
2016/06/13,9.89,9.89,9.62,9.63,66088311,9.17
2016/06/14,9.63,9.70,9.61,9.65,44235466,9.07
2016/06/15,9.57,9.85,9.52,9.82,76125200,9.13
2016/06/16,9.74,9.80,9.67,9.69,40123560,9.13
2016/06/17,9.71,9.76,9.67,9.69,31744809,9.12
2016/06/20,9.74,9.74,9.62,9.68,26646741,9.07
2016/06/21,9.70,9.76,9.64,9.68,42740817,9.12
2016/06/22,9.68,9.71,9.64,9.70,29933691,9.09
2016/06/23,9.71,9.72,9.63,9.67,30842994,9.08
2016/06/24,9.67,9.69,9.34,9.51,81224606,8.93
2016/06/27,9.45,9.56,9.40,9.55,37890902,8.92
2016/06/28,9.52,9.62,9.48,9.59,41156273,8.95
2016/06/29,9.60,10.05,9.58,9.83,120138063,9.28
2016/06/30,9.89,9.90,9.74,9.76,56475850,9.19
2016/07/01,9.76,9.80,9.70,9.71,36886897,9.15
2016/07/04,9.69,9.84,9.67,9.82,62776549,9.21
2016/07/05,9.83,10.14,9.82,10.00,146818983,9.43
2016/07/06,9.92,9.97,9.80,9.87,69296807,9.28
2016/07/07,9.85,9.89,9.75,9.84,62197878,9.22
2016/07/08,9.80,9.84,9.76,9.78,37759268,9.20
2016/07/11,9.82,9.89,9.77,9.82,60673939,9.25
2016/07/12,9.83,9.98,9.78,9.96,88047885,9.29
2016/07/13,9.98,10.13,9.96,10.02,97124784,9.46
2016/07/14,10.00,10.00,9.91,9.96,50529508,9.35
2016/07/15,9.99,10.01,9.88,9.94,36724465,9.36
2016/07/18,9.93,9.94,9.81,9.83,46633017,9.26
2016/07/19,9.83,9.94,9.77,9.92,47821543,9.26
2016/07/20,9.92,9.92,9.82,9.85,25229179,9.28
2016/07/21,9.91,9.93,9.85,9.85,34356688,9.30
2016/07/22,9.83,9.85,9.76,9.79,38726568,9.21
2016/07/25,9.79,9.80,9.73,9.76,26867498,9.18
2016/07/26,9.77,9.83,9.76,9.83,25672200,9.21
2016/07/27,9.82,9.86,9.52,9.73,79954800,9.08
2016/07/28,9.71,9.71,9.59,9.67,37939000,9.06
2016/07/29,9.67,9.68,9.60,9.62,28678760,9.04
2016/08/01,9.61,9.63,9.49,9.53,45042385,8.94
2016/08/02,9.54,9.57,9.51,9.56,19322920,8.95
2016/08/03,9.53,9.61,9.51,9.61,22716199,8.99
2016/08/04,9.60,9.63,9.55,9.62,25166906,8.99
2016/08/05,9.67,9.68,9.62,9.65,26452753,8.91
2016/08/08,9.64,9.69,9.60,9.69,26174647,8.91
