Date, SZ002438.Open, SZ002438.High, SZ002438.Low, SZ002438.Close, SZ002438.Volume, SZ002438.Adjusted
2010/06/23,29.01,31.74,29.00,30.37,18114019,30.30
2010/06/24,30.79,31.63,29.00,29.33,11588304,30.45
2010/06/25,29.96,30.35,27.13,27.41,7710048,28.81
2010/06/28,26.95,28.25,26.58,27.80,4201359,27.57
2010/06/29,27.30,27.75,25.20,25.75,4041328,26.60
2010/06/30,25.75,25.75,24.45,25.57,2512880,25.24
2010/07/01,25.20,25.87,24.76,25.03,2093704,25.25
2010/07/02,24.83,26.29,24.51,25.91,3219443,25.34
2010/07/05,25.48,26.15,24.91,25.13,2287724,25.50
2010/07/06,25.31,26.38,25.00,26.10,3115133,25.87
2010/07/07,25.90,26.38,25.71,25.91,2162697,25.99
2010/07/08,25.99,26.08,25.00,25.12,2215820,25.32
2010/07/09,24.94,26.10,24.81,25.74,2376698,25.56
2010/07/12,25.95,26.50,25.70,25.83,2276668,26.00
2010/07/13,25.60,26.65,24.85,26.33,3381367,25.87
2010/07/14,26.06,26.95,26.04,26.67,3014874,26.49
2010/07/15,26.48,26.75,25.30,25.50,2508299,26.01
2010/07/16,25.45,25.89,25.05,25.55,1751204,25.37
2010/07/19,25.58,25.83,25.21,25.67,1579562,25.54
2010/07/20,25.80,26.32,25.51,26.20,2403449,26.00
2010/07/21,26.82,28.82,26.82,28.82,7158321,28.40
2010/07/22,28.37,28.66,27.84,28.33,5067569,28.22
2010/07/23,28.27,28.58,27.82,28.36,2927105,28.22
2010/07/26,28.36,29.20,28.05,28.59,3774653,28.75
2010/07/27,28.62,28.86,27.77,28.00,2393008,28.34
2010/07/28,27.85,28.47,27.85,28.43,1911226,28.25
2010/07/29,28.47,29.23,28.11,28.80,3099749,28.66
2010/07/30,28.69,28.70,28.10,28.30,1549761,28.36
2010/08/02,28.38,29.70,28.30,29.30,2964680,29.17
2010/08/03,29.21,29.66,28.85,28.85,2405301,29.28
2010/08/04,30.77,31.74,30.01,30.66,6627542,31.05
2010/08/05,30.07,31.11,29.80,30.09,3604437,30.36
2010/08/06,30.10,30.75,29.91,30.64,1994686,30.48
2010/08/09,30.60,31.25,30.44,30.79,2104903,30.83
2010/08/10,30.80,30.94,29.01,29.05,2559692,29.90
2010/08/11,28.89,29.80,28.85,29.79,1601609,29.27
2010/08/12,29.40,31.10,29.11,30.18,3113070,30.48
2010/08/13,30.00,30.48,29.41,30.00,2549275,29.92
2010/08/16,30.05,30.60,29.79,30.40,1707730,30.22
2010/08/17,30.37,30.79,30.02,30.60,2126770,30.39
2010/08/18,30.69,31.20,29.90,30.92,2992590,30.69
2010/08/19,30.92,31.09,30.50,30.70,1691340,30.78
2010/08/20,30.76,30.80,29.80,29.95,1583522,30.18
2010/08/23,29.80,30.15,29.56,30.00,955171,29.85
2010/08/24,30.00,30.27,29.52,30.10,998252,30.00
2010/08/25,29.41,29.87,29.41,29.42,1352553,29.59
2010/08/26,29.42,29.73,29.05,29.57,1094146,29.42
2010/08/27,29.70,32.53,29.70,32.53,4061911,32.11
2010/08/30,33.50,35.72,33.41,35.10,8168153,34.27
2010/08/31,34.40,36.68,34.11,36.01,5214373,35.27
2010/09/01,35.70,35.85,34.14,35.15,3651102,34.95
2010/09/02,35.26,38.18,35.22,37.10,5217194,36.46
2010/09/03,37.10,37.50,35.98,36.61,3397398,36.57
2010/09/06,36.75,36.77,34.01,34.70,2901430,35.18
2010/09/07,34.60,35.18,34.25,34.96,1673886,34.67
2010/09/08,35.29,38.40,35.25,36.61,4181429,36.95
2010/09/09,36.50,37.70,35.48,35.75,3012962,36.28
2010/09/10,35.65,36.40,35.00,36.20,2118210,35.64
2010/09/13,36.04,37.49,35.68,37.09,2502815,36.86
2010/09/14,36.99,38.35,36.83,37.60,2340333,37.84
2010/09/15,37.39,37.49,35.10,35.73,1870325,36.53
2010/09/16,36.01,36.08,34.16,34.80,1489008,34.81
2010/09/17,34.68,35.10,34.50,34.68,816972,34.81
2010/09/20,34.85,35.07,33.11,33.13,1253106,33.82
2010/09/21,33.80,34.30,33.11,33.71,1173430,33.80
2010/09/27,33.98,35.80,32.71,34.86,2825434,34.11
2010/09/28,34.51,34.96,33.75,34.43,1962963,34.42
2010/09/29,34.50,34.96,33.00,33.28,1581966,34.11
2010/09/30,33.05,33.70,33.05,33.65,1106486,33.53
2010/10/08,33.98,35.20,33.98,34.80,1413851,34.66
2010/10/11,35.00,36.48,34.40,35.16,2332290,35.34
2010/10/12,34.70,35.45,34.52,34.71,1541614,34.80
2010/10/13,34.61,38.08,34.61,37.42,3723964,36.58
2010/10/14,37.27,39.80,35.51,37.73,5278521,37.48
2010/10/15,37.73,39.77,36.70,38.15,4487136,38.55
2010/10/18,38.25,39.25,34.34,35.83,3709208,37.10
2010/10/19,35.85,36.86,35.85,36.45,1732123,36.36
2010/10/20,35.41,37.00,35.41,36.60,2236673,36.33
2010/10/21,37.30,37.67,36.21,36.63,1632099,36.90
2010/10/22,36.75,37.20,36.00,36.95,1909343,36.60
2010/10/25,37.00,38.98,36.98,38.14,2511018,38.16
2010/10/26,38.20,40.28,38.00,38.75,3003594,39.20
2010/10/27,38.60,39.17,37.60,37.82,1988914,38.26
2010/10/28,37.77,38.90,37.50,38.17,1353024,38.16
2010/10/29,38.38,39.78,38.30,39.49,2354803,39.16
2010/11/01,39.68,42.80,39.65,41.80,2762830,41.32
2010/11/02,42.10,45.45,41.45,41.80,4014832,43.29
2010/11/03,41.22,44.10,40.51,42.49,3247697,42.58
2010/11/04,42.00,43.98,41.80,43.47,1942629,43.25
2010/11/05,43.80,44.18,42.40,43.18,2602773,43.07
2010/11/08,43.80,44.18,42.40,43.18,0,43.29
2010/11/09,43.44,43.44,41.65,41.86,1971906,42.26
2010/11/10,41.70,42.68,41.35,42.20,1185946,42.12
2010/11/11,42.38,43.37,41.50,41.60,1864319,42.46
2010/11/12,41.14,41.40,37.56,37.77,2454097,39.22
2010/11/15,38.30,39.39,37.30,38.90,1482464,38.45
2010/11/16,38.95,39.88,37.64,38.00,1468246,38.83
2010/11/17,37.79,39.10,37.26,37.30,1232561,38.23
2010/11/18,37.60,38.48,37.30,38.38,1052518,37.94
2010/11/19,38.38,39.98,38.38,39.98,1873669,39.37
2010/11/22,40.36,42.00,40.35,40.98,1932379,41.25
2010/11/23,40.67,42.40,40.50,42.36,1781088,41.31
2010/11/24,42.07,42.80,41.35,42.48,1216938,42.23
2010/11/25,42.36,43.18,41.60,41.65,1463222,42.17
2010/11/26,42.00,42.00,41.00,41.36,851912,41.36
2010/11/29,41.25,42.19,40.93,41.96,957259,41.66
2010/11/30,42.00,42.60,38.50,40.00,1894488,40.20
2010/12/01,40.00,40.40,39.00,39.48,801778,39.52
2010/12/02,40.70,42.65,40.70,41.10,1970940,41.49
2010/12/03,40.50,41.28,39.60,40.28,1118468,40.28
2010/12/06,40.20,40.64,38.64,38.95,832287,39.20
2010/12/07,38.80,40.01,38.40,39.81,906307,39.02
2010/12/08,39.65,40.27,39.11,39.35,757658,39.78
2010/12/09,39.16,39.20,38.38,38.40,648769,38.71
2010/12/10,38.25,39.87,38.20,39.43,769301,39.06
2010/12/13,39.75,41.80,39.65,41.40,1577477,40.80
2010/12/14,41.30,42.30,40.82,41.96,1462712,41.63
2010/12/15,41.96,42.05,41.10,41.20,984012,41.45
2010/12/16,41.35,41.49,40.61,40.92,931917,41.06
2010/12/17,40.75,41.20,40.51,40.72,636792,40.81
2010/12/20,40.98,41.46,38.94,40.34,1415118,40.66
2010/12/21,40.40,40.70,39.78,40.57,820596,40.33
2010/12/22,40.56,40.96,39.65,39.72,918075,40.40
2010/12/23,39.75,39.75,38.46,38.50,1112489,39.03
2010/12/24,38.37,38.45,36.33,36.61,1135496,37.14
2010/12/27,36.82,37.51,35.25,35.25,854160,36.61
2010/12/28,35.27,35.68,34.30,34.35,851175,34.72
2010/12/29,34.36,35.26,34.36,35.20,543635,34.82
2010/12/30,35.20,36.62,34.83,36.30,766573,35.77
2010/12/31,36.20,36.61,36.00,36.45,717663,36.32
2011/01/04,37.33,38.60,37.03,37.03,988192,37.58
2011/01/05,37.10,40.40,36.70,39.60,2452858,38.77
2011/01/06,39.00,39.20,38.11,38.85,1271874,38.68
2011/01/07,38.35,39.34,38.28,38.99,922221,38.86
2011/01/10,38.71,39.25,36.92,37.35,690730,38.09
2011/01/11,37.00,37.20,36.00,36.20,502781,36.54
2011/01/12,36.40,36.83,36.06,36.41,354308,36.44
2011/01/13,36.43,36.99,36.22,36.29,238881,36.47
2011/01/14,36.27,36.27,34.93,35.01,497482,35.40
2011/01/17,35.00,35.40,34.40,34.61,458804,34.72
2011/01/18,34.70,35.59,34.50,34.92,460636,35.10
2011/01/19,34.93,36.76,34.70,36.52,685078,35.98
2011/01/20,35.68,36.30,34.80,35.03,517486,35.51
2011/01/21,34.70,36.00,34.60,35.77,309077,35.52
2011/01/24,35.60,35.90,34.44,34.75,317242,35.06
2011/01/25,34.52,34.84,32.68,32.87,521987,33.21
2011/01/26,32.87,33.66,32.87,33.38,280090,33.37
2011/01/27,32.50,35.44,32.48,34.25,499686,34.21
2011/01/28,34.08,34.50,34.01,34.33,330239,34.25
2011/01/31,34.39,35.50,34.00,35.23,406929,34.85
2011/02/01,35.00,36.48,35.00,35.29,584876,35.68
2011/02/09,35.19,36.50,34.08,35.83,564555,35.86
2011/02/10,35.60,36.40,35.20,36.38,417922,36.08
2011/02/11,36.48,37.48,36.00,36.35,894172,36.50
2011/02/14,36.31,37.25,36.20,36.80,753568,36.76
2011/02/15,36.61,37.26,36.61,36.77,849790,36.95
2011/02/16,36.76,37.48,36.60,37.35,679388,37.16
2011/02/17,37.35,38.38,36.35,38.09,1296131,37.23
2011/02/18,37.99,37.99,37.20,37.22,609607,37.47
2011/02/21,36.80,37.75,36.65,37.67,752502,37.40
2011/02/22,37.67,38.39,37.01,37.05,1031219,37.82
2011/02/23,36.86,38.25,36.85,37.66,744429,37.72
2011/02/24,37.60,37.97,36.79,37.10,540015,37.15
2011/02/25,37.26,37.88,36.84,37.39,482575,37.42
2011/02/28,37.44,38.18,36.89,38.07,918096,37.59
2011/03/01,38.07,38.27,37.65,37.99,703051,37.99
2011/03/02,37.83,37.83,36.75,36.92,929525,37.12
2011/03/03,36.92,37.25,35.35,35.40,1085525,36.11
2011/03/04,35.32,35.71,35.30,35.45,505835,35.47
2011/03/07,35.93,35.95,35.41,35.85,782767,35.64
2011/03/08,35.98,36.87,35.98,36.00,837088,36.32
2011/03/09,36.00,36.18,35.50,35.60,634831,35.70
2011/03/10,35.60,35.75,34.65,34.98,1207921,34.91
2011/03/11,34.98,35.26,34.65,35.07,1073451,35.02
2011/03/14,34.08,36.78,33.51,36.78,2868913,35.22
2011/03/15,35.90,37.00,34.70,36.69,3879852,35.90
2011/03/16,36.50,36.50,35.30,35.64,2323383,35.84
2011/03/17,33.66,33.68,32.08,32.08,4091779,32.37
2011/03/18,31.43,32.17,30.68,32.10,2917556,31.48
2011/03/21,32.05,32.77,31.53,31.66,2209957,31.99
2011/03/22,31.67,31.77,30.71,30.91,1506946,30.90
2011/03/23,30.91,31.31,30.91,31.16,1077054,31.07
2011/03/24,31.16,31.39,30.91,31.16,1081866,31.17
2011/03/25,31.18,31.22,30.79,30.91,1180942,30.94
2011/03/28,31.00,31.00,29.50,29.61,2647246,30.00
2011/03/29,29.50,29.50,28.10,28.17,1969154,28.64
2011/03/30,28.25,29.00,28.25,28.74,1521238,28.76
2011/03/31,28.92,29.00,28.60,28.74,784671,28.78
2011/04/01,28.92,29.00,28.60,28.74,0,28.80
2011/04/06,28.76,29.27,28.25,28.39,958952,28.76
2011/04/07,28.39,28.94,28.08,28.87,877094,28.65
2011/04/08,28.79,29.05,28.40,29.03,912019,28.87
2011/04/11,29.11,29.11,28.76,28.77,723692,28.90
2011/04/12,28.35,28.35,27.49,27.57,1781405,27.81
2011/04/13,27.60,27.95,27.45,27.91,886592,27.76
2011/04/14,27.92,28.18,27.50,28.16,1068332,27.86
2011/04/15,27.95,27.98,27.49,27.92,668845,27.79
2011/04/18,27.72,28.18,27.72,28.07,652469,27.98
2011/04/19,27.90,28.16,27.60,27.68,632446,27.77
2011/04/20,27.70,28.49,27.70,28.34,987946,28.22
2011/04/21,28.46,28.83,28.20,28.79,1003010,28.52
2011/04/22,28.80,28.93,28.32,28.45,741413,28.50
2011/04/25,28.49,28.72,27.19,27.64,700086,27.70
2011/04/26,27.65,27.75,26.81,26.92,661599,27.12
2011/04/27,27.16,27.16,25.90,26.12,504750,26.53
2011/04/28,26.14,26.36,25.15,25.40,542071,25.49
2011/04/29,25.51,25.69,25.20,25.66,356646,25.53
2011/05/03,25.75,27.67,25.52,27.44,836513,26.84
2011/05/04,27.03,27.23,25.92,26.30,618651,26.67
2011/05/05,26.28,26.61,26.00,26.55,312977,26.33
2011/05/06,26.55,26.58,26.10,26.42,264855,26.40
2011/05/09,26.55,26.58,26.10,26.42,0,26.34
2011/05/10,27.86,27.88,27.04,27.10,960392,27.42
2011/05/11,26.86,27.40,26.84,26.94,414150,27.03
2011/05/12,26.88,26.88,26.12,26.16,505952,26.44
2011/05/13,26.09,26.40,25.83,26.28,300542,26.04
2011/05/16,26.67,28.47,26.21,27.89,2069875,27.85
2011/05/17,27.49,27.86,27.10,27.50,835247,27.50
2011/05/18,27.52,28.19,27.52,28.00,945658,27.98
2011/05/19,28.00,28.44,27.60,27.84,700281,27.94
2011/05/20,27.56,27.80,27.20,27.42,432221,27.43
2011/05/23,27.42,27.42,26.00,26.01,514520,26.59
2011/05/24,26.00,26.09,25.18,26.09,416719,25.59
2011/05/25,25.80,26.20,25.51,25.61,353589,25.74
2011/05/26,25.61,25.86,25.15,25.15,367739,25.40
2011/05/27,25.16,25.50,24.01,24.14,451338,24.51
2011/05/30,24.00,24.00,23.22,23.41,278029,23.55
2011/05/31,23.11,23.66,22.80,23.66,476761,23.11
2011/06/01,23.66,23.85,23.28,23.71,339405,23.47
2011/06/02,23.60,23.60,22.18,22.44,820176,22.54
2011/06/03,22.40,22.79,22.40,22.76,391780,22.57
2011/06/07,22.79,22.92,22.62,22.85,304185,22.67
2011/06/08,22.83,23.80,22.60,23.66,649069,23.06
2011/06/09,23.50,23.51,22.50,22.86,539910,22.91
2011/06/10,22.75,23.08,22.20,22.62,286157,22.42
2011/06/13,22.30,22.30,21.78,21.93,391933,21.85
2011/06/14,22.06,22.34,21.96,22.26,325143,22.08
2011/06/15,22.25,22.25,21.90,21.90,260346,21.96
2011/06/16,21.61,21.61,20.56,20.58,828704,20.84
2011/06/17,20.50,20.71,20.28,20.28,296866,20.40
2011/06/20,20.37,20.37,19.75,19.83,320743,19.83
2011/06/21,19.90,20.16,19.80,20.00,305703,19.88
2011/06/22,20.10,21.07,20.00,20.25,755923,20.55
2011/06/23,20.02,20.82,19.80,20.80,730183,20.39
2011/06/24,20.70,21.86,20.60,21.63,1205823,21.20
2011/06/27,21.67,23.78,21.50,23.78,3330761,23.30
2011/06/28,23.68,23.68,23.00,23.20,2333859,23.12
2011/06/29,23.10,23.28,22.80,22.80,966825,22.93
2011/06/30,22.78,23.05,22.61,22.86,699058,22.80
2011/07/01,22.88,23.05,22.66,22.74,757624,22.77
2011/07/04,22.75,23.37,22.75,23.25,1085066,23.11
2011/07/05,23.28,23.90,23.18,23.90,1406417,23.48
2011/07/06,23.90,23.90,23.41,23.62,837026,23.48
2011/07/07,23.43,23.89,23.43,23.58,984096,23.57
2011/07/08,23.52,23.58,23.02,23.07,619184,23.10
2011/07/11,22.76,23.29,22.73,23.20,424553,23.00
2011/07/12,23.19,23.19,22.68,22.68,507354,22.70
2011/07/13,22.74,23.46,22.70,23.39,711561,23.10
2011/07/14,23.70,24.40,23.60,24.10,1376388,23.89
2011/07/15,24.11,25.09,23.80,25.08,1914725,24.53
2011/07/18,25.20,25.20,24.65,24.66,1287966,24.71
2011/07/19,24.58,24.75,24.28,24.41,679592,24.35
2011/07/20,24.60,24.90,24.30,24.76,659963,24.57
2011/07/21,24.53,24.74,24.21,24.35,531309,24.29
2011/07/22,24.36,25.32,24.36,25.10,1459002,24.97
2011/07/25,24.99,24.99,22.90,23.36,1113006,24.00
2011/07/26,23.10,23.57,22.41,22.66,872479,22.79
2011/07/27,22.55,23.17,22.55,23.00,668704,22.84
2011/07/28,22.90,23.76,22.65,23.55,589726,23.22
2011/07/29,23.40,23.56,22.85,22.89,432216,23.01
2011/08/01,22.97,23.28,22.62,23.17,458864,22.96
2011/08/02,23.08,23.08,22.59,22.97,357553,22.70
2011/08/03,23.90,25.26,23.70,25.26,2408859,24.89
2011/08/04,26.15,27.03,25.93,26.49,6466051,26.35
2011/08/05,25.10,26.00,24.37,25.46,2847591,25.34
2011/08/08,24.71,24.98,22.97,23.31,2454857,24.00
2011/08/09,22.56,23.08,21.28,22.40,1941457,21.97
2011/08/10,23.08,24.63,22.75,24.63,3408863,23.87
2011/08/11,24.09,26.23,23.92,25.58,4757809,25.24
2011/08/12,24.09,26.23,23.92,25.58,0,25.08
2011/08/15,25.50,27.23,24.72,26.80,4009207,26.11
2011/08/16,26.49,27.08,25.75,25.95,2647237,26.23
2011/08/17,25.93,28.10,25.87,27.90,4715194,27.19
2011/08/18,27.50,27.75,27.11,27.16,2934867,27.23
2011/08/19,26.20,26.61,25.91,26.47,2123310,26.17
2011/08/22,26.40,26.70,25.92,26.06,1305661,26.13
2011/08/23,26.07,28.66,26.07,28.14,4869637,27.87
2011/08/24,28.10,28.51,27.50,27.60,3315669,27.84
2011/08/25,27.58,28.34,27.15,28.23,2911394,27.75
2011/08/26,28.24,28.59,27.72,28.22,2115459,28.17
2011/08/29,28.06,28.06,27.19,27.37,1643633,27.41
2011/08/30,27.48,27.83,26.58,26.66,1558524,27.00
2011/08/31,26.46,27.10,26.31,26.90,1135604,26.65
2011/09/01,26.98,27.05,26.10,26.26,1120268,26.39
2011/09/02,25.60,26.36,25.58,25.75,814023,25.67
2011/09/05,25.59,25.59,24.58,24.62,800820,24.73
2011/09/06,24.36,25.08,24.20,24.66,610984,24.64
2011/09/07,24.97,25.99,24.81,25.99,1350797,25.39
2011/09/08,26.20,26.22,25.11,25.39,1075903,25.65
2011/09/09,25.39,25.75,24.62,25.08,560608,25.03
2011/09/13,24.60,24.60,23.62,24.00,732022,23.97
2011/09/14,24.20,24.70,23.30,24.55,581785,23.94
2011/09/15,24.66,24.73,24.28,24.46,512283,24.45
2011/09/16,24.46,24.75,23.94,23.96,487270,24.31
2011/09/19,23.95,23.95,22.60,22.93,735139,22.94
2011/09/20,22.77,23.61,22.59,23.40,581010,23.08
2011/09/21,24.76,25.73,24.76,25.73,1079181,25.52
2011/09/22,28.29,28.29,26.93,27.17,7993819,27.58
2011/09/23,26.38,28.90,26.30,28.00,6934560,27.80
2011/09/26,27.72,27.84,26.96,27.31,3205855,27.29
2011/09/27,27.41,27.66,25.72,26.29,3494339,26.39
2011/09/28,26.50,26.80,25.90,26.46,2386260,26.26
2011/09/29,26.11,26.40,23.82,23.88,3103005,24.47
2011/09/30,23.78,25.10,23.40,24.60,2897701,24.28
2011/10/10,24.40,25.22,23.80,24.61,2223087,24.56
2011/10/11,25.20,25.70,23.80,24.30,1823141,24.72
2011/10/12,24.30,26.35,23.33,26.15,3092847,25.16
2011/10/13,25.80,27.08,25.74,27.07,3428923,26.55
2011/10/14,26.90,26.90,26.30,26.60,1861686,26.46
2011/10/17,26.46,27.65,26.46,27.37,2811250,27.01
2011/10/18,27.30,27.30,25.66,25.75,2516301,26.36
2011/10/19,25.80,26.51,25.27,25.96,1684712,25.92
2011/10/20,25.58,25.93,24.90,25.55,1232750,25.32
2011/10/21,25.13,25.80,24.80,24.87,1000055,25.23
2011/10/24,24.98,25.90,23.70,25.85,1671139,24.73
2011/10/25,25.70,26.98,25.58,26.84,2625360,26.49
2011/10/26,26.57,27.50,26.40,26.80,3210351,26.90
2011/10/27,26.98,27.48,26.43,26.76,2069488,26.80
2011/10/28,27.02,27.60,26.80,27.52,2997680,27.20
2011/10/31,27.53,28.17,27.21,27.58,2787225,27.57
2011/11/01,27.26,27.57,26.60,27.10,1890240,26.96
2011/11/02,26.56,29.80,26.19,29.15,5144063,28.32
2011/11/03,29.56,32.06,29.56,30.29,8124731,30.87
2011/11/04,30.40,31.41,30.25,30.75,3941966,30.58
2011/11/07,30.54,30.62,29.90,30.20,1664708,30.19
2011/11/08,30.30,30.64,28.95,29.30,2890973,29.53
2011/11/09,29.15,30.89,29.15,30.80,2677393,30.03
2011/11/10,30.50,30.66,29.85,30.15,1951906,30.18
2011/11/11,30.16,30.53,29.80,30.22,1245781,30.05
2011/11/14,30.66,31.40,30.38,30.53,2173063,30.80
2011/11/15,30.56,31.15,30.10,30.28,1608616,30.39
2011/11/16,30.11,30.54,29.10,29.11,1644594,29.53
2011/11/17,29.10,29.51,28.66,28.67,1593213,28.88
2011/11/18,28.40,28.80,27.80,27.87,1468486,28.11
2011/11/21,27.90,28.78,27.40,28.78,1306949,28.04
2011/11/22,28.39,29.53,28.17,29.52,1884557,28.86
2011/11/23,30.12,30.76,29.13,29.20,2277793,29.85
2011/11/24,28.77,29.08,28.11,28.52,1228453,28.36
2011/11/25,28.53,28.88,28.20,28.29,813146,28.41
2011/11/28,28.35,28.78,27.88,28.13,819987,28.11
2011/11/29,28.45,28.68,28.25,28.60,851499,28.34
2011/11/30,28.60,28.60,26.40,27.00,1339929,27.39
2011/12/01,27.91,28.19,27.21,27.32,933035,27.70
2011/12/02,27.25,27.53,27.05,27.08,584057,27.20
2011/12/05,27.11,27.29,25.90,26.14,871899,26.30
2011/12/06,26.00,26.47,25.10,26.25,1745597,25.73
2011/12/07,26.00,26.22,25.61,26.03,1031729,25.85
2011/12/08,26.10,26.48,25.35,26.13,1081209,25.90
2011/12/09,25.52,26.89,25.52,26.30,1145884,26.30
2011/12/12,26.02,26.20,25.41,25.56,737544,25.61
2011/12/13,25.56,26.08,25.10,25.47,1157235,25.49
2011/12/14,25.50,25.70,23.70,23.95,1191941,24.58
2011/12/15,23.35,23.57,22.48,22.71,937059,22.99
2011/12/16,22.71,23.86,22.70,23.83,772122,23.09
2011/12/19,23.60,23.98,22.88,23.91,838346,23.37
2011/12/20,23.98,24.30,23.56,23.56,752168,23.89
2011/12/21,23.91,24.28,22.90,22.90,626862,23.55
2011/12/22,22.63,22.90,21.85,22.39,758394,22.19
2011/12/23,22.06,22.87,21.99,22.50,626972,22.51
2011/12/26,22.22,22.72,22.08,22.20,473806,22.26
2011/12/27,22.12,24.10,21.08,22.77,1824277,22.51
2011/12/28,21.90,22.48,21.89,22.33,863095,22.06
2011/12/29,22.33,22.69,22.04,22.34,686390,22.38
2011/12/30,22.55,22.85,22.34,22.80,688364,22.57
2012/01/04,23.20,23.29,21.82,21.82,695188,22.60
2012/01/05,21.41,21.73,20.01,20.07,1004810,20.82
2012/01/06,20.05,20.90,19.49,20.65,1029799,20.11
2012/01/09,20.65,21.68,20.25,21.59,855823,20.96
2012/01/10,21.45,22.60,21.40,22.60,1268978,22.01
2012/01/11,22.60,24.85,22.37,23.39,2167664,23.49
2012/01/12,23.05,23.59,22.86,23.01,991364,22.97
2012/01/13,22.90,23.31,21.58,21.81,941734,22.18
2012/01/16,21.68,22.24,21.35,21.38,465250,21.71
2012/01/17,21.39,22.73,21.31,22.68,1013039,22.07
2012/01/18,23.23,24.30,22.60,22.85,1540281,23.37
2012/01/19,22.80,23.08,22.30,22.64,771783,22.62
2012/01/20,23.08,23.30,22.80,22.99,922392,22.91
2012/01/30,23.28,24.09,22.99,23.08,1126387,23.42
2012/01/31,23.09,23.15,22.50,23.08,575812,22.75
2012/02/01,22.71,23.52,22.60,22.77,748808,22.97
2012/02/02,22.86,23.39,22.81,23.38,949557,23.02
2012/02/03,23.38,23.56,22.93,23.52,1057779,23.25
2012/02/06,24.13,24.58,23.65,23.85,1840709,24.04
2012/02/07,23.65,24.85,23.57,24.19,2024827,24.08
2012/02/08,23.10,25.10,23.10,25.10,2928552,24.37
2012/02/09,24.94,24.95,24.32,24.73,2387762,24.53
2012/02/10,24.84,25.06,24.36,24.70,1575364,24.55
2012/02/13,24.50,25.20,24.19,25.20,1737228,24.64
2012/02/14,25.00,25.37,24.70,24.74,1444462,24.90
2012/02/15,26.59,27.20,25.82,27.20,4761557,26.43
2012/02/16,27.20,27.20,26.22,26.70,3070362,26.57
2012/02/17,26.65,26.94,26.31,26.71,1658546,26.54
2012/02/20,26.90,27.05,26.50,26.59,1651542,26.62
2012/02/21,26.60,28.89,26.02,27.66,3616769,27.26
2012/02/22,27.40,28.02,27.16,27.86,2790219,27.51
2012/02/23,27.56,27.96,27.32,27.37,1552197,27.50
2012/02/24,27.57,27.89,27.40,27.60,1415710,27.57
2012/02/27,27.53,28.30,27.26,27.29,2088552,27.65
2012/02/28,27.28,27.55,26.71,27.01,1683305,27.02
2012/02/29,27.04,27.35,26.65,26.77,1192141,26.89
2012/03/01,26.79,27.35,26.63,27.08,984582,26.97
2012/03/02,27.04,27.70,26.98,27.55,1196429,27.31
2012/03/05,27.60,28.19,27.43,27.79,2258016,27.74
2012/03/06,27.73,27.73,26.91,27.07,1335548,27.12
2012/03/07,26.60,27.44,26.40,26.93,1012862,27.02
2012/03/08,27.10,27.59,26.98,27.32,1078221,27.27
2012/03/09,27.42,27.98,27.16,27.89,1216843,27.50
2012/03/12,28.81,29.81,28.35,28.80,4027631,28.99
2012/03/13,29.90,31.67,28.98,31.67,7705068,30.92
2012/03/14,31.70,31.70,29.50,29.98,7015101,30.81
2012/03/15,29.91,32.90,29.91,32.09,7574989,31.49
2012/03/16,32.00,32.48,31.10,32.46,3996434,31.68
2012/03/19,31.99,31.99,30.90,31.55,3244506,31.45
2012/03/20,31.60,32.66,30.70,30.75,2791064,31.61
2012/03/21,30.78,31.37,29.26,30.44,2536428,30.11
2012/03/22,30.23,31.59,29.75,31.31,2224231,30.51
2012/03/23,31.08,31.31,29.76,30.14,1830418,30.48
2012/03/26,30.55,30.60,29.60,29.98,1331698,29.98
2012/03/27,30.38,30.40,29.82,30.00,1203217,30.03
2012/03/28,30.16,30.16,27.42,27.48,2591442,28.10
2012/03/29,26.66,27.70,26.50,26.77,1429958,27.03
2012/03/30,26.92,27.56,26.90,27.37,1431994,27.16
2012/04/05,26.92,27.56,26.90,27.37,0,27.23
2012/04/06,28.28,29.05,27.97,28.30,1938224,28.38
2012/04/09,27.80,28.58,27.30,27.30,1118030,27.86
2012/04/10,27.10,28.45,26.48,28.45,2018346,27.52
2012/04/11,27.90,28.35,27.76,28.19,1050788,27.97
2012/04/12,28.22,28.56,27.85,28.47,1311492,28.18
2012/04/13,28.47,29.05,28.21,28.55,1395907,28.51
2012/04/16,28.12,28.60,28.10,28.16,869624,28.24
2012/04/17,28.13,28.24,27.20,27.20,969837,27.59
2012/04/18,27.60,28.41,27.32,28.38,1342220,27.99
2012/04/19,28.33,29.73,28.15,29.27,2106186,28.90
2012/04/20,29.03,30.08,29.03,30.05,2526066,29.76
2012/04/23,30.21,30.84,28.82,29.43,1821296,29.77
2012/04/24,28.99,29.70,27.44,28.71,1355824,28.37
2012/04/25,28.71,30.56,28.12,29.67,1701048,29.37
2012/04/26,29.35,29.72,28.80,28.80,1325610,29.10
2012/04/27,28.90,29.49,28.68,28.93,635672,28.93
2012/05/02,29.70,30.29,29.27,30.00,1633764,29.61
2012/05/03,29.76,29.99,29.47,29.71,1163687,29.60
2012/05/04,29.61,30.48,29.26,30.29,1602873,29.80
2012/05/07,29.61,30.48,29.26,30.29,0,29.87
2012/05/08,31.59,31.88,30.55,30.82,1959622,30.84
2012/05/09,30.50,30.82,29.61,30.10,1384205,29.87
2012/05/10,31.00,32.20,30.32,30.50,6078736,31.26
2012/05/11,30.62,32.06,30.60,30.78,4972581,31.33
2012/05/14,30.92,31.10,28.62,29.28,4305462,29.86
2012/05/15,28.60,29.10,28.26,28.96,2003568,28.68
2012/05/16,29.00,29.50,28.60,29.04,1910039,29.05
2012/05/17,29.04,29.58,28.82,29.22,1520975,29.20
2012/05/18,29.54,30.56,29.12,29.22,3285450,29.84
2012/05/21,29.04,29.98,29.04,29.62,2273408,29.51
2012/05/22,30.02,31.96,29.62,31.34,6243723,30.79
2012/05/23,30.82,31.16,30.46,31.00,3887017,30.81
2012/05/24,30.84,32.10,30.80,31.38,4780526,31.45
2012/05/25,31.36,31.80,30.50,31.74,4752621,31.15
2012/05/28,31.50,34.90,30.84,33.80,9939317,32.87
2012/05/29,33.70,35.52,33.60,34.06,13182116,34.56
2012/05/30,33.76,37.10,33.62,36.50,12611609,35.36
2012/05/31,36.36,36.80,35.32,36.70,9348823,36.06
2012/06/01,36.70,36.94,35.20,35.56,9255470,36.07
2012/06/04,34.14,34.92,33.82,33.90,5236471,34.37
2012/06/05,34.14,34.56,32.68,32.98,5262383,33.62
2012/06/06,33.38,33.68,32.60,33.08,3568327,33.14
2012/06/07,33.48,33.68,32.20,32.42,3657662,32.94
2012/06/08,32.90,33.70,32.00,33.20,5463922,32.85
2012/06/11,32.90,33.70,32.00,33.20,0,32.85
2012/06/12,33.60,34.50,33.60,33.68,6826494,34.05
2012/06/13,33.60,34.94,32.98,34.90,6664339,33.96
2012/06/14,34.72,35.50,34.00,34.14,5871064,34.75
2012/06/15,34.34,34.80,33.16,34.02,3809311,33.98
2012/06/18,34.94,35.66,34.36,34.74,6195834,35.01
2012/06/19,34.20,34.56,33.74,33.94,3184923,34.15
2012/06/20,33.96,34.06,33.10,33.20,2600693,33.58
2012/06/21,33.38,33.38,31.64,32.00,2686677,32.51
2012/06/25,31.26,31.90,30.68,30.72,1864328,31.29
2012/06/26,30.68,31.44,29.74,31.06,2214315,30.59
2012/06/27,30.72,31.90,30.68,31.26,2719415,31.29
2012/06/28,31.30,31.54,30.24,30.24,2245768,30.89
2012/06/29,29.78,30.88,29.22,30.78,1994892,30.05
2012/07/02,31.18,31.42,30.78,31.04,2372505,31.10
2012/07/03,31.00,31.50,30.70,31.00,2247585,31.10
2012/07/04,30.96,33.96,30.54,33.12,6787637,32.25
2012/07/05,32.20,32.44,31.54,31.64,3803671,31.99
2012/07/06,31.70,32.30,31.00,32.00,2587460,31.65
2012/07/09,31.76,32.34,31.30,31.30,2276972,31.82
2012/07/10,30.96,31.60,29.80,30.44,2780143,30.70
2012/07/11,30.20,30.44,29.86,30.02,1718014,30.15
2012/07/12,30.14,31.14,30.04,30.76,2268218,30.59
2012/07/13,30.76,30.90,29.80,29.96,1972033,30.35
2012/07/16,29.92,30.10,27.60,27.66,3256374,28.85
2012/07/17,27.20,27.94,27.12,27.90,1382943,27.53
2012/07/18,27.80,28.32,27.34,27.96,1222840,27.83
2012/07/19,28.08,28.96,27.70,28.48,1955256,28.33
2012/07/20,28.30,29.10,28.30,29.08,2109586,28.70
2012/07/23,29.30,30.18,29.06,29.10,2887091,29.62
2012/07/24,29.30,29.56,28.78,29.08,1498338,29.17
2012/07/25,28.90,29.62,28.52,29.24,1799442,29.07
2012/07/26,29.20,29.48,28.70,28.70,1084995,29.09
2012/07/27,28.94,29.08,28.02,28.12,1041086,28.55
2012/07/30,28.12,28.66,27.52,27.72,589350,28.09
2012/07/31,27.80,28.12,27.54,27.74,644984,27.83
2012/08/01,27.74,28.40,27.74,28.22,1105758,28.07
2012/08/02,28.12,28.42,27.62,27.84,1196197,28.02
2012/08/03,28.10,29.18,27.80,29.14,1875963,28.49
2012/08/06,29.16,30.58,28.82,30.36,4024637,29.70
2012/08/07,30.12,30.74,29.90,30.50,2722586,30.32
2012/08/08,30.46,30.80,29.80,29.96,1948838,30.30
2012/08/09,30.08,31.94,29.98,30.94,3212746,30.96
2012/08/10,30.84,30.90,30.48,30.52,1682179,30.69
2012/08/13,30.40,30.40,29.44,29.44,1725738,29.92
2012/08/14,29.42,30.34,28.78,30.30,1630244,29.56
2012/08/15,30.28,30.28,29.44,29.44,987122,29.86
2012/08/16,29.02,30.16,29.02,29.62,1358776,29.59
2012/08/17,29.36,29.70,29.10,29.60,887856,29.40
2012/08/20,28.90,29.54,28.90,29.38,1178818,29.22
2012/08/21,29.36,30.06,29.12,29.88,1439260,29.59
2012/08/22,29.96,30.36,29.60,29.94,1572242,29.98
2012/08/23,29.82,30.32,29.50,30.04,1597369,29.91
2012/08/24,29.90,31.80,29.46,30.72,6146506,30.63
2012/08/27,30.40,30.40,28.56,28.56,3353689,29.48
2012/08/28,28.52,29.14,28.24,28.72,1473122,28.69
2012/08/29,28.72,29.28,28.62,28.96,1748776,28.95
2012/08/30,29.56,30.36,29.22,29.46,3777679,29.79
2012/08/31,29.36,29.44,28.24,28.64,2094526,28.84
2012/09/03,28.68,29.10,28.38,29.02,1111724,28.74
2012/09/04,29.46,29.70,28.76,28.90,1656782,29.23
2012/09/05,28.44,29.12,28.38,29.04,1138744,28.75
2012/09/06,29.00,29.74,28.90,29.62,2111742,29.32
2012/09/07,29.76,31.10,29.54,30.48,5170796,30.32
2012/09/10,30.38,30.98,30.10,30.92,4474323,30.54
2012/09/11,30.72,31.64,30.56,30.80,3641330,31.10
2012/09/12,30.84,31.58,30.64,31.52,3904980,31.11
2012/09/13,31.48,33.68,31.00,32.36,9737403,32.34
2012/09/14,32.46,32.76,31.00,31.40,5767694,31.88
2012/09/17,31.02,31.48,30.20,30.20,2704451,30.84
2012/09/18,30.12,31.70,30.00,30.74,3329687,30.85
2012/09/19,30.70,30.98,30.24,30.76,1361273,30.61
2012/09/20,30.78,30.78,28.90,29.10,2537331,29.84
2012/09/21,28.78,29.40,28.50,28.90,1564506,28.95
2012/09/24,28.60,29.54,28.60,29.26,1334749,29.07
2012/09/25,29.26,30.76,29.02,30.54,4163455,29.89
2012/09/26,30.58,30.78,29.36,29.60,4082182,30.07
2012/09/27,29.40,30.60,29.24,30.16,2643457,29.92
2012/09/28,29.72,30.68,29.68,30.56,2269217,30.18
2012/10/08,30.58,30.92,30.22,30.72,2590682,30.57
2012/10/09,30.90,31.48,30.80,31.40,3579113,31.14
2012/10/10,31.20,31.94,31.10,31.88,4448957,31.52
2012/10/11,31.50,31.52,30.62,30.82,2705668,31.07
2012/10/12,30.88,31.34,30.10,30.60,1617844,30.72
2012/10/15,30.56,31.32,30.24,31.32,2279231,30.78
2012/10/16,31.34,32.52,31.34,31.52,6339114,31.93
2012/10/17,31.64,32.20,31.40,31.44,4825994,31.80
2012/10/18,31.34,31.76,31.06,31.56,3543675,31.41
2012/10/19,31.64,31.94,31.12,31.80,2606822,31.53
2012/10/22,31.56,32.08,31.12,32.04,3026260,31.60
2012/10/23,32.06,33.58,32.06,32.88,10924102,32.82
2012/10/24,32.62,33.34,32.44,33.08,5447175,32.89
2012/10/25,33.70,35.04,32.08,32.08,13448770,33.56
2012/10/26,31.14,31.14,29.04,29.46,6459264,30.09
2012/10/29,29.20,29.38,28.16,28.58,3688894,28.77
2012/10/30,28.58,29.06,28.48,28.58,2100178,28.77
2012/10/31,28.62,28.80,28.20,28.70,1904958,28.50
2012/11/01,28.70,29.34,28.70,29.14,2377238,29.02
2012/11/02,29.10,29.28,28.72,29.04,2031138,29.00
2012/11/05,29.68,30.00,29.22,29.42,3103182,29.61
2012/11/06,29.42,29.42,28.20,28.64,2723623,28.81
2012/11/07,28.62,28.76,28.34,28.52,1252084,28.55
2012/11/08,28.20,28.20,27.30,27.34,1968601,27.75
2012/11/09,27.34,27.58,27.00,27.22,1287088,27.29
2012/11/12,27.24,27.48,27.20,27.36,821984,27.34
2012/11/13,27.36,27.40,26.46,26.52,1220013,26.93
2012/11/14,26.52,26.68,25.12,25.84,1836263,25.90
2012/11/15,25.66,25.82,25.00,25.04,931481,25.41
2012/11/16,25.04,25.48,24.98,25.36,933411,25.23
2012/11/19,25.30,25.74,25.20,25.52,696101,25.47
2012/11/20,25.90,26.44,25.62,25.86,1270088,26.03
2012/11/21,25.82,26.10,25.28,25.90,799821,25.69
2012/11/22,25.60,25.76,25.06,25.40,651548,25.41
2012/11/23,25.36,25.76,25.36,25.44,506181,25.56
2012/11/26,25.44,25.62,25.02,25.04,616746,25.32
2012/11/27,25.00,25.00,22.80,22.80,1475694,23.90
2012/11/28,23.00,23.00,21.30,21.66,1398460,22.15
2012/11/29,21.86,21.86,21.04,21.04,815835,21.45
2012/11/30,21.04,21.52,20.96,21.42,781337,21.24
2012/12/03,21.30,21.52,20.36,20.36,839729,20.94
2012/12/04,19.82,20.96,19.76,20.72,988143,20.36
2012/12/05,20.50,21.86,20.50,21.68,1857500,21.18
2012/12/06,21.98,21.98,21.26,21.52,1017055,21.62
2012/12/07,21.52,22.30,21.38,22.24,1818107,21.84
2012/12/10,22.44,23.36,22.30,23.04,2266962,22.83
2012/12/11,23.16,23.18,22.62,22.64,1780010,22.90
2012/12/12,22.70,22.78,22.10,22.44,1218461,22.44
2012/12/13,22.28,22.38,21.94,21.94,890059,22.16
2012/12/14,22.06,22.96,22.06,22.88,1937752,22.51
2012/12/17,22.90,23.90,22.86,23.68,2765463,23.38
2012/12/18,23.50,24.00,23.24,23.66,2279474,23.62
2012/12/19,23.38,23.66,23.14,23.48,1744127,23.40
2012/12/20,23.70,24.82,23.62,23.84,3195791,24.22
2012/12/21,23.84,24.08,23.42,23.54,1825135,23.75
2012/12/24,23.26,23.66,23.20,23.56,1123594,23.43
2012/12/25,23.32,24.18,23.32,24.08,2519068,23.75
2012/12/26,24.00,24.88,24.00,24.88,2599454,24.44
2012/12/27,25.00,25.20,24.46,24.54,2763489,24.83
2012/12/28,24.54,25.10,24.22,25.08,2614634,24.66
2012/12/31,25.70,26.08,25.02,25.14,3425853,25.55
2013/01/04,25.24,26.08,24.32,26.08,4148811,25.20
2013/01/07,25.90,26.00,25.40,25.92,2792330,25.70
2013/01/08,26.50,27.78,26.20,26.68,6253323,26.99
2013/01/09,26.20,26.52,25.68,26.00,3433436,26.10
2013/01/10,26.60,27.66,26.48,26.74,4975620,27.07
2013/01/11,26.74,27.06,25.50,25.64,3183071,26.28
2013/01/14,25.66,26.54,24.98,26.50,3153770,25.76
2013/01/15,26.44,27.14,26.24,27.04,4051695,26.69
2013/01/16,26.96,27.54,26.44,27.06,3508556,26.99
2013/01/17,27.08,27.38,26.50,26.52,2137450,26.94
2013/01/18,26.32,26.86,26.32,26.72,1887836,26.59
2013/01/21,26.78,27.40,26.76,27.12,2528878,27.08
2013/01/22,27.36,27.44,26.12,26.64,2412928,26.78
2013/01/23,26.88,27.30,26.22,26.86,2495212,26.76
2013/01/24,26.92,27.26,25.60,25.94,3385291,26.43
2013/01/25,25.70,26.06,25.40,25.50,1426285,25.73
2013/01/28,25.50,26.22,25.40,26.06,1761555,25.81
2013/01/29,26.18,26.80,26.00,26.48,2178460,26.40
2013/01/30,26.50,26.70,25.84,26.00,2012544,26.27
2013/01/31,26.26,26.52,25.96,26.34,1741857,26.24
2013/02/01,26.02,26.34,25.92,26.20,1552382,26.13
2013/02/04,26.26,26.40,25.56,25.62,1894695,25.98
2013/02/05,25.20,25.88,25.20,25.82,1023823,25.54
2013/02/06,25.84,27.04,25.80,26.40,2613495,26.42
2013/02/07,26.16,26.30,25.98,26.06,1306342,26.14
2013/02/08,26.02,26.52,26.02,26.36,1346467,26.27
2013/02/18,26.70,27.08,26.40,26.90,2896936,26.74
2013/02/19,26.80,28.96,26.52,28.44,7446337,27.74
2013/02/20,28.04,28.38,27.42,28.16,4631902,27.90
2013/02/21,27.92,28.46,27.56,27.98,3850720,28.01
2013/02/22,27.84,28.72,27.44,28.04,4752128,28.08
2013/02/25,28.10,29.50,28.10,29.16,5749955,28.80
2013/02/26,29.10,29.10,27.84,27.92,4277185,28.47
2013/02/27,27.90,28.36,27.08,27.36,2822607,27.72
2013/02/28,27.60,28.18,27.24,28.06,2257658,27.71
2013/03/01,28.10,28.60,27.80,28.46,3428321,28.20
2013/03/04,28.36,28.36,27.32,28.16,3040931,27.84
2013/03/05,28.26,29.18,27.64,29.12,5191753,28.41
2013/03/06,29.04,30.00,28.80,29.66,6085799,29.40
2013/03/07,29.60,30.70,29.22,29.74,6391589,29.96
2013/03/08,29.88,30.06,28.62,28.64,3210580,29.34
2013/03/11,28.54,29.08,28.22,28.70,1798246,28.65
2013/03/12,28.70,28.96,27.10,27.66,2973746,28.03
2013/03/13,27.64,27.64,26.44,26.70,2232949,27.04
2013/03/14,26.70,27.18,26.70,26.82,1131726,26.94
2013/03/15,26.84,27.32,26.02,26.34,2162718,26.67
2013/03/18,26.32,26.52,26.06,26.12,1167472,26.29
2013/03/19,26.12,26.36,25.56,26.00,1042647,25.96
2013/03/20,25.96,27.14,25.96,26.90,1718906,26.55
2013/03/21,26.90,27.30,26.82,27.14,1693784,27.06
2013/03/22,27.26,27.60,26.74,27.40,1841042,27.17
2013/03/25,27.42,27.64,27.00,27.04,1515767,27.32
2013/03/26,27.02,27.02,25.92,26.24,1500093,26.47
2013/03/27,26.22,26.80,26.04,26.24,996558,26.42
2013/03/28,26.12,26.12,25.12,25.14,1407132,25.62
2013/03/29,25.14,25.44,24.80,24.96,955199,25.12
2013/04/01,24.96,24.96,24.40,24.62,828268,24.68
2013/04/02,24.62,24.88,24.32,24.36,780635,24.60
2013/04/03,24.44,24.74,24.22,24.50,663236,24.48
2013/04/08,24.16,24.16,23.40,24.04,1194494,23.78
2013/04/09,24.00,24.46,24.00,24.36,769546,24.23
2013/04/10,24.32,24.50,24.22,24.46,662630,24.36
2013/04/11,24.50,24.60,23.86,23.90,842217,24.23
2013/04/12,23.90,24.30,23.72,23.86,600213,24.01
2013/04/15,23.58,23.70,22.88,22.94,776849,23.29
2013/04/16,22.90,23.38,22.82,23.32,619999,23.10
2013/04/17,23.38,23.52,23.18,23.40,538449,23.35
2013/04/18,23.40,23.68,23.26,23.62,633222,23.47
2013/04/19,23.60,24.52,23.60,24.28,1143232,24.06
2013/04/22,24.02,24.64,23.96,24.64,1150227,24.30
2013/04/23,25.34,25.54,24.62,24.66,2919213,25.08
2013/04/24,24.68,25.20,24.68,25.08,1765950,24.94
2013/04/25,25.08,25.08,24.38,24.46,1450116,24.73
2013/04/26,24.40,24.86,23.16,23.24,1352686,24.01
2013/05/02,23.30,23.50,23.20,23.20,525386,23.35
2013/05/03,23.24,23.74,23.20,23.66,885950,23.47
2013/05/06,23.80,24.90,23.60,24.60,1660021,24.25
2013/05/07,24.46,24.78,24.26,24.36,894363,24.52
2013/05/08,24.36,24.78,24.34,24.66,870702,24.56
2013/05/09,24.64,26.00,24.42,25.88,4437801,25.21
2013/05/10,26.00,28.44,25.96,28.44,9107221,27.20
2013/05/13,29.20,29.32,27.92,28.44,5528687,28.62
2013/05/14,28.20,28.24,27.22,27.64,2883507,27.73
2013/05/15,27.90,27.92,27.16,27.72,2339372,27.54
2013/05/16,27.70,28.00,27.20,27.44,3373222,27.60
2013/05/17,27.62,27.66,26.42,27.20,3654402,27.04
2013/05/20,27.28,28.30,27.14,28.16,4165491,27.72
2013/05/21,28.10,28.48,27.50,28.16,4059771,27.99
2013/05/22,28.04,28.28,27.72,27.80,2362912,28.00
2013/05/23,27.50,27.60,26.62,26.80,3009362,27.11
2013/05/24,26.70,27.42,26.64,27.40,3085935,27.03
2013/05/27,27.22,27.42,27.02,27.36,2243986,27.22
2013/05/28,27.46,28.16,27.42,27.52,4209998,27.79
2013/05/29,27.48,28.02,27.30,27.82,2417792,27.66
2013/05/30,27.72,27.74,27.30,27.46,1833215,27.52
2013/05/31,27.40,27.74,27.16,27.44,1691988,27.45
2013/06/03,27.28,28.50,27.26,28.40,3824465,27.88
2013/06/04,28.38,28.98,27.52,27.74,3390477,28.25
2013/06/05,28.06,30.06,28.06,29.30,9573775,29.06
2013/06/06,28.80,29.22,28.44,28.74,3888957,28.83
2013/06/07,28.68,29.00,25.90,25.92,6636730,27.45
2013/06/13,25.20,25.20,23.36,24.00,3395642,24.28
2013/06/14,24.04,24.40,23.70,24.20,1889254,24.05
2013/06/17,24.28,24.60,24.06,24.14,1574596,24.33
2013/06/18,24.20,24.34,23.72,23.94,1501553,24.03
2013/06/19,23.80,24.16,23.38,24.00,1415194,23.77
2013/06/20,23.82,23.82,22.52,22.60,1688953,23.17
2013/06/21,22.30,22.50,21.72,22.36,1035528,22.11
2013/06/24,22.38,22.72,20.66,21.16,1319323,21.69
2013/06/25,21.16,21.44,19.66,21.18,1362881,20.55
2013/06/26,21.18,21.60,20.94,21.54,969820,21.27
2013/06/27,21.64,22.70,21.00,22.32,2562443,21.85
2013/06/28,21.96,22.40,21.50,22.02,1313394,21.95
2013/07/01,21.96,22.68,21.58,22.62,1427486,22.13
2013/07/02,22.50,22.86,22.34,22.84,1421980,22.60
2013/07/03,22.90,23.00,22.18,22.60,1426527,22.59
2013/07/04,22.66,23.04,22.38,22.76,1517991,22.71
2013/07/05,22.86,22.98,22.34,22.40,1079009,22.66
2013/07/08,21.86,22.04,20.94,20.94,1051638,21.49
2013/07/09,20.94,21.10,20.66,21.04,443495,20.88
2013/07/10,20.96,22.30,20.96,22.08,1328635,21.63
2013/07/11,22.04,22.98,21.90,22.74,1871893,22.44
2013/07/12,22.74,23.38,22.54,22.98,1831938,22.96
2013/07/15,23.28,23.28,22.74,23.10,1660154,23.01
2013/07/16,22.96,23.60,22.84,23.38,1623850,23.22
2013/07/17,23.40,23.40,22.56,22.64,1451812,22.98
2013/07/18,22.50,22.76,22.20,22.34,1056864,22.48
2013/07/19,22.52,22.80,22.00,22.04,956094,22.40
2013/07/22,21.96,22.24,21.48,22.22,774400,21.86
2013/07/23,22.18,22.94,22.18,22.80,1403482,22.56
2013/07/24,22.80,23.34,22.58,23.32,1945130,22.96
2013/07/25,23.42,23.60,22.80,22.82,1370072,23.20
2013/07/26,22.84,23.30,22.60,23.30,1424895,22.95
2013/07/29,23.36,23.60,22.82,23.10,2113769,23.21
2013/07/30,22.90,23.18,22.12,22.56,1446495,22.65
2013/07/31,22.66,22.88,22.36,22.56,685425,22.62
2013/08/01,22.66,23.14,22.56,23.12,1111198,22.85
2013/08/02,23.22,23.64,23.12,23.28,2044887,23.38
2013/08/05,23.46,25.28,23.46,25.02,4951258,24.37
2013/08/06,24.80,25.16,24.44,24.92,3373984,24.80
2013/08/07,24.72,25.10,24.02,24.04,2992773,24.56
2013/08/08,24.10,24.70,23.78,24.12,1820001,24.24
2013/08/09,24.12,24.42,23.84,24.34,1569441,24.13
2013/08/12,24.36,24.86,24.36,24.62,2341489,24.61
2013/08/13,24.64,25.22,24.56,24.88,1893717,24.89
2013/08/14,25.00,25.00,24.40,24.46,1552615,24.70
2013/08/15,24.40,24.58,23.84,23.84,1368121,24.21
2013/08/16,23.56,24.10,23.32,23.32,2073332,23.71
2013/08/19,23.10,24.58,23.10,24.44,2227231,23.84
2013/08/20,24.68,24.70,23.94,24.10,2457626,24.32
2013/08/21,23.96,24.36,23.94,24.34,1127257,24.15
2013/08/22,24.06,24.34,24.02,24.14,944711,24.18
2013/08/23,24.10,24.36,23.30,23.72,1111474,23.83
2013/08/26,23.86,24.34,23.80,24.34,1362628,24.07
2013/08/27,24.52,24.66,24.26,24.66,1452827,24.46
2013/08/28,24.38,25.10,24.12,24.44,2230927,24.61
2013/08/29,24.48,24.76,24.42,24.74,1536718,24.59
2013/08/30,24.90,25.06,24.46,24.64,2042823,24.76
2013/09/02,24.64,24.72,23.68,24.14,1597057,24.20
2013/09/03,24.68,24.96,24.16,24.56,1658508,24.56
2013/09/04,24.42,24.80,24.36,24.72,1719402,24.58
2013/09/05,24.58,24.74,24.26,24.26,1137218,24.50
2013/09/06,24.04,24.30,23.92,24.02,1409679,24.11
2013/09/09,23.62,24.48,23.62,24.26,1343107,24.05
2013/09/10,24.34,24.68,24.20,24.66,1868090,24.44
2013/09/11,24.70,25.66,24.66,24.78,3635808,25.16
2013/09/12,24.86,25.20,24.60,24.62,1676613,24.90
2013/09/13,24.72,25.28,24.70,25.16,2828542,24.99
2013/09/16,25.10,25.16,24.26,24.30,2725569,24.71
2013/09/17,24.16,24.44,23.66,23.68,1377654,24.05
2013/09/18,23.84,23.94,23.62,23.80,781515,23.78
2013/09/23,23.90,24.36,23.82,24.22,1179066,24.09
2013/09/24,24.06,24.08,23.66,23.90,1339408,23.87
2013/09/25,23.80,24.04,23.64,23.70,1017295,23.84
2013/09/26,23.66,23.66,22.80,22.86,1659708,23.23
2013/09/27,22.88,23.16,22.52,22.58,1131104,22.84
2013/09/30,22.96,23.06,22.66,22.92,571566,22.86
2013/10/08,22.82,23.40,22.80,23.22,938219,23.10
2013/10/09,23.26,24.44,23.02,24.06,2644937,23.73
2013/10/10,23.94,23.94,23.30,23.40,1590475,23.62
2013/10/11,23.46,23.90,23.46,23.76,1429650,23.68
2013/10/14,23.74,24.08,23.62,24.00,1409460,23.85
2013/10/15,24.20,24.42,23.86,24.14,2297605,24.14
2013/10/16,24.50,24.98,23.90,24.30,5290290,24.44
2013/10/17,24.48,25.46,24.00,25.26,5960842,24.73
2013/10/18,25.14,25.20,24.56,24.70,2724436,24.88
2013/10/21,24.66,24.88,24.30,24.84,2786626,24.59
2013/10/22,24.96,25.42,24.64,25.18,4710702,25.03
2013/10/23,25.20,25.30,24.00,24.02,3172611,24.65
2013/10/24,24.00,24.22,23.30,23.36,1558413,23.76
2013/10/25,23.34,23.70,23.00,23.18,1147464,23.35
2013/10/28,23.30,23.38,22.70,22.96,979491,23.04
2013/10/29,22.92,23.18,21.42,21.92,1621910,22.30
2013/10/30,21.94,22.24,21.94,22.24,660028,22.09
2013/10/31,22.24,24.44,22.06,23.98,5617530,23.25
2013/11/01,23.18,23.40,21.62,23.08,3437567,22.51
2013/11/04,23.04,23.86,23.00,23.28,2082923,23.43
2013/11/05,23.06,23.70,22.92,23.66,1464050,23.31
2013/11/06,23.34,24.00,23.34,23.52,1956232,23.67
2013/11/07,23.40,23.56,22.52,22.72,1533037,23.04
2013/11/08,22.74,23.50,22.62,23.20,2169789,23.06
2013/11/11,23.24,23.50,22.72,23.38,1367712,23.11
2013/11/12,23.12,23.60,22.88,23.50,1653954,23.24
2013/11/13,23.10,23.80,22.86,22.86,1382611,23.33
2013/11/14,22.36,23.40,22.30,23.12,1393138,22.85
2013/11/15,23.12,23.82,23.00,23.52,2783160,23.41
2013/11/18,23.80,25.70,23.50,24.86,5933349,24.60
2013/11/19,24.60,24.96,24.38,24.88,2646928,24.67
2013/11/20,24.78,25.70,24.58,25.20,5364851,25.14
2013/11/21,24.92,25.36,24.50,24.74,3119793,24.93
2013/11/22,24.76,25.34,24.76,25.06,3961067,25.05
2013/11/25,25.16,25.30,24.66,25.00,2473630,24.98
2013/11/26,24.90,25.30,24.58,25.06,3033202,24.94
2013/11/27,25.34,25.86,25.06,25.76,6781694,25.46
2013/11/28,25.78,26.00,25.56,25.80,5579137,25.78
2013/11/29,25.80,26.50,25.62,26.38,5905281,26.06
2013/12/02,25.72,25.88,24.10,24.52,5047218,24.99
2013/12/03,25.30,26.94,25.12,26.10,9140321,26.03
2013/12/04,25.62,27.12,25.42,26.90,8067307,26.27
2013/12/05,26.90,26.90,26.20,26.64,3830463,26.55
2013/12/06,26.20,26.68,25.88,26.28,2974541,26.28
2013/12/09,26.10,26.52,26.10,26.22,2411779,26.31
2013/12/10,26.14,26.32,25.32,25.70,2980978,25.82
2013/12/11,25.68,25.68,25.06,25.20,2049987,25.37
2013/12/12,24.96,25.58,24.96,25.44,1677452,25.27
2013/12/13,25.50,25.50,25.04,25.18,1228705,25.27
2013/12/16,25.18,25.36,24.56,24.58,1677222,24.96
2013/12/17,24.70,25.02,24.58,24.70,1209443,24.80
2013/12/18,24.90,25.24,24.80,24.88,1250939,25.02
2013/12/19,25.18,25.32,24.72,24.78,1026119,25.02
2013/12/20,24.70,24.92,24.20,24.32,1512695,24.56
2013/12/23,24.32,24.60,24.00,24.08,948501,24.30
2013/12/24,24.20,24.46,23.94,24.18,1064309,24.20
2013/12/25,24.20,24.66,24.12,24.66,1079101,24.39
2013/12/26,24.68,24.82,24.06,24.06,1036351,24.44
2013/12/27,24.10,24.96,24.10,24.62,1119441,24.53
2013/12/30,24.74,25.00,24.56,25.00,1415691,24.78
2013/12/31,25.00,25.68,24.86,25.54,2696432,25.27
2014/01/02,25.64,26.30,25.54,25.56,3869862,25.92
2014/01/03,25.60,26.10,25.40,26.06,4143402,25.75
2014/01/06,26.12,26.32,25.36,26.04,5184026,25.84
2014/01/07,25.80,26.66,25.64,26.44,3832431,26.15
2014/01/08,26.32,26.54,25.68,25.86,2773299,26.11
2014/01/09,25.56,26.06,24.80,24.82,1750017,25.43
2014/01/10,24.70,26.58,24.56,25.56,2929637,25.57
2014/01/13,25.30,25.60,24.80,25.46,1931767,25.20
2014/01/14,25.46,26.08,25.14,25.98,1880143,25.61
2014/01/15,25.98,26.50,25.58,26.50,3299680,26.04
2014/01/16,27.20,29.12,27.20,28.48,9651487,28.16
2014/01/17,28.62,28.62,26.94,27.38,7341486,27.78
2014/01/20,27.40,27.58,26.06,26.10,4635472,26.82
2014/01/21,25.90,27.10,25.88,26.72,3148113,26.49
2014/01/22,26.46,27.56,26.46,27.30,4285365,27.01
2014/01/23,27.14,27.60,26.72,27.10,2861673,27.16
2014/01/24,26.78,27.66,26.78,27.36,2753056,27.22
2014/01/27,27.48,28.98,27.42,28.32,5054957,28.20
2014/01/28,28.36,29.00,27.92,28.56,3153539,28.46
2014/01/29,28.68,28.68,27.90,28.18,2178792,28.29
2014/01/30,28.06,28.72,26.92,28.16,3206010,27.82
2014/02/07,27.92,28.46,27.36,28.46,1973033,27.91
2014/02/10,28.32,29.10,28.10,28.64,3931646,28.60
2014/02/11,28.66,29.68,28.34,29.30,5082966,29.01
2014/02/12,29.10,30.46,29.02,29.60,5230157,29.74
2014/02/13,29.52,30.06,29.12,29.14,3046090,29.59
2014/02/14,29.20,29.76,28.80,29.76,2257719,29.28
2014/02/17,30.20,31.26,29.92,30.88,4120338,30.59
2014/02/18,31.10,33.20,30.88,32.32,6396996,32.04
2014/02/19,32.30,32.66,31.10,31.22,4192741,31.88
2014/02/20,31.22,31.50,30.06,30.14,3318990,30.78
2014/02/21,30.00,30.50,29.30,29.58,2127576,29.90
2014/02/24,29.70,29.70,28.64,29.38,3017683,29.17
2014/02/25,29.46,30.88,29.20,29.68,5069520,30.04
2014/02/26,29.36,30.20,27.30,30.14,3087882,28.75
2014/02/27,30.50,30.68,28.50,28.54,2246939,29.59
2014/02/28,28.54,28.88,27.52,28.78,2505106,28.20
2014/03/03,28.80,30.62,28.62,30.50,3470611,29.62
2014/03/04,30.20,31.08,29.72,31.08,2493747,30.40
2014/03/05,31.54,31.90,30.30,30.86,3562758,31.10
2014/03/06,31.26,32.00,30.92,31.30,3595367,31.46
2014/03/07,32.42,34.08,32.40,32.82,7425044,33.24
2014/03/10,32.50,32.64,30.66,30.86,3688125,31.65
2014/03/11,30.52,31.40,29.74,31.10,2890406,30.57
2014/03/12,30.82,30.82,28.24,28.88,4461881,29.53
2014/03/13,28.86,30.50,28.64,30.40,3104915,29.57
2014/03/14,30.30,31.26,29.88,30.00,4849733,30.57
2014/03/17,30.10,31.08,29.40,31.08,3369004,30.24
2014/03/18,30.98,33.28,30.50,31.98,5499284,31.89
2014/03/19,31.74,32.56,31.30,32.32,3858933,31.93
2014/03/20,32.36,33.36,32.02,32.70,6536697,32.69
2014/03/21,32.30,34.86,30.90,33.70,12078924,32.88
2014/03/24,34.50,34.60,33.00,33.80,8755451,33.80
2014/03/25,33.66,33.66,31.76,32.48,7259012,32.71
2014/03/26,32.50,32.86,32.16,32.80,3775738,32.51
2014/03/27,32.52,32.86,31.80,31.86,3335475,32.33
2014/03/28,32.06,32.96,30.42,30.54,5231423,31.69
2014/03/31,30.54,31.08,29.74,30.76,2651565,30.41
2014/04/01,30.80,31.28,30.56,31.16,2350357,30.92
2014/04/02,31.00,31.38,30.18,30.24,2368806,30.78
2014/04/03,30.10,30.76,30.06,30.34,1500395,30.41
2014/04/04,30.36,30.68,30.10,30.66,1425299,30.39
2014/04/08,31.42,33.30,31.42,32.80,7348945,32.36
2014/04/09,32.40,32.92,32.32,32.86,3997525,32.62
2014/04/10,32.80,32.86,32.40,32.52,3404913,32.63
2014/04/11,32.60,32.80,31.80,32.12,2837546,32.30
2014/04/14,32.42,33.02,32.20,32.64,3137182,32.61
2014/04/15,32.46,32.50,31.38,31.50,3182168,31.94
2014/04/16,31.44,31.94,31.20,31.90,2078422,31.57
2014/04/17,32.10,33.04,31.92,32.98,4587060,32.48
2014/04/18,32.78,32.90,32.32,32.78,2684264,32.61
2014/04/21,33.82,34.42,32.42,32.42,7816914,33.42
2014/04/22,31.30,32.10,31.06,31.90,4342241,31.58
2014/04/23,31.60,32.38,31.50,32.06,3169189,31.94
2014/04/24,32.02,32.06,30.80,30.80,2610551,31.43
2014/04/25,30.80,31.04,29.14,29.32,2714052,30.09
2014/04/28,29.20,29.20,27.90,28.40,2181994,28.55
2014/04/29,28.34,28.94,28.32,28.90,1650530,28.63
2014/04/30,28.90,29.02,28.70,28.84,1027802,28.86
2014/05/05,28.82,29.12,28.16,29.12,1266249,28.64
2014/05/06,29.16,29.98,28.92,29.70,2692850,29.45
2014/05/07,29.42,29.70,28.96,28.96,1371972,29.33
2014/05/08,28.74,29.40,28.54,28.76,908731,28.97
2014/05/09,28.88,29.08,28.14,28.30,940341,28.61
2014/05/12,28.84,29.58,28.30,29.46,1717718,28.94
2014/05/13,29.62,29.66,29.08,29.20,922303,29.37
2014/05/14,29.10,30.24,29.10,29.94,1932932,29.67
2014/05/15,29.62,29.72,28.70,28.94,1464743,29.21
2014/05/16,28.78,29.28,28.66,29.02,869049,28.97
2014/05/19,28.76,28.80,28.42,28.46,836759,28.61
2014/05/20,28.70,29.04,28.42,28.56,1051658,28.73
2014/05/21,28.70,28.72,28.32,28.70,1091537,28.52
2014/05/22,28.70,29.14,28.52,28.84,1237863,28.83
2014/05/23,28.84,29.24,28.72,29.18,1129294,28.98
2014/05/26,29.42,29.46,29.10,29.42,1246591,29.28
2014/05/27,29.38,29.64,29.14,29.18,1079212,29.39
2014/05/28,28.96,29.58,28.96,29.50,1035197,29.27
2014/05/29,29.50,29.72,28.82,28.88,976795,29.27
2014/05/30,28.88,29.00,28.40,28.68,1101095,28.70
2014/06/03,28.66,29.06,28.44,28.68,822155,28.75
2014/06/04,28.80,28.92,28.14,28.16,1067351,28.53
2014/06/05,28.20,28.72,27.80,28.70,1080798,28.26
2014/06/06,28.80,28.88,28.42,28.76,1249257,28.65
2014/06/09,28.74,28.74,28.06,28.14,1097500,28.40
2014/06/10,28.44,28.54,27.80,28.30,1260570,28.17
2014/06/11,28.38,29.60,28.38,29.16,3579730,28.99
2014/06/12,29.14,29.78,28.90,29.78,2957988,29.34
2014/06/13,30.00,31.30,29.64,31.04,5909140,30.47
2014/06/16,33.02,34.00,31.76,31.84,10850945,32.88
2014/06/17,31.40,34.98,28.70,33.40,12977049,31.84
2014/06/18,32.64,33.36,31.90,32.16,6464576,32.63
2014/06/19,31.96,32.32,29.00,30.20,4912592,30.66
2014/06/20,30.00,30.90,30.00,30.48,2335425,30.45
2014/06/23,30.60,30.96,30.32,30.62,2543804,30.64
2014/06/24,30.80,31.00,30.18,30.94,2568576,30.59
2014/06/25,30.68,30.86,30.26,30.34,1535728,30.56
2014/06/26,30.60,31.84,30.60,31.68,4481594,31.22
2014/06/27,31.68,32.28,31.44,32.00,4119636,31.86
2014/06/30,31.96,32.78,31.60,32.36,3619114,32.19
2014/07/01,32.38,32.64,31.76,32.06,2723607,32.20
2014/07/02,32.06,32.40,31.74,31.90,2192985,32.07
2014/07/03,32.12,32.36,31.66,32.22,2814220,32.01
2014/07/04,32.16,32.44,31.84,32.00,1840865,32.14
2014/07/07,32.00,33.60,31.40,32.60,4387861,32.50
2014/07/08,32.30,34.80,32.06,33.56,6672377,33.43
2014/07/09,33.54,34.58,32.74,32.78,6918584,33.66
2014/07/10,32.30,32.90,32.00,32.28,3033552,32.45
2014/07/11,31.88,32.88,31.88,32.86,2336121,32.38
2014/07/14,32.76,34.28,32.62,33.66,5408558,33.45
2014/07/15,33.28,33.94,32.20,32.40,6802400,33.07
2014/07/16,32.24,32.60,31.98,32.00,2979151,32.29
2014/07/17,32.02,33.56,31.68,33.32,5214240,32.62
2014/07/18,33.02,33.92,32.40,32.40,8726374,33.16
2014/07/21,32.64,33.24,32.20,32.40,3741177,32.72
2014/07/22,32.24,33.10,31.92,32.82,6470589,32.51
2014/07/23,32.62,33.16,32.40,32.58,4282576,32.78
2014/07/24,32.62,33.16,32.40,32.58,0,32.78
2014/07/25,32.62,33.16,32.40,32.58,0,32.78
2014/07/28,32.62,33.16,32.40,32.58,0,32.78
2014/07/29,32.62,33.16,32.40,32.58,0,32.78
2014/07/30,32.62,33.16,32.40,32.58,0,32.78
2014/07/31,32.62,33.16,32.40,32.58,0,32.78
2014/08/01,32.62,33.16,32.40,32.58,0,32.78
2014/08/04,32.62,33.16,32.40,32.58,0,32.78
2014/08/05,32.62,33.16,32.40,32.58,0,32.78
2014/08/06,32.62,33.16,32.40,32.58,0,32.78
2014/08/07,33.40,34.96,33.18,33.76,14937819,34.07
2014/08/08,33.30,35.20,33.28,35.20,9472044,34.24
2014/08/11,35.72,36.84,35.36,35.54,9865734,36.10
2014/08/12,35.72,36.16,35.22,36.00,5880574,35.69
2014/08/13,35.90,35.90,34.66,35.26,4791755,35.28
2014/08/14,35.12,35.50,34.46,34.52,3558393,34.98
2014/08/15,34.58,35.34,34.44,35.16,3163323,34.89
2014/08/18,35.16,35.52,34.84,35.40,3436292,35.18
2014/08/19,35.60,36.16,34.96,36.16,5257969,35.56
2014/08/20,36.04,36.04,35.40,35.58,3043675,35.72
2014/08/21,35.74,36.40,34.94,35.56,3117819,35.67
2014/08/22,35.70,35.80,35.04,35.48,2476677,35.42
2014/08/25,35.16,35.40,34.46,34.76,3273876,34.93
2014/08/26,34.80,34.92,33.86,34.04,2825684,34.39
2014/08/27,34.18,35.00,33.90,34.76,3266842,34.45
2014/08/28,35.62,36.36,34.92,35.10,7394105,35.64
2014/08/29,34.50,34.84,34.10,34.82,2600777,34.47
2014/09/01,34.62,35.00,34.50,34.90,2854944,34.75
2014/09/02,35.10,35.86,35.10,35.62,4790525,35.48
2014/09/03,35.74,36.24,35.26,35.66,4854398,35.75
2014/09/04,35.66,35.86,35.10,35.76,5128450,35.48
2014/09/05,35.72,36.18,35.34,36.02,4200833,35.76
2014/09/09,36.20,36.56,35.82,36.56,5236788,36.19
2014/09/10,36.36,36.56,35.82,36.10,4049694,36.19
2014/09/11,36.02,36.28,35.06,35.20,4078655,35.67
2014/09/12,35.22,35.60,35.00,35.50,2963449,35.30
2014/09/15,35.78,36.34,35.42,36.06,4355992,35.88
2014/09/16,36.02,36.02,34.24,34.30,5768347,35.13
2014/09/17,34.18,34.56,33.44,33.92,2936346,34.00
2014/09/18,33.88,34.56,33.70,34.48,1911011,34.13
2014/09/19,34.50,34.88,34.14,34.72,1869718,34.51
2014/09/22,34.80,34.94,34.20,34.56,2409158,34.57
2014/09/23,34.74,35.22,34.60,35.04,2528233,34.91
2014/09/24,34.80,35.62,34.64,35.48,2872834,35.13
2014/09/25,36.16,38.88,36.16,37.42,10126866,37.52
2014/09/26,37.08,39.10,37.00,37.74,8606412,38.05
2014/09/29,37.98,38.66,37.32,37.96,4950386,37.99
2014/09/30,37.94,37.94,37.20,37.66,2936266,37.57
2014/10/08,37.58,37.72,37.02,37.70,2660652,37.37
2014/10/09,37.70,38.58,37.26,37.54,4928130,37.92
2014/10/10,37.56,37.56,36.82,37.14,2975687,37.19
2014/10/13,36.86,37.16,35.80,36.76,3699546,36.48
2014/10/14,36.44,37.00,36.16,36.36,2881413,36.58
2014/10/15,36.60,36.96,36.26,36.80,2544271,36.61
2014/10/16,36.64,37.36,36.20,36.24,3549061,36.78
2014/10/17,36.12,36.68,35.36,36.26,2832415,36.02
2014/10/20,36.02,36.70,35.88,36.66,2153244,36.29
2014/10/21,36.38,36.60,35.58,35.60,2379611,36.09
2014/10/22,35.60,35.96,34.66,34.70,2302312,35.31
2014/10/23,34.70,35.12,33.82,34.14,2877969,34.47
2014/10/24,34.34,34.86,34.20,34.34,2002936,34.53
2014/10/27,34.42,35.26,34.02,35.16,1590384,34.64
2014/10/28,35.36,37.76,35.36,37.34,7845029,36.56
2014/10/29,37.50,38.84,37.10,38.10,12453315,37.97
2014/10/30,37.62,38.40,37.22,37.56,6102337,37.81
2014/10/31,38.00,38.00,36.52,37.20,4341340,37.26
2014/11/03,37.34,38.10,37.02,37.36,2901667,37.56
2014/11/04,37.38,39.50,36.80,38.66,8198224,38.15
2014/11/05,38.20,39.24,37.86,38.76,6194482,38.55
2014/11/06,38.72,42.60,38.52,42.60,16274259,40.56
2014/11/07,42.70,45.44,41.64,43.24,17333137,43.54
2014/11/10,43.30,47.52,42.90,47.52,18808530,45.21
2014/11/11,47.00,47.14,44.00,45.14,16380852,45.57
2014/11/12,44.40,44.90,43.02,44.72,8026151,43.96
2014/11/13,44.44,44.44,42.50,43.62,8231687,43.47
2014/11/14,43.10,44.68,42.84,43.40,7039717,43.76
2014/11/17,43.92,46.38,43.20,45.30,9945092,44.79
2014/11/18,44.80,49.20,44.46,48.50,12708647,46.83
2014/11/19,47.96,47.96,46.20,46.36,8560737,47.08
2014/11/20,45.72,49.98,45.42,47.50,10989131,47.70
2014/11/21,46.92,48.36,46.42,47.06,7143999,47.39
2014/11/24,47.60,48.00,45.84,46.68,6757556,46.92
2014/11/25,47.50,49.96,47.50,48.16,10195888,48.73
2014/11/26,47.60,49.00,46.80,47.42,6329944,47.90
2014/11/27,47.40,48.90,45.72,46.18,10454537,47.31
2014/11/28,45.64,45.78,43.90,44.92,8916586,44.84
2014/12/01,44.96,45.06,43.38,43.92,5170360,44.22
2014/12/02,44.60,46.74,44.42,46.42,8419829,45.58
2014/12/03,47.30,47.66,45.96,46.60,7553242,46.81
2014/12/04,46.64,50.10,45.60,49.30,11889475,47.85
2014/12/05,49.70,51.40,45.10,47.80,14185774,48.25
2014/12/08,46.40,49.40,45.40,46.86,9746638,47.40
2014/12/09,45.80,46.50,42.30,42.34,9436771,44.40
2014/12/10,41.98,43.60,41.38,43.20,5256705,42.49
2014/12/11,43.28,44.02,42.82,43.24,3704471,43.42
2014/12/12,44.02,45.10,44.00,44.76,3916635,44.55
2014/12/15,44.80,46.00,44.10,45.76,4753509,45.05
2014/12/16,45.40,47.18,45.18,45.82,4343849,46.18
2014/12/17,45.90,46.66,44.00,44.04,4545002,45.33
2014/12/18,44.98,47.36,44.98,46.50,8760153,46.17
2014/12/19,45.80,46.18,44.40,45.22,5294145,45.29
2014/12/22,45.20,46.18,42.16,42.80,4168844,44.17
2014/12/23,42.04,42.20,39.16,39.36,5158864,40.68
2014/12/24,39.92,40.68,39.40,40.22,2914638,40.04
2014/12/25,40.24,41.54,40.24,41.50,3492355,40.89
2014/12/26,42.30,42.32,40.56,41.44,2878599,41.44
2014/12/29,41.50,41.80,39.86,40.72,3684202,40.83
2014/12/30,40.02,40.56,38.70,39.56,3283435,39.63
2014/12/31,39.56,42.38,39.24,41.02,3784423,40.81
2015/01/05,40.62,40.78,39.10,40.18,3301668,39.94
2015/01/06,40.00,42.08,39.52,41.68,5405091,40.80
2015/01/07,41.94,45.80,41.80,45.80,12784347,43.80
2015/01/08,48.80,50.34,47.44,50.34,15623309,48.89
2015/01/09,49.18,50.52,48.44,50.40,16185637,49.48
2015/01/12,50.10,51.84,49.00,49.48,12549799,50.42
2015/01/13,48.20,50.94,47.50,48.14,10551895,49.22
2015/01/14,48.16,50.58,46.22,50.58,12639916,48.40
2015/01/15,49.80,50.10,48.40,49.00,8776339,49.25
2015/01/16,51.70,53.18,49.00,49.36,19936389,51.09
2015/01/19,46.40,48.56,44.96,46.16,10266565,46.76
2015/01/20,46.28,48.38,45.92,47.98,11125812,47.15
2015/01/21,47.76,50.76,47.36,50.30,16345332,49.06
2015/01/22,49.96,50.34,49.14,49.76,13717833,49.74
2015/01/23,49.44,52.58,49.22,50.40,16291220,50.90
2015/01/26,50.90,55.40,50.52,54.32,23302924,52.96
2015/01/27,54.32,58.38,52.60,57.00,22547002,55.49
2015/01/28,55.40,56.00,53.80,54.26,11639316,54.90
2015/01/29,54.98,55.40,53.44,54.30,11876357,54.42
2015/01/30,53.64,54.12,51.32,51.34,8148342,52.72
2015/02/02,50.00,50.72,49.22,49.78,6239587,49.97
2015/02/03,50.50,51.02,50.00,50.40,5212241,50.51
2015/02/04,50.46,52.00,50.04,50.60,5693104,51.02
2015/02/05,51.40,51.86,49.64,50.72,7800258,50.75
2015/02/06,50.40,51.60,49.78,50.34,6158673,50.69
2015/02/09,49.72,50.38,46.36,47.02,7311772,48.37
2015/02/10,46.80,48.36,46.42,48.22,4131591,47.39
2015/02/11,48.20,49.72,48.20,49.44,4031948,48.96
2015/02/12,49.40,51.38,48.98,50.66,5326139,50.18
2015/02/13,50.72,51.38,50.20,50.84,5007081,50.79
2015/02/16,50.86,51.24,50.56,51.10,3804913,50.90
2015/02/17,51.12,51.28,50.16,50.70,3729627,50.72
2015/02/25,50.68,50.74,48.20,48.80,6203688,49.47
2015/02/26,48.58,49.68,48.44,49.54,3564464,49.06
2015/02/27,49.34,50.32,49.20,49.72,5242883,49.76
2015/03/02,50.40,52.80,49.96,52.30,10732049,51.38
2015/03/03,52.40,57.20,51.80,54.24,16622841,54.50
2015/03/04,56.16,57.40,53.52,55.06,13954157,55.46
2015/03/05,54.40,54.52,53.00,53.36,8255775,53.76
2015/03/06,53.32,53.94,52.60,52.60,5411273,53.27
2015/03/09,52.36,53.06,51.00,52.80,4344675,52.03
2015/03/10,52.80,53.70,52.40,53.40,6676418,53.05
2015/03/11,54.40,54.98,52.60,52.76,7634262,53.79
2015/03/12,52.24,53.80,51.72,52.20,6302256,52.76
2015/03/13,52.34,52.40,51.62,52.10,4468903,52.01
2015/03/16,52.38,53.34,52.20,53.28,6612930,52.77
2015/03/17,53.80,54.16,52.80,53.78,9199140,53.48
2015/03/18,53.42,55.34,53.10,54.94,10864188,54.22
2015/03/19,54.60,56.30,53.86,55.30,12628498,55.08
2015/03/20,55.32,55.56,53.78,54.06,11057062,54.67
2015/03/23,54.40,54.54,53.70,54.40,9418414,54.12
2015/03/24,54.58,55.92,53.00,55.02,13530192,54.46
2015/03/25,54.40,55.16,53.72,54.52,8308977,54.44
2015/03/26,54.40,56.02,53.32,56.02,15459577,54.67
2015/03/27,56.30,57.00,54.84,55.04,8880462,55.92
2015/03/30,55.60,60.40,55.36,58.84,22950429,57.88
2015/03/31,57.78,58.16,56.46,57.16,17071962,57.31
2015/04/01,57.16,58.06,56.56,57.64,11608361,57.31
2015/04/02,57.68,60.32,57.22,57.80,16415033,58.77
2015/04/03,57.28,59.30,56.62,58.52,13189261,57.96
2015/04/07,59.18,63.02,59.18,61.06,18213395,61.10
2015/04/08,61.08,62.82,59.06,59.70,15010683,60.94
2015/04/09,59.76,60.34,55.02,57.22,11529276,57.68
2015/04/10,57.34,58.50,56.36,58.20,8435151,57.43
2015/04/13,58.40,58.90,57.34,58.16,9262206,58.12
2015/04/14,58.20,62.36,58.20,61.90,21614944,60.28
2015/04/15,61.70,61.70,57.72,57.80,13325241,59.71
2015/04/16,59.40,63.54,59.00,63.54,30802731,61.27
2015/04/17,66.56,69.86,63.18,65.40,42776118,66.52
2015/04/20,62.80,66.78,61.40,63.84,28290001,64.09
2015/04/21,63.18,63.60,60.54,62.50,16019167,62.07
2015/04/22,64.34,66.36,63.64,64.00,18220507,65.00
2015/04/23,65.40,66.04,63.00,63.16,19702290,64.52
2015/04/24,61.86,63.08,60.42,61.78,10652470,61.75
2015/04/27,62.56,63.16,61.40,62.10,9367373,62.28
2015/04/28,61.80,61.80,58.46,58.76,11020809,60.13
2015/04/29,58.60,59.78,57.70,59.42,6565628,58.74
2015/04/30,59.60,61.00,59.44,59.88,7604924,60.22
2015/05/04,60.08,60.30,58.24,58.70,5889996,59.27
2015/05/05,58.44,59.88,56.60,56.62,6448522,58.24
2015/05/06,56.70,57.54,54.62,55.00,6160384,56.08
2015/05/07,56.18,56.94,55.00,55.50,6267917,55.97
2015/05/08,56.10,57.32,56.00,57.28,6058271,56.66
2015/05/11,58.20,61.36,57.80,60.70,10401526,59.58
2015/05/12,61.20,64.20,60.80,62.20,17947947,62.50
2015/05/13,62.20,62.20,59.60,59.74,12422687,60.90
2015/05/14,60.16,62.66,59.40,61.18,11786766,61.03
2015/05/15,60.40,60.78,58.40,59.02,7755608,59.59
2015/05/18,58.40,60.14,58.40,58.60,6717652,59.27
2015/05/19,58.42,60.00,57.84,59.92,7732411,58.92
2015/05/20,60.38,61.92,60.38,60.90,12317573,61.15
2015/05/21,60.92,64.76,60.42,64.02,17130708,62.59
2015/05/22,66.20,66.72,62.90,65.62,23538734,64.81
2015/05/25,66.20,66.72,62.90,65.62,0,64.81
2015/05/26,66.20,66.72,62.90,65.62,0,64.81
2015/05/27,66.20,66.72,62.90,65.62,0,64.81
2015/05/28,66.20,66.72,62.90,65.62,0,64.81
2015/05/29,66.20,66.72,62.90,65.62,0,64.81
2015/06/01,66.20,66.72,62.90,65.62,0,64.81
2015/06/02,66.20,66.72,62.90,65.62,0,64.81
2015/06/03,66.20,66.72,62.90,65.62,0,64.81
2015/06/04,66.20,66.72,62.90,65.62,0,64.81
2015/06/05,66.20,66.72,62.90,65.62,0,64.81
2015/06/08,66.20,66.72,62.90,65.62,0,64.81
2015/06/09,66.20,66.72,62.90,65.62,0,64.81
2015/06/10,66.20,66.72,62.90,65.62,0,64.81
2015/06/11,66.20,66.72,62.90,65.62,0,64.81
2015/06/12,66.20,66.72,62.90,65.62,0,64.81
2015/06/15,66.20,66.72,62.90,65.62,0,64.81
2015/06/16,66.20,66.72,62.90,65.62,0,64.81
2015/06/17,66.20,66.72,62.90,65.62,0,64.81
2015/06/18,66.20,66.72,62.90,65.62,0,64.81
2015/06/19,66.20,66.72,62.90,65.62,0,64.81
2015/06/23,66.20,66.72,62.90,65.62,0,64.81
2015/06/24,66.20,66.72,62.90,65.62,0,64.81
2015/06/25,66.20,66.72,62.90,65.62,0,64.81
2015/06/26,66.20,66.72,62.90,65.62,0,64.81
2015/06/29,66.20,66.72,62.90,65.62,0,64.81
2015/06/30,66.20,66.72,62.90,65.62,0,64.81
2015/07/01,66.20,66.72,62.90,65.62,0,64.81
2015/07/02,66.20,66.72,62.90,65.62,0,64.81
2015/07/03,66.20,66.72,62.90,65.62,0,64.81
2015/07/06,66.20,66.72,62.90,65.62,0,64.81
2015/07/07,66.20,66.72,62.90,65.62,0,64.81
2015/07/08,66.20,66.72,62.90,65.62,0,64.81
2015/07/09,66.20,66.72,62.90,65.62,0,64.81
2015/07/10,66.20,66.72,62.90,65.62,0,64.81
2015/07/13,66.20,66.72,62.90,65.62,0,64.81
2015/07/14,66.20,66.72,62.90,65.62,0,64.81
2015/07/15,66.20,66.72,62.90,65.62,0,64.81
2015/07/16,66.20,66.72,62.90,65.62,0,64.81
2015/07/17,66.20,66.72,62.90,65.62,0,64.81
2015/07/20,66.20,66.72,62.90,65.62,0,64.81
2015/07/21,66.20,66.72,62.90,65.62,0,64.81
2015/07/22,66.20,66.72,62.90,65.62,0,64.81
2015/07/23,66.20,66.72,62.90,65.62,0,64.81
2015/07/24,66.20,66.72,62.90,65.62,0,64.81
2015/07/27,66.20,66.72,62.90,65.62,0,64.81
2015/07/28,66.20,66.72,62.90,65.62,0,64.81
2015/07/29,66.20,66.72,62.90,65.62,0,64.81
2015/07/30,66.20,66.72,62.90,65.62,0,64.81
2015/07/31,66.20,66.72,62.90,65.62,0,64.81
2015/08/03,66.20,66.72,62.90,65.62,0,64.81
2015/08/04,66.20,66.72,62.90,65.62,0,64.81
2015/08/05,66.20,66.72,62.90,65.62,0,64.81
2015/08/06,66.20,66.72,62.90,65.62,0,64.81
2015/08/07,66.20,66.72,62.90,65.62,0,64.81
2015/08/10,66.20,66.72,62.90,65.62,0,64.81
2015/08/11,66.20,66.72,62.90,65.62,0,64.81
2015/08/12,66.20,66.72,62.90,65.62,0,64.81
2015/08/13,66.20,66.72,62.90,65.62,0,64.81
2015/08/14,66.20,66.72,62.90,65.62,0,64.81
2015/08/17,66.20,66.72,62.90,65.62,0,64.81
2015/08/18,66.20,66.72,62.90,65.62,0,64.81
2015/08/19,66.20,66.72,62.90,65.62,0,64.81
2015/08/20,66.20,66.72,62.90,65.62,0,64.81
2015/08/21,66.20,66.72,62.90,65.62,0,64.81
2015/08/24,66.20,66.72,62.90,65.62,0,64.81
2015/08/25,66.20,66.72,62.90,65.62,0,64.81
2015/08/26,66.20,66.72,62.90,65.62,0,64.81
2015/08/27,66.20,66.72,62.90,65.62,0,64.81
2015/08/28,66.20,66.72,62.90,65.62,0,64.81
2015/08/31,66.20,66.72,62.90,65.62,0,64.81
2015/09/01,66.20,66.72,62.90,65.62,0,64.81
2015/09/02,66.20,66.72,62.90,65.62,0,64.81
2015/09/07,66.20,66.72,62.90,65.62,0,64.81
2015/09/08,66.20,66.72,62.90,65.62,0,64.81
2015/09/09,66.20,66.72,62.90,65.62,0,64.81
2015/09/10,66.20,66.72,62.90,65.62,0,64.81
2015/09/11,66.20,66.72,62.90,65.62,0,64.81
2015/09/14,66.20,66.72,62.90,65.62,0,64.81
2015/09/15,59.10,59.10,59.10,59.10,108200,59.10
2015/09/16,53.24,53.24,53.24,53.24,263800,53.24
2015/09/17,47.96,47.96,47.96,47.96,542900,47.96
2015/09/18,43.22,43.22,43.22,43.22,216000,43.22
2015/09/21,38.94,43.20,38.94,41.68,34321864,41.07
2015/09/22,39.10,40.46,39.10,39.74,21836641,39.78
2015/09/23,38.98,41.66,38.70,39.76,14134717,40.18
2015/09/24,39.62,40.70,39.20,40.54,12058779,39.95
2015/09/25,40.16,40.16,36.54,36.54,12337820,38.35
2015/09/28,36.74,37.76,36.30,37.24,7624124,37.03
2015/09/29,36.50,36.92,35.78,35.94,7406821,36.35
2015/09/30,36.44,37.26,35.86,37.04,7031166,36.56
2015/10/08,38.50,40.06,37.70,39.30,12620812,38.88
2015/10/09,39.20,40.06,38.56,39.46,11109923,39.31
2015/10/12,39.60,42.48,39.56,41.40,15887694,41.02
2015/10/13,41.10,45.50,40.80,45.50,16621115,43.15
2015/10/14,46.96,48.64,45.62,46.36,26490038,47.13
2015/10/15,45.60,47.44,45.22,46.82,16790069,46.33
2015/10/16,47.30,48.40,45.72,47.38,15548198,47.06
2015/10/19,48.92,50.06,46.46,47.50,17561354,48.26
2015/10/20,46.54,47.10,45.40,47.06,14962885,46.25
2015/10/21,46.66,46.90,42.40,42.40,12822743,44.65
2015/10/22,42.40,43.50,39.50,43.38,15691219,41.50
2015/10/23,42.94,47.66,41.70,46.82,24603724,44.68
2015/10/26,42.94,47.66,41.70,46.82,0,44.68
2015/10/27,42.94,47.66,41.70,46.82,0,44.68
2015/10/28,42.94,47.66,41.70,46.82,0,44.68
2015/10/29,42.94,47.66,41.70,46.82,0,44.68
2015/10/30,42.94,47.66,41.70,46.82,0,44.68
2015/11/02,42.94,47.66,41.70,46.82,0,44.68
2015/11/03,48.50,48.86,42.70,42.92,17400621,45.78
2015/11/04,42.12,44.90,42.10,44.70,13766455,43.50
2015/11/05,44.50,46.08,43.20,44.26,15055488,44.64
2015/11/06,44.10,44.66,43.88,44.42,10560747,44.27
2015/11/09,43.62,46.50,43.60,45.86,13988845,45.05
2015/11/10,45.22,46.68,44.52,45.32,10825979,45.60
2015/11/11,45.26,46.48,44.82,46.12,12350217,45.65
2015/11/12,46.14,47.82,45.20,47.16,15236113,46.51
2015/11/13,47.10,50.06,46.70,47.90,20391349,48.38
2015/11/16,46.82,48.88,45.50,48.54,10321845,47.19
2015/11/17,49.12,49.62,46.70,46.98,12665830,48.16
2015/11/18,46.86,47.28,44.90,44.94,6756106,46.09
2015/11/19,44.80,45.90,44.80,45.78,5680519,45.35
2015/11/20,45.90,47.10,45.76,46.44,6466753,46.43
2015/11/23,46.50,46.96,45.58,45.72,7143823,46.27
2015/11/24,45.40,47.16,45.36,47.16,7212409,46.26
2015/11/25,47.84,48.50,47.10,48.18,10730140,47.80
2015/11/26,48.04,52.16,47.54,50.86,24464476,49.85
2015/11/27,50.08,50.50,46.34,46.74,13061213,48.42
2015/11/30,47.10,48.90,45.02,48.48,11542747,46.96
2015/12/01,48.60,50.94,47.10,47.64,12605585,49.02
2015/12/02,47.10,47.64,45.50,46.30,7459136,46.57
2015/12/03,46.26,50.04,46.02,49.60,12013350,48.03
2015/12/04,48.92,49.96,48.42,48.60,10185400,49.19
2015/12/07,50.10,53.42,50.10,53.42,16985870,51.76
2015/12/08,54.10,54.10,51.38,52.30,17232538,52.74
2015/12/09,51.50,55.12,51.44,54.20,13679276,53.28
2015/12/10,54.14,57.10,53.62,54.06,17401732,55.36
2015/12/11,53.40,54.64,51.92,52.78,9192713,53.28
2015/12/14,51.80,56.04,51.64,55.54,10252410,53.84
2015/12/15,55.40,56.52,53.82,55.56,10370944,55.17
2015/12/16,56.30,56.46,53.70,54.44,7689234,55.08
2015/12/17,56.00,56.70,53.86,54.20,22015425,55.28
2015/12/18,53.50,53.50,51.70,52.22,12482249,52.60
2015/12/21,52.40,53.78,51.90,53.62,8971552,52.84
2015/12/22,53.44,53.60,52.42,53.30,6258607,53.01
2015/12/23,53.46,53.92,52.52,52.60,6761275,53.22
2015/12/24,52.32,53.32,52.00,53.00,5124427,52.66
2015/12/25,53.50,54.66,52.82,54.52,7714922,53.74
2015/12/28,54.92,55.18,52.70,52.70,5966356,53.94
2015/12/29,52.62,52.92,50.92,51.80,4619967,51.92
2015/12/30,51.80,56.00,51.80,55.20,13225600,53.90
2015/12/31,55.48,58.26,55.46,56.32,12889902,56.86
2016/01/04,55.30,55.78,50.74,50.80,5304573,53.26
2016/01/05,45.90,50.10,45.78,48.70,9338919,47.94
2016/01/06,48.58,50.14,47.92,50.06,5231938,49.03
2016/01/07,49.10,49.10,45.10,45.10,1391160,47.10
2016/01/08,46.52,48.18,41.70,45.54,5948063,44.94
2016/01/11,44.64,45.10,41.04,41.04,5143292,43.07
2016/01/12,40.54,44.70,38.78,43.28,5696369,41.74
2016/01/13,42.80,44.38,39.50,40.30,3535337,41.94
2016/01/14,39.72,43.70,38.10,42.50,3745951,40.90
2016/01/15,42.42,43.30,39.66,39.92,4902455,41.48
2016/01/18,39.28,42.30,38.52,41.36,3701002,40.41
2016/01/19,41.38,43.18,40.62,42.50,4284123,41.90
2016/01/20,42.50,44.24,41.86,43.62,6567423,43.05
2016/01/21,42.52,43.66,41.50,41.50,5502929,42.58
2016/01/22,41.82,43.10,40.90,42.70,3705949,42.00
2016/01/25,43.12,43.50,41.32,42.12,4489648,42.41
2016/01/26,41.66,42.10,37.96,37.96,5681129,40.03
2016/01/27,37.76,37.86,34.22,35.02,7883427,36.04
2016/01/28,33.72,34.78,31.70,31.70,5313178,33.24
2016/01/29,31.88,33.60,31.62,32.78,4512060,32.61
2016/02/01,32.86,34.06,32.76,33.34,4139606,33.41
2016/02/02,32.86,34.06,32.76,33.34,0,33.41
2016/02/03,32.86,34.06,32.76,33.34,0,33.41
2016/02/04,32.86,34.06,32.76,33.34,0,33.41
2016/02/05,36.62,36.62,36.62,36.62,474005,36.62
2016/02/15,36.10,38.00,34.54,37.28,5595314,36.27
2016/02/16,37.46,39.04,36.70,38.44,6057655,37.87
2016/02/17,38.36,38.66,37.50,37.98,5721239,38.08
2016/02/18,38.30,38.80,37.50,37.72,6106254,38.15
2016/02/19,37.46,37.72,36.74,37.30,3926695,37.23
2016/02/22,37.70,38.30,37.32,38.16,5360059,37.81
2016/02/23,38.20,38.86,37.80,38.80,6335891,38.33
2016/02/24,38.50,38.84,37.10,38.26,5281167,37.97
2016/02/25,38.00,38.10,34.48,34.48,5109310,36.29
2016/02/26,34.70,35.10,33.14,34.18,3837833,34.12
2016/02/29,33.50,33.78,30.82,30.82,4872615,32.30
2016/03/01,30.10,31.56,30.10,31.32,3279949,30.83
2016/03/02,31.24,33.66,31.12,33.00,4192931,32.39
2016/03/03,33.14,33.68,32.92,32.94,3884510,33.30
2016/03/04,32.72,32.98,30.56,31.12,3468833,31.77
2016/03/07,31.40,33.90,31.30,32.44,3771359,32.60
2016/03/08,32.66,33.88,30.80,33.44,4559970,32.34
2016/03/09,32.54,34.58,32.12,33.62,5331703,33.35
2016/03/10,33.30,33.86,32.24,32.32,3337623,33.05
2016/03/11,32.00,32.30,31.34,31.72,2231556,31.82
2016/03/14,32.50,33.62,32.10,33.16,4277790,32.86
2016/03/15,33.36,33.50,32.74,33.12,3299146,33.12
2016/03/16,33.12,33.62,32.40,32.46,3920081,33.01
2016/03/17,32.50,34.22,32.32,33.88,5848116,33.27
2016/03/18,34.50,37.00,34.10,35.64,10876985,35.55
2016/03/21,36.30,37.06,35.80,36.74,9162383,36.43
2016/03/22,36.50,38.46,36.20,37.52,9275112,37.33
2016/03/23,37.90,39.30,37.62,38.34,9424859,38.46
2016/03/24,38.50,39.72,37.26,37.30,12988447,38.49
2016/03/25,36.62,38.62,36.52,38.32,8978598,37.57
2016/03/28,38.70,38.98,37.72,38.02,7660217,38.35
2016/03/29,37.74,38.44,36.32,36.72,4488464,37.38
2016/03/30,37.40,38.26,37.04,38.18,4503892,37.65
2016/03/31,38.66,38.86,37.80,38.08,5718938,38.33
2016/04/01,38.10,38.90,36.62,37.16,4176548,37.76
2016/04/05,37.30,38.10,36.78,37.88,4734518,37.44
2016/04/06,37.82,38.40,37.46,38.34,7028228,37.93
2016/04/07,38.50,38.80,37.28,37.62,7048469,38.04
2016/04/08,37.38,37.40,36.44,36.80,3781901,36.92
2016/04/11,37.22,38.30,37.22,37.82,4594011,37.76
2016/04/12,37.14,37.44,36.86,37.22,3944490,37.15
2016/04/13,37.46,40.90,37.46,39.98,12987461,39.18
2016/04/14,39.70,39.70,38.70,39.26,7810812,39.20
2016/04/15,39.24,39.60,38.70,39.44,5338308,39.15
2016/04/18,39.08,39.08,37.92,37.98,5026497,38.50
2016/04/19,38.26,38.68,37.74,38.46,3531744,38.21
2016/04/20,38.64,38.80,34.66,34.90,6648378,36.73
2016/04/21,34.74,35.60,34.30,34.36,3773202,34.95
2016/04/22,34.42,35.26,33.72,35.04,3020491,34.49
2016/04/25,35.10,37.74,34.90,36.22,4377958,36.32
2016/04/26,36.18,36.90,35.74,36.46,2437786,36.32
2016/04/27,36.70,36.84,36.20,36.26,2380050,36.52
2016/04/28,36.14,36.82,35.88,36.50,3054861,36.35
2016/04/29,36.62,36.82,35.92,36.00,2041918,36.37
2016/05/03,36.30,37.50,36.00,37.30,4267978,36.75
2016/05/04,37.00,38.26,36.94,38.18,4683523,37.60
2016/05/05,38.00,38.82,37.90,38.26,3656321,38.36
2016/05/06,38.20,38.70,36.30,36.32,4819139,37.50
2016/05/09,35.90,35.90,34.56,34.84,3289880,35.23
2016/05/10,34.56,35.24,34.56,34.90,1687639,34.90
2016/05/11,35.14,35.26,34.22,34.44,1889937,34.74
2016/05/12,34.14,35.02,32.66,34.86,2992372,33.84
2016/05/13,34.66,36.50,34.10,35.06,2858364,35.30
2016/05/16,35.10,35.68,34.54,35.48,2475460,35.11
2016/05/17,35.54,36.36,35.40,35.54,2350543,35.88
2016/05/18,35.30,35.40,33.50,34.02,3147553,34.45
2016/05/19,34.06,34.94,33.92,34.00,1968638,34.43
2016/05/20,34.00,35.16,33.50,34.64,1920275,34.33
2016/05/23,34.68,35.60,34.52,35.24,2591786,35.06
2016/05/24,35.02,35.70,34.92,35.40,2949060,35.31
2016/05/25,35.34,37.42,34.86,37.04,7022540,36.14
2016/05/26,36.52,36.88,35.52,36.66,4847930,36.20
2016/05/27,36.64,37.14,36.26,36.74,3816747,36.70
2016/05/30,36.60,36.70,35.92,36.16,2397273,36.31
2016/05/31,36.16,37.66,36.06,37.60,5087447,36.86
2016/06/01,37.70,37.88,37.34,37.50,4591297,37.61
2016/06/02,37.70,38.30,37.22,37.52,5089780,37.76
2016/06/03,37.44,38.12,37.36,37.88,5564514,37.74
2016/06/06,37.86,38.00,36.90,37.08,4842543,37.45
2016/06/07,37.14,37.30,36.66,36.86,3320893,36.98
2016/06/08,36.96,40.10,36.70,38.86,12279657,38.40
2016/06/13,38.84,42.30,38.32,39.42,18844642,40.31
2016/06/14,38.34,41.08,38.22,41.08,12776291,39.65
2016/06/15,40.10,43.82,40.10,43.06,16904600,41.96
2016/06/16,42.84,47.14,42.54,46.10,17231660,44.84
2016/06/17,45.82,46.04,43.62,45.00,12068049,44.83
2016/06/20,44.50,44.90,43.10,44.34,8616372,44.00
2016/06/21,44.80,45.26,42.50,43.04,7782928,43.88
2016/06/22,42.68,44.00,42.64,44.00,6151752,43.32
2016/06/23,43.60,44.36,42.96,44.34,6832329,43.66
2016/06/24,44.12,44.86,41.52,42.32,9103056,43.19
2016/06/27,42.48,43.30,42.06,43.10,6707376,42.68
2016/06/28,42.50,45.50,42.26,45.30,10626043,43.88
2016/06/29,44.80,45.10,44.02,44.32,6701330,44.56
2016/06/30,44.42,44.72,43.92,44.38,5328130,44.32
2016/07/01,44.22,44.60,43.00,43.04,5159059,43.80
2016/07/04,42.94,44.24,42.60,44.02,4899042,43.42
2016/07/05,44.22,46.72,44.22,45.60,13266196,45.47
2016/07/06,45.44,45.44,44.10,44.50,6529778,44.77
2016/07/07,44.36,44.36,43.14,44.14,5334596,43.75
2016/07/08,43.64,44.52,43.64,44.12,3619518,44.08
2016/07/11,44.36,44.50,42.90,42.98,4640260,43.70
2016/07/12,42.80,43.50,42.00,43.44,4500350,42.75
2016/07/13,43.48,44.76,43.10,44.58,6535804,43.93
2016/07/14,44.80,45.96,44.34,44.62,8230740,45.15
2016/07/15,45.52,46.36,44.76,44.84,6843133,45.56
2016/07/18,44.92,45.50,44.10,44.60,4851005,44.80
2016/07/19,44.10,46.36,43.60,46.36,9860504,44.98
2016/07/20,46.40,47.60,45.90,47.12,11694464,46.75
2016/07/21,46.90,47.16,46.00,46.10,5992359,46.58
2016/07/22,46.00,46.84,45.24,46.14,4502653,46.04
2016/07/25,46.08,46.56,45.40,46.50,3610632,45.98
2016/07/26,46.60,46.86,46.20,46.50,3663700,46.53
2016/07/27,46.86,46.88,41.92,42.30,8833000,44.40
2016/07/28,42.40,42.96,41.38,42.20,3865000,42.17
2016/07/29,42.34,42.36,41.00,41.20,2687002,41.68
2016/08/01,39.90,41.20,39.74,40.80,2685939,40.47
2016/08/02,40.74,41.26,40.40,41.02,1510401,40.83
2016/08/03,41.24,41.36,40.76,40.90,1441208,41.06
2016/08/04,40.90,41.62,40.86,41.36,1794324,41.24
2016/08/05,41.34,41.58,40.86,40.94,1472433,41.22
2016/08/08,40.60,41.12,40.32,41.06,1796878,40.72
