Date, SZ002231.Open, SZ002231.High, SZ002231.Low, SZ002231.Close, SZ002231.Volume, SZ002231.Adjusted
2008/05/12,15.30,15.96,14.20,14.40,17837133,14.74
2008/05/13,13.41,13.84,12.96,13.00,8730945,13.26
2008/05/14,12.80,13.39,12.70,13.28,4904763,13.12
2008/05/15,13.23,13.95,13.03,13.50,4890617,13.44
2008/05/16,13.29,13.48,12.91,12.97,2858347,13.14
2008/05/19,12.89,12.92,12.40,12.58,2149425,12.59
2008/05/20,12.49,12.78,11.88,11.91,1889425,12.32
2008/05/21,11.80,12.31,11.62,12.27,2229081,12.00
2008/05/22,12.00,12.35,11.90,11.90,1532470,12.08
2008/05/23,11.75,13.09,11.75,13.09,6216229,12.78
2008/05/26,13.68,14.18,12.81,12.90,8149467,13.65
2008/05/27,12.62,12.80,11.73,12.37,4021456,12.11
2008/05/28,12.09,12.38,11.91,12.18,2107366,12.16
2008/05/29,12.01,12.46,12.01,12.06,1705074,12.25
2008/05/30,12.02,12.33,11.91,12.21,1589600,12.15
2008/06/02,12.11,12.48,11.88,12.42,1797414,12.20
2008/06/03,12.71,13.20,12.01,12.06,3934732,12.70
2008/06/04,11.88,11.89,11.26,11.37,2223660,11.47
2008/06/05,11.35,11.53,11.11,11.40,905237,11.35
2008/06/06,11.41,11.62,11.32,11.47,893748,11.46
2008/06/10,11.03,11.05,10.32,10.32,1370001,10.54
2008/06/11,10.32,10.32,9.93,10.03,898395,10.10
2008/06/12,9.98,10.05,9.55,9.92,1262779,9.79
2008/06/13,9.91,10.09,9.41,9.46,757706,9.68
2008/06/16,9.50,9.64,9.11,9.42,640838,9.36
2008/06/17,9.43,9.76,9.26,9.38,1241257,9.54
2008/06/18,9.43,9.76,9.26,9.38,0,9.51
2008/06/19,9.70,9.87,8.71,8.74,1613108,9.43
2008/06/20,8.72,9.22,8.22,8.67,1316062,8.80
2008/06/23,8.69,8.87,8.47,8.53,611300,8.67
2008/06/24,8.53,8.97,8.53,8.80,758790,8.76
2008/06/25,8.80,9.24,8.76,9.18,1046976,9.05
2008/06/26,9.02,9.35,8.92,9.28,1147664,9.16
2008/06/27,8.95,8.97,8.36,8.43,988568,8.67
2008/06/30,8.33,8.54,8.20,8.50,400945,8.39
2008/07/01,8.52,8.59,8.26,8.38,410535,8.43
2008/07/02,8.47,8.80,8.39,8.53,460218,8.56
2008/07/03,8.43,9.00,8.36,8.86,986641,8.78
2008/07/04,8.78,8.96,8.63,8.69,656859,8.75
2008/07/07,8.69,9.14,8.69,9.09,1157056,8.97
2008/07/08,9.13,9.24,8.96,9.17,879036,9.11
2008/07/09,9.17,9.40,9.15,9.37,1221788,9.26
2008/07/10,9.24,9.40,9.15,9.16,1081341,9.27
2008/07/11,9.11,9.18,8.81,8.90,738873,8.98
2008/07/14,8.91,9.17,8.90,9.14,550321,9.05
2008/07/15,9.09,9.23,8.80,8.84,855970,9.03
2008/07/16,8.80,8.96,8.37,8.45,807252,8.65
2008/07/17,8.60,8.68,8.31,8.40,650019,8.52
2008/07/18,8.42,8.76,8.34,8.69,589353,8.52
2008/07/21,8.68,8.98,8.57,8.91,804940,8.83
2008/07/22,8.85,9.07,8.80,8.92,751728,8.92
2008/07/23,8.92,9.27,8.92,8.99,1279491,9.14
2008/07/24,9.12,9.27,9.03,9.19,884730,9.16
2008/07/25,9.12,9.19,9.00,9.07,784549,9.08
2008/07/28,9.11,9.98,9.11,9.83,3880435,9.70
2008/07/29,9.88,10.22,9.61,10.08,4865023,9.92
2008/07/30,10.38,10.64,9.98,10.20,5363530,10.32
2008/07/31,10.20,10.20,9.60,9.63,1962457,9.76
2008/08/01,9.51,9.79,9.46,9.74,1596424,9.65
2008/08/04,9.60,9.88,9.55,9.63,1237701,9.74
2008/08/05,9.68,10.08,9.55,9.84,2184361,9.83
2008/08/06,9.87,9.96,9.16,9.50,1410582,9.50
2008/08/07,9.45,9.68,9.19,9.47,767154,9.33
2008/08/08,9.45,9.45,8.52,8.55,1162472,8.94
2008/08/11,8.48,8.48,7.70,7.70,982926,7.92
2008/08/12,7.15,7.58,7.04,7.23,3054746,7.20
2008/08/13,7.16,7.16,6.69,6.95,1644025,6.88
2008/08/14,6.90,7.05,6.84,6.97,887130,6.94
2008/08/15,7.03,7.10,6.88,7.07,1209670,7.02
2008/08/18,7.10,7.11,6.36,6.60,1533872,6.61
2008/08/19,6.85,6.85,6.60,6.84,1503945,6.75
2008/08/20,6.68,7.42,6.51,7.31,2571809,7.09
2008/08/21,7.09,7.28,6.80,6.83,1912662,7.04
2008/08/22,6.73,6.83,6.41,6.57,1162698,6.60
2008/08/25,6.50,6.83,6.46,6.65,799378,6.70
2008/08/26,6.52,6.64,6.13,6.18,1066542,6.36
2008/08/27,6.17,6.77,5.93,6.77,941577,6.25
2008/08/28,6.32,6.59,6.28,6.46,1021411,6.44
2008/08/29,6.45,6.68,6.37,6.61,878659,6.58
2008/09/01,6.61,6.61,6.28,6.30,494404,6.43
2008/09/02,6.30,6.53,6.20,6.43,622439,6.40
2008/09/03,6.33,6.52,6.29,6.48,485673,6.41
2008/09/04,6.48,6.59,6.41,6.55,557061,6.52
2008/09/05,6.30,6.39,6.10,6.15,657533,6.26
2008/09/08,6.18,6.20,5.68,5.79,645271,5.94
2008/09/09,5.93,5.93,5.72,5.87,402737,5.82
2008/09/10,5.75,6.00,5.74,5.89,424272,5.91
2008/09/11,5.87,5.94,5.71,5.72,398127,5.81
2008/09/12,5.79,5.80,5.64,5.72,415165,5.72
2008/09/16,5.70,5.73,5.45,5.59,509263,5.62
2008/09/17,5.53,5.64,5.42,5.47,482998,5.51
2008/09/18,5.30,5.39,4.94,5.24,846411,5.16
2008/09/19,5.71,5.76,5.56,5.76,1189393,5.73
2008/09/22,6.00,6.34,5.86,5.98,2359408,6.11
2008/09/23,5.69,5.83,5.38,5.40,1544037,5.52
2008/09/24,5.26,5.60,5.25,5.56,628242,5.46
2008/09/25,5.55,5.74,5.48,5.70,895075,5.65
2008/09/26,5.72,5.76,5.56,5.67,511075,5.66
2008/10/06,5.50,5.50,5.36,5.39,319703,5.42
2008/10/07,5.22,5.35,5.17,5.29,365916,5.26
2008/10/08,5.30,5.45,5.27,5.42,787162,5.38
2008/10/09,5.47,5.50,5.26,5.39,383125,5.37
2008/10/10,5.47,5.50,5.26,5.39,0,5.38
2008/10/13,4.96,5.16,4.85,5.16,668430,4.98
2008/10/14,5.29,5.32,4.95,4.98,440131,5.15
2008/10/15,4.70,4.87,4.69,4.72,486437,4.75
2008/10/16,4.64,4.64,4.25,4.33,682390,4.42
2008/10/17,4.38,4.40,4.25,4.35,374981,4.33
2008/10/20,4.30,4.52,4.28,4.50,408357,4.42
2008/10/21,4.48,4.63,4.44,4.49,407052,4.52
2008/10/22,4.44,4.55,4.41,4.46,299175,4.49
2008/10/23,4.38,4.52,4.31,4.51,257113,4.40
2008/10/24,4.51,4.58,4.38,4.58,452300,4.47
2008/10/27,4.42,4.55,4.14,4.19,527946,4.36
2008/10/28,4.16,4.34,4.01,4.26,451826,4.18
2008/10/29,4.32,4.35,4.12,4.18,538880,4.25
2008/10/30,4.17,4.34,4.11,4.30,617523,4.26
2008/10/31,4.34,4.34,4.17,4.31,425795,4.24
2008/11/03,4.30,4.30,4.20,4.25,234200,4.26
2008/11/04,4.25,4.25,4.02,4.10,364999,4.08
2008/11/05,4.10,4.29,4.10,4.26,341590,4.23
2008/11/06,4.20,4.27,4.08,4.26,326929,4.18
2008/11/07,4.19,4.54,4.11,4.48,1475725,4.45
2008/11/10,4.56,4.79,4.45,4.73,1752601,4.62
2008/11/11,4.70,4.83,4.55,4.65,1274241,4.67
2008/11/12,4.56,4.89,4.56,4.83,1369425,4.75
2008/11/13,4.75,5.09,4.70,4.94,1922675,4.91
2008/11/14,4.96,5.18,4.88,5.15,1691774,5.02
2008/11/17,5.18,5.44,5.05,5.40,2012321,5.26
2008/11/18,5.39,5.39,4.86,4.86,1982092,5.11
2008/11/19,4.85,5.35,4.85,5.35,1438781,5.29
2008/11/20,5.75,5.89,5.68,5.89,5499623,5.84
2008/11/21,5.90,5.90,5.35,5.54,5212128,5.60
2008/11/24,5.57,5.57,5.03,5.05,2540100,5.26
2008/11/25,5.20,5.20,4.96,5.14,1410590,5.08
2008/11/26,5.18,5.22,5.08,5.11,1029820,5.15
2008/11/27,5.49,5.50,5.16,5.16,1986141,5.30
2008/11/28,5.13,5.15,4.99,5.08,1212249,5.05
2008/12/01,5.09,5.40,5.03,5.40,1607348,5.29
2008/12/02,5.32,5.87,5.25,5.56,3023049,5.59
2008/12/03,5.58,5.85,5.53,5.77,2831043,5.72
2008/12/04,5.80,6.06,5.78,5.80,3973692,5.94
2008/12/05,5.69,6.20,5.68,6.20,2662131,6.00
2008/12/08,6.22,6.59,6.22,6.39,3789167,6.40
2008/12/09,6.41,6.44,6.08,6.10,2285924,6.22
2008/12/10,6.05,6.38,6.05,6.34,1596705,6.24
2008/12/11,6.38,6.44,6.12,6.14,1868811,6.30
2008/12/12,6.15,6.43,5.86,6.16,3940637,6.21
2008/12/15,6.28,6.78,6.28,6.78,7437462,6.69
2008/12/16,6.68,6.68,6.10,6.53,4315552,6.40
2008/12/17,6.50,6.98,6.40,6.75,4186089,6.71
2008/12/18,6.50,6.98,6.40,6.75,0,6.69
2008/12/19,6.81,7.32,6.75,7.12,3583276,7.01
2008/12/22,7.22,7.83,7.20,7.83,7345905,7.77
2008/12/23,7.88,7.89,7.35,7.35,6052454,7.65
2008/12/24,7.07,7.65,6.92,7.63,4811494,7.33
2008/12/25,7.55,7.72,6.96,7.13,3545973,7.34
2008/12/26,7.15,7.55,6.98,7.35,3053915,7.27
2008/12/29,7.28,7.28,6.68,6.93,2684917,6.92
2008/12/30,6.85,7.19,6.84,6.94,2541033,7.02
2008/12/31,6.90,7.26,6.80,7.12,3000717,7.07
2009/01/05,7.33,7.83,7.33,7.82,7385373,7.77
2009/01/06,7.60,8.50,7.58,8.50,6884409,8.03
2009/01/07,8.49,8.79,8.20,8.26,6632018,8.47
2009/01/08,7.88,8.18,7.60,7.79,4017317,7.91
2009/01/09,7.70,8.28,7.70,8.15,3927506,8.04
2009/01/12,8.10,8.67,8.03,8.35,3996946,8.41
2009/01/13,8.10,8.29,7.85,7.85,2454154,8.05
2009/01/14,7.81,8.15,7.81,8.15,1968103,8.07
2009/01/15,8.06,8.35,8.00,8.06,2326770,8.13
2009/01/16,8.12,8.23,7.80,7.90,2632585,8.01
2009/01/19,7.94,8.05,7.79,8.00,1770164,7.93
2009/01/20,8.01,8.08,7.91,8.04,1373266,8.00
2009/01/21,8.00,8.04,7.80,7.85,1311558,7.95
2009/01/22,7.96,8.14,7.82,8.01,1492671,8.02
2009/01/23,8.00,8.19,7.96,8.01,1580741,8.09
2009/02/02,8.03,8.19,8.00,8.18,1800609,8.10
2009/02/03,8.14,8.29,8.06,8.22,2119958,8.19
2009/02/04,8.29,8.42,8.13,8.42,3075238,8.24
2009/02/05,8.35,8.47,8.00,8.08,2574891,8.23
2009/02/06,8.35,8.47,8.00,8.08,0,8.24
2009/02/09,8.58,8.58,8.25,8.42,4181859,8.41
2009/02/10,8.38,9.00,8.28,8.96,4822346,8.69
2009/02/11,8.75,9.25,8.65,8.76,3924477,8.92
2009/02/12,8.80,8.97,8.52,8.90,2444417,8.74
2009/02/13,8.91,9.13,8.81,9.08,2819966,9.04
2009/02/16,9.16,9.58,9.09,9.19,3015026,9.28
2009/02/17,9.18,9.35,8.69,8.70,2608735,9.02
2009/02/18,8.48,8.67,8.16,8.16,2050340,8.40
2009/02/19,8.40,8.54,8.23,8.41,1531271,8.37
2009/02/20,8.41,8.80,8.36,8.76,1633408,8.61
2009/02/23,8.77,9.19,8.54,9.12,2068616,8.88
2009/02/24,9.18,9.28,8.55,8.57,2479514,8.92
2009/02/25,8.64,8.80,8.39,8.74,1672103,8.64
2009/02/26,8.81,9.14,7.99,8.23,3106844,8.79
2009/02/27,8.04,8.20,7.41,7.55,2539533,7.59
2009/03/02,7.45,7.73,7.28,7.61,1114310,7.54
2009/03/03,7.42,7.80,7.28,7.60,1403978,7.56
2009/03/04,7.50,8.17,7.48,8.10,1836997,7.93
2009/03/05,8.14,8.35,7.90,8.11,1870967,8.13
2009/03/06,7.91,8.92,7.82,8.92,4386193,8.65
2009/03/09,8.89,9.09,8.48,8.57,4110851,8.84
2009/03/10,8.52,8.75,8.31,8.75,1923318,8.57
2009/03/11,8.85,9.18,8.66,8.68,2022177,8.88
2009/03/12,8.60,8.70,8.25,8.60,1576105,8.43
2009/03/13,8.62,8.75,8.37,8.46,1115146,8.54
2009/03/16,8.41,8.69,8.38,8.62,1171168,8.57
2009/03/17,8.55,8.96,8.55,8.91,2078345,8.80
2009/03/18,8.85,9.08,8.82,8.82,2466708,8.94
2009/03/19,8.82,9.05,8.78,8.98,1974031,8.93
2009/03/20,8.94,9.03,8.61,8.78,1759544,8.79
2009/03/23,8.80,8.98,8.70,8.89,1653446,8.89
2009/03/24,8.93,9.39,8.83,9.31,3463318,9.11
2009/03/25,9.16,9.25,8.80,8.81,2030831,9.06
2009/03/26,8.89,9.08,8.71,9.03,1236337,8.95
2009/03/27,9.10,9.15,8.94,9.05,1343455,9.06
2009/03/30,9.10,9.43,9.04,9.35,2171422,9.28
2009/03/31,9.09,9.39,8.92,9.36,1875224,9.17
2009/04/01,9.49,10.30,9.49,10.30,6375184,10.18
2009/04/02,10.40,10.76,10.27,10.44,8131209,10.55
2009/04/03,10.31,11.39,10.01,10.75,5186305,10.58
2009/04/07,10.90,10.95,10.40,10.64,2988428,10.70
2009/04/08,10.55,11.10,10.30,10.65,3788263,10.73
2009/04/09,10.25,10.45,9.90,10.38,3499611,10.19
2009/04/10,10.37,10.77,10.15,10.68,3109451,10.52
2009/04/13,10.75,11.28,10.60,11.11,4032227,10.97
2009/04/14,11.00,12.09,10.89,11.99,4816004,11.53
2009/04/15,11.70,12.99,11.60,12.68,5023062,12.21
2009/04/16,12.64,12.98,12.08,12.10,3786735,12.36
2009/04/17,12.15,12.20,11.36,11.50,2869263,11.69
2009/04/20,11.39,11.95,11.35,11.86,2121511,11.70
2009/04/21,11.74,12.05,11.56,11.90,1876660,11.86
2009/04/22,12.20,12.40,10.83,11.10,2878673,11.79
2009/04/23,11.01,11.28,10.71,11.18,1726449,11.05
2009/04/24,11.12,11.30,11.00,11.01,1600198,11.08
2009/04/27,11.03,11.03,10.35,10.37,1745071,10.54
2009/04/28,10.32,10.58,10.22,10.50,1021229,10.43
2009/04/29,10.32,10.58,10.22,10.50,0,10.40
2009/04/30,10.83,11.55,10.82,11.55,2997331,11.40
2009/05/04,11.91,12.26,11.55,12.05,5123189,12.07
2009/05/05,12.06,12.58,11.67,12.20,3714124,12.11
2009/05/06,12.00,12.30,11.91,12.23,2478154,12.12
2009/05/07,12.33,12.99,12.20,12.64,4465787,12.53
2009/05/08,12.49,12.59,11.78,12.12,2710997,12.18
2009/05/11,12.12,12.39,11.63,11.63,1922395,11.95
2009/05/12,11.56,11.91,11.52,11.89,1375676,11.70
2009/05/13,11.89,12.35,11.73,12.20,1941664,12.12
2009/05/14,12.10,12.58,11.87,12.37,2240179,12.24
2009/05/15,12.45,12.58,12.13,12.28,2075881,12.29
2009/05/18,12.34,12.35,11.81,12.05,1624244,11.85
2009/05/19,12.13,12.28,11.90,12.03,1702499,11.99
2009/05/20,12.11,12.11,11.89,11.95,1621690,11.88
2009/05/21,11.95,12.99,11.84,12.72,6313177,12.39
2009/05/22,12.56,12.82,12.40,12.51,3164192,12.50
2009/05/25,12.11,12.55,11.96,12.50,2705635,12.16
2009/05/26,12.59,13.21,12.49,12.79,4969662,12.79
2009/05/27,12.60,12.81,12.40,12.52,2086795,12.42
2009/06/01,12.56,12.65,12.39,12.50,1759357,12.39
2009/06/02,12.52,12.86,12.35,12.73,2860283,12.53
2009/06/03,12.80,13.06,12.72,13.05,3177774,12.84
2009/06/04,13.00,13.50,12.55,12.60,3469144,12.91
2009/06/05,12.51,12.69,12.23,12.23,2334561,12.33
2009/06/08,12.18,12.49,12.18,12.45,1198590,12.21
2009/06/09,12.48,12.48,11.81,12.19,1454285,12.00
2009/06/10,12.15,12.29,12.05,12.25,1170933,12.07
2009/06/11,12.22,12.35,12.07,12.10,1046347,12.13
2009/06/12,12.10,12.17,11.70,11.76,1424817,11.79
2009/06/15,11.76,12.15,11.71,12.08,923148,11.86
2009/06/16,12.30,13.20,12.30,12.70,5491220,12.72
2009/06/17,12.51,12.51,12.08,12.38,2758982,12.16
2009/06/18,12.51,12.51,12.08,12.38,0,12.29
2009/06/19,12.37,12.38,12.11,12.24,1584788,12.11
2009/06/22,12.27,12.48,12.20,12.25,1209468,12.23
2009/06/23,12.11,12.31,12.00,12.25,988947,12.12
2009/06/24,12.18,12.38,12.18,12.34,967270,12.18
2009/06/25,12.30,12.59,12.30,12.44,1456684,12.35
2009/06/26,12.54,12.56,12.31,12.48,943241,12.32
2009/06/29,12.48,12.74,12.42,12.72,1900216,12.50
2009/06/30,12.79,12.84,12.39,12.54,1213728,12.48
2009/07/01,12.47,12.58,12.26,12.30,1188982,12.29
2009/07/02,12.37,12.49,12.31,12.41,846959,12.27
2009/07/03,12.40,12.40,12.16,12.26,1014052,12.16
2009/07/06,12.24,12.61,12.24,12.56,1309320,12.28
2009/07/07,12.57,13.08,12.37,12.87,3492756,12.67
2009/07/08,12.87,13.00,12.53,12.72,1995476,12.68
2009/07/09,12.75,13.94,12.75,13.71,4865188,13.27
2009/07/10,13.61,13.89,13.30,13.30,3172490,13.42
2009/07/13,13.50,13.89,13.30,13.50,2757234,13.53
2009/07/14,13.75,14.09,13.40,13.60,2920881,13.63
2009/07/15,13.56,13.60,13.31,13.38,2822717,13.32
2009/07/16,13.44,13.88,13.37,13.57,2347936,13.45
2009/07/17,13.59,14.36,13.41,14.06,4153507,13.83
2009/07/20,14.01,15.25,14.01,14.34,3715583,14.42
2009/07/21,14.17,14.75,13.60,13.63,2851852,13.88
2009/07/22,13.61,13.84,13.58,13.65,1486926,13.61
2009/07/23,13.67,14.00,13.62,13.97,1245668,13.69
2009/07/24,14.68,14.68,13.66,13.91,1826126,13.98
2009/07/27,14.10,14.10,13.80,13.95,1564503,13.82
2009/07/28,13.97,14.39,13.82,14.38,2174586,14.02
2009/07/29,14.44,14.55,12.97,13.25,2430997,13.78
2009/07/30,13.32,13.92,13.11,13.92,2504706,13.48
2009/07/31,13.80,13.98,13.62,13.97,2509736,13.71
2009/08/03,13.91,13.96,13.76,13.93,1742232,13.78
2009/08/04,13.95,14.45,13.56,14.40,2876559,13.85
2009/08/05,14.26,15.04,14.15,14.89,5079456,14.51
2009/08/06,14.85,14.85,13.95,14.15,2251733,14.26
2009/08/07,14.15,14.47,13.62,13.66,1735573,13.97
2009/08/10,13.75,14.00,13.40,13.76,1337035,13.61
2009/08/11,13.77,13.93,13.71,13.86,859816,13.75
2009/08/12,13.83,13.83,12.90,12.96,1406068,13.25
2009/08/13,12.97,13.20,12.78,13.07,894672,12.90
2009/08/14,13.10,13.12,12.25,12.25,1254596,12.42
2009/08/17,12.34,12.34,11.10,11.15,1372358,11.57
2009/08/18,11.15,11.58,11.12,11.48,799103,11.27
2009/08/19,11.40,11.56,10.43,10.53,1103885,10.90
2009/08/20,10.53,11.03,10.53,10.96,981067,10.70
2009/08/21,10.95,11.40,10.82,11.38,1429388,11.13
2009/08/24,11.38,11.89,11.30,11.80,1497567,11.55
2009/08/25,11.75,12.28,11.61,12.12,2505907,11.84
2009/08/26,12.13,12.57,11.91,12.49,1997276,12.25
2009/08/27,12.49,12.86,12.11,12.53,2219525,12.36
2009/08/28,12.48,12.57,12.21,12.23,1152367,12.20
2009/08/31,12.25,12.25,11.03,11.06,1398635,11.43
2009/09/01,10.90,11.51,10.85,11.26,820590,11.22
2009/09/02,11.24,11.36,10.95,11.23,648482,11.06
2009/09/03,11.25,12.33,11.22,12.30,1642040,11.71
2009/09/04,12.20,12.47,12.06,12.29,1979851,12.22
2009/09/07,12.29,12.59,12.23,12.35,1339232,12.27
2009/09/08,12.29,12.46,12.15,12.41,906098,12.25
2009/09/09,12.41,13.03,12.33,12.96,3034757,12.64
2009/09/10,12.79,12.92,12.43,12.45,1299388,12.54
2009/09/11,12.45,12.65,12.40,12.55,1212563,12.42
2009/09/14,12.60,12.98,12.53,12.82,1812045,12.70
2009/09/15,12.84,13.38,12.84,13.06,2766052,13.06
2009/09/16,13.10,13.28,12.90,13.18,1747388,13.00
2009/09/17,13.35,14.30,13.20,13.97,4567538,13.72
2009/09/18,13.85,14.10,13.08,13.51,3467380,13.66
2009/09/21,13.57,14.78,13.25,14.70,6455328,14.08
2009/09/22,14.90,16.09,14.70,15.60,10358720,15.41
2009/09/23,16.10,17.15,15.69,17.15,9844116,16.57
2009/09/24,17.30,18.78,16.80,17.35,14037176,17.66
2009/09/25,17.50,18.70,16.41,16.49,11101579,17.62
2009/09/28,15.89,16.28,14.88,15.10,8402621,15.50
2009/09/29,14.92,15.10,14.15,14.78,6831855,14.54
2009/09/30,14.77,15.10,14.49,14.80,6054358,14.69
2009/10/09,14.90,15.78,14.68,15.52,6437814,15.19
2009/10/12,15.40,17.06,15.40,16.70,8372234,16.22
2009/10/13,16.45,16.47,15.66,16.23,6298101,15.95
2009/10/14,16.15,16.70,16.00,16.52,5845086,16.13
2009/10/15,16.42,16.69,16.03,16.07,3539544,16.21
2009/10/16,15.92,16.15,15.36,16.01,3554710,15.69
2009/10/19,16.01,16.98,15.71,16.90,6434839,16.42
2009/10/20,16.89,18.26,16.80,17.90,10063977,17.32
2009/10/21,17.51,17.96,17.43,17.58,5439316,17.53
2009/10/22,17.59,18.23,17.59,18.06,5220392,17.88
2009/10/23,18.00,18.00,17.00,17.48,8165848,17.41
2009/10/26,17.24,17.24,16.70,17.00,3427108,16.81
2009/10/27,16.71,17.30,16.63,16.68,2818144,16.87
2009/10/28,16.58,16.87,15.90,16.58,2538422,16.27
2009/10/29,16.30,16.36,16.05,16.08,1807652,16.09
2009/10/30,16.39,16.48,16.10,16.12,2122958,16.21
2009/11/02,15.78,16.35,15.60,16.35,2086237,15.91
2009/11/03,16.35,16.82,16.33,16.73,2681352,16.57
2009/11/04,16.73,17.10,16.61,16.99,2952648,16.81
2009/11/05,16.98,17.05,16.68,16.90,2015114,16.77
2009/11/06,16.84,16.98,16.75,16.91,2333000,16.77
2009/11/09,16.91,17.08,16.81,17.08,2250682,16.90
2009/11/10,17.18,17.19,16.58,16.62,2272871,16.70
2009/11/11,16.59,16.59,16.26,16.35,1900927,16.25
2009/11/12,16.31,16.49,16.28,16.28,1575726,16.28
2009/11/13,16.42,16.74,16.28,16.74,2081818,16.45
2009/11/16,16.90,17.10,16.80,17.10,2932340,16.88
2009/11/17,17.20,17.45,16.92,17.45,3426501,17.06
2009/11/18,17.56,18.08,17.31,18.04,7906114,17.56
2009/11/19,17.90,17.98,17.60,17.81,3590710,17.64
2009/11/20,17.70,17.71,17.27,17.36,3238669,17.34
2009/11/23,17.25,17.71,17.25,17.71,2620352,17.43
2009/11/24,17.77,17.78,16.50,16.54,3174720,17.16
2009/11/25,16.44,16.85,16.08,16.70,2337589,16.39
2009/11/26,16.74,17.07,15.60,15.95,2027664,16.43
2009/11/27,15.80,16.30,15.62,15.71,1364623,15.83
2009/11/30,15.80,16.39,15.80,16.38,1113120,16.03
2009/12/01,16.60,16.90,16.32,16.85,1686308,16.58
2009/12/02,16.88,17.36,16.81,17.10,2229593,17.01
2009/12/03,16.98,17.58,16.95,17.53,2570049,17.15
2009/12/04,17.66,19.27,17.61,18.50,11270795,18.49
2009/12/07,18.10,19.85,17.96,19.85,10297648,18.86
2009/12/08,19.20,19.30,18.51,18.86,6714033,18.82
2009/12/09,19.00,19.64,18.86,19.41,7644601,19.20
2009/12/10,19.35,19.38,18.42,18.74,5768931,18.85
2009/12/11,18.33,18.57,17.81,18.01,4266521,18.10
2009/12/14,17.80,18.16,17.38,18.02,2696069,17.67
2009/12/15,17.98,18.45,17.75,18.32,2352717,18.17
2009/12/16,18.11,18.31,17.67,17.80,1760967,17.85
2009/12/17,17.80,18.54,17.72,18.29,3269153,18.08
2009/12/18,18.37,18.46,17.49,18.10,2942836,18.01
2009/12/21,18.00,19.17,18.00,18.88,4362160,18.49
2009/12/22,18.85,19.18,18.18,18.27,4001686,18.65
2009/12/23,18.28,19.67,18.00,19.50,8174680,19.02
2009/12/24,19.20,19.90,18.92,19.60,6861819,19.31
2009/12/25,19.61,19.90,19.21,19.62,5072851,19.51
2009/12/28,19.49,20.09,19.11,20.00,6126272,19.41
2009/12/29,19.82,20.35,19.58,20.07,6036901,19.93
2009/12/30,19.86,19.95,18.81,18.86,5048484,19.19
2009/12/31,18.86,19.25,18.86,18.95,2304151,18.90
2010/01/04,19.01,19.70,18.81,19.41,3117426,19.16
2010/01/05,19.46,19.79,19.15,19.70,3380642,19.50
2010/01/06,19.50,20.00,19.16,19.21,2466121,19.47
2010/01/07,19.22,19.30,18.25,18.34,2316387,18.67
2010/01/08,18.34,18.86,18.26,18.82,1582455,18.41
2010/01/11,18.64,19.50,18.64,19.38,2436432,19.13
2010/01/12,19.38,20.29,19.37,20.07,5115945,19.87
2010/01/13,19.71,20.35,19.37,20.03,4618144,19.88
2010/01/14,20.15,21.31,20.00,20.88,5828632,20.60
2010/01/15,20.83,20.83,20.20,20.27,3810977,20.31
2010/01/18,20.25,20.58,19.82,20.52,2439781,20.07
2010/01/19,20.52,20.52,19.91,19.98,1713030,20.01
2010/01/20,19.99,20.44,18.80,19.03,2772686,19.44
2010/01/21,18.90,19.30,18.73,18.95,1352800,18.93
2010/01/22,19.00,19.00,18.28,18.48,1735665,18.45
2010/01/25,18.40,19.02,18.22,18.63,977139,18.61
2010/01/26,18.63,18.99,17.50,17.77,1090040,18.02
2010/01/27,17.77,17.95,17.23,17.25,1063349,17.45
2010/01/28,17.40,17.99,17.11,17.99,1690094,17.45
2010/01/29,17.99,18.30,17.79,17.94,1685732,18.01
2010/02/01,17.85,17.86,16.52,17.20,2203012,16.90
2010/02/02,17.13,17.60,17.13,17.38,2279824,17.32
2010/02/03,17.38,17.70,16.61,17.45,1731422,17.20
2010/02/04,17.40,17.68,17.11,17.30,992535,17.33
2010/02/05,16.90,17.00,16.15,16.31,1322949,16.53
2010/02/08,16.32,16.55,16.22,16.29,489523,16.25
2010/02/09,16.20,16.74,16.20,16.72,834446,16.39
2010/02/10,16.88,17.05,16.68,16.95,894379,16.75
2010/02/11,17.10,17.10,16.70,16.73,452350,16.73
2010/02/12,16.80,17.35,16.61,17.21,952058,17.00
2010/02/22,17.04,17.44,16.92,17.20,731765,17.14
2010/02/23,17.20,17.56,17.13,17.52,1096628,17.27
2010/02/24,17.50,17.69,17.22,17.64,1371376,17.41
2010/02/25,17.71,17.80,17.51,17.68,1499377,17.53
2010/02/26,17.64,17.79,17.49,17.52,1145866,17.52
2010/03/01,17.52,17.67,17.31,17.64,1231011,17.45
2010/03/02,17.64,18.08,17.55,17.94,2065891,17.81
2010/03/03,17.94,18.09,17.77,18.04,1549720,17.87
2010/03/04,18.04,18.81,17.87,18.11,3443161,18.24
2010/03/05,18.12,18.25,17.46,17.73,1519131,17.72
2010/03/08,17.70,17.83,17.58,17.70,839284,17.59
2010/03/09,17.70,17.80,17.60,17.75,746073,17.63
2010/03/10,17.70,17.95,17.32,17.44,863488,17.53
2010/03/11,17.51,17.56,17.07,17.19,913884,17.11
2010/03/12,17.25,17.25,16.80,16.85,871571,16.88
2010/03/15,16.63,16.90,16.63,16.77,518789,16.67
2010/03/16,16.85,17.35,16.85,17.25,887925,17.04
2010/03/17,17.37,17.80,17.13,17.80,1579854,17.39
2010/03/18,18.00,18.99,17.81,18.85,4186281,18.24
2010/03/19,18.70,18.70,18.32,18.40,2255169,18.36
2010/03/22,18.37,18.46,18.12,18.39,1409320,18.20
2010/03/23,18.30,18.48,17.95,17.96,1353316,18.06
2010/03/24,17.95,18.43,17.95,18.19,1435779,18.15
2010/03/25,18.12,18.99,17.99,18.71,3683650,18.52
2010/03/26,18.58,18.98,18.32,18.84,2595443,18.62
2010/03/29,18.97,18.97,18.54,18.70,1651963,18.59
2010/03/30,18.73,19.15,18.65,19.08,2401494,18.79
2010/03/31,19.08,19.25,18.81,18.87,2247519,18.92
2010/04/01,18.92,19.00,18.59,18.77,2272267,18.69
2010/04/02,18.77,18.88,18.65,18.77,1293624,18.65
2010/04/06,18.73,19.27,18.73,19.17,2452175,19.03
2010/04/07,19.27,19.50,18.99,19.43,2468780,19.18
2010/04/08,19.43,19.46,18.90,18.96,1880371,19.12
2010/04/09,19.88,20.83,19.80,19.80,6249132,20.00
2010/04/12,20.05,21.77,20.00,21.77,5776704,21.06
2010/04/13,22.60,22.79,19.92,21.26,8309829,21.61
2010/04/14,20.70,21.35,20.40,20.97,3027456,20.85
2010/04/15,21.02,21.05,19.90,19.99,3139200,20.25
2010/04/16,19.94,20.84,19.80,20.52,2203564,20.38
2010/04/19,20.40,20.83,19.54,19.74,1942236,20.22
2010/04/20,20.00,20.16,19.36,20.11,1563906,19.73
2010/04/21,20.14,21.02,20.02,20.80,2404510,20.58
2010/04/22,20.60,21.50,20.50,21.30,2838743,21.05
2010/04/23,21.40,21.70,20.81,20.87,2594241,21.06
2010/04/26,20.68,21.30,20.18,20.81,2379473,20.62
2010/04/27,20.70,20.76,19.10,19.61,1708343,19.82
2010/04/28,19.50,19.87,19.12,19.24,994566,19.35
2010/04/29,19.50,19.87,19.12,19.24,0,19.50
2010/04/30,18.60,18.70,17.33,17.33,1803437,17.55
2010/05/04,17.10,17.58,16.91,17.39,781935,17.26
2010/05/05,17.38,18.18,17.21,18.13,996670,17.75
2010/05/06,17.99,18.27,17.74,17.74,914031,17.92
2010/05/07,17.44,17.96,17.19,17.70,815106,17.58
2010/05/10,17.70,18.05,16.70,17.00,1001828,17.08
2010/05/11,17.60,17.70,16.60,16.61,975809,17.08
2010/05/12,16.25,16.61,15.29,15.61,1317477,15.95
2010/05/13,15.61,15.91,14.51,15.88,1452534,15.21
2010/05/14,15.49,15.85,15.07,15.76,1147404,15.46
2010/05/17,15.35,15.61,14.54,14.54,981386,15.07
2010/05/18,14.54,14.74,13.64,14.48,1506800,14.19
2010/05/19,14.24,14.68,13.97,14.39,1179326,14.33
2010/05/20,14.29,14.59,13.96,14.03,919832,14.28
2010/05/21,13.78,14.41,13.55,14.38,1237182,13.98
2010/05/24,14.45,15.19,14.45,15.07,2050997,14.82
2010/05/25,15.05,15.73,14.90,15.50,2812978,15.32
2010/05/26,15.38,15.77,15.32,15.53,1784849,15.54
2010/05/27,15.55,15.86,15.13,15.71,2103991,15.50
2010/05/28,15.73,16.27,15.73,16.07,2239595,16.00
2010/05/31,16.07,16.28,15.25,15.29,2097869,15.77
2010/06/01,15.23,15.40,14.24,15.01,1641060,14.82
2010/06/02,14.89,16.12,14.45,16.06,2396964,15.29
2010/06/03,16.07,16.22,15.83,15.91,2644327,16.02
2010/06/04,15.74,16.00,15.47,15.94,1362040,15.74
2010/06/07,15.62,17.51,15.37,17.51,6897734,16.44
2010/06/08,18.04,19.24,17.90,19.24,14871760,18.57
2010/06/09,19.18,19.61,18.35,19.06,11990026,18.98
2010/06/10,18.68,19.15,18.58,18.92,6449526,18.86
2010/06/11,18.94,19.18,18.20,18.29,5213268,18.69
2010/06/17,18.37,18.76,18.17,18.31,3043172,18.47
2010/06/18,18.31,18.35,16.87,17.02,3527771,17.61
2010/06/21,16.90,17.81,16.67,17.72,2444686,17.24
2010/06/22,17.45,18.14,17.45,18.02,2673400,17.79
2010/06/23,17.62,18.29,17.60,18.08,2735578,17.95
2010/06/24,18.11,18.92,17.98,18.89,5797650,18.45
2010/06/25,18.65,18.88,17.92,18.23,3838988,18.40
2010/06/28,18.08,18.20,17.57,17.69,1488584,17.88
2010/06/29,17.84,17.95,15.94,16.00,2600340,16.94
2010/06/30,15.65,15.86,15.19,15.65,1781917,15.52
2010/07/01,15.65,15.86,15.44,15.58,1371404,15.65
2010/07/02,15.46,15.70,14.32,15.49,1890914,15.01
2010/07/05,15.20,15.43,14.62,15.28,1119480,15.02
2010/07/06,15.05,15.89,14.90,15.73,1586673,15.40
2010/07/07,15.80,16.30,15.59,16.30,2161012,15.95
2010/07/08,16.18,16.40,15.62,15.95,1919318,16.01
2010/07/09,16.03,16.61,15.68,16.40,2255567,16.14
2010/07/12,16.42,17.08,16.42,16.54,2345934,16.75
2010/07/13,16.54,16.54,15.83,16.25,1706436,16.18
2010/07/14,16.22,16.69,16.22,16.45,1686900,16.46
2010/07/15,16.43,16.63,15.64,15.67,1368550,16.13
2010/07/16,15.68,15.95,15.43,15.74,1188226,15.69
2010/07/19,15.58,16.24,15.47,16.21,1375955,15.85
2010/07/20,16.10,17.05,16.09,16.81,2502797,16.57
2010/07/21,16.87,17.59,16.76,17.08,2997601,17.18
2010/07/22,17.02,17.57,16.84,17.53,2802611,17.21
2010/07/23,17.54,18.50,17.27,18.13,5387998,17.88
2010/07/26,18.46,19.03,18.13,18.31,4332028,18.58
2010/07/27,18.35,18.91,18.25,18.47,4626937,18.58
2010/07/28,18.47,19.24,18.35,18.74,6293201,18.79
2010/07/29,18.65,18.74,17.92,18.40,5476438,18.33
2010/07/30,18.22,18.35,17.84,18.13,2431780,18.10
2010/08/02,17.83,18.44,17.83,18.40,2974094,18.13
2010/08/03,18.40,19.63,18.31,19.00,7903805,18.97
2010/08/04,18.95,19.10,18.38,19.07,4318436,18.74
2010/08/05,18.91,19.82,18.74,19.67,7035036,19.28
2010/08/06,19.40,19.79,19.40,19.79,4970500,19.59
2010/08/09,19.82,20.27,19.55,20.15,4597171,19.91
2010/08/10,20.08,20.08,18.92,18.92,4666962,19.50
2010/08/11,18.79,19.24,18.68,19.10,2100691,18.96
2010/08/12,18.95,19.04,18.40,18.52,2403869,18.72
2010/08/13,18.56,19.09,18.53,18.98,1929071,18.81
2010/08/16,19.09,19.51,18.82,19.39,2442482,19.17
2010/08/17,19.37,21.20,19.33,21.02,7875572,20.26
2010/08/18,20.74,20.83,20.32,20.47,5420734,20.57
2010/08/19,20.42,20.66,20.12,20.32,3024855,20.39
2010/08/20,20.20,20.36,19.39,19.49,3157518,19.88
2010/08/23,19.48,20.57,19.48,20.20,3341298,20.03
2010/08/24,20.18,20.44,19.76,20.29,2506993,20.10
2010/08/25,20.30,20.44,19.48,19.63,2669925,19.96
2010/08/26,19.72,19.88,19.22,19.58,1666957,19.55
2010/08/27,19.63,19.79,19.37,19.78,1729136,19.58
2010/08/30,20.00,20.41,19.85,20.24,2423569,20.13
2010/08/31,20.14,20.59,20.05,20.50,3549440,20.32
2010/09/01,20.47,21.58,20.30,20.80,6996017,20.94
2010/09/02,20.99,21.10,20.48,20.96,5548774,20.79
2010/09/03,20.83,21.47,20.75,21.19,4721746,21.11
2010/09/06,21.13,21.50,20.59,20.60,4044104,21.04
2010/09/07,20.57,20.72,20.11,20.62,2263608,20.41
2010/09/08,20.45,20.98,20.35,20.92,2451981,20.67
2010/09/09,20.86,21.53,20.86,20.96,5929456,21.20
2010/09/10,21.17,21.50,20.54,21.17,3463624,21.02
2010/09/13,21.05,22.55,21.05,22.03,7978923,21.80
2010/09/14,22.07,22.10,21.49,21.79,4376643,21.79
2010/09/15,22.24,22.54,21.79,22.06,5501733,22.16
2010/09/16,22.94,23.15,22.15,22.55,11245133,22.65
2010/09/17,22.85,23.00,21.65,22.37,6951906,22.32
2010/09/20,22.55,22.63,20.90,20.90,4691858,21.76
2010/09/21,20.90,21.02,19.54,19.63,3647752,20.28
2010/09/27,19.85,20.45,19.42,20.23,2614997,19.94
2010/09/28,20.38,20.53,19.78,20.20,2041290,20.16
2010/09/29,20.24,20.39,19.88,20.23,2086263,20.13
2010/09/30,20.45,21.17,20.20,20.98,3292431,20.69
2010/10/08,21.43,21.95,21.13,21.53,3620435,21.54
2010/10/11,22.37,22.37,21.08,21.34,3601877,21.72
2010/10/12,21.35,21.92,21.14,21.74,2850356,21.53
2010/10/13,21.89,22.69,21.29,22.24,4997585,21.99
2010/10/14,22.85,23.15,22.10,22.37,7671871,22.63
2010/10/15,22.40,22.94,22.25,22.52,6140839,22.60
2010/10/18,23.27,23.72,21.20,21.31,6718405,22.46
2010/10/19,21.47,22.18,20.48,21.88,4099469,21.33
2010/10/20,21.50,22.46,21.20,21.88,3273713,21.83
2010/10/21,21.92,22.22,21.62,21.95,2688923,21.92
2010/10/22,22.22,22.22,21.64,21.92,2765486,21.93
2010/10/25,22.19,23.44,22.06,23.30,6554768,22.75
2010/10/26,23.47,23.93,22.73,23.23,5335991,23.33
2010/10/27,23.42,23.68,22.88,23.26,5151356,23.28
2010/10/28,23.41,23.41,22.93,23.18,2904256,23.17
2010/10/29,23.35,24.08,23.27,23.86,6296900,23.67
2010/11/01,24.35,25.46,24.22,25.33,8172461,24.84
2010/11/02,26.48,26.54,24.37,24.70,12434156,25.46
2010/11/03,24.94,25.25,24.43,25.00,5502345,24.84
2010/11/04,25.40,25.40,24.77,25.25,4453229,25.08
2010/11/05,25.69,26.27,25.06,25.93,6327860,25.66
2010/11/08,26.86,26.86,25.75,26.15,4682905,26.30
2010/11/09,25.93,26.15,25.40,25.90,4224401,25.77
2010/11/10,26.11,26.11,24.97,25.13,4211323,25.54
2010/11/11,25.07,25.43,24.61,24.61,3383443,25.02
2010/11/12,24.65,24.65,22.16,22.22,4615220,23.40
2010/11/15,21.55,23.06,21.55,23.00,2898302,22.30
2010/11/16,23.38,23.38,21.89,22.00,2476663,22.63
2010/11/17,21.88,22.33,21.23,21.29,1540909,21.78
2010/11/18,21.65,21.88,21.31,21.56,1178825,21.59
2010/11/19,21.64,22.40,21.64,22.40,2412237,22.02
2010/11/22,22.30,24.62,22.15,24.62,9708327,23.38
2010/11/23,24.47,24.47,22.79,23.57,6053398,23.63
2010/11/24,23.38,24.05,23.30,23.98,3724290,23.68
2010/11/25,23.80,24.32,23.72,24.02,3355517,24.02
2010/11/26,24.04,24.13,23.24,23.41,2352053,23.68
2010/11/29,23.32,23.60,23.06,23.51,1878072,23.33
2010/11/30,23.47,23.59,21.65,22.28,2634252,22.62
2010/12/01,22.18,22.55,22.03,22.55,1051282,22.29
2010/12/02,22.67,23.12,22.57,22.60,1666228,22.85
2010/12/03,22.60,22.75,22.25,22.61,1092692,22.50
2010/12/06,22.70,22.82,21.73,21.73,1408674,22.28
2010/12/07,21.50,22.01,21.05,21.88,1301218,21.53
2010/12/08,21.86,22.13,21.50,21.98,1029084,21.81
2010/12/09,21.74,21.95,21.68,21.71,680553,21.81
2010/12/10,21.73,22.04,21.37,21.97,1113081,21.71
2010/12/13,22.07,23.08,22.06,23.08,3477058,22.57
2010/12/14,23.08,23.62,22.70,23.21,2906146,23.16
2010/12/15,23.30,23.30,22.79,22.91,1769570,23.04
2010/12/16,22.78,23.27,22.72,22.97,1692802,22.99
2010/12/17,22.87,23.12,22.87,22.97,986401,23.00
2010/12/20,22.97,23.18,22.03,22.28,1523846,22.61
2010/12/21,22.28,22.72,22.13,22.69,997818,22.42
2010/12/22,22.69,22.70,22.12,22.15,1012331,22.41
2010/12/23,22.06,22.22,21.80,21.82,893636,22.01
2010/12/24,21.88,21.88,21.23,21.50,1006274,21.55
2010/12/27,21.43,21.80,20.89,20.90,1020535,21.35
2010/12/28,20.89,20.89,19.85,20.15,861199,20.37
2010/12/29,20.57,20.57,20.11,20.54,429282,20.34
2010/12/30,20.62,22.03,20.35,21.80,1608684,21.19
2010/12/31,21.80,22.84,21.73,22.15,2611210,22.29
2011/01/04,22.40,22.45,21.97,22.21,1970217,22.21
2011/01/05,22.03,22.37,21.88,21.98,1412483,22.13
2011/01/06,21.83,22.18,21.74,21.79,845006,21.96
2011/01/07,21.80,22.12,21.65,21.73,1011148,21.88
2011/01/10,21.70,21.74,20.35,20.54,1379021,21.04
2011/01/11,20.54,20.66,19.99,20.41,1006431,20.32
2011/01/12,20.42,20.59,20.03,20.59,629681,20.31
2011/01/13,20.62,20.75,20.39,20.57,549751,20.57
2011/01/14,20.56,20.56,20.00,20.00,551610,20.28
2011/01/17,19.85,19.85,18.64,18.65,825682,19.25
2011/01/18,18.65,18.95,18.65,18.79,350300,18.80
2011/01/19,18.77,19.45,18.77,19.34,483806,19.11
2011/01/20,19.33,19.33,18.65,18.77,448431,18.99
2011/01/21,18.77,18.86,18.20,18.50,694569,18.53
2011/01/24,18.67,18.67,17.86,17.89,496942,18.27
2011/01/25,17.75,18.04,16.93,17.32,573355,17.48
2011/01/26,17.35,17.72,17.35,17.63,484228,17.54
2011/01/27,17.56,18.17,17.30,17.98,540878,17.74
2011/01/28,17.98,19.48,17.96,19.40,1976074,18.72
2011/01/31,19.85,20.90,19.48,20.71,3740919,20.19
2011/02/01,20.98,21.49,20.42,20.42,2762182,20.96
2011/02/09,20.38,20.68,19.49,20.42,1977858,20.08
2011/02/10,20.47,20.90,20.27,20.72,2298817,20.58
2011/02/11,20.75,20.98,20.33,20.54,2232889,20.65
2011/02/14,20.87,21.86,20.62,21.31,3773888,21.24
2011/02/15,21.43,22.07,21.01,21.40,3407816,21.54
2011/02/16,21.65,21.65,21.13,21.49,2350909,21.39
2011/02/17,21.58,22.07,21.20,21.50,2627598,21.63
2011/02/18,21.20,21.26,20.54,20.65,2189576,20.90
2011/02/21,20.27,20.99,20.27,20.99,1241083,20.63
2011/02/22,21.07,21.13,20.42,20.53,1635554,20.78
2011/02/23,20.72,22.07,20.72,21.95,5128345,21.39
2011/02/24,21.73,22.19,21.55,21.98,3495910,21.87
2011/02/25,21.98,22.00,21.47,21.68,1726907,21.73
2011/02/28,21.68,21.91,21.52,21.82,1657527,21.71
2011/03/01,21.98,22.33,21.74,22.15,2565797,22.03
2011/03/02,22.13,22.13,21.22,21.61,1556916,21.67
2011/03/03,21.74,21.95,20.77,20.77,1660077,21.36
2011/03/04,20.78,21.10,20.60,21.01,752402,20.85
2011/03/07,21.02,21.38,20.89,21.28,1081795,21.13
2011/03/08,21.14,21.49,21.14,21.47,943220,21.31
2011/03/09,21.65,21.95,21.38,21.88,2025877,21.66
2011/03/10,21.82,21.82,21.47,21.49,1118160,21.64
2011/03/11,21.35,21.53,21.17,21.19,1154163,21.35
2011/03/14,21.05,21.50,20.92,21.50,1265960,21.21
2011/03/15,21.38,21.55,20.83,21.16,1104817,21.19
2011/03/16,21.14,21.53,21.07,21.52,1306625,21.30
2011/03/17,21.40,21.44,20.83,20.89,1149237,21.13
2011/03/18,21.05,21.25,20.87,21.13,779752,21.06
2011/03/21,21.07,21.13,20.83,20.83,578366,20.98
2011/03/22,20.92,21.28,20.75,21.17,709454,21.02
2011/03/23,21.20,21.46,21.07,21.34,975859,21.27
2011/03/24,21.34,23.30,21.20,23.15,4659541,22.25
2011/03/25,23.00,23.45,22.40,22.82,6639221,22.92
2011/03/28,22.43,22.58,22.15,22.39,3368796,22.36
2011/03/29,22.36,22.36,21.40,21.43,2276832,21.88
2011/03/30,21.44,21.62,20.93,20.98,1404001,21.28
2011/03/31,21.13,21.46,20.90,20.92,944089,21.18
2011/04/01,20.95,21.16,20.87,21.02,816750,21.02
2011/04/06,21.17,21.17,20.57,20.75,1121082,20.87
2011/04/07,20.98,20.98,20.68,20.87,632379,20.83
2011/04/08,20.96,21.31,20.86,21.19,820932,21.08
2011/04/11,21.28,21.28,20.99,21.02,721763,21.13
2011/04/12,21.14,21.19,20.98,21.07,717449,21.09
2011/04/13,21.10,21.25,20.83,21.25,1070474,21.04
2011/04/14,21.49,21.58,21.05,21.10,1201848,21.31
2011/04/15,21.49,21.58,21.05,21.10,0,21.31
2011/04/18,21.13,21.13,20.47,20.57,1522633,20.80
2011/04/19,20.57,20.92,20.53,20.63,963741,20.73
2011/04/20,20.54,20.71,20.35,20.69,779214,20.53
2011/04/21,20.68,21.20,20.60,21.17,1463177,20.90
2011/04/22,21.22,21.56,21.10,21.31,1462887,21.33
2011/04/25,21.35,21.38,20.45,20.69,958289,20.91
2011/04/26,20.69,21.34,20.60,21.17,1373912,20.97
2011/04/27,21.07,21.19,20.47,20.66,1191689,20.83
2011/04/28,20.48,20.77,18.77,19.03,1078132,19.77
2011/04/29,19.33,19.60,18.62,19.40,581919,19.11
2011/05/03,19.40,19.79,19.39,19.64,302443,19.59
2011/05/04,19.40,19.79,19.39,19.64,0,19.59
2011/05/05,19.64,19.64,18.86,19.24,455215,19.25
2011/05/06,19.10,19.55,18.91,19.43,428227,19.23
2011/05/09,19.43,19.78,19.28,19.37,374291,19.53
2011/05/10,19.39,19.66,18.98,19.25,533850,19.32
2011/05/11,19.27,19.48,19.06,19.34,566044,19.27
2011/05/12,19.52,19.54,19.09,19.34,752167,19.31
2011/05/13,19.34,19.48,19.07,19.34,372529,19.28
2011/05/16,19.46,19.63,19.28,19.48,511130,19.46
2011/05/17,19.55,20.00,19.36,19.84,904723,19.68
2011/05/18,19.70,20.38,19.70,20.30,1117254,20.04
2011/05/19,20.38,20.74,20.27,20.30,1611964,20.50
2011/05/20,20.23,20.87,20.15,20.47,1144768,20.51
2011/05/23,20.23,20.87,20.15,20.47,0,20.51
2011/05/24,19.82,19.82,18.79,19.60,533928,19.30
2011/05/25,19.58,20.71,19.48,20.21,1834948,20.10
2011/05/26,20.15,20.60,19.82,20.02,900344,20.21
2011/05/27,19.84,20.23,18.20,18.25,920478,19.21
2011/05/30,18.17,18.58,17.90,18.32,780121,18.24
2011/05/31,18.79,19.09,18.29,18.64,483217,18.69
2011/06/01,18.64,18.94,18.64,18.88,359018,18.79
2011/06/02,18.83,18.98,18.50,18.65,444387,18.74
2011/06/03,18.65,19.18,18.52,18.83,706699,18.85
2011/06/07,18.85,19.00,18.82,18.92,348891,18.91
2011/06/08,18.97,18.97,18.55,18.77,467032,18.76
2011/06/09,18.77,18.77,18.02,18.07,914112,18.39
2011/06/10,18.11,18.29,17.90,18.28,355568,18.09
2011/06/13,18.44,18.44,17.92,18.26,204451,18.18
2011/06/14,18.34,18.61,18.17,18.53,454237,18.39
2011/06/15,18.53,18.73,18.29,18.29,351912,18.51
2011/06/16,18.20,18.20,17.87,17.87,258979,18.04
2011/06/17,17.60,18.17,17.60,17.81,268240,17.89
2011/06/20,17.80,18.11,16.55,17.42,192150,17.33
2011/06/21,17.53,17.60,17.08,17.38,303191,17.34
2011/06/22,17.54,17.57,17.24,17.47,223671,17.40
2011/06/23,17.57,17.86,17.30,17.83,532194,17.58
2011/06/24,17.84,18.38,17.81,18.29,494216,18.09
2011/06/27,18.35,18.79,18.35,18.71,423439,18.57
2011/06/28,19.67,19.67,18.61,18.86,768446,19.14
2011/06/29,19.34,19.34,18.58,18.86,639100,18.96
2011/06/30,18.49,18.88,18.35,18.85,613510,18.62
2011/07/01,19.31,19.31,18.74,18.76,518513,19.02
2011/07/04,18.82,19.09,18.67,19.03,861883,18.88
2011/07/05,18.95,19.31,18.83,19.25,782209,19.07
2011/07/06,19.69,19.69,19.04,19.22,872113,19.37
2011/07/07,19.22,19.67,19.04,19.45,1150957,19.36
2011/07/08,19.43,19.78,19.39,19.54,737226,19.59
2011/07/11,19.69,19.84,19.22,19.36,824688,19.53
2011/07/12,19.25,19.51,18.86,18.91,485353,19.19
2011/07/13,18.89,19.39,18.89,19.39,455035,19.14
2011/07/14,19.55,19.60,19.33,19.51,659950,19.46
2011/07/15,19.52,19.69,19.39,19.69,685497,19.54
2011/07/18,19.72,19.88,19.60,19.70,559831,19.74
2011/07/19,19.70,20.74,18.04,20.62,2226482,19.39
2011/07/20,20.51,20.62,20.21,20.21,1935096,20.42
2011/07/21,20.21,20.41,19.55,19.58,786426,19.98
2011/07/22,19.82,20.12,19.64,19.96,531888,19.88
2011/07/25,19.97,19.97,19.04,19.10,503989,19.50
2011/07/26,18.97,19.22,18.55,18.80,292710,18.88
2011/07/27,18.62,19.13,18.62,19.01,322226,18.88
2011/07/28,18.94,18.98,18.73,18.92,275478,18.86
2011/07/29,19.27,20.41,19.27,19.82,3165852,19.84
2011/08/01,19.52,20.12,19.34,20.03,955072,19.73
2011/08/02,20.03,20.03,19.54,19.76,700294,19.79
2011/08/03,19.63,20.38,19.55,20.26,1368562,19.96
2011/08/04,20.26,20.63,20.08,20.29,952164,20.35
2011/08/05,19.73,19.84,19.28,19.37,729218,19.56
2011/08/08,19.15,19.15,17.60,18.04,853460,18.38
2011/08/09,17.65,18.13,16.97,17.90,533194,17.55
2011/08/10,18.32,18.55,18.07,18.13,553425,18.31
2011/08/11,17.86,18.61,17.53,18.58,735213,18.07
2011/08/12,18.73,18.95,18.64,18.73,653766,18.79
2011/08/15,18.79,19.01,18.65,19.01,603948,18.83
2011/08/16,19.06,19.06,18.73,18.95,497610,18.89
2011/08/17,19.69,19.69,18.95,18.97,827043,19.32
2011/08/18,18.71,18.95,18.23,18.25,717847,18.59
2011/08/19,17.83,18.19,17.57,17.62,1339277,17.88
2011/08/22,17.83,17.99,17.68,17.86,597349,17.83
2011/08/23,17.95,18.28,17.87,18.28,733581,18.08
2011/08/24,18.50,18.56,18.07,18.35,573930,18.31
2011/08/25,18.47,18.92,18.26,18.92,982729,18.59
2011/08/26,18.77,19.04,18.68,18.97,705127,18.86
2011/08/29,18.79,18.88,18.59,18.76,487430,18.73
2011/08/30,19.07,19.12,18.44,18.76,978928,18.78
2011/08/31,18.76,18.80,18.47,18.62,228956,18.63
2011/09/01,18.80,18.91,18.55,18.62,375365,18.73
2011/09/02,18.59,18.79,18.34,18.52,314622,18.56
2011/09/05,18.20,18.97,18.05,18.31,382252,18.51
2011/09/06,18.16,18.34,18.07,18.17,234782,18.21
2011/09/07,18.35,18.62,18.22,18.62,260901,18.42
2011/09/08,18.77,18.79,18.56,18.65,336088,18.67
2011/09/09,18.73,18.77,18.61,18.61,242810,18.69
2011/09/13,18.35,18.89,18.11,18.88,578301,18.50
2011/09/14,18.88,19.07,18.74,19.03,531685,18.90
2011/09/15,19.04,20.30,18.98,19.90,1682736,19.64
2011/09/16,19.85,20.21,19.55,20.00,1915038,19.88
2011/09/19,20.12,20.50,19.70,20.35,1684327,20.10
2011/09/20,20.23,20.48,19.93,20.27,1315700,20.21
2011/09/21,20.23,20.69,20.06,20.53,1429208,20.38
2011/09/22,20.53,21.11,20.08,20.15,1592138,20.59
2011/09/23,19.73,20.09,19.46,19.85,805152,19.78
2011/09/26,19.75,20.00,19.64,19.76,677063,19.82
2011/09/27,19.84,20.15,19.55,19.87,459791,19.85
2011/09/28,19.91,20.66,19.88,20.18,2054160,20.27
2011/09/29,19.93,20.63,19.34,20.24,2811426,19.98
2011/09/30,20.00,20.75,19.84,20.44,1850640,20.29
2011/10/10,20.60,21.65,20.60,21.23,3362839,21.13
2011/10/11,21.38,21.80,20.27,21.05,2885149,21.04
2011/10/12,20.75,21.77,20.30,21.71,3565525,21.04
2011/10/13,21.73,21.73,21.20,21.62,2753571,21.46
2011/10/14,21.50,21.58,20.84,20.90,1515053,21.21
2011/10/17,21.02,21.61,20.98,21.50,2246354,21.29
2011/10/18,21.26,21.26,19.66,19.66,3000291,20.46
2011/10/19,19.64,19.85,19.10,19.61,1512868,19.48
2011/10/20,19.60,19.60,18.95,19.06,966954,19.28
2011/10/21,19.07,19.18,18.65,19.03,1020236,18.91
2011/10/24,19.25,19.70,18.85,19.63,1227414,19.28
2011/10/25,19.70,20.20,19.40,20.11,1405938,19.80
2011/10/26,19.87,20.36,19.79,20.30,1771931,20.07
2011/10/27,20.35,20.45,19.88,20.05,931657,20.16
2011/10/28,20.23,20.75,20.12,20.62,1554579,20.44
2011/10/31,20.50,21.11,20.47,20.75,1920945,20.79
2011/11/01,20.48,21.02,20.48,20.80,1504781,20.75
2011/11/02,20.59,21.46,20.38,21.37,2407699,20.92
2011/11/03,21.55,21.89,21.08,21.08,3018194,21.48
2011/11/04,21.07,21.32,20.77,21.25,1531031,21.04
2011/11/07,21.28,22.96,21.23,22.48,6272769,22.10
2011/11/08,22.25,22.54,21.80,21.82,2803613,22.17
2011/11/09,21.83,22.34,21.23,22.21,2277132,21.79
2011/11/10,21.88,22.18,21.50,21.53,2041001,21.84
2011/11/11,21.58,21.71,20.98,21.13,1484561,21.35
2011/11/14,21.32,21.79,21.29,21.64,1588524,21.54
2011/11/15,21.65,21.94,21.29,21.91,1696292,21.62
2011/11/16,21.88,21.88,20.90,20.96,1805216,21.39
2011/11/17,20.96,21.28,20.74,20.74,1241300,21.01
2011/11/18,20.69,20.93,20.29,20.38,1353997,20.61
2011/11/21,20.30,20.74,20.23,20.72,769401,20.48
2011/11/22,20.63,20.72,20.36,20.72,609634,20.54
2011/11/23,20.75,21.07,20.71,20.75,985572,20.89
2011/11/24,20.60,21.28,20.42,21.28,1259935,20.85
2011/11/25,21.22,22.00,21.16,21.64,2317597,21.58
2011/11/28,21.65,22.00,21.35,21.80,1231807,21.68
2011/11/29,22.03,22.07,21.58,21.80,1307583,21.82
2011/11/30,21.88,21.88,20.15,20.38,1496540,21.01
2011/12/01,21.05,21.49,20.75,20.78,1215853,21.12
2011/12/02,20.78,20.84,20.35,20.56,577865,20.60
2011/12/05,20.45,20.78,19.63,19.78,990510,20.21
2011/12/06,19.57,20.29,19.57,20.11,819787,19.93
2011/12/07,20.11,20.36,19.93,20.09,544993,20.14
2011/12/08,20.26,21.83,20.03,21.02,1880853,20.93
2011/12/09,20.54,21.53,20.54,21.20,1745436,21.04
2011/12/12,21.20,21.49,20.75,21.13,1528585,21.12
2011/12/13,21.08,21.70,20.45,21.52,2703442,21.07
2011/12/14,21.40,21.65,20.08,20.15,1803606,20.86
2011/12/15,19.70,19.72,18.65,18.94,2282333,19.18
2011/12/16,18.62,19.73,18.62,19.70,1395327,19.18
2011/12/19,19.67,19.78,19.19,19.76,1148031,19.49
2011/12/20,19.67,19.94,19.10,19.13,1130987,19.52
2011/12/21,19.37,19.49,18.88,18.97,795620,19.18
2011/12/22,18.92,18.92,17.18,17.86,1202282,18.05
2011/12/23,17.68,18.31,17.68,17.90,507419,17.99
2011/12/26,17.99,19.48,17.99,18.86,1510340,18.73
2011/12/27,18.52,18.89,18.07,18.10,798593,18.48
2011/12/28,17.35,18.01,17.09,17.74,607635,17.55
2011/12/29,17.68,17.98,17.35,17.81,483770,17.67
2011/12/30,17.92,18.28,17.90,18.05,430110,18.09
2012/01/04,18.25,18.47,17.80,17.81,571457,18.13
2012/01/05,17.80,17.80,16.31,16.76,598213,17.05
2012/01/06,16.76,17.15,16.49,17.14,493588,16.82
2012/01/09,17.23,18.34,17.23,18.17,1051972,17.79
2012/01/10,18.23,19.00,18.17,18.73,1022898,18.59
2012/01/11,18.73,19.40,18.59,19.25,1088989,18.99
2012/01/12,19.30,19.37,18.82,19.10,816958,19.10
2012/01/13,19.10,19.10,18.47,19.07,945356,18.79
2012/01/16,18.70,19.30,18.70,19.06,1217414,19.00
2012/01/17,18.98,20.93,18.82,20.71,1962910,19.88
2012/01/18,20.60,21.04,20.17,20.18,1241832,20.61
2012/01/19,19.96,21.14,19.96,20.42,751855,20.55
2012/01/20,20.20,21.22,20.20,20.92,871464,20.71
2012/01/30,20.92,21.28,20.68,20.77,773598,20.98
2012/01/31,20.66,21.17,20.66,20.83,541779,20.92
2012/02/01,20.83,21.50,20.75,20.84,860634,21.13
2012/02/02,20.84,20.98,20.45,20.77,954849,20.71
2012/02/03,21.05,21.29,20.66,21.28,987210,20.97
2012/02/06,21.28,21.35,20.99,21.28,889704,21.17
2012/02/07,21.26,22.30,21.05,21.89,2990960,21.68
2012/02/08,21.74,22.31,21.67,22.10,1950519,21.99
2012/02/09,22.13,22.40,21.61,21.62,2065435,22.00
2012/02/10,21.68,22.25,21.47,21.79,1466374,21.86
2012/02/13,21.68,22.85,21.47,22.55,1935307,22.16
2012/02/14,22.67,22.93,22.10,22.55,1330220,22.52
2012/02/15,22.85,23.42,22.42,22.88,2761980,22.92
2012/02/16,22.78,23.06,22.30,22.55,1540975,22.68
2012/02/17,22.75,22.75,22.03,22.58,1140207,22.39
2012/02/20,22.70,22.97,22.37,22.64,1044307,22.67
2012/02/21,22.66,22.85,22.10,22.85,1741887,22.48
2012/02/22,22.72,24.71,22.67,24.01,3826361,23.69
2012/02/23,23.99,24.22,23.59,23.98,1657947,23.90
2012/02/24,23.90,25.03,23.90,24.14,2121597,24.46
2012/02/27,24.20,24.89,23.90,24.35,2216320,24.39
2012/02/28,24.13,25.13,23.96,24.59,3292054,24.54
2012/02/29,24.43,24.43,23.02,23.15,4352665,23.72
2012/03/01,23.18,25.43,22.99,25.43,9611458,24.21
2012/03/02,25.43,26.11,25.25,26.11,7811986,25.68
2012/03/05,26.06,28.69,26.00,28.03,13878977,27.35
2012/03/06,27.70,29.27,27.62,28.55,8438247,28.45
2012/03/07,28.10,29.03,27.67,28.63,6375814,28.35
2012/03/08,28.63,29.23,27.80,28.61,7230685,28.52
2012/03/09,28.52,29.57,28.30,28.64,6382200,28.94
2012/03/12,28.43,31.06,28.37,30.73,8558372,29.71
2012/03/13,30.41,31.79,30.20,31.64,7920133,30.99
2012/03/14,31.75,34.78,31.37,33.73,15403245,33.08
2012/03/15,33.31,36.68,32.47,33.95,15307401,34.57
2012/03/16,33.32,35.60,32.90,35.06,9037951,34.25
2012/03/19,34.70,35.42,33.13,33.32,9246972,34.28
2012/03/20,33.20,34.10,32.75,33.20,7366178,33.43
2012/03/21,33.20,34.10,32.75,33.20,0,33.43
2012/03/22,33.89,35.83,33.89,34.52,10361091,34.86
2012/03/23,33.88,34.07,31.10,31.10,7336577,32.59
2012/03/26,30.35,31.76,30.07,31.58,6208217,30.92
2012/03/27,31.40,32.18,30.95,30.95,4620154,31.56
2012/03/28,30.41,31.70,29.63,31.43,7452632,30.66
2012/03/29,31.07,32.68,29.75,30.80,8662664,31.21
2012/03/30,30.79,31.16,27.82,28.55,6943768,29.49
2012/04/05,28.40,30.47,27.28,30.44,6702586,28.88
2012/04/06,29.90,30.46,29.08,29.57,6460428,29.77
2012/04/09,29.77,32.50,29.62,30.16,15804549,31.06
2012/04/10,29.17,30.10,27.76,29.92,13431842,28.93
2012/04/11,29.35,32.86,29.17,32.86,20797134,31.02
2012/04/12,34.30,35.95,33.73,35.68,36842938,34.84
2012/04/13,34.84,35.56,34.15,35.08,23171450,34.86
2012/04/16,34.57,34.81,33.40,34.18,15466472,34.11
2012/04/17,33.94,35.56,33.43,35.02,20725383,34.50
2012/04/18,34.93,35.38,33.88,35.05,15975624,34.63
2012/04/19,34.84,35.50,33.97,34.15,12453321,34.73
2012/04/20,34.15,34.39,31.93,32.59,19116432,33.16
2012/04/23,32.41,32.44,29.68,30.55,14395550,31.06
2012/04/24,29.98,31.45,29.77,31.21,10062259,30.61
2012/04/25,30.91,31.15,29.98,30.58,8272672,30.56
2012/04/26,30.34,30.58,29.71,29.71,6860527,30.14
2012/04/27,29.41,31.03,29.23,30.13,6329257,30.13
2012/05/02,30.58,31.03,30.13,30.67,6628668,30.58
2012/05/03,30.58,31.03,29.83,30.73,7847228,30.43
2012/05/04,30.37,31.72,30.13,31.33,9313404,30.92
2012/05/07,31.36,32.08,31.21,31.66,8595657,31.64
2012/05/08,31.78,32.83,31.00,32.38,13657420,31.91
2012/05/09,31.51,32.08,30.58,30.58,8842074,31.33
2012/05/10,30.49,31.48,30.49,30.67,5267339,30.98
2012/05/11,30.43,30.82,29.53,29.59,5708947,30.18
2012/05/14,29.92,30.19,29.53,29.53,3302351,29.86
2012/05/15,29.26,29.53,28.78,29.53,3253985,29.16
2012/05/16,29.47,29.50,28.78,28.78,2149452,29.14
2012/05/17,28.93,29.23,28.27,28.90,3480472,28.75
2012/05/18,28.69,29.23,28.24,28.42,3396149,28.73
2012/05/21,28.24,28.78,28.06,28.45,2451134,28.42
2012/05/22,28.51,28.87,28.45,28.69,1922639,28.66
2012/05/23,28.60,28.84,27.91,28.09,2647362,28.38
2012/05/24,28.09,28.42,27.82,28.12,2968589,28.12
2012/05/25,28.00,28.24,26.53,26.68,3679274,27.38
2012/05/28,26.26,26.47,25.51,26.41,3606963,25.99
2012/05/29,26.35,27.19,26.35,26.80,3776836,26.77
2012/05/30,26.86,27.85,26.53,27.49,4610185,27.19
2012/05/31,27.16,28.06,26.86,27.70,3718938,27.46
2012/06/01,27.58,27.94,27.25,27.34,2656543,27.60
2012/06/04,26.53,26.86,25.24,25.63,3447852,26.05
2012/06/05,25.63,25.96,25.18,25.36,1669821,25.57
2012/06/06,25.60,27.85,25.60,27.85,6051904,26.73
2012/06/07,28.63,29.35,27.70,28.30,15397739,28.53
2012/06/08,28.24,29.80,28.24,29.05,10304853,29.02
2012/06/11,28.75,29.53,28.03,29.23,8174761,28.78
2012/06/12,28.96,29.74,28.57,29.41,7106927,29.15
2012/06/13,29.23,29.59,28.51,29.08,6658009,29.05
2012/06/14,29.11,29.11,27.94,27.97,5693823,28.53
2012/06/15,27.94,28.24,26.38,26.92,6213279,27.31
2012/06/18,27.10,27.94,27.01,27.31,3823078,27.48
2012/06/19,27.13,29.98,27.10,29.98,10191241,28.54
2012/06/20,31.12,32.35,30.22,31.36,25037035,31.29
2012/06/21,30.88,31.87,30.34,31.78,17310540,31.11
2012/06/25,30.43,30.88,28.66,28.66,16412738,29.77
2012/06/26,27.46,27.97,26.08,27.85,10732958,27.02
2012/06/27,27.43,28.15,27.01,27.10,8384588,27.58
2012/06/28,27.13,27.73,25.87,25.93,7130518,26.80
2012/06/29,25.69,26.44,24.28,26.41,8064280,25.36
2012/07/02,26.35,26.77,25.96,26.32,5914054,26.37
2012/07/03,26.32,28.45,26.32,27.37,8517682,27.38
2012/07/04,26.95,27.85,26.74,27.13,6187064,27.29
2012/07/05,26.68,26.68,24.88,25.39,8754859,25.78
2012/07/06,25.48,25.84,24.61,25.78,6697095,25.22
2012/07/09,25.69,25.69,24.88,24.97,4552457,25.29
2012/07/10,24.79,25.06,24.31,24.31,3215840,24.68
2012/07/11,24.34,24.40,23.44,24.25,3201358,23.92
2012/07/12,24.28,25.00,23.92,24.97,4160669,24.46
2012/07/13,24.88,25.06,24.58,24.58,3169412,24.82
2012/07/16,24.58,24.61,22.78,22.78,4137770,23.70
2012/07/17,22.69,23.23,22.63,23.05,2023113,22.93
2012/07/18,22.93,23.65,22.93,23.65,2469741,23.29
2012/07/19,23.65,24.13,23.41,23.71,2799058,23.77
2012/07/20,23.86,24.13,23.53,23.98,2778109,23.83
2012/07/23,23.71,23.74,22.96,23.44,1735139,23.35
2012/07/24,23.08,23.89,22.99,23.62,1660800,23.44
2012/07/25,23.53,23.68,23.20,23.26,1556873,23.44
2012/07/26,23.11,23.62,23.11,23.35,1422159,23.37
2012/07/27,23.59,24.55,23.38,24.37,5330379,23.96
2012/07/30,24.07,24.43,23.71,24.16,2849283,24.07
2012/07/31,24.13,24.13,22.48,22.66,2931792,23.30
2012/08/01,22.78,23.29,22.54,22.99,2018791,22.91
2012/08/02,22.99,23.26,22.51,22.72,2141234,22.89
2012/08/03,22.81,23.35,22.63,23.29,2521026,22.99
2012/08/06,23.17,25.57,23.08,25.03,8059876,24.32
2012/08/07,24.91,25.18,24.64,25.15,5855222,24.91
2012/08/08,25.15,25.15,24.22,24.58,4565031,24.68
2012/08/09,24.58,26.23,24.34,25.69,7662203,25.29
2012/08/10,25.33,25.69,24.94,25.06,5445104,25.32
2012/08/13,24.88,24.88,24.01,24.04,5798801,24.45
2012/08/14,23.89,24.49,23.23,24.37,4198410,23.86
2012/08/15,24.10,24.28,23.71,23.89,2305512,24.00
2012/08/16,23.98,24.10,23.53,23.53,1765817,23.82
2012/08/17,23.68,23.80,23.32,23.71,1802804,23.56
2012/08/20,23.53,24.22,23.23,24.01,2260080,23.72
2012/08/21,24.31,24.97,23.98,24.64,4802284,24.47
2012/08/22,24.61,24.85,24.13,24.28,3101126,24.49
2012/08/23,24.16,24.73,24.10,24.70,3090868,24.42
2012/08/24,24.55,24.67,23.23,23.35,4380971,23.95
2012/08/27,23.23,23.23,22.54,22.69,2134141,22.88
2012/08/28,22.60,23.98,22.54,23.35,4346191,23.26
2012/08/29,23.38,23.74,22.96,22.96,2499103,23.35
2012/08/30,22.69,23.83,22.54,23.20,3436882,23.18
2012/08/31,23.05,23.35,22.78,23.11,1718945,23.07
2012/09/03,23.14,23.62,22.90,23.50,2611014,23.26
2012/09/04,23.50,23.92,23.32,23.47,3236699,23.62
2012/09/05,23.62,25.75,23.23,25.75,18654424,24.49
2012/09/06,25.18,25.54,25.00,25.54,14371784,25.27
2012/09/07,25.18,26.68,24.82,26.02,22088856,25.75
2012/09/10,25.63,26.68,25.39,26.44,18286327,26.04
2012/09/11,26.17,26.53,25.72,25.96,8720513,26.13
2012/09/12,26.20,26.20,25.24,25.75,7583685,25.72
2012/09/13,25.63,26.05,25.36,25.39,5172149,25.71
2012/09/14,25.75,25.78,25.27,25.48,4053543,25.53
2012/09/17,25.57,25.57,24.28,24.43,4303671,24.93
2012/09/18,24.04,24.88,23.98,24.58,2908048,24.43
2012/09/19,24.82,25.69,24.70,25.03,5170440,25.20
2012/09/20,24.82,24.82,22.90,23.14,8896539,23.86
2012/09/21,23.11,23.20,22.48,22.51,3908580,22.84
2012/09/24,22.48,22.54,21.94,22.42,2936119,22.24
2012/09/25,22.30,22.51,21.82,21.91,2815559,22.17
2012/09/26,21.91,22.33,21.40,21.43,2948163,21.86
2012/09/27,21.37,21.97,21.28,21.91,3324410,21.63
2012/09/28,21.94,22.33,21.70,22.15,2492818,22.01
2012/10/08,22.18,22.36,22.03,22.09,2023410,22.20
2012/10/09,22.09,22.84,22.09,22.78,3618614,22.46
2012/10/10,22.72,23.23,22.60,23.14,4160453,22.92
2012/10/11,23.17,23.20,22.30,22.33,3762910,22.75
2012/10/12,22.33,22.72,22.00,22.24,2814150,22.36
2012/10/15,21.73,21.79,20.08,21.01,5084269,20.93
2012/10/16,20.89,21.22,20.59,21.04,2233567,20.90
2012/10/17,21.01,21.58,20.80,21.46,2398653,21.19
2012/10/18,21.46,21.67,21.28,21.64,2626710,21.48
2012/10/19,21.64,22.03,21.43,21.85,3105665,21.73
2012/10/22,21.67,21.88,21.31,21.76,2058078,21.59
2012/10/23,21.76,21.85,21.46,21.46,1900244,21.66
2012/10/24,21.28,21.52,21.19,21.25,1671084,21.36
2012/10/25,21.28,21.82,21.16,21.25,1610420,21.49
2012/10/26,21.25,21.79,20.41,21.10,3375782,21.10
2012/10/29,21.04,21.28,20.77,20.92,1203189,21.03
2012/10/30,20.86,21.22,20.71,20.92,1016561,20.96
2012/10/31,20.92,21.01,20.59,20.89,1221639,20.80
2012/11/01,20.95,22.03,20.89,21.37,2984754,21.46
2012/11/02,21.40,21.43,21.07,21.25,1528536,21.25
2012/11/05,21.28,21.70,21.19,21.61,2514422,21.45
2012/11/06,21.61,21.73,20.95,21.37,1493200,21.34
2012/11/07,21.28,21.52,21.13,21.34,976603,21.32
2012/11/08,21.10,21.91,20.71,21.25,4274311,21.31
2012/11/09,21.01,21.19,20.56,20.65,1990391,20.88
2012/11/12,20.68,20.89,20.59,20.74,996479,20.74
2012/11/13,20.74,20.74,19.93,20.02,1449740,20.33
2012/11/14,20.05,20.29,19.78,19.99,972704,20.04
2012/11/15,19.90,19.90,19.06,19.18,1501053,19.48
2012/11/16,19.18,19.33,18.94,19.15,955234,19.13
2012/11/19,19.12,19.33,19.03,19.30,727681,19.18
2012/11/20,19.27,19.96,19.27,19.45,1113375,19.62
2012/11/21,19.33,19.96,19.18,19.78,1451873,19.57
2012/11/22,19.57,19.75,19.30,19.33,816204,19.53
2012/11/23,19.33,19.63,19.24,19.39,503660,19.43
2012/11/26,19.39,19.39,18.97,19.00,727350,19.18
2012/11/27,19.00,19.00,17.23,17.26,1910198,18.12
2012/11/28,17.20,17.56,16.27,17.38,2125964,16.91
2012/11/29,17.17,17.53,16.78,16.84,1120788,17.16
2012/11/30,16.81,17.08,16.78,16.90,798538,16.93
2012/12/03,16.84,17.02,16.24,16.69,1034299,16.63
2012/12/04,16.69,16.96,16.09,16.84,1530906,16.53
2012/12/05,16.72,17.59,16.72,17.35,1852681,17.15
2012/12/06,17.35,18.46,17.32,17.53,2248045,17.89
2012/12/07,17.38,17.92,17.26,17.89,1960527,17.59
2012/12/10,17.83,18.28,17.74,18.07,2600064,18.01
2012/12/11,18.04,18.04,17.62,17.71,2245048,17.83
2012/12/12,17.74,19.06,17.65,18.28,5524961,18.35
2012/12/13,18.10,18.10,17.41,17.47,2832217,17.76
2012/12/14,17.38,18.19,17.38,18.16,3404767,17.79
2012/12/17,18.25,18.85,18.04,18.55,4379342,18.45
2012/12/18,18.37,19.03,18.22,18.52,4683530,18.63
2012/12/19,18.49,18.88,18.28,18.82,2812588,18.58
2012/12/20,18.82,19.03,18.28,18.73,2957298,18.66
2012/12/21,18.52,18.91,18.31,18.43,2571827,18.61
2012/12/24,18.28,18.67,18.22,18.46,1737368,18.45
2012/12/25,18.34,18.94,18.34,18.82,4680250,18.64
2012/12/26,18.67,19.21,18.64,19.12,5475625,18.93
2012/12/27,19.12,19.48,18.73,18.76,4451599,19.11
2012/12/28,18.64,18.67,18.07,18.61,5210858,18.37
2012/12/31,18.67,19.27,18.28,18.85,8134404,18.78
2013/01/04,18.94,19.03,18.40,18.43,5790297,18.71
2013/01/07,18.49,18.91,18.37,18.85,4642293,18.64
2013/01/08,19.06,20.05,18.73,19.51,14140583,19.39
2013/01/09,19.39,19.96,19.21,19.63,11695198,19.59
2013/01/10,19.96,19.96,19.51,19.96,8857954,19.74
2013/01/11,19.87,21.91,19.84,21.91,35365867,20.88
2013/01/14,22.33,24.01,21.64,24.01,38704433,22.83
2013/01/15,24.01,24.07,23.08,23.65,26402935,23.57
2013/01/16,23.23,23.35,21.88,22.99,15934827,22.62
2013/01/17,22.54,22.93,21.97,22.45,8812038,22.45
2013/01/18,22.69,22.72,22.00,22.45,8407465,22.36
2013/01/21,22.30,22.63,22.15,22.45,6782167,22.39
2013/01/22,22.51,22.57,21.31,21.52,8906091,21.94
2013/01/23,21.34,22.12,20.98,22.00,8526638,21.55
2013/01/24,21.88,22.06,20.77,20.95,7492098,21.41
2013/01/25,21.10,21.40,20.92,21.19,4034329,21.16
2013/01/28,21.19,21.67,21.13,21.64,5962730,21.40
2013/01/29,21.67,22.45,21.58,22.21,9345291,22.01
2013/01/30,22.06,22.33,21.58,21.79,6348707,21.95
2013/01/31,21.58,21.58,20.59,20.80,7478267,21.08
2013/02/01,20.86,21.22,20.59,21.10,4484357,20.90
2013/02/04,21.16,21.40,20.68,20.86,3717604,21.04
2013/02/05,20.71,20.89,20.38,20.89,3879274,20.63
2013/02/06,20.98,21.85,20.92,21.55,7067438,21.39
2013/02/07,21.55,21.58,21.04,21.22,3202672,21.31
2013/02/08,21.22,21.64,21.22,21.37,3581011,21.43
2013/02/18,21.55,21.73,21.31,21.70,3782057,21.52
2013/02/19,21.76,22.69,21.76,22.18,13082355,22.23
2013/02/20,21.88,22.36,21.82,22.36,5823516,22.09
2013/02/21,22.24,22.57,21.40,21.91,7689385,21.98
2013/02/22,21.70,22.09,21.61,21.70,3444657,21.85
2013/02/25,21.88,21.88,21.25,21.46,3749905,21.56
2013/02/26,21.28,21.58,20.74,20.89,3944638,21.16
2013/02/27,20.86,21.55,20.86,21.40,3566120,21.21
2013/02/28,21.46,21.70,21.16,21.67,3515873,21.43
2013/03/01,21.67,22.48,21.58,22.30,7761683,22.03
2013/03/04,22.00,22.06,21.40,21.76,5716687,21.73
2013/03/05,21.58,23.05,21.58,22.84,10101565,22.31
2013/03/06,22.93,23.29,22.27,22.87,13549995,22.78
2013/03/07,22.78,22.78,21.94,22.15,7426959,22.36
2013/03/08,22.15,22.39,21.97,22.03,3149234,22.18
2013/03/11,22.06,22.39,21.94,22.21,3334755,22.17
2013/03/12,22.27,22.27,20.89,21.25,4727015,21.58
2013/03/13,21.22,21.34,20.53,20.89,2584636,20.94
2013/03/14,20.92,21.31,20.74,21.01,1980546,21.02
2013/03/15,21.01,21.49,20.77,21.22,2764822,21.13
2013/03/18,21.10,21.55,20.98,21.07,2430364,21.27
2013/03/19,21.07,21.43,20.83,21.19,2954185,21.13
2013/03/20,21.16,21.82,21.04,21.82,3902726,21.43
2013/03/21,21.82,22.06,21.64,21.79,3624273,21.85
2013/03/22,21.82,22.33,21.76,22.33,5721901,22.04
2013/03/25,22.33,22.33,21.22,21.64,11498860,21.77
2013/03/26,21.43,21.43,20.80,20.83,8343332,21.12
2013/03/27,20.71,21.04,20.68,20.92,5548248,20.86
2013/03/28,20.65,20.65,19.87,19.87,4669307,20.26
2013/03/29,19.78,20.05,19.72,19.84,2360911,19.88
2013/04/01,19.84,20.14,19.69,20.11,2139863,19.92
2013/04/02,20.23,20.29,19.45,19.45,3371862,19.87
2013/04/03,19.45,19.66,18.28,19.03,3388420,18.97
2013/04/08,18.67,19.06,18.37,19.03,2836509,18.71
2013/04/09,18.73,20.11,18.61,19.63,6173337,19.36
2013/04/10,19.39,19.42,19.00,19.18,3288668,19.21
2013/04/11,19.09,19.39,18.79,18.79,1929171,19.09
2013/04/12,18.76,19.03,18.22,18.31,3014256,18.63
2013/04/15,18.34,18.34,17.62,17.65,2479396,17.98
2013/04/16,17.38,17.98,17.20,17.89,1928665,17.59
2013/04/17,17.92,18.07,17.86,18.01,1347699,17.96
2013/04/18,17.83,18.28,17.80,18.16,1820753,18.04
2013/04/19,18.16,18.91,17.98,18.73,3837753,18.45
2013/04/22,18.55,19.18,18.46,19.03,4182063,18.82
2013/04/23,19.03,19.03,18.13,18.16,2622952,18.58
2013/04/24,18.13,18.70,18.01,18.64,2600098,18.36
2013/04/25,18.52,19.15,18.13,18.43,5564040,18.64
2013/04/26,18.40,18.58,17.59,17.65,3186672,18.08
2013/05/02,17.68,17.98,17.59,17.86,1387610,17.79
2013/05/03,17.95,18.64,17.80,18.52,4551191,18.22
2013/05/06,18.85,19.15,18.55,18.76,3850693,18.85
2013/05/07,19.45,19.87,18.94,19.09,7026166,19.41
2013/05/08,18.91,19.60,18.76,19.48,10309126,19.18
2013/05/09,19.66,19.66,18.94,19.21,4911204,19.30
2013/05/10,18.97,19.72,18.94,19.42,6023009,19.33
2013/05/13,19.36,19.66,19.09,19.42,4439264,19.38
2013/05/14,19.45,19.45,18.88,19.03,3397422,19.16
2013/05/15,19.03,19.54,18.94,19.42,4082653,19.24
2013/05/16,19.39,19.87,19.24,19.63,6659658,19.55
2013/05/17,19.51,20.05,19.33,19.78,6978495,19.69
2013/05/20,20.35,20.62,19.84,20.11,10613037,20.23
2013/05/21,20.53,21.13,20.44,20.62,15726967,20.79
2013/05/22,20.47,20.56,19.96,20.05,8070984,20.26
2013/05/23,19.90,20.74,19.81,20.23,7281298,20.27
2013/05/24,20.23,20.65,20.23,20.65,6711184,20.44
2013/05/27,20.65,21.37,20.44,21.34,12675526,20.91
2013/05/28,22.66,22.69,21.46,21.61,25294610,22.08
2013/05/29,21.25,21.52,21.04,21.49,9810527,21.28
2013/05/30,21.34,21.37,20.83,21.10,7763788,21.10
2013/05/31,20.98,21.25,20.80,20.80,5259458,21.03
2013/06/03,20.68,20.68,20.17,20.26,6261805,20.43
2013/06/04,20.23,20.26,19.33,19.45,5234642,19.79
2013/06/05,19.45,19.75,19.33,19.66,3860817,19.54
2013/06/06,19.63,19.63,19.12,19.18,2539256,19.38
2013/06/07,19.06,19.30,18.52,18.67,3075254,18.91
2013/06/13,18.52,18.52,17.53,18.01,2311167,18.03
2013/06/14,18.16,18.73,18.10,18.52,3250268,18.42
2013/06/17,18.52,18.85,18.34,18.49,2858888,18.60
2013/06/18,18.49,18.79,18.25,18.67,2591271,18.52
2013/06/19,18.61,18.61,17.98,18.31,3104565,18.29
2013/06/20,18.25,18.25,17.59,17.59,2414099,17.92
2013/06/21,17.35,17.44,16.78,17.35,2507913,17.11
2013/06/24,17.29,17.29,15.76,15.94,3102519,16.52
2013/06/25,15.94,16.12,14.56,15.82,4219395,15.34
2013/06/26,15.82,16.36,15.64,16.21,3440720,16.00
2013/06/27,16.18,16.39,15.61,15.61,3542893,16.00
2013/06/28,15.58,15.82,15.22,15.55,2168402,15.52
2013/07/01,15.52,15.82,15.40,15.79,1766469,15.61
2013/07/02,15.91,16.09,15.79,16.06,2646607,15.94
2013/07/03,16.03,16.18,15.58,16.12,3220376,15.88
2013/07/04,16.09,16.33,15.82,16.09,3127344,16.07
2013/07/05,16.12,16.30,16.00,16.03,2477459,16.15
2013/07/08,15.82,15.82,14.98,15.01,3043744,15.40
2013/07/09,15.07,15.25,14.95,15.13,1277753,15.10
2013/07/10,15.13,15.61,15.07,15.61,2334958,15.34
2013/07/11,15.58,16.90,15.58,16.63,5636527,16.24
2013/07/12,16.48,16.78,16.24,16.27,5185892,16.51
2013/07/15,16.21,16.96,16.06,16.78,5673839,16.51
2013/07/16,16.63,16.87,16.48,16.78,3561751,16.68
2013/07/17,16.78,17.32,16.51,17.14,6948513,16.92
2013/07/18,16.93,18.10,16.48,17.41,7889919,17.29
2013/07/19,17.29,17.65,16.63,16.63,5835235,17.14
2013/07/22,16.42,17.23,16.36,17.23,4903111,16.79
2013/07/23,17.29,17.98,17.23,17.47,6066853,17.61
2013/07/24,17.26,17.89,16.96,17.71,7321034,17.43
2013/07/25,17.71,17.89,16.93,16.93,6200487,17.41
2013/07/26,16.72,17.20,16.60,17.02,4037857,16.90
2013/07/29,16.99,17.50,16.66,17.35,5964717,17.08
2013/07/30,17.29,17.29,16.72,17.02,3326274,17.00
2013/07/31,17.02,17.95,16.96,17.62,9139749,17.46
2013/08/01,17.41,18.13,17.32,18.04,10072807,17.72
2013/08/02,18.13,18.55,17.83,18.13,9571856,18.19
2013/08/05,17.95,18.79,17.92,18.49,6552146,18.36
2013/08/06,18.49,18.73,18.22,18.46,7107712,18.47
2013/08/07,18.49,18.85,17.83,17.92,7443281,18.34
2013/08/08,17.83,18.25,17.68,17.98,4925092,17.96
2013/08/09,18.07,18.13,17.50,17.83,4052179,17.81
2013/08/12,17.77,17.98,17.38,17.80,5848412,17.68
2013/08/13,17.80,18.13,17.71,18.13,5065265,17.92
2013/08/14,18.19,18.43,17.92,18.13,5888150,18.18
2013/08/15,18.16,18.52,18.16,18.19,6725271,18.34
2013/08/16,18.10,18.55,17.71,17.71,5584342,18.13
2013/08/19,17.77,19.42,17.59,19.42,16112350,18.51
2013/08/20,19.93,20.53,19.57,19.96,31105594,20.05
2013/08/21,19.63,20.95,19.51,20.47,22126785,20.23
2013/08/22,20.41,20.62,19.87,20.14,12557383,20.25
2013/08/23,20.11,20.20,19.42,20.05,10703043,19.81
2013/08/26,19.87,20.32,19.72,20.23,9389252,20.02
2013/08/27,20.86,21.55,20.38,20.59,18207097,20.96
2013/08/28,20.08,20.14,19.60,19.63,10681514,19.87
2013/08/29,19.48,21.22,19.45,20.65,16175765,20.33
2013/08/30,20.53,21.01,19.78,20.11,11464248,20.40
2013/09/02,20.11,21.46,20.08,21.25,16719901,20.77
2013/09/03,20.98,22.42,20.80,22.33,22270942,21.61
2013/09/04,21.88,22.87,21.61,22.15,15887663,22.24
2013/09/05,22.09,24.01,21.91,23.56,25903546,22.96
2013/09/06,23.38,25.84,22.93,25.12,24666733,24.38
2013/09/09,24.79,25.48,24.13,24.61,18245676,24.80
2013/09/10,24.55,25.06,23.53,24.34,14097641,24.29
2013/09/11,23.89,24.10,22.03,22.75,21474578,23.07
2013/09/12,22.03,23.32,21.97,22.93,42140328,22.64
2013/09/13,22.33,23.83,21.76,23.62,40472168,22.79
2013/09/16,23.98,25.48,23.44,23.50,37134696,24.46
2013/09/17,22.90,23.98,22.72,23.02,14176863,23.35
2013/09/18,22.90,23.20,22.00,22.48,13739253,22.60
2013/09/23,22.66,23.02,22.12,22.78,15617900,22.57
2013/09/24,22.87,23.86,22.42,23.68,20483402,23.14
2013/09/25,23.53,24.04,22.78,23.02,14893502,23.41
2013/09/26,22.78,23.56,22.03,22.36,10263515,22.79
2013/09/27,22.09,22.51,21.73,21.85,9823281,22.12
2013/09/30,22.09,22.51,21.73,21.85,0,22.12
2013/10/08,22.09,22.51,21.73,21.85,0,22.12
2013/10/09,22.09,22.51,21.73,21.85,0,22.12
2013/10/10,22.09,22.51,21.73,21.85,0,22.12
2013/10/11,22.09,22.51,21.73,21.85,0,22.12
2013/10/14,22.09,22.51,21.73,21.85,0,22.12
2013/10/15,22.09,22.51,21.73,21.85,0,22.12
2013/10/16,22.09,22.51,21.73,21.85,0,22.12
2013/10/17,22.09,22.51,21.73,21.85,0,22.12
2013/10/18,22.09,22.51,21.73,21.85,0,22.12
2013/10/21,22.09,22.51,21.73,21.85,0,22.12
2013/10/22,22.09,22.51,21.73,21.85,0,22.12
2013/10/23,22.09,22.51,21.73,21.85,0,22.12
2013/10/24,22.09,22.51,21.73,21.85,0,22.12
2013/10/25,22.09,22.51,21.73,21.85,0,22.12
2013/10/28,22.09,22.51,21.73,21.85,0,22.12
2013/10/29,22.09,22.51,21.73,21.85,0,22.12
2013/10/30,22.09,22.51,21.73,21.85,0,22.12
2013/10/31,22.09,22.51,21.73,21.85,0,22.12
2013/11/01,22.09,22.51,21.73,21.85,0,22.12
2013/11/04,22.09,22.51,21.73,21.85,0,22.12
2013/11/05,22.09,22.51,21.73,21.85,0,22.12
2013/11/06,19.72,20.92,19.72,19.93,27713381,20.32
2013/11/07,19.36,19.57,18.46,18.52,19229735,19.02
2013/11/08,18.22,18.55,17.83,18.07,10447396,18.19
2013/11/11,18.10,18.19,17.77,18.07,6951877,17.98
2013/11/12,18.07,18.46,17.83,18.40,12249753,18.14
2013/11/13,18.16,18.28,17.38,17.41,9674809,17.83
2013/11/14,17.23,17.65,16.78,17.38,10260467,17.21
2013/11/15,17.29,17.98,17.26,17.71,10574322,17.62
2013/11/18,17.71,18.76,17.68,18.55,16586819,18.22
2013/11/19,18.64,18.85,18.19,18.67,15531208,18.52
2013/11/20,18.64,19.39,18.58,19.27,18710542,18.98
2013/11/21,19.06,19.42,18.82,19.03,11757676,19.12
2013/11/22,19.12,19.12,18.43,18.58,9372231,18.78
2013/11/25,18.58,18.94,18.40,18.64,5339288,18.67
2013/11/26,18.67,18.79,18.43,18.58,4374271,18.61
2013/11/27,18.61,20.38,18.55,20.38,17351268,19.46
2013/11/28,22.36,22.36,20.98,21.16,44342256,21.67
2013/11/29,22.18,23.08,21.13,22.03,36500632,22.10
2013/12/02,20.11,21.19,19.90,19.90,22106987,20.54
2013/12/03,19.42,21.49,19.18,21.10,17426951,20.33
2013/12/04,20.86,22.24,20.68,21.88,21854540,21.46
2013/12/05,22.09,22.33,20.77,20.80,17156511,21.55
2013/12/06,20.56,20.59,19.87,20.02,10549054,20.23
2013/12/09,20.14,20.35,19.78,20.35,7303114,20.07
2013/12/10,20.38,20.53,19.87,19.93,6807511,20.20
2013/12/11,19.78,19.84,19.12,19.24,7322147,19.48
2013/12/12,19.24,19.84,19.24,19.45,5513130,19.54
2013/12/13,19.33,19.66,19.00,19.51,5318692,19.33
2013/12/16,19.54,19.54,18.94,18.97,5314646,19.24
2013/12/17,18.88,19.42,18.70,19.24,5135528,19.06
2013/12/18,19.30,19.54,19.21,19.30,3577798,19.38
2013/12/19,19.33,19.51,18.97,19.00,3169181,19.24
2013/12/20,19.00,19.12,18.40,18.58,3287442,18.76
2013/12/23,18.46,18.67,18.01,18.28,2552099,18.34
2013/12/24,19.60,19.81,18.88,19.12,9315432,19.34
2013/12/25,18.88,19.24,18.73,19.18,4906471,18.98
2013/12/26,18.97,19.12,18.58,18.61,3974711,18.85
2013/12/27,18.43,19.15,18.40,19.00,3632351,18.77
2013/12/30,19.48,19.69,19.12,19.30,5755061,19.41
2013/12/31,19.21,19.99,19.03,19.81,10456592,19.51
2014/01/02,19.75,20.14,19.63,19.99,7838792,19.88
2014/01/03,19.84,20.14,19.66,20.08,8579111,19.90
2014/01/06,19.96,19.96,18.88,18.94,6500744,19.42
2014/01/07,18.67,19.15,18.64,19.03,3303577,18.89
2014/01/08,19.06,19.27,18.94,19.12,3254193,19.11
2014/01/09,19.12,19.27,18.67,18.67,3917297,18.97
2014/01/10,18.55,18.55,17.74,17.98,4976591,18.14
2014/01/13,18.01,18.25,17.86,18.04,2166456,18.05
2014/01/14,18.07,18.46,17.92,18.46,2348986,18.19
2014/01/15,18.43,18.64,18.16,18.64,3536985,18.40
2014/01/16,18.64,18.76,18.43,18.55,2597900,18.60
2014/01/17,18.37,18.52,18.04,18.25,2950830,18.28
2014/01/20,18.01,18.37,17.86,18.07,1926051,18.12
2014/01/21,18.13,18.73,18.04,18.61,2889247,18.38
2014/01/22,18.73,19.42,18.58,19.27,6660412,19.00
2014/01/23,19.18,19.51,19.09,19.45,5758515,19.30
2014/01/24,19.45,19.96,19.21,19.81,6718745,19.59
2014/01/27,19.66,20.53,19.48,20.08,10031424,20.01
2014/01/28,19.93,20.08,19.51,19.78,4379524,19.79
2014/01/29,19.72,20.32,19.57,20.20,5862414,19.95
2014/01/30,20.11,20.77,19.96,20.41,8222103,20.37
2014/02/07,20.17,20.83,20.14,20.77,8617539,20.48
2014/02/10,20.86,21.19,20.65,21.10,10993902,20.92
2014/02/11,20.89,21.22,20.47,21.13,12130941,20.84
2014/02/12,21.13,22.30,21.04,21.88,18010988,21.67
2014/02/13,21.82,22.60,21.58,21.97,17749658,22.09
2014/02/14,22.03,24.10,22.03,23.71,27209588,23.07
2014/02/17,23.71,24.13,23.41,24.07,22624674,23.77
2014/02/18,24.07,24.07,23.23,23.53,17261512,23.65
2014/02/19,23.53,23.83,22.57,22.96,16534219,23.20
2014/02/20,22.78,22.99,21.58,21.76,17121252,22.28
2014/02/21,21.79,22.48,21.79,22.48,10993971,22.13
2014/02/24,23.26,24.67,22.93,24.67,44428057,23.80
2014/02/25,24.16,27.04,23.95,26.02,55511019,25.49
2014/02/26,26.38,27.52,24.70,27.22,39624249,26.11
2014/02/27,26.53,27.13,25.33,25.87,28776691,26.23
2014/02/28,25.72,26.83,25.33,26.77,21585665,26.08
2014/03/03,26.92,27.25,25.84,26.92,20633737,26.54
2014/03/04,26.59,27.04,25.63,25.87,17024106,26.33
2014/03/05,25.84,28.39,24.91,28.06,31855430,26.65
2014/03/06,27.28,27.73,26.59,26.89,21206770,27.16
2014/03/07,26.53,27.34,26.29,26.32,12763225,26.81
2014/03/10,26.08,26.08,23.74,23.74,15723313,24.91
2014/03/11,23.77,24.01,22.72,23.08,12339966,23.37
2014/03/12,23.23,23.44,22.18,23.08,12927801,22.81
2014/03/13,23.08,23.32,22.87,23.20,7065298,23.10
2014/03/14,22.84,23.47,22.57,22.78,8325719,23.02
2014/03/17,22.57,23.92,22.57,23.59,8270397,23.25
2014/03/18,23.44,24.52,23.38,24.04,11203240,23.95
2014/03/19,23.95,24.49,23.35,23.86,9653395,23.92
2014/03/20,23.86,24.37,23.08,23.14,7725910,23.72
2014/03/21,23.17,23.68,22.66,23.53,5070146,23.17
2014/03/24,23.53,24.28,23.11,23.83,5997108,23.70
2014/03/25,24.91,26.17,24.91,26.17,8891446,25.54
2014/03/26,26.68,27.04,25.36,25.75,21364043,26.20
2014/03/27,25.51,25.93,24.94,25.33,10100689,25.44
2014/03/28,25.33,25.63,24.19,24.49,9526184,24.91
2014/03/31,24.22,24.43,22.63,23.50,8827607,23.53
2014/04/01,23.11,23.98,22.78,23.92,5808437,23.38
2014/04/02,24.07,24.13,23.26,23.32,4880973,23.70
2014/04/03,23.35,23.71,22.96,22.99,4733026,23.34
2014/04/04,23.11,24.49,23.08,24.28,8181630,23.78
2014/04/08,23.98,25.96,23.98,25.51,11189675,24.97
2014/04/09,25.51,25.63,25.03,25.42,6916004,25.33
2014/04/10,25.42,26.74,25.21,25.72,12575993,25.97
2014/04/11,25.39,26.20,25.24,25.45,6801941,25.72
2014/04/14,25.09,25.81,25.09,25.60,4156114,25.45
2014/04/15,25.45,26.65,25.45,26.20,10572854,26.05
2014/04/16,25.96,26.08,25.24,25.66,8688110,25.66
2014/04/17,25.66,25.81,25.27,25.42,3995179,25.54
2014/04/18,25.27,26.26,25.03,26.11,8416733,25.65
2014/04/21,25.78,26.32,25.33,25.51,7808157,25.82
2014/04/22,25.18,25.51,24.19,25.33,8793313,24.85
2014/04/23,25.66,25.96,25.12,25.30,4936747,25.54
2014/04/24,25.30,25.48,23.71,23.98,6354356,24.60
2014/04/25,23.92,24.76,23.53,23.98,5488171,24.15
2014/04/28,23.92,24.13,22.66,23.74,5648133,23.39
2014/04/29,23.62,24.10,23.44,24.07,2394588,23.77
2014/04/30,24.07,24.85,24.01,24.82,3263610,24.43
2014/05/05,24.85,25.90,24.58,25.78,7431025,25.24
2014/05/06,25.78,26.20,25.42,26.02,6607356,25.81
2014/05/07,25.90,26.32,25.63,26.11,8320999,25.97
2014/05/08,25.93,26.47,25.63,26.47,9652702,26.05
2014/05/09,26.47,26.65,25.18,25.78,8014253,25.91
2014/05/12,25.78,26.83,25.63,25.99,11528037,26.23
2014/05/13,25.84,26.41,25.42,26.38,8311701,25.92
2014/05/14,26.32,27.43,26.14,26.83,15353177,26.79
2014/05/15,26.80,26.92,25.72,25.90,9665478,26.32
2014/05/16,25.75,26.20,24.88,26.14,8636176,25.54
2014/05/19,26.05,27.28,25.69,26.86,14074520,26.49
2014/05/20,26.77,28.15,26.68,27.34,20467478,27.41
2014/05/21,26.98,27.94,26.32,27.94,13065236,27.13
2014/05/22,27.88,30.46,27.67,29.38,29773891,29.07
2014/05/23,29.05,29.83,28.72,29.44,17154988,29.27
2014/05/26,29.59,29.92,28.72,29.02,12897227,29.32
2014/05/27,29.05,29.62,27.97,29.35,15994481,28.79
2014/05/28,28.78,28.90,27.67,27.94,27849224,28.29
2014/05/29,27.79,28.27,25.54,26.08,31848069,26.90
2014/05/30,26.08,26.53,25.48,26.08,15706611,26.01
2014/06/03,25.78,25.87,25.09,25.12,14068485,25.48
2014/06/04,24.97,25.75,24.91,25.69,9215754,25.33
2014/06/05,25.57,26.08,25.45,25.87,7474486,25.76
2014/06/06,25.72,25.96,24.94,25.21,8803029,25.45
2014/06/09,25.03,25.36,24.25,24.40,7899031,24.80
2014/06/10,24.40,24.79,23.98,24.67,8166858,24.38
2014/06/11,24.70,24.97,24.37,24.82,6354771,24.67
2014/06/12,24.73,24.79,24.49,24.67,4863141,24.64
2014/06/13,24.55,25.03,24.43,24.88,6279958,24.73
2014/06/16,24.97,24.97,24.64,24.91,6285702,24.80
2014/06/17,24.91,25.24,24.70,25.21,8705239,24.97
2014/06/18,25.21,25.27,23.71,23.86,10865872,24.49
2014/06/19,23.74,23.86,22.27,22.51,9014625,23.06
2014/06/20,22.18,22.96,22.18,22.90,4267849,22.57
2014/06/23,22.84,23.50,22.84,23.32,4880963,23.17
2014/06/24,23.68,24.46,23.62,23.74,8797906,24.04
2014/06/25,23.65,23.89,23.23,23.86,4802142,23.56
2014/06/26,23.86,24.43,23.77,24.28,6388551,24.10
2014/06/27,24.28,24.37,23.95,24.10,3954198,24.16
2014/06/30,24.25,24.88,24.13,24.73,7063848,24.50
2014/07/01,24.82,24.88,24.37,24.64,5028990,24.63
2014/07/02,24.61,24.64,24.01,24.49,7122438,24.33
2014/07/03,24.43,24.70,24.19,24.52,5835604,24.45
2014/07/04,24.49,24.61,24.13,24.43,4966754,24.37
2014/07/07,24.40,24.55,24.07,24.19,4108662,24.31
2014/07/08,24.19,24.37,23.83,24.34,5350819,24.10
2014/07/09,24.25,25.39,23.98,24.76,15797450,24.69
2014/07/10,24.76,25.84,24.61,25.60,15998532,25.22
2014/07/11,25.54,26.05,25.30,25.63,9623609,25.68
2014/07/14,25.72,26.56,25.60,26.08,12098750,26.08
2014/07/15,26.14,26.23,25.48,25.78,7978277,25.86
2014/07/16,25.78,25.96,24.76,24.85,8481295,25.36
2014/07/17,24.88,25.66,24.85,25.30,6869020,25.26
2014/07/18,25.12,25.63,25.09,25.21,3807792,25.36
2014/07/21,25.21,25.51,24.91,25.51,4263732,25.21
2014/07/22,25.51,25.99,25.33,25.45,11451476,25.66
2014/07/23,25.39,25.45,24.58,24.88,8155403,25.01
2014/07/24,24.73,25.18,23.86,24.22,8852170,24.52
2014/07/25,24.22,24.55,24.04,24.40,2823085,24.29
2014/07/28,24.40,24.73,24.31,24.49,7144245,24.52
2014/07/29,24.55,25.00,24.49,24.85,6704455,24.74
2014/07/30,24.85,25.18,24.46,25.12,12935541,24.82
2014/07/31,25.18,25.36,24.79,25.12,9501882,25.07
2014/08/01,25.06,25.57,24.88,25.36,13536161,25.22
2014/08/04,25.36,25.54,25.24,25.48,7935480,25.39
2014/08/05,25.54,25.87,25.18,25.72,8887913,25.53
2014/08/06,25.63,25.69,25.33,25.63,6181850,25.51
2014/08/07,25.63,25.93,25.33,25.45,7079148,25.63
2014/08/08,25.60,26.29,25.36,26.14,13649993,25.82
2014/08/11,25.93,26.23,25.66,26.08,12280981,25.95
2014/08/12,26.08,26.08,25.69,25.84,9755531,25.88
2014/08/13,25.84,25.96,25.30,25.66,9895238,25.63
2014/08/14,25.63,25.90,25.45,25.63,8004510,25.67
2014/08/15,25.75,27.88,25.33,27.22,22297148,26.60
2014/08/18,27.10,28.24,26.83,27.64,24549668,27.53
2014/08/19,27.49,27.49,26.86,27.34,13296599,27.17
2014/08/20,27.25,28.06,27.04,27.91,15236681,27.55
2014/08/21,27.73,28.09,27.28,27.88,9560544,27.69
2014/08/22,27.85,27.97,27.28,27.46,8652938,27.63
2014/08/25,27.43,28.18,27.28,27.58,11189767,27.73
2014/08/26,27.22,27.43,26.23,26.50,10129295,26.83
2014/08/27,26.35,27.58,26.29,26.68,7414986,26.93
2014/08/28,26.68,26.89,26.11,26.14,6688484,26.50
2014/08/29,26.14,27.61,25.96,26.83,8957745,26.79
2014/09/01,26.95,27.46,26.83,27.31,7590205,27.14
2014/09/02,27.34,28.87,27.22,28.39,16820218,28.04
2014/09/03,28.39,28.99,28.09,28.57,11704694,28.54
2014/09/04,28.60,28.75,28.24,28.66,7591592,28.49
2014/09/05,28.45,28.93,28.36,28.54,6851270,28.64
2014/09/09,28.63,28.72,27.97,28.24,6698809,28.34
2014/09/10,28.27,29.05,27.97,29.05,10853552,28.51
2014/09/11,28.93,29.47,28.21,28.78,11958198,28.84
2014/09/12,28.60,29.50,28.48,29.32,13279031,28.99
2014/09/15,29.32,29.83,28.90,29.47,8921487,29.36
2014/09/16,29.38,29.41,27.52,27.58,12094827,28.46
2014/09/17,27.61,27.88,27.01,27.64,6311383,27.45
2014/09/18,27.67,28.36,27.43,27.88,6069359,27.89
2014/09/19,27.88,28.21,27.58,28.18,6273634,27.89
2014/09/22,28.00,28.03,27.19,27.37,5798365,27.61
2014/09/23,27.31,27.85,27.16,27.85,4117104,27.51
2014/09/24,27.70,28.30,27.58,28.24,5848665,27.94
2014/09/25,28.30,28.96,28.27,28.45,8716166,28.62
2014/09/26,28.42,29.50,28.36,28.69,13319929,28.93
2014/09/29,28.75,29.83,28.75,29.62,14275859,29.29
2014/09/30,29.68,30.16,29.35,30.07,13938213,29.76
2014/10/08,30.10,30.25,29.44,30.04,9874854,29.85
2014/10/09,29.98,30.04,29.08,29.83,12580067,29.56
2014/10/10,29.65,30.22,29.14,29.80,11488822,29.68
2014/10/13,29.56,30.28,29.14,30.22,9824572,29.71
2014/10/14,30.25,30.43,29.56,29.80,8460079,29.99
2014/10/15,29.86,30.31,29.11,30.22,10347805,29.71
2014/10/16,29.95,30.28,29.29,29.29,8131005,29.79
2014/10/17,29.20,29.77,28.75,29.65,8458081,29.26
2014/10/20,29.59,31.48,29.44,31.36,17018751,30.46
2014/10/21,31.06,31.39,30.58,30.58,9678907,30.98
2014/10/22,30.55,31.00,30.13,30.19,9339566,30.56
2014/10/23,29.92,30.34,29.38,29.89,7573313,29.86
2014/10/24,29.83,30.73,29.68,30.52,8132872,30.21
2014/10/27,30.28,30.79,30.19,30.49,7221156,30.49
2014/10/28,30.49,31.54,30.49,31.33,11106596,31.01
2014/10/29,31.33,31.63,30.88,31.21,13483586,31.25
2014/10/30,31.69,32.59,31.18,31.78,18578240,31.89
2014/10/31,31.48,32.32,31.36,31.87,14941919,31.84
2014/11/03,31.87,33.22,31.72,32.71,13029872,32.47
2014/11/04,32.68,32.68,31.33,31.99,14153082,32.00
2014/11/05,31.63,31.93,31.42,31.78,5816587,31.68
2014/11/06,31.81,32.65,31.54,32.56,8920994,32.09
2014/11/07,32.56,33.13,30.58,31.06,13187194,31.86
2014/11/10,31.06,32.56,30.58,32.11,11606129,31.57
2014/11/11,31.87,35.26,30.91,34.48,28901781,33.08
2014/11/12,33.58,34.48,33.13,34.03,17810834,33.80
2014/11/13,33.73,34.00,32.95,33.58,10604113,33.48
2014/11/14,33.25,33.91,32.71,33.88,7153289,33.31
2014/11/17,33.91,34.66,33.19,33.97,10069906,33.92
2014/11/18,33.88,34.15,33.13,33.28,6092068,33.64
2014/11/19,33.28,33.55,32.35,33.43,6574883,32.95
2014/11/20,33.28,34.00,32.77,33.07,7276601,33.39
2014/11/21,33.07,33.61,32.80,33.40,8341715,33.20
2014/11/24,33.58,34.36,33.40,33.55,10690051,33.88
2014/11/25,33.61,34.03,33.31,34.00,12130797,33.67
2014/11/26,34.03,35.53,33.76,35.08,18212967,34.64
2014/11/27,35.14,35.17,34.27,34.60,11898142,34.72
2014/11/28,34.57,35.02,34.30,34.63,10187810,34.66
2014/12/01,34.48,34.57,33.04,33.82,11209117,33.80
2014/12/02,33.58,34.57,33.28,33.88,8445999,33.93
2014/12/03,34.03,34.48,32.98,34.33,10077987,33.73
2014/12/04,34.18,35.38,33.97,35.26,15044835,34.68
2014/12/05,35.29,35.29,33.28,34.18,10241821,34.29
2014/12/08,33.61,34.03,31.99,32.02,15622624,33.01
2014/12/09,31.90,31.90,28.87,28.87,20563303,30.38
2014/12/10,26.05,28.72,26.05,28.12,45007162,27.38
2014/12/11,27.01,27.73,26.08,27.46,25577398,26.90
2014/12/12,27.43,28.60,27.28,28.21,20566181,27.94
2014/12/15,28.21,28.45,27.79,28.42,14115845,28.12
2014/12/16,28.45,28.75,27.88,28.03,12471930,28.31
2014/12/17,27.97,27.97,26.86,26.95,14614460,27.41
2014/12/18,26.95,27.22,26.08,27.19,21440901,26.65
2014/12/19,26.74,27.28,25.39,25.96,22330819,26.34
2014/12/22,25.42,25.72,23.41,23.53,18964257,24.56
2014/12/23,23.17,24.28,23.11,23.65,9465817,23.70
2014/12/24,23.71,24.76,23.71,24.61,10185237,24.24
2014/12/25,24.67,24.82,24.19,24.49,8842288,24.51
2014/12/26,24.67,24.67,24.28,24.34,6771754,24.48
2014/12/29,24.31,24.31,23.44,23.62,8831570,23.88
2014/12/30,23.65,24.10,23.44,23.86,7058873,23.77
2014/12/31,23.89,24.16,23.74,24.16,5983010,23.95
2015/01/05,24.28,24.79,23.83,24.79,10425526,24.31
2015/01/06,24.70,25.33,24.34,25.24,11751733,24.83
2015/01/07,25.06,25.72,25.03,25.12,8531403,25.38
2015/01/08,25.12,25.18,24.67,24.85,6480319,24.93
2015/01/09,24.79,25.00,24.52,24.52,7001026,24.76
2015/01/12,24.31,24.43,23.71,23.77,6166067,24.07
2015/01/13,23.74,24.34,23.71,24.22,5503265,24.03
2015/01/14,24.22,24.31,23.80,24.07,5241808,24.05
2015/01/15,24.19,24.91,24.19,24.67,9514604,24.55
2015/01/16,24.61,25.21,24.34,25.21,9081951,24.78
2015/01/19,24.70,25.54,24.01,24.64,12328153,24.78
2015/01/20,24.64,25.48,24.64,25.45,11926580,25.06
2015/01/21,25.54,26.17,25.36,26.02,16964077,25.77
2015/01/22,26.02,26.44,25.84,26.26,12922613,26.14
2015/01/23,26.26,26.53,25.66,25.75,10157058,26.10
2015/01/26,25.75,26.59,25.57,26.59,13553977,26.08
2015/01/27,26.41,26.56,25.72,26.32,12729058,26.14
2015/01/28,26.20,26.80,25.96,26.44,11456505,26.38
2015/01/29,26.56,26.77,26.23,26.47,10287074,26.50
2015/01/30,26.44,26.53,25.51,25.60,9840868,26.02
2015/02/02,25.42,25.75,25.09,25.51,5180341,25.42
2015/02/03,25.63,26.14,25.51,26.02,6401659,25.83
2015/02/04,26.53,26.62,26.02,26.05,9493248,26.32
2015/02/05,26.23,26.68,25.78,26.23,11156716,26.23
2015/02/06,26.32,26.35,25.51,25.60,6496705,25.93
2015/02/09,25.66,25.75,24.88,24.97,5374750,25.31
2015/02/10,24.91,25.36,24.76,25.36,4263798,25.06
2015/02/11,25.36,25.90,25.24,25.84,4545786,25.57
2015/02/12,25.84,26.44,25.72,26.29,7594621,26.08
2015/02/13,26.29,26.68,26.23,26.65,13337740,26.46
2015/02/16,26.65,27.31,26.47,27.25,14603266,26.89
2015/02/17,27.31,27.37,26.77,27.01,10141999,27.07
2015/02/25,27.13,27.85,26.98,27.49,14567658,27.42
2015/02/26,28.63,30.19,28.57,30.19,15264530,29.38
2015/02/27,31.24,31.93,30.31,30.94,55943733,31.12
2015/03/02,31.03,32.89,30.70,31.78,38235761,31.79
2015/03/03,31.33,31.81,30.73,31.09,25237353,31.27
2015/03/04,31.03,31.39,30.61,31.18,18874885,31.00
2015/03/05,31.18,31.75,30.85,31.57,21921487,31.30
2015/03/06,31.84,31.93,30.46,30.58,17442861,31.20
2015/03/09,30.52,30.58,29.59,30.52,12369754,30.08
2015/03/10,30.52,31.81,30.13,31.39,17606230,30.97
2015/03/11,31.36,32.80,30.58,32.56,30074129,31.69
2015/03/12,32.08,32.47,31.48,32.29,18599222,31.97
2015/03/13,32.14,34.96,31.81,33.34,27187478,33.38
2015/03/16,33.61,36.52,33.37,36.10,33167367,34.95
2015/03/17,35.62,37.66,35.11,35.68,44422739,36.38
2015/03/18,35.32,36.28,34.90,35.65,27004241,35.59
2015/03/19,35.38,35.98,34.93,35.86,18757431,35.45
2015/03/20,36.01,36.82,35.38,35.98,22741910,36.10
2015/03/23,36.58,39.52,36.58,39.52,59493103,38.05
2015/03/24,36.58,39.52,36.58,39.52,0,38.05
2015/03/25,36.58,39.52,36.58,39.52,0,38.05
2015/03/26,36.58,39.52,36.58,39.52,0,38.05
2015/03/27,36.58,39.52,36.58,39.52,0,38.05
2015/03/30,36.58,39.52,36.58,39.52,0,38.05
2015/03/31,36.58,39.52,36.58,39.52,0,38.05
2015/04/01,36.58,39.52,36.58,39.52,0,38.05
2015/04/02,36.58,39.52,36.58,39.52,0,38.05
2015/04/03,36.58,39.52,36.58,39.52,0,38.05
2015/04/07,36.58,39.52,36.58,39.52,0,38.05
2015/04/08,36.58,39.52,36.58,39.52,0,38.05
2015/04/09,36.58,39.52,36.58,39.52,0,38.05
2015/04/10,36.58,39.52,36.58,39.52,0,38.05
2015/04/13,36.58,39.52,36.58,39.52,0,38.05
2015/04/14,36.58,39.52,36.58,39.52,0,38.05
2015/04/15,36.58,39.52,36.58,39.52,0,38.05
2015/04/16,36.58,39.52,36.58,39.52,0,38.05
2015/04/17,36.58,39.52,36.58,39.52,0,38.05
2015/04/20,36.58,39.52,36.58,39.52,0,38.05
2015/04/21,36.58,39.52,36.58,39.52,0,38.05
2015/04/22,36.58,39.52,36.58,39.52,0,38.05
2015/04/23,36.58,39.52,36.58,39.52,0,38.05
2015/04/24,36.58,39.52,36.58,39.52,0,38.05
2015/04/27,36.58,39.52,36.58,39.52,0,38.05
2015/04/28,36.58,39.52,36.58,39.52,0,38.05
2015/04/29,36.58,39.52,36.58,39.52,0,38.05
2015/04/30,36.58,39.52,36.58,39.52,0,38.05
2015/05/04,36.58,39.52,36.58,39.52,0,38.05
2015/05/05,36.58,39.52,36.58,39.52,0,38.05
2015/05/06,36.58,39.52,36.58,39.52,0,38.05
2015/05/07,36.58,39.52,36.58,39.52,0,38.05
2015/05/08,36.58,39.52,36.58,39.52,0,38.05
2015/05/11,36.58,39.52,36.58,39.52,0,38.05
2015/05/12,36.58,39.52,36.58,39.52,0,38.05
2015/05/13,36.58,39.52,36.58,39.52,0,38.05
2015/05/14,43.42,43.42,43.42,43.42,171632,43.42
2015/05/15,47.71,47.71,47.71,47.71,85430,47.71
2015/05/18,52.42,52.42,52.42,52.42,202023,52.42
2015/05/19,57.61,57.61,57.61,57.61,169129,57.61
2015/05/20,63.31,63.31,63.31,63.31,190811,63.31
2015/05/21,69.58,69.58,69.58,69.58,243287,69.58
2015/05/22,76.48,76.48,76.48,76.48,240732,76.48
2015/05/25,84.07,84.07,76.45,83.38,77931277,80.26
2015/05/26,79.48,91.48,78.58,86.83,56414124,85.03
2015/05/27,84.46,92.29,83.32,89.53,46358333,87.80
2015/05/28,88.39,92.68,80.65,80.65,38668302,86.67
2015/05/29,79.60,84.19,74.65,80.65,36395670,79.42
2015/06/01,81.73,88.66,79.48,85.48,45778516,84.07
2015/06/02,86.98,91.45,84.88,88.06,42224212,88.16
2015/06/03,86.14,88.18,84.34,86.56,31293844,86.26
2015/06/04,90.58,95.17,89.08,95.17,54937422,92.13
2015/06/05,101.98,104.62,99.97,104.62,22605736,102.30
2015/06/08,102.58,102.58,94.21,94.21,13373000,98.39
2015/06/09,84.85,91.06,84.85,84.85,46182653,87.95
2015/06/10,86.08,88.72,82.39,88.12,32721805,85.55
2015/06/11,88.18,92.05,85.66,89.89,34573601,88.85
2015/06/12,91.51,97.66,89.38,92.56,32413659,93.52
2015/06/15,93.40,94.21,84.61,85.00,29552188,89.41
2015/06/16,84.58,88.78,81.70,85.75,22838246,85.24
2015/06/17,85.78,87.01,78.01,82.87,23426282,82.51
2015/06/18,82.66,84.58,75.94,76.81,18326834,80.26
2015/06/19,73.78,73.78,69.19,69.19,16561045,71.48
2015/06/23,69.22,71.11,62.59,69.31,16668895,66.85
2015/06/24,70.51,72.31,68.83,71.02,17448598,70.57
2015/06/25,70.81,75.01,68.14,69.13,20368965,71.58
2015/06/26,65.86,68.38,62.29,62.29,13579088,65.33
2015/06/29,64.00,64.18,56.11,56.11,14930524,60.15
2015/06/30,52.03,59.08,50.56,57.40,19243369,54.82
2015/07/01,56.11,60.01,51.73,51.73,18558998,55.87
2015/07/02,50.14,51.19,46.63,46.63,14380440,48.91
2015/07/03,43.06,48.91,42.04,42.04,21711884,45.47
2015/07/06,46.18,46.18,37.90,38.47,30329671,42.04
2015/07/07,36.91,37.39,34.69,34.69,12706246,36.04
2015/07/08,36.91,37.39,34.69,34.69,0,36.04
2015/07/09,36.91,37.39,34.69,34.69,0,36.04
2015/07/10,36.91,37.39,34.69,34.69,0,36.04
2015/07/13,36.91,37.39,34.69,34.69,0,36.04
2015/07/14,36.91,37.39,34.69,34.69,0,36.04
2015/07/15,36.91,37.39,34.69,34.69,0,36.04
2015/07/16,36.91,37.39,34.69,34.69,0,36.04
2015/07/17,38.11,38.11,38.11,38.11,287990,38.11
2015/07/20,41.86,41.86,41.86,41.86,267987,41.86
2015/07/21,46.00,46.00,46.00,46.00,592700,46.00
2015/07/22,50.53,50.53,50.53,50.53,10918843,50.53
2015/07/23,54.97,55.51,54.01,55.51,32415049,54.76
2015/07/24,57.61,61.00,57.01,59.71,68320521,59.00
2015/07/27,56.86,59.53,53.80,53.80,38033566,56.66
2015/07/28,48.49,54.19,48.49,48.49,32266759,51.34
2015/07/29,50.35,53.29,48.64,53.29,29775399,50.96
2015/07/30,54.91,58.42,53.80,54.64,38058530,56.11
2015/07/31,51.88,54.46,49.24,50.32,23352374,51.85
2015/08/03,49.81,49.81,45.34,45.34,18342347,47.58
2015/08/04,45.31,49.81,45.28,49.81,21446554,47.55
2015/08/05,51.16,52.27,48.49,49.45,25682142,50.38
2015/08/06,47.11,49.99,45.79,48.40,13340352,47.89
2015/08/07,49.06,52.93,49.06,52.00,22766505,51.00
2015/08/10,52.33,55.75,52.33,54.82,25682990,54.04
2015/08/11,54.58,54.58,52.48,53.41,27912829,53.53
2015/08/12,53.11,56.56,52.36,55.45,33492082,54.46
2015/08/13,54.94,56.08,52.69,55.81,23701934,54.38
2015/08/14,56.11,58.12,55.42,56.05,25298945,56.77
2015/08/17,54.91,55.33,53.59,55.21,18229098,54.46
2015/08/18,55.39,55.81,49.75,49.75,20429168,52.78
2015/08/19,46.36,50.89,45.01,49.87,20927554,47.95
2015/08/20,48.16,50.65,46.87,47.17,13312159,48.76
2015/08/21,46.03,47.11,42.73,42.88,14421961,44.92
2015/08/24,40.09,41.05,38.65,38.65,8106400,39.85
2015/08/25,34.84,36.04,34.84,34.84,12453279,35.44
2015/08/26,34.84,36.28,31.48,31.48,17930456,33.88
2015/08/27,32.11,34.57,32.11,34.57,12534908,33.34
2015/08/28,37.96,37.96,37.96,37.96,2568088,37.96
2015/08/31,41.71,41.71,38.11,38.26,34934499,39.91
2015/09/01,36.55,36.55,34.51,34.51,23308124,35.53
2015/09/02,32.41,36.91,31.60,33.01,18303285,34.25
2015/09/07,33.85,36.25,33.85,35.86,24159782,35.05
2015/09/08,34.78,39.40,33.97,38.38,24454669,36.68
2015/09/09,38.41,42.16,37.45,41.95,37254794,39.80
2015/09/10,40.66,41.50,39.70,39.79,23523341,40.60
2015/09/11,39.61,40.90,38.35,39.55,19058027,39.63
2015/09/14,39.85,40.21,35.65,35.65,15842721,37.93
2015/09/15,33.91,36.61,33.55,34.99,21250448,35.08
2015/09/16,34.90,38.44,34.24,38.44,21951154,36.34
2015/09/17,38.47,40.09,35.71,35.74,26670831,37.90
2015/09/18,36.49,37.18,34.75,35.86,15122374,35.96
2015/09/21,35.17,39.40,34.93,39.40,20179064,37.16
2015/09/22,39.64,40.03,37.75,38.86,23620084,38.89
2015/09/23,37.72,39.91,37.30,39.49,20211226,38.60
2015/09/24,39.43,41.20,39.10,39.70,21641650,40.15
2015/09/25,39.34,39.79,36.16,36.73,17107133,37.97
2015/09/28,37.06,38.56,36.04,38.11,10507599,37.30
2015/09/29,37.21,38.05,36.37,36.97,9193244,37.21
2015/09/30,37.36,40.45,36.70,39.16,16643933,38.58
2015/10/08,40.69,41.74,39.31,40.78,23597075,40.53
2015/10/09,40.51,41.26,39.79,40.87,20819701,40.52
2015/10/12,41.32,44.89,41.05,44.29,33912461,42.97
2015/10/13,43.15,45.13,42.97,45.01,28991669,44.05
2015/10/14,44.68,44.80,42.94,42.97,19784605,43.87
2015/10/15,43.00,47.20,43.00,47.20,16936813,45.10
2015/10/16,49.51,51.19,47.71,49.18,51553346,49.45
2015/10/19,48.31,50.23,47.74,49.72,32203890,48.98
2015/10/20,49.69,52.66,48.64,52.21,37717074,50.65
2015/10/21,51.61,54.01,47.32,50.71,42851373,50.66
2015/10/22,50.35,55.72,49.57,55.69,38878262,52.64
2015/10/23,54.88,60.64,53.50,60.61,43971531,57.07
2015/10/26,60.01,60.01,56.41,58.33,25267972,58.21
2015/10/27,58.54,58.54,53.11,56.20,36322246,55.82
2015/10/28,55.03,55.90,53.11,53.32,19654376,54.50
2015/10/29,54.19,55.96,50.92,55.69,33205794,53.44
2015/10/30,55.42,56.77,52.99,55.15,23313077,54.88
2015/11/02,52.84,53.74,49.69,49.69,23725478,51.71
2015/11/03,50.05,50.59,47.23,47.44,23569963,48.91
2015/11/04,47.92,51.01,47.56,50.86,33921918,49.29
2015/11/05,50.68,52.78,48.94,51.01,38473574,50.86
2015/11/06,50.65,52.45,50.14,52.06,25650139,51.30
2015/11/09,51.01,55.45,50.47,53.86,33774549,52.96
2015/11/10,52.93,53.86,51.70,52.78,25627444,52.78
2015/11/11,52.99,56.65,52.54,55.90,35578256,54.59
2015/11/12,55.36,55.75,53.80,54.46,27357776,54.77
2015/11/13,53.35,53.83,50.44,51.34,20005910,52.13
2015/11/16,49.84,52.69,49.39,52.69,13709775,51.04
2015/11/17,53.32,53.74,51.01,51.40,15611840,52.38
2015/11/18,51.61,52.15,49.36,49.51,11954965,50.75
2015/11/19,49.81,51.31,49.51,51.22,11145924,50.41
2015/11/20,51.55,53.86,51.04,53.11,18126831,52.45
2015/11/23,52.96,54.91,52.27,52.69,20044794,53.59
2015/11/24,52.54,53.80,50.74,53.71,14470010,52.27
2015/11/25,54.25,56.05,53.41,55.84,29249687,54.73
2015/11/26,56.41,57.61,54.88,54.88,28229536,56.25
2015/11/27,55.81,55.90,49.45,49.87,22408496,52.68
2015/11/30,49.87,50.56,46.21,49.51,15471116,48.39
2015/12/01,49.21,50.38,48.61,49.18,10775657,49.50
2015/12/02,49.51,50.59,46.84,49.69,10580660,48.72
2015/12/03,49.51,50.59,46.84,49.69,0,48.72
2015/12/04,49.51,50.59,46.84,49.69,0,48.72
2015/12/07,49.51,50.59,46.84,49.69,0,48.72
2015/12/08,49.51,50.59,46.84,49.69,0,48.72
2015/12/09,49.51,50.59,46.84,49.69,0,48.72
2015/12/10,49.51,50.59,46.84,49.69,0,48.72
2015/12/11,49.51,50.59,46.84,49.69,0,48.72
2015/12/14,49.51,50.59,46.84,49.69,0,48.72
2015/12/15,49.51,50.59,46.84,49.69,0,48.72
2015/12/16,49.51,50.59,46.84,49.69,0,48.72
2015/12/17,49.51,50.59,46.84,49.69,0,48.72
2015/12/18,49.51,50.59,46.84,49.69,0,48.72
2015/12/21,49.51,50.59,46.84,49.69,0,48.72
2015/12/22,49.51,50.59,46.84,49.69,0,48.72
2015/12/23,49.51,50.59,46.84,49.69,0,48.72
2015/12/24,49.51,50.59,46.84,49.69,0,48.72
2015/12/25,49.51,50.59,46.84,49.69,0,48.72
2015/12/28,49.51,50.59,46.84,49.69,0,48.72
2015/12/29,49.51,50.59,46.84,49.69,0,48.72
2015/12/30,49.51,50.59,46.84,49.69,0,48.72
2015/12/31,49.51,50.59,46.84,49.69,0,48.72
2016/01/04,49.51,50.59,46.84,49.69,0,48.72
2016/01/05,49.51,50.59,46.84,49.69,0,48.72
2016/01/06,49.51,50.59,46.84,49.69,0,48.72
2016/01/07,49.51,50.59,46.84,49.69,0,48.72
2016/01/08,49.51,50.59,46.84,49.69,0,48.72
2016/01/11,49.51,50.59,46.84,49.69,0,48.72
2016/01/12,49.51,50.59,46.84,49.69,0,48.72
2016/01/13,49.51,50.59,46.84,49.69,0,48.72
2016/01/14,49.51,50.59,46.84,49.69,0,48.72
2016/01/15,49.51,50.59,46.84,49.69,0,48.72
2016/01/18,49.51,50.59,46.84,49.69,0,48.72
2016/01/19,49.51,50.59,46.84,49.69,0,48.72
2016/01/20,49.51,50.59,46.84,49.69,0,48.72
2016/01/21,49.51,50.59,46.84,49.69,0,48.72
2016/01/22,49.51,50.59,46.84,49.69,0,48.72
2016/01/25,49.51,50.59,46.84,49.69,0,48.72
2016/01/26,49.51,50.59,46.84,49.69,0,48.72
2016/01/27,49.51,50.59,46.84,49.69,0,48.72
2016/01/28,49.51,50.59,46.84,49.69,0,48.72
2016/01/29,49.51,50.59,46.84,49.69,0,48.72
2016/02/01,49.51,50.59,46.84,49.69,0,48.72
2016/02/02,49.51,50.59,46.84,49.69,0,48.72
2016/02/03,49.51,50.59,46.84,49.69,0,48.72
2016/02/04,49.51,50.59,46.84,49.69,0,48.72
2016/02/05,49.51,50.59,46.84,49.69,0,48.72
2016/02/15,49.51,50.59,46.84,49.69,0,48.72
2016/02/16,49.51,50.59,46.84,49.69,0,48.72
2016/02/17,49.51,50.59,46.84,49.69,0,48.72
2016/02/18,49.51,50.59,46.84,49.69,0,48.72
2016/02/19,49.51,50.59,46.84,49.69,0,48.72
2016/02/22,49.51,50.59,46.84,49.69,0,48.72
2016/02/23,49.51,50.59,46.84,49.69,0,48.72
2016/02/24,49.51,50.59,46.84,49.69,0,48.72
2016/02/25,49.51,50.59,46.84,49.69,0,48.72
2016/02/26,49.51,50.59,46.84,49.69,0,48.72
2016/02/29,49.51,50.59,46.84,49.69,0,48.72
2016/03/01,49.51,50.59,46.84,49.69,0,48.72
2016/03/02,49.51,50.59,46.84,49.69,0,48.72
2016/03/03,49.51,50.59,46.84,49.69,0,48.72
2016/03/04,49.51,50.59,46.84,49.69,0,48.72
2016/03/07,49.51,50.59,46.84,49.69,0,48.72
2016/03/08,49.51,50.59,46.84,49.69,0,48.72
2016/03/09,49.51,50.59,46.84,49.69,0,48.72
2016/03/10,49.51,50.59,46.84,49.69,0,48.72
2016/03/11,49.51,50.59,46.84,49.69,0,48.72
2016/03/14,49.51,50.59,46.84,49.69,0,48.72
2016/03/15,49.51,50.59,46.84,49.69,0,48.72
2016/03/16,49.51,50.59,46.84,49.69,0,48.72
2016/03/17,48.61,51.61,45.16,50.08,34714592,48.38
2016/03/18,48.37,51.55,48.07,50.41,31554094,49.81
2016/03/21,51.10,55.39,51.04,55.39,23686093,53.21
2016/03/22,56.35,60.01,55.84,57.31,46288708,57.93
2016/03/23,57.31,59.83,55.60,59.71,41187768,57.71
2016/03/24,58.21,59.41,56.41,56.71,27462523,57.91
2016/03/25,56.11,57.10,54.37,56.08,17657708,55.73
2016/03/28,56.71,60.01,55.75,56.35,23596009,57.88
2016/03/29,56.11,56.89,53.14,53.89,15392855,55.02
2016/03/30,54.34,55.60,53.47,55.36,15472267,54.54
2016/03/31,56.41,57.01,54.46,54.58,15141022,55.73
2016/04/01,53.98,54.25,50.92,52.36,16619118,52.59
2016/04/05,52.36,54.01,51.91,53.89,14198011,52.96
2016/04/06,53.11,55.18,52.78,54.64,15608512,53.98
2016/04/07,54.61,54.94,52.21,52.21,12760922,53.57
2016/04/08,51.52,51.73,50.11,50.86,10394984,50.92
2016/04/11,51.49,52.48,51.16,52.48,10050024,51.82
2016/04/12,52.51,52.51,51.01,51.85,7318026,51.76
2016/04/13,52.12,53.53,52.12,52.36,12495322,52.82
2016/04/14,53.29,54.10,52.81,53.50,12269894,53.46
2016/04/15,54.01,54.16,52.57,52.81,8520316,53.36
2016/04/18,52.66,52.66,50.14,50.77,9860691,51.40
2016/04/19,51.16,51.34,50.26,51.04,6155199,50.80
2016/04/20,50.95,51.31,46.00,46.27,15055872,48.66
2016/04/21,46.21,46.93,45.25,45.34,8172353,46.09
2016/04/22,45.37,46.00,44.68,45.82,5763573,45.34
2016/04/25,45.94,46.45,45.49,46.39,5384474,45.97
2016/04/26,46.36,46.66,45.64,46.66,4927624,46.15
2016/04/27,46.75,46.99,45.91,45.97,5597442,46.45
2016/04/28,46.21,46.39,44.08,45.31,6259751,45.23
2016/04/29,45.01,45.25,44.41,44.65,4158852,44.83
2016/05/03,44.98,46.66,44.47,46.63,6662267,45.56
2016/05/04,46.57,47.26,46.15,46.66,7174133,46.70
2016/05/05,46.75,47.92,46.51,47.50,7010415,47.21
2016/05/06,47.11,47.53,44.65,44.65,8122256,46.09
2016/05/09,43.75,43.75,41.14,41.50,7587730,42.45
2016/05/10,41.14,42.10,40.93,41.26,3880890,41.52
2016/05/11,41.86,42.01,39.31,39.43,5805859,40.66
2016/05/12,39.55,39.55,37.66,39.04,4879300,38.60
2016/05/13,39.04,40.06,38.71,39.40,4724394,39.39
2016/05/16,40.06,41.20,40.06,41.08,5605247,40.63
2016/05/17,40.78,41.08,39.97,40.36,4710771,40.52
2016/05/18,40.21,40.21,37.57,38.02,5606156,38.89
2016/05/19,38.05,40.57,38.05,39.16,7791042,39.31
2016/05/20,39.01,40.03,38.44,39.82,4581533,39.23
2016/05/23,40.21,40.66,39.88,40.42,4930475,40.27
2016/05/24,40.51,40.51,39.31,39.61,4046972,39.91
2016/05/25,41.41,43.51,41.26,43.51,5425508,42.38
2016/05/26,42.61,44.50,42.04,44.29,17790900,43.27
2016/05/27,43.51,43.87,42.64,42.76,10188595,43.25
2016/05/30,42.58,42.67,41.56,41.74,6347213,42.12
2016/05/31,42.10,43.78,42.04,43.72,10605389,42.91
2016/06/01,44.14,45.01,43.60,43.66,11561352,44.30
2016/06/02,43.24,44.05,43.03,43.78,7601340,43.54
2016/06/03,44.08,44.38,43.66,43.87,9372190,44.02
2016/06/06,44.02,44.02,43.03,43.60,7403984,43.53
2016/06/07,43.42,44.98,42.70,44.44,10608789,43.84
2016/06/08,44.20,44.26,43.09,43.51,6669364,43.68
2016/06/13,43.42,43.42,39.79,39.82,7808760,41.61
2016/06/14,39.61,40.42,39.16,39.79,5036510,39.79
2016/06/15,39.01,41.32,38.92,40.90,6158600,40.12
2016/06/16,40.90,41.20,40.30,40.96,5228292,40.75
2016/06/17,40.96,41.80,40.48,40.99,4958616,41.14
2016/06/20,40.66,40.99,39.88,40.57,4827004,40.44
2016/06/21,40.90,41.35,40.06,40.39,5298736,40.71
2016/06/22,40.06,41.26,39.91,41.26,4978350,40.58
2016/06/23,40.99,45.34,40.99,45.34,25634909,43.17
2016/06/24,45.61,48.55,44.59,47.47,42449052,46.57
2016/06/27,46.51,49.81,45.94,48.49,30259268,47.88
2016/06/28,47.74,48.31,46.75,47.62,19235687,47.53
2016/06/29,47.65,47.95,46.54,47.14,14386433,47.25
2016/06/30,46.66,48.01,46.21,46.99,13833508,47.11
2016/07/01,46.87,47.05,45.91,46.51,12329408,46.48
2016/07/04,45.91,47.26,45.70,47.11,12535022,46.48
2016/07/05,47.41,47.53,46.36,46.51,11517017,46.95
2016/07/06,46.24,46.72,46.06,46.54,7283336,46.39
2016/07/07,46.57,46.93,45.70,46.18,9493218,46.32
2016/07/08,46.36,46.90,46.09,46.57,10047721,46.50
2016/07/11,46.93,47.08,46.00,46.06,10333322,46.54
2016/07/12,45.64,46.57,44.98,46.57,11082700,45.77
2016/07/13,46.72,47.68,46.72,47.11,14721397,47.20
2016/07/14,46.81,47.26,46.57,46.87,8856189,46.91
2016/07/15,46.84,47.44,45.94,47.44,9707533,46.69
2016/07/18,47.05,48.40,46.93,46.99,14603340,47.66
2016/07/19,46.54,46.93,45.76,46.75,8727200,46.34
2016/07/20,46.60,46.99,46.36,46.72,6117500,46.68
2016/07/21,46.42,49.36,46.21,49.00,23220979,47.79
2016/07/22,48.34,48.61,47.14,47.20,13444617,47.88
2016/07/25,47.32,48.13,46.33,46.51,8715684,47.23
2016/07/26,46.51,47.11,46.27,46.87,6095800,46.69
2016/07/27,46.99,47.05,42.49,42.58,14496500,44.77
2016/07/28,43.06,43.36,41.74,42.88,7294300,42.55
2016/07/29,42.85,43.18,41.95,42.49,4505700,42.57
2016/08/01,42.01,42.10,40.57,41.62,5635747,41.34
2016/08/02,41.71,42.67,41.53,42.67,5602636,42.10
2016/08/03,42.91,43.12,42.01,42.19,4088473,42.56
2016/08/04,42.01,42.52,41.98,42.52,3156216,42.25
2016/08/05,42.31,42.58,41.44,41.59,4211103,42.01
2016/08/08,41.59,42.52,40.54,42.25,4220182,41.53
