Date, SZ002340.Open, SZ002340.High, SZ002340.Low, SZ002340.Close, SZ002340.Volume, SZ002340.Adjusted
2010/01/22,52.18,58.50,52.02,56.71,16206597,55.06
2010/01/25,56.00,61.49,53.01,54.30,7786642,57.14
2010/01/26,55.16,59.73,53.48,58.20,6731542,57.89
2010/01/27,59.31,62.42,57.66,60.50,4867204,59.77
2010/01/28,58.90,61.59,56.10,60.50,5226460,58.61
2010/01/29,59.70,65.00,59.55,63.40,3680783,62.85
2010/02/01,62.50,65.39,61.18,62.70,2983279,63.00
2010/02/02,62.70,63.99,61.00,62.20,2230735,62.37
2010/02/03,61.46,61.80,58.12,59.32,3212936,59.99
2010/02/04,58.99,60.27,57.60,59.77,2038344,58.99
2010/02/05,58.28,59.99,57.60,59.31,1295841,58.86
2010/02/08,59.34,59.90,55.37,56.20,1790024,57.61
2010/02/09,55.40,57.19,54.60,56.23,1274667,55.61
2010/02/10,56.51,57.50,56.02,56.88,586752,56.91
2010/02/11,56.70,57.45,55.15,56.81,907176,56.24
2010/02/12,56.81,57.95,56.19,57.40,1066686,57.43
2010/02/22,57.01,58.45,55.98,57.20,1041660,57.37
2010/02/23,56.60,59.98,56.60,59.72,1087432,58.91
2010/02/24,59.29,60.88,59.29,60.40,1131851,60.06
2010/02/25,60.28,63.05,60.09,62.10,1330863,61.81
2010/02/26,60.28,63.05,60.09,62.10,0,61.57
2010/03/01,62.28,63.47,61.22,62.09,1048689,62.14
2010/03/02,62.07,63.77,61.68,62.40,1200425,62.64
2010/03/03,62.00,62.00,60.00,61.08,1440816,60.99
2010/03/04,61.55,62.70,60.62,61.70,1414759,61.49
2010/03/05,61.30,64.74,61.10,62.83,1712409,62.92
2010/03/08,63.00,63.45,61.89,62.77,765394,62.59
2010/03/09,63.15,63.80,61.01,62.79,714254,62.23
2010/03/10,62.50,63.32,60.28,60.39,837474,61.40
2010/03/11,60.00,61.25,59.30,61.05,660511,60.63
2010/03/12,60.75,62.90,60.22,61.40,1030993,61.70
2010/03/15,60.80,67.54,60.66,65.60,2880258,65.37
2010/03/16,64.16,65.20,63.20,64.45,1575004,64.08
2010/03/17,64.40,66.88,63.85,66.20,1059110,65.47
2010/03/18,66.12,68.60,65.55,66.22,1147821,66.89
2010/03/19,66.30,67.45,65.88,66.50,855427,66.43
2010/03/22,66.64,67.75,64.80,65.79,951522,66.01
2010/03/23,65.90,70.50,65.90,69.57,2156033,68.63
2010/03/24,69.27,72.80,68.66,71.40,1710930,70.94
2010/03/25,71.02,73.79,70.01,71.47,1154665,71.99
2010/03/26,70.68,74.28,69.68,73.68,1001282,72.01
2010/03/29,74.00,78.88,73.02,78.88,1335192,75.84
2010/03/30,78.38,80.80,77.80,78.91,1307641,79.27
2010/03/31,78.18,81.75,78.18,80.92,994292,79.67
2010/04/01,80.88,86.17,80.70,80.92,1361368,83.34
2010/04/02,80.11,81.58,77.70,80.47,1270815,79.09
2010/04/06,80.66,83.45,79.50,83.10,1161851,82.11
2010/04/07,83.11,83.11,81.03,83.10,610188,82.29
2010/04/08,83.31,85.12,81.23,81.30,741870,83.03
2010/04/09,80.50,82.92,80.24,81.51,705674,81.04
2010/04/12,81.99,82.00,79.02,80.50,1277170,80.03
2010/04/13,80.11,80.11,75.53,75.98,1854482,76.87
2010/04/14,75.28,78.45,74.41,77.59,929704,77.01
2010/04/15,78.18,79.39,75.25,75.97,922750,77.30
2010/04/16,76.60,77.32,74.53,76.60,616012,76.09
2010/04/19,76.20,78.88,75.05,78.20,1159729,77.35
2010/04/20,77.60,77.70,73.00,75.98,1017926,75.44
2010/04/21,75.90,83.58,75.05,80.98,1936828,80.60
2010/04/22,80.16,84.90,79.36,82.58,2893611,81.41
2010/04/23,82.50,85.55,80.99,84.00,1885834,83.60
2010/04/26,84.84,92.40,84.84,92.40,3859470,90.86
2010/04/27,88.87,88.90,83.16,83.16,2121138,84.70
2010/04/28,80.80,81.98,74.84,76.00,3082623,78.09
2010/04/29,75.00,78.35,70.89,70.89,2504588,74.52
2010/04/30,70.08,73.40,69.00,72.32,1774706,71.24
2010/05/04,69.50,72.77,68.70,71.35,923969,71.04
2010/05/05,69.68,74.76,68.90,73.80,1353091,72.08
2010/05/06,69.68,74.76,68.90,73.80,0,71.83
2010/05/07,69.88,73.50,68.00,68.00,1653764,70.55
2010/05/10,67.30,68.59,63.52,65.28,1382769,65.69
2010/05/11,67.36,67.52,63.50,63.50,974127,65.75
2010/05/12,62.40,65.97,62.40,64.78,1305187,64.42
2010/05/13,64.90,65.96,61.78,65.81,1222946,63.54
2010/05/14,65.30,67.46,63.62,66.80,1220094,65.92
2010/05/17,65.30,66.66,63.35,63.90,938172,65.01
2010/05/18,64.51,66.16,62.12,65.65,1044435,64.35
2010/05/19,64.99,69.48,64.51,67.90,1183177,67.11
2010/05/20,67.20,68.80,66.03,67.06,730303,67.43
2010/05/21,64.60,70.80,64.02,69.75,1106677,68.47
2010/05/24,71.00,73.15,69.88,72.10,1339924,71.65
2010/05/25,72.10,73.14,71.11,72.15,951402,72.10
2010/05/26,72.17,72.80,70.00,70.65,733168,71.38
2010/05/27,70.17,74.38,70.08,73.60,1092391,72.81
2010/05/28,75.80,75.80,71.98,73.69,927157,73.50
2010/05/31,73.00,74.38,71.70,72.00,1374218,72.72
2010/06/01,70.52,71.50,66.20,67.70,1329300,68.15
2010/06/02,66.90,68.29,65.88,68.04,820112,67.18
2010/06/03,68.22,69.80,67.67,68.00,661938,68.65
2010/06/04,67.49,68.00,66.08,68.00,677346,67.16
2010/06/07,66.50,69.30,66.20,68.80,837487,68.00
2010/06/08,69.00,71.70,69.00,70.93,1131454,70.83
2010/06/09,71.88,72.25,70.61,71.52,779557,71.40
2010/06/10,71.62,74.60,71.51,73.99,1177045,73.55
2010/06/11,74.68,75.93,74.67,75.70,1384885,75.35
2010/06/17,77.00,79.90,73.60,75.70,2008897,76.75
2010/06/18,74.00,75.52,71.03,71.61,1202779,73.17
2010/06/21,70.51,75.97,70.51,75.15,1312826,73.24
2010/06/22,75.40,76.36,74.01,75.15,1203844,75.19
2010/06/23,74.40,75.70,73.10,75.18,1000466,74.40
2010/06/24,75.05,77.66,74.34,76.47,1573669,76.00
2010/06/25,76.49,76.96,71.54,72.45,1592522,74.25
2010/06/28,72.00,73.00,67.64,68.85,1359126,70.32
2010/06/29,68.42,69.07,64.00,64.73,1101191,66.53
2010/06/30,62.02,65.96,62.02,65.51,845859,63.99
2010/07/01,65.31,66.08,62.71,64.01,874817,64.39
2010/07/02,64.00,64.01,58.55,61.27,1962972,61.28
2010/07/05,58.93,61.40,58.68,60.69,696626,60.04
2010/07/06,61.14,63.47,60.22,62.96,738814,61.84
2010/07/07,62.57,64.62,62.57,63.65,758758,63.60
2010/07/08,63.38,64.65,62.70,64.23,723283,63.68
2010/07/09,63.87,66.90,63.12,66.21,1042603,65.01
2010/07/12,66.22,69.45,66.21,67.19,1231025,67.83
2010/07/13,66.60,66.99,64.16,66.60,1236857,65.57
2010/07/14,66.86,69.20,66.63,67.51,1027817,67.91
2010/07/15,66.67,69.53,66.48,66.94,1210776,68.01
2010/07/16,66.48,68.19,65.50,68.10,653930,66.84
2010/07/19,67.24,69.40,66.65,69.06,1015627,68.03
2010/07/20,69.20,71.24,69.10,70.63,1269292,70.17
2010/07/21,70.67,72.01,69.85,69.99,1114159,70.93
2010/07/22,69.85,70.63,69.24,70.24,682845,69.93
2010/07/23,70.25,71.15,69.07,70.11,758663,70.11
2010/07/26,70.50,71.02,69.60,70.24,757737,70.31
2010/07/27,70.44,70.44,69.34,69.54,686807,69.89
2010/07/28,69.33,70.97,69.33,70.89,857980,70.15
2010/07/29,69.33,70.97,69.33,70.89,0,70.15
2010/07/30,70.10,73.36,69.85,72.84,1175354,71.60
2010/08/02,72.93,73.06,71.80,72.97,1078953,72.43
2010/08/03,73.09,74.08,71.81,71.93,1171551,72.95
2010/08/04,72.45,73.67,71.16,73.36,1006240,72.41
2010/08/05,72.97,74.44,72.84,73.82,1124708,73.64
2010/08/06,73.49,74.66,72.18,74.11,1012682,73.42
2010/08/09,73.79,75.96,73.79,75.88,1033126,74.88
2010/08/10,75.84,76.16,73.11,73.49,1173985,74.63
2010/08/11,73.20,74.24,72.85,73.49,658779,73.54
2010/08/12,72.85,74.58,72.39,72.48,764299,73.48
2010/08/13,72.32,73.10,71.09,73.10,761147,72.09
2010/08/16,72.58,74.76,72.58,74.70,847255,73.67
2010/08/17,74.73,77.23,74.50,75.51,1642394,75.87
2010/08/18,74.80,75.25,73.36,74.01,1095306,74.30
2010/08/19,74.08,74.69,72.32,73.36,1343180,73.50
2010/08/20,73.28,73.28,70.50,70.50,1272703,71.89
2010/08/23,70.24,71.27,69.67,70.83,731669,70.47
2010/08/24,70.53,71.64,70.07,70.83,577061,70.85
2010/08/25,70.89,72.44,70.32,70.37,817954,71.38
2010/08/26,70.38,71.33,70.02,70.24,774479,70.67
2010/08/27,70.50,70.76,69.85,70.64,596897,70.30
2010/08/30,71.67,76.35,71.67,75.45,2360638,74.01
2010/08/31,75.14,77.46,74.14,76.22,1831262,75.80
2010/09/01,76.22,77.23,72.84,73.69,1953582,75.04
2010/09/02,74.22,77.39,73.69,77.09,2016068,75.54
2010/09/03,74.22,77.39,73.69,77.09,0,75.54
2010/09/06,78.04,78.63,75.31,75.84,1500043,76.97
2010/09/07,75.80,76.35,73.76,74.79,1093540,75.05
2010/09/08,74.37,77.39,74.14,76.77,1496985,75.77
2010/09/09,76.87,79.05,75.15,75.52,1732560,77.10
2010/09/10,75.25,76.84,74.21,76.06,1048257,75.52
2010/09/13,75.77,76.94,75.77,76.29,789490,76.35
2010/09/14,76.70,76.70,74.79,75.67,1104313,75.75
2010/09/15,75.53,75.61,72.45,72.52,1286759,74.03
2010/09/16,73.56,75.64,73.10,74.27,1770844,74.37
2010/09/17,74.48,75.05,72.41,72.45,1129613,73.73
2010/09/20,72.46,73.07,71.12,71.16,676979,72.09
2010/09/21,71.67,71.70,67.90,68.55,966454,69.80
2010/09/27,68.62,70.63,68.62,70.47,600515,69.63
2010/09/28,70.44,71.61,69.53,69.80,538117,70.57
2010/09/29,69.79,69.98,68.88,68.93,539832,69.43
2010/09/30,68.91,70.37,68.30,70.27,399677,69.34
2010/10/08,71.14,74.73,71.14,73.69,1119110,72.94
2010/10/11,74.41,75.05,72.46,74.08,1517192,73.75
2010/10/12,74.08,77.12,72.63,76.35,2384201,74.88
2010/10/13,76.35,77.00,74.61,75.44,1512791,75.80
2010/10/14,76.19,76.19,73.26,74.79,1249096,74.73
2010/10/15,74.60,82.24,73.50,82.24,3388002,77.87
2010/10/18,84.64,89.96,81.30,82.20,4268188,85.63
2010/10/19,83.06,85.71,80.90,83.47,1894935,83.30
2010/10/20,82.07,85.52,80.91,85.00,2295712,83.21
2010/10/21,84.79,87.40,83.34,84.31,1658374,85.37
2010/10/22,84.02,84.35,81.63,82.53,1437199,82.99
2010/10/25,82.59,86.75,81.62,85.11,1947824,84.19
2010/10/26,84.15,87.40,83.70,84.44,1525142,85.55
2010/10/27,83.63,84.07,81.65,81.93,1787699,82.86
2010/10/28,81.39,82.30,80.35,81.23,1152403,81.32
2010/10/29,81.29,83.47,81.13,82.99,1062946,82.30
2010/11/01,82.99,87.27,82.99,86.20,1832639,85.13
2010/11/02,86.50,91.89,86.50,87.92,2807934,89.20
2010/11/03,87.83,89.38,84.93,85.02,1497905,87.16
2010/11/04,84.80,88.25,84.46,86.93,1288667,86.35
2010/11/05,89.61,91.04,88.25,89.56,1730567,89.65
2010/11/08,89.56,92.60,88.75,90.86,1471466,90.67
2010/11/09,90.86,90.99,89.48,89.91,961376,90.23
2010/11/10,89.73,90.22,88.35,89.92,904375,89.28
2010/11/11,89.74,92.60,88.57,88.57,1326763,90.58
2010/11/12,87.83,87.83,81.42,83.37,1756407,84.63
2010/11/15,83.42,85.23,82.46,85.13,1070666,83.84
2010/11/16,85.13,86.00,79.30,81.42,1091340,82.65
2010/11/17,80.64,82.46,79.30,80.87,641893,80.88
2010/11/18,82.04,82.59,79.63,81.23,505906,81.11
2010/11/19,81.76,82.68,80.03,82.43,795236,81.36
2010/11/22,81.23,83.03,80.90,81.77,1541993,81.97
2010/11/23,82.17,84.74,81.56,84.74,1490296,83.15
2010/11/24,83.76,87.39,82.98,86.87,1350369,85.19
2010/11/25,87.01,87.39,81.65,84.41,1492546,84.52
2010/11/26,84.38,84.46,82.72,83.63,831665,83.59
2010/11/29,83.76,83.86,80.89,83.37,1022026,82.38
2010/11/30,82.20,83.50,79.47,80.12,1342984,81.48
2010/12/01,80.77,80.89,79.42,80.56,488656,80.16
2010/12/02,81.24,82.58,80.90,82.27,690745,81.74
2010/12/03,82.25,82.27,80.90,82.20,745462,81.59
2010/12/06,82.90,82.90,78.04,78.33,786637,80.47
2010/12/07,78.43,79.11,76.32,78.85,589940,77.71
2010/12/08,78.65,79.86,78.31,78.63,507284,79.09
2010/12/09,78.30,79.86,78.30,78.30,416337,79.08
2010/12/10,78.30,79.52,78.30,78.82,726189,78.91
2010/12/13,79.41,83.24,79.41,82.81,1194467,81.32
2010/12/14,82.71,82.94,81.51,82.66,878671,82.23
2010/12/15,82.53,83.37,81.78,82.28,534322,82.58
2010/12/16,82.29,84.14,82.29,82.84,585025,83.22
2010/12/17,82.98,84.02,82.33,82.85,516278,83.17
2010/12/20,83.24,83.50,78.17,79.99,934892,80.84
2010/12/21,80.72,80.72,79.64,80.48,362908,80.18
2010/12/22,80.48,81.13,79.99,80.74,339108,80.56
2010/12/23,84.80,88.05,82.20,82.94,1958354,85.13
2010/12/24,82.20,82.20,79.08,79.38,1044183,80.64
2010/12/27,78.95,81.78,77.36,77.39,742068,79.57
2010/12/28,76.99,77.64,76.35,77.00,398151,76.99
2010/12/29,77.88,79.25,77.65,78.43,386914,78.45
2010/12/30,78.95,83.50,78.95,81.42,1324348,81.23
2010/12/31,80.90,83.49,80.38,82.81,964622,81.93
2011/01/04,83.58,83.89,82.69,83.31,784198,83.29
2011/01/05,83.63,86.49,83.50,84.36,1350186,84.99
2011/01/06,84.40,85.13,82.67,84.42,876764,83.90
2011/01/07,84.16,84.16,81.81,81.89,942606,82.98
2011/01/10,81.55,82.98,78.37,78.70,614278,80.68
2011/01/11,78.70,80.60,78.30,79.60,392935,79.45
2011/01/12,80.25,80.25,78.53,78.94,296016,79.39
2011/01/13,79.03,80.64,78.56,79.02,318343,79.60
2011/01/14,79.15,79.16,76.64,77.00,460037,77.90
2011/01/17,76.71,76.71,72.45,72.66,611666,74.58
2011/01/18,72.84,73.62,71.83,72.19,241322,72.73
2011/01/19,71.62,73.49,71.28,73.36,387140,72.38
2011/01/20,73.32,73.32,70.37,70.41,350087,71.84
2011/01/21,70.36,71.22,69.85,69.98,350415,70.53
2011/01/24,69.98,71.27,65.30,65.43,541466,68.28
2011/01/25,64.13,65.92,61.43,65.29,427064,63.68
2011/01/26,64.39,67.12,64.39,65.98,498885,65.76
2011/01/27,65.95,68.55,64.65,67.37,402647,66.60
2011/01/28,66.78,67.90,66.08,66.86,609640,66.99
2011/01/31,66.86,67.69,66.25,67.13,1318069,66.97
2011/02/01,67.87,67.87,66.34,66.68,516857,67.11
2011/02/09,65.64,67.04,65.30,65.76,479947,66.17
2011/02/10,65.81,67.74,64.65,67.67,691270,66.20
2011/02/11,72.68,73.33,69.60,70.23,1575765,71.46
2011/02/14,70.49,75.05,70.49,74.86,1871164,72.77
2011/02/15,74.86,75.56,73.32,74.56,1339652,74.44
2011/02/16,73.75,74.91,72.81,74.84,829750,73.86
2011/02/17,74.84,75.02,73.88,74.47,560562,74.45
2011/02/18,74.47,74.92,72.84,73.23,558405,73.88
2011/02/21,72.93,74.34,72.71,74.11,558783,73.52
2011/02/22,74.40,76.61,73.75,73.88,795983,75.18
2011/02/23,73.61,75.18,73.22,74.40,601682,74.20
2011/02/24,74.83,77.43,74.80,76.42,934189,76.12
2011/02/25,75.73,76.29,73.10,74.48,765212,74.70
2011/02/28,74.40,74.76,73.10,74.27,546921,73.93
2011/03/01,74.40,75.69,73.75,74.66,668759,74.72
2011/03/02,74.79,76.13,74.21,75.54,750032,75.17
2011/03/03,75.49,75.70,72.45,72.65,855307,74.08
2011/03/04,72.65,73.88,72.65,73.26,379845,73.27
2011/03/07,73.11,73.69,72.87,73.69,736217,73.28
2011/03/08,74.40,75.04,73.75,74.14,742132,74.40
2011/03/09,74.01,74.66,72.52,74.53,1915520,73.59
2011/03/10,74.56,76.03,73.49,73.59,1332945,74.76
2011/03/11,73.49,73.58,72.58,72.61,629171,73.08
2011/03/14,72.57,72.57,70.88,71.27,895926,71.72
2011/03/15,71.22,71.22,68.76,69.84,844702,69.99
2011/03/16,69.98,70.98,69.07,70.92,707935,70.02
2011/03/17,70.47,70.47,68.65,68.76,614319,69.56
2011/03/18,68.95,69.85,68.95,69.16,324672,69.40
2011/03/21,68.03,69.46,68.03,69.46,266587,68.74
2011/03/22,69.63,70.44,68.55,70.37,391774,69.49
2011/03/23,70.50,70.94,70.12,70.86,479763,70.53
2011/03/24,71.15,72.06,70.50,71.05,541420,71.28
2011/03/25,71.53,72.06,70.50,72.03,722491,71.28
2011/03/28,73.30,73.49,71.67,71.67,753628,72.58
2011/03/29,71.54,71.54,68.82,69.17,602647,70.18
2011/03/30,69.17,69.17,67.74,68.17,463196,68.45
2011/03/31,68.75,69.17,67.74,68.55,284554,68.45
2011/04/01,68.55,69.20,68.04,68.91,283527,68.62
2011/04/06,68.75,69.98,68.10,69.36,380038,69.04
2011/04/07,69.24,69.92,68.13,68.65,567844,69.02
2011/04/08,68.68,69.84,68.33,69.80,403769,69.09
2011/04/11,70.38,70.75,68.94,69.12,449161,69.84
2011/04/12,68.52,69.07,67.64,67.77,815773,68.35
2011/04/13,67.64,68.20,66.96,68.03,301489,67.58
2011/04/14,68.07,68.37,67.38,68.13,284846,67.88
2011/04/15,68.29,68.36,67.47,68.17,288395,67.91
2011/04/18,68.29,68.36,67.47,68.17,0,67.91
2011/04/19,68.16,68.25,64.92,65.56,779553,66.59
2011/04/20,65.50,66.29,65.12,66.15,430061,65.71
2011/04/21,66.20,66.41,65.56,65.90,421070,65.98
2011/04/22,66.44,67.61,65.69,66.15,750043,66.65
2011/04/25,66.29,66.39,64.85,65.07,434272,65.62
2011/04/26,65.79,65.79,62.93,62.96,973706,64.36
2011/04/27,63.84,63.84,62.69,62.83,479926,63.27
2011/04/28,63.34,63.84,61.36,61.40,610130,62.60
2011/04/29,61.40,62.05,59.16,60.74,435177,60.60
2011/05/03,60.75,61.73,60.11,61.66,294499,60.92
2011/05/04,60.98,61.40,60.49,60.58,229672,60.95
2011/05/05,60.58,61.40,59.61,61.27,244439,60.50
2011/05/06,60.62,61.40,60.23,61.08,309478,60.81
2011/05/09,61.86,63.40,61.24,62.22,462475,62.32
2011/05/10,62.12,62.61,60.10,62.18,333185,61.36
2011/05/11,62.43,63.01,62.18,62.25,304542,62.59
2011/05/12,62.15,62.15,60.46,60.61,352610,61.30
2011/05/13,60.69,61.10,59.68,60.23,677664,60.39
2011/05/16,60.26,62.01,59.97,60.76,510811,60.99
2011/05/17,60.36,61.88,59.97,61.23,506081,60.93
2011/05/18,61.24,61.66,60.92,61.32,338497,61.29
2011/05/19,61.66,61.74,61.11,61.32,316756,61.43
2011/05/20,61.40,63.35,61.40,63.17,1047392,62.38
2011/05/23,63.52,63.68,60.17,60.63,675505,61.93
2011/05/24,60.49,61.36,58.55,60.37,463231,59.95
2011/05/25,60.36,60.78,58.61,59.27,333226,59.70
2011/05/26,59.45,59.71,57.58,57.58,762566,58.64
2011/05/27,56.72,57.68,56.38,56.56,543816,57.03
2011/05/30,56.41,56.41,53.73,53.94,991969,55.07
2011/05/31,53.73,55.50,53.68,55.03,678701,54.59
2011/06/01,53.73,55.50,53.68,55.03,0,54.59
2011/06/02,53.73,55.50,53.68,55.03,0,54.59
2011/06/03,53.73,55.50,53.68,55.03,0,54.59
2011/06/07,53.73,55.50,53.68,55.03,0,54.59
2011/06/08,53.73,55.50,53.68,55.03,0,54.59
2011/06/09,60.49,60.49,58.20,60.49,12571523,59.35
2011/06/10,58.93,60.44,57.11,58.25,6576447,58.77
2011/06/13,57.63,57.94,54.85,56.12,4768938,56.39
2011/06/14,55.99,57.37,55.55,56.59,2789655,56.46
2011/06/15,56.69,57.24,54.77,55.03,3346787,56.01
2011/06/16,54.25,54.67,52.38,52.40,3393571,53.53
2011/06/17,52.40,52.61,50.69,50.74,2199631,51.65
2011/06/20,50.56,51.36,49.52,50.25,1571562,50.44
2011/06/21,50.82,51.47,50.06,51.42,1411120,50.77
2011/06/22,51.49,51.70,50.61,50.87,1237957,51.16
2011/06/23,50.64,52.46,50.22,52.33,2009383,51.34
2011/06/24,52.27,54.77,51.91,54.04,3209595,53.34
2011/06/27,52.27,54.77,51.91,54.04,0,53.34
2011/06/28,55.37,57.60,55.37,55.76,3956246,56.48
2011/06/29,55.78,56.04,54.51,54.51,2525293,55.27
2011/06/30,54.15,55.50,54.15,55.19,1495843,54.82
2011/07/01,55.19,56.02,55.03,55.78,1819269,55.53
2011/07/04,55.97,58.90,55.97,58.41,4150482,57.43
2011/07/05,58.62,60.49,58.41,59.19,4314877,59.45
2011/07/06,58.67,65.07,58.41,65.07,8060604,61.74
2011/07/07,65.43,69.12,64.91,66.76,11014310,67.02
2011/07/08,66.42,66.57,65.14,65.79,4695003,65.85
2011/07/11,65.43,65.92,64.31,65.30,3290558,65.12
2011/07/12,64.55,66.52,64.31,64.73,3854436,65.41
2011/07/13,64.55,67.77,64.39,66.57,4105192,66.08
2011/07/14,66.70,68.52,65.59,66.89,3771082,67.05
2011/07/15,67.12,70.58,67.12,69.67,6493564,68.85
2011/07/18,70.01,70.37,67.41,67.59,4304904,68.89
2011/07/19,66.73,66.73,64.91,65.22,3675725,65.82
2011/07/20,65.72,66.99,65.25,66.00,2781159,66.12
2011/07/21,66.00,66.00,64.26,64.39,2360218,65.13
2011/07/22,64.73,65.38,63.66,65.09,1780565,64.52
2011/07/25,64.65,64.68,61.53,61.79,2936305,63.11
2011/07/26,61.82,63.56,61.27,62.96,1678138,62.42
2011/07/27,63.25,65.40,62.78,64.75,2576722,64.09
2011/07/28,63.87,66.37,63.74,66.21,2481854,65.06
2011/07/29,66.18,67.15,64.42,64.60,1757227,65.79
2011/08/01,64.31,65.92,63.35,65.04,1478366,64.64
2011/08/02,65.01,66.16,62.52,65.74,2071025,64.34
2011/08/03,64.99,66.68,64.96,66.18,2159564,65.82
2011/08/04,66.16,66.44,64.96,65.22,1772540,65.70
2011/08/05,62.96,64.60,62.57,63.30,2002806,63.58
2011/08/08,62.00,62.57,57.11,59.40,3175138,59.84
2011/08/09,57.63,60.67,55.81,60.10,2090492,58.24
2011/08/10,61.09,63.04,60.78,62.67,2393977,61.91
2011/08/11,61.30,66.08,61.04,65.43,3772524,63.56
2011/08/12,65.56,66.78,64.75,66.03,2841402,65.77
2011/08/15,66.16,68.81,65.48,67.28,3274029,67.15
2011/08/16,67.93,68.50,66.08,66.42,2169299,67.29
2011/08/17,66.42,68.03,65.56,66.94,2037808,66.80
2011/08/18,66.94,68.94,66.47,67.74,3106807,67.70
2011/08/19,66.73,67.51,65.43,66.44,1767917,66.47
2011/08/22,66.86,68.42,66.08,66.29,3111619,67.25
2011/08/23,66.39,67.51,65.17,66.37,2278901,66.34
2011/08/24,67.02,68.29,65.95,67.28,2758504,67.12
2011/08/25,67.30,68.29,66.39,68.26,3534198,67.34
2011/08/26,68.16,69.07,67.43,68.21,3197276,68.25
2011/08/29,68.21,68.21,66.68,66.73,2207552,67.45
2011/08/30,67.67,67.67,65.43,65.43,1771559,66.55
2011/08/31,65.79,65.95,62.96,63.61,2604041,64.46
2011/09/01,64.21,64.26,62.83,63.84,1201406,63.55
2011/09/02,64.34,66.70,64.08,65.04,2544094,65.39
2011/09/05,64.23,64.23,61.79,61.79,1819678,63.01
2011/09/06,61.11,61.69,60.18,60.59,921984,60.93
2011/09/07,61.09,62.75,60.83,62.39,1057199,61.79
2011/09/08,63.74,64.81,62.62,62.62,1730889,63.71
2011/09/09,62.62,63.71,62.41,62.41,811903,63.06
2011/09/13,61.27,61.48,59.32,60.46,1047269,60.40
2011/09/14,60.96,61.17,59.71,61.17,763269,60.44
2011/09/15,61.74,64.05,61.35,62.36,1789246,62.70
2011/09/16,62.52,63.27,62.21,62.28,682180,62.74
2011/09/19,61.50,62.44,61.27,61.30,708474,61.86
2011/09/20,62.00,63.22,61.74,63.14,1725824,62.48
2011/09/21,64.13,66.18,62.83,66.18,3655207,64.51
2011/09/22,65.90,65.90,62.88,62.96,3347029,64.39
2011/09/23,61.50,63.06,60.54,62.41,1930928,61.80
2011/09/26,61.37,63.06,61.30,61.79,1217766,62.18
2011/09/27,62.44,62.57,59.84,61.58,1806507,61.21
2011/09/28,62.78,62.80,60.83,61.22,1029618,61.81
2011/09/29,61.01,61.01,57.89,57.92,1963646,59.45
2011/09/30,57.71,58.90,57.50,58.25,646817,58.20
2011/10/10,58.67,59.71,58.15,58.41,584140,58.93
2011/10/11,59.92,60.70,57.63,58.25,753472,59.17
2011/10/12,57.89,60.18,57.86,60.05,1048349,59.02
2011/10/13,60.07,61.27,59.76,60.62,1124129,60.52
2011/10/14,60.26,60.83,59.66,60.05,672457,60.24
2011/10/17,60.18,61.04,59.45,59.89,1064820,60.25
2011/10/18,58.93,59.61,57.58,57.63,1097562,58.59
2011/10/19,57.92,60.23,57.63,58.57,1137856,58.93
2011/10/20,58.54,58.90,56.80,58.57,835146,57.85
2011/10/21,58.57,59.84,57.63,57.84,1026993,58.74
2011/10/24,57.84,58.41,54.46,57.76,1556731,56.43
2011/10/25,57.71,59.63,55.81,59.22,1613887,57.72
2011/10/26,58.75,61.53,58.41,59.92,3087990,59.97
2011/10/27,60.26,63.97,59.92,62.18,7785099,61.95
2011/10/28,63.12,67.56,63.12,66.39,9178035,65.34
2011/10/31,66.26,69.51,64.91,66.34,7895658,67.21
2011/11/01,65.43,68.42,64.91,68.03,7220488,66.66
2011/11/02,66.39,70.63,66.39,70.58,7542471,68.51
2011/11/03,72.01,73.13,68.03,68.19,12268048,70.58
2011/11/04,68.19,69.33,66.60,69.33,5946826,67.96
2011/11/07,72.06,72.97,69.33,69.75,8629774,71.15
2011/11/08,68.52,68.94,67.09,67.30,4618585,68.02
2011/11/09,67.64,68.45,65.85,68.42,3946262,67.15
2011/11/10,67.15,71.38,67.15,69.59,9965135,69.27
2011/11/11,69.54,69.80,67.51,67.95,4953590,68.66
2011/11/14,68.84,70.84,68.84,69.69,6184282,69.84
2011/11/15,69.85,73.72,69.85,73.18,9990279,71.78
2011/11/16,73.23,73.36,70.68,71.02,7070786,72.02
2011/11/17,70.97,73.00,70.63,71.41,5063428,71.81
2011/11/18,70.86,70.86,67.22,68.00,5170765,69.04
2011/11/21,68.03,68.03,65.12,66.47,4326554,66.58
2011/11/22,65.74,67.43,65.17,67.25,2865395,66.30
2011/11/23,67.20,67.64,65.95,65.95,2488334,66.80
2011/11/24,65.07,67.90,64.65,66.78,3406037,66.28
2011/11/25,66.78,67.82,66.29,66.70,2361337,67.05
2011/11/28,67.12,67.59,66.24,67.35,2025469,66.91
2011/11/29,68.03,68.65,67.25,67.72,2932751,67.95
2011/11/30,68.42,69.90,63.87,65.59,6094961,66.89
2011/12/01,68.16,70.89,67.20,69.20,7193613,69.05
2011/12/02,68.76,69.07,67.41,68.06,3200984,68.24
2011/12/05,67.95,67.95,64.13,64.21,3384375,66.04
2011/12/06,62.88,65.59,62.88,64.52,2486269,64.24
2011/12/07,64.52,65.40,63.12,63.53,1775927,64.26
2011/12/08,63.22,65.30,62.31,64.39,2469515,63.80
2011/12/09,63.82,65.14,63.35,64.39,1911222,64.25
2011/12/12,63.64,64.34,60.13,61.01,3666313,62.24
2011/12/13,60.36,60.83,58.15,58.96,2979243,59.49
2011/12/14,58.93,59.58,57.16,57.60,1501065,58.37
2011/12/15,56.85,58.41,56.36,57.29,2363168,57.38
2011/12/16,58.02,60.26,57.50,60.26,2061364,58.88
2011/12/19,60.23,60.96,58.93,60.23,3358045,59.95
2011/12/20,60.23,60.62,57.11,57.47,3699718,58.86
2011/12/21,58.02,58.33,54.15,54.25,3438431,56.24
2011/12/22,53.99,54.22,49.62,52.87,4190442,51.92
2011/12/23,52.07,53.89,51.86,52.61,2604201,52.88
2011/12/26,52.46,53.47,51.65,53.11,1884500,52.56
2011/12/27,53.11,53.11,50.40,50.61,1698921,51.75
2011/12/28,50.35,50.35,47.88,49.57,1940370,49.12
2011/12/29,48.92,50.35,48.92,49.78,1114576,49.64
2011/12/30,50.35,51.26,50.35,51.13,1148987,50.80
2012/01/04,51.78,51.81,49.52,50.35,1841983,50.67
2012/01/05,50.61,52.77,49.08,49.26,3269342,50.93
2012/01/06,48.63,50.58,47.15,49.96,1955193,48.86
2012/01/09,50.09,52.09,49.10,51.86,3413236,50.60
2012/01/10,52.25,55.03,51.86,54.25,5190622,53.45
2012/01/11,53.99,54.95,53.21,54.20,3223090,54.08
2012/01/12,53.73,55.00,53.34,54.35,2701628,54.17
2012/01/13,54.33,54.33,50.82,51.21,3862311,52.57
2012/01/16,50.30,50.51,48.06,48.22,1883448,49.29
2012/01/17,47.96,52.46,47.96,52.38,2786318,50.21
2012/01/18,52.90,54.77,49.99,50.61,4572828,52.38
2012/01/19,50.61,52.17,49.34,51.36,2254155,50.76
2012/01/20,51.39,53.13,51.21,52.22,2151134,52.17
2012/01/30,52.56,52.72,51.10,51.26,1801726,51.91
2012/01/31,50.74,51.13,49.36,49.86,2230531,50.25
2012/02/01,49.83,51.13,49.67,49.99,1972657,50.40
2012/02/02,49.73,51.10,49.73,50.92,1378443,50.41
2012/02/03,51.00,53.13,50.66,52.30,3375863,51.89
2012/02/06,51.94,54.20,51.94,52.87,3738904,53.07
2012/02/07,52.51,53.18,51.52,52.01,2619933,52.35
2012/02/08,52.12,54.54,51.44,54.22,3924086,52.99
2012/02/09,54.20,54.64,53.68,53.96,3516403,54.16
2012/02/10,53.73,54.74,53.47,53.91,2530297,54.11
2012/02/13,53.24,55.76,52.85,54.82,3251329,54.30
2012/02/14,55.03,55.03,53.60,54.17,1734526,54.32
2012/02/15,54.17,55.34,53.42,54.80,3259699,54.38
2012/02/16,54.64,54.93,53.78,54.43,2657475,54.36
2012/02/17,54.64,55.24,53.86,55.03,2876095,54.55
2012/02/20,56.12,56.12,54.56,54.56,3328192,55.34
2012/02/21,54.51,54.93,53.34,54.85,3084862,54.14
2012/02/22,54.64,57.11,54.64,56.93,6457508,55.88
2012/02/23,57.37,59.16,57.16,58.51,8066365,58.16
2012/02/24,59.03,59.03,57.79,59.03,6210283,58.41
2012/02/27,59.24,60.75,58.96,59.45,6573662,59.86
2012/02/28,59.01,61.27,58.93,60.23,4999612,60.10
2012/02/29,59.94,60.10,57.50,57.71,4567645,58.80
2012/03/01,57.27,58.54,57.11,57.97,2796316,57.82
2012/03/02,58.93,60.23,58.90,60.23,5311095,59.56
2012/03/05,60.23,61.53,60.00,61.27,4936154,60.77
2012/03/06,60.96,62.21,59.74,61.11,4404747,60.98
2012/03/07,60.49,64.36,60.39,62.80,7118492,62.38
2012/03/08,62.57,63.82,62.39,63.66,4399075,63.11
2012/03/09,64.29,64.34,62.70,63.74,4210627,63.52
2012/03/12,63.79,63.79,61.84,63.66,5403756,62.82
2012/03/13,64.65,64.65,61.27,62.54,13510227,62.96
2012/03/14,63.09,63.87,58.96,60.18,9856809,61.41
2012/03/15,60.28,60.88,58.36,58.88,5318868,59.62
2012/03/16,59.32,61.66,59.19,61.35,5916220,60.42
2012/03/19,61.27,63.92,61.19,63.35,7310599,62.55
2012/03/20,63.32,63.38,61.01,61.32,4258783,62.20
2012/03/21,61.79,63.48,61.30,62.75,4946075,62.39
2012/03/22,62.75,63.06,60.80,61.14,3125271,61.93
2012/03/23,60.62,60.70,58.70,59.01,3279975,59.70
2012/03/26,59.19,60.46,59.01,59.76,2355688,59.73
2012/03/27,60.44,60.72,58.98,59.35,1769564,59.85
2012/03/28,58.41,59.32,55.58,55.73,3718174,57.45
2012/03/29,55.84,56.28,52.61,53.99,3223653,54.45
2012/03/30,53.99,54.54,52.85,54.54,2347966,53.70
2012/04/05,54.90,56.49,54.25,56.49,2374540,55.37
2012/04/06,56.54,57.24,55.94,56.85,2132018,56.59
2012/04/09,56.54,57.24,55.94,56.85,0,56.59
2012/04/10,56.17,56.85,53.89,56.67,2134854,55.37
2012/04/11,55.03,56.49,54.54,56.04,1502755,55.52
2012/04/12,56.28,57.50,55.89,57.47,2575973,56.70
2012/04/13,57.79,58.15,57.50,57.97,2076733,57.82
2012/04/16,57.37,57.58,56.67,57.14,1483322,57.13
2012/04/17,56.62,57.37,55.63,55.81,1501200,56.50
2012/04/18,55.81,57.97,55.81,57.55,2019063,56.89
2012/04/19,57.47,57.84,57.11,57.27,1445367,57.48
2012/04/20,56.98,58.15,56.95,58.02,1963886,57.55
2012/04/23,58.02,58.07,55.03,55.50,3145532,56.55
2012/04/24,55.73,56.46,53.68,54.93,2397879,55.07
2012/04/25,54.28,55.71,54.28,55.29,1867290,55.00
2012/04/26,55.29,56.15,55.19,55.55,1850776,55.67
2012/04/27,55.50,55.97,53.99,54.77,2161475,54.98
2012/05/02,55.50,57.29,54.67,56.51,2926505,55.98
2012/05/03,56.75,57.94,56.30,57.68,3250389,57.12
2012/05/04,59.35,60.62,58.23,59.58,5115422,59.42
2012/05/07,59.22,60.18,58.54,59.97,3674548,59.36
2012/05/08,59.22,60.18,58.54,59.97,0,59.36
2012/05/09,59.89,59.89,57.92,58.02,2879327,58.91
2012/05/10,57.86,58.72,57.63,58.33,1648595,58.18
2012/05/11,58.38,59.16,58.05,58.05,1493138,58.60
2012/05/14,58.90,59.06,57.99,58.49,1879616,58.53
2012/05/15,57.63,57.63,56.33,57.53,1777637,56.98
2012/05/16,56.93,57.99,56.36,56.56,1201824,57.18
2012/05/17,57.06,57.71,56.33,57.50,1570798,57.02
2012/05/18,57.21,57.71,56.64,57.45,1447367,57.18
2012/05/21,57.32,59.16,56.82,59.11,2863638,57.99
2012/05/22,59.45,59.45,58.67,59.24,2139159,59.06
2012/05/23,59.66,59.71,57.89,58.46,2456562,58.80
2012/05/24,58.02,59.22,58.02,58.54,2037530,58.62
2012/05/25,58.54,59.81,58.44,58.67,2372209,59.13
2012/05/28,58.67,58.90,56.85,58.41,2458878,57.88
2012/05/29,58.36,60.44,58.20,59.03,7769014,59.32
2012/05/30,59.24,64.86,58.67,64.86,21822640,61.77
2012/05/31,67.46,71.25,66.21,71.25,47316402,68.73
2012/06/01,72.19,72.19,68.60,69.02,28674502,70.39
2012/06/04,67.41,71.98,67.04,69.02,34097218,69.51
2012/06/05,69.12,69.95,65.95,69.69,25360415,67.95
2012/06/06,68.55,69.54,66.73,67.93,18542387,68.14
2012/06/07,68.55,70.63,65.59,65.85,27370487,68.11
2012/06/08,65.95,66.99,64.03,66.63,16745631,65.51
2012/06/11,66.11,73.18,65.69,72.97,46061261,69.44
2012/06/12,71.67,72.19,69.07,69.12,29461366,70.63
2012/06/13,68.71,71.72,68.71,70.53,22157066,70.21
2012/06/14,69.95,77.39,69.33,74.01,36140754,73.36
2012/06/15,73.23,79.89,72.40,77.55,35676071,76.15
2012/06/18,77.55,79.16,74.95,77.65,31406704,77.05
2012/06/19,76.77,77.13,75.05,75.15,19330865,76.09
2012/06/20,75.78,78.01,74.79,76.61,19634212,76.40
2012/06/21,75.78,76.09,72.45,72.71,18858143,74.27
2012/06/25,72.19,73.59,70.32,70.53,12007237,71.95
2012/06/26,69.85,70.94,66.99,70.01,12176573,68.96
2012/06/27,69.80,71.67,69.17,70.21,11633062,70.42
2012/06/28,70.37,70.89,67.61,68.19,11494235,69.25
2012/06/29,67.72,70.84,66.57,70.16,12428797,68.70
2012/07/02,67.72,70.84,66.57,70.16,0,68.70
2012/07/03,67.72,70.84,66.57,70.16,0,68.70
2012/07/04,67.72,70.84,66.57,70.16,0,68.70
2012/07/05,67.72,70.84,66.57,70.16,0,68.70
2012/07/06,67.72,70.84,66.57,70.16,0,68.70
2012/07/09,67.72,70.84,66.57,70.16,0,68.70
2012/07/10,67.72,70.84,66.57,70.16,0,68.70
2012/07/11,67.72,70.84,66.57,70.16,0,68.70
2012/07/12,67.72,70.84,66.57,70.16,0,68.70
2012/07/13,67.72,70.84,66.57,70.16,0,68.70
2012/07/16,67.72,70.84,66.57,70.16,0,68.70
2012/07/17,67.72,70.84,66.57,70.16,0,68.70
2012/07/18,67.72,70.84,66.57,70.16,0,68.70
2012/07/19,67.72,70.84,66.57,70.16,0,68.70
2012/07/20,67.72,70.84,66.57,70.16,0,68.70
2012/07/23,67.72,70.84,66.57,70.16,0,68.70
2012/07/24,67.72,70.84,66.57,70.16,0,68.70
2012/07/25,67.72,70.84,66.57,70.16,0,68.70
2012/07/26,67.72,70.84,66.57,70.16,0,68.70
2012/07/27,67.72,70.84,66.57,70.16,0,68.70
2012/07/30,67.72,70.84,66.57,70.16,0,68.70
2012/07/31,67.72,70.84,66.57,70.16,0,68.70
2012/08/01,67.72,70.84,66.57,70.16,0,68.70
2012/08/02,67.72,70.84,66.57,70.16,0,68.70
2012/08/03,73.13,73.13,65.95,70.73,24075500,69.54
2012/08/06,68.71,77.70,68.19,77.70,28262409,72.95
2012/08/07,77.91,79.94,76.66,78.48,31820679,78.30
2012/08/08,77.81,79.83,76.25,76.51,19771743,78.04
2012/08/09,76.09,78.12,75.05,76.92,14977311,76.59
2012/08/10,76.35,77.29,75.62,76.97,11308416,76.46
2012/08/13,75.83,75.99,74.01,74.58,9692105,75.00
2012/08/14,74.53,75.05,70.94,73.33,13024255,72.99
2012/08/15,73.07,75.05,72.19,73.02,8563393,73.62
2012/08/16,71.98,73.65,71.20,71.20,5718543,72.43
2012/08/17,70.79,71.72,69.28,71.10,7047468,70.50
2012/08/20,70.27,73.49,69.90,73.23,7317206,71.70
2012/08/21,74.17,75.67,73.85,74.74,12215787,74.76
2012/08/22,75.67,77.13,73.18,73.80,13157612,75.16
2012/08/23,73.33,74.74,72.45,73.80,7696409,73.59
2012/08/24,73.85,73.85,69.33,69.43,9865588,71.59
2012/08/27,69.59,71.62,68.60,69.02,7345500,70.11
2012/08/28,68.45,70.06,67.46,68.65,7606569,68.76
2012/08/29,68.97,70.01,68.19,68.60,5490489,69.10
2012/08/30,68.29,69.02,64.39,65.01,8820018,66.70
2012/08/31,64.75,65.33,63.61,64.55,5705169,64.47
2012/09/03,64.49,66.68,64.18,66.42,5262648,65.43
2012/09/04,66.94,69.07,65.95,66.16,8890759,67.51
2012/09/05,65.48,68.29,65.48,66.78,5572987,66.89
2012/09/06,67.77,68.86,67.04,68.45,5652368,67.95
2012/09/07,69.12,72.61,69.12,71.10,12185483,70.87
2012/09/10,71.10,72.87,70.32,71.67,11172844,71.59
2012/09/11,71.57,71.57,69.69,70.32,8317064,70.63
2012/09/12,70.42,72.19,70.27,71.41,7724169,71.23
2012/09/13,71.67,71.93,69.17,69.23,6630936,70.55
2012/09/14,70.89,72.14,69.80,70.63,9392988,70.97
2012/09/17,71.10,71.10,66.89,66.99,7621856,68.99
2012/09/18,67.30,67.41,65.48,65.69,4861878,66.45
2012/09/19,66.11,67.25,65.69,67.15,3582216,66.47
2012/09/20,67.30,67.30,64.34,64.55,4525913,65.82
2012/09/21,64.91,66.11,63.77,64.60,4018728,64.94
2012/09/24,64.08,64.70,61.32,63.92,6187488,63.01
2012/09/25,63.35,64.18,62.41,62.52,3155907,63.30
2012/09/26,62.26,63.25,57.53,58.77,8057065,60.39
2012/09/27,58.72,61.27,58.25,60.28,5884724,59.76
2012/09/28,59.45,61.53,59.45,61.27,4079588,60.49
2012/10/08,61.79,62.62,60.91,61.37,4184669,61.76
2012/10/09,61.58,65.22,61.58,64.03,5951799,63.40
2012/10/10,63.71,65.01,62.93,64.70,4746913,63.97
2012/10/11,63.92,64.29,62.62,62.73,4646052,63.46
2012/10/12,62.73,64.08,62.31,62.83,2962858,63.20
2012/10/15,62.67,63.09,60.75,61.79,3090905,61.92
2012/10/16,61.89,62.52,61.17,61.58,2500274,61.85
2012/10/17,61.63,63.30,61.63,61.95,2351376,62.46
2012/10/18,62.78,63.77,62.31,63.61,4901676,63.04
2012/10/19,63.61,64.96,63.61,63.77,5070726,64.28
2012/10/22,63.09,64.39,62.57,64.13,3055851,63.48
2012/10/23,63.82,64.49,63.09,63.09,3295240,63.79
2012/10/24,62.78,64.23,62.57,63.56,3840305,63.40
2012/10/25,63.56,63.66,61.37,61.53,3515607,62.51
2012/10/26,61.58,61.89,59.19,60.02,3581981,60.54
2012/10/29,59.24,60.54,59.24,59.87,1696688,59.89
2012/10/30,59.87,60.49,59.29,59.97,1389409,59.89
2012/10/31,60.13,60.96,59.71,60.49,2044144,60.34
2012/11/01,60.54,62.05,60.33,61.79,3169142,61.19
2012/11/02,62.00,62.41,60.75,61.43,2611314,61.58
2012/11/05,61.11,61.58,59.55,59.81,4026970,60.56
2012/11/06,59.76,60.18,58.15,59.03,3346399,59.16
2012/11/07,59.19,62.36,59.14,60.75,7550623,60.75
2012/11/08,60.18,60.49,58.51,58.67,4332088,59.50
2012/11/09,58.57,59.40,56.90,57.63,5033760,58.15
2012/11/12,59.19,60.65,58.67,59.35,5376141,59.66
2012/11/13,60.39,65.12,60.33,61.95,16469303,62.73
2012/11/14,61.74,65.59,59.71,64.39,19543524,62.65
2012/11/15,62.83,65.38,62.36,62.83,14043899,63.87
2012/11/16,62.73,64.39,62.57,63.19,8767478,63.48
2012/11/19,62.36,65.79,61.69,65.38,13682920,63.74
2012/11/20,65.33,65.59,63.45,63.82,10360385,64.52
2012/11/21,63.30,64.08,62.10,63.40,7832690,63.09
2012/11/22,66.99,68.34,64.23,64.29,14752893,66.29
2012/11/23,63.45,65.74,63.45,63.82,8772571,64.59
2012/11/26,63.87,64.13,61.89,62.88,7036891,63.01
2012/11/27,62.31,62.57,56.69,57.06,13606425,59.63
2012/11/28,56.59,56.59,53.47,54.77,6425378,55.03
2012/11/29,55.81,56.33,54.04,54.15,5460549,55.18
2012/11/30,53.99,55.34,53.52,54.41,4083059,54.43
2012/12/03,55.03,56.43,52.95,53.31,8437822,54.69
2012/12/04,52.48,52.48,48.11,50.82,14715154,50.29
2012/12/05,50.30,54.20,49.78,52.90,11362387,51.99
2012/12/06,52.85,54.25,52.48,53.31,7481014,53.36
2012/12/07,53.21,55.45,52.43,54.77,11158196,53.94
2012/12/10,54.77,57.94,54.15,56.80,14045558,56.04
2012/12/11,56.54,59.55,55.81,58.93,20665957,57.68
2012/12/12,58.62,61.11,57.94,60.96,18154860,59.52
2012/12/13,59.97,60.23,57.16,57.58,22549469,58.69
2012/12/14,57.11,60.13,57.01,59.50,21301360,58.57
2012/12/17,59.40,60.44,58.77,59.50,14455011,59.61
2012/12/18,59.55,59.87,58.15,58.51,11276328,59.01
2012/12/19,58.67,60.28,58.46,58.98,11960846,59.37
2012/12/20,58.46,59.81,57.53,59.50,12048113,58.67
2012/12/21,59.19,60.96,58.51,59.45,13722791,59.73
2012/12/24,59.29,61.06,58.83,60.39,11528488,59.95
2012/12/25,60.65,62.57,59.87,61.69,15857526,61.22
2012/12/26,61.84,63.14,61.58,62.31,13228856,62.36
2012/12/27,62.31,63.09,60.39,60.54,13033431,61.74
2012/12/28,60.39,61.01,59.97,60.44,11162172,60.49
2012/12/31,60.75,62.26,60.33,62.05,12085046,61.29
2013/01/04,62.67,62.99,60.75,60.80,11643962,61.87
2013/01/07,60.54,61.69,59.61,61.58,9155398,60.65
2013/01/08,61.53,63.77,61.17,63.14,15951255,62.47
2013/01/09,63.04,64.91,62.26,63.82,17997574,63.58
2013/01/10,63.56,64.08,62.57,63.30,9810140,63.32
2013/01/11,63.14,63.56,60.54,61.01,10643034,62.05
2013/01/14,61.43,63.66,61.37,63.25,11766816,62.51
2013/01/15,63.61,68.08,63.25,65.79,22602623,65.66
2013/01/16,66.26,67.56,64.86,66.16,15827685,66.21
2013/01/17,65.27,65.95,64.29,64.55,8878804,65.12
2013/01/18,64.91,65.69,63.04,64.18,11252739,64.36
2013/01/21,64.23,66.47,63.92,66.42,13838979,65.20
2013/01/22,66.21,66.21,63.40,63.87,9761720,64.80
2013/01/23,63.66,65.33,63.14,63.97,8059470,64.23
2013/01/24,64.03,64.86,60.91,61.27,11411116,62.88
2013/01/25,61.32,61.89,60.80,60.91,5156825,61.34
2013/01/28,60.91,62.73,60.80,62.57,6194694,61.76
2013/01/29,62.57,65.33,62.57,64.08,8476817,63.95
2013/01/30,64.44,64.75,63.14,63.77,6290576,63.95
2013/01/31,64.39,66.63,64.18,66.42,18107547,65.41
2013/02/01,66.11,66.42,64.39,65.69,15601517,65.41
2013/02/04,65.79,66.47,62.83,66.21,19846800,64.65
2013/02/05,65.53,66.26,64.23,65.53,12260004,65.25
2013/02/06,65.38,66.47,64.49,65.33,15937167,65.48
2013/02/07,66.11,69.07,65.85,67.56,26479404,67.46
2013/02/08,66.99,68.50,66.73,68.19,15050704,67.62
2013/02/18,68.81,68.91,67.04,67.98,13655921,67.98
2013/02/19,68.45,69.90,66.83,66.99,17473865,68.37
2013/02/20,67.82,70.99,67.56,70.58,23774666,69.27
2013/02/21,69.85,71.51,68.60,69.49,24102036,70.05
2013/02/22,69.12,69.95,67.82,68.08,13627275,68.88
2013/02/25,68.03,71.15,68.03,70.21,16466843,69.59
2013/02/26,70.11,70.11,66.99,67.25,17841148,68.55
2013/02/27,67.82,68.55,66.37,67.41,10586386,67.46
2013/02/28,66.99,69.75,66.78,68.65,18110451,68.27
2013/03/01,68.50,71.31,68.13,70.73,26729754,69.72
2013/03/04,72.19,74.58,69.69,71.10,45615472,72.13
2013/03/05,70.63,72.55,69.59,72.35,23921807,71.07
2013/03/06,72.40,74.95,71.77,72.50,26567460,73.36
2013/03/07,72.14,72.87,69.69,70.16,18077118,71.28
2013/03/08,70.11,71.93,69.90,70.21,11429104,70.92
2013/03/11,69.95,71.36,69.17,70.11,9282286,70.27
2013/03/12,70.11,70.47,64.39,66.11,24943963,67.43
2013/03/13,65.69,65.69,63.87,64.44,11004714,64.78
2013/03/14,64.55,65.59,64.18,64.81,7731306,64.89
2013/03/15,64.81,65.85,63.45,64.13,10130581,64.65
2013/03/18,64.23,64.96,63.51,63.66,7642381,64.23
2013/03/19,63.87,64.49,61.69,63.66,8548610,63.09
2013/03/20,63.97,65.90,63.87,65.90,10972769,64.89
2013/03/21,66.11,67.72,65.48,66.89,13418365,66.60
2013/03/22,66.63,70.58,66.11,69.07,18048736,68.34
2013/03/25,69.17,69.80,68.24,68.60,11285822,69.02
2013/03/26,68.08,68.45,66.16,66.89,9214036,67.30
2013/03/27,66.99,68.24,66.68,67.41,7573766,67.46
2013/03/28,66.52,66.52,64.44,64.70,9518997,65.48
2013/03/29,65.27,65.59,64.44,64.55,5331536,65.02
2013/04/01,64.39,66.68,64.29,66.11,6796617,65.49
2013/04/02,66.26,67.25,64.75,64.96,8517968,66.00
2013/04/03,64.49,65.53,63.35,63.77,6093972,64.44
2013/04/08,62.05,63.51,60.96,63.51,6864334,62.23
2013/04/09,63.45,64.75,63.35,63.97,4612154,64.05
2013/04/10,63.97,64.65,62.88,63.61,4426032,63.77
2013/04/11,64.13,64.34,62.21,62.21,5578893,63.28
2013/04/12,62.21,62.67,59.81,60.02,8765652,61.24
2013/04/15,59.19,59.45,57.53,57.63,7712310,58.49
2013/04/16,56.33,58.31,55.91,57.89,6404303,57.11
2013/04/17,58.25,58.62,57.89,58.51,4875492,58.25
2013/04/18,59.14,59.71,58.77,59.66,6464537,59.24
2013/04/19,59.81,61.22,59.76,61.06,6645508,60.49
2013/04/22,60.28,61.01,59.76,60.54,6856612,60.38
2013/04/23,60.91,60.91,57.84,58.10,7452518,59.38
2013/04/24,58.36,59.76,57.53,59.50,6000687,58.64
2013/04/25,59.66,59.97,58.15,58.25,5725728,59.06
2013/04/26,58.67,59.81,57.89,58.31,5459177,58.85
2013/05/02,57.63,57.89,56.49,57.58,6530134,57.19
2013/05/03,58.10,61.53,57.89,60.85,13116347,59.71
2013/05/06,62.31,62.57,61.53,62.05,15699639,62.05
2013/05/07,61.95,64.49,61.58,62.83,13537651,63.03
2013/05/08,63.04,64.23,62.62,63.40,8941542,63.43
2013/05/09,63.40,66.99,63.09,66.11,24068926,65.04
2013/05/10,68.29,72.55,67.67,70.21,46063464,70.11
2013/05/13,69.69,71.31,68.55,69.23,23296887,69.93
2013/05/14,68.91,70.79,67.82,68.03,17527718,69.30
2013/05/15,68.03,68.76,67.09,67.98,13328717,67.93
2013/05/16,68.03,70.27,67.15,68.13,18981508,68.71
2013/05/17,70.89,74.06,70.16,72.71,37947676,72.11
2013/05/20,72.97,75.15,72.35,74.69,30822714,73.75
2013/05/21,75.26,75.26,72.87,73.70,22584707,74.07
2013/05/22,73.75,76.25,72.71,73.80,31843702,74.48
2013/05/23,73.80,76.04,72.87,75.36,27153679,74.46
2013/05/24,75.31,77.44,75.05,76.25,22632209,76.24
2013/05/27,76.92,78.38,76.09,76.66,22660169,77.23
2013/05/28,77.55,78.79,76.45,77.91,24668980,77.62
2013/05/29,78.22,78.43,75.47,76.40,24742710,76.95
2013/05/30,76.51,77.55,75.31,76.66,23153076,76.43
2013/05/31,77.08,77.81,76.35,76.66,19184705,77.08
2013/06/03,76.51,76.51,72.71,72.87,26240295,74.61
2013/06/04,73.02,75.10,72.50,73.23,18803168,73.80
2013/06/05,73.49,74.11,70.94,73.49,14601738,72.52
2013/06/06,73.07,74.22,71.67,71.88,12018036,72.95
2013/06/07,72.40,74.53,71.31,73.85,18321645,72.92
2013/06/13,72.66,72.66,68.97,70.89,12455323,70.81
2013/06/14,71.36,74.69,70.94,74.53,15035496,72.81
2013/06/17,74.74,78.12,74.53,77.18,25437985,76.33
2013/06/18,76.97,76.97,74.53,75.47,16202387,75.75
2013/06/19,74.79,75.31,72.40,74.79,14485612,73.86
2013/06/20,74.27,74.89,70.16,70.16,14428523,72.52
2013/06/21,67.59,69.35,66.58,68.27,14252184,67.96
2013/06/24,68.81,69.15,62.05,62.73,19806378,65.60
2013/06/25,62.39,64.15,57.32,63.67,25726162,60.74
2013/06/26,63.67,64.62,62.19,64.08,19037213,63.41
2013/06/27,64.48,65.84,62.19,62.25,19714110,64.02
2013/06/28,61.37,64.42,60.70,63.60,15716142,62.56
2013/07/01,63.54,64.96,62.79,64.82,12910655,63.87
2013/07/02,64.89,66.92,64.55,65.84,17707260,65.73
2013/07/03,65.50,66.38,63.81,66.04,17491690,65.09
2013/07/04,65.50,68.47,64.82,67.26,21181806,66.64
2013/07/05,68.20,69.82,66.24,66.44,20675274,68.03
2013/07/08,64.82,66.11,62.86,63.54,14804819,64.48
2013/07/09,63.13,64.01,62.39,63.27,10246693,63.20
2013/07/10,63.40,66.24,63.27,66.17,15012444,64.75
2013/07/11,66.71,69.22,66.44,68.20,26960492,67.83
2013/07/12,68.74,71.18,67.86,68.34,29965983,69.52
2013/07/15,69.42,71.51,69.01,71.51,29039810,70.26
2013/07/16,71.18,71.18,69.76,70.97,21160193,70.47
2013/07/17,71.11,72.33,68.34,69.01,22448618,70.34
2013/07/18,68.20,70.03,67.80,68.61,16849881,68.91
2013/07/19,69.08,71.18,67.59,68.13,22851256,69.39
2013/07/22,67.26,74.83,66.65,74.83,50599408,70.74
2013/07/23,78.27,80.78,77.12,78.95,90753793,78.95
2013/07/24,78.21,83.55,78.00,82.47,81513083,80.77
2013/07/25,81.45,81.92,77.67,78.07,47265792,79.80
2013/07/26,77.94,80.98,76.52,79.15,40905843,78.75
2013/07/29,77.80,79.96,76.58,76.58,26399228,78.27
2013/07/30,76.92,80.71,75.16,79.42,41565694,77.93
2013/07/31,79.42,81.45,77.73,78.14,36459373,79.59
2013/08/01,78.61,85.85,78.34,84.90,74358449,82.09
2013/08/02,83.68,85.85,83.01,83.41,42228557,84.43
2013/08/05,83.01,86.86,82.94,84.56,34994205,84.90
2013/08/06,84.56,85.37,83.28,84.70,28552012,84.33
2013/08/07,84.83,85.37,81.45,83.14,33380939,83.41
2013/08/08,82.47,83.82,80.78,81.99,23631813,82.30
2013/08/09,82.26,84.49,81.25,82.53,26243962,82.87
2013/08/12,84.90,85.51,82.06,83.75,34799356,83.79
2013/08/13,83.82,84.16,82.06,82.67,18940128,83.11
2013/08/14,82.80,83.68,81.52,81.99,18133445,82.60
2013/08/15,81.52,82.94,80.64,81.11,17334211,81.79
2013/08/16,80.23,82.67,76.31,76.92,27896957,79.49
2013/08/19,76.92,78.48,76.72,78.07,17137251,77.60
2013/08/20,78.07,78.07,75.43,76.25,24458235,76.75
2013/08/21,76.58,78.14,75.91,77.46,16896887,77.02
2013/08/22,76.85,77.60,75.91,76.11,17401645,76.75
2013/08/23,76.79,80.84,75.03,79.56,30653431,77.94
2013/08/26,79.49,82.80,79.09,82.60,35440081,80.95
2013/08/27,82.80,82.94,81.45,81.99,20019963,82.20
2013/08/28,81.38,82.26,80.17,80.30,19462601,81.22
2013/08/29,80.64,82.67,79.96,80.03,20099338,81.31
2013/08/30,80.30,80.64,76.38,77.26,24145765,78.51
2013/09/02,77.06,78.88,75.77,78.21,13049432,77.32
2013/09/03,78.41,80.98,77.46,80.84,20173823,79.22
2013/09/04,80.30,81.52,78.75,79.15,18456491,80.13
2013/09/05,79.36,83.01,78.75,81.59,35407948,80.88
2013/09/06,81.72,82.33,80.03,81.05,18459030,81.18
2013/09/09,81.52,82.67,79.96,81.99,25965390,81.31
2013/09/10,82.33,82.47,80.30,81.52,23503972,81.38
2013/09/11,80.98,81.18,77.60,78.41,25793686,79.39
2013/09/12,78.21,78.95,76.92,77.12,18434429,77.94
2013/09/13,78.00,78.61,77.26,77.94,10325206,77.94
2013/09/16,78.21,78.48,76.72,77.46,12576536,77.60
2013/09/17,77.60,78.48,76.92,77.33,11827485,77.70
2013/09/18,77.06,78.21,76.99,78.14,9279645,77.60
2013/09/23,78.34,80.57,78.00,79.96,18401445,79.28
2013/09/24,79.76,81.72,79.76,80.23,20581946,80.74
2013/09/25,80.57,81.32,78.14,78.81,15053124,79.73
2013/09/26,78.27,78.41,76.58,76.85,13397071,77.49
2013/09/27,77.60,78.48,76.38,78.21,12322341,77.43
2013/09/30,78.00,79.36,76.38,76.85,15823462,77.87
2013/10/08,76.25,78.75,75.71,77.06,16965780,77.23
2013/10/09,76.85,78.00,76.58,77.60,15843540,77.29
2013/10/10,77.60,78.14,76.18,76.38,13046293,77.16
2013/10/11,76.72,77.53,76.31,76.52,15069682,76.92
2013/10/14,76.52,79.22,74.89,79.15,29093281,77.05
2013/10/15,78.95,79.90,78.00,78.48,24246686,78.95
2013/10/16,78.48,82.26,77.60,80.44,44823509,79.93
2013/10/17,80.17,83.82,79.49,81.92,46349763,81.65
2013/10/18,80.17,83.82,79.49,81.92,0,81.65
2013/10/21,80.17,83.82,79.49,81.92,0,81.65
2013/10/22,80.17,83.82,79.49,81.92,0,81.65
2013/10/23,80.17,83.82,79.49,81.92,0,81.65
2013/10/24,80.17,83.82,79.49,81.92,0,81.65
2013/10/25,83.68,86.72,78.95,79.63,54801109,82.84
2013/10/28,79.56,79.63,72.46,73.14,33131506,76.04
2013/10/29,73.07,74.49,69.62,71.11,22232453,72.05
2013/10/30,71.18,72.39,70.91,71.78,10338730,71.65
2013/10/31,71.78,71.78,69.82,69.89,11635285,70.80
2013/11/01,69.89,71.04,69.35,70.09,8378530,70.20
2013/11/04,70.43,72.05,70.23,71.11,10778967,71.14
2013/11/05,71.11,71.92,69.82,71.58,9789243,70.87
2013/11/06,71.51,72.73,70.50,70.50,11575673,71.62
2013/11/07,70.50,71.92,70.16,71.18,7544096,71.04
2013/11/08,71.38,71.38,67.12,67.46,22230545,69.25
2013/11/11,67.66,68.40,66.92,67.39,7732334,67.66
2013/11/12,68.13,68.61,67.53,68.20,9438176,68.07
2013/11/13,68.47,68.47,65.29,65.43,11611291,66.88
2013/11/14,65.50,66.31,64.35,66.31,8497785,65.33
2013/11/15,66.38,69.28,66.38,68.27,15978682,67.83
2013/11/18,68.47,69.76,68.20,69.69,13108568,68.98
2013/11/19,70.03,70.09,68.95,69.49,9997865,69.52
2013/11/20,69.82,70.70,69.62,70.50,10937177,70.16
2013/11/21,70.03,70.23,69.15,69.69,10255241,69.69
2013/11/22,69.96,71.11,69.55,69.76,10060251,70.33
2013/11/25,69.82,70.84,68.67,69.15,9648058,69.76
2013/11/26,69.22,69.55,67.32,67.66,12661971,68.43
2013/11/27,67.32,69.69,67.19,69.28,11612238,68.44
2013/11/28,69.49,70.91,69.08,70.23,13818053,69.99
2013/11/29,70.50,70.57,69.49,69.76,11437507,70.03
2013/12/02,67.46,69.08,65.02,65.57,17515796,67.05
2013/12/03,65.43,68.95,64.75,68.61,10575026,66.85
2013/12/04,68.61,69.69,68.13,68.74,12796521,68.91
2013/12/05,68.88,70.50,68.67,69.55,11422510,69.59
2013/12/06,69.62,72.53,69.55,71.24,22449355,71.04
2013/12/09,71.72,72.12,70.70,71.58,13428974,71.41
2013/12/10,71.51,72.53,70.84,71.51,10549624,71.69
2013/12/11,71.51,71.51,69.49,70.36,10349107,70.50
2013/12/12,70.16,71.18,69.96,70.09,8093701,70.57
2013/12/13,69.82,72.05,69.55,71.65,11892130,70.80
2013/12/16,71.85,72.12,70.03,70.09,10520602,71.08
2013/12/17,69.96,70.43,68.61,68.95,9401220,69.52
2013/12/18,69.08,70.50,68.74,70.03,6281634,69.62
2013/12/19,70.03,70.97,69.15,69.22,6634942,70.06
2013/12/20,69.15,69.55,67.32,67.66,8731500,68.43
2013/12/23,67.46,68.47,66.31,67.53,6550842,67.39
2013/12/24,67.53,68.95,66.98,67.80,5530311,67.97
2013/12/25,68.13,70.36,67.66,70.30,10531689,69.01
2013/12/26,70.03,70.50,68.61,68.61,8770439,69.55
2013/12/27,69.35,70.97,69.35,70.36,11441136,70.16
2013/12/30,71.24,71.24,69.89,69.96,7051694,70.56
2013/12/31,69.89,70.57,68.88,70.50,6296909,69.72
2014/01/02,70.36,70.97,69.69,70.50,7340453,70.33
2014/01/03,70.50,71.31,70.23,70.77,9435109,70.77
2014/01/06,70.57,70.57,68.47,68.61,8193024,69.52
2014/01/07,68.20,69.69,68.20,69.01,5555362,68.95
2014/01/08,69.42,69.82,67.80,68.20,9566845,68.81
2014/01/09,68.81,69.35,66.65,66.78,10773931,68.00
2014/01/10,66.11,67.59,65.09,65.09,7881834,66.34
2014/01/13,65.97,66.65,64.82,65.43,8089310,65.73
2014/01/14,65.63,66.98,65.23,66.92,6957005,66.11
2014/01/15,67.05,68.00,66.44,67.46,8223063,67.22
2014/01/16,67.46,68.74,67.12,68.00,6481042,67.93
2014/01/17,67.59,68.40,67.12,68.13,5368679,67.76
2014/01/20,68.20,68.47,66.04,66.17,5153876,67.26
2014/01/21,66.51,67.26,66.11,66.65,4961489,66.69
2014/01/22,66.78,68.54,66.78,68.20,8605596,67.66
2014/01/23,68.34,69.62,68.20,68.74,8440211,68.91
2014/01/24,68.54,70.84,68.40,69.96,13613843,69.62
2014/01/27,69.62,71.04,69.28,70.23,9925296,70.16
2014/01/28,70.84,70.91,69.49,70.16,7461456,70.20
2014/01/29,70.16,71.65,70.03,70.84,9205663,70.84
2014/01/30,70.70,70.84,68.74,69.15,10589118,69.79
2014/02/07,69.08,71.78,68.81,71.72,11682974,70.30
2014/02/10,71.92,75.16,71.65,74.35,24400828,73.41
2014/02/11,74.35,77.40,73.95,75.30,27024874,75.68
2014/02/12,75.98,77.33,75.03,76.45,21489831,76.18
2014/02/13,76.45,78.81,74.76,75.84,28902322,76.79
2014/02/14,75.91,76.45,74.89,76.25,16205243,75.67
2014/02/17,76.99,79.96,76.11,79.49,25806686,78.03
2014/02/18,80.30,83.21,79.56,81.72,38679852,81.38
2014/02/19,81.52,82.53,79.76,80.64,22027622,81.15
2014/02/20,80.84,81.52,77.19,77.40,22557755,79.35
2014/02/21,77.73,79.29,76.65,78.07,14502215,77.97
2014/02/24,77.87,79.36,76.25,79.22,15519639,77.80
2014/02/25,78.75,80.57,74.08,75.23,22128017,77.32
2014/02/26,74.56,76.18,73.68,75.30,17869443,74.93
2014/02/27,75.30,77.80,74.22,74.35,16478893,76.01
2014/02/28,74.49,77.94,73.68,77.53,13943393,75.81
2014/03/03,77.60,80.30,77.26,79.63,21179825,78.78
2014/03/04,78.95,79.63,77.87,78.75,12205828,78.75
2014/03/05,79.42,80.78,77.80,79.56,18488877,79.29
2014/03/06,80.10,81.86,78.21,79.49,18225528,80.03
2014/03/07,80.37,80.64,76.25,76.45,17716493,78.45
2014/03/10,75.71,76.25,73.20,73.74,13934351,74.73
2014/03/11,73.68,74.89,72.19,73.81,11842393,73.54
2014/03/12,73.88,74.15,71.51,72.73,10455281,72.83
2014/03/13,73.14,73.74,71.99,72.87,8859273,72.86
2014/03/14,72.80,73.34,71.78,72.53,6934817,72.56
2014/03/17,72.87,74.83,72.60,74.29,11973285,73.71
2014/03/18,74.35,75.84,73.81,74.02,10941435,74.83
2014/03/19,73.61,74.35,72.80,74.22,9097824,73.57
2014/03/20,74.22,74.22,71.24,71.24,9670802,72.73
2014/03/21,70.91,73.20,70.16,73.00,9540903,71.68
2014/03/24,73.61,73.81,72.66,73.00,7503007,73.23
2014/03/25,73.00,74.35,72.39,73.34,7437368,73.37
2014/03/26,73.27,73.68,72.80,73.41,6637903,73.24
2014/03/27,73.41,73.47,70.43,70.43,13664048,71.95
2014/03/28,70.43,70.84,68.47,68.47,13576441,69.66
2014/03/31,68.54,69.89,68.54,69.35,7032119,69.22
2014/04/01,69.35,71.45,69.15,70.97,6745071,70.30
2014/04/02,70.97,71.65,70.30,70.64,4644469,70.98
2014/04/03,70.84,71.31,70.09,70.84,4930579,70.70
2014/04/04,70.77,71.45,70.23,71.18,5179280,70.84
2014/04/08,70.50,75.23,70.30,75.03,16978557,72.77
2014/04/09,74.35,76.11,74.08,74.83,15912319,75.09
2014/04/10,74.96,75.77,74.56,74.83,12518495,75.16
2014/04/11,76.38,79.63,75.98,76.18,27827771,77.80
2014/04/14,75.57,78.07,75.23,76.79,20757972,76.65
2014/04/15,76.58,76.58,74.96,75.10,13398286,75.77
2014/04/16,74.62,75.91,74.08,75.57,10013843,74.99
2014/04/17,75.84,76.92,74.96,75.23,12682332,75.94
2014/04/18,75.57,77.94,74.89,77.19,22486502,76.41
2014/04/21,76.79,78.54,75.91,76.45,16578947,77.23
2014/04/22,76.25,78.41,75.03,77.67,22021636,76.72
2014/04/23,77.67,78.95,77.26,77.67,23165975,78.11
2014/04/24,77.26,78.07,75.16,75.30,17826277,76.61
2014/04/25,75.30,76.18,73.20,73.20,13744577,74.69
2014/04/28,73.54,73.88,71.24,71.72,12954927,72.56
2014/04/29,71.45,73.00,71.45,72.80,7224712,72.23
2014/04/30,72.80,73.41,72.39,72.93,6373480,72.90
2014/05/05,72.73,74.56,72.39,74.49,8618375,73.48
2014/05/06,75.03,76.58,75.03,75.64,12518261,75.80
2014/05/07,75.50,77.94,75.10,76.52,21855775,76.52
2014/05/08,76.25,79.36,75.98,78.41,32836814,77.67
2014/05/09,79.76,82.06,77.73,78.34,50455077,79.90
2014/05/12,78.95,86.05,78.81,86.05,102179435,82.43
2014/05/13,86.72,86.79,80.98,81.52,82149367,83.89
2014/05/14,80.30,80.98,78.81,79.69,37070374,79.90
2014/05/15,77.26,78.07,76.58,76.79,34898136,77.32
2014/05/16,76.65,78.07,75.77,76.99,20130370,76.92
2014/05/19,77.19,77.46,75.23,76.52,17705508,76.34
2014/05/20,77.26,77.73,74.49,74.83,21193324,76.11
2014/05/21,74.08,76.92,73.81,76.85,15837416,75.37
2014/05/22,76.31,77.33,75.77,75.84,13549205,76.55
2014/05/23,75.98,76.52,75.03,76.04,10798843,75.77
2014/05/26,76.58,78.34,76.25,77.80,17367347,77.30
2014/05/27,77.80,78.54,76.99,77.12,11563682,77.77
2014/05/28,77.33,77.94,75.77,77.33,15348096,76.85
2014/05/29,77.33,78.68,76.79,76.99,15731374,77.74
2014/05/30,76.52,79.49,76.52,78.75,25679144,78.00
2014/06/03,78.27,81.05,78.27,78.54,30717403,79.66
2014/06/04,78.00,78.07,75.10,75.77,23534661,76.58
2014/06/05,76.25,77.73,75.77,77.53,13356273,76.75
2014/06/06,77.60,80.78,76.92,79.83,34600295,78.85
2014/06/09,79.29,80.30,78.61,80.30,15936372,79.45
2014/06/10,80.30,80.84,79.02,80.10,19532200,79.93
2014/06/11,79.90,81.38,79.63,80.23,22124541,80.50
2014/06/12,80.30,80.84,78.88,79.42,17345268,79.86
2014/06/13,80.98,82.19,80.03,80.30,25726585,81.11
2014/06/16,80.30,81.18,79.69,80.30,17431667,80.44
2014/06/17,80.30,81.72,78.34,78.81,22285129,80.03
2014/06/18,78.68,80.84,77.60,79.69,23363807,79.22
2014/06/19,78.95,78.95,76.25,76.85,23293984,77.60
2014/06/20,76.79,77.94,76.58,77.60,8505144,77.26
2014/06/23,77.73,78.95,76.99,77.94,11258665,77.97
2014/06/24,78.00,78.54,77.26,78.00,10892710,77.90
2014/06/25,77.60,77.73,76.52,76.85,10274775,77.13
2014/06/26,77.60,77.73,76.52,76.85,0,77.13
2014/06/27,77.60,77.73,76.52,76.85,0,77.13
2014/06/30,77.60,77.73,76.52,76.85,0,77.13
2014/07/01,77.60,77.73,76.52,76.85,0,77.13
2014/07/02,77.60,77.73,76.52,76.85,0,77.13
2014/07/03,77.60,77.73,76.52,76.85,0,77.13
2014/07/04,77.60,77.73,76.52,76.85,0,77.13
2014/07/07,77.60,77.73,76.52,76.85,0,77.13
2014/07/08,77.60,77.73,76.52,76.85,0,77.13
2014/07/09,77.60,77.73,76.52,76.85,0,77.13
2014/07/10,77.60,77.73,76.52,76.85,0,77.13
2014/07/11,77.60,77.73,76.52,76.85,0,77.13
2014/07/14,77.60,77.73,76.52,76.85,0,77.13
2014/07/15,77.60,77.73,76.52,76.85,0,77.13
2014/07/16,77.60,77.73,76.52,76.85,0,77.13
2014/07/17,77.60,77.73,76.52,76.85,0,77.13
2014/07/18,77.60,77.73,76.52,76.85,0,77.13
2014/07/21,77.60,77.73,76.52,76.85,0,77.13
2014/07/22,77.60,77.73,76.52,76.85,0,77.13
2014/07/23,77.60,77.73,76.52,76.85,0,77.13
2014/07/24,80.78,83.28,79.36,80.23,48483456,81.32
2014/07/25,80.64,85.03,79.69,82.60,39519751,82.36
2014/07/28,81.99,85.24,80.98,84.36,44478280,83.11
2014/07/29,83.95,85.91,83.21,84.97,44576971,84.56
2014/07/30,84.09,84.63,83.21,83.41,26883665,83.92
2014/07/31,83.55,84.83,83.14,84.29,21538216,83.98
2014/08/01,83.48,83.88,81.65,81.86,28083278,82.77
2014/08/04,81.92,85.10,81.92,84.63,28510197,83.51
2014/08/05,84.63,85.71,83.61,84.56,19903636,84.66
2014/08/06,84.49,88.75,84.02,87.87,47496396,86.38
2014/08/07,87.60,90.31,86.59,88.75,35526020,88.45
2014/08/08,87.81,89.63,87.13,87.67,28736060,88.38
2014/08/11,88.28,89.83,87.87,88.82,27559826,88.85
2014/08/12,88.82,90.92,87.67,87.87,33962903,89.30
2014/08/13,87.40,91.46,86.99,90.85,43384895,89.22
2014/08/14,90.44,91.32,85.10,85.64,52213382,88.21
2014/08/15,85.37,87.20,85.24,85.71,27653397,86.22
2014/08/18,85.98,87.60,85.98,86.93,17471494,86.79
2014/08/19,87.74,88.89,87.26,87.87,24777997,88.08
2014/08/20,87.20,87.60,86.05,86.52,28002883,86.82
2014/08/21,86.79,88.14,86.12,87.26,20166436,87.13
2014/08/22,87.33,88.08,86.45,86.72,19015505,87.27
2014/08/25,86.86,88.55,86.52,88.14,25830191,87.53
2014/08/26,88.14,88.14,83.41,83.82,34387887,85.77
2014/08/27,83.95,84.90,83.55,84.36,14256425,84.23
2014/08/28,84.29,84.76,83.34,83.34,11151248,84.05
2014/08/29,83.61,84.56,83.07,84.49,8815606,83.81
2014/09/01,84.49,86.52,84.22,86.39,17314940,85.37
2014/09/02,86.05,87.60,85.91,87.26,20232354,86.75
2014/09/03,87.06,88.01,86.66,86.93,20657410,87.34
2014/09/04,87.20,88.55,86.86,88.08,23159452,87.70
2014/09/05,88.75,89.36,87.33,88.55,23443840,88.34
2014/09/09,88.62,89.63,88.01,89.36,20607422,88.82
2014/09/10,88.21,88.68,87.26,88.01,21689161,87.97
2014/09/11,87.87,93.15,87.54,90.64,52757624,90.35
2014/09/12,90.64,92.47,89.97,91.93,31934418,91.22
2014/09/15,92.88,95.11,91.39,91.59,38562112,93.25
2014/09/16,91.93,94.02,89.97,90.78,40327650,91.99
2014/09/17,93.82,98.69,91.93,95.71,55447481,95.31
2014/09/18,93.82,95.58,93.08,94.36,28487071,94.33
2014/09/19,95.04,97.00,94.30,95.31,28039204,95.65
2014/09/22,95.24,95.78,92.81,93.28,22505362,94.30
2014/09/23,93.15,95.85,92.54,95.78,24496520,94.20
2014/09/24,95.51,97.13,94.50,96.59,28482921,95.81
2014/09/25,97.20,98.08,94.84,95.58,26660126,96.46
2014/09/26,94.97,95.71,94.23,95.04,16447572,94.97
2014/09/29,95.11,97.54,95.11,96.53,22477439,96.33
2014/09/30,96.80,98.28,96.26,97.00,18097792,97.27
2014/10/08,97.07,99.09,96.19,98.76,26263097,97.64
2014/10/09,98.76,100.38,97.07,97.88,25958720,98.72
2014/10/10,97.47,97.47,95.04,95.38,27704848,96.26
2014/10/13,94.90,97.20,94.63,97.07,21135495,95.91
2014/10/14,96.86,100.72,96.53,98.08,31210419,98.63
2014/10/15,98.15,98.82,95.92,97.74,16347732,97.37
2014/10/16,97.74,99.16,97.00,97.61,17899548,98.08
2014/10/17,97.40,97.40,93.15,94.30,25740017,95.28
2014/10/20,94.90,96.19,93.15,95.31,11302637,94.67
2014/10/21,95.51,96.86,94.57,95.17,13016223,95.71
2014/10/22,94.97,96.12,91.52,91.93,20276500,93.82
2014/10/23,93.21,93.62,91.86,92.33,14817154,92.74
2014/10/24,92.81,93.69,92.33,93.35,10419970,93.01
2014/10/27,93.15,95.85,92.13,95.11,12864934,93.99
2014/10/28,95.51,96.93,94.97,96.93,15221232,95.95
2014/10/29,97.00,98.01,96.39,97.20,20040252,97.20
2014/10/30,96.93,96.93,94.90,95.31,23667584,95.92
2014/10/31,95.11,96.12,93.82,94.50,21607173,94.97
2014/11/03,94.50,95.51,94.30,94.77,13031405,94.91
2014/11/04,94.77,95.38,92.40,92.47,18586286,93.89
2014/11/05,92.33,94.43,91.66,93.48,14775338,93.05
2014/11/06,92.94,94.50,92.54,94.43,9376057,93.52
2014/11/07,95.38,96.19,92.61,92.94,17883102,94.40
2014/11/10,93.01,93.62,92.13,93.21,11782339,92.88
2014/11/11,93.69,93.89,87.81,89.02,25701482,90.85
2014/11/12,89.09,90.10,88.01,89.50,13843187,89.05
2014/11/13,89.63,89.77,86.25,87.60,19964867,88.01
2014/11/14,87.67,88.35,86.52,87.81,9469435,87.43
2014/11/17,88.08,89.23,87.33,88.41,10699906,88.28
2014/11/18,88.48,89.02,87.67,88.68,8634211,88.34
2014/11/19,88.82,89.50,87.33,89.50,13131483,88.41
2014/11/20,89.23,89.56,88.35,88.48,8111568,88.95
2014/11/21,88.41,89.43,87.81,89.02,11135426,88.62
2014/11/24,90.10,91.25,89.23,90.44,18704196,90.24
2014/11/25,90.44,92.40,89.90,92.40,18219453,91.15
2014/11/26,92.33,93.01,90.58,92.47,14533956,91.80
2014/11/27,92.74,93.69,91.25,91.93,19302618,92.47
2014/11/28,91.79,91.86,89.16,89.83,22858916,90.51
2014/12/01,89.77,92.94,88.89,92.88,27280439,90.91
2014/12/02,92.74,95.31,92.20,93.89,31684512,93.76
2014/12/03,94.16,97.20,92.54,96.86,48895311,94.87
2014/12/04,96.86,97.74,95.92,96.93,34609057,96.83
2014/12/05,97.54,97.54,92.47,94.09,31874808,95.01
2014/12/08,93.89,95.44,92.94,93.89,26592664,94.19
2014/12/09,93.82,95.51,89.97,90.24,33670581,92.74
2014/12/10,90.64,96.19,90.44,95.85,37556381,93.31
2014/12/11,95.78,98.96,94.57,97.54,55206678,96.76
2014/12/12,97.54,98.82,96.26,97.20,34329493,97.54
2014/12/15,96.86,102.54,96.19,100.99,50548735,99.37
2014/12/16,101.46,103.89,99.97,102.27,42893105,101.93
2014/12/17,102.07,102.07,97.88,98.82,35057073,99.97
2014/12/18,97.88,101.26,97.68,100.24,27008141,99.47
2014/12/19,99.91,100.04,95.17,96.12,34830981,97.61
2014/12/22,95.11,95.11,89.29,90.37,33810230,92.20
2014/12/23,90.78,92.27,87.74,88.28,21782567,90.00
2014/12/24,89.09,90.64,88.82,90.24,14682097,89.73
2014/12/25,90.64,91.59,90.04,90.92,13709980,90.82
2014/12/26,91.12,92.47,91.05,91.73,12465794,91.76
2014/12/29,92.06,92.06,88.28,88.75,16220437,90.17
2014/12/30,88.82,89.77,86.72,87.60,17430711,88.24
2014/12/31,87.40,89.43,87.06,88.55,10753671,88.25
2015/01/05,88.55,91.05,87.13,90.78,18866271,89.09
2015/01/06,89.97,91.73,88.48,91.46,21647691,90.11
2015/01/07,92.47,93.01,90.58,91.32,15915109,91.80
2015/01/08,91.32,91.93,89.36,89.83,11420865,90.65
2015/01/09,89.77,91.46,89.09,89.09,10761020,90.27
2015/01/12,88.48,90.17,87.26,87.60,10603600,88.72
2015/01/13,87.67,89.97,87.67,89.77,10172293,88.82
2015/01/14,89.77,90.44,88.48,88.89,8372187,89.46
2015/01/15,88.68,89.70,88.14,89.09,8333116,88.92
2015/01/16,89.43,91.73,88.95,91.73,17197320,90.34
2015/01/19,89.97,94.09,89.09,90.58,28822838,91.59
2015/01/20,90.64,94.50,90.64,94.16,25994208,92.57
2015/01/21,94.63,98.01,93.82,95.85,31980019,95.91
2015/01/22,96.05,97.74,95.38,95.85,22277766,96.56
2015/01/23,96.59,99.91,95.99,97.40,31859485,97.95
2015/01/26,97.91,101.29,97.71,99.80,27285142,99.50
2015/01/27,100.41,102.91,98.52,100.28,28958412,100.71
2015/01/28,100.75,104.00,100.41,103.12,21470344,102.20
2015/01/29,100.75,104.00,100.41,103.12,0,102.20
2015/01/30,100.75,104.00,100.41,103.12,0,102.20
2015/02/02,100.75,104.00,100.41,103.12,0,102.20
2015/02/03,100.75,104.00,100.41,103.12,0,102.20
2015/02/04,100.75,104.00,100.41,103.12,0,102.20
2015/02/05,100.75,104.00,100.41,103.12,0,102.20
2015/02/06,100.75,104.00,100.41,103.12,0,102.20
2015/02/09,100.75,104.00,100.41,103.12,0,102.20
2015/02/10,100.75,104.00,100.41,103.12,0,102.20
2015/02/11,100.75,104.00,100.41,103.12,0,102.20
2015/02/12,100.75,104.00,100.41,103.12,0,102.20
2015/02/13,100.75,104.00,100.41,103.12,0,102.20
2015/02/16,100.75,104.00,100.41,103.12,0,102.20
2015/02/17,109.74,113.26,105.01,113.26,16799457,109.14
2015/02/25,116.50,118.46,109.67,111.63,44242779,114.06
2015/02/26,111.57,114.00,109.40,110.96,24540237,111.70
2015/02/27,111.03,112.78,110.08,111.84,20599611,111.43
2015/03/02,114.20,122.59,114.20,120.08,50111928,118.40
2015/03/03,119.81,122.45,117.18,118.87,37722968,119.82
2015/03/04,118.87,118.87,116.16,118.12,19362717,117.52
2015/03/05,118.53,120.96,116.23,116.57,20692233,118.59
2015/03/06,118.53,118.53,112.51,113.87,24712755,115.52
2015/03/09,113.87,113.87,111.36,113.19,16640249,112.62
2015/03/10,113.19,115.49,112.24,114.14,14152105,113.86
2015/03/11,114.14,117.65,114.14,116.70,17168414,115.90
2015/03/12,116.50,117.52,110.28,111.50,25879283,113.90
2015/03/13,111.77,112.78,110.76,112.11,12619638,111.77
2015/03/16,112.78,116.30,112.78,114.81,17846855,114.54
2015/03/17,116.16,117.72,113.66,115.35,18748546,115.69
2015/03/18,115.83,118.46,115.62,118.06,22443355,117.04
2015/03/19,117.99,118.39,115.96,116.77,24042604,117.17
2015/03/20,117.11,118.06,115.15,116.10,27414658,116.61
2015/03/23,116.50,120.36,115.76,119.75,37088757,118.06
2015/03/24,120.29,121.71,115.83,119.21,35707431,118.77
2015/03/25,119.75,126.57,119.27,125.29,42549350,122.92
2015/03/26,124.61,128.53,121.50,123.06,34592551,125.02
2015/03/27,123.19,125.09,121.64,123.53,18518834,123.37
2015/03/30,124.28,130.70,123.80,129.35,35254375,127.25
2015/03/31,131.37,133.33,127.79,130.09,43539693,130.56
2015/04/01,130.56,132.86,128.67,131.24,32470141,130.77
2015/04/02,131.31,138.00,129.21,135.90,51872307,133.61
2015/04/03,135.84,138.54,133.81,137.12,35906384,136.17
2015/04/07,137.05,142.19,135.43,137.32,44516056,138.81
2015/04/08,138.20,140.16,131.24,133.33,43344530,135.70
2015/04/09,133.40,134.62,123.67,129.68,42849515,129.15
2015/04/10,129.21,131.64,127.39,130.63,22370947,129.51
2015/04/13,130.77,143.54,129.68,143.54,54898044,136.61
2015/04/14,145.64,149.56,140.97,142.87,52060912,145.27
2015/04/15,141.51,141.51,133.88,134.62,31419639,137.69
2015/04/16,132.39,140.50,130.70,139.35,32547693,135.60
2015/04/17,142.39,145.03,137.26,138.34,35102296,141.14
2015/04/20,136.11,140.16,133.74,134.21,34154994,136.95
2015/04/21,135.43,140.70,135.43,140.09,34592197,138.06
2015/04/22,140.16,147.40,138.81,144.42,45609937,143.11
2015/04/23,145.91,148.88,142.19,145.10,46544625,145.53
2015/04/24,141.99,144.69,138.00,141.38,36808866,141.34
2015/04/27,142.73,144.83,138.20,139.82,32236547,141.52
2015/04/28,139.96,140.50,132.19,132.73,36026533,136.34
2015/04/29,131.04,136.51,131.04,134.75,20971627,133.77
2015/04/30,135.16,141.04,134.08,135.70,21517203,137.56
2015/05/04,134.21,137.39,134.21,135.63,15751693,135.80
2015/05/05,135.77,136.78,127.32,128.26,29255762,132.05
2015/05/06,128.33,130.36,123.40,124.61,20789674,126.88
2015/05/07,125.36,127.72,123.80,125.36,17810402,125.76
2015/05/08,127.18,129.89,125.49,129.62,18607980,127.69
2015/05/11,131.71,140.84,129.68,137.46,33209120,135.26
2015/05/12,137.32,139.82,136.11,138.34,30833989,137.97
2015/05/13,138.34,142.60,135.77,142.05,39047119,139.19
2015/05/14,144.22,146.58,140.43,142.73,38022211,143.51
2015/05/15,143.22,143.22,136.37,138.21,28684146,139.80
2015/05/18,137.69,143.93,136.98,142.87,42363604,140.45
2015/05/19,142.96,144.89,139.71,143.58,46103141,142.30
2015/05/20,146.65,154.56,144.45,148.94,65848999,149.50
2015/05/21,149.02,156.76,147.62,154.74,46983437,152.19
2015/05/22,155.44,165.63,150.25,161.59,65724705,157.94
2015/05/25,158.08,162.38,156.14,160.54,54604259,159.26
2015/05/26,160.89,165.37,157.64,162.56,63796979,161.50
2015/05/27,162.29,162.38,156.41,159.39,56909727,159.39
2015/05/28,158.52,164.05,146.21,146.74,63549390,155.13
2015/05/29,146.65,153.68,142.08,150.69,51638372,147.88
2015/06/01,150.96,157.02,148.41,156.58,45233337,152.72
2015/06/02,156.67,172.05,156.58,171.26,78343985,164.32
2015/06/03,171.61,177.32,165.90,167.74,68025800,171.61
2015/06/04,168.53,171.26,155.44,164.32,58966894,163.35
2015/06/05,166.95,177.41,166.95,172.14,71336484,172.18
2015/06/08,173.19,174.69,164.32,165.37,80019083,169.50
2015/06/09,164.32,165.72,159.04,162.21,54483462,162.38
2015/06/10,162.21,168.45,159.83,165.19,50858671,164.14
2015/06/11,168.62,171.26,165.81,165.99,54229672,168.53
2015/06/12,166.42,167.57,164.32,165.90,60321655,165.94
2015/06/15,166.78,175.56,164.05,174.33,108875888,169.81
2015/06/16,171.08,171.08,161.59,164.05,66867369,166.34
2015/06/17,163.00,165.72,154.21,163.79,48789853,159.97
2015/06/18,161.42,163.35,154.38,154.65,40655146,158.86
2015/06/19,150.87,153.59,140.94,142.43,36334579,147.27
2015/06/23,144.81,148.94,129.51,147.18,52341000,139.22
2015/06/24,149.20,152.45,145.77,150.25,41426594,149.11
2015/06/25,150.61,151.92,138.39,142.61,35840679,145.15
2015/06/26,135.23,140.06,128.55,128.55,52807055,134.31
2015/06/29,134.00,134.70,115.98,123.19,68732876,125.34
2015/06/30,124.68,135.31,115.81,135.31,60402419,125.56
2015/07/01,135.58,143.22,130.22,133.03,67901892,136.72
2015/07/02,133.65,136.55,120.29,123.01,54048553,128.42
2015/07/03,120.02,128.64,110.88,111.50,69746718,119.76
2015/07/06,122.48,122.48,109.04,113.34,43967680,115.76
2015/07/07,122.48,122.48,109.04,113.34,0,115.76
2015/07/08,122.48,122.48,109.04,113.34,0,115.76
2015/07/09,122.48,122.48,109.04,113.34,0,115.76
2015/07/10,115.89,124.51,115.89,124.51,48468178,120.20
2015/07/13,134.88,136.81,128.46,136.81,85187150,132.64
2015/07/14,136.55,146.21,132.24,137.69,106923127,139.23
2015/07/15,133.47,136.81,124.07,124.07,63005625,130.44
2015/07/16,124.07,130.75,116.60,127.23,52595655,123.67
2015/07/17,128.02,136.11,127.23,133.47,49518836,131.67
2015/07/20,133.82,138.13,131.18,133.65,52704264,134.66
2015/07/21,130.39,134.88,128.55,133.29,42766277,131.72
2015/07/22,133.47,137.07,132.24,134.88,42657106,134.66
2015/07/23,134.96,139.01,133.21,137.51,55473105,136.11
2015/07/24,136.90,147.09,135.93,143.14,107011346,141.51
2015/07/27,139.62,147.53,128.99,129.95,106867862,138.26
2015/07/28,124.68,135.49,121.25,133.56,82853025,128.37
2015/07/29,135.23,141.12,130.83,140.94,56788461,135.98
2015/07/30,140.50,143.93,133.47,133.91,66888520,138.70
2015/07/31,131.27,136.37,131.18,134.44,48992691,133.78
2015/08/03,133.47,138.65,126.97,136.19,55403218,132.81
2015/08/04,136.63,141.99,135.40,141.73,51552708,138.70
2015/08/05,140.50,143.49,137.86,137.86,50053563,140.68
2015/08/06,134.35,140.68,133.56,136.37,31107403,137.12
2015/08/07,137.86,140.50,136.90,139.18,35413915,138.70
2015/08/10,139.88,145.33,139.09,144.37,63158067,142.21
2015/08/11,142.52,145.33,141.20,143.14,54720972,143.27
2015/08/12,140.94,142.61,137.95,138.39,36769833,140.28
2015/08/13,137.34,140.50,135.67,140.50,27876627,138.08
2015/08/14,141.03,144.45,140.15,140.50,34976713,142.30
2015/08/17,140.32,140.32,136.72,139.53,30069228,138.52
2015/08/18,139.80,140.50,125.74,125.74,49198082,133.12
2015/08/19,123.19,126.79,113.70,125.47,51052657,120.25
2015/08/20,123.80,128.72,122.66,123.28,36550501,125.69
2015/08/21,120.46,122.75,111.15,111.15,45627365,116.95
2015/08/24,107.11,108.42,100.16,100.16,36106259,104.29
2015/08/25,90.32,93.66,90.32,90.32,58982215,91.99
2015/08/26,91.02,94.45,82.50,82.94,53003914,88.48
2015/08/27,86.45,88.21,81.44,87.68,37734509,84.82
2015/08/28,90.41,94.19,88.65,94.01,44755951,91.42
2015/08/31,93.92,93.92,89.53,89.53,31791363,91.73
2015/09/01,89.62,91.64,83.64,85.66,40529991,87.64
2015/09/02,81.62,88.74,79.95,87.77,41439307,84.34
2015/09/07,89.44,93.04,88.56,89.79,31241679,90.80
2015/09/08,89.27,93.92,88.39,93.40,26862202,91.16
2015/09/09,94.19,102.54,93.92,101.13,59171802,98.23
2015/09/10,98.23,100.51,96.65,97.17,29158594,98.58
2015/09/11,100.95,102.54,98.05,99.28,33601667,100.30
2015/09/14,99.64,99.64,89.53,89.53,38621275,94.59
2015/09/15,86.01,91.11,82.67,84.26,29621444,86.89
2015/09/16,86.01,92.52,84.70,92.43,30581520,88.61
2015/09/17,91.99,98.05,89.97,92.17,45557600,94.01
2015/09/18,93.04,97.26,92.69,95.94,29683967,94.98
2015/09/21,94.01,99.99,93.48,99.55,30812977,96.73
2015/09/22,100.08,100.69,96.74,98.05,29762291,98.71
2015/09/23,96.30,101.31,95.51,98.84,31497050,98.41
2015/09/24,99.64,100.51,96.65,98.05,23442196,98.58
2015/09/25,98.05,98.14,92.43,93.13,26130493,95.29
2015/09/28,92.25,95.59,92.17,95.15,14831468,93.88
2015/09/29,93.22,94.45,90.67,91.73,19098031,92.56
2015/09/30,92.96,94.27,92.17,92.52,12027797,93.22
2015/10/08,96.56,99.55,95.15,98.23,28465342,97.35
2015/10/09,98.32,106.93,97.53,103.94,41005755,102.23
2015/10/12,104.91,110.44,104.47,109.04,42640221,107.45
2015/10/13,107.37,111.32,107.19,110.36,35937416,109.25
2015/10/14,109.74,111.94,107.19,107.37,35023714,109.56
2015/10/15,107.37,110.97,107.28,110.27,27059668,109.13
2015/10/16,111.06,120.64,108.51,117.48,56744029,114.58
2015/10/19,117.91,118.97,113.87,114.93,43162549,116.42
2015/10/20,116.86,117.30,114.58,116.60,28177299,115.94
2015/10/21,116.95,119.50,107.19,109.48,49606925,113.34
2015/10/22,110.44,114.14,107.02,113.52,32456669,110.58
2015/10/23,114.93,119.85,112.47,118.79,42362499,116.16
2015/10/26,121.52,121.69,117.83,119.76,41172605,119.76
2015/10/27,118.09,119.58,111.24,118.79,50281576,115.41
2015/10/28,118.35,119.41,112.82,113.34,41706488,116.11
2015/10/29,114.84,115.98,112.99,114.84,21263622,114.48
2015/10/30,117.21,124.24,116.86,118.00,56103896,120.55
2015/11/02,116.16,122.05,115.72,116.86,40021193,118.88
2015/11/03,117.04,122.48,113.61,119.94,46516795,118.05
2015/11/04,120.11,126.44,119.32,126.35,56082437,122.88
2015/11/05,124.68,130.04,123.80,124.24,59616543,126.92
2015/11/06,124.24,126.88,123.45,125.74,39581760,125.16
2015/11/09,125.74,128.11,123.01,126.88,44355720,125.56
2015/11/10,125.82,131.98,123.36,129.34,60359942,127.67
2015/11/11,128.20,142.08,126.88,136.28,74971180,134.48
2015/11/12,137.86,144.89,135.23,139.27,79183525,140.06
2015/11/13,136.55,140.41,131.80,134.70,54183638,136.11
2015/11/16,130.48,135.84,129.95,135.31,31061538,132.89
2015/11/17,138.57,139.88,131.36,131.89,48221633,135.62
2015/11/18,131.45,133.29,125.65,126.35,38177777,129.47
2015/11/19,127.32,138.83,126.35,138.83,79802390,132.59
2015/11/20,138.57,145.33,135.93,142.43,119822970,140.63
2015/11/23,140.41,142.08,136.28,137.42,48700551,139.18
2015/11/24,138.74,139.53,136.11,139.01,28206075,137.82
2015/11/25,139.01,140.94,137.25,139.71,33332853,139.09
2015/11/26,139.62,145.42,138.39,140.24,57032025,141.90
2015/11/27,137.95,143.22,128.28,130.48,65725689,135.75
2015/11/30,132.15,142.26,124.95,141.91,67545232,133.60
2015/12/01,139.62,145.42,134.79,138.13,60235679,140.10
2015/12/02,137.25,137.69,129.08,134.79,38193970,133.39
2015/12/03,134.79,139.45,134.52,138.13,32395468,136.98
2015/12/04,136.46,137.86,132.41,134.35,40446823,135.14
2015/12/07,134.44,136.11,132.41,134.08,27217218,134.26
2015/12/08,132.50,133.03,126.70,127.05,38669785,129.87
2015/12/09,127.05,131.36,125.65,128.72,24477314,128.51
2015/12/10,128.20,128.55,125.21,125.30,32032081,126.88
2015/12/11,125.30,126.88,123.89,125.21,18771626,125.38
2015/12/14,123.71,130.04,123.71,129.51,27607760,126.87
2015/12/15,129.60,130.39,127.93,128.64,23960981,129.16
2015/12/16,129.95,131.45,128.55,128.99,19577577,130.00
2015/12/17,129.95,133.03,129.95,131.36,30710595,131.49
2015/12/18,131.36,135.93,127.76,133.47,48136001,131.85
2015/12/21,131.98,134.44,130.57,132.85,30469155,132.50
2015/12/22,133.12,135.14,132.59,134.96,28658613,133.86
2015/12/23,134.79,135.67,131.80,134.61,34127178,133.73
2015/12/24,134.79,134.79,130.92,132.85,21252390,132.85
2015/12/25,132.85,137.34,131.62,136.63,33168849,134.48
2015/12/28,137.69,140.32,134.35,135.23,57332071,137.33
2015/12/29,137.69,140.32,134.35,135.23,0,137.33
2015/12/30,137.69,140.32,134.35,135.23,0,137.33
2015/12/31,137.69,140.32,134.35,135.23,0,137.33
2016/01/04,137.69,140.32,134.35,135.23,0,137.33
2016/01/05,137.69,140.32,134.35,135.23,0,137.33
2016/01/06,127.76,132.24,127.32,131.71,45406010,129.78
2016/01/07,128.20,128.72,118.71,118.71,10754020,123.71
2016/01/08,115.98,120.81,108.07,115.19,42388832,114.44
2016/01/11,111.50,114.40,103.85,103.85,29373218,109.13
2016/01/12,101.83,104.12,95.94,99.81,33295585,100.03
2016/01/13,102.45,104.12,97.61,98.14,26949951,100.87
2016/01/14,93.92,102.71,93.75,101.66,28049432,98.23
2016/01/15,101.31,107.11,100.08,102.89,42403596,103.59
2016/01/18,98.41,105.35,98.41,102.98,27977532,101.88
2016/01/19,104.12,107.98,103.06,106.84,34493963,105.52
2016/01/20,106.93,107.98,103.50,104.29,29047254,105.74
2016/01/21,102.45,104.29,97.53,97.61,32106876,100.91
2016/01/22,99.46,100.08,94.98,99.99,22695426,97.53
2016/01/25,100.60,101.39,98.76,99.72,20353327,100.08
2016/01/26,97.88,98.32,89.88,89.88,32274680,94.10
2016/01/27,90.14,90.76,83.91,87.77,28899213,87.34
2016/01/28,87.16,89.53,84.17,85.14,22577580,86.85
2016/01/29,85.84,90.94,85.14,89.62,19954177,88.04
2016/02/01,86.98,89.09,83.38,85.57,32385958,86.23
2016/02/02,86.10,89.00,85.66,88.47,23839432,87.33
2016/02/03,86.81,91.73,86.28,90.76,28198142,89.01
2016/02/04,91.02,94.27,90.32,93.13,28161715,92.29
2016/02/05,93.57,94.27,90.58,90.94,17178168,92.42
2016/02/15,87.95,93.84,87.68,92.69,18286290,90.76
2016/02/16,93.04,95.86,92.25,95.33,24995690,94.05
2016/02/17,94.36,96.38,93.13,95.59,21539912,94.75
2016/02/18,95.86,96.38,93.57,93.84,25615339,94.97
2016/02/19,93.66,94.63,92.43,93.40,17153172,93.53
2016/02/22,94.80,96.47,94.01,95.86,25926993,95.24
2016/02/23,95.68,97.70,94.27,95.51,27942964,95.98
2016/02/24,95.33,95.94,92.52,94.98,23444124,94.23
2016/02/25,96.03,97.00,85.66,85.75,44372725,91.33
2016/02/26,87.07,87.86,83.99,85.84,24663769,85.92
2016/02/29,85.93,86.54,77.40,78.81,37249439,81.97
2016/03/01,79.25,82.67,78.54,81.80,27130223,80.61
2016/03/02,81.44,87.24,81.44,86.63,34764020,84.34
2016/03/03,88.65,95.15,88.12,89.79,54762260,91.64
2016/03/04,89.53,93.84,86.81,89.00,42129400,90.33
2016/03/07,91.11,93.22,90.14,91.90,31902165,91.68
2016/03/08,93.04,93.04,87.95,91.55,31524136,90.50
2016/03/09,88.47,89.35,86.72,86.98,26942249,88.03
2016/03/10,87.60,87.95,84.61,85.14,19858027,86.28
2016/03/11,83.20,85.49,83.20,84.70,14210518,84.34
2016/03/14,86.19,89.18,86.19,87.77,23212316,87.69
2016/03/15,87.60,89.71,87.16,87.33,21016485,88.43
2016/03/16,88.21,88.65,85.22,86.19,18088078,86.94
2016/03/17,87.07,90.94,86.45,90.94,35069414,88.70
2016/03/18,91.20,95.24,91.20,93.66,41038161,93.22
2016/03/21,94.63,95.33,93.31,95.24,38950669,94.32
2016/03/22,94.01,96.56,93.57,94.36,33282280,95.06
2016/03/23,93.92,95.33,92.96,94.89,26945208,94.14
2016/03/24,93.75,93.84,91.81,91.99,28027963,92.83
2016/03/25,91.64,92.69,91.29,92.52,19278964,91.99
2016/03/28,92.96,94.98,91.37,91.81,25901898,93.18
2016/03/29,92.17,93.22,90.41,91.11,21289366,91.81
2016/03/30,92.17,94.54,91.73,94.45,28494149,93.14
2016/03/31,95.07,96.21,93.92,94.63,29486425,95.06
2016/04/01,94.54,95.24,91.99,93.57,20114435,93.61
2016/04/05,94.01,99.55,93.75,99.28,48932703,96.65
2016/04/06,98.76,105.52,98.14,101.13,63936849,101.83
2016/04/07,101.48,103.15,97.88,99.20,54572096,100.52
2016/04/08,98.32,102.27,97.61,100.51,43692833,99.94
2016/04/11,101.57,103.41,100.87,101.66,36388068,102.14
2016/04/12,101.66,101.92,97.88,99.37,30446119,99.90
2016/04/13,100.87,104.29,100.34,101.57,44435207,102.32
2016/04/14,102.01,102.89,100.95,102.71,25528813,101.92
2016/04/15,102.89,103.41,100.78,102.45,27563450,102.09
2016/04/18,101.22,101.39,98.84,99.46,23893893,100.12
2016/04/19,100.16,100.87,98.76,99.46,18435394,99.82
2016/04/20,100.34,102.18,91.11,93.22,48565707,96.65
2016/04/21,93.75,96.12,91.81,92.69,31825068,93.97
2016/04/22,91.99,92.96,90.41,92.78,22969213,91.68
2016/04/25,94.71,96.03,92.78,95.33,29158899,94.41
2016/04/26,95.94,97.88,94.89,96.30,26320925,96.38
2016/04/27,98.32,100.60,97.35,97.97,35305116,98.97
2016/04/28,97.17,98.23,94.54,97.26,23353178,96.39
2016/04/29,97.00,99.64,96.82,98.14,20051824,98.23
2016/05/03,98.84,103.06,98.14,102.54,37588064,100.60
2016/05/04,101.83,103.68,101.31,101.74,33432573,102.50
2016/05/05,101.74,109.30,101.04,108.25,67895918,105.17
2016/05/06,107.11,109.48,102.45,102.62,65686492,105.97
2016/05/09,100.95,109.92,98.76,106.75,84144695,104.34
2016/05/10,105.44,111.06,101.83,109.30,72976883,106.45
2016/05/11,110.27,111.68,106.31,106.75,57822803,109.00
2016/05/12,103.59,112.82,102.45,112.82,72677734,107.63
2016/05/13,112.55,123.28,111.59,118.27,118061469,117.44
2016/05/16,116.77,129.95,116.16,129.95,139915038,123.05
2016/05/17,130.83,132.15,122.40,122.84,136796613,127.28
2016/05/18,120.29,123.19,114.31,118.00,92292654,118.75
2016/05/19,118.09,125.38,117.30,124.59,91535077,121.34
2016/05/20,121.96,126.88,118.18,120.90,78890338,122.53
2016/05/23,120.99,124.95,119.50,123.28,72358296,122.23
2016/05/24,123.28,129.60,120.90,127.41,110130352,125.25
2016/05/25,127.14,129.69,123.45,124.33,93756643,126.57
2016/05/26,124.07,126.35,117.83,124.07,66343940,122.09
2016/05/27,122.92,123.98,118.71,119.23,59128109,121.34
2016/05/30,119.32,120.11,115.89,117.48,43024746,118.00
2016/05/31,120.11,126.26,118.97,125.74,73704466,122.62
2016/06/01,125.91,138.21,125.91,131.71,257053292,132.06
2016/06/02,130.13,135.93,128.55,131.01,191576506,132.24
2016/06/03,131.89,134.00,129.08,130.66,141605952,131.54
2016/06/06,130.66,143.49,128.90,143.49,262761328,136.20
2016/06/07,143.49,154.91,138.92,145.95,362503612,146.91
2016/06/08,144.19,160.01,143.31,154.74,319546672,151.66
2016/06/13,151.40,165.81,150.17,154.38,363370765,157.99
2016/06/14,153.15,157.90,146.65,151.40,236957044,152.28
2016/06/15,148.41,166.34,148.41,166.34,398480800,157.38
2016/06/16,164.93,170.03,162.12,163.52,356877063,166.08
2016/06/17,163.88,166.51,160.18,161.59,233318469,163.34
2016/06/20,159.83,163.00,154.56,158.25,188316137,158.78
2016/06/21,159.83,160.36,147.71,151.92,228078966,154.04
2016/06/22,151.57,158.95,149.64,158.43,199627195,154.29
2016/06/23,156.49,158.60,151.22,152.98,133503080,154.91
2016/06/24,152.63,157.90,146.12,153.86,178867662,152.01
2016/06/27,151.75,155.62,151.05,155.62,129812831,153.34
2016/06/28,154.74,157.55,151.40,153.33,137554061,154.48
2016/06/29,153.86,164.40,153.51,161.42,289689676,158.95
2016/06/30,159.83,160.71,154.03,155.97,178134783,157.37
2016/07/01,155.62,157.90,153.51,155.09,112689223,155.70
2016/07/04,153.86,159.48,152.98,156.49,134087087,156.23
2016/07/05,158.25,158.78,154.03,156.49,144925312,156.41
2016/07/06,154.38,163.00,153.86,160.36,222258032,158.43
2016/07/07,160.89,174.60,160.89,170.55,346283943,167.74
2016/07/08,167.04,170.03,163.00,163.17,191935196,166.52
2016/07/11,162.82,165.99,160.36,161.06,143846238,163.18
2016/07/12,161.42,163.17,153.86,159.66,147093115,158.52
2016/07/13,161.59,162.29,157.20,160.01,101369366,159.74
2016/07/14,160.18,160.18,157.20,158.25,78039797,158.69
2016/07/15,158.43,160.89,156.49,158.78,99028146,158.69
2016/07/18,157.72,157.72,152.98,153.51,118396265,155.35
2016/07/19,153.51,155.97,153.51,154.56,54535550,154.74
2016/07/20,155.09,158.60,154.38,156.67,92539888,156.49
2016/07/21,156.32,157.20,153.68,154.38,85379970,155.44
2016/07/22,154.74,155.09,149.82,149.99,99515573,152.45
2016/07/25,149.46,152.80,147.18,149.82,84953280,149.99
2016/07/26,149.46,152.10,148.76,150.52,58007100,150.43
2016/07/27,150.34,151.22,137.51,139.09,134323500,144.36
2016/07/28,138.74,141.55,132.06,136.11,98985400,136.81
2016/07/29,136.11,136.28,132.77,134.17,51754723,134.53
2016/08/01,133.65,133.82,129.78,132.24,51027771,131.80
2016/08/02,132.59,136.46,132.59,135.23,63439389,134.53
2016/08/03,135.40,135.58,133.82,134.35,39466330,134.70
2016/08/04,134.52,139.80,134.35,138.04,85415047,137.08
2016/08/05,137.51,140.32,136.98,138.74,67349773,138.65
2016/08/08,138.04,138.39,134.88,138.39,55088587,136.63
