Date, SZ002702.Open, SZ002702.High, SZ002702.Low, SZ002702.Close, SZ002702.Volume, SZ002702.Adjusted
2012/10/11,28.90,28.90,26.60,26.68,7622317,27.41
2012/10/12,25.81,26.39,25.00,25.71,3733964,25.69
2012/10/15,25.51,26.02,25.26,25.78,2279482,25.72
2012/10/16,25.60,25.80,25.17,25.41,1562002,25.46
2012/10/17,25.41,25.50,24.85,25.00,1650762,25.09
2012/10/18,25.08,25.59,25.03,25.49,1372426,25.32
2012/10/19,25.47,25.52,25.07,25.08,1026839,25.23
2012/10/22,25.00,25.31,24.89,25.27,679368,25.20
2012/10/23,25.18,25.27,24.92,25.03,730183,25.07
2012/10/24,25.00,25.08,24.87,25.03,545416,24.97
2012/10/25,25.03,25.19,24.92,25.00,654019,25.00
2012/10/26,25.17,25.17,24.01,24.15,867455,24.52
2012/10/29,24.00,24.28,23.80,24.16,467200,24.06
2012/10/30,24.14,24.24,24.01,24.08,388316,24.09
2012/10/31,24.05,24.09,23.88,24.03,318815,23.98
2012/11/01,24.05,24.42,24.05,24.33,562512,24.29
2012/11/02,24.38,24.66,24.31,24.41,580586,24.46
2012/11/05,24.36,24.41,24.01,24.06,410386,24.14
2012/11/06,24.06,24.48,23.80,24.41,742736,24.13
2012/11/07,24.21,24.48,24.16,24.23,387250,24.31
2012/11/08,24.01,24.07,23.69,23.69,518980,23.87
2012/11/09,23.50,23.78,23.41,23.50,417697,23.57
2012/11/12,23.55,23.72,23.48,23.65,384000,23.57
2012/11/13,23.65,23.65,22.95,22.97,402023,23.24
2012/11/14,23.01,23.28,22.85,23.10,326113,23.09
2012/11/15,22.98,23.01,22.38,22.44,418676,22.69
2012/11/16,22.35,22.35,21.73,21.82,550307,21.91
2012/11/19,21.79,21.97,21.75,21.94,235710,21.87
2012/11/20,22.03,22.18,21.86,22.12,345689,22.08
2012/11/21,22.15,22.18,21.70,22.15,371189,22.00
2012/11/22,22.12,22.12,21.88,21.91,227418,21.98
2012/11/23,22.00,22.46,21.90,22.34,539661,22.28
2012/11/26,22.35,22.35,21.96,22.00,261312,22.08
2012/11/27,21.96,21.96,20.41,20.41,580380,21.04
2012/11/28,20.45,20.65,20.02,20.06,228965,20.15
2012/11/29,20.07,20.29,19.33,19.39,333914,19.78
2012/11/30,19.50,19.63,19.31,19.40,246922,19.46
2012/12/03,19.43,19.43,18.90,18.98,409229,19.05
2012/12/04,18.91,19.30,18.68,19.30,698954,19.01
2012/12/05,19.13,20.20,19.13,19.90,567747,19.90
2012/12/06,19.80,20.00,19.55,19.63,362401,19.72
2012/12/07,19.64,20.23,19.60,20.23,722168,20.02
2012/12/10,20.33,20.65,20.22,20.56,595573,20.48
2012/12/11,20.45,20.79,20.31,20.37,464192,20.50
2012/12/12,20.32,20.52,19.92,20.25,795653,20.19
2012/12/13,20.25,20.49,19.99,20.00,542890,20.27
2012/12/14,19.96,21.00,19.88,20.86,1660575,20.62
2012/12/17,20.98,20.98,20.51,20.90,1023789,20.76
2012/12/18,20.72,21.10,20.70,20.78,825262,20.91
2012/12/19,20.85,21.30,20.70,20.98,990250,21.06
2012/12/20,20.70,22.50,20.70,22.50,3083969,21.99
2012/12/21,22.50,24.21,22.45,24.00,3502241,23.61
2012/12/24,23.83,25.20,23.67,24.82,3197464,24.21
2012/12/25,24.50,25.44,24.20,24.85,3015126,24.77
2012/12/26,24.70,27.28,24.60,26.80,4191923,26.33
2012/12/27,27.01,27.40,26.11,26.66,3312546,26.78
2012/12/28,26.43,28.29,25.95,27.15,3730681,27.22
2012/12/31,26.80,27.49,25.91,26.36,2253452,26.55
2013/01/04,26.40,27.39,26.00,27.00,2655570,26.73
2013/01/07,26.88,27.30,26.41,26.92,1999559,26.78
2013/01/08,27.04,28.47,26.93,28.45,4313111,27.68
2013/01/09,28.20,29.10,27.30,28.07,4901332,28.25
2013/01/10,27.96,28.55,27.80,28.08,2404355,28.15
2013/01/11,28.50,29.58,28.20,29.24,4011430,29.06
2013/01/14,29.35,29.88,28.43,29.70,3759543,29.24
2013/01/15,29.38,29.38,28.81,29.13,2553611,29.04
2013/01/16,29.01,29.02,27.58,28.28,2286313,28.26
2013/01/17,28.34,28.34,27.45,27.45,1083509,27.79
2013/01/18,27.47,27.87,26.93,27.79,1131362,27.51
2013/01/21,27.73,28.20,27.57,28.07,1065794,27.89
2013/01/22,28.08,28.10,25.60,25.98,1695134,26.82
2013/01/23,25.80,25.90,25.01,25.79,1421422,25.43
2013/01/24,26.00,26.28,24.50,24.96,1746584,25.52
2013/01/25,24.91,25.56,24.91,25.46,842498,25.35
2013/01/28,25.50,26.35,25.50,26.31,1101187,26.05
2013/01/29,26.31,26.74,25.88,26.30,1277385,26.33
2013/01/30,26.16,26.28,25.47,25.60,1322510,25.72
2013/01/31,25.80,25.99,25.27,25.77,738361,25.65
2013/02/01,25.77,26.42,25.32,26.20,931083,26.07
2013/02/04,26.20,26.46,25.02,25.57,1099796,25.84
2013/02/05,25.51,26.46,25.12,26.20,931171,26.04
2013/02/06,26.20,26.40,26.01,26.26,733891,26.24
2013/02/07,26.25,26.36,25.71,26.18,674298,26.02
2013/02/08,26.15,26.70,26.13,26.49,894669,26.47
2013/02/18,26.80,27.38,26.75,27.15,1512543,27.09
2013/02/19,26.89,26.97,26.42,26.50,1015782,26.67
2013/02/20,26.60,27.40,26.31,27.32,1085706,26.98
2013/02/21,27.10,27.29,26.69,26.90,889168,26.93
2013/02/22,27.18,27.40,26.91,27.20,1004270,27.16
2013/02/25,27.38,27.40,26.70,27.20,865107,27.04
2013/02/26,27.00,27.49,26.85,26.88,1040380,27.11
2013/02/27,26.70,27.00,26.10,26.51,949100,26.51
2013/02/28,26.50,27.08,26.34,27.02,853946,26.78
2013/03/01,26.97,27.20,26.78,27.11,959924,27.02
2013/03/04,27.00,27.00,26.22,26.36,779074,26.52
2013/03/05,26.45,26.85,26.19,26.85,537078,26.66
2013/03/06,27.13,27.75,26.96,27.55,1399751,27.46
2013/03/07,27.56,28.16,27.34,27.71,1367401,27.81
2013/03/08,27.71,28.08,27.09,27.55,730366,27.62
2013/03/11,27.68,28.19,27.57,28.11,1159102,28.00
2013/03/12,28.11,28.11,25.90,26.11,1571254,26.83
2013/03/13,25.85,26.40,25.51,26.25,629132,26.06
2013/03/14,26.25,27.10,25.82,26.84,1275582,26.53
2013/03/15,27.50,27.50,26.30,26.57,1761929,26.81
2013/03/18,26.45,26.45,25.90,25.93,663938,26.09
2013/03/19,25.85,26.16,25.60,25.96,445703,25.90
2013/03/20,25.96,26.49,25.80,26.46,723068,26.26
2013/03/21,26.49,26.98,26.43,26.61,757815,26.69
2013/03/22,26.60,27.30,26.43,27.29,1306838,27.05
2013/03/25,27.39,27.66,27.20,27.40,1188384,27.44
2013/03/26,27.28,27.83,26.90,27.67,1248738,27.31
2013/03/27,27.67,28.08,27.40,27.68,1347786,27.75
2013/03/28,27.57,27.57,26.52,26.83,669882,27.04
2013/03/29,27.07,27.07,26.25,26.40,575202,26.56
2013/04/01,26.40,26.95,26.15,26.73,399776,26.63
2013/04/02,26.73,27.28,26.66,26.67,702383,26.96
2013/04/03,26.46,26.79,26.18,26.37,421460,26.37
2013/04/08,25.96,26.83,25.39,26.78,397455,26.33
2013/04/09,27.00,27.27,26.72,26.98,496753,27.05
2013/04/10,27.00,27.40,26.70,27.39,801440,27.15
2013/04/11,27.41,27.91,27.09,27.21,931209,27.51
2013/04/12,27.00,27.63,26.85,27.32,601767,27.24
2013/04/15,27.28,27.86,27.02,27.46,1046266,27.68
2013/04/16,27.38,27.66,26.81,27.31,555131,27.09
2013/04/17,27.20,28.55,27.20,28.52,1810290,28.00
2013/04/18,28.26,28.79,28.18,28.54,1489941,28.46
2013/04/19,28.72,29.55,28.48,29.35,2151810,29.15
2013/04/22,29.06,32.29,29.06,32.29,4119780,31.26
2013/04/23,32.50,34.14,31.80,32.79,4816986,32.61
2013/04/24,32.18,36.07,32.03,36.07,5059210,34.70
2013/04/25,37.30,38.98,35.01,35.10,6468132,36.91
2013/04/26,35.40,36.04,31.62,31.62,9549618,33.83
2013/05/02,31.28,32.48,31.26,32.24,5919745,31.87
2013/05/03,32.28,34.68,31.54,34.62,9554028,33.11
2013/05/06,34.92,38.06,34.72,38.06,11170738,36.39
2013/05/07,38.06,38.18,35.84,36.48,9590342,37.01
2013/05/08,36.28,37.22,35.32,36.82,6864281,36.27
2013/05/09,36.64,36.68,34.68,35.46,6138868,35.68
2013/05/10,35.08,35.80,34.40,35.02,3831150,35.10
2013/05/13,34.78,35.68,34.48,35.18,2989158,35.08
2013/05/14,35.28,35.44,33.50,33.58,3954343,34.47
2013/05/15,33.60,34.22,33.34,34.20,2758928,33.78
2013/05/16,34.20,34.48,33.52,33.74,3181371,34.00
2013/05/17,33.84,33.98,33.06,33.68,3226217,33.52
2013/05/20,33.94,34.76,33.74,34.60,4795332,34.25
2013/05/21,34.70,35.64,34.52,35.52,4541715,35.08
2013/05/22,35.44,35.44,33.74,33.78,4136787,34.59
2013/05/23,33.68,33.90,33.06,33.18,2389573,33.48
2013/05/24,33.28,33.82,33.18,33.78,1315654,33.50
2013/05/27,33.78,33.78,33.24,33.78,1831340,33.51
2013/05/28,34.08,36.54,34.04,36.08,8076145,35.29
2013/05/29,35.50,35.98,34.76,35.66,4389326,35.37
2013/05/30,35.30,36.88,35.20,36.74,6973631,36.04
2013/05/31,36.58,37.04,35.80,35.88,3774608,36.42
2013/06/03,35.44,35.48,33.98,34.02,3191495,34.73
2013/06/04,33.74,34.02,31.68,32.54,2797917,32.85
2013/06/05,32.56,33.18,32.08,32.62,1594041,32.63
2013/06/06,32.60,32.60,31.70,31.70,1259776,32.15
2013/06/07,31.68,32.48,31.16,32.06,1508777,31.82
2013/06/13,31.50,31.64,30.30,30.80,1036578,30.97
2013/06/14,30.80,32.26,30.80,31.94,1465474,31.53
2013/06/17,31.86,32.60,31.68,32.28,1657790,32.14
2013/06/18,32.26,32.64,31.24,31.76,1149220,31.94
2013/06/19,31.62,31.62,30.20,30.66,1381183,30.91
2013/06/20,30.48,30.96,29.20,29.36,1362274,30.08
2013/06/21,28.86,29.08,27.66,28.58,1094168,28.37
2013/06/24,28.78,29.20,26.68,27.74,1937744,27.94
2013/06/25,27.48,28.52,25.20,28.12,1760212,26.86
2013/06/26,28.28,29.26,27.68,29.14,1674434,28.47
2013/06/27,29.00,29.90,28.08,28.08,1839336,28.99
2013/06/28,27.36,28.64,27.36,27.88,910265,28.00
2013/07/01,27.94,28.68,27.68,28.62,903577,28.18
2013/07/02,28.52,29.36,28.52,29.24,1492002,28.94
2013/07/03,29.28,29.28,28.22,28.74,1652697,28.75
2013/07/04,29.26,30.70,28.88,29.40,1992668,29.79
2013/07/05,29.14,29.78,28.78,28.84,1057339,29.28
2013/07/08,28.24,28.24,26.88,27.02,1099791,27.56
2013/07/09,27.04,27.32,26.70,26.86,546837,27.01
2013/07/10,26.88,27.80,26.86,27.72,743482,27.33
2013/07/11,27.72,28.68,27.64,28.36,1256845,28.16
2013/07/12,28.36,29.32,27.92,28.28,1107281,28.62
2013/07/15,26.78,27.82,26.78,27.50,3504666,27.30
2013/07/16,27.40,27.46,26.98,27.34,1789721,27.22
2013/07/17,27.36,27.50,26.88,26.98,1505456,27.19
2013/07/18,26.68,26.98,26.20,26.20,1705294,26.59
2013/07/19,26.08,26.34,25.08,25.10,1721387,25.71
2013/07/22,25.04,25.38,24.50,25.38,1294345,24.94
2013/07/23,25.68,26.22,25.42,26.06,1543074,25.82
2013/07/24,26.30,26.58,25.86,26.54,1897851,26.22
2013/07/25,26.88,26.88,25.80,25.86,1451276,26.34
2013/07/26,25.78,25.84,25.18,25.38,750445,25.51
2013/07/29,25.38,25.38,24.42,24.46,995624,24.90
2013/07/30,24.40,24.74,23.98,24.50,934113,24.36
2013/07/31,24.48,24.76,24.28,24.34,780765,24.52
2013/08/01,24.28,24.98,24.18,24.98,1233429,24.58
2013/08/02,25.30,25.46,24.94,25.00,1445065,25.20
2013/08/05,25.00,27.00,24.98,26.68,2714884,25.99
2013/08/06,26.48,26.92,26.08,26.64,2324561,26.50
2013/08/07,26.76,29.24,26.74,28.38,4939139,27.99
2013/08/08,27.68,28.88,27.60,28.22,2394270,28.24
2013/08/09,28.32,29.18,28.00,28.72,2449503,28.59
2013/08/12,29.08,29.08,28.18,28.48,1970611,28.63
2013/08/13,28.48,28.68,27.70,28.24,1679872,28.19
2013/08/14,28.18,28.70,27.82,28.42,1346756,28.26
2013/08/15,28.20,28.78,27.70,27.74,1277388,28.24
2013/08/16,27.74,28.16,26.90,26.92,1306127,27.53
2013/08/19,26.30,26.74,25.72,26.60,2234852,26.23
2013/08/20,26.28,27.02,26.08,26.72,1357532,26.55
2013/08/21,26.60,26.94,26.22,26.84,1262583,26.58
2013/08/22,26.92,26.92,26.48,26.62,899974,26.70
2013/08/23,26.68,27.02,25.98,26.34,1108651,26.50
2013/08/26,26.80,27.34,26.38,27.30,1649935,26.86
2013/08/27,27.32,27.88,27.12,27.48,1382777,27.50
2013/08/28,27.42,27.46,26.68,26.68,1187076,27.07
2013/08/29,26.68,27.04,26.54,26.80,676362,26.79
2013/08/30,26.80,26.80,25.92,26.04,1141936,26.36
2013/09/02,26.04,26.44,25.82,26.44,475914,26.13
2013/09/03,26.42,26.56,26.08,26.56,686088,26.32
2013/09/04,26.56,26.60,26.30,26.50,611299,26.45
2013/09/05,26.56,26.98,26.38,26.72,775478,26.68
2013/09/06,26.64,27.02,26.58,26.88,756012,26.80
2013/09/09,26.88,27.46,26.88,27.16,1050593,27.17
2013/09/10,27.16,27.16,26.70,26.80,955084,26.93
2013/09/11,26.88,29.28,26.28,28.88,4332932,27.78
2013/09/12,28.68,28.68,27.78,28.08,2449568,28.23
2013/09/13,27.98,28.34,27.78,28.04,1286426,28.06
2013/09/16,28.10,28.26,27.38,27.40,1405523,27.82
2013/09/17,27.40,27.78,26.64,26.68,1250157,27.21
2013/09/18,26.60,27.12,26.60,27.08,620522,26.86
2013/09/23,27.08,28.00,27.08,27.92,1300322,27.54
2013/09/24,27.88,27.96,27.28,27.44,930893,27.62
2013/09/25,27.44,28.26,27.34,28.26,1952130,27.80
2013/09/26,28.44,28.48,27.74,27.88,1449591,28.11
2013/09/27,27.80,28.04,27.18,27.54,1029767,27.61
2013/09/30,27.56,27.88,27.40,27.86,824317,27.64
2013/10/08,27.68,27.68,26.88,27.36,1274013,27.28
2013/10/09,27.38,28.02,27.36,27.74,1235772,27.69
2013/10/10,27.74,28.54,27.60,28.20,2291156,28.07
2013/10/11,28.34,28.94,28.08,28.38,1868203,28.51
2013/10/14,27.68,28.20,27.30,28.20,1908793,27.75
2013/10/15,28.04,30.22,27.88,29.64,5348935,29.05
2013/10/16,29.28,29.28,28.16,28.18,3274777,28.72
2013/10/17,28.48,29.00,27.92,28.62,2585541,28.46
2013/10/18,28.58,29.66,28.32,29.46,2911091,28.99
2013/10/21,29.28,30.88,28.70,30.26,11150340,29.79
2013/10/22,29.82,31.04,29.52,30.98,9187533,30.28
2013/10/23,31.06,31.16,29.26,29.26,9246165,30.21
2013/10/24,28.90,29.64,28.68,28.72,2949575,29.16
2013/10/25,28.70,29.06,26.34,26.78,4496146,27.70
2013/10/28,26.68,27.00,25.16,25.24,2991658,26.08
2013/10/29,25.24,25.38,23.30,24.10,2440614,24.34
2013/10/30,24.08,24.36,23.88,24.32,1499249,24.12
2013/10/31,24.30,24.30,23.48,23.84,1271492,23.89
2013/11/01,23.84,24.38,23.60,24.26,1041167,23.99
2013/11/04,24.34,24.54,24.00,24.46,1408169,24.27
2013/11/05,24.38,24.38,23.72,24.24,1339405,24.05
2013/11/06,24.24,24.26,23.38,23.56,2246592,23.82
2013/11/07,23.44,23.54,22.50,22.62,2305120,23.02
2013/11/08,22.48,22.48,21.50,21.64,2341520,21.99
2013/11/11,21.68,22.48,21.56,22.28,1470490,22.02
2013/11/12,22.48,22.48,21.92,22.26,1297177,22.20
2013/11/13,22.28,22.34,21.88,21.88,950455,22.11
2013/11/14,21.62,22.40,21.58,22.28,1686305,21.99
2013/11/15,22.28,23.14,22.22,22.80,2910014,22.68
2013/11/18,22.74,23.64,22.74,23.52,2866839,23.19
2013/11/19,23.40,24.14,23.12,23.84,3216790,23.63
2013/11/20,23.80,23.84,23.32,23.64,2087155,23.58
2013/11/21,23.68,24.06,23.30,23.80,2597588,23.68
2013/11/22,23.76,24.10,23.68,23.98,2160559,23.89
2013/11/25,23.98,24.10,23.64,23.88,1870185,23.87
2013/11/26,23.68,24.22,23.68,24.06,1926560,23.95
2013/11/27,24.16,25.18,24.06,24.90,3033590,24.62
2013/11/28,24.68,25.24,24.68,24.86,2443328,24.96
2013/11/29,24.88,25.62,24.68,25.08,3598374,25.15
2013/12/02,24.64,24.64,22.80,22.88,3781920,23.72
2013/12/03,22.84,23.58,21.98,23.42,2183273,22.78
2013/12/04,23.24,24.14,23.10,24.08,1837273,23.62
2013/12/05,23.88,24.78,23.88,24.46,2160235,24.33
2013/12/06,24.46,24.58,24.16,24.36,1182621,24.37
2013/12/09,24.36,24.92,24.34,24.82,1206795,24.63
2013/12/10,24.82,25.12,24.64,24.86,1336529,24.88
2013/12/11,24.84,24.84,23.98,24.24,1607108,24.41
2013/12/12,24.42,24.98,24.26,24.84,1594455,24.62
2013/12/13,24.50,27.30,24.36,26.66,9074084,25.83
2013/12/16,26.04,27.18,25.84,27.04,5867489,26.51
2013/12/17,26.98,27.42,26.40,26.74,4560037,26.91
2013/12/18,26.62,28.50,26.48,28.26,7609142,27.49
2013/12/19,28.06,28.42,27.56,27.92,4031249,27.99
2013/12/20,27.86,27.86,25.56,25.98,4289825,26.71
2013/12/23,25.98,26.60,25.10,26.52,2762713,25.85
2013/12/24,26.40,27.20,26.38,26.52,2297255,26.79
2013/12/25,26.48,27.00,26.40,26.74,1837476,26.70
2013/12/26,26.32,26.82,25.72,25.78,2111237,26.27
2013/12/27,25.88,26.24,25.72,25.98,1612272,25.98
2013/12/30,26.28,26.64,26.06,26.48,1978451,26.35
2013/12/31,26.30,26.52,26.08,26.26,1403214,26.30
2014/01/02,26.28,27.24,26.22,27.14,2612973,26.73
2014/01/03,27.16,27.74,26.98,27.48,3120031,27.36
2014/01/06,27.22,27.36,26.46,26.70,2168553,26.91
2014/01/07,26.56,27.92,26.46,27.68,3537860,27.19
2014/01/08,27.74,28.08,27.32,27.96,2647935,27.70
2014/01/09,27.96,28.32,27.54,27.78,3142161,27.93
2014/01/10,27.40,27.82,27.04,27.28,1674476,27.43
2014/01/13,27.06,27.86,27.06,27.82,1883064,27.46
2014/01/14,27.84,28.20,27.68,28.14,2402799,27.94
2014/01/15,28.48,29.62,28.28,29.38,6205449,28.95
2014/01/16,29.38,29.38,28.88,29.10,2558771,29.13
2014/01/17,29.00,29.10,27.82,27.82,3646949,28.46
2014/01/20,27.88,28.08,27.10,27.46,2175122,27.59
2014/01/21,27.50,27.66,27.18,27.52,2407607,27.42
2014/01/22,28.28,29.28,27.88,29.12,4966244,28.58
2014/01/23,29.06,30.00,28.74,28.78,2639255,29.37
2014/01/24,28.66,29.06,28.38,28.98,2782983,28.72
2014/01/27,28.66,28.98,27.78,27.84,4339816,28.38
2014/01/28,27.78,28.32,27.72,28.08,1451040,28.02
2014/01/29,28.08,28.26,27.68,28.08,1646163,27.97
2014/01/30,27.90,28.24,27.12,27.28,2327113,27.68
2014/02/07,27.18,27.88,27.10,27.78,1281434,27.49
2014/02/10,27.78,28.76,27.64,28.56,2718644,28.20
2014/02/11,28.56,28.86,28.12,28.68,3018283,28.49
2014/02/12,28.86,29.18,28.50,29.10,3541643,28.84
2014/02/13,29.04,30.30,28.88,29.50,6097286,29.59
2014/02/14,29.44,30.44,29.30,30.10,4998560,29.87
2014/02/17,30.18,30.44,29.76,30.18,3810276,30.10
2014/02/18,30.20,30.80,29.78,30.20,3909831,30.29
2014/02/19,30.24,32.06,30.24,31.48,5020816,31.15
2014/02/20,31.50,31.58,30.10,30.52,2612435,30.84
2014/02/21,30.52,30.58,29.68,30.02,2086848,30.13
2014/02/24,29.82,30.24,29.24,30.18,1745573,29.74
2014/02/25,30.08,30.60,28.82,29.48,2199421,29.71
2014/02/26,29.10,29.80,27.76,29.80,1556440,28.78
2014/02/27,29.80,30.10,28.68,28.88,2085302,29.39
2014/02/28,28.68,29.18,28.12,29.12,1277950,28.65
2014/03/03,29.10,29.78,28.60,29.56,1322803,29.19
2014/03/04,29.36,30.02,28.94,29.80,1508794,29.48
2014/03/05,29.82,30.22,29.48,29.68,1245491,29.85
2014/03/06,29.28,29.56,28.40,28.94,1714753,28.98
2014/03/07,28.94,29.28,28.64,29.02,1023622,28.96
2014/03/10,28.84,29.18,27.78,28.32,925404,28.48
2014/03/11,28.28,28.84,28.08,28.14,975578,28.46
2014/03/12,28.18,28.78,28.02,28.38,778184,28.40
2014/03/13,28.48,28.92,28.18,28.76,618152,28.55
2014/03/14,28.68,29.78,28.46,29.68,1561746,29.12
2014/03/17,30.02,30.02,29.38,29.82,909474,29.70
2014/03/18,29.84,30.52,29.54,30.22,1339560,30.03
2014/03/19,30.12,30.24,29.70,30.02,949836,29.97
2014/03/20,29.86,30.00,29.08,29.08,1280207,29.54
2014/03/21,28.62,29.46,28.62,29.28,704532,29.04
2014/03/24,29.34,29.36,28.62,28.84,987300,28.99
2014/03/25,28.82,29.16,28.58,29.02,963695,28.87
2014/03/26,29.24,29.34,28.98,29.30,540593,29.16
2014/03/27,29.36,29.94,28.68,28.78,928368,29.31
2014/03/28,28.68,28.84,27.48,27.48,1276779,28.16
2014/03/31,27.20,28.18,27.18,27.80,694467,27.68
2014/04/01,27.92,28.20,27.18,28.18,629563,27.69
2014/04/02,27.98,28.20,27.64,27.96,537349,27.92
2014/04/03,27.96,28.08,27.54,27.94,569789,27.81
2014/04/04,27.92,28.24,27.70,28.08,494350,27.97
2014/04/08,28.24,29.04,27.98,28.48,528425,28.51
2014/04/09,28.48,28.84,28.30,28.66,614146,28.57
2014/04/10,28.64,28.86,28.28,28.56,642540,28.57
2014/04/11,28.40,28.86,28.30,28.42,705781,28.58
2014/04/14,28.32,28.64,27.70,27.88,1240202,28.17
2014/04/15,27.68,28.06,27.64,27.88,648478,27.85
2014/04/16,27.54,28.22,27.54,28.08,458151,27.88
2014/04/17,28.42,28.46,28.26,28.30,603785,28.36
2014/04/18,29.08,29.08,28.38,28.80,716640,28.73
2014/04/21,28.56,28.64,28.00,28.12,480421,28.32
2014/04/22,28.08,28.12,26.94,27.32,850877,27.53
2014/04/23,27.18,27.82,27.18,27.42,372637,27.50
2014/04/24,27.66,28.00,27.38,27.84,448481,27.69
2014/04/25,27.96,27.96,26.78,26.88,446161,27.37
2014/04/28,25.28,26.28,24.22,24.22,2257134,25.25
2014/04/29,24.08,24.48,23.28,23.64,1123057,23.88
2014/04/30,23.66,23.96,23.12,23.64,1360079,23.54
2014/05/05,23.62,24.22,23.28,24.22,840213,23.75
2014/05/06,24.30,24.74,24.08,24.58,955273,24.41
2014/05/07,24.70,25.04,24.40,24.50,674283,24.72
2014/05/08,24.50,24.90,24.34,24.68,773004,24.62
2014/05/09,24.66,24.96,24.32,24.88,653048,24.64
2014/05/12,24.90,25.52,24.72,25.28,618183,25.12
2014/05/13,25.26,25.36,24.90,25.18,766081,25.13
2014/05/14,25.18,25.38,24.78,25.18,801472,25.08
2014/05/15,24.88,25.18,24.54,24.66,524599,24.86
2014/05/16,24.58,25.14,24.30,25.06,348027,24.72
2014/05/19,25.02,25.30,24.70,25.30,504891,25.00
2014/05/20,25.38,25.60,25.26,25.54,631866,25.43
2014/05/21,25.16,26.58,25.16,26.42,1128830,25.87
2014/05/22,26.44,27.00,26.16,26.72,964096,26.58
2014/05/23,26.48,27.36,26.34,27.34,1040599,26.85
2014/05/26,27.48,28.28,27.12,28.28,1253258,27.70
2014/05/27,28.42,28.44,28.08,28.22,767690,28.26
2014/05/28,28.60,28.60,28.08,28.60,1070074,28.34
2014/05/29,28.48,29.26,28.48,28.64,1328855,28.87
2014/05/30,28.48,28.80,27.82,28.48,1064539,28.31
2014/06/03,28.70,28.88,28.38,28.72,1627526,28.63
2014/06/04,28.88,28.98,28.54,28.72,1364556,28.76
2014/06/05,28.72,28.72,28.16,28.52,1288241,28.44
2014/06/06,29.98,29.98,28.34,28.52,1159239,29.16
2014/06/09,28.62,28.82,28.52,28.68,935195,28.67
2014/06/10,28.72,29.62,28.24,29.46,1779211,28.93
2014/06/11,29.46,29.64,29.24,29.44,1408415,29.44
2014/06/12,29.48,29.70,28.98,29.62,1547745,29.34
2014/06/13,29.62,29.96,29.48,29.58,1320667,29.72
2014/06/16,29.60,29.66,29.08,29.54,1195361,29.37
2014/06/17,29.56,29.56,29.04,29.14,944628,29.30
2014/06/18,29.28,29.28,28.06,28.42,993397,28.67
2014/06/19,28.42,28.42,27.30,27.38,510700,27.86
2014/06/20,27.04,28.08,27.04,28.02,399322,27.56
2014/06/23,27.90,28.70,27.42,28.50,586827,28.06
2014/06/24,28.68,29.22,28.46,29.16,830576,28.84
2014/06/25,28.88,29.34,28.68,29.08,500281,29.01
2014/06/26,29.08,29.40,28.88,29.08,704401,29.14
2014/06/27,29.00,29.22,28.84,29.18,680702,29.03
2014/06/30,29.48,29.58,28.70,29.58,954601,29.14
2014/07/01,29.42,29.42,29.10,29.18,440559,29.26
2014/07/02,29.30,29.32,28.90,29.18,466333,29.11
2014/07/03,29.18,29.36,29.04,29.32,598481,29.20
2014/07/04,29.46,29.84,29.10,29.84,1185423,29.47
2014/07/07,29.84,30.82,29.84,30.28,1428736,30.33
2014/07/08,30.18,30.40,29.86,30.30,758597,30.13
2014/07/09,30.28,30.98,30.04,30.48,1761929,30.51
2014/07/10,30.68,30.70,29.92,30.36,1474059,30.31
2014/07/11,30.44,30.44,29.84,30.40,768849,30.14
2014/07/14,29.86,31.58,29.08,31.28,2569958,30.33
2014/07/15,30.92,30.92,30.28,30.42,1643883,30.60
2014/07/16,30.42,30.88,29.88,30.02,850074,30.38
2014/07/17,30.02,30.28,29.58,30.02,623427,29.93
2014/07/18,30.08,30.34,29.88,29.98,408858,30.11
2014/07/21,30.00,30.00,29.14,29.52,617617,29.57
2014/07/22,29.98,29.98,29.30,29.60,401321,29.64
2014/07/23,29.86,29.86,29.34,29.56,561576,29.60
2014/07/24,29.56,29.90,29.18,29.28,504698,29.54
2014/07/25,29.38,29.74,29.10,29.52,480349,29.42
2014/07/28,29.64,30.02,29.58,29.58,937745,29.80
2014/07/29,29.66,30.18,29.58,29.88,1011943,29.88
2014/07/30,29.88,30.18,29.50,29.72,1012298,29.84
2014/07/31,29.98,30.20,29.68,29.78,960772,29.94
2014/08/01,29.78,29.86,29.16,29.58,1702663,29.51
2014/08/04,29.48,31.48,29.48,31.28,3303858,30.48
2014/08/05,31.08,31.18,30.44,30.78,3466595,30.81
2014/08/06,30.54,30.74,30.12,30.44,1542515,30.43
2014/08/07,30.24,30.66,30.22,30.28,1684922,30.44
2014/08/08,30.26,30.48,30.14,30.22,802800,30.31
2014/08/11,30.22,30.46,30.08,30.42,1281982,30.27
2014/08/12,30.40,30.84,30.38,30.48,1671636,30.61
2014/08/13,30.66,30.66,29.94,30.20,1008180,30.30
2014/08/14,30.20,30.28,29.72,29.80,943068,30.00
2014/08/15,29.80,30.22,29.52,29.98,911128,29.87
2014/08/18,29.98,30.68,29.98,30.52,1614570,30.33
2014/08/19,30.52,30.78,30.08,30.58,1285234,30.43
2014/08/20,30.48,31.36,30.40,31.28,2788135,30.88
2014/08/21,31.14,31.60,30.88,31.30,2332275,31.24
2014/08/22,31.34,31.52,31.00,31.14,1567440,31.26
2014/08/25,30.92,31.40,30.82,31.16,2130510,31.11
2014/08/26,31.04,32.28,31.00,31.64,3911810,31.64
2014/08/27,31.64,33.70,31.64,33.44,4830968,32.67
2014/08/28,33.36,33.36,32.50,32.86,2323056,32.93
2014/08/29,32.84,34.24,32.46,33.94,3668563,33.35
2014/09/01,33.84,35.12,33.58,35.00,3886994,34.35
2014/09/02,34.98,35.30,34.50,34.88,2746942,34.90
2014/09/03,34.90,35.88,34.64,35.42,3261143,35.26
2014/09/04,35.38,35.48,33.92,35.12,2342093,34.70
2014/09/05,35.08,35.08,34.28,34.82,1243179,34.68
2014/09/09,34.34,35.22,34.34,34.84,1075294,34.78
2014/09/10,34.74,36.60,34.52,36.40,2153547,35.56
2014/09/11,36.38,37.64,36.36,36.82,2709563,37.00
2014/09/12,36.58,37.60,36.36,37.36,2848356,36.98
2014/09/15,37.32,37.46,36.48,37.26,1589761,36.97
2014/09/16,37.14,37.32,34.70,35.26,1756717,36.01
2014/09/17,35.08,35.70,34.54,35.58,1442547,35.12
2014/09/18,35.58,35.84,35.32,35.64,974156,35.58
2014/09/19,35.48,36.24,35.48,36.08,1221479,35.86
2014/09/22,36.08,36.38,35.22,35.58,905035,35.80
2014/09/23,35.58,36.04,35.38,35.86,1746697,35.71
2014/09/24,35.88,35.94,35.56,35.86,1130446,35.75
2014/09/25,35.88,35.98,35.28,35.72,1546157,35.63
2014/09/26,35.72,36.28,34.86,36.28,2175745,35.57
2014/09/29,36.28,37.20,36.24,37.10,1807120,36.72
2014/09/30,37.10,37.10,36.44,36.68,2087768,36.77
2014/10/08,36.96,37.44,35.68,35.80,2452818,36.56
2014/10/09,36.08,36.08,35.52,35.64,1506421,35.80
2014/10/10,35.66,35.96,35.48,35.68,1682987,35.72
2014/10/13,35.48,35.68,34.94,35.50,837460,35.31
2014/10/14,35.56,35.56,35.18,35.46,1321989,35.37
2014/10/15,35.44,35.80,35.20,35.72,1837411,35.50
2014/10/16,35.74,35.92,35.44,35.54,1072866,35.68
2014/10/17,35.50,35.80,34.90,35.62,1479551,35.35
2014/10/20,35.62,35.98,35.62,35.94,691801,35.80
2014/10/21,36.00,36.84,35.92,36.32,1167805,36.38
2014/10/22,36.34,36.98,36.28,36.48,1310476,36.63
2014/10/23,36.48,36.70,35.12,36.24,1346955,35.91
2014/10/24,36.34,37.42,36.12,37.40,2058879,36.77
2014/10/27,37.48,39.08,37.48,38.58,4389597,38.28
2014/10/28,38.58,39.08,38.08,39.08,2855199,38.58
2014/10/29,39.00,40.28,38.50,39.80,2828039,39.39
2014/10/30,39.94,39.94,38.26,38.38,4227839,39.10
2014/10/31,38.44,38.86,37.72,38.50,1549847,38.29
2014/11/03,38.50,38.88,38.08,38.68,3084000,38.48
2014/11/04,38.68,38.70,37.92,38.34,1334044,38.31
2014/11/05,38.08,38.58,37.88,37.98,1115922,38.23
2014/11/06,38.02,38.08,37.18,37.38,2130339,37.63
2014/11/07,37.52,38.16,37.42,37.66,1187601,37.79
2014/11/10,38.28,38.28,37.28,38.02,693056,37.78
2014/11/11,38.08,38.08,35.76,37.14,2276753,36.92
2014/11/12,37.14,37.14,36.48,36.82,600077,36.81
2014/11/13,36.10,36.82,35.48,35.64,847707,36.15
2014/11/14,35.60,38.34,34.92,38.28,1399949,36.63
2014/11/17,38.58,38.58,36.96,37.66,1675683,37.77
2014/11/18,37.64,37.64,36.72,36.78,759246,37.18
2014/11/19,36.86,37.36,36.50,37.08,950090,36.93
2014/11/20,36.96,37.58,34.48,37.46,759385,36.03
2014/11/21,37.38,37.54,36.08,37.04,878946,36.81
2014/11/24,37.08,37.22,36.02,36.26,1598508,36.62
2014/11/25,36.08,36.76,35.88,36.38,890440,36.32
2014/11/26,36.58,36.66,35.68,36.02,1644737,36.17
2014/11/27,35.98,38.08,35.84,37.64,3040829,36.96
2014/11/28,37.48,37.62,36.48,36.80,2641392,37.05
2014/12/01,37.06,37.24,36.34,36.94,2059352,36.79
2014/12/02,36.62,37.52,36.62,37.08,1657810,37.07
2014/12/03,37.04,37.04,35.88,36.84,1698407,36.46
2014/12/04,36.66,36.66,36.18,36.48,1707887,36.42
2014/12/05,36.48,36.48,34.68,36.46,2393165,35.58
2014/12/08,36.08,36.08,34.96,35.08,1794392,35.52
2014/12/09,34.58,35.12,31.62,32.84,2360996,33.37
2014/12/10,31.96,34.82,31.96,34.16,2932081,33.39
2014/12/11,34.34,35.04,33.56,34.46,1752026,34.30
2014/12/12,34.48,34.78,33.82,34.64,2210227,34.30
2014/12/15,34.78,34.98,34.26,34.78,1587311,34.62
2014/12/16,34.74,35.24,34.08,35.06,1537283,34.66
2014/12/17,34.88,34.88,33.70,34.10,1654213,34.29
2014/12/18,34.10,34.10,33.30,33.30,623700,33.70
2014/12/19,33.40,33.74,32.50,32.70,1093439,33.12
2014/12/22,32.64,32.64,29.78,29.90,1796794,31.21
2014/12/23,30.26,31.66,29.16,30.80,1909397,30.41
2014/12/24,30.80,33.38,30.54,33.32,2246960,31.96
2014/12/25,33.32,35.32,33.22,34.78,3796930,34.27
2014/12/26,34.28,34.80,33.48,34.76,2038345,34.14
2014/12/29,34.28,35.66,34.28,34.62,1359776,34.97
2014/12/30,34.48,35.48,33.88,34.58,1302505,34.68
2014/12/31,34.42,34.86,33.48,34.86,769935,34.17
2015/01/05,34.76,35.06,33.98,34.48,3781107,34.52
2015/01/06,34.52,34.88,34.08,34.46,1776248,34.48
2015/01/07,34.28,35.48,34.04,35.32,1674839,34.76
2015/01/08,35.24,35.64,34.86,35.22,1064798,35.25
2015/01/09,35.14,36.16,34.80,35.48,1456245,35.48
2015/01/12,35.28,35.52,34.68,35.18,861618,35.10
2015/01/13,34.92,36.08,34.24,36.00,3080510,35.16
2015/01/14,36.40,37.44,36.18,37.18,2674405,36.81
2015/01/15,37.18,37.78,36.74,37.18,1634684,37.26
2015/01/16,37.18,37.48,36.66,37.18,983826,37.07
2015/01/19,36.08,38.30,35.48,38.12,2611725,36.89
2015/01/20,38.28,40.24,37.98,40.04,3512628,39.11
2015/01/21,40.04,40.92,39.38,39.92,2945967,40.15
2015/01/22,39.96,40.60,38.94,40.02,2082295,39.77
2015/01/23,40.02,40.78,39.38,40.18,1943656,40.08
2015/01/26,40.38,41.46,39.72,41.38,4441428,40.59
2015/01/27,41.42,42.48,40.28,41.48,3162956,41.38
2015/01/28,41.40,41.76,40.54,41.10,3225338,41.15
2015/01/29,41.10,41.58,40.28,41.02,2088482,40.93
2015/01/30,41.08,42.28,40.94,41.54,2127015,41.61
2015/02/02,42.48,44.16,42.08,44.16,5925380,43.12
2015/02/03,44.24,48.18,43.18,47.28,5051711,45.68
2015/02/04,47.24,48.50,46.30,48.38,3938320,47.40
2015/02/05,47.92,51.60,47.92,51.24,6034623,49.76
2015/02/06,51.06,53.48,50.28,53.48,5841924,51.88
2015/02/09,53.46,54.68,49.34,53.08,6024954,52.01
2015/02/10,52.72,53.12,50.04,52.88,3012439,51.58
2015/02/11,52.32,54.48,52.32,54.48,2571373,53.40
2015/02/12,54.58,55.90,53.88,55.60,1996730,54.89
2015/02/13,55.98,56.58,54.70,56.48,2828442,55.64
2015/02/16,56.28,57.04,56.06,57.04,1677766,56.55
2015/02/17,57.04,62.70,57.04,62.12,2517904,59.87
2015/02/25,62.20,62.20,60.18,61.92,1178212,61.19
2015/02/26,61.56,61.78,60.56,61.00,1075300,61.17
2015/02/27,60.96,60.96,58.48,59.66,1604804,59.72
2015/03/02,59.82,62.22,58.02,61.86,2332415,60.12
2015/03/03,61.42,64.08,60.48,63.94,1325609,62.28
2015/03/04,64.32,70.26,64.32,66.46,1875377,67.29
2015/03/05,66.48,67.02,64.28,66.38,1120726,65.65
2015/03/06,66.38,69.48,62.50,68.88,2798386,65.99
2015/03/09,67.72,70.08,66.66,67.84,1538385,68.37
2015/03/10,67.68,67.84,64.88,67.28,1528903,66.36
2015/03/11,65.88,68.66,65.88,67.68,1002935,67.27
2015/03/12,67.68,68.48,65.60,66.00,1072829,67.04
2015/03/13,64.54,65.98,62.54,64.88,2329611,64.26
2015/03/16,64.64,64.88,63.38,63.78,3311905,64.13
2015/03/17,63.78,64.02,63.22,63.76,2445332,63.62
2015/03/18,63.66,65.08,63.28,64.68,2375113,64.18
2015/03/19,65.00,65.74,64.48,64.74,1725275,65.11
2015/03/20,64.76,65.02,63.12,64.32,2116487,64.07
2015/03/23,64.32,65.64,63.14,65.62,2368391,64.39
2015/03/24,65.54,71.06,64.80,69.08,5114172,67.93
2015/03/25,69.18,70.24,68.38,68.48,2867945,69.31
2015/03/26,68.42,68.48,65.36,68.06,1890905,66.92
2015/03/27,68.26,70.00,67.14,68.42,2322233,68.57
2015/03/30,67.28,68.24,63.38,64.48,2418044,65.81
2015/03/31,63.88,63.88,61.52,62.26,2662163,62.70
2015/04/01,62.42,63.86,62.04,63.26,2440674,62.95
2015/04/02,63.28,64.24,62.98,63.74,1961645,63.61
2015/04/03,63.68,65.08,62.78,64.48,1835430,63.93
2015/04/07,64.74,68.44,63.68,67.52,4518970,66.06
2015/04/08,67.94,68.80,64.78,68.06,3306170,66.79
2015/04/09,68.08,73.84,65.88,72.80,6306279,69.86
2015/04/10,70.68,74.88,69.48,73.18,4198446,72.18
2015/04/13,73.16,74.86,70.50,73.18,3867849,72.68
2015/04/14,72.50,73.18,70.10,70.98,2373170,71.64
2015/04/15,70.18,71.68,66.88,67.68,1758223,69.28
2015/04/16,66.52,68.34,62.48,67.40,1268372,65.41
2015/04/17,68.18,68.18,64.02,67.88,1665206,66.10
2015/04/20,67.48,67.48,64.50,66.48,2500472,65.99
2015/04/21,66.38,70.26,65.52,68.90,1498679,67.89
2015/04/22,68.88,70.38,67.88,68.88,1250619,69.13
2015/04/23,68.88,70.40,68.48,69.88,1389300,69.44
2015/04/24,69.26,71.68,68.76,70.32,1325253,70.22
2015/04/27,70.42,76.40,70.42,72.46,3298663,73.41
2015/04/28,71.88,74.46,67.48,70.98,1673354,70.97
2015/04/29,70.52,71.48,68.58,70.86,1061461,70.03
2015/04/30,70.48,72.80,69.92,69.98,1173602,71.36
2015/05/04,70.04,76.88,69.48,76.08,2878068,73.18
2015/05/05,76.50,78.18,71.48,72.48,2475982,74.83
2015/05/06,72.88,74.94,69.50,71.22,1670839,72.22
2015/05/07,71.48,72.56,69.20,71.32,3427194,70.88
2015/05/08,71.48,77.80,71.48,76.32,5660658,74.64
2015/05/11,77.80,80.68,76.24,79.52,5549294,78.46
2015/05/12,80.68,87.40,80.44,87.40,7495204,83.92
2015/05/13,88.20,96.08,88.20,91.88,12408501,92.14
2015/05/14,91.88,97.24,89.28,97.20,7745550,93.26
2015/05/15,96.56,102.68,94.68,102.64,10536568,98.68
2015/05/18,103.92,106.84,100.28,100.44,8980473,103.56
2015/05/19,100.44,103.24,99.04,102.32,4920932,101.14
2015/05/20,100.96,112.48,100.28,111.68,9517014,106.38
2015/05/21,109.32,122.80,109.32,122.80,9408899,116.06
2015/05/22,124.64,128.88,116.68,122.76,5644882,122.78
2015/05/25,116.68,122.76,115.88,120.08,4935679,119.32
2015/05/26,120.20,121.88,115.88,120.16,8124917,118.88
2015/05/27,120.08,122.68,114.44,122.44,7373031,118.56
2015/05/28,122.76,127.88,116.68,122.68,7549520,122.28
2015/05/29,121.48,132.68,116.76,128.68,6474724,124.72
2015/06/01,129.08,138.92,129.08,134.68,7791445,134.00
2015/06/02,134.68,144.56,131.52,139.40,6033362,138.04
2015/06/03,138.28,142.64,134.68,141.88,5636708,138.66
2015/06/04,141.72,147.88,130.68,144.64,3865616,139.28
2015/06/05,145.48,151.16,141.08,148.72,4426950,146.12
2015/06/08,147.84,148.04,142.00,145.08,4283490,145.02
2015/06/09,144.60,146.64,138.28,145.44,3713623,142.46
2015/06/10,144.28,151.84,140.80,149.00,4957522,146.32
2015/06/11,147.08,155.88,146.88,152.08,3131634,151.38
2015/06/12,151.88,154.80,149.52,151.56,2890196,152.16
2015/06/15,149.56,150.12,142.68,147.64,3844688,146.40
2015/06/16,146.20,146.20,135.72,139.88,2529255,140.96
2015/06/17,141.64,141.84,126.08,139.92,2328334,133.96
2015/06/18,138.68,141.08,131.04,133.80,1514612,136.06
2015/06/19,124.44,133.88,122.68,133.88,2527517,128.28
2015/06/23,132.28,132.28,120.56,125.84,3471241,126.42
2015/06/24,122.04,128.28,117.12,125.40,3872454,122.70
2015/06/25,124.68,132.88,121.48,124.48,6117415,127.18
2015/06/26,119.88,120.68,112.12,112.12,3807551,116.40
2015/06/29,112.68,116.56,100.96,100.96,10146027,108.76
2015/06/30,112.68,116.56,100.96,100.96,0,108.76
2015/07/01,112.68,116.56,100.96,100.96,0,108.76
2015/07/02,112.68,116.56,100.96,100.96,0,108.76
2015/07/03,112.68,116.56,100.96,100.96,0,108.76
2015/07/06,112.68,116.56,100.96,100.96,0,108.76
2015/07/07,112.68,116.56,100.96,100.96,0,108.76
2015/07/08,112.68,116.56,100.96,100.96,0,108.76
2015/07/09,112.68,116.56,100.96,100.96,0,108.76
2015/07/10,112.68,116.56,100.96,100.96,0,108.76
2015/07/13,112.68,116.56,100.96,100.96,0,108.76
2015/07/14,112.68,116.56,100.96,100.96,0,108.76
2015/07/15,112.68,116.56,100.96,100.96,0,108.76
2015/07/16,112.68,116.56,100.96,100.96,0,108.76
2015/07/17,112.68,116.56,100.96,100.96,0,108.76
2015/07/20,112.68,116.56,100.96,100.96,0,108.76
2015/07/21,112.68,116.56,100.96,100.96,0,108.76
2015/07/22,112.68,116.56,100.96,100.96,0,108.76
2015/07/23,112.68,116.56,100.96,100.96,0,108.76
2015/07/24,112.68,116.56,100.96,100.96,0,108.76
2015/07/27,112.68,116.56,100.96,100.96,0,108.76
2015/07/28,112.68,116.56,100.96,100.96,0,108.76
2015/07/29,112.68,116.56,100.96,100.96,0,108.76
2015/07/30,112.68,116.56,100.96,100.96,0,108.76
2015/07/31,112.68,116.56,100.96,100.96,0,108.76
2015/08/03,112.68,116.56,100.96,100.96,0,108.76
2015/08/04,112.68,116.56,100.96,100.96,0,108.76
2015/08/05,112.68,116.56,100.96,100.96,0,108.76
2015/08/06,112.68,116.56,100.96,100.96,0,108.76
2015/08/07,112.68,116.56,100.96,100.96,0,108.76
2015/08/10,112.68,116.56,100.96,100.96,0,108.76
2015/08/11,112.68,116.56,100.96,100.96,0,108.76
2015/08/12,112.68,116.56,100.96,100.96,0,108.76
2015/08/13,112.68,116.56,100.96,100.96,0,108.76
2015/08/14,112.68,116.56,100.96,100.96,0,108.76
2015/08/17,112.68,116.56,100.96,100.96,0,108.76
2015/08/18,112.68,116.56,100.96,100.96,0,108.76
2015/08/19,112.68,116.56,100.96,100.96,0,108.76
2015/08/20,112.68,116.56,100.96,100.96,0,108.76
2015/08/21,112.68,116.56,100.96,100.96,0,108.76
2015/08/24,112.68,116.56,100.96,100.96,0,108.76
2015/08/25,112.68,116.56,100.96,100.96,0,108.76
2015/08/26,112.68,116.56,100.96,100.96,0,108.76
2015/08/27,112.68,116.56,100.96,100.96,0,108.76
2015/08/28,112.68,116.56,100.96,100.96,0,108.76
2015/08/31,112.68,116.56,100.96,100.96,0,108.76
2015/09/01,112.68,116.56,100.96,100.96,0,108.76
2015/09/02,112.68,116.56,100.96,100.96,0,108.76
2015/09/07,112.68,116.56,100.96,100.96,0,108.76
2015/09/08,112.68,116.56,100.96,100.96,0,108.76
2015/09/09,112.68,116.56,100.96,100.96,0,108.76
2015/09/10,112.68,116.56,100.96,100.96,0,108.76
2015/09/11,112.68,116.56,100.96,100.96,0,108.76
2015/09/14,112.68,116.56,100.96,100.96,0,108.76
2015/09/15,112.68,116.56,100.96,100.96,0,108.76
2015/09/16,90.92,90.92,90.92,90.92,112300,90.92
2015/09/17,81.88,81.88,81.88,81.88,128400,81.88
2015/09/18,73.76,73.76,73.76,73.76,65100,73.76
2015/09/21,66.44,66.44,66.44,66.44,910800,66.44
2015/09/22,59.88,73.00,59.88,73.00,101884066,66.44
2015/09/23,65.80,80.24,65.80,80.24,104907233,73.02
2015/09/24,78.12,84.40,75.52,84.08,87410331,79.96
2015/09/25,78.12,84.40,75.52,84.08,0,79.96
2015/09/28,78.12,84.40,75.52,84.08,0,79.96
2015/09/29,78.12,84.40,75.52,84.08,0,79.96
2015/09/30,78.12,84.40,75.52,84.08,0,79.96
2015/10/08,78.12,84.40,75.52,84.08,0,79.96
2015/10/09,78.12,84.40,75.52,84.08,0,79.96
2015/10/12,78.88,91.04,78.88,86.48,65085150,84.96
2015/10/13,84.88,84.88,80.32,80.72,48194540,82.60
2015/10/14,79.12,85.56,79.12,82.32,44761134,82.34
2015/10/15,80.20,83.00,77.88,82.20,46468705,80.44
2015/10/16,83.12,90.36,81.56,90.36,55630589,85.96
2015/10/19,97.88,99.32,94.68,99.32,34334940,97.00
2015/10/20,104.64,109.20,99.36,109.20,62797851,104.28
2015/10/21,112.24,120.04,109.80,120.04,68463738,114.92
2015/10/22,125.84,131.96,124.08,131.96,30239983,128.02
2015/10/23,145.08,145.08,140.72,145.08,16109872,142.90
2015/10/26,130.68,151.88,130.64,130.64,48855140,141.26
2015/10/27,118.96,136.64,117.64,129.32,66039830,127.14
2015/10/28,126.28,140.68,119.88,135.72,64296889,130.28
2015/10/29,135.08,149.24,131.68,149.24,46352648,140.46
2015/10/30,156.24,160.64,136.20,150.60,74844354,148.42
2015/11/02,135.60,143.60,135.60,135.60,32179884,139.60
2015/11/03,135.48,140.64,122.12,124.96,47186771,131.38
2015/11/04,124.68,132.64,116.68,128.12,55579033,124.66
2015/11/05,124.24,125.88,116.68,117.08,42345847,121.28
2015/11/06,115.08,120.68,113.88,116.88,38572936,117.28
2015/11/09,117.08,123.28,117.08,119.00,42410130,120.18
2015/11/10,117.48,123.12,113.92,116.56,38445742,118.52
2015/11/11,114.72,126.68,114.72,124.24,51281148,120.70
2015/11/12,123.00,123.44,116.68,118.28,41533424,120.06
2015/11/13,116.32,122.04,114.72,118.28,31556554,118.38
2015/11/16,116.68,118.68,113.48,118.48,25162890,116.08
2015/11/17,119.40,127.76,117.12,121.48,45689439,122.44
2015/11/18,119.84,124.64,112.28,114.08,32742599,118.46
2015/11/19,111.92,118.00,105.28,114.68,37168444,111.64
2015/11/20,111.88,114.60,108.72,110.12,27826463,111.66
2015/11/23,108.48,111.28,105.52,106.44,21648162,108.40
2015/11/24,106.28,117.00,106.12,117.00,42321617,111.56
2015/11/25,115.48,128.12,114.68,124.68,50198011,121.40
2015/11/26,123.36,128.68,116.68,116.76,45048421,122.68
2015/11/27,116.48,128.36,112.24,128.36,64511465,120.30
2015/11/30,130.68,141.12,122.80,141.12,67140607,131.96
2015/12/01,140.68,143.32,127.08,127.08,48231183,135.20
2015/12/02,116.88,121.60,114.44,114.44,43274913,118.02
2015/12/03,115.28,125.80,115.28,125.80,45269633,120.54
2015/12/04,129.48,137.48,121.76,129.00,55260504,129.62
2015/12/07,121.96,124.68,116.72,121.08,35698400,120.70
2015/12/08,122.68,131.32,121.12,124.20,42656294,126.22
2015/12/09,120.68,128.68,115.68,123.60,47470916,122.18
2015/12/10,116.92,124.08,116.68,117.60,30311384,120.38
2015/12/11,117.92,120.20,113.12,113.76,22162294,116.66
2015/12/14,112.68,114.52,109.68,113.40,16719109,112.10
2015/12/15,113.68,117.88,113.60,114.68,15857319,115.74
2015/12/16,113.88,117.56,112.72,116.32,22508337,115.14
2015/12/17,116.36,120.36,115.44,118.00,25654239,117.90
2015/12/18,118.16,128.24,116.68,122.52,42008208,122.46
2015/12/21,121.00,124.08,117.84,120.56,24668801,120.96
2015/12/22,120.36,127.88,119.48,124.08,34545990,123.68
2015/12/23,124.24,124.64,118.68,119.36,28356936,121.66
2015/12/24,116.72,118.08,115.88,116.44,16167997,116.98
2015/12/25,116.56,122.24,116.56,118.04,19880787,119.40
2015/12/28,116.76,118.04,113.28,113.76,18566866,115.66
2015/12/29,113.72,116.24,111.88,114.80,11572859,114.06
2015/12/30,115.08,116.48,112.72,113.64,10102669,114.60
2015/12/31,114.48,115.08,110.60,110.68,11417186,112.84
2016/01/04,112.08,112.08,99.68,99.68,11451891,105.88
2016/01/05,89.88,98.60,89.80,90.08,17897924,94.20
2016/01/06,91.88,99.04,91.16,99.04,23038883,95.10
2016/01/07,100.68,105.08,89.48,92.88,13455886,97.28
2016/01/08,96.72,102.12,88.72,102.12,30261461,95.42
2016/01/11,98.88,104.16,92.08,92.68,28571236,98.12
2016/01/12,90.28,95.00,83.88,92.00,22235966,89.44
2016/01/13,89.52,91.68,82.96,83.32,17619170,87.32
2016/01/14,78.68,87.32,77.80,85.88,17604701,82.56
2016/01/15,84.28,84.64,77.48,78.04,18391502,81.06
2016/01/18,75.40,82.20,73.60,78.64,17063256,77.90
2016/01/19,76.68,86.20,75.32,84.96,25714944,80.76
2016/01/20,82.60,86.60,81.68,82.04,21700323,84.14
2016/01/21,79.24,82.12,75.08,75.36,16477212,78.60
2016/01/22,77.48,79.04,74.72,77.40,14776092,76.88
2016/01/25,79.04,84.68,76.68,82.12,23108966,80.68
2016/01/26,79.88,80.64,73.96,73.96,23498156,77.30
2016/01/27,75.20,75.88,67.40,72.80,16130324,71.64
2016/01/28,70.64,71.68,65.60,65.60,15031207,68.64
2016/01/29,65.84,71.60,65.84,69.80,20599250,68.72
2016/02/01,68.76,69.40,63.76,66.28,17159433,66.58
2016/02/02,66.00,69.48,66.00,69.16,16862056,67.74
2016/02/03,67.88,76.00,66.20,76.00,23977333,71.10
2016/02/04,79.92,83.52,79.32,83.52,18325596,81.42
2016/02/05,88.68,91.80,87.12,91.48,49005052,89.46
2016/02/15,86.68,90.80,82.48,86.64,33548931,86.64
2016/02/16,88.48,95.24,86.88,95.24,37630235,91.06
2016/02/17,99.08,99.08,91.88,92.36,45080079,95.48
2016/02/18,92.68,92.68,88.68,89.76,37558473,90.68
2016/02/19,87.12,89.24,86.32,87.88,29840158,87.78
2016/02/22,88.68,91.88,86.68,89.84,39010040,89.28
2016/02/23,89.48,89.96,83.76,86.44,29430230,86.86
2016/02/24,85.32,90.12,84.76,89.48,34598835,87.44
2016/02/25,89.48,89.88,80.60,80.60,27596025,85.24
2016/02/26,79.04,84.16,76.68,80.48,24834975,80.42
2016/02/29,78.28,78.32,72.52,72.52,16591854,75.42
2016/03/01,72.28,74.68,67.56,72.68,21723873,71.12
2016/03/02,72.48,79.88,71.32,79.88,31123668,75.60
2016/03/03,79.08,81.76,77.08,77.08,32302155,79.42
2016/03/04,75.60,77.04,69.88,71.08,23783135,73.46
2016/03/07,71.96,75.40,71.92,73.36,18495817,73.66
2016/03/08,73.08,76.88,67.88,74.72,25976960,72.38
2016/03/09,71.44,74.64,70.08,71.64,16747259,72.36
2016/03/10,72.16,75.08,71.08,72.32,21115733,73.08
2016/03/11,70.68,72.16,69.48,70.60,16293771,70.82
2016/03/14,71.64,74.88,71.40,73.12,23545120,73.14
2016/03/15,72.32,80.28,72.28,75.56,35502511,76.28
2016/03/16,75.88,76.68,72.76,73.40,22961220,74.72
2016/03/17,73.56,78.16,72.96,76.20,28823180,75.56
2016/03/18,76.36,82.16,75.56,79.16,38476235,78.86
2016/03/21,80.20,86.68,78.36,84.64,45424130,82.52
2016/03/22,82.28,84.60,81.32,81.52,33497390,82.96
2016/03/23,80.68,82.68,80.24,81.72,22487953,81.46
2016/03/24,81.08,89.08,78.76,82.48,43151433,83.92
2016/03/25,82.28,86.48,80.00,81.28,26574324,83.24
2016/03/28,81.08,84.16,80.68,81.32,23174609,82.42
2016/03/29,81.08,81.80,76.72,77.40,21593164,79.26
2016/03/30,78.36,80.28,77.52,79.84,19147876,78.90
2016/03/31,80.48,83.08,79.28,80.60,25496922,81.18
2016/04/01,79.48,80.04,77.48,78.64,16374125,78.76
2016/04/05,79.08,83.36,78.32,81.92,23323744,80.84
2016/04/06,82.28,85.48,81.16,82.56,26442279,83.32
2016/04/07,83.48,83.80,79.92,79.96,21251401,81.86
2016/04/08,78.68,78.80,76.72,78.12,17209826,77.76
2016/04/11,78.76,80.64,78.72,79.56,13691411,79.68
2016/04/12,79.16,79.88,77.20,78.28,11740772,78.54
2016/04/13,79.12,81.84,78.64,79.88,21274770,80.24
2016/04/14,80.60,82.48,79.48,81.52,21705525,80.98
2016/04/15,81.28,87.84,80.08,84.68,43622004,83.96
2016/04/18,83.48,87.08,81.88,84.68,35136490,84.48
2016/04/19,85.08,85.88,82.48,82.96,22437785,84.18
2016/04/20,83.12,84.28,75.08,78.44,28024479,79.68
2016/04/21,77.16,81.24,76.68,77.80,22692281,78.96
2016/04/22,76.20,85.52,75.96,85.52,50334409,80.74
2016/04/25,85.52,87.52,83.04,83.88,50361741,85.28
2016/04/26,82.72,86.68,82.68,85.88,30461608,84.68
2016/04/27,86.44,92.60,84.72,87.56,50830966,88.66
2016/04/28,86.68,90.64,83.20,88.84,39758692,86.92
2016/04/29,88.00,89.84,85.40,85.48,22520900,87.62
2016/05/03,84.60,92.04,84.52,89.60,28147017,88.28
2016/05/04,90.28,95.00,89.00,93.36,41809438,92.00
2016/05/05,92.40,93.40,90.72,92.08,25717672,92.06
2016/05/06,91.56,93.84,85.88,87.00,29024297,89.86
2016/05/09,84.68,85.68,80.12,81.16,20386297,82.90
2016/05/10,80.88,83.60,80.28,83.24,17173371,81.94
2016/05/11,83.60,86.68,82.72,83.36,23594698,84.70
2016/05/12,80.28,81.24,76.72,81.00,16789899,78.98
2016/05/13,80.68,82.24,77.52,78.56,17930214,79.88
2016/05/16,78.24,80.16,77.36,80.08,13836225,78.76
2016/05/17,79.88,81.80,79.00,80.76,16658494,80.40
2016/05/18,79.56,81.88,78.32,79.20,18431948,80.10
2016/05/19,79.40,81.40,78.72,79.08,13974017,80.06
2016/05/20,78.28,79.28,77.00,78.68,13034374,78.14
2016/05/23,78.64,81.12,78.64,80.96,15246735,79.88
2016/05/24,80.48,81.52,78.96,79.92,15056929,80.24
2016/05/25,80.32,82.88,80.32,81.36,22725790,81.60
2016/05/26,80.88,82.48,78.88,81.44,15631693,80.68
2016/05/27,81.08,81.20,79.88,80.16,10639598,80.54
2016/05/30,79.56,80.28,78.44,78.80,9107189,79.36
2016/05/31,79.68,82.68,79.12,82.52,18171268,80.90
2016/06/01,82.32,83.44,81.56,82.16,21528421,82.50
2016/06/02,82.04,84.64,81.40,84.44,24262932,83.02
2016/06/03,84.52,85.76,82.68,83.68,22514890,84.22
2016/06/06,83.48,84.64,82.76,82.84,13979395,83.70
2016/06/07,83.44,83.44,81.88,82.88,12757252,82.66
2016/06/08,82.68,82.88,81.48,82.00,9541349,82.18
2016/06/13,80.68,80.68,75.48,75.64,16430700,78.08
2016/06/14,75.08,76.20,74.28,75.44,10103776,75.24
2016/06/15,74.28,77.84,73.80,77.24,11970500,75.82
2016/06/16,77.28,77.44,75.48,76.00,10627861,76.46
2016/06/17,76.20,77.88,75.48,76.20,8728531,76.68
2016/06/20,76.88,77.04,74.32,75.56,9226508,75.68
2016/06/21,75.68,76.60,74.32,74.64,8993127,75.46
2016/06/22,75.08,75.84,74.48,75.68,7131399,75.16
2016/06/23,76.44,82.64,75.16,79.04,20864730,78.90
2016/06/24,79.00,82.08,76.16,80.24,27809774,79.12
2016/06/27,80.24,85.08,79.44,84.40,33915207,82.26
2016/06/28,84.08,91.48,82.72,86.28,48932585,87.10
2016/06/29,86.24,87.68,83.16,84.08,32951059,85.42
2016/06/30,84.12,84.36,80.92,81.84,22063944,82.64
2016/07/01,82.08,84.48,81.84,82.52,19580758,83.16
2016/07/04,81.04,83.68,80.32,83.04,18867429,82.00
2016/07/05,83.04,84.48,82.32,82.68,16393203,83.40
2016/07/06,81.88,83.08,81.04,81.92,12715535,82.06
2016/07/07,81.68,88.12,81.60,86.24,34673474,84.86
2016/07/08,85.08,86.24,83.08,83.32,20461246,84.66
2016/07/11,83.36,84.20,81.76,82.36,15416252,82.98
2016/07/12,82.28,83.08,80.76,82.76,12646984,81.92
2016/07/13,83.04,84.08,82.28,83.44,13959185,83.18
2016/07/14,83.60,85.48,82.40,83.08,14412131,83.94
2016/07/15,82.76,83.40,81.92,82.36,9263099,82.66
2016/07/18,82.68,85.24,82.44,83.76,18710525,83.84
2016/07/19,83.56,87.72,82.80,85.88,28006748,85.26
2016/07/20,86.40,87.80,84.32,84.64,19385726,86.06
2016/07/21,84.28,86.20,83.56,84.36,16872905,84.88
2016/07/22,85.00,85.00,81.68,81.92,15583817,83.34
2016/07/25,81.40,83.04,81.20,82.24,8259322,82.12
2016/07/26,82.16,83.28,81.92,82.88,9528200,82.60
2016/07/27,82.48,82.96,76.28,77.32,16300700,79.62
2016/07/28,77.40,78.20,76.20,77.60,8491400,77.20
2016/07/29,78.12,78.12,76.52,76.96,5224655,77.32
2016/08/01,77.08,77.88,74.68,76.60,7461853,76.28
2016/08/02,76.68,77.04,75.88,76.92,4567396,76.46
2016/08/03,77.00,77.44,76.48,76.84,5547352,76.96
2016/08/04,76.68,77.48,76.00,77.32,7943046,76.74
2016/08/05,77.36,77.44,76.72,76.88,6907675,77.08
2016/08/08,76.32,77.00,75.48,76.96,5462774,76.24
