Date, SZ002458.Open, SZ002458.High, SZ002458.Low, SZ002458.Close, SZ002458.Volume, SZ002458.Adjusted
2010/08/10,36.25,37.88,35.51,36.06,17627888,36.75
2010/08/11,34.00,34.97,33.00,33.74,8112217,33.92
2010/08/12,33.11,34.60,32.75,33.46,5476061,33.58
2010/08/13,33.03,33.85,32.61,33.37,3323823,33.16
2010/08/16,33.01,33.83,32.71,33.58,3842797,33.41
2010/08/17,33.52,33.94,32.86,33.63,4226670,33.51
2010/08/18,33.60,33.68,33.10,33.26,2588995,33.31
2010/08/19,33.26,33.65,32.88,33.33,3392637,33.34
2010/08/20,33.15,33.18,31.80,31.88,4021711,32.34
2010/08/23,31.88,32.02,30.90,31.34,2915236,31.41
2010/08/24,31.34,31.69,30.95,31.42,1741085,31.43
2010/08/25,31.20,31.77,30.90,30.92,1606261,31.37
2010/08/26,30.82,31.10,30.18,30.35,1591242,30.50
2010/08/27,30.54,32.90,30.37,32.53,3669278,31.78
2010/08/30,32.40,32.89,32.20,32.72,3227181,32.59
2010/08/31,32.50,32.56,31.81,32.15,2438069,32.11
2010/09/01,32.65,35.00,32.61,33.26,4755871,33.65
2010/09/02,33.28,34.25,32.85,33.75,4254169,33.81
2010/09/03,33.88,34.80,33.20,33.59,2984316,33.86
2010/09/06,33.59,34.35,32.38,32.48,2717262,33.13
2010/09/07,32.47,32.99,32.28,32.78,1444447,32.69
2010/09/08,32.80,32.80,32.01,32.32,1737141,32.36
2010/09/09,32.26,32.41,31.20,31.50,2089715,31.75
2010/09/10,31.50,31.91,30.83,31.88,1556362,31.31
2010/09/13,31.80,32.40,31.60,32.04,1373517,32.11
2010/09/14,32.19,32.19,31.29,31.50,1439937,31.59
2010/09/15,31.71,31.71,30.79,30.80,1068399,31.07
2010/09/16,30.79,31.38,29.81,30.22,1389074,30.46
2010/09/17,30.25,31.20,29.91,31.18,1501963,30.75
2010/09/20,31.18,32.11,31.02,31.19,2072322,31.54
2010/09/21,31.20,31.21,30.00,30.20,966801,30.46
2010/09/27,30.50,31.38,30.40,30.80,940520,30.74
2010/09/28,30.63,31.21,30.60,30.70,839258,30.90
2010/09/29,30.63,31.21,30.60,30.70,0,30.91
2010/09/30,30.23,30.50,29.80,30.39,954725,30.08
2010/10/08,30.40,31.20,30.40,30.90,882392,30.78
2010/10/11,31.25,32.62,31.10,31.46,2224008,31.85
2010/10/12,31.47,32.60,31.46,32.43,3163860,32.29
2010/10/13,32.40,32.74,31.70,31.98,1816066,32.15
2010/10/14,32.43,32.50,30.60,30.68,1941370,31.35
2010/10/15,30.80,31.16,30.01,30.25,1440897,30.49
2010/10/18,30.30,30.32,29.03,29.63,1474241,29.43
2010/10/19,29.68,30.78,29.55,30.67,1114703,30.24
2010/10/20,30.40,31.06,29.94,30.77,1280359,30.49
2010/10/21,30.50,30.90,30.20,30.44,854582,30.43
2010/10/22,30.40,30.90,30.35,30.46,897939,30.51
2010/10/25,30.70,31.18,30.50,31.05,1468416,30.92
2010/10/26,31.16,31.25,30.50,30.73,1168680,30.68
2010/10/27,30.50,30.50,30.00,30.25,1374963,30.28
2010/10/28,30.30,30.48,30.01,30.38,946490,30.23
2010/10/29,30.39,30.70,30.03,30.70,1087008,30.36
2010/11/01,30.75,31.38,30.71,31.35,2586505,31.15
2010/11/02,31.32,31.88,30.95,30.95,2882762,31.46
2010/11/03,30.92,31.45,30.40,31.08,1418002,30.91
2010/11/04,31.27,31.87,31.00,31.68,2391537,31.55
2010/11/05,31.27,31.87,31.00,31.68,0,31.44
2010/11/08,32.10,33.99,32.10,33.57,5136500,33.00
2010/11/09,33.51,33.54,32.60,32.92,2698905,33.03
2010/11/10,32.93,34.00,32.32,32.68,4690105,33.07
2010/11/11,32.54,32.99,32.32,32.35,3405946,32.61
2010/11/12,32.20,33.50,31.37,31.43,3867945,32.43
2010/11/15,31.53,33.75,31.53,33.72,5213418,32.94
2010/11/16,34.00,34.55,30.90,32.42,5175385,33.39
2010/11/17,31.50,32.87,31.22,31.38,2255739,32.03
2010/11/18,31.51,31.99,30.02,30.60,2025737,30.70
2010/11/19,30.59,31.10,29.80,30.75,2197167,30.43
2010/11/22,30.73,31.34,30.60,30.98,2072945,30.96
2010/11/23,30.99,31.35,30.67,31.15,1487831,30.99
2010/11/24,31.00,32.13,31.00,32.10,1970420,31.45
2010/11/25,32.28,33.48,31.92,33.48,3539417,32.87
2010/11/26,33.40,33.84,32.82,32.98,3032598,33.18
2010/11/29,33.33,34.30,33.15,33.26,2583071,33.60
2010/11/30,33.00,34.50,32.21,34.44,4270617,33.27
2010/12/01,34.00,36.80,33.90,35.83,5310407,35.49
2010/12/02,35.55,36.30,35.26,35.98,3609746,35.87
2010/12/03,35.98,36.87,35.55,36.22,3103840,36.37
2010/12/06,36.23,36.50,34.00,34.98,2485868,35.01
2010/12/07,34.43,35.55,33.78,35.39,1375677,34.75
2010/12/08,35.20,35.80,34.46,35.32,1404240,35.10
2010/12/09,35.47,35.47,34.40,34.60,1010335,34.92
2010/12/10,34.30,35.04,33.88,34.59,863726,34.39
2010/12/13,34.59,36.75,34.50,36.45,1990620,36.17
2010/12/14,36.45,37.26,36.20,36.90,2027540,36.82
2010/12/15,36.75,37.29,36.40,36.45,1155959,36.75
2010/12/16,36.80,36.82,36.20,36.20,832648,36.40
2010/12/17,36.39,36.40,35.80,36.29,817117,36.10
2010/12/20,36.58,37.50,35.30,36.66,1819080,36.64
2010/12/21,37.10,37.41,36.17,36.34,1539728,36.66
2010/12/22,36.21,36.59,35.00,35.01,1222702,35.58
2010/12/23,35.01,35.69,34.61,35.48,1615308,35.17
2010/12/24,35.55,35.70,33.58,34.30,1251657,34.37
2010/12/27,33.66,34.99,33.51,34.05,1063704,34.24
2010/12/28,34.21,34.61,33.21,34.42,818045,33.96
2010/12/29,34.55,35.88,34.25,35.88,1146946,35.09
2010/12/30,35.95,36.08,35.30,35.79,580221,35.65
2010/12/31,35.60,38.44,35.37,37.98,2024857,37.09
2011/01/04,37.83,39.35,37.68,38.68,1870193,38.44
2011/01/05,38.35,38.35,37.42,37.63,1464822,37.80
2011/01/06,37.63,37.79,36.80,37.78,1020802,37.35
2011/01/07,37.50,37.98,37.11,37.78,561242,37.55
2011/01/10,37.58,37.58,36.81,37.29,673341,37.16
2011/01/11,36.71,37.19,35.00,36.40,933481,36.29
2011/01/12,36.17,36.23,35.30,35.69,335407,35.75
2011/01/13,35.22,37.50,35.00,37.10,1070675,36.41
2011/01/14,36.93,37.60,36.32,37.10,593446,36.83
2011/01/17,36.44,37.18,35.00,35.00,484000,35.98
2011/01/18,34.89,35.80,34.58,35.80,600899,35.43
2011/01/19,35.80,36.66,35.46,36.66,291187,36.30
2011/01/20,36.60,36.60,35.50,35.68,437585,35.85
2011/01/21,35.68,37.50,35.25,37.50,787948,36.63
2011/01/24,37.51,38.00,36.50,36.87,529812,37.32
2011/01/25,36.87,36.87,33.18,33.72,941407,34.70
2011/01/26,33.73,36.28,33.73,35.56,611635,34.94
2011/01/27,34.98,35.97,34.91,35.96,540214,35.66
2011/01/28,35.50,36.65,35.50,36.49,652342,36.17
2011/01/31,36.00,36.44,35.06,36.11,551675,35.67
2011/02/01,35.80,36.11,35.35,35.78,231740,35.63
2011/02/09,35.58,37.50,35.00,35.11,955762,36.06
2011/02/10,35.20,35.99,34.52,35.80,1491785,35.30
2011/02/11,35.68,35.80,34.77,34.86,1207028,35.06
2011/02/14,34.76,35.46,34.52,35.41,1077311,35.02
2011/02/15,35.42,37.39,35.42,37.10,2418152,36.53
2011/02/16,36.80,38.17,36.60,37.55,2061531,37.32
2011/02/17,37.55,38.10,37.04,37.45,1310583,37.50
2011/02/18,37.45,38.25,37.16,37.86,1448243,37.69
2011/02/21,37.59,39.30,37.51,38.39,1859874,38.61
2011/02/22,38.60,39.45,37.85,38.50,2182579,38.57
2011/02/23,39.00,39.20,37.58,38.88,806176,38.28
2011/02/24,38.03,38.70,37.55,38.59,517766,38.09
2011/02/25,38.18,38.70,37.00,38.57,992045,37.92
2011/02/28,38.57,38.72,37.00,37.66,669694,37.82
2011/03/01,37.60,37.79,36.90,37.00,1082444,37.12
2011/03/02,37.00,37.00,36.21,36.68,727164,36.44
2011/03/03,36.88,36.98,36.00,36.22,740395,36.31
2011/03/04,36.22,36.59,35.60,36.59,1215546,36.04
2011/03/07,36.59,36.76,36.28,36.70,1205435,36.44
2011/03/08,37.05,37.46,36.60,36.75,1347279,37.08
2011/03/09,36.70,36.70,36.16,36.58,971926,36.37
2011/03/10,36.59,36.59,35.30,35.66,1142074,35.77
2011/03/11,35.43,36.64,35.43,36.64,1252254,36.19
2011/03/14,36.64,36.85,35.30,35.94,1110932,36.27
2011/03/15,35.94,35.97,34.30,35.10,847023,35.04
2011/03/16,35.10,35.63,34.80,35.58,501388,35.33
2011/03/17,35.21,35.21,34.65,34.83,394915,34.89
2011/03/18,35.05,36.48,35.05,35.64,948627,35.95
2011/03/21,35.68,35.90,34.28,34.65,968420,34.86
2011/03/22,34.90,34.90,34.32,34.40,433010,34.45
2011/03/23,34.60,34.70,34.32,34.42,566424,34.45
2011/03/24,34.58,35.20,34.50,35.08,657316,34.93
2011/03/25,35.08,35.48,34.70,34.78,573651,34.92
2011/03/28,34.83,35.08,34.30,34.40,694540,34.61
2011/03/29,34.30,34.45,32.93,32.94,936138,33.42
2011/03/30,32.80,33.18,32.70,33.00,335877,32.91
2011/03/31,33.00,33.55,32.80,33.08,298295,33.14
2011/04/01,33.24,33.50,33.00,33.47,230701,33.28
2011/04/06,33.65,33.89,32.20,32.50,886364,32.72
2011/04/07,32.26,32.85,32.25,32.85,504491,32.61
2011/04/08,33.16,33.16,32.67,32.90,465545,32.86
2011/04/11,32.91,33.32,32.50,32.64,326959,33.01
2011/04/12,32.91,33.32,32.50,32.64,0,32.91
2011/04/13,32.50,33.45,32.50,33.35,405350,32.89
2011/04/14,33.90,34.30,33.52,33.88,1000411,33.94
2011/04/15,33.54,33.83,33.32,33.50,466085,33.54
2011/04/18,33.50,34.00,33.38,33.75,350014,33.74
2011/04/19,33.50,33.66,32.50,32.88,401862,33.02
2011/04/20,32.89,33.39,32.58,32.89,282424,32.85
2011/04/21,33.11,33.11,32.67,32.74,276328,32.82
2011/04/22,32.78,32.86,32.41,32.45,356700,32.61
2011/04/25,32.34,32.34,31.00,31.02,453732,31.28
2011/04/26,31.48,31.48,30.72,31.00,222033,30.98
2011/04/27,31.30,31.30,30.04,31.16,310060,30.81
2011/04/28,31.00,31.30,30.52,30.80,262201,31.04
2011/04/29,31.13,31.53,30.70,31.50,231635,31.19
2011/05/03,31.50,31.68,31.09,31.59,263304,31.41
2011/05/04,31.21,31.56,30.80,30.96,215330,31.12
2011/05/05,30.63,30.99,30.50,30.92,135606,30.75
2011/05/06,30.69,31.38,30.56,31.29,215518,31.03
2011/05/09,31.01,31.87,31.01,31.37,243744,31.29
2011/05/10,31.52,31.59,30.92,31.33,234139,31.14
2011/05/11,31.03,31.74,30.60,31.60,532573,31.30
2011/05/12,31.30,31.69,31.03,31.14,278922,31.36
2011/05/13,31.00,31.47,30.70,30.92,171323,30.91
2011/05/16,30.93,31.20,30.72,30.93,131183,30.94
2011/05/17,30.80,31.27,30.70,31.06,167676,31.04
2011/05/18,31.25,31.45,31.17,31.26,165431,31.33
2011/05/19,31.22,31.96,31.21,31.80,384992,31.70
2011/05/20,31.60,32.26,31.53,32.17,439130,32.05
2011/05/23,32.30,33.26,32.20,32.55,1506590,32.67
2011/05/24,32.02,32.28,29.69,30.12,1711025,30.99
2011/05/25,30.04,30.98,29.55,30.85,1026698,30.27
2011/05/26,31.24,32.15,30.85,30.88,730348,31.50
2011/05/27,30.25,30.66,28.19,28.19,853695,29.43
2011/05/30,28.19,28.98,27.60,28.35,556400,28.29
2011/05/31,27.89,29.06,27.89,28.94,326120,28.47
2011/06/01,28.94,29.81,28.46,29.59,824725,29.13
2011/06/02,28.91,29.68,28.48,29.00,533090,29.08
2011/06/03,28.97,29.39,28.97,29.16,464217,29.18
2011/06/07,29.16,29.63,28.90,29.49,485281,29.26
2011/06/08,29.47,29.98,29.37,29.62,439768,29.68
2011/06/09,29.42,29.58,28.51,28.77,369329,29.04
2011/06/10,28.41,28.77,27.99,28.51,223189,28.38
2011/06/13,28.35,28.35,26.69,27.33,686975,27.52
2011/06/14,27.05,27.67,26.73,27.54,520901,27.20
2011/06/15,27.68,27.93,27.24,27.35,401501,27.58
2011/06/16,27.22,27.22,26.43,26.50,437628,26.82
2011/06/17,26.56,26.98,26.56,26.85,594319,26.77
2011/06/20,26.87,27.20,26.69,27.13,334726,26.95
2011/06/21,26.95,27.72,26.95,27.68,406211,27.33
2011/06/22,27.69,27.81,27.34,27.47,188019,27.57
2011/06/23,27.80,27.83,27.13,27.67,337437,27.48
2011/06/24,27.74,28.35,27.38,28.30,750533,27.87
2011/06/27,28.48,29.97,28.48,29.72,1232160,29.22
2011/06/28,29.78,29.78,29.19,29.45,520717,29.49
2011/06/29,29.75,30.20,28.91,29.26,561305,29.55
2011/06/30,29.15,29.81,29.15,29.55,421454,29.48
2011/07/01,29.94,29.94,29.45,29.60,347293,29.70
2011/07/04,29.94,30.75,29.60,30.67,792166,30.18
2011/07/05,30.82,31.76,30.36,31.58,1015441,31.06
2011/07/06,31.68,31.86,30.98,31.37,664334,31.42
2011/07/07,31.76,32.15,30.98,32.02,1947496,31.56
2011/07/08,31.90,33.31,31.72,33.27,2506083,32.52
2011/07/11,31.90,33.31,31.72,33.27,0,32.52
2011/07/12,33.13,33.96,33.03,33.26,2091554,33.50
2011/07/13,33.00,33.68,33.00,33.45,1365422,33.34
2011/07/14,33.94,33.97,33.27,33.58,1087450,33.62
2011/07/15,33.94,33.94,33.13,33.62,763652,33.54
2011/07/18,33.62,34.04,33.19,33.19,622174,33.61
2011/07/19,33.53,33.53,31.84,32.02,790998,32.69
2011/07/20,31.89,32.76,31.89,32.38,571985,32.32
2011/07/21,31.79,32.61,31.79,32.15,299403,32.20
2011/07/22,32.03,32.64,32.01,32.63,526415,32.32
2011/07/25,32.63,33.26,31.11,31.33,482995,32.18
2011/07/26,30.99,31.70,30.59,31.28,366330,31.14
2011/07/27,31.11,31.63,30.73,31.58,1044653,31.18
2011/07/28,31.29,31.76,30.93,31.50,578941,31.35
2011/07/29,31.38,32.16,30.60,32.12,1417474,31.38
2011/08/01,32.28,32.80,31.99,32.15,1291289,32.39
2011/08/02,31.92,32.61,31.25,32.09,538550,31.93
2011/08/03,31.54,32.25,31.38,32.02,414470,31.81
2011/08/04,31.66,32.14,31.66,31.97,298811,31.90
2011/08/05,30.69,31.44,30.67,30.81,430575,31.06
2011/08/08,30.79,33.55,29.94,33.48,5372580,31.74
2011/08/09,34.09,36.79,33.97,36.65,7378907,35.38
2011/08/10,37.06,37.32,36.04,36.64,5348045,36.68
2011/08/11,35.99,37.03,35.74,36.78,3804572,36.39
2011/08/12,36.91,37.99,36.45,36.51,4971910,37.22
2011/08/15,37.09,39.26,37.09,37.62,5509569,38.18
2011/08/16,38.57,39.00,37.03,37.75,3600716,38.02
2011/08/17,37.74,37.74,36.96,37.06,1635046,37.35
2011/08/18,36.70,37.45,36.05,36.39,1575491,36.75
2011/08/19,35.48,37.17,35.48,36.30,1066690,36.32
2011/08/22,36.57,38.00,36.08,37.08,2025134,37.04
2011/08/23,37.03,37.71,36.86,37.34,1327551,37.29
2011/08/24,37.60,38.07,37.09,37.38,1726536,37.58
2011/08/25,37.35,38.68,37.29,37.83,2404071,37.98
2011/08/26,37.71,37.71,37.03,37.21,1367348,37.37
2011/08/29,37.05,37.66,37.01,37.23,1258045,37.33
2011/08/30,37.25,37.48,36.06,36.09,1516999,36.77
2011/08/31,36.18,36.49,35.49,35.63,1167413,35.99
2011/09/01,35.95,37.75,35.86,37.75,2456808,36.80
2011/09/02,37.61,38.12,37.10,37.42,1862208,37.61
2011/09/05,36.70,37.17,34.83,34.85,2046949,36.00
2011/09/06,34.14,34.75,33.49,34.00,1113947,34.12
2011/09/07,34.37,35.61,34.17,35.56,1026203,34.89
2011/09/08,35.67,36.13,34.89,34.91,778449,35.51
2011/09/09,35.21,36.32,34.80,35.87,1481375,35.56
2011/09/13,35.24,35.63,34.49,34.57,659221,35.06
2011/09/14,34.85,35.10,33.66,34.62,1035023,34.38
2011/09/15,34.75,36.18,34.31,35.73,1259494,35.25
2011/09/16,35.84,36.08,35.30,35.34,770556,35.69
2011/09/19,35.54,37.05,35.15,36.15,2060826,36.10
2011/09/20,35.99,39.74,35.79,39.74,5896953,37.77
2011/09/21,39.90,40.73,39.37,40.54,5651943,40.05
2011/09/22,40.08,40.24,39.38,39.60,3098664,39.81
2011/09/23,38.52,39.77,37.87,39.66,3690841,38.82
2011/09/26,38.92,40.37,38.92,39.92,3231560,39.64
2011/09/27,40.13,40.13,38.16,39.73,2246250,39.14
2011/09/28,40.03,40.15,36.34,36.67,2323390,38.25
2011/09/29,35.76,35.92,34.76,35.43,1676278,35.34
2011/09/30,34.85,36.14,34.85,35.92,587751,35.50
2011/10/10,36.14,36.44,34.85,35.34,768366,35.64
2011/10/11,36.05,36.44,33.14,33.58,1460740,34.79
2011/10/12,35.27,36.91,34.37,36.91,1727943,35.64
2011/10/13,38.38,40.57,38.21,40.34,5342172,39.39
2011/10/14,39.33,40.76,39.33,39.99,3217679,40.04
2011/10/17,39.99,43.95,39.99,43.95,5029875,41.97
2011/10/18,43.69,44.19,39.59,39.59,8772893,41.89
2011/10/19,38.78,39.43,38.08,38.64,3959971,38.75
2011/10/20,38.10,40.11,37.39,39.33,3959980,38.75
2011/10/21,38.96,39.07,36.83,38.13,2943177,37.95
2011/10/24,38.12,41.12,36.97,40.90,3646093,39.04
2011/10/25,40.11,41.69,40.08,41.15,4559854,40.88
2011/10/26,40.41,41.03,39.56,40.31,3802808,40.30
2011/10/27,40.05,41.64,39.66,40.48,3507768,40.65
2011/10/28,40.73,41.22,39.82,40.78,2504106,40.52
2011/10/31,40.86,41.87,40.38,41.29,2687678,41.13
2011/11/01,40.52,41.89,40.38,40.52,2023956,41.14
2011/11/02,39.59,40.46,38.68,40.31,2479843,39.57
2011/11/03,40.26,41.85,40.07,40.07,3450414,40.96
2011/11/04,39.83,40.87,39.20,40.57,2514028,40.04
2011/11/07,40.25,40.41,39.47,39.78,1333123,39.94
2011/11/08,39.76,39.77,38.65,38.75,1527513,39.21
2011/11/09,38.91,39.83,38.74,39.60,914200,39.29
2011/11/10,39.30,40.39,38.78,39.83,1680371,39.59
2011/11/11,39.69,41.65,39.69,41.12,2629150,40.67
2011/11/14,41.58,41.77,40.77,41.32,2403977,41.27
2011/11/15,41.33,42.98,41.03,42.69,3125632,42.00
2011/11/16,42.43,42.93,40.63,41.11,2294973,41.78
2011/11/17,41.00,42.20,41.00,41.25,1914743,41.60
2011/11/18,41.08,41.08,39.37,39.65,1475799,40.22
2011/11/21,39.79,40.16,38.78,39.66,811455,39.47
2011/11/22,39.30,39.81,38.94,39.52,725920,39.38
2011/11/23,39.89,40.08,39.14,40.02,1055048,39.61
2011/11/24,39.66,40.29,39.29,39.95,843943,39.79
2011/11/25,39.91,40.55,39.50,39.52,833499,40.02
2011/11/28,39.31,40.15,39.31,39.82,671395,39.73
2011/11/29,40.24,43.20,40.24,42.29,3320213,41.72
2011/11/30,42.33,42.91,40.63,41.69,2888992,41.77
2011/12/01,42.82,43.03,41.69,41.93,2809810,42.36
2011/12/02,41.87,42.36,39.82,40.21,1604810,41.09
2011/12/05,40.28,42.80,40.28,42.29,3055252,41.54
2011/12/06,41.61,42.65,40.60,42.54,2312146,41.63
2011/12/07,42.55,43.58,42.07,42.89,2103324,42.82
2011/12/08,42.29,43.15,41.51,41.81,2027162,42.33
2011/12/09,41.06,42.13,40.81,41.12,1135644,41.47
2011/12/12,41.20,41.59,40.12,40.18,1130656,40.86
2011/12/13,39.86,40.47,36.90,38.56,1704807,38.68
2011/12/14,38.52,38.86,37.09,37.09,1193003,37.98
2011/12/15,36.70,36.70,35.63,35.73,1179923,36.17
2011/12/16,35.54,37.09,35.54,37.08,1066605,36.32
2011/12/19,36.64,37.08,35.99,36.83,1093741,36.54
2011/12/20,36.87,37.94,36.87,37.16,1144849,37.40
2011/12/21,37.61,37.71,33.88,34.13,1933090,35.80
2011/12/22,32.96,33.44,30.75,31.85,3120523,32.09
2011/12/23,31.02,32.55,31.02,32.25,1933474,31.78
2011/12/26,32.24,32.92,31.83,32.32,1451298,32.38
2011/12/27,32.35,32.41,30.95,31.23,1327604,31.68
2011/12/28,30.50,31.14,30.01,30.56,892887,30.58
2011/12/29,30.33,31.73,30.16,31.03,1070424,30.95
2011/12/30,31.96,31.96,31.07,31.55,1255902,31.52
2012/01/04,31.50,32.41,30.23,30.23,1520897,31.32
2012/01/05,30.23,30.54,28.84,28.90,1579195,29.69
2012/01/06,28.73,29.62,28.61,29.62,1234747,29.12
2012/01/09,29.52,31.03,29.21,31.02,1359864,30.12
2012/01/10,31.03,33.06,31.02,32.74,2414620,32.04
2012/01/11,32.64,32.93,32.15,32.66,1603105,32.54
2012/01/12,32.48,32.93,32.27,32.40,1357261,32.60
2012/01/13,32.40,32.80,31.14,31.44,1311191,31.97
2012/01/16,31.11,31.75,30.43,30.60,700820,31.09
2012/01/17,30.46,32.62,30.43,32.62,1111994,31.52
2012/01/18,32.62,32.93,31.83,31.89,1241648,32.38
2012/01/19,32.22,32.62,31.50,32.33,924180,32.06
2012/01/20,32.33,32.93,32.15,32.77,1387288,32.54
2012/01/30,33.20,33.20,32.51,32.77,1197057,32.86
2012/01/31,33.06,34.44,33.06,33.84,2110391,33.75
2012/02/01,33.52,34.88,33.44,33.48,1965581,34.16
2012/02/02,33.87,34.52,33.62,33.93,1563535,34.07
2012/02/03,34.09,34.83,33.85,34.50,1442458,34.34
2012/02/06,34.75,34.88,34.22,34.49,1210302,34.55
2012/02/07,34.35,34.43,33.45,33.68,1158200,33.94
2012/02/08,33.67,34.53,33.36,34.49,1645461,33.95
2012/02/09,34.49,34.85,34.04,34.11,1382981,34.45
2012/02/10,34.00,34.26,33.84,33.98,1169939,34.05
2012/02/13,33.67,34.56,33.65,34.56,1652520,34.11
2012/02/14,34.75,34.75,34.30,34.53,941835,34.52
2012/02/15,34.32,34.79,34.24,34.67,1351070,34.52
2012/02/16,34.62,36.18,34.57,35.61,2280903,35.38
2012/02/17,35.53,35.78,35.11,35.27,839850,35.45
2012/02/20,35.89,35.92,35.14,35.66,1056146,35.53
2012/02/21,35.60,35.80,34.88,35.80,1011120,35.34
2012/02/22,35.95,37.87,35.95,37.66,2215019,36.91
2012/02/23,37.48,38.65,36.99,37.51,1819610,37.82
2012/02/24,37.69,38.18,37.06,38.00,1564457,37.62
2012/02/27,38.07,40.57,38.07,39.27,2594290,39.32
2012/02/28,38.94,41.73,38.91,41.37,3458245,40.32
2012/02/29,43.16,43.63,40.41,42.30,9295426,42.02
2012/03/01,41.38,41.84,41.07,41.59,2675169,41.46
2012/03/02,41.60,42.13,41.60,41.99,2020268,41.87
2012/03/05,41.99,43.53,41.99,42.88,2921930,42.76
2012/03/06,42.49,42.80,41.28,41.86,2204075,42.04
2012/03/07,41.30,43.59,41.12,42.60,2715931,42.36
2012/03/08,42.68,43.41,42.29,43.20,2184345,42.85
2012/03/09,44.49,44.50,43.19,43.41,4935556,43.84
2012/03/12,43.41,43.43,42.55,43.30,2866399,42.99
2012/03/13,42.95,43.23,42.63,43.04,2407526,42.93
2012/03/14,43.21,46.16,43.21,43.95,7360833,44.68
2012/03/15,43.82,44.45,42.68,43.37,3360709,43.57
2012/03/16,43.40,45.61,43.40,45.54,4591956,44.50
2012/03/19,45.48,46.29,44.77,46.20,4115297,45.53
2012/03/20,46.13,46.13,44.34,44.38,3484912,45.24
2012/03/21,44.49,44.96,42.55,43.17,3084212,43.75
2012/03/22,43.20,44.36,42.95,43.85,2260639,43.66
2012/03/23,43.46,43.75,41.80,42.10,2526288,42.77
2012/03/26,41.64,42.36,40.83,41.64,1479829,41.59
2012/03/27,41.90,43.53,41.90,42.43,2236775,42.71
2012/03/28,42.16,42.28,40.90,41.46,1704734,41.59
2012/03/29,41.00,41.64,39.57,39.95,1798900,40.61
2012/03/30,41.00,41.64,39.57,39.95,0,40.61
2012/04/05,40.02,41.45,40.02,41.38,1754630,40.74
2012/04/06,41.64,42.10,41.00,41.45,1588145,41.55
2012/04/09,41.64,41.64,40.90,41.20,761982,41.27
2012/04/10,41.02,41.34,39.86,41.19,1240352,40.60
2012/04/11,40.73,41.21,40.34,40.80,947885,40.78
2012/04/12,40.81,42.59,40.81,42.29,2190601,41.70
2012/04/13,42.06,42.58,41.94,42.36,1530823,42.26
2012/04/16,42.03,42.17,40.63,42.17,3012485,41.40
2012/04/17,41.68,42.16,41.32,41.42,1754657,41.74
2012/04/18,41.55,42.15,41.55,41.94,2271357,41.85
2012/04/19,41.54,42.03,40.55,40.74,2110052,41.29
2012/04/20,40.61,40.89,40.38,40.57,1295870,40.64
2012/04/23,40.00,40.30,38.53,38.56,2584171,39.41
2012/04/24,39.04,40.91,38.94,40.74,2860605,39.92
2012/04/25,40.59,40.60,39.82,40.34,1230461,40.21
2012/04/26,40.34,40.90,40.08,40.61,1193672,40.49
2012/04/27,40.61,41.84,40.38,41.41,1478611,41.11
2012/05/02,41.85,45.28,41.50,43.85,3517876,43.39
2012/05/03,43.98,44.14,42.91,43.36,2636236,43.52
2012/05/04,42.55,43.85,41.33,43.20,6090280,42.59
2012/05/07,42.55,43.10,42.19,42.68,3098121,42.64
2012/05/08,42.68,43.82,42.42,42.99,3520236,43.12
2012/05/09,42.34,42.78,41.46,41.61,2627964,42.12
2012/05/10,41.61,42.24,41.09,41.15,2007653,41.67
2012/05/11,41.28,41.85,41.09,41.17,1552060,41.47
2012/05/14,41.35,41.80,41.12,41.33,1565096,41.46
2012/05/15,41.09,41.09,40.13,40.76,1557744,40.61
2012/05/16,40.76,41.09,40.34,40.37,983399,40.72
2012/05/17,40.39,40.94,39.61,40.65,1888200,40.27
2012/05/18,40.47,40.47,39.74,39.90,1348435,40.11
2012/05/21,39.92,39.92,38.78,39.40,1333286,39.35
2012/05/22,39.33,40.31,39.33,39.53,961052,39.82
2012/05/23,39.56,40.00,38.96,40.00,1443715,39.48
2012/05/24,39.74,40.03,39.04,39.38,1270131,39.54
2012/05/25,39.38,39.56,38.03,38.23,1419244,38.80
2012/05/28,38.62,38.62,36.91,37.79,1433862,37.76
2012/05/29,38.39,39.07,37.64,38.73,1437957,38.36
2012/05/30,38.75,39.07,38.03,38.16,1204514,38.55
2012/05/31,38.26,38.99,37.97,38.75,1728318,38.48
2012/06/01,38.91,39.46,38.57,38.99,1264496,39.02
2012/06/04,38.23,41.41,38.05,40.68,5848056,39.73
2012/06/05,40.68,41.07,40.08,40.44,3444769,40.57
2012/06/06,40.60,40.60,38.73,38.96,2564499,39.66
2012/06/07,39.22,39.53,37.69,37.87,3157475,38.61
2012/06/08,38.18,38.44,37.48,37.84,1068302,37.96
2012/06/11,37.97,38.47,37.53,38.29,1138299,38.00
2012/06/12,37.95,38.13,37.61,37.82,719490,37.87
2012/06/13,38.05,38.86,37.69,38.44,1363456,38.27
2012/06/14,38.39,40.08,38.29,39.72,2794064,39.18
2012/06/15,39.72,40.03,38.81,39.43,1537206,39.42
2012/06/18,39.43,39.87,39.17,39.56,1161223,39.52
2012/06/19,39.77,42.39,39.64,42.03,6882657,41.02
2012/06/20,42.11,43.20,41.61,42.55,5219019,42.41
2012/06/21,42.68,42.68,41.04,41.51,2293677,41.86
2012/06/25,41.51,41.51,40.21,40.60,1387956,40.86
2012/06/26,40.00,41.12,39.82,40.86,886837,40.47
2012/06/27,40.81,41.28,40.31,40.31,1029062,40.80
2012/06/28,40.21,40.73,39.82,39.82,1037840,40.27
2012/06/29,39.77,39.77,38.29,39.38,1900453,39.03
2012/07/02,39.56,40.24,39.30,40.21,1549134,39.77
2012/07/03,40.18,40.78,39.85,40.39,1917219,40.32
2012/07/04,40.37,41.87,40.16,41.38,2236165,41.01
2012/07/05,41.25,41.25,40.34,40.44,1188156,40.80
2012/07/06,40.73,41.98,40.57,41.72,1855542,41.27
2012/07/09,41.51,42.76,41.12,41.12,2664870,41.94
2012/07/10,40.13,41.38,40.08,40.42,1215008,40.73
2012/07/11,40.34,40.34,39.07,39.64,1399582,39.71
2012/07/12,39.66,41.30,39.04,41.25,1475471,40.17
2012/07/13,41.12,42.29,40.86,41.56,2241804,41.57
2012/07/16,41.69,42.11,40.05,40.05,1676063,41.08
2012/07/17,39.48,40.03,36.31,37.27,4138570,38.17
2012/07/18,36.86,37.19,35.92,37.09,2362589,36.55
2012/07/19,36.96,38.21,36.88,37.56,1692166,37.55
2012/07/20,37.61,38.00,36.99,37.27,888024,37.50
2012/07/23,37.22,37.69,36.34,36.96,843000,37.02
2012/07/24,36.83,37.43,36.44,36.88,1090720,36.93
2012/07/25,36.80,37.30,36.65,36.96,720102,36.97
2012/07/26,36.57,37.12,36.21,36.80,836470,36.66
2012/07/27,36.83,36.83,36.31,36.54,605399,36.57
2012/07/30,36.54,37.12,35.53,37.09,2358381,36.32
2012/07/31,37.14,37.19,35.82,36.75,906457,36.50
2012/08/01,36.67,36.93,36.34,36.62,875789,36.64
2012/08/02,36.44,36.65,33.84,34.10,2267807,35.25
2012/08/03,34.13,34.44,33.71,34.39,1167261,34.07
2012/08/06,34.31,34.91,33.71,34.85,1846462,34.31
2012/08/07,34.62,36.75,34.36,36.75,2792341,35.55
2012/08/08,36.67,37.17,36.10,36.75,2369063,36.64
2012/08/09,36.99,36.99,36.18,36.78,1808457,36.59
2012/08/10,36.78,36.88,36.34,36.52,923279,36.61
2012/08/13,36.44,36.75,35.17,35.53,1088836,35.96
2012/08/14,35.53,35.63,33.92,35.17,1644781,34.78
2012/08/15,34.93,34.93,34.10,34.10,964124,34.52
2012/08/16,34.10,34.49,33.97,33.97,730110,34.23
2012/08/17,33.97,34.28,33.84,34.18,772864,34.06
2012/08/20,34.23,34.28,33.84,34.26,751550,34.06
2012/08/21,33.74,34.07,32.28,33.61,3749452,33.18
2012/08/22,33.16,33.35,32.15,32.41,3531734,32.75
2012/08/23,32.31,32.54,31.79,32.25,1596955,32.16
2012/08/24,32.02,32.49,31.86,31.92,1418234,32.18
2012/08/27,31.92,31.97,30.72,30.77,1514788,31.34
2012/08/28,30.59,30.90,30.28,30.62,1142888,30.59
2012/08/29,30.67,31.03,30.25,30.28,1365617,30.64
2012/08/30,30.20,30.46,29.58,29.89,1140555,30.02
2012/08/31,29.68,30.43,29.60,30.36,929431,30.02
2012/09/03,30.23,32.72,30.20,32.02,3312467,31.46
2012/09/04,32.10,32.46,31.50,31.68,2240901,31.98
2012/09/05,31.24,31.81,31.16,31.60,957575,31.48
2012/09/06,31.76,32.38,31.55,31.76,1001275,31.97
2012/09/07,32.02,32.96,31.68,32.44,3307712,32.32
2012/09/10,32.57,32.77,32.18,32.57,2035005,32.48
2012/09/11,32.62,33.22,32.12,33.22,3012231,32.67
2012/09/12,33.27,33.45,32.62,33.11,1857863,33.04
2012/09/13,33.14,33.63,32.80,32.90,1875242,33.21
2012/09/14,33.01,33.22,32.18,32.51,1670745,32.70
2012/09/17,32.51,32.93,31.29,31.29,1080895,32.11
2012/09/18,31.50,31.50,30.93,31.11,558939,31.21
2012/09/19,31.60,31.60,31.06,31.40,452931,31.33
2012/09/20,31.24,31.45,29.94,30.72,976191,30.70
2012/09/21,31.76,31.76,30.72,30.72,838102,31.24
2012/09/24,29.97,30.85,29.89,30.85,770049,30.37
2012/09/25,30.54,31.21,30.23,30.56,498159,30.72
2012/09/26,30.28,30.72,29.16,29.16,673698,29.94
2012/09/27,29.52,29.55,28.54,29.29,2265295,29.04
2012/09/28,29.16,30.36,28.67,30.33,1766297,29.52
2012/10/08,30.36,30.62,30.07,30.25,773576,30.35
2012/10/09,30.28,31.03,30.28,30.93,1020140,30.66
2012/10/10,31.01,31.73,30.69,31.58,1769193,31.21
2012/10/11,31.37,31.68,30.62,30.67,1372222,31.15
2012/10/12,30.88,31.50,30.28,30.90,761850,30.89
2012/10/15,30.88,31.16,30.10,30.93,956177,30.63
2012/10/16,30.82,31.19,30.46,30.75,569488,30.83
2012/10/17,30.82,30.82,30.20,30.23,927999,30.51
2012/10/18,29.97,30.72,29.91,30.51,945424,30.31
2012/10/19,30.51,30.62,30.20,30.23,934785,30.41
2012/10/22,30.07,30.51,29.58,29.84,1425837,30.04
2012/10/23,29.84,29.94,29.39,29.68,877281,29.67
2012/10/24,29.60,29.68,29.32,29.45,568649,29.50
2012/10/25,29.55,29.91,29.37,29.71,1125244,29.64
2012/10/26,29.16,29.16,26.90,26.95,3785735,28.03
2012/10/29,26.82,26.82,26.07,26.25,1258256,26.45
2012/10/30,26.25,26.56,26.04,26.25,540651,26.30
2012/10/31,26.33,27.55,26.20,26.98,1198653,26.88
2012/11/01,26.85,27.34,26.25,27.13,2144475,26.79
2012/11/02,27.18,27.18,26.61,26.69,1140490,26.89
2012/11/05,26.43,26.74,26.30,26.46,949063,26.52
2012/11/06,26.53,26.53,25.91,26.20,1322263,26.22
2012/11/07,26.20,26.48,26.04,26.46,794072,26.26
2012/11/08,26.17,26.35,25.36,25.36,941797,25.86
2012/11/09,25.31,25.65,24.90,25.08,980546,25.27
2012/11/12,25.00,25.29,24.61,24.82,1175503,24.95
2012/11/13,24.51,24.74,24.22,24.22,1001500,24.48
2012/11/14,24.22,24.40,24.04,24.27,621422,24.22
2012/11/15,24.22,24.22,22.53,22.76,1672768,23.38
2012/11/16,22.79,22.87,21.85,22.30,2409736,22.36
2012/11/19,22.11,22.45,21.88,22.35,1161164,22.16
2012/11/20,22.40,22.71,22.04,22.50,1847605,22.38
2012/11/21,22.30,22.66,22.01,22.66,1337212,22.34
2012/11/22,22.56,23.60,22.32,23.26,3288480,22.96
2012/11/23,23.10,23.26,22.84,22.89,1451277,23.05
2012/11/26,22.92,23.23,22.53,22.61,1252976,22.88
2012/11/27,22.40,22.40,20.79,21.00,1814056,21.59
2012/11/28,20.74,21.75,20.58,21.02,1056553,21.16
2012/11/29,20.97,21.57,20.92,21.28,962258,21.25
2012/11/30,21.15,21.57,21.02,21.39,1004539,21.29
2012/12/03,21.39,21.39,20.14,20.16,1242650,20.77
2012/12/04,19.77,20.53,19.59,20.35,1270629,20.06
2012/12/05,20.32,21.23,20.24,20.97,1612957,20.73
2012/12/06,20.84,22.87,20.84,22.40,4470862,21.86
2012/12/07,22.30,24.48,21.98,24.48,6123458,23.23
2012/12/10,26.17,26.17,24.64,25.91,11487737,25.41
2012/12/11,25.62,25.73,24.56,24.56,7175579,25.14
2012/12/12,24.09,25.08,24.04,24.45,4497515,24.56
2012/12/13,24.35,24.48,23.49,23.57,4452221,23.98
2012/12/14,23.52,24.95,23.52,24.95,6604525,24.23
2012/12/17,24.77,26.01,24.43,25.68,7098497,25.22
2012/12/18,25.68,26.25,25.13,25.29,6847938,25.69
2012/12/19,24.56,25.55,23.70,25.03,5926449,24.63
2012/12/20,24.77,24.97,24.27,24.74,3390437,24.62
2012/12/21,24.74,25.05,24.45,24.56,2617398,24.75
2012/12/24,24.40,25.00,24.12,24.74,2531772,24.56
2012/12/25,24.53,25.23,24.22,25.00,3808381,24.72
2012/12/26,25.08,25.75,25.03,25.60,4636145,25.39
2012/12/27,25.60,27.86,25.52,27.13,9135154,26.69
2012/12/28,26.64,27.29,25.91,26.82,5641282,26.60
2012/12/31,26.74,26.82,26.22,26.51,3277030,26.52
2013/01/04,26.61,26.82,25.78,26.14,2823504,26.30
2013/01/07,26.04,26.48,25.91,26.43,2528567,26.20
2013/01/08,26.43,26.53,25.70,26.30,2853488,26.12
2013/01/09,26.17,28.25,25.99,27.50,8592169,27.12
2013/01/10,27.47,27.89,26.95,27.11,4130655,27.42
2013/01/11,27.11,27.24,26.25,26.27,2873387,26.74
2013/01/14,26.30,27.21,26.07,27.03,3000165,26.64
2013/01/15,26.95,28.80,26.87,28.04,6744645,27.84
2013/01/16,27.86,29.55,27.68,29.08,9282524,28.62
2013/01/17,29.03,29.03,28.04,28.07,4680636,28.54
2013/01/18,28.41,30.10,28.28,29.99,8075194,29.19
2013/01/21,29.94,31.27,29.34,31.21,8372601,30.30
2013/01/22,31.11,32.70,30.33,32.12,9177745,31.52
2013/01/23,31.47,32.15,30.98,31.16,5593685,31.56
2013/01/24,31.06,31.06,28.28,29.24,6552509,29.67
2013/01/25,28.38,29.26,28.38,28.61,2275424,28.82
2013/01/28,28.90,29.68,28.51,29.39,3243986,29.10
2013/01/29,29.16,29.55,28.51,28.98,3971881,29.03
2013/01/30,29.19,29.19,28.38,28.59,3057030,28.79
2013/01/31,28.77,30.64,28.74,30.51,7305159,29.69
2013/02/01,30.85,32.20,29.68,29.99,10017642,30.94
2013/02/04,29.68,29.94,28.38,28.67,5226758,29.16
2013/02/05,28.43,29.55,28.02,29.55,3442017,28.79
2013/02/06,29.60,30.85,29.60,30.23,5642391,30.23
2013/02/07,30.85,30.85,29.68,30.43,4093751,30.27
2013/02/08,30.25,31.08,30.17,30.62,3915981,30.63
2013/02/18,31.45,32.36,31.37,31.50,7763630,31.87
2013/02/19,31.24,31.45,30.20,30.59,3484253,30.82
2013/02/20,30.62,31.55,30.25,31.21,3038961,30.90
2013/02/21,31.21,32.12,30.54,31.24,5991027,31.33
2013/02/22,31.92,32.54,31.06,31.34,5018066,31.80
2013/02/25,30.95,31.71,30.59,31.29,2960645,31.15
2013/02/26,30.85,30.85,28.93,29.00,6056169,29.89
2013/02/27,28.95,29.47,28.67,28.87,1899497,29.07
2013/02/28,28.90,29.26,28.12,29.26,2837023,28.69
2013/03/01,29.68,29.68,28.72,29.34,1847961,29.20
2013/03/04,29.34,29.81,28.51,28.74,2298720,29.16
2013/03/05,28.74,29.29,28.54,29.11,1461603,28.91
2013/03/06,29.11,29.11,28.61,28.87,2702635,28.86
2013/03/07,28.90,29.34,28.72,29.29,2345605,29.03
2013/03/08,29.32,29.32,28.54,28.61,1720969,28.93
2013/03/11,28.48,28.48,27.81,27.99,1556281,28.14
2013/03/12,28.02,28.17,25.81,26.25,3323709,26.99
2013/03/13,26.17,26.30,25.47,25.65,1555121,25.88
2013/03/14,25.88,25.88,25.16,25.21,1480985,25.52
2013/03/15,25.00,25.62,24.12,25.31,2272623,24.87
2013/03/18,24.97,25.16,24.40,24.45,1440689,24.78
2013/03/19,24.48,24.74,24.06,24.69,979236,24.40
2013/03/20,24.74,25.26,24.64,25.16,1616323,24.95
2013/03/21,25.29,25.70,25.21,25.42,1571406,25.46
2013/03/22,25.44,25.44,24.95,25.16,1278635,25.20
2013/03/25,25.39,25.39,24.74,25.00,1024820,25.06
2013/03/26,25.13,25.13,24.35,24.74,1187565,24.74
2013/03/27,24.77,24.95,24.48,24.53,971727,24.71
2013/03/28,24.43,24.43,23.05,23.21,1555922,23.74
2013/03/29,23.02,23.44,22.82,22.97,896533,23.13
2013/04/01,22.97,22.97,22.45,22.84,1160809,22.71
2013/04/02,22.69,24.97,22.69,24.97,3585892,23.83
2013/04/03,24.97,25.21,24.01,24.01,5138743,24.61
2013/04/08,21.78,21.78,21.78,21.78,1318800,21.78
2013/04/09,21.15,22.89,20.71,22.45,5444851,21.80
2013/04/10,22.04,22.22,21.62,21.75,2937211,21.92
2013/04/11,21.70,22.27,21.67,21.72,1909947,21.97
2013/04/12,21.72,21.93,21.44,21.72,1745733,21.69
2013/04/15,21.23,21.26,20.40,20.45,2792103,20.83
2013/04/16,20.32,21.85,20.32,21.62,3557863,21.09
2013/04/17,21.49,23.39,21.15,23.00,5593479,22.27
2013/04/18,22.63,24.87,22.19,24.30,8481624,23.53
2013/04/19,24.27,26.20,23.80,25.42,7468539,25.00
2013/04/22,25.23,25.39,24.48,24.79,4960570,24.94
2013/04/23,24.74,25.08,24.04,24.40,3488923,24.56
2013/04/24,24.38,24.77,23.96,24.56,2854306,24.37
2013/04/25,24.61,25.21,24.27,24.45,3411955,24.74
2013/04/26,24.48,25.49,24.30,25.47,5363568,24.89
2013/05/02,25.52,27.73,25.26,27.34,8393530,26.50
2013/05/03,27.21,27.99,26.79,27.29,5912363,27.39
2013/05/06,26.95,28.02,26.40,27.13,4285931,27.21
2013/05/07,26.95,27.57,26.72,27.44,3770840,27.14
2013/05/08,27.44,27.60,26.95,27.18,2393441,27.28
2013/05/09,27.34,28.54,27.08,28.30,5586190,27.81
2013/05/10,28.77,28.80,27.47,28.15,3384561,28.13
2013/05/13,28.07,29.91,27.86,29.34,4790139,28.88
2013/05/14,29.63,29.89,28.93,29.42,2960644,29.41
2013/05/15,29.39,29.86,29.03,29.47,2813883,29.45
2013/05/16,29.55,29.81,29.16,29.52,4304708,29.48
2013/05/17,29.71,30.28,29.29,29.52,4947930,29.79
2013/05/20,29.55,30.51,29.55,29.65,5963153,30.03
2013/05/21,29.73,30.54,29.55,30.54,5548200,30.04
2013/05/22,30.59,31.14,29.89,30.56,5256406,30.52
2013/05/23,30.49,30.51,28.90,28.95,4289587,29.71
2013/05/24,28.90,29.81,28.38,29.81,3357162,29.09
2013/05/27,29.42,30.33,29.24,29.97,3451645,29.78
2013/05/28,29.86,29.86,29.16,29.47,2526028,29.51
2013/05/29,29.45,29.45,28.93,29.29,1773267,29.19
2013/05/30,29.11,29.47,28.93,29.13,1480592,29.20
2013/05/31,29.16,29.89,28.85,29.39,3486647,29.37
2013/06/03,29.50,29.65,27.83,28.04,3689906,28.74
2013/06/04,27.81,28.02,26.69,26.87,2435087,27.36
2013/06/05,27.11,27.47,26.43,27.37,979588,26.95
2013/06/06,27.29,27.55,27.03,27.24,894504,27.29
2013/06/07,27.16,27.31,26.43,26.51,889784,26.87
2013/06/13,26.40,26.40,24.38,24.48,1728419,25.39
2013/06/14,24.51,25.05,24.22,25.05,1472690,24.63
2013/06/17,25.47,25.62,24.48,24.69,3077884,25.05
2013/06/18,24.66,24.84,24.35,24.74,1118540,24.60
2013/06/19,24.58,25.78,24.48,25.60,1986066,25.13
2013/06/20,25.42,25.94,24.87,24.92,2497690,25.41
2013/06/21,24.95,26.20,24.48,25.57,1552443,25.34
2013/06/24,25.52,25.73,23.23,23.86,1505992,24.48
2013/06/25,23.57,24.48,21.67,23.36,4193594,23.08
2013/06/26,22.95,23.62,22.79,23.36,1814004,23.21
2013/06/27,23.44,23.65,22.35,22.40,1827287,23.00
2013/06/28,22.30,22.82,22.14,22.43,1825897,22.48
2013/07/01,22.43,23.39,22.14,23.18,1688918,22.77
2013/07/02,23.18,25.34,22.97,25.34,5441602,24.15
2013/07/03,25.34,25.96,25.00,25.75,4328871,25.48
2013/07/04,25.52,26.01,25.00,25.39,2037017,25.51
2013/07/05,25.39,25.75,25.00,25.05,1975414,25.38
2013/07/08,24.82,26.43,23.70,25.13,2309655,25.06
2013/07/09,25.00,25.78,24.48,25.10,1470402,25.13
2013/07/10,24.87,26.25,24.87,25.83,2846256,25.56
2013/07/11,25.86,26.82,25.78,26.22,3998147,26.30
2013/07/12,26.27,26.53,25.91,25.96,1792971,26.22
2013/07/15,25.44,26.22,25.05,25.57,2722882,25.63
2013/07/16,25.62,26.72,25.05,26.56,3085030,25.88
2013/07/17,26.40,26.72,25.88,25.99,2222767,26.30
2013/07/18,25.81,26.56,25.39,26.22,1720207,25.97
2013/07/19,26.56,27.37,25.44,25.52,2052689,26.41
2013/07/22,25.00,25.29,24.01,25.00,2227912,24.65
2013/07/23,25.00,25.65,24.74,25.39,1567404,25.19
2013/07/24,25.39,25.73,24.95,25.10,1475363,25.34
2013/07/25,25.13,25.39,23.86,23.96,1803578,24.63
2013/07/26,23.91,24.48,23.73,24.25,810799,24.11
2013/07/29,24.27,24.92,23.80,24.45,756488,24.36
2013/07/30,24.45,24.71,24.14,24.32,913150,24.43
2013/07/31,24.30,24.87,24.27,24.82,1189182,24.57
2013/08/01,24.82,25.65,24.82,25.44,1608014,25.23
2013/08/02,25.44,27.83,25.34,27.83,4749191,26.58
2013/08/05,27.60,29.91,27.34,29.32,7587574,28.63
2013/08/06,29.42,29.47,28.56,29.06,3761810,29.01
2013/08/07,28.90,29.47,28.41,28.85,2586804,28.94
2013/08/08,28.43,29.11,28.02,28.28,1920234,28.56
2013/08/09,28.35,29.34,27.86,27.89,3337238,28.60
2013/08/12,27.91,28.12,26.82,27.78,4086988,27.47
2013/08/13,27.52,29.16,27.52,29.16,4067062,28.34
2013/08/14,29.21,29.94,28.67,28.85,4527293,29.31
2013/08/15,28.93,28.93,27.91,27.99,2287500,28.42
2013/08/16,27.57,28.46,27.34,28.33,1494442,27.90
2013/08/19,28.22,28.38,27.73,28.30,1377183,28.05
2013/08/20,28.33,28.41,27.60,27.83,1605406,28.01
2013/08/21,27.73,28.12,27.47,27.99,1161612,27.79
2013/08/22,27.94,28.12,27.39,27.44,1314202,27.76
2013/08/23,27.39,27.91,26.69,27.91,3513583,27.30
2013/08/26,27.86,28.51,27.63,28.09,3219120,28.07
2013/08/27,28.09,28.20,27.60,28.17,1746518,27.90
2013/08/28,27.94,28.04,27.42,27.50,1237398,27.73
2013/08/29,27.39,27.86,27.08,27.34,817095,27.47
2013/08/30,27.29,27.68,26.74,26.82,1138633,27.21
2013/09/02,26.82,27.91,26.69,27.73,2055864,27.30
2013/09/03,27.68,28.80,27.68,28.20,3230503,28.24
2013/09/04,28.33,28.51,27.89,28.30,1878419,28.20
2013/09/05,28.25,28.51,27.99,27.99,1993082,28.25
2013/09/06,28.25,28.30,27.34,27.55,1797561,27.82
2013/09/09,27.50,27.86,27.08,27.60,1906643,27.47
2013/09/10,27.47,27.94,27.34,27.68,1147946,27.64
2013/09/11,27.81,29.63,27.42,29.16,6978743,28.53
2013/09/12,28.90,29.08,28.25,28.54,2823785,28.66
2013/09/13,28.59,29.03,27.94,28.20,1937210,28.49
2013/09/16,28.43,28.43,27.68,27.91,1787464,28.05
2013/09/17,27.60,27.86,26.95,27.00,1894052,27.40
2013/09/18,27.37,27.37,26.79,26.95,2157639,27.08
2013/09/23,27.16,27.55,26.92,27.42,2054359,27.24
2013/09/24,27.34,27.42,27.00,27.13,1068407,27.21
2013/09/25,27.08,27.37,26.69,26.69,1687952,27.03
2013/09/26,26.56,26.82,25.57,25.60,2530757,26.20
2013/09/27,25.68,25.78,25.21,25.52,1348181,25.50
2013/09/30,25.73,25.73,25.26,25.55,723821,25.50
2013/10/08,25.75,26.79,25.44,26.61,2535094,26.12
2013/10/09,26.61,26.61,26.04,26.33,2188200,26.32
2013/10/10,26.40,26.40,25.52,25.68,2066287,25.96
2013/10/11,25.68,25.96,25.47,25.65,2510232,25.71
2013/10/14,25.65,26.30,25.52,26.12,2634682,25.91
2013/10/15,26.12,26.30,25.29,25.49,2948901,25.79
2013/10/16,25.39,25.39,23.78,24.01,3712111,24.59
2013/10/17,24.12,24.35,23.96,24.12,1384367,24.16
2013/10/18,24.14,24.30,23.96,24.14,1148830,24.13
2013/10/21,24.30,24.84,24.09,24.71,2414973,24.46
2013/10/22,24.74,24.87,24.35,24.61,1857657,24.61
2013/10/23,24.48,24.77,24.17,24.25,1531462,24.47
2013/10/24,24.09,24.09,23.44,23.57,1566485,23.77
2013/10/25,23.57,23.67,23.00,23.15,1005043,23.34
2013/10/28,23.54,23.96,23.18,23.36,1031921,23.57
2013/10/29,23.83,23.83,22.43,22.79,1040465,23.13
2013/10/30,22.79,23.05,22.45,22.92,1451263,22.75
2013/10/31,22.82,23.13,22.58,23.10,1146031,22.85
2013/11/01,23.10,23.88,22.69,23.65,2349926,23.29
2013/11/04,23.86,23.99,23.31,23.44,1544717,23.65
2013/11/05,23.49,24.38,23.15,24.27,2808167,23.76
2013/11/06,24.09,24.82,23.86,24.74,4483861,24.34
2013/11/07,24.87,24.92,24.14,24.17,3823707,24.53
2013/11/08,24.14,24.14,22.66,23.15,2205364,23.40
2013/11/11,23.28,23.39,22.71,23.18,1169083,23.05
2013/11/12,23.21,23.39,22.95,23.39,928136,23.17
2013/11/13,23.41,23.60,22.95,23.34,1295006,23.28
2013/11/14,23.13,23.96,23.13,23.75,1090553,23.54
2013/11/15,23.78,24.61,23.65,24.19,2548206,24.13
2013/11/18,24.14,24.71,23.96,24.35,2949225,24.34
2013/11/19,24.32,24.45,24.01,24.45,2328676,24.23
2013/11/20,24.25,24.92,23.93,24.82,4758685,24.43
2013/11/21,24.51,25.60,24.38,24.82,4244558,24.99
2013/11/22,24.90,25.34,24.56,24.71,3421276,24.95
2013/11/25,24.61,24.77,24.27,24.27,1720225,24.52
2013/11/26,24.19,24.64,24.06,24.61,1979872,24.35
2013/11/27,24.69,25.08,24.58,24.71,1552538,24.83
2013/11/28,24.71,25.00,24.56,24.74,1650265,24.78
2013/11/29,24.77,25.34,24.71,25.10,5353993,25.03
2013/12/02,24.74,24.79,23.86,24.04,1944265,24.32
2013/12/03,23.91,24.66,23.65,24.48,918325,24.15
2013/12/04,24.48,25.10,24.30,24.82,2189877,24.70
2013/12/05,24.82,25.31,24.64,25.13,2324266,24.97
2013/12/06,25.03,25.31,24.95,25.03,1287257,25.13
2013/12/09,25.03,25.39,25.03,25.29,1627709,25.21
2013/12/10,25.34,25.39,24.79,24.82,1254800,25.09
2013/12/11,24.58,24.82,24.30,24.69,1881085,24.56
2013/12/12,24.45,24.79,24.45,24.53,898153,24.62
2013/12/13,24.48,24.87,24.43,24.82,1246612,24.65
2013/12/16,24.84,25.16,24.45,24.74,925812,24.80
2013/12/17,24.58,24.58,23.86,24.17,1281503,24.22
2013/12/18,24.19,24.56,23.75,24.19,710177,24.15
2013/12/19,24.01,24.22,23.15,23.67,1445619,23.68
2013/12/20,23.67,23.67,22.82,22.82,1483482,23.25
2013/12/23,23.05,23.05,22.19,22.79,1199398,22.62
2013/12/24,22.69,23.02,22.56,22.74,622502,22.79
2013/12/25,22.69,22.87,22.61,22.76,592903,22.74
2013/12/26,22.92,22.97,22.50,22.56,1203789,22.73
2013/12/27,22.45,22.74,22.35,22.56,844669,22.54
2013/12/30,22.79,23.83,22.63,23.41,2332284,23.23
2013/12/31,23.10,23.26,22.66,22.92,1213164,22.96
2014/01/02,22.92,23.78,22.84,23.73,2675780,23.31
2014/01/03,23.73,23.99,23.18,23.78,1540086,23.58
2014/01/06,23.36,23.91,23.34,23.36,701399,23.63
2014/01/07,23.28,23.52,23.13,23.21,629295,23.32
2014/01/08,23.49,23.54,22.89,23.05,576361,23.21
2014/01/09,22.89,23.26,22.56,22.56,723991,22.91
2014/01/10,22.37,22.56,22.22,22.40,930000,22.39
2014/01/13,22.40,22.58,21.70,21.83,807047,22.14
2014/01/14,21.83,21.93,21.59,21.85,1113447,21.76
2014/01/15,21.93,22.01,21.31,21.36,2255424,21.66
2014/01/16,21.33,21.57,21.33,21.46,880629,21.45
2014/01/17,21.54,21.62,21.23,21.44,576909,21.43
2014/01/20,21.54,21.57,21.23,21.28,692293,21.40
2014/01/21,21.28,21.44,20.79,21.05,1326631,21.12
2014/01/22,20.81,21.44,20.76,21.41,1268912,21.10
2014/01/23,21.31,21.41,21.13,21.31,1177527,21.27
2014/01/24,21.10,21.54,21.10,21.36,1722886,21.32
2014/01/27,21.36,21.36,20.84,20.84,1240906,21.10
2014/01/28,20.89,20.92,20.29,20.37,1407588,20.61
2014/01/29,20.37,20.45,20.03,20.35,1010736,20.24
2014/01/30,20.35,20.35,20.06,20.09,561371,20.21
2014/02/07,20.11,20.42,20.03,20.40,861374,20.23
2014/02/10,20.42,21.10,20.42,21.07,2058731,20.76
2014/02/11,20.97,21.31,20.92,21.07,1502788,21.12
2014/02/12,21.10,21.72,20.92,21.67,1855406,21.32
2014/02/13,21.65,21.67,21.15,21.28,1263928,21.41
2014/02/14,21.10,21.46,21.10,21.39,911660,21.28
2014/02/17,21.10,21.46,21.10,21.39,0,21.28
2014/02/18,21.10,21.46,21.10,21.39,0,21.28
2014/02/19,21.10,21.46,21.10,21.39,0,21.28
2014/02/20,22.40,22.61,21.62,21.91,3531163,22.12
2014/02/21,21.78,21.83,21.44,21.52,1316330,21.63
2014/02/24,21.59,21.80,21.15,21.49,1209460,21.47
2014/02/25,21.49,21.49,20.45,20.50,1679087,20.97
2014/02/26,20.50,20.71,20.35,20.50,1200516,20.53
2014/02/27,20.63,20.63,20.09,20.11,1529682,20.36
2014/02/28,20.06,20.19,19.88,20.11,809149,20.04
2014/03/03,20.14,21.49,20.11,21.49,1746569,20.80
2014/03/04,21.49,22.04,21.18,21.85,2373989,21.61
2014/03/05,21.85,21.85,21.13,21.15,1427499,21.49
2014/03/06,21.13,21.52,21.05,21.28,1054255,21.29
2014/03/07,21.80,21.80,21.10,21.23,929562,21.45
2014/03/10,21.36,21.36,20.45,20.58,637529,20.90
2014/03/11,20.58,20.84,20.45,20.76,449849,20.64
2014/03/12,20.71,20.92,20.58,20.84,804295,20.75
2014/03/13,20.76,21.33,20.76,20.87,1220028,21.04
2014/03/14,20.92,21.75,20.81,21.67,2655038,21.28
2014/03/17,21.67,22.01,21.23,21.80,2654488,21.62
2014/03/18,21.96,23.83,21.96,23.83,7276023,22.89
2014/03/19,24.25,25.13,23.91,24.25,9400556,24.52
2014/03/20,24.27,24.40,23.41,23.47,4638755,23.90
2014/03/21,23.18,23.67,22.61,23.44,4209426,23.14
2014/03/24,23.18,23.73,23.05,23.73,2800289,23.39
2014/03/25,23.67,23.67,23.08,23.31,2030638,23.38
2014/03/26,23.34,23.80,23.10,23.39,1997547,23.45
2014/03/27,23.49,23.52,22.37,22.40,2842059,22.95
2014/03/28,22.40,22.87,21.88,22.79,2935291,22.38
2014/03/31,22.35,23.28,22.14,22.92,2114794,22.71
2014/04/01,23.44,23.93,22.92,23.00,2992533,23.43
2014/04/02,22.95,23.96,22.89,23.96,4699156,23.43
2014/04/03,23.83,24.06,23.70,23.99,2759897,23.88
2014/04/04,24.01,24.17,23.54,23.75,2482831,23.86
2014/04/08,23.75,24.14,23.47,23.99,1487761,23.80
2014/04/09,23.96,24.22,23.52,23.80,1264653,23.87
2014/04/10,23.86,23.91,23.31,23.91,3229929,23.61
2014/04/11,23.91,24.01,23.34,23.36,1712573,23.68
2014/04/14,23.23,25.13,23.13,24.09,3753982,24.13
2014/04/15,23.93,24.61,23.70,24.51,3790497,24.15
2014/04/16,24.32,25.23,24.32,25.23,4159571,24.78
2014/04/17,25.16,25.23,24.64,24.77,1980354,24.94
2014/04/18,24.69,24.84,24.32,24.77,1299340,24.58
2014/04/21,24.66,25.05,24.27,24.51,1259943,24.66
2014/04/22,24.48,24.74,23.21,24.48,1917975,23.97
2014/04/23,24.45,24.51,23.75,23.88,991889,24.13
2014/04/24,23.70,24.14,23.57,23.93,823149,23.86
2014/04/25,23.93,24.38,23.80,23.99,980849,24.09
2014/04/28,24.17,26.22,24.04,24.79,3632818,25.13
2014/04/29,24.82,25.29,24.22,24.82,2761177,24.75
2014/04/30,24.56,25.31,24.56,25.13,2784356,24.93
2014/05/05,24.97,27.08,24.84,26.30,8981408,25.96
2014/05/06,26.04,27.11,25.86,26.69,8520557,26.48
2014/05/07,26.25,26.48,25.55,25.57,3656235,26.02
2014/05/08,25.65,26.61,25.29,25.49,3070453,25.95
2014/05/09,25.31,26.22,24.97,25.75,2773348,25.59
2014/05/12,25.88,26.22,25.55,25.99,2803992,25.88
2014/05/13,25.86,26.35,25.13,25.47,3102362,25.74
2014/05/14,25.42,27.29,25.42,26.72,6403507,26.36
2014/05/15,26.46,26.98,26.20,26.53,3899474,26.59
2014/05/16,26.30,28.17,26.30,27.86,7076985,27.24
2014/05/19,27.60,28.30,26.87,28.30,6791759,27.59
2014/05/20,28.12,28.35,27.08,27.34,7201298,27.71
2014/05/21,27.11,27.70,26.82,27.47,4494656,27.26
2014/05/22,27.44,28.09,27.03,27.16,4033245,27.56
2014/05/23,27.13,27.47,26.33,27.44,3229462,26.90
2014/05/26,27.44,27.96,26.82,27.60,4488287,27.39
2014/05/27,27.47,28.20,27.08,28.04,4262832,27.64
2014/05/28,28.04,28.09,27.13,27.34,4546223,27.61
2014/05/29,27.24,27.29,24.77,24.97,8665798,26.03
2014/05/30,24.53,24.87,24.14,24.48,4583785,24.51
2014/06/03,24.51,25.05,23.99,24.92,4549449,24.52
2014/06/04,24.77,24.77,23.91,24.43,2700602,24.34
2014/06/05,24.35,24.61,24.12,24.25,2558668,24.37
2014/06/06,24.25,24.58,24.04,24.22,1793455,24.31
2014/06/09,24.17,24.32,23.80,23.80,1268229,24.06
2014/06/10,23.80,24.61,23.67,24.30,2696151,24.14
2014/06/11,24.30,24.43,24.12,24.38,1288600,24.28
2014/06/12,24.30,25.13,24.09,24.64,2051220,24.61
2014/06/13,24.61,24.79,24.27,24.45,3168051,24.53
2014/06/16,24.43,24.58,24.32,24.48,1829102,24.45
2014/06/17,24.48,24.58,23.70,24.01,3286834,24.14
2014/06/18,23.96,24.12,23.62,23.67,1519458,23.87
2014/06/19,23.91,24.06,23.21,23.28,1128983,23.63
2014/06/20,23.18,23.52,23.05,23.47,1180025,23.29
2014/06/23,23.60,23.99,23.49,23.78,1821415,23.74
2014/06/24,23.78,23.96,23.47,23.57,1448463,23.71
2014/06/25,23.54,23.65,23.31,23.41,742446,23.48
2014/06/26,23.60,23.83,23.54,23.70,1130068,23.68
2014/06/27,23.70,23.93,23.57,23.91,1823514,23.75
2014/06/30,23.88,23.96,23.62,23.75,1019307,23.79
2014/07/01,23.73,25.52,23.73,25.16,4633983,24.63
2014/07/02,25.13,25.68,24.92,25.49,2904808,25.30
2014/07/03,25.29,25.78,25.13,25.52,1783036,25.46
2014/07/04,25.57,26.51,25.29,25.81,2343197,25.90
2014/07/07,25.83,27.60,25.81,27.42,5061332,26.71
2014/07/08,27.37,28.02,26.85,27.60,3981963,27.44
2014/07/09,27.29,27.78,27.00,27.11,2462678,27.39
2014/07/10,27.03,27.52,26.30,27.24,2759819,26.91
2014/07/11,27.08,27.52,26.69,26.87,1562870,27.11
2014/07/14,26.82,28.12,26.82,28.12,2723486,27.47
2014/07/15,28.15,29.68,27.60,29.42,5346794,28.64
2014/07/16,29.42,31.89,28.82,31.45,5643843,30.36
2014/07/17,31.42,33.63,30.20,30.93,7011288,31.92
2014/07/18,30.88,31.68,29.60,31.68,4031351,30.64
2014/07/21,30.33,31.55,29.94,30.72,4212081,30.75
2014/07/22,30.49,32.93,30.07,32.64,4847189,31.50
2014/07/23,32.54,32.80,31.50,32.25,2084556,32.15
2014/07/24,32.25,32.41,29.68,30.49,3469551,31.04
2014/07/25,30.33,30.41,28.59,30.12,1947207,29.50
2014/07/28,30.12,32.98,29.39,32.98,7781014,31.18
2014/07/29,33.37,33.66,32.49,33.14,4001869,33.07
2014/07/30,32.80,33.32,31.97,33.29,3542594,32.64
2014/07/31,33.29,35.11,32.93,35.09,4495585,34.02
2014/08/01,35.19,36.54,34.39,34.41,3698762,35.46
2014/08/04,34.59,36.18,33.74,35.45,4423132,34.96
2014/08/05,35.01,35.24,34.57,34.96,1617918,34.91
2014/08/06,34.75,34.88,33.87,34.57,2676034,34.38
2014/08/07,34.41,35.37,33.92,34.28,1570504,34.64
2014/08/08,34.26,34.88,33.11,34.83,2139784,34.00
2014/08/11,34.85,37.58,34.83,37.48,4485842,36.20
2014/08/12,37.51,40.50,36.75,38.57,4253993,38.63
2014/08/13,38.75,39.95,37.77,38.86,2202057,38.86
2014/08/14,38.70,39.04,37.95,37.95,1301210,38.50
2014/08/15,37.92,38.83,36.62,36.96,3026608,37.72
2014/08/18,37.32,37.74,36.52,36.91,4068311,37.13
2014/08/19,36.91,37.12,36.31,37.09,2558346,36.71
2014/08/20,36.96,37.40,36.21,36.52,2465584,36.80
2014/08/21,36.83,36.83,35.43,35.87,2487354,36.13
2014/08/22,35.92,36.44,35.74,36.39,2373967,36.09
2014/08/25,36.41,36.86,35.43,35.95,1992352,36.14
2014/08/26,35.71,35.79,33.89,34.72,2985055,34.84
2014/08/27,35.35,35.35,33.58,34.05,1997225,34.46
2014/08/28,34.18,34.18,33.27,33.27,1491464,33.73
2014/08/29,33.16,34.02,33.16,33.89,1072485,33.59
2014/09/01,33.97,35.24,33.74,34.85,3415843,34.49
2014/09/02,34.88,35.14,34.62,34.88,1789587,34.88
2014/09/03,34.88,36.00,34.46,35.89,2885219,35.23
2014/09/04,35.79,35.79,35.19,35.79,1968048,35.49
2014/09/05,35.79,35.84,34.83,35.11,1747564,35.34
2014/09/09,35.14,35.19,34.52,34.62,1954058,34.86
2014/09/10,34.62,35.09,34.23,34.85,2311382,34.66
2014/09/11,34.88,35.69,34.62,34.91,2185698,35.15
2014/09/12,34.93,36.15,34.91,36.13,4655543,35.53
2014/09/15,36.08,37.90,35.74,37.58,5654304,36.82
2014/09/16,37.53,37.84,35.53,35.74,3046523,36.69
2014/09/17,35.69,36.41,34.96,36.18,2266484,35.68
2014/09/18,36.26,38.52,35.92,37.69,5190416,37.22
2014/09/19,37.74,37.74,36.73,37.51,2321464,37.23
2014/09/22,37.32,37.32,35.71,35.92,2143692,36.52
2014/09/23,35.76,36.57,35.76,35.97,1360243,36.16
2014/09/24,35.66,36.57,35.30,35.92,2206923,35.93
2014/09/25,36.02,36.47,35.84,36.15,1743250,36.16
2014/09/26,35.95,36.36,35.69,36.18,2146446,36.02
2014/09/29,35.95,36.36,35.69,36.18,0,36.02
2014/09/30,35.95,36.36,35.69,36.18,0,36.02
2014/10/08,35.95,36.36,35.69,36.18,0,36.02
2014/10/09,35.95,36.36,35.69,36.18,0,36.02
2014/10/10,35.95,36.36,35.69,36.18,0,36.02
2014/10/13,35.95,36.36,35.69,36.18,0,36.02
2014/10/14,35.95,36.36,35.69,36.18,0,36.02
2014/10/15,35.95,36.36,35.69,36.18,0,36.02
2014/10/16,35.95,36.36,35.69,36.18,0,36.02
2014/10/17,35.95,36.36,35.69,36.18,0,36.02
2014/10/20,35.95,36.36,35.69,36.18,0,36.02
2014/10/21,35.95,36.36,35.69,36.18,0,36.02
2014/10/22,35.95,36.36,35.69,36.18,0,36.02
2014/10/23,35.95,36.36,35.69,36.18,0,36.02
2014/10/24,35.95,36.36,35.69,36.18,0,36.02
2014/10/27,35.95,36.36,35.69,36.18,0,36.02
2014/10/28,35.95,36.36,35.69,36.18,0,36.02
2014/10/29,35.95,36.36,35.69,36.18,0,36.02
2014/10/30,35.95,36.36,35.69,36.18,0,36.02
2014/10/31,35.95,36.36,35.69,36.18,0,36.02
2014/11/03,35.95,36.36,35.69,36.18,0,36.02
2014/11/04,35.95,36.36,35.69,36.18,0,36.02
2014/11/05,35.95,36.36,35.69,36.18,0,36.02
2014/11/06,35.95,36.36,35.69,36.18,0,36.02
2014/11/07,35.95,36.36,35.69,36.18,0,36.02
2014/11/10,35.95,36.36,35.69,36.18,0,36.02
2014/11/11,35.95,36.36,35.69,36.18,0,36.02
2014/11/12,35.95,36.36,35.69,36.18,0,36.02
2014/11/13,35.95,36.36,35.69,36.18,0,36.02
2014/11/14,35.95,36.36,35.69,36.18,0,36.02
2014/11/17,34.85,39.59,32.72,36.44,8481046,36.16
2014/11/18,35.27,37.48,34.85,36.34,7911626,36.16
2014/11/19,35.22,35.92,34.36,34.75,4720332,35.14
2014/11/20,34.72,34.72,33.32,33.42,3159227,34.02
2014/11/21,33.42,33.81,33.03,33.14,4366342,33.42
2014/11/24,33.19,33.50,32.49,32.57,7394768,33.00
2014/11/25,32.59,33.29,32.57,33.29,4840249,32.93
2014/11/26,33.29,33.79,33.22,33.58,5804660,33.50
2014/11/27,34.62,35.11,33.53,34.67,9186117,34.32
2014/11/28,34.62,36.26,34.39,36.05,8528229,35.32
2014/12/01,36.08,36.13,33.27,36.05,9024525,34.70
2014/12/02,36.00,36.13,34.36,35.92,7102184,35.25
2014/12/03,35.35,35.40,34.41,35.09,5030555,34.90
2014/12/04,34.75,35.71,34.67,35.66,5725947,35.19
2014/12/05,35.40,35.48,33.42,34.62,3963435,34.45
2014/12/08,34.20,35.24,33.35,34.62,4764391,34.30
2014/12/09,34.10,34.10,32.44,32.46,3153765,33.27
2014/12/10,32.25,34.26,31.86,34.10,2658861,33.06
2014/12/11,33.74,33.89,33.14,33.81,2142179,33.52
2014/12/12,33.81,34.10,33.53,34.07,1720775,33.82
2014/12/15,33.79,35.27,33.79,35.09,3085597,34.53
2014/12/16,34.65,35.22,34.57,34.65,1612282,34.89
2014/12/17,34.54,34.83,33.35,33.55,1739158,34.09
2014/12/18,33.55,34.36,32.93,32.96,1674533,33.64
2014/12/19,32.96,33.24,32.28,32.54,1168621,32.76
2014/12/22,32.62,33.06,30.20,30.80,2302007,31.63
2014/12/23,30.46,31.71,30.20,31.66,1929786,30.96
2014/12/24,32.02,33.01,31.45,32.59,1462835,32.23
2014/12/25,32.54,32.96,31.97,32.33,1375136,32.46
2014/12/26,32.28,32.72,31.76,31.89,1344285,32.24
2014/12/29,31.94,31.97,30.72,30.77,925382,31.34
2014/12/30,30.88,31.37,30.41,31.19,1268342,30.89
2014/12/31,31.06,32.62,30.46,32.31,2677803,31.54
2015/01/05,32.18,32.18,30.88,31.42,1303613,31.53
2015/01/06,31.19,31.19,29.73,30.36,4747771,30.46
2015/01/07,30.36,30.36,29.89,29.99,1852603,30.13
2015/01/08,30.02,30.62,29.94,30.28,2407744,30.28
2015/01/09,30.28,30.80,29.89,29.94,2959584,30.35
2015/01/12,28.93,29.81,28.69,29.19,2078194,29.25
2015/01/13,29.16,30.69,29.08,29.99,1893865,29.88
2015/01/14,29.58,32.83,29.45,32.83,7420799,31.14
2015/01/15,32.83,34.98,32.67,34.28,11427002,33.82
2015/01/16,34.23,35.66,33.22,35.22,7292163,34.44
2015/01/19,34.36,36.26,33.94,35.30,5288442,35.10
2015/01/20,35.11,35.97,34.02,35.95,5264520,35.00
2015/01/21,35.89,35.89,34.57,35.27,6367774,35.23
2015/01/22,34.88,35.09,34.10,34.98,6944174,34.60
2015/01/23,34.78,34.78,33.94,34.33,4959625,34.36
2015/01/26,34.23,34.88,33.79,34.88,7072775,34.34
2015/01/27,34.83,34.83,33.06,33.63,8520558,33.95
2015/01/28,33.48,34.07,33.22,33.45,4948604,33.64
2015/01/29,33.22,33.84,32.77,32.93,5084747,33.31
2015/01/30,32.85,33.48,30.23,31.06,7679880,31.85
2015/02/02,31.19,31.81,30.59,30.88,4593517,31.20
2015/02/03,30.85,31.99,30.75,31.66,6495048,31.37
2015/02/04,31.63,31.63,30.77,30.88,4656392,31.20
2015/02/05,31.06,31.21,29.97,30.10,6671139,30.59
2015/02/06,29.99,30.41,29.39,29.42,3162304,29.90
2015/02/09,29.55,30.38,29.52,30.20,4431948,29.95
2015/02/10,30.07,30.62,29.97,30.41,2749737,30.29
2015/02/11,30.17,30.59,30.17,30.43,2439039,30.38
2015/02/12,30.46,31.45,30.36,31.40,3902608,30.90
2015/02/13,31.37,31.58,31.16,31.53,5902194,31.37
2015/02/16,31.60,31.92,31.40,31.58,4624755,31.66
2015/02/17,31.58,31.63,31.08,31.40,4586041,31.35
2015/02/25,31.45,31.92,30.98,31.63,3306192,31.45
2015/02/26,31.76,33.76,31.76,33.74,9472985,32.76
2015/02/27,33.53,34.80,33.19,33.68,6246244,33.99
2015/03/02,33.76,34.31,33.37,34.05,4617879,33.84
2015/03/03,33.84,34.49,33.66,34.33,5728471,34.07
2015/03/04,34.33,35.30,34.13,34.93,8307877,34.71
2015/03/05,34.96,35.79,34.41,34.67,6312326,35.10
2015/03/06,34.67,34.85,33.61,33.81,4588640,34.23
2015/03/09,33.79,35.89,33.53,35.74,8176797,34.71
2015/03/10,35.87,36.23,35.24,36.08,7594959,35.73
2015/03/11,35.97,37.69,35.56,37.69,10854002,36.63
2015/03/12,37.87,41.30,37.87,40.05,19261520,39.58
2015/03/13,39.85,41.02,39.30,40.68,6079860,40.16
2015/03/16,39.85,41.02,39.30,40.68,0,40.16
2015/03/17,39.85,41.02,39.30,40.68,0,40.16
2015/03/18,39.85,41.02,39.30,40.68,0,40.16
2015/03/19,39.85,41.02,39.30,40.68,0,40.16
2015/03/20,39.85,41.02,39.30,40.68,0,40.16
2015/03/23,39.85,41.02,39.30,40.68,0,40.16
2015/03/24,39.85,41.02,39.30,40.68,0,40.16
2015/03/25,39.85,41.02,39.30,40.68,0,40.16
2015/03/26,39.85,41.02,39.30,40.68,0,40.16
2015/03/27,39.85,41.02,39.30,40.68,0,40.16
2015/03/30,39.85,41.02,39.30,40.68,0,40.16
2015/03/31,39.85,41.02,39.30,40.68,0,40.16
2015/04/01,39.85,41.02,39.30,40.68,0,40.16
2015/04/02,39.85,41.02,39.30,40.68,0,40.16
2015/04/03,39.85,41.02,39.30,40.68,0,40.16
2015/04/07,39.85,41.02,39.30,40.68,0,40.16
2015/04/08,39.85,41.02,39.30,40.68,0,40.16
2015/04/09,39.85,41.02,39.30,40.68,0,40.16
2015/04/10,39.85,41.02,39.30,40.68,0,40.16
2015/04/13,39.85,41.02,39.30,40.68,0,40.16
2015/04/14,39.85,41.02,39.30,40.68,0,40.16
2015/04/15,39.85,41.02,39.30,40.68,0,40.16
2015/04/16,39.85,41.02,39.30,40.68,0,40.16
2015/04/17,39.85,41.02,39.30,40.68,0,40.16
2015/04/20,39.85,41.02,39.30,40.68,0,40.16
2015/04/21,39.85,41.02,39.30,40.68,0,40.16
2015/04/22,44.58,44.58,44.53,44.58,2648038,44.55
2015/04/23,47.28,48.66,44.81,47.85,26179884,46.73
2015/04/24,45.93,47.36,45.44,46.48,7357087,46.40
2015/04/27,46.29,48.61,45.31,47.02,9300367,46.96
2015/04/28,46.19,46.84,42.47,42.60,10186490,44.66
2015/04/29,41.90,43.46,40.89,42.19,6491466,42.18
2015/04/30,42.45,43.10,40.73,42.81,6468138,41.91
2015/05/04,42.11,42.68,40.86,42.42,5752036,41.77
2015/05/05,42.06,42.76,41.17,41.17,4788913,41.96
2015/05/06,41.02,41.90,40.78,41.12,4377342,41.34
2015/05/07,40.60,42.11,40.24,40.34,3649405,41.18
2015/05/08,40.63,41.80,40.63,41.74,3485777,41.21
2015/05/11,42.42,43.07,41.46,41.93,8979485,42.27
2015/05/12,41.80,45.02,41.64,43.98,12823160,43.33
2015/05/13,43.95,43.95,42.65,43.56,6381030,43.30
2015/05/14,43.62,44.73,42.73,44.11,5574401,43.73
2015/05/15,43.62,45.67,43.36,45.49,8805532,44.52
2015/05/18,45.44,46.66,44.24,44.79,7821701,45.45
2015/05/19,44.45,45.25,43.43,45.15,6020763,44.34
2015/05/20,44.97,46.22,43.98,44.73,6150512,45.10
2015/05/21,44.73,48.27,44.27,48.17,9375253,46.27
2015/05/22,48.48,52.51,48.32,51.13,9557877,50.41
2015/05/25,50.66,54.12,49.96,53.11,7765414,52.04
2015/05/26,54.12,54.90,53.11,54.80,6769336,54.00
2015/05/27,54.77,60.13,53.65,60.13,7136174,56.89
2015/05/28,62.65,65.98,58.83,59.06,10577345,62.41
2015/05/29,57.50,61.40,53.31,56.43,6777375,57.36
2015/06/01,56.28,61.92,56.07,61.92,4840581,59.00
2015/06/02,61.43,67.74,61.40,66.57,5650881,64.57
2015/06/03,66.08,66.50,60.10,62.57,6587915,63.30
2015/06/04,62.49,62.70,56.54,62.44,4520647,59.62
2015/06/05,62.28,63.87,59.81,61.74,5890965,61.84
2015/06/08,61.92,64.49,58.80,63.53,7583812,61.64
2015/06/09,62.86,64.36,60.85,62.34,3846259,62.61
2015/06/10,62.34,63.48,60.88,61.40,3145361,62.18
2015/06/11,61.66,63.95,61.24,62.88,4360867,62.60
2015/06/12,63.17,64.94,62.39,63.66,4147683,63.66
2015/06/15,63.48,69.88,62.47,69.88,8385851,66.17
2015/06/16,69.95,75.15,67.93,71.54,9749381,71.54
2015/06/17,72.19,72.19,65.33,69.20,4741865,68.76
2015/06/18,67.77,75.83,67.77,72.58,9142674,71.80
2015/06/19,70.50,77.47,66.60,69.56,7788497,72.03
2015/06/23,68.68,75.88,66.63,75.86,7138015,71.25
2015/06/24,78.04,83.29,78.04,83.29,8442477,80.67
2015/06/25,84.59,90.29,79.60,89.79,8413217,84.95
2015/06/26,84.36,88.70,80.98,80.98,7428584,84.84
2015/06/29,83.45,85.32,73.05,73.05,10209251,79.18
2015/06/30,68.89,73.88,65.90,69.56,15426369,69.89
2015/07/01,70.50,71.02,62.78,62.78,6622718,66.90
2015/07/02,56.67,61.35,56.67,56.67,6609970,59.01
2015/07/03,51.18,53.86,51.16,51.16,3571162,52.51
2015/07/06,54.90,54.90,46.19,46.19,9274002,50.54
2015/07/07,54.90,54.90,46.19,46.19,0,50.54
2015/07/08,54.90,54.90,46.19,46.19,0,50.54
2015/07/09,54.90,54.90,46.19,46.19,0,50.54
2015/07/10,54.90,54.90,46.19,46.19,0,50.54
2015/07/13,54.90,54.90,46.19,46.19,0,50.54
2015/07/14,54.90,54.90,46.19,46.19,0,50.54
2015/07/15,54.90,54.90,46.19,46.19,0,50.54
2015/07/16,54.90,54.90,46.19,46.19,0,50.54
2015/07/17,54.90,54.90,46.19,46.19,0,50.54
2015/07/20,54.90,54.90,46.19,46.19,0,50.54
2015/07/21,54.90,54.90,46.19,46.19,0,50.54
2015/07/22,54.90,54.90,46.19,46.19,0,50.54
2015/07/23,54.90,54.90,46.19,46.19,0,50.54
2015/07/24,54.90,54.90,46.19,46.19,0,50.54
2015/07/27,54.90,54.90,46.19,46.19,0,50.54
2015/07/28,54.90,54.90,46.19,46.19,0,50.54
2015/07/29,54.90,54.90,46.19,46.19,0,50.54
2015/07/30,54.90,54.90,46.19,46.19,0,50.54
2015/07/31,50.66,50.66,50.66,50.66,100562,50.66
2015/08/03,55.58,55.58,55.58,55.58,5492571,55.58
2015/08/04,55.89,60.98,55.11,60.98,11933749,58.04
2015/08/05,66.26,66.91,63.48,66.91,9936859,65.19
2015/08/06,67.74,73.44,61.92,68.91,17436156,67.68
2015/08/07,66.99,72.27,66.68,70.71,12159552,69.48
2015/08/10,70.24,75.44,68.08,73.62,12521512,71.76
2015/08/11,71.80,73.36,68.68,69.82,8671599,71.02
2015/08/12,67.90,69.41,64.21,65.22,7338706,66.81
2015/08/13,65.56,67.38,62.96,67.38,6215364,65.17
2015/08/14,67.33,67.90,65.48,65.82,4653344,66.69
2015/08/17,65.77,67.59,62.28,67.12,8192694,64.94
2015/08/18,66.60,66.60,60.57,60.57,6427840,63.58
2015/08/19,58.80,63.97,57.21,63.56,4451264,60.59
2015/08/20,63.48,66.24,61.69,63.43,3811922,63.96
2015/08/21,62.70,64.57,57.47,57.53,2895747,61.02
2015/08/24,53.89,56.20,51.94,51.94,2906167,54.07
2015/08/25,46.89,49.36,46.89,46.89,3184054,48.13
2015/08/26,46.79,49.70,42.89,47.36,4753955,46.30
2015/08/27,47.36,50.97,47.10,50.97,3308169,49.04
2015/08/28,52.25,54.46,51.36,53.60,2826259,52.91
2015/08/31,52.30,53.31,50.04,52.56,2655195,51.68
2015/09/01,50.77,51.73,47.46,47.46,1821710,49.59
2015/09/02,43.41,48.04,42.91,43.41,1808317,45.47
2015/09/07,43.69,45.85,43.46,43.72,1514570,44.66
2015/09/08,44.16,44.76,40.63,44.01,1610066,42.70
2015/09/09,45.02,48.24,44.81,48.24,1502349,46.53
2015/09/10,49.18,52.90,48.87,52.90,3148156,50.88
2015/09/11,54.51,56.20,50.56,52.56,5763972,53.38
2015/09/14,52.59,53.29,47.46,47.46,3032087,50.38
2015/09/15,43.72,49.57,43.72,45.54,2694871,46.64
2015/09/16,45.80,49.93,45.67,49.44,2283648,47.80
2015/09/17,48.79,51.52,45.80,47.93,2849695,48.66
2015/09/18,47.62,50.48,46.58,49.44,1597990,48.53
2015/09/21,49.18,53.08,47.65,51.55,1547020,50.36
2015/09/22,50.74,55.03,50.74,52.85,2623206,52.89
2015/09/23,51.52,52.30,50.17,50.48,1230217,51.23
2015/09/24,50.25,51.62,49.44,50.95,1387605,50.53
2015/09/25,50.74,51.08,47.13,48.40,1275830,49.11
2015/09/28,49.47,49.47,46.42,49.44,3339750,47.95
2015/09/29,48.04,48.76,47.10,47.10,2158825,47.93
2015/09/30,46.29,48.37,46.06,47.88,1038947,47.21
2015/10/08,49.70,52.04,48.92,51.83,3385088,50.48
2015/10/09,51.00,55.29,50.51,52.77,1640488,52.90
2015/10/12,52.82,57.89,51.73,57.89,2493788,54.81
2015/10/13,59.45,61.45,56.98,61.45,2460385,59.21
2015/10/14,60.59,62.44,56.59,57.37,4136638,59.52
2015/10/15,56.72,62.96,56.20,62.96,5762277,59.58
2015/10/16,61.56,62.91,60.10,61.89,3707001,61.50
2015/10/19,61.30,61.66,58.28,59.53,3229073,59.97
2015/10/20,58.80,61.53,57.76,61.40,4334159,59.64
2015/10/21,60.39,61.09,55.42,55.42,2635199,58.26
2015/10/22,53.60,57.47,52.30,56.07,5494977,54.88
2015/10/23,55.71,57.50,54.85,56.62,2696004,56.18
2015/10/26,57.50,62.13,57.32,62.13,7208201,59.73
2015/10/27,62.15,65.98,58.28,65.61,6245134,62.13
2015/10/28,66.60,70.50,65.56,65.90,7097703,68.03
2015/10/29,65.30,68.16,64.47,64.88,3446687,66.31
2015/10/30,66.08,69.46,61.56,67.25,3718929,65.51
2015/11/02,65.85,73.83,62.70,73.83,5491214,68.27
2015/11/03,72.76,80.28,72.19,77.00,7627408,76.23
2015/11/04,75.28,79.86,73.80,78.22,4940199,76.83
2015/11/05,75.75,77.42,71.54,75.36,5283353,74.48
2015/11/06,73.83,74.87,73.15,74.69,4396789,74.01
2015/11/09,73.62,74.69,70.73,72.32,9286839,72.71
2015/11/10,72.06,79.39,70.81,79.39,11793371,75.10
2015/11/11,78.56,78.61,75.41,77.78,8314268,77.01
2015/11/12,76.74,78.25,74.66,76.56,6547678,76.45
2015/11/13,75.62,75.62,69.07,70.24,9378956,72.34
2015/11/16,70.50,73.36,66.13,72.87,6199589,69.74
2015/11/17,72.58,74.37,67.90,68.81,8253042,71.14
2015/11/18,68.81,69.17,66.73,67.87,5212312,67.95
2015/11/19,67.85,69.72,67.48,69.30,3686130,68.60
2015/11/20,69.20,70.84,68.63,70.50,4163597,69.73
2015/11/23,70.06,70.71,67.90,69.88,4370091,69.30
2015/11/24,69.77,76.58,68.71,76.43,10944287,72.64
2015/11/25,76.40,80.64,74.92,78.59,12255304,77.78
2015/11/26,78.56,83.71,77.00,79.68,7436306,80.35
2015/11/27,78.04,87.48,78.04,82.43,13653484,82.76
2015/11/30,87.40,90.52,87.40,90.52,4169223,88.96
2015/12/01,97.80,97.80,85.61,90.00,14507572,91.70
2015/12/02,86.91,88.44,81.16,85.19,8152555,84.80
2015/12/03,82.25,93.56,82.25,93.56,6130537,87.91
2015/12/04,94.91,101.70,93.56,96.84,6711209,97.63
2015/12/07,94.94,99.10,92.34,97.59,4068894,95.72
2015/12/08,95.56,99.70,94.21,97.75,2633337,96.95
2015/12/09,97.80,106.59,97.02,105.60,3558941,101.80
2015/12/10,103.26,108.51,100.40,106.90,3132702,104.46
2015/12/11,105.78,106.04,100.43,101.67,2825490,103.24
2015/12/14,99.10,101.67,91.66,93.38,5081883,96.66
2015/12/15,93.12,96.47,89.06,95.46,4543664,92.77
2015/12/16,94.50,101.70,94.19,98.58,3334564,97.95
2015/12/17,99.83,101.15,96.24,97.70,3042710,98.70
2015/12/18,99.07,100.11,93.67,94.24,2705777,96.89
2015/12/21,95.23,98.03,92.76,94.99,4115367,95.40
2015/12/22,95.75,97.28,94.06,96.99,4165952,95.67
2015/12/23,98.71,101.70,92.57,98.32,7627473,97.13
2015/12/24,97.02,100.01,93.90,98.74,3415696,96.96
2015/12/25,99.15,101.57,97.80,101.08,4045814,99.68
2015/12/28,101.10,102.87,96.50,98.84,5691322,99.69
2015/12/29,98.32,99.26,95.72,99.10,2880962,97.49
2015/12/30,99.88,100.37,94.68,99.10,5094942,97.53
2015/12/31,97.80,100.92,96.01,99.88,4991400,98.47
2016/01/04,99.33,99.36,90.13,90.21,3346561,94.74
2016/01/05,82.46,88.18,81.65,83.01,5364530,84.92
2016/01/06,83.14,89.74,83.14,86.05,4547251,86.44
2016/01/07,85.03,85.03,77.60,77.62,1634663,81.31
2016/01/08,77.52,85.22,73.93,85.22,5895703,79.58
2016/01/11,83.76,92.60,79.86,88.31,6943060,86.23
2016/01/12,89.74,92.60,86.10,91.17,5115367,89.35
2016/01/13,89.53,92.60,82.46,88.70,4036527,87.53
2016/01/14,86.10,89.45,82.20,89.12,2894721,85.83
2016/01/15,87.66,92.37,80.43,81.68,3210679,86.40
2016/01/18,76.53,82.38,76.53,80.59,2935502,79.45
2016/01/19,80.80,85.58,80.64,85.16,2843313,83.11
2016/01/20,84.57,86.88,80.90,82.77,2423879,83.89
2016/01/21,80.90,85.27,80.90,82.98,2542164,83.09
2016/01/22,83.27,86.80,83.27,85.42,2891201,85.03
2016/01/25,85.84,93.80,85.42,93.80,4893018,89.61
2016/01/26,92.65,97.25,89.12,90.96,4614667,93.19
2016/01/27,92.86,95.20,82.20,93.61,4327041,88.70
2016/01/28,94.16,94.16,87.40,88.83,2081759,90.78
2016/01/29,87.74,91.30,82.20,89.56,2729462,86.75
2016/02/01,87.76,89.61,85.61,85.89,1512261,87.61
2016/02/02,85.89,87.35,84.28,87.01,3005717,85.81
2016/02/03,86.46,86.46,82.20,84.05,3061610,84.33
2016/02/04,83.79,87.11,83.79,84.38,1885299,85.45
2016/02/05,84.80,86.36,83.50,83.73,1209160,84.93
2016/02/15,80.98,91.95,79.60,91.95,3334657,85.77
2016/02/16,92.63,100.58,92.63,98.53,3499041,96.60
2016/02/17,99.28,100.40,95.49,97.54,4144885,97.95
2016/02/18,98.48,102.74,95.85,97.70,3495616,99.29
2016/02/19,97.75,101.67,96.71,97.80,2956564,99.19
2016/02/22,97.80,101.02,97.28,99.57,4277884,99.15
2016/02/23,98.74,109.37,96.50,107.29,4537734,102.94
2016/02/24,105.60,115.22,104.30,110.80,5141238,109.76
2016/02/25,110.15,111.55,101.15,103.00,5135796,106.35
2016/02/26,108.20,112.28,101.70,110.54,5091484,106.99
2016/02/29,108.51,112.75,101.99,109.50,5727067,107.37
2016/03/01,108.20,113.76,104.01,104.92,4679051,108.89
2016/03/02,104.17,105.55,99.15,105.55,7990010,102.35
2016/03/03,105.34,107.76,100.40,103.78,5221384,104.08
2016/03/04,101.70,113.27,101.70,109.58,8669531,107.48
2016/03/07,110.54,114.44,107.21,112.91,7385067,110.82
2016/03/08,110.96,111.22,104.30,107.94,3802014,107.76
2016/03/09,104.79,107.16,100.95,102.09,2986884,104.05
2016/03/10,102.27,108.95,102.09,106.38,2869982,105.52
2016/03/11,106.28,109.06,103.26,103.60,1814509,106.16
2016/03/14,101.18,105.65,98.94,104.72,6021772,102.30
2016/03/15,102.74,103.00,95.20,97.80,4686526,99.10
2016/03/16,97.36,99.23,94.16,96.50,2900780,96.70
2016/03/17,96.47,98.66,95.95,97.88,3818636,97.30
2016/03/18,98.40,102.17,96.29,102.17,6028495,99.23
2016/03/21,102.14,104.25,100.40,102.17,3835888,102.33
2016/03/22,101.96,106.51,100.40,104.04,5358999,103.46
2016/03/23,103.49,105.00,101.47,104.04,2500332,103.23
2016/03/24,103.23,110.77,102.97,103.52,4920658,106.87
2016/03/25,104.04,113.71,101.73,113.71,6945234,107.72
2016/03/28,115.97,115.97,109.42,110.80,3848905,112.70
2016/03/29,110.51,112.41,106.07,110.85,3519924,109.24
2016/03/30,110.41,118.60,109.53,116.78,4975221,114.06
2016/03/31,118.57,126.35,116.78,123.64,4510209,121.56
2016/04/01,123.46,132.12,119.87,124.06,5585428,126.00
2016/04/05,123.25,124.01,119.12,121.69,5453667,121.57
2016/04/06,122.14,122.14,117.82,120.81,4364718,119.98
2016/04/07,120.94,121.90,116.52,116.52,2974627,119.21
2016/04/08,115.97,116.00,109.79,112.31,3272907,112.90
2016/04/11,111.71,116.75,110.96,111.06,4873000,113.85
2016/04/12,111.84,111.84,107.45,108.98,4342346,109.65
2016/04/13,109.63,112.49,109.63,111.66,4219488,111.06
2016/04/14,112.31,112.41,108.98,110.90,2594255,110.70
2016/04/15,110.80,117.66,110.54,116.47,5017779,114.10
2016/04/18,118.39,124.19,116.47,122.32,7058494,120.33
2016/04/19,121.20,124.50,119.90,121.07,3313202,122.20
2016/04/20,120.16,122.24,110.49,115.22,4643012,116.36
2016/04/21,113.92,115.92,112.36,113.95,2445638,114.14
2016/04/22,113.95,116.65,110.31,113.01,2248770,113.48
2016/04/25,111.03,113.01,108.23,111.11,1495990,110.62
2016/04/26,111.45,112.28,106.64,107.94,2696046,109.46
2016/04/27,109.50,111.55,106.38,107.94,2503708,108.96
2016/04/28,107.39,110.75,107.13,110.02,2498711,108.94
2016/04/29,110.02,116.00,108.69,114.44,2762701,112.34
2016/05/03,117.51,120.08,114.44,118.60,3058640,117.26
2016/05/04,116.52,119.90,115.38,115.95,2953848,117.64
2016/05/05,117.30,118.86,115.14,115.69,1859769,117.00
2016/05/06,115.66,115.69,109.06,110.96,2446224,112.38
2016/05/09,110.54,118.65,110.54,110.83,5295029,114.60
2016/05/10,108.98,116.44,108.20,116.34,3896146,112.32
2016/05/11,117.43,126.61,116.00,123.02,5460905,121.30
2016/05/12,122.45,122.94,113.40,119.09,4005216,118.17
2016/05/13,118.21,126.24,116.52,119.64,3604257,121.38
2016/05/16,120.42,131.44,120.42,131.44,6812822,125.93
2016/05/17,131.50,132.15,126.40,129.03,4311101,129.28
2016/05/18,126.40,129.00,122.76,126.14,2515643,125.88
2016/05/19,125.10,129.39,123.80,127.21,2855292,126.59
2016/05/20,125.31,127.49,123.44,124.32,2839095,125.46
2016/05/23,124.22,126.01,121.72,125.78,2797478,123.87
2016/05/24,124.97,131.60,122.89,131.60,3105809,127.24
2016/05/25,131.21,131.94,123.38,124.50,3141510,127.66
2016/05/26,122.50,124.27,118.47,121.43,2868883,121.37
2016/05/27,121.25,124.55,119.56,121.85,1774716,122.05
2016/05/30,122.11,123.23,119.56,120.91,1607472,121.40
2016/05/31,120.94,123.75,119.93,122.84,3844494,121.84
2016/06/01,122.47,123.41,120.94,121.72,3918592,122.17
2016/06/02,121.38,121.38,115.69,116.73,5542977,118.53
2016/06/03,116.99,120.13,115.61,119.07,5924265,117.87
2016/06/06,119.07,121.67,118.44,120.60,3490918,120.05
2016/06/07,120.16,121.20,118.60,119.74,2729486,119.90
2016/06/08,119.72,119.72,116.00,116.62,2681471,117.86
2016/06/13,116.10,118.86,113.50,114.70,2279408,116.18
2016/06/14,114.96,120.89,114.96,120.71,4000526,117.92
2016/06/15,121.02,123.23,119.64,122.97,4698500,121.44
2016/06/16,121.80,123.49,120.16,122.24,3348411,121.82
2016/06/17,119.98,127.70,119.98,124.81,4154843,123.84
2016/06/20,124.84,126.14,120.94,124.03,2715035,123.54
2016/06/21,124.58,126.66,122.63,123.28,2355321,124.64
2016/06/22,123.28,123.28,119.51,121.67,2030623,121.40
2016/06/23,121.69,122.42,113.45,114.18,5639870,117.94
2016/06/24,114.21,114.70,106.90,112.02,4282976,110.80
2016/06/27,110.80,113.56,109.50,113.50,4062883,111.53
2016/06/28,113.40,114.70,112.93,113.74,2763666,113.82
2016/06/29,113.92,114.13,112.10,112.80,2131007,113.11
2016/06/30,113.79,116.52,113.40,115.51,3336616,114.96
2016/07/01,115.22,119.25,114.80,117.87,4632156,117.02
2016/07/04,117.87,124.32,116.03,122.24,4918931,120.17
2016/07/05,121.25,122.29,117.46,120.94,2590686,119.88
2016/07/06,119.90,131.52,119.69,128.35,4687761,125.61
2016/07/07,128.69,137.32,127.73,127.86,4720487,132.52
2016/07/08,127.83,130.82,124.32,127.13,1747638,127.57
2016/07/11,126.79,129.62,124.74,127.08,2561553,127.18
2016/07/12,127.08,127.70,122.47,125.70,2070278,125.09
2016/07/13,124.84,130.09,124.84,127.13,2364846,127.47
2016/07/14,127.70,129.99,126.22,126.79,1854665,128.11
2016/07/15,127.10,132.09,126.84,131.29,2732975,129.47
2016/07/18,130.07,140.83,129.00,140.08,4506637,134.92
2016/07/19,140.08,146.94,133.42,135.40,5036761,140.18
2016/07/20,136.02,136.41,132.15,134.28,1994093,134.28
2016/07/21,132.17,134.95,131.86,132.56,1535859,133.41
2016/07/22,133.68,133.68,125.62,127.49,2383381,129.65
2016/07/25,127.83,131.08,126.48,130.14,1802782,128.78
2016/07/26,130.12,133.19,129.29,132.07,1311500,131.24
2016/07/27,132.90,132.90,122.11,126.66,1735700,127.51
2016/07/28,126.66,130.27,125.44,128.97,1551400,127.86
2016/07/29,128.74,133.16,128.51,132.64,1430103,130.83
2016/08/01,131.08,140.18,126.40,138.23,2752703,133.29
2016/08/02,137.81,142.52,135.55,141.48,2782354,139.04
2016/08/03,138.88,142.52,136.51,139.17,2144361,139.52
2016/08/04,137.58,138.07,134.43,135.21,1245858,136.25
2016/08/05,135.24,139.11,135.24,138.23,1363907,137.18
2016/08/08,136.28,139.06,133.42,139.06,1809892,136.24
