Date, SZ002635.Open, SZ002635.High, SZ002635.Low, SZ002635.Close, SZ002635.Volume, SZ002635.Adjusted
2011/11/25,28.00,30.30,27.66,28.50,21672438,29.12
2011/11/28,28.00,28.70,27.30,28.25,8865206,28.06
2011/11/29,29.09,29.48,27.59,27.92,9826803,28.38
2011/11/30,27.61,27.63,25.13,26.50,8907003,26.56
2011/12/01,27.62,29.15,27.61,29.15,10916999,28.91
2011/12/02,29.99,30.99,28.75,30.20,12968050,29.70
2011/12/05,30.80,32.89,30.80,31.90,6594092,31.84
2011/12/06,32.20,32.96,31.80,32.75,4261805,32.37
2011/12/07,33.48,33.89,32.56,33.31,4208527,33.33
2011/12/08,32.83,34.50,32.50,34.01,3823322,33.59
2011/12/09,33.50,34.26,32.31,33.00,3514981,33.21
2011/12/12,32.80,33.68,32.60,33.05,2413513,33.04
2011/12/13,32.82,33.28,31.77,32.74,3333247,32.41
2011/12/14,32.50,33.40,30.70,31.15,4988003,31.61
2011/12/15,30.60,31.51,30.25,30.90,2847590,30.84
2011/12/16,30.51,32.43,30.00,32.20,3364719,31.01
2011/12/19,31.58,31.88,30.60,31.68,2779815,31.18
2011/12/20,31.55,34.00,31.40,32.10,4675321,32.84
2011/12/21,31.99,32.30,30.12,30.69,4255193,30.88
2011/12/22,30.33,30.54,29.10,29.96,2906724,29.77
2011/12/23,30.01,30.85,29.86,30.48,2185232,30.46
2011/12/26,30.08,30.46,29.58,30.00,1623035,30.13
2011/12/27,29.99,29.99,27.27,28.00,2102557,28.73
2011/12/28,27.51,28.45,27.44,27.98,1606354,28.02
2011/12/29,27.97,28.90,27.75,27.99,1015329,28.37
2011/12/30,28.40,30.79,27.93,29.99,2224829,29.37
2012/01/04,30.00,31.19,28.80,28.80,2000369,30.27
2012/01/05,29.00,29.27,25.92,27.50,2007874,27.49
2012/01/06,27.19,28.20,26.50,27.85,953335,27.25
2012/01/09,27.96,29.24,27.60,29.00,1508196,28.51
2012/01/10,28.66,29.80,28.64,29.06,2009282,29.13
2012/01/11,28.85,31.58,28.66,30.42,3438522,30.24
2012/01/12,30.01,30.20,29.63,29.80,1895831,29.91
2012/01/13,29.90,30.13,27.00,27.20,2374038,28.24
2012/01/16,26.18,26.38,24.90,25.10,1644702,25.70
2012/01/17,25.15,26.48,24.01,26.12,1459366,25.39
2012/01/18,25.15,26.48,24.01,26.12,0,25.25
2012/01/19,24.08,25.10,23.55,24.80,2384857,24.50
2012/01/20,24.70,25.48,24.42,25.22,1909185,24.89
2012/01/30,25.78,26.88,25.40,26.02,1393171,26.04
2012/01/31,25.90,26.20,25.41,26.07,525433,25.75
2012/02/01,25.80,26.47,25.51,25.60,605486,26.00
2012/02/02,25.87,26.38,25.62,26.19,537074,26.17
2012/02/03,26.19,27.35,26.11,27.13,1094337,26.91
2012/02/06,27.17,28.10,26.80,27.63,1357858,27.61
2012/02/07,27.25,27.94,27.09,27.09,728064,27.49
2012/02/08,27.00,28.30,26.70,27.82,1121734,27.28
2012/02/09,27.81,28.90,27.60,28.34,1415575,28.52
2012/02/10,28.28,30.49,28.15,29.44,1629518,29.06
2012/02/13,29.10,31.50,28.88,30.41,2233423,30.20
2012/02/14,30.52,31.40,29.69,30.08,1370783,30.13
2012/02/15,30.00,31.20,29.62,30.26,1585607,30.37
2012/02/16,30.05,30.78,29.65,30.56,1496017,30.13
2012/02/17,29.94,30.20,29.14,29.40,1883776,29.43
2012/02/20,29.70,30.35,29.35,29.97,1950405,29.99
2012/02/21,29.94,30.32,29.51,30.15,1477645,29.98
2012/02/22,30.13,31.38,29.70,30.75,1773812,30.51
2012/02/23,30.46,31.28,29.60,30.00,2727288,30.38
2012/02/24,30.01,30.90,29.90,30.16,1838049,30.27
2012/02/27,30.30,33.18,29.72,33.18,9091282,31.66
2012/02/28,32.52,32.85,31.62,31.86,4495535,32.13
2012/02/29,31.79,32.79,30.75,30.80,3855668,31.81
2012/03/01,30.50,33.88,30.50,32.97,5667291,32.72
2012/03/02,32.90,33.50,32.50,33.31,3823238,33.10
2012/03/05,33.46,36.40,33.00,34.88,5115470,34.67
2012/03/06,34.50,35.88,34.10,34.99,2902973,34.88
2012/03/07,34.41,35.00,33.50,33.85,2213717,34.34
2012/03/08,34.20,34.20,33.25,33.76,2798261,33.60
2012/03/09,34.00,34.77,33.61,34.44,2371865,34.26
2012/03/12,34.64,34.85,33.45,34.21,1568163,33.84
2012/03/13,34.01,34.89,34.01,34.43,3178829,34.53
2012/03/14,34.50,34.88,31.00,31.92,3395191,33.25
2012/03/15,31.65,32.60,31.36,31.90,2310996,32.03
2012/03/16,31.92,32.84,31.49,32.39,1564945,32.24
2012/03/19,32.45,33.20,32.30,32.76,1424470,32.64
2012/03/20,32.50,32.50,30.70,31.40,2108395,31.44
2012/03/21,31.40,31.86,30.67,31.43,1319433,31.21
2012/03/22,31.37,31.55,30.88,30.90,1040232,31.03
2012/03/23,30.90,30.90,29.93,29.93,1183207,30.22
2012/03/26,29.60,31.19,29.60,30.96,1314966,30.60
2012/03/27,30.96,32.47,30.90,32.20,1935671,32.05
2012/03/28,32.75,33.79,32.26,32.28,3755250,33.07
2012/03/29,32.00,33.18,30.10,32.96,1535036,31.65
2012/03/30,33.20,34.80,32.50,32.57,2515825,33.63
2012/04/05,31.89,33.40,30.80,33.36,2126982,32.59
2012/04/06,33.37,33.67,32.54,32.98,2190783,33.11
2012/04/09,33.19,34.23,33.19,33.50,3053277,33.80
2012/04/10,33.45,33.49,31.50,33.29,1860783,32.58
2012/04/11,33.29,34.80,33.07,34.30,2034727,34.13
2012/04/12,34.20,34.66,33.51,34.38,1784626,34.11
2012/04/13,34.10,35.91,34.10,34.85,2539869,35.19
2012/04/16,34.68,35.48,34.35,35.06,1198657,35.00
2012/04/17,34.80,34.99,33.80,34.00,1463169,34.16
2012/04/18,33.90,34.70,33.50,34.43,1522643,34.39
2012/04/19,34.63,35.30,34.61,35.00,1468515,34.93
2012/04/20,35.00,35.20,33.90,34.34,1765253,34.42
2012/04/23,34.06,34.30,32.91,33.17,1481138,33.55
2012/04/24,33.00,33.52,31.50,32.60,1458285,32.35
2012/04/25,32.65,33.00,32.18,32.66,1134008,32.62
2012/04/26,33.66,34.44,32.60,32.88,1011617,33.34
2012/04/27,32.25,33.40,32.05,33.21,748187,33.03
2012/05/02,33.54,34.25,33.01,34.00,1019849,33.60
2012/05/03,33.98,34.65,33.63,34.55,1199288,34.34
2012/05/04,34.51,35.28,34.51,34.90,1433801,34.99
2012/05/07,35.40,38.39,35.10,38.39,3994631,37.34
2012/05/08,35.40,38.39,35.10,38.39,0,36.75
2012/05/09,38.03,38.38,36.90,37.54,2884976,37.44
2012/05/10,37.70,38.00,36.92,37.69,1650289,37.50
2012/05/11,37.80,39.30,37.20,37.20,2232565,38.19
2012/05/14,37.38,37.80,36.00,36.94,1386545,37.00
2012/05/15,36.50,37.72,36.16,37.22,1289071,36.81
2012/05/16,37.00,37.76,36.65,36.65,886429,37.12
2012/05/17,36.51,37.50,35.51,37.47,1204545,36.62
2012/05/18,36.90,37.37,36.64,37.07,839586,37.05
2012/05/21,37.00,38.80,36.52,38.10,1831973,37.77
2012/05/22,38.50,39.36,37.92,38.45,1441026,38.59
2012/05/23,38.00,38.36,37.51,37.96,1029044,37.94
2012/05/24,37.50,37.90,37.31,37.41,880672,37.53
2012/05/25,37.11,37.89,36.54,36.58,589083,37.04
2012/05/28,37.11,37.89,36.54,36.58,0,37.21
2012/05/29,36.98,38.60,36.90,37.85,1479761,37.93
2012/05/30,37.85,38.76,37.52,38.50,1394893,38.19
2012/05/31,38.55,40.30,38.05,39.38,2560888,39.02
2012/06/01,39.38,40.55,38.70,38.90,1699645,39.09
2012/06/04,38.20,40.45,36.81,39.69,2789277,38.95
2012/06/05,39.41,40.07,38.62,39.68,1103727,39.19
2012/06/06,39.85,40.86,39.20,39.56,1455905,39.88
2012/06/07,40.10,40.22,39.00,39.30,1152478,39.31
2012/06/08,39.55,39.95,39.11,39.17,783178,39.19
2012/06/11,38.86,40.55,38.60,40.22,1626201,39.35
2012/06/12,40.10,42.60,39.90,41.85,2156524,41.20
2012/06/13,42.00,42.88,41.35,42.51,1349274,41.99
2012/06/14,42.51,43.49,41.81,41.91,1041186,42.26
2012/06/15,42.10,42.55,40.60,41.91,1061156,41.10
2012/06/18,41.88,42.71,41.40,42.14,741918,41.78
2012/06/19,42.14,42.65,41.22,41.22,949178,41.63
2012/06/20,41.39,42.50,41.31,41.48,817179,41.60
2012/06/21,41.73,43.30,40.80,43.30,1801437,41.82
2012/06/25,43.10,44.30,42.40,43.30,1669325,43.26
2012/06/26,43.09,43.45,41.45,43.09,1203051,42.07
2012/06/27,43.08,46.70,42.50,45.30,2934152,44.59
2012/06/28,45.48,48.18,44.74,46.81,1992575,46.10
2012/06/29,46.76,48.78,45.58,46.86,2248408,46.88
2012/07/02,46.37,48.49,45.90,48.30,1602205,47.17
2012/07/03,48.05,49.61,47.76,49.29,1613281,48.55
2012/07/04,49.29,49.47,45.98,47.50,2188892,47.58
2012/07/05,47.45,48.28,46.52,48.15,1303280,47.13
2012/07/06,48.30,49.30,46.70,48.07,1983354,47.95
2012/07/09,47.60,48.50,45.92,46.00,1842922,46.97
2012/07/10,45.45,45.83,43.85,45.50,2575834,44.68
2012/07/11,46.80,49.86,46.36,49.38,3137883,47.59
2012/07/12,49.28,53.09,49.10,50.58,2820738,50.63
2012/07/13,50.33,51.29,49.61,50.99,1198985,50.11
2012/07/16,50.90,51.78,48.46,49.18,2005115,49.33
2012/07/17,48.33,49.78,47.42,49.10,1314866,48.30
2012/07/18,49.10,49.30,47.22,48.60,1169671,47.87
2012/07/19,48.60,52.52,47.82,51.71,1975961,50.14
2012/07/20,50.65,51.57,49.80,50.46,1304988,50.38
2012/07/23,49.60,50.17,48.81,49.35,890665,49.19
2012/07/24,49.00,50.45,48.30,48.88,1483243,48.88
2012/07/25,48.55,50.09,47.31,49.87,1939144,48.61
2012/07/26,49.40,50.48,48.60,48.60,1614682,49.22
2012/07/27,48.46,48.80,45.80,46.87,2076795,46.95
2012/07/30,47.10,47.99,45.70,45.70,1095305,46.47
2012/07/31,45.59,45.90,44.21,44.80,1909833,44.89
2012/08/01,44.83,47.08,44.83,45.85,1441657,45.62
2012/08/02,45.85,48.12,45.20,47.51,1703635,46.90
2012/08/03,47.29,49.60,46.81,49.50,1610006,48.40
2012/08/06,49.26,52.18,48.89,50.83,2029736,50.61
2012/08/07,50.54,53.50,50.19,52.75,1539527,51.63
2012/08/08,52.80,53.24,50.88,51.66,1069407,51.77
2012/08/09,51.72,53.00,51.42,52.69,726861,52.17
2012/08/10,52.32,55.67,52.32,54.18,1474694,53.71
2012/08/13,54.08,55.18,53.30,53.70,719672,53.74
2012/08/14,53.72,53.79,51.30,53.40,1096815,52.15
2012/08/15,53.40,55.80,52.85,55.45,999945,54.68
2012/08/16,55.55,55.77,54.10,54.39,745457,54.51
2012/08/17,54.12,54.40,51.45,52.30,1142163,52.39
2012/08/20,52.00,53.20,51.28,52.61,1184875,52.01
2012/08/21,52.80,57.84,52.80,57.84,2245539,56.32
2012/08/22,55.80,57.30,55.10,55.50,2710022,55.87
2012/08/23,55.56,56.10,52.80,55.46,1868098,54.14
2012/08/24,54.45,55.24,53.30,53.60,851762,53.76
2012/08/27,53.28,55.88,53.00,54.26,1861680,54.45
2012/08/28,54.38,57.90,54.38,56.06,2032714,55.94
2012/08/29,55.85,58.60,55.19,56.98,1942863,56.56
2012/08/30,56.49,57.68,53.01,54.90,1679085,54.85
2012/08/31,54.88,55.76,53.75,55.40,872252,54.54
2012/09/03,55.20,58.03,54.80,57.80,1594836,56.67
2012/09/04,58.00,59.68,57.30,57.70,1576108,58.11
2012/09/05,57.20,60.05,57.20,59.98,2083535,58.99
2012/09/06,59.79,60.58,58.90,59.73,1322770,59.50
2012/09/07,59.94,60.30,57.80,58.84,2755750,58.65
2012/09/10,58.84,59.80,57.70,59.42,1365706,58.42
2012/09/11,59.30,59.30,56.50,57.45,2259132,57.12
2012/09/12,57.46,57.80,56.20,57.30,1821610,56.30
2012/09/13,57.28,57.28,55.60,56.06,1586086,55.86
2012/09/14,56.30,56.73,54.15,55.08,1667655,54.79
2012/09/17,55.52,56.78,54.80,54.80,1546098,55.68
2012/09/18,54.80,56.59,54.80,56.55,1519819,55.91
2012/09/19,56.68,56.80,55.91,55.98,763948,55.87
2012/09/20,55.77,55.80,53.30,54.40,1825837,53.88
2012/09/21,54.29,55.05,52.91,53.10,694618,53.37
2012/09/24,52.07,53.18,48.70,52.80,1024566,50.96
2012/09/25,52.50,52.60,50.40,50.73,1321538,51.18
2012/09/26,50.20,50.74,49.31,50.30,1443017,49.89
2012/09/27,50.30,52.37,50.30,51.69,792204,51.08
2012/09/28,51.30,52.86,51.30,52.14,627254,51.92
2012/10/08,52.16,52.27,50.51,52.10,854233,51.12
2012/10/09,51.81,55.05,51.81,54.35,1275717,53.58
2012/10/10,53.87,55.80,53.61,55.30,839098,54.49
2012/10/11,55.30,55.50,53.96,53.96,589153,54.13
2012/10/12,53.95,54.50,53.37,54.23,336191,53.75
2012/10/15,53.85,54.56,52.16,53.30,516775,52.80
2012/10/16,53.30,53.30,51.29,52.20,621692,51.89
2012/10/17,52.31,53.10,52.20,53.09,405827,52.36
2012/10/18,53.25,53.64,52.52,53.03,654822,52.90
2012/10/19,52.90,55.49,52.90,55.28,1187957,54.43
2012/10/22,55.26,55.93,54.56,55.30,744687,55.07
2012/10/23,55.36,55.71,52.80,53.10,1270297,53.66
2012/10/24,52.32,53.78,51.00,51.49,1381184,51.67
2012/10/25,51.25,51.25,47.71,47.79,2687583,48.68
2012/10/26,47.70,48.53,47.20,48.18,2299544,47.81
2012/10/29,48.16,49.64,47.31,48.51,957615,48.32
2012/10/30,48.33,49.10,48.18,49.08,854289,48.49
2012/10/31,48.80,49.88,48.47,48.58,542422,48.75
2012/11/01,48.73,49.30,48.00,48.86,1034260,48.29
2012/11/02,48.91,49.09,48.02,48.30,1218179,48.00
2012/11/05,47.91,47.91,45.20,46.20,2199277,45.67
2012/11/06,45.99,46.20,44.70,45.55,1337171,44.93
2012/11/07,45.60,45.98,45.10,45.95,841703,45.17
2012/11/08,45.60,46.17,43.90,44.00,1293694,44.98
2012/11/09,43.70,44.30,43.10,43.30,777807,43.45
2012/11/12,43.68,44.60,43.26,44.58,1027745,43.74
2012/11/13,44.62,44.62,43.11,43.30,661263,43.38
2012/11/14,43.30,43.91,42.48,43.66,567770,42.77
2012/11/15,43.42,44.44,42.84,44.18,880274,43.80
2012/11/16,44.15,44.30,43.10,43.30,315555,43.31
2012/11/19,43.20,43.56,40.85,42.70,665612,41.50
2012/11/20,43.30,44.04,42.70,43.62,767790,43.39
2012/11/21,43.63,44.30,42.90,43.82,979295,43.44
2012/11/22,43.30,43.41,42.35,43.20,809008,42.36
2012/11/23,43.20,43.25,41.20,41.20,699589,41.49
2012/11/26,40.50,41.10,40.12,40.47,421311,40.11
2012/11/27,40.46,40.46,38.58,39.70,1217038,39.58
2012/11/28,39.70,39.80,37.91,38.20,1226462,38.54
2012/11/29,38.50,38.58,36.90,36.99,1721149,37.27
2012/11/30,37.20,38.10,36.56,37.79,1560555,36.96
2012/12/03,37.52,37.68,35.81,36.00,923685,36.53
2012/12/04,35.81,35.81,34.55,35.50,1640841,34.75
2012/12/05,35.52,39.02,35.10,39.02,3043883,37.53
2012/12/06,39.02,40.58,38.65,40.40,3281260,39.74
2012/12/07,40.28,40.42,39.60,40.40,1309065,39.73
2012/12/10,40.30,41.95,39.90,41.46,1404632,40.76
2012/12/11,41.18,41.91,40.48,41.80,796057,41.01
2012/12/12,41.78,41.80,40.85,41.31,829557,40.94
2012/12/13,41.30,41.31,39.96,40.16,382575,40.01
2012/12/14,40.15,43.00,40.10,41.10,1645845,41.71
2012/12/17,40.50,40.60,37.02,37.02,3352951,37.10
2012/12/18,35.85,37.07,35.85,36.80,2210752,36.14
2012/12/19,36.31,38.40,36.30,38.08,1817654,37.63
2012/12/20,38.05,38.15,36.90,37.85,1858373,37.38
2012/12/21,37.85,41.61,37.85,41.61,2634122,39.65
2012/12/24,42.58,44.29,41.80,42.33,4470863,42.53
2012/12/25,42.33,44.10,41.89,44.05,4896234,43.13
2012/12/26,43.20,46.73,42.60,46.00,2952163,44.98
2012/12/27,45.99,47.75,45.31,46.50,2932211,46.46
2012/12/28,46.15,47.30,44.87,46.65,1896911,45.74
2012/12/31,46.31,47.42,45.62,47.28,2307150,46.20
2013/01/04,47.40,47.80,44.34,45.85,2188041,45.31
2013/01/07,45.00,45.70,44.21,45.45,1732336,44.52
2013/01/08,45.30,47.00,44.50,46.59,2564193,45.57
2013/01/09,46.30,46.45,45.02,45.75,2404564,45.55
2013/01/10,45.72,47.45,45.43,47.34,2002804,46.16
2013/01/11,47.50,47.80,45.53,45.70,1929161,46.61
2013/01/14,45.70,49.15,45.40,48.70,2426236,47.28
2013/01/15,47.90,50.30,47.80,49.88,2535621,48.61
2013/01/16,49.30,49.48,47.71,48.21,1792844,48.12
2013/01/17,49.05,50.77,48.78,49.05,1743061,49.25
2013/01/18,48.80,49.75,48.18,48.72,1170036,48.48
2013/01/21,48.20,49.75,47.96,49.17,1133643,48.77
2013/01/22,49.10,50.20,47.31,48.30,1452803,48.46
2013/01/23,47.80,47.97,45.48,47.12,1794033,46.40
2013/01/24,46.48,46.60,43.09,43.81,3149349,44.59
2013/01/25,43.30,43.32,42.32,42.80,1687583,42.54
2013/01/28,42.91,43.75,42.78,43.75,1359874,43.04
2013/01/29,44.15,46.44,43.45,46.29,1961062,44.88
2013/01/30,45.90,47.17,45.57,46.20,1321402,46.11
2013/01/31,46.20,47.04,45.70,46.70,1477588,46.22
2013/02/01,46.70,47.05,46.10,46.15,790061,46.17
2013/02/04,46.28,50.30,43.80,48.96,2484688,45.83
2013/02/05,47.30,48.76,46.85,47.93,1718691,47.42
2013/02/06,47.92,48.80,47.92,47.96,784183,48.01
2013/02/07,47.96,48.73,47.70,48.35,941761,48.17
2013/02/08,48.38,50.05,48.38,49.26,1246955,49.32
2013/02/18,49.30,52.79,48.95,51.50,1914386,50.21
2013/02/19,51.80,52.68,49.79,51.81,1638199,51.18
2013/02/20,52.00,52.92,50.58,52.46,1601946,52.06
2013/02/21,52.83,53.44,51.32,53.30,1635033,52.46
2013/02/22,52.94,53.79,52.10,53.00,826646,52.56
2013/02/25,52.83,54.28,52.38,53.56,837663,53.08
2013/02/26,53.28,56.10,53.19,55.64,1458785,55.00
2013/02/27,55.30,57.69,54.43,54.59,1538812,56.27
2013/02/28,54.33,54.33,51.54,53.26,1494590,52.86
2013/03/01,53.25,57.30,53.23,56.80,1423375,55.49
2013/03/04,56.49,57.80,54.84,55.78,1051150,56.03
2013/03/05,54.30,57.74,54.20,57.28,1478925,56.42
2013/03/06,57.32,59.55,56.58,59.30,1018894,58.55
2013/03/07,59.29,59.60,57.38,58.10,954752,58.14
2013/03/08,58.08,59.50,55.50,55.55,709586,56.91
2013/03/11,55.30,57.58,53.90,54.74,847687,55.07
2013/03/12,54.50,56.05,52.54,53.91,669213,53.64
2013/03/13,53.30,58.30,52.82,56.05,719930,54.88
2013/03/14,55.70,59.19,55.70,59.08,906815,57.86
2013/03/15,59.05,60.97,57.42,59.90,989146,59.36
2013/03/18,59.81,63.29,59.32,62.12,1168363,61.67
2013/03/19,62.20,63.59,59.03,61.65,1209665,61.33
2013/03/20,62.20,63.48,60.81,62.30,664048,61.88
2013/03/21,62.38,66.75,61.43,66.70,1127943,63.71
2013/03/22,66.30,69.10,65.20,66.70,800183,66.38
2013/03/25,66.84,67.84,64.80,66.81,644052,65.46
2013/03/26,66.81,68.08,65.27,67.31,534956,66.39
2013/03/27,67.30,71.00,67.30,70.29,736394,69.36
2013/03/28,69.66,71.76,68.30,70.10,613331,69.98
2013/03/29,69.30,76.00,68.90,74.71,1042417,71.34
2013/04/01,73.95,74.70,72.19,72.40,685224,72.87
2013/04/02,71.70,74.29,67.35,69.30,1161456,70.08
2013/04/03,68.18,70.16,66.18,68.82,821468,67.53
2013/04/08,67.30,73.30,66.40,70.70,942863,70.33
2013/04/09,70.78,72.30,70.13,70.95,865420,70.73
2013/04/10,70.23,71.63,66.60,69.70,747342,68.46
2013/04/11,69.33,70.96,67.20,69.35,700316,68.70
2013/04/12,69.10,71.66,68.10,68.41,719738,69.77
2013/04/15,68.48,70.08,66.47,69.40,860647,67.96
2013/04/16,68.40,70.15,67.80,69.46,453673,69.03
2013/04/17,69.61,74.06,69.61,74.00,1157111,72.12
2013/04/18,73.90,75.80,72.70,75.78,872862,74.33
2013/04/19,75.80,77.95,73.80,74.30,1984457,74.41
2013/04/22,74.10,76.18,73.55,74.05,1223995,74.41
2013/04/23,74.30,75.90,66.68,66.68,3481067,68.92
2013/04/24,64.30,70.29,62.84,70.05,2760412,66.39
2013/04/25,67.80,69.30,65.30,65.81,1627969,66.98
2013/04/26,65.80,65.81,61.10,61.26,1492497,62.77
2013/05/02,61.23,66.18,61.23,65.40,1240649,63.97
2013/05/03,65.40,69.16,64.81,67.57,962676,67.67
2013/05/06,67.80,70.60,67.50,70.40,1060041,69.66
2013/05/07,70.32,72.50,70.05,72.00,1123856,70.71
2013/05/08,71.80,74.58,71.00,74.30,944893,73.53
2013/05/09,74.37,75.50,71.90,74.06,770213,73.13
2013/05/10,73.30,73.96,71.01,72.40,466473,72.06
2013/05/13,72.43,73.09,70.71,72.98,555644,71.60
2013/05/14,73.01,74.39,71.81,73.94,704772,73.24
2013/05/15,73.36,81.30,73.14,81.30,1288570,77.62
2013/05/16,82.80,89.40,82.07,89.40,2742419,87.68
2013/05/17,89.50,91.23,86.30,88.18,2273668,88.52
2013/05/20,87.67,90.66,86.68,89.50,2953972,88.67
2013/05/21,89.02,96.40,87.84,94.27,2729818,92.12
2013/05/22,93.09,93.12,87.72,89.55,1936070,90.42
2013/05/23,88.68,90.39,86.38,87.99,1788844,88.38
2013/05/24,87.99,88.89,86.97,88.89,1246052,87.93
2013/05/27,89.20,90.13,88.17,89.77,1166561,89.15
2013/05/28,89.26,89.80,85.21,85.89,1362428,87.50
2013/05/29,85.90,86.77,85.00,86.28,694850,85.88
2013/05/30,86.28,86.94,85.71,86.28,752160,86.32
2013/05/31,86.65,87.06,82.83,85.66,1127278,84.95
2013/06/03,84.70,86.20,84.10,84.13,657311,85.15
2013/06/04,84.13,84.16,78.70,78.70,1220356,81.43
2013/06/05,78.63,83.05,77.35,80.67,1430066,80.20
2013/06/06,80.20,82.00,79.69,79.83,1203109,80.84
2013/06/07,80.65,83.13,78.70,81.07,1438164,80.91
2013/06/13,79.75,80.02,73.17,78.55,1060095,76.59
2013/06/14,78.55,83.05,77.65,82.54,1603814,80.35
2013/06/17,82.89,84.18,81.54,81.78,1373396,82.86
2013/06/18,82.45,83.02,78.40,78.70,1287533,80.71
2013/06/19,79.00,79.00,76.38,76.99,1277676,77.69
2013/06/20,76.59,76.59,71.13,73.15,3298375,73.86
2013/06/21,72.07,73.45,70.45,72.85,1794314,71.95
2013/06/24,72.70,72.70,65.64,65.64,2069798,69.17
2013/06/25,64.45,66.91,59.29,66.03,2125131,63.10
2013/06/26,66.69,70.33,66.25,70.23,1975139,68.29
2013/06/27,69.72,70.98,67.27,68.35,1513837,69.13
2013/06/28,67.57,70.15,66.84,68.31,924713,68.50
2013/07/01,68.20,69.67,67.72,69.55,2509143,68.70
2013/07/02,69.61,76.44,69.61,76.44,3078846,73.02
2013/07/03,79.00,81.70,77.20,80.55,3056798,79.45
2013/07/04,79.45,86.64,78.78,84.10,3539204,82.71
2013/07/05,82.60,83.94,80.79,81.69,2070765,82.37
2013/07/08,80.35,80.35,73.98,77.50,2824456,77.16
2013/07/09,75.70,77.65,73.45,77.23,1794913,75.55
2013/07/10,76.30,79.74,76.29,77.53,2043582,78.02
2013/07/11,77.50,79.39,75.46,78.10,2086090,77.42
2013/07/12,77.64,81.40,77.20,78.07,1909806,79.30
2013/07/15,74.28,79.60,71.20,78.87,5802255,75.40
2013/07/16,77.04,84.25,76.00,82.48,3827651,80.13
2013/07/17,81.78,83.02,79.38,79.60,2164860,81.20
2013/07/18,78.78,80.20,75.70,77.80,3111159,77.95
2013/07/19,77.25,79.42,75.70,76.71,2646587,77.56
2013/07/22,75.72,79.60,74.95,77.98,1523938,77.27
2013/07/23,78.15,83.29,78.15,81.57,3009017,80.72
2013/07/24,80.95,87.84,80.37,86.19,3921348,84.11
2013/07/25,86.19,88.15,81.40,85.45,2357616,84.78
2013/07/26,83.95,85.45,81.16,82.89,1122989,83.30
2013/07/29,83.05,85.44,81.81,83.62,1043052,83.63
2013/07/30,83.71,84.70,80.95,81.25,1002960,82.83
2013/07/31,81.70,82.89,80.95,81.30,685679,81.92
2013/08/01,81.30,83.85,80.95,83.68,775043,82.40
2013/08/02,83.59,86.14,81.10,81.51,1249274,83.62
2013/08/05,81.19,82.57,80.22,81.70,731533,81.39
2013/08/06,81.70,84.70,81.03,83.80,1126340,82.87
2013/08/07,83.22,84.40,81.10,81.25,1558655,82.75
2013/08/08,80.80,86.44,80.35,85.56,2092872,83.39
2013/08/09,86.46,86.46,83.79,84.55,1016278,85.13
2013/08/12,84.64,85.21,81.55,82.00,1410158,83.38
2013/08/13,82.00,82.90,81.07,81.84,1283912,81.98
2013/08/14,81.82,82.60,79.60,79.87,1525287,81.10
2013/08/15,79.15,79.98,77.58,77.58,1137249,78.78
2013/08/16,76.47,76.47,69.90,69.93,6412606,73.19
2013/08/19,69.70,69.90,66.72,69.85,4331385,68.31
2013/08/20,69.78,70.98,68.94,70.05,3084155,69.96
2013/08/21,69.70,70.45,68.92,70.11,1724960,69.69
2013/08/22,69.84,71.77,69.40,71.44,2365247,70.59
2013/08/23,71.49,75.78,71.44,75.63,4590343,73.61
2013/08/26,75.40,79.47,74.20,78.19,3593817,76.84
2013/08/27,78.25,80.37,78.25,79.30,2262637,79.31
2013/08/28,78.40,78.40,75.48,75.66,1884118,76.94
2013/08/29,75.66,76.02,73.68,73.87,1127826,74.85
2013/08/30,73.60,74.23,69.70,71.26,1232664,71.97
2013/09/02,70.00,73.44,70.00,71.89,1227910,71.72
2013/09/03,71.35,73.60,71.22,72.54,910489,72.41
2013/09/04,72.25,74.82,71.80,74.65,1524595,73.31
2013/09/05,76.00,76.00,72.06,72.90,2048920,74.03
2013/09/06,72.85,73.60,71.31,72.06,2225764,72.45
2013/09/09,71.56,72.49,70.17,71.97,1971283,71.33
2013/09/10,72.22,72.63,69.37,69.70,2589196,71.00
2013/09/11,65.47,68.08,62.80,62.82,5238794,65.44
2013/09/12,61.90,64.98,59.95,64.93,3510848,62.47
2013/09/13,63.84,65.73,63.07,65.20,2257521,64.40
2013/09/16,65.20,66.15,64.17,65.10,1530731,65.16
2013/09/17,64.83,64.83,61.90,62.20,1404006,63.36
2013/09/18,61.98,63.22,61.72,62.67,1144478,62.47
2013/09/23,62.95,65.95,62.95,65.74,2014406,64.45
2013/09/24,68.20,71.20,67.60,67.66,3136790,69.40
2013/09/25,66.88,69.40,66.10,68.35,1531410,67.75
2013/09/26,67.45,68.86,66.55,66.70,1173756,67.70
2013/09/27,66.70,67.30,64.75,64.99,756118,66.02
2013/09/30,64.50,66.94,64.50,66.25,771628,65.72
2013/10/08,66.25,66.25,64.92,65.11,1057841,65.59
2013/10/09,65.17,65.88,62.77,64.30,2469353,64.32
2013/10/10,63.81,63.85,62.25,62.68,969152,63.05
2013/10/11,62.70,63.24,61.78,62.22,1787489,62.51
2013/10/14,62.23,62.94,61.23,61.72,1825676,62.08
2013/10/15,61.92,62.62,60.90,62.41,2014064,61.76
2013/10/16,62.41,62.91,60.97,61.03,1384030,61.94
2013/10/17,61.65,63.33,61.39,62.97,2184014,62.36
2013/10/18,63.07,63.21,61.32,61.53,1387896,62.27
2013/10/21,61.50,62.16,60.70,62.11,1117335,61.43
2013/10/22,62.32,63.52,61.86,62.46,2084411,62.69
2013/10/23,63.70,65.37,61.98,62.04,3018095,63.68
2013/10/24,61.29,61.29,56.05,57.70,3734188,58.67
2013/10/25,57.12,57.60,53.52,54.18,2736638,55.56
2013/10/28,54.16,54.99,53.20,54.18,1210519,54.10
2013/10/29,54.67,54.67,50.40,52.15,1796502,52.54
2013/10/30,52.00,52.38,50.98,51.66,1148889,51.68
2013/10/31,51.66,51.66,49.15,49.23,1399676,50.40
2013/11/01,49.14,50.50,48.15,50.49,1768724,49.32
2013/11/04,50.46,50.94,49.75,50.65,1709197,50.34
2013/11/05,50.65,51.40,49.99,51.37,1162545,50.70
2013/11/06,51.36,51.70,50.23,50.31,1221129,50.96
2013/11/07,50.31,50.64,48.19,48.57,1045239,49.41
2013/11/08,48.48,48.48,45.40,45.67,3112263,46.94
2013/11/11,45.67,46.75,44.52,45.63,2192131,45.64
2013/11/12,45.72,46.90,45.61,46.33,1578525,46.25
2013/11/13,46.44,46.59,45.64,45.64,1231109,46.12
2013/11/14,45.40,47.49,44.79,47.49,1811146,46.14
2013/11/15,48.40,49.45,47.58,47.97,2364077,48.52
2013/11/18,48.00,51.19,48.00,51.19,3214474,49.59
2013/11/19,51.28,51.67,49.95,50.20,1797641,50.81
2013/11/20,50.20,51.07,50.20,50.64,902127,50.64
2013/11/21,50.70,50.77,49.72,49.89,1659540,50.25
2013/11/22,49.87,50.70,49.75,50.19,1067516,50.23
2013/11/25,49.75,52.09,49.60,51.51,2179308,50.85
2013/11/26,52.02,56.50,52.02,56.10,5267172,54.26
2013/11/27,55.81,59.19,54.85,57.09,5377670,57.02
2013/11/28,57.10,58.75,55.93,58.09,3957209,57.34
2013/11/29,58.24,58.59,57.06,58.14,2873940,57.83
2013/12/02,56.05,57.07,54.03,54.10,2960846,55.55
2013/12/03,52.48,56.20,52.48,55.44,1672036,54.34
2013/12/04,55.57,58.06,55.57,56.97,2240355,56.82
2013/12/05,57.25,58.47,55.92,55.99,1835110,57.20
2013/12/06,55.59,55.98,54.88,55.27,811647,55.43
2013/12/09,55.11,55.84,53.47,54.58,1444053,54.66
2013/12/10,54.84,54.99,53.29,53.55,1594312,54.14
2013/12/11,53.43,53.88,52.77,52.87,1029233,53.33
2013/12/12,52.68,54.67,52.47,54.40,1301049,53.57
2013/12/13,53.80,54.94,53.62,54.36,845887,54.28
2013/12/16,54.22,54.43,51.60,51.70,1479369,53.02
2013/12/17,51.70,52.57,49.72,52.02,1571385,51.14
2013/12/18,51.70,51.82,50.04,50.32,860302,50.93
2013/12/19,50.28,51.04,49.57,49.69,866260,50.30
2013/12/20,49.72,49.75,48.10,48.69,982533,48.93
2013/12/23,49.14,49.89,48.88,49.59,892492,49.39
2013/12/24,49.77,52.21,49.77,51.19,2245704,50.99
2013/12/25,50.67,52.44,50.67,52.36,1890767,51.55
2013/12/26,52.60,55.15,51.60,53.32,2139162,53.38
2013/12/27,53.08,54.55,52.39,54.48,1779933,53.47
2013/12/30,54.64,55.68,53.40,55.44,2249403,54.54
2013/12/31,54.82,55.21,53.55,54.40,1637184,54.38
2014/01/02,54.12,58.33,53.47,57.61,3614138,55.90
2014/01/03,57.70,62.95,57.61,59.50,5568223,60.28
2014/01/06,59.95,61.87,58.59,58.77,3496382,60.23
2014/01/07,57.85,60.34,56.83,60.13,2725301,58.59
2014/01/08,60.09,63.52,59.68,61.75,4013123,61.60
2014/01/09,61.75,62.20,58.62,58.75,1855996,60.41
2014/01/10,58.30,58.30,56.16,56.35,2128683,57.23
2014/01/13,56.40,57.13,52.62,54.85,2328302,54.88
2014/01/14,54.25,57.12,54.07,57.12,1496961,55.59
2014/01/15,56.95,61.60,56.82,61.47,3113063,59.21
2014/01/16,62.43,62.76,60.40,61.23,2530617,61.58
2014/01/17,61.12,61.14,56.97,58.42,2084840,59.05
2014/01/20,58.23,59.46,57.49,57.82,1084164,58.48
2014/01/21,57.85,59.19,57.85,59.19,983586,58.52
2014/01/22,59.80,61.72,59.53,61.02,2131017,60.63
2014/01/23,60.73,61.45,60.03,60.37,1666882,60.74
2014/01/24,60.24,63.15,60.22,62.97,2495621,61.68
2014/01/27,62.25,63.70,61.75,62.74,2175167,62.73
2014/01/28,61.60,61.68,58.23,58.24,2545101,59.95
2014/01/29,58.00,59.62,57.19,58.00,2112088,58.40
2014/01/30,57.97,58.98,56.98,57.97,1037730,57.98
2014/02/07,57.33,61.03,56.65,61.03,2182918,58.84
2014/02/10,60.85,63.22,59.98,62.62,3161012,61.60
2014/02/11,62.95,63.51,60.55,62.19,2684817,62.03
2014/02/12,62.17,65.82,61.45,65.29,3608565,63.63
2014/02/13,65.20,65.20,63.12,63.19,2344940,64.16
2014/02/14,63.54,67.69,63.19,66.84,3402662,65.44
2014/02/17,67.00,70.45,67.00,68.05,3315598,68.73
2014/02/18,68.13,68.49,66.03,66.24,2967836,67.26
2014/02/19,66.43,66.58,64.33,66.07,1736595,65.45
2014/02/20,66.30,66.30,62.89,63.12,2151451,64.59
2014/02/21,62.46,63.21,60.76,61.45,2726420,61.98
2014/02/24,61.42,61.83,58.38,61.14,4470222,60.11
2014/02/25,61.23,61.71,56.50,56.65,3980577,59.11
2014/02/26,55.74,56.35,52.90,55.87,3105361,54.63
2014/02/27,55.63,56.95,51.06,51.70,2897731,54.01
2014/02/28,52.08,53.49,50.65,53.20,1875231,52.07
2014/03/03,53.20,53.53,52.36,53.22,2426088,52.95
2014/03/04,53.05,53.14,51.49,52.83,1441882,52.32
2014/03/05,52.81,54.69,52.75,54.49,2206770,53.72
2014/03/06,54.87,56.02,54.40,54.40,2670527,55.21
2014/03/07,54.25,54.25,52.00,52.12,1930817,53.13
2014/03/10,51.69,51.69,48.70,49.00,2248997,50.20
2014/03/11,48.85,50.86,48.42,49.90,1299313,49.64
2014/03/12,49.90,50.95,48.75,49.57,1239389,49.85
2014/03/13,49.60,50.95,49.29,50.95,1313027,50.12
2014/03/14,50.76,50.76,49.86,50.41,876653,50.31
2014/03/17,50.20,52.08,49.83,52.08,1250922,50.95
2014/03/18,52.15,53.32,51.79,52.66,1799588,52.55
2014/03/19,52.30,52.45,49.69,49.74,2637583,51.07
2014/03/20,49.65,50.70,49.05,49.23,2092339,49.88
2014/03/21,48.72,48.73,45.82,47.76,4366002,47.27
2014/03/24,47.50,47.76,46.33,46.89,2699867,47.04
2014/03/25,46.96,47.38,46.45,47.05,2051190,46.92
2014/03/26,47.05,48.33,46.75,48.04,2754860,47.54
2014/03/27,47.97,47.97,45.85,45.96,2046586,46.91
2014/03/28,45.37,45.37,42.42,42.85,3748433,43.89
2014/03/31,42.87,44.32,42.87,43.54,1776280,43.59
2014/04/01,43.57,45.40,43.54,45.37,2205329,44.47
2014/04/02,45.37,45.93,44.73,45.16,1447777,45.33
2014/04/03,44.95,45.58,44.77,44.77,1434533,45.18
2014/04/04,44.62,45.99,44.20,45.99,1753047,45.10
2014/04/08,45.52,46.47,45.18,46.06,1452319,45.82
2014/04/09,46.08,48.12,46.08,46.96,2360720,47.10
2014/04/10,47.64,48.69,47.10,47.14,2984438,47.89
2014/04/11,46.63,48.10,45.82,47.64,1967704,46.96
2014/04/14,47.89,47.89,47.13,47.67,806583,47.51
2014/04/15,47.67,47.67,46.60,46.68,1123681,47.14
2014/04/16,46.68,46.81,45.37,45.75,1571742,46.09
2014/04/17,45.93,50.25,45.82,50.25,4432328,48.04
2014/04/18,51.75,52.69,50.80,51.73,8403230,51.74
2014/04/21,51.28,56.82,50.76,54.33,8192549,53.79
2014/04/22,53.40,55.89,53.02,54.15,5989694,54.46
2014/04/23,54.33,55.50,52.72,53.28,4677235,54.11
2014/04/24,53.28,53.95,51.03,51.99,3754620,52.49
2014/04/25,51.33,52.90,51.28,51.52,2912112,52.09
2014/04/28,51.34,51.34,48.55,48.82,2614626,49.95
2014/04/29,49.03,53.47,49.00,53.38,4220934,51.23
2014/04/30,52.33,54.57,52.21,53.47,3815814,53.39
2014/05/05,53.46,55.02,52.86,54.93,3101070,53.94
2014/05/06,55.11,60.06,55.11,58.53,6913501,57.59
2014/05/07,57.37,59.28,56.20,56.82,4186059,57.74
2014/05/08,56.55,58.66,55.78,57.03,4008912,57.22
2014/05/09,56.53,56.97,54.43,55.92,3225546,55.70
2014/05/12,55.80,57.81,55.23,57.45,2997299,56.52
2014/05/13,57.15,59.83,56.95,57.12,3836049,58.39
2014/05/14,56.56,58.93,55.78,58.41,2868580,57.36
2014/05/15,58.38,58.41,55.63,56.01,3185551,57.02
2014/05/16,55.74,56.38,54.58,55.65,1500756,55.48
2014/05/19,55.65,56.16,54.28,54.55,1252921,55.22
2014/05/20,55.03,56.80,53.02,53.55,2462343,54.91
2014/05/21,53.53,54.67,52.05,54.43,1786104,53.36
2014/05/22,54.79,56.53,53.98,55.75,2564959,55.25
2014/05/23,55.54,56.07,55.03,55.93,1614879,55.55
2014/05/26,56.08,57.28,55.09,55.92,2911318,56.19
2014/05/27,55.68,57.28,55.48,57.28,3199295,56.38
2014/05/28,57.28,58.78,56.62,58.20,3702277,57.70
2014/05/29,58.32,58.32,55.65,56.01,2546226,56.98
2014/05/30,56.04,57.33,54.54,57.21,2353452,55.93
2014/06/03,57.22,57.85,56.02,56.08,1988700,56.94
2014/06/04,55.78,55.93,53.68,54.13,1795804,54.80
2014/06/05,54.18,54.76,53.02,54.76,2247955,53.89
2014/06/06,54.70,54.84,53.29,53.50,1718885,54.07
2014/06/09,53.41,54.01,52.71,52.75,2061006,53.36
2014/06/10,52.72,54.58,52.63,54.36,1855337,53.61
2014/06/11,54.40,54.97,53.86,54.69,1646387,54.41
2014/06/12,54.57,54.57,53.08,53.16,1349155,53.82
2014/06/13,53.16,54.52,52.80,54.00,1400161,53.66
2014/06/16,53.79,54.94,53.68,54.67,1878360,54.31
2014/06/17,54.40,54.67,53.01,53.52,1527497,53.84
2014/06/18,53.49,53.98,53.07,53.23,900956,53.52
2014/06/19,53.47,53.49,49.80,50.34,2605458,51.64
2014/06/20,50.23,50.23,46.35,48.03,5829230,48.29
2014/06/23,47.53,48.73,47.10,48.21,3191561,47.91
2014/06/24,48.06,48.76,47.61,48.25,1409844,48.18
2014/06/25,48.25,48.37,47.22,47.41,1385748,47.79
2014/06/26,47.43,49.41,47.43,48.81,2303031,48.42
2014/06/27,49.03,49.93,48.54,49.02,2280043,49.23
2014/06/30,49.03,49.93,48.54,49.02,0,49.23
2014/07/01,49.03,49.93,48.54,49.02,0,49.23
2014/07/02,49.03,49.93,48.54,49.02,0,49.23
2014/07/03,49.03,49.93,48.54,49.02,0,49.23
2014/07/04,49.03,49.93,48.54,49.02,0,49.23
2014/07/07,49.03,49.93,48.54,49.02,0,49.23
2014/07/08,49.03,49.93,48.54,49.02,0,49.23
2014/07/09,49.03,49.93,48.54,49.02,0,49.23
2014/07/10,49.03,49.93,48.54,49.02,0,49.23
2014/07/11,49.03,49.93,48.54,49.02,0,49.23
2014/07/14,49.03,49.93,48.54,49.02,0,49.23
2014/07/15,49.03,49.93,48.54,49.02,0,49.23
2014/07/16,49.03,49.93,48.54,49.02,0,49.23
2014/07/17,49.03,49.93,48.54,49.02,0,49.23
2014/07/18,49.03,49.93,48.54,49.02,0,49.23
2014/07/21,49.03,49.93,48.54,49.02,0,49.23
2014/07/22,49.03,49.93,48.54,49.02,0,49.23
2014/07/23,49.03,49.93,48.54,49.02,0,49.23
2014/07/24,49.03,49.93,48.54,49.02,0,49.23
2014/07/25,49.03,49.93,48.54,49.02,0,49.23
2014/07/28,49.03,49.93,48.54,49.02,0,49.23
2014/07/29,49.03,49.93,48.54,49.02,0,49.23
2014/07/30,49.03,49.93,48.54,49.02,0,49.23
2014/07/31,49.03,49.93,48.54,49.02,0,49.23
2014/08/01,49.03,49.93,48.54,49.02,0,49.23
2014/08/04,49.03,49.93,48.54,49.02,0,49.23
2014/08/05,53.82,53.82,52.78,53.82,6257278,53.30
2014/08/06,53.82,53.83,51.97,52.80,5713413,52.90
2014/08/07,52.03,57.73,52.03,54.75,5561103,54.88
2014/08/08,54.78,55.30,53.83,54.75,2446223,54.56
2014/08/11,54.13,55.03,53.83,54.22,3173895,54.43
2014/08/12,54.25,54.78,53.23,54.45,3002649,54.00
2014/08/13,54.03,56.01,54.03,55.93,3975054,55.02
2014/08/14,55.93,56.49,54.58,54.69,2961278,55.54
2014/08/15,54.85,56.13,54.85,55.53,2800759,55.49
2014/08/18,55.65,55.74,54.81,55.56,2851695,55.28
2014/08/19,55.62,55.84,54.88,55.38,2568701,55.36
2014/08/20,55.38,57.10,55.33,56.67,4471755,56.21
2014/08/21,56.62,56.86,54.70,55.36,2939080,55.78
2014/08/22,55.45,55.51,54.75,55.12,2564510,55.13
2014/08/25,55.26,55.33,54.04,54.10,2241680,54.68
2014/08/26,54.25,55.32,54.10,54.21,3247738,54.71
2014/08/27,54.30,54.55,53.10,53.29,2244807,53.82
2014/08/28,53.28,53.98,52.27,52.32,1674228,53.13
2014/08/29,52.63,54.36,52.18,53.86,2121192,53.27
2014/09/01,53.98,55.00,53.61,54.66,3412856,54.30
2014/09/02,55.11,55.33,54.58,55.24,3220723,54.95
2014/09/03,55.63,55.63,54.75,55.02,3087196,55.19
2014/09/04,54.88,55.42,54.25,55.41,3481256,54.84
2014/09/05,55.48,57.03,54.78,56.74,7327659,55.91
2014/09/09,56.74,57.85,55.65,57.64,6382355,56.75
2014/09/10,56.68,56.68,55.65,55.87,5094597,56.16
2014/09/11,55.95,56.47,54.88,55.06,4685236,55.68
2014/09/12,55.18,55.57,54.52,55.35,3607634,55.05
2014/09/15,55.90,56.34,55.33,55.78,3476058,55.84
2014/09/16,55.50,55.65,53.28,53.38,3715885,54.46
2014/09/17,53.53,53.82,52.35,53.04,2312639,53.09
2014/09/18,53.04,53.79,52.66,53.53,1615192,53.22
2014/09/19,53.67,54.21,52.92,53.59,1808951,53.57
2014/09/22,53.65,53.68,52.36,52.42,2161902,53.02
2014/09/23,52.50,52.98,52.18,52.83,1854123,52.58
2014/09/24,52.81,53.31,52.51,53.19,2253071,52.91
2014/09/25,53.40,54.51,53.38,53.64,3257054,53.95
2014/09/26,53.38,53.38,52.45,52.65,2310783,52.92
2014/09/29,52.89,53.68,52.77,53.28,1958002,53.23
2014/09/30,53.68,54.82,53.22,54.82,3471562,54.02
2014/10/08,55.00,55.45,54.15,54.85,2733999,54.80
2014/10/09,55.02,55.86,54.63,55.39,3822662,55.25
2014/10/10,55.30,55.63,54.64,54.82,2947990,55.14
2014/10/13,54.81,54.81,53.82,54.34,2181671,54.32
2014/10/14,54.10,54.66,53.79,53.86,1808014,54.22
2014/10/15,53.86,55.30,53.67,55.29,3744893,54.48
2014/10/16,55.27,55.59,54.52,54.55,2946136,55.06
2014/10/17,54.28,54.52,52.57,53.23,2718356,53.55
2014/10/20,53.26,54.04,53.19,53.28,1351067,53.61
2014/10/21,53.28,53.94,53.13,53.20,1488160,53.54
2014/10/22,53.20,53.20,51.69,51.78,1977045,52.45
2014/10/23,51.01,52.11,50.83,51.43,1796526,51.47
2014/10/24,51.12,51.12,49.66,49.83,1954032,50.39
2014/10/27,49.17,49.72,48.88,49.66,1524856,49.30
2014/10/28,49.93,50.68,49.78,50.62,1324523,50.23
2014/10/29,50.83,50.94,50.38,50.77,1806467,50.66
2014/10/30,50.82,51.18,50.26,50.35,1633790,50.72
2014/10/31,50.56,51.10,50.37,51.06,1591747,50.73
2014/11/03,51.09,51.51,50.74,51.04,1930649,51.13
2014/11/04,51.06,51.13,49.47,49.71,2251516,50.30
2014/11/05,49.71,50.17,49.35,49.98,1307178,49.76
2014/11/06,49.78,51.13,49.72,50.77,1696785,50.43
2014/11/07,50.79,51.03,49.32,49.45,1795567,50.18
2014/11/10,49.48,49.75,49.03,49.56,1581465,49.39
2014/11/11,49.71,49.78,47.56,47.80,1653120,48.67
2014/11/12,47.77,48.25,47.61,48.25,1074248,47.93
2014/11/13,48.21,48.22,47.16,47.32,1330719,47.69
2014/11/14,47.23,47.71,46.98,47.50,872307,47.34
2014/11/17,47.53,48.24,47.53,47.77,1320590,47.89
2014/11/18,47.85,48.40,47.62,47.83,1284865,48.01
2014/11/19,47.83,48.21,47.58,48.07,1654340,47.89
2014/11/20,47.85,48.12,47.77,47.85,849510,47.95
2014/11/21,47.95,48.73,47.94,48.22,1590681,48.33
2014/11/24,48.39,48.99,48.18,48.46,1842421,48.59
2014/11/25,48.15,48.96,48.15,48.94,1781051,48.55
2014/11/26,48.91,49.89,48.75,49.63,1958110,49.32
2014/11/27,50.10,50.10,49.27,49.54,1707594,49.69
2014/11/28,49.63,49.89,49.20,49.86,1987816,49.55
2014/12/01,50.34,50.80,49.44,49.48,2490590,50.12
2014/12/02,49.17,50.05,49.06,49.84,1603705,49.55
2014/12/03,49.86,50.31,49.39,50.31,2454624,49.85
2014/12/04,50.40,50.73,50.05,50.65,3146097,50.39
2014/12/05,50.58,50.58,48.30,48.81,3291332,49.44
2014/12/08,48.57,48.57,47.56,47.85,3242994,48.07
2014/12/09,47.80,47.83,46.11,46.11,3235909,46.97
2014/12/10,46.11,47.41,45.84,47.14,1573000,46.63
2014/12/11,47.46,47.46,46.66,46.77,2045066,47.06
2014/12/12,46.75,47.46,46.63,47.46,2054877,47.05
2014/12/15,47.22,48.21,46.93,48.06,1909194,47.57
2014/12/16,48.07,48.25,47.23,47.65,1850785,47.74
2014/12/17,47.53,47.53,46.68,46.78,1729362,47.11
2014/12/18,47.08,47.29,46.75,46.90,1027930,47.02
2014/12/19,46.81,46.83,43.96,44.80,2800921,45.39
2014/12/22,44.49,44.49,41.53,41.83,2411567,43.01
2014/12/23,38.07,41.80,38.07,40.03,1762378,39.93
2014/12/24,40.63,41.74,40.45,41.38,1407456,41.10
2014/12/25,41.58,41.80,41.10,41.53,991907,41.45
2014/12/26,41.38,41.77,41.08,41.43,1043391,41.43
2014/12/29,41.44,41.44,40.42,40.75,1055302,40.93
2014/12/30,41.13,41.44,40.21,40.56,774466,40.82
2014/12/31,40.72,41.53,40.03,41.49,1004643,40.78
2015/01/05,41.83,42.79,41.01,42.51,1688316,41.90
2015/01/06,42.55,44.01,42.04,44.01,2142771,43.02
2015/01/07,44.01,45.13,42.73,44.83,2492977,43.93
2015/01/08,44.83,45.64,44.80,45.06,4075132,45.22
2015/01/09,44.55,45.22,43.59,43.59,1955280,44.41
2015/01/12,43.03,43.05,40.93,42.34,1413349,41.99
2015/01/13,42.22,45.12,42.16,44.53,2203917,43.64
2015/01/14,44.68,44.92,43.92,44.64,1838880,44.42
2015/01/15,44.53,45.57,43.78,44.49,1787865,44.68
2015/01/16,44.37,44.82,43.99,44.40,1136107,44.41
2015/01/19,44.05,45.36,43.03,44.53,2198808,44.20
2015/01/20,44.52,46.36,44.38,46.18,3216696,45.37
2015/01/21,46.03,46.57,45.73,46.05,3268977,46.15
2015/01/22,46.05,46.93,46.05,46.78,1914449,46.49
2015/01/23,47.35,47.44,46.42,46.75,2311789,46.93
2015/01/26,46.48,48.64,46.35,48.30,3184444,47.50
2015/01/27,48.36,48.58,47.28,48.31,2186574,47.93
2015/01/28,48.28,48.67,47.40,47.50,1535662,48.04
2015/01/29,47.19,47.77,46.92,47.14,1334648,47.35
2015/01/30,46.50,47.23,45.97,46.33,1162913,46.60
2015/02/02,45.85,47.01,45.81,46.75,1043945,46.41
2015/02/03,46.75,47.34,46.59,47.07,1063086,46.97
2015/02/04,47.10,47.95,46.95,47.23,1552808,47.45
2015/02/05,47.08,47.80,45.93,46.00,1565009,46.86
2015/02/06,46.32,46.32,44.23,44.34,1225465,45.27
2015/02/09,43.92,44.55,43.65,44.19,535791,44.10
2015/02/10,44.50,44.73,43.87,44.62,803947,44.30
2015/02/11,44.59,45.69,44.59,45.48,742424,45.14
2015/02/12,45.48,47.37,45.40,46.95,1854369,46.38
2015/02/13,46.99,48.40,46.99,47.79,2475889,47.70
2015/02/16,47.98,49.30,47.94,49.17,2732495,48.62
2015/02/17,49.51,49.71,48.70,49.56,2457595,49.21
2015/02/25,49.66,51.03,49.33,49.54,3396047,50.18
2015/02/26,49.26,50.08,48.88,49.11,1744988,49.48
2015/02/27,49.21,50.05,49.18,49.90,2205620,49.61
2015/03/02,49.90,50.71,49.11,50.56,2312894,49.91
2015/03/03,53.38,55.51,53.38,55.51,7653296,54.45
2015/03/04,56.20,56.47,54.10,54.73,7536270,55.29
2015/03/05,54.94,56.08,54.45,55.44,6349682,55.27
2015/03/06,55.80,56.65,53.23,53.25,4745534,54.94
2015/03/09,53.22,53.92,52.05,53.77,2519735,52.98
2015/03/10,54.46,54.85,53.68,53.94,3506701,54.27
2015/03/11,53.53,53.91,52.57,53.13,2938111,53.24
2015/03/12,53.20,54.31,52.50,52.69,2419654,53.41
2015/03/13,52.68,53.95,52.24,53.95,2525741,53.10
2015/03/16,54.13,55.48,54.13,55.32,3974917,54.80
2015/03/17,55.59,55.63,54.43,54.70,3995010,55.03
2015/03/18,54.58,59.53,54.45,58.36,6933346,56.99
2015/03/19,57.87,58.30,56.65,57.28,4761523,57.47
2015/03/20,57.28,58.78,57.09,57.70,3820259,57.94
2015/03/23,58.30,60.12,57.57,60.12,5545972,58.84
2015/03/24,60.28,61.90,57.75,59.23,7667621,59.82
2015/03/25,61.93,65.05,61.93,64.69,14263222,63.49
2015/03/26,62.98,64.03,61.03,61.24,6914414,62.53
2015/03/27,61.03,61.84,59.92,61.18,3990244,60.88
2015/03/30,61.63,61.63,59.98,60.54,4133242,60.80
2015/03/31,60.57,61.30,60.16,60.63,4192781,60.73
2015/04/01,60.42,62.34,60.30,62.01,5532305,61.32
2015/04/02,62.02,63.52,61.63,63.13,4795397,62.58
2015/04/03,62.71,64.02,62.02,64.02,6556559,63.02
2015/04/07,64.20,65.52,63.28,64.27,7666236,64.40
2015/04/08,64.29,66.52,63.33,65.04,9293547,64.92
2015/04/09,65.88,66.73,59.95,62.79,7660619,63.34
2015/04/10,63.85,64.78,62.53,64.30,5967430,63.66
2015/04/13,64.45,70.63,64.45,68.85,8824757,67.54
2015/04/14,68.53,71.46,66.81,68.16,6783562,69.13
2015/04/15,67.93,67.95,63.36,63.60,5407694,65.66
2015/04/16,62.53,64.98,61.12,63.63,4399758,63.05
2015/04/17,65.71,68.01,64.48,65.17,5136822,66.25
2015/04/20,64.50,64.50,60.99,61.02,5686818,62.75
2015/04/21,61.48,64.26,61.48,64.15,3941322,62.87
2015/04/22,65.08,66.93,64.57,66.93,5043373,65.75
2015/04/23,66.96,67.33,65.38,65.61,5495547,66.35
2015/04/24,65.91,68.58,64.38,65.97,14713171,66.48
2015/04/27,66.03,67.38,63.78,64.20,13338950,65.58
2015/04/28,64.05,64.08,59.58,61.20,11729686,61.83
2015/04/29,60.12,62.73,59.88,62.19,6316320,61.30
2015/04/30,62.43,63.12,61.14,61.23,6481625,62.13
2015/05/04,61.23,61.86,59.88,60.99,5459708,60.87
2015/05/05,60.78,61.80,59.88,60.33,6059412,60.84
2015/05/06,60.42,61.56,59.55,59.97,6286601,60.55
2015/05/07,60.18,60.45,57.54,58.53,5425127,59.00
2015/05/08,58.59,61.92,58.59,61.86,7024049,60.26
2015/05/11,62.40,65.91,61.08,65.58,14819946,63.49
2015/05/12,65.61,65.85,63.63,65.04,12396707,64.74
2015/05/13,65.04,70.38,64.38,70.38,22485717,67.38
2015/05/14,69.18,71.13,68.34,69.27,14605968,69.73
2015/05/15,69.27,69.27,65.88,66.51,11765087,67.57
2015/05/18,65.88,69.09,65.13,68.88,12161477,67.11
2015/05/19,69.06,73.98,67.98,72.15,17126921,70.98
2015/05/20,70.68,79.23,70.68,78.72,25232236,74.96
2015/05/21,78.51,85.08,77.28,84.15,24668293,81.18
2015/05/22,84.15,85.77,79.38,81.36,18310778,82.57
2015/05/25,79.38,81.36,77.22,80.04,14336691,79.29
2015/05/26,79.98,83.88,79.53,82.71,14157312,81.70
2015/05/27,82.38,82.74,79.38,81.51,14618269,81.06
2015/05/28,81.42,85.29,77.28,78.27,17898016,81.29
2015/05/29,78.18,80.16,72.72,76.65,14144254,76.44
2015/06/01,76.35,82.02,76.35,81.42,12556994,79.18
2015/06/02,81.78,88.92,80.73,88.08,18954726,84.83
2015/06/03,87.09,88.65,82.38,85.08,15886164,85.52
2015/06/04,85.08,85.77,76.71,83.07,12671808,81.24
2015/06/05,83.07,88.80,83.07,87.36,21156168,85.93
2015/06/08,86.28,88.62,83.01,85.32,14843935,85.82
2015/06/09,85.08,92.52,83.28,90.06,19800695,87.90
2015/06/10,90.18,93.84,87.48,91.74,16415278,90.66
2015/06/11,91.38,93.42,88.86,92.07,11606564,91.14
2015/06/12,92.28,96.12,89.88,95.28,16666726,93.00
2015/06/15,96.42,100.98,94.38,95.07,15154011,97.68
2015/06/16,92.28,92.28,85.92,87.33,13227882,89.10
2015/06/17,87.12,91.23,82.38,89.37,11396333,86.80
2015/06/18,89.49,89.52,82.11,83.22,9046723,85.81
2015/06/19,83.13,86.52,79.08,79.71,9719327,82.80
2015/06/23,80.28,82.98,77.82,82.86,9218136,80.40
2015/06/24,83.55,88.32,83.55,88.05,11322402,85.93
2015/06/25,88.74,92.88,84.78,86.88,16014165,88.83
2015/06/26,82.38,85.98,78.33,78.33,11207246,82.16
2015/06/29,81.48,81.48,70.65,70.65,11446424,76.07
2015/06/30,68.28,75.39,63.72,74.43,13685008,69.55
2015/07/01,72.75,76.68,67.14,67.35,11712367,71.91
2015/07/02,67.08,68.88,60.75,60.75,11078045,64.81
2015/07/03,56.73,61.08,54.81,54.81,9912891,57.95
2015/07/06,60.12,60.12,49.47,50.49,13705211,54.79
2015/07/07,48.48,49.95,45.57,45.57,9799832,47.76
2015/07/08,48.48,49.95,45.57,45.57,0,47.76
2015/07/09,48.48,49.95,45.57,45.57,0,47.76
2015/07/10,48.48,49.95,45.57,45.57,0,47.76
2015/07/13,48.48,49.95,45.57,45.57,0,47.76
2015/07/14,48.48,49.95,45.57,45.57,0,47.76
2015/07/15,48.48,49.95,45.57,45.57,0,47.76
2015/07/16,48.48,49.95,45.57,45.57,0,47.76
2015/07/17,48.48,49.95,45.57,45.57,0,47.76
2015/07/20,49.98,49.98,49.98,49.98,209202,49.98
2015/07/21,54.84,54.84,54.84,54.84,329296,54.84
2015/07/22,60.18,60.18,60.18,60.18,3692316,60.18
2015/07/23,66.06,66.06,66.06,66.06,13035616,66.06
2015/07/24,70.38,72.54,68.88,72.54,28535811,70.71
2015/07/27,71.88,75.09,65.43,65.43,25074284,70.26
2015/07/28,63.12,69.45,59.13,64.08,17092348,64.29
2015/07/29,66.18,69.15,61.53,68.88,12874601,65.34
2015/07/30,67.29,73.32,66.12,66.33,15156250,69.72
2015/07/31,65.01,69.57,65.01,67.08,10762144,67.29
2015/08/03,64.98,67.14,60.54,61.47,8280995,63.84
2015/08/04,61.98,67.47,61.80,67.38,8010253,64.63
2015/08/05,67.41,69.15,64.44,65.58,9231273,66.80
2015/08/06,63.75,65.88,62.88,64.53,4630600,64.38
2015/08/07,65.58,67.20,65.10,66.48,6525199,66.15
2015/08/10,67.32,71.25,66.57,69.51,10642273,68.91
2015/08/11,69.57,70.83,68.58,69.24,9849266,69.70
2015/08/12,67.98,71.43,67.44,69.27,7155115,69.44
2015/08/13,68.88,70.53,67.71,70.38,7439923,69.12
2015/08/14,71.37,71.37,69.00,69.12,7455302,70.19
2015/08/17,68.58,69.42,67.11,68.67,6547419,68.27
2015/08/18,68.52,69.33,61.95,62.43,8654237,65.64
2015/08/19,60.96,64.35,58.38,62.76,7464549,61.36
2015/08/20,64.98,67.08,62.88,63.42,8824911,64.98
2015/08/21,61.98,63.39,58.47,58.68,6131031,60.93
2015/08/24,56.28,57.78,52.95,52.95,5793885,55.37
2015/08/25,48.36,49.95,47.79,47.79,9745175,48.87
2015/08/26,48.75,52.44,46.68,51.06,14146115,49.56
2015/08/27,52.35,56.04,51.06,56.04,11654895,53.55
2015/08/28,57.48,59.58,55.98,58.62,11563745,57.78
2015/08/31,58.38,58.38,55.38,55.41,7086731,56.88
2015/09/01,54.42,55.20,50.88,51.30,7165639,53.04
2015/09/02,48.33,54.63,46.44,54.03,9645227,50.54
2015/09/07,55.05,57.96,52.68,53.22,8168931,55.32
2015/09/08,52.74,58.41,51.63,58.41,6990011,55.02
2015/09/09,57.78,61.17,57.30,60.42,16995488,59.23
2015/09/10,58.98,63.45,58.26,59.52,14742211,60.86
2015/09/11,60.09,61.05,57.27,59.13,7560562,59.16
2015/09/14,59.28,59.52,53.37,53.37,6456887,56.45
2015/09/15,50.58,52.68,48.18,48.30,6335701,50.43
2015/09/16,48.81,52.98,48.81,52.98,5475309,50.89
2015/09/17,53.58,54.93,52.05,52.05,6297914,53.49
2015/09/18,52.08,53.13,51.36,52.59,3309457,52.25
2015/09/21,51.99,57.69,51.87,56.88,7204557,54.78
2015/09/22,56.85,58.65,56.34,56.82,6322063,57.50
2015/09/23,55.98,61.32,55.44,59.28,7508211,58.38
2015/09/24,59.25,60.42,58.41,59.28,5573620,59.41
2015/09/25,58.98,61.38,57.78,58.35,5877452,59.58
2015/09/28,58.35,59.82,56.49,59.67,4286130,58.16
2015/09/29,59.73,61.50,58.83,59.52,5217617,60.16
2015/09/30,59.58,60.15,57.99,59.13,3344208,59.07
2015/10/08,60.78,64.92,60.78,64.11,7641093,62.85
2015/10/09,63.06,68.55,63.06,67.56,10312257,65.80
2015/10/12,67.83,70.98,67.83,69.84,7564880,69.41
2015/10/13,76.68,76.68,73.38,74.07,29266296,75.03
2015/10/14,73.92,77.82,73.71,74.25,15480489,75.76
2015/10/15,73.71,77.73,73.02,76.89,10769159,75.38
2015/10/16,77.82,78.63,74.88,76.59,8102511,76.75
2015/10/19,76.59,77.94,74.25,75.03,7936008,76.09
2015/10/20,74.94,76.35,73.38,75.84,8282041,74.86
2015/10/21,76.38,78.90,70.02,70.65,14709235,74.46
2015/10/22,70.14,74.37,70.02,73.53,8517731,72.20
2015/10/23,74.28,75.18,71.88,74.49,7793696,73.53
2015/10/26,75.78,75.78,72.45,73.80,7930485,74.12
2015/10/27,73.62,80.19,72.18,79.20,13771590,76.19
2015/10/28,78.09,79.89,76.71,78.39,9776842,78.30
2015/10/29,80.04,83.28,77.64,78.12,18546751,80.46
2015/10/30,77.34,78.78,75.45,76.41,8007142,77.12
2015/11/02,74.88,79.98,74.28,76.56,10465397,77.13
2015/11/03,76.29,77.91,75.78,76.29,6652418,76.84
2015/11/04,77.04,80.16,76.92,80.04,9238400,78.54
2015/11/05,80.58,84.69,80.04,82.65,10716535,82.37
2015/11/06,83.19,84.72,81.96,83.88,7729121,83.34
2015/11/09,82.83,85.50,81.36,84.27,8439209,83.43
2015/11/10,83.73,88.26,82.83,84.72,6926828,85.55
2015/11/11,84.27,86.13,83.37,85.14,7261938,84.75
2015/11/12,85.95,86.04,82.38,83.76,7648620,84.21
2015/11/13,82.68,83.28,79.98,80.55,7513128,81.63
2015/11/16,79.14,82.92,78.78,82.83,5436619,80.85
2015/11/17,83.64,84.18,80.88,81.03,7316531,82.53
2015/11/18,81.09,81.24,77.82,78.03,6430636,79.53
2015/11/19,78.90,81.78,78.00,81.57,6120131,79.89
2015/11/20,82.92,84.30,81.78,83.49,7217570,83.04
2015/11/23,84.69,84.69,81.18,81.36,5870755,82.94
2015/11/24,80.91,83.94,79.38,83.82,5364093,81.66
2015/11/25,83.52,87.03,83.28,85.77,8358445,85.16
2015/11/26,86.82,88.38,83.34,83.94,8607425,85.86
2015/11/27,82.92,84.75,79.44,79.86,7509103,82.09
2015/11/30,80.01,80.28,74.61,78.18,7855747,77.45
2015/12/01,79.02,81.18,78.21,79.56,5985363,79.70
2015/12/02,80.19,80.19,75.69,78.27,4378392,77.94
2015/12/03,78.24,79.74,77.88,79.74,3181264,78.81
2015/12/04,79.41,82.26,79.26,80.28,5640238,80.76
2015/12/07,80.70,81.30,79.23,80.55,3852999,80.27
2015/12/08,80.52,80.52,77.31,77.76,4250828,78.91
2015/12/09,77.64,78.06,76.38,77.52,4101853,77.22
2015/12/10,77.61,78.90,76.86,78.12,3927766,77.88
2015/12/11,77.79,79.68,76.38,79.02,4354587,78.03
2015/12/14,77.40,80.37,76.68,80.04,3712546,78.53
2015/12/15,80.13,82.32,79.86,81.36,5874415,81.09
2015/12/16,81.66,82.62,80.88,82.08,5242269,81.75
2015/12/17,82.62,84.33,81.99,84.18,7004659,83.16
2015/12/18,84.78,85.98,83.40,85.35,8131407,84.69
2015/12/21,85.29,86.46,84.42,85.35,6010419,85.44
2015/12/22,85.98,85.98,82.50,83.85,7615410,84.24
2015/12/23,83.25,84.48,82.56,82.83,5104712,83.52
2015/12/24,83.58,84.78,82.08,84.18,4788920,83.43
2015/12/25,84.24,85.08,82.89,83.43,3396387,83.98
2015/12/28,83.76,86.43,82.98,83.34,9828515,84.71
2015/12/29,83.13,83.55,81.48,83.07,4979120,82.52
2015/12/30,83.19,87.03,83.10,86.70,8694617,85.06
2015/12/31,87.03,87.48,84.21,84.78,7424934,85.84
2016/01/04,83.46,84.63,76.44,76.44,6629445,80.53
2016/01/05,71.94,76.02,69.81,73.05,8996237,72.91
2016/01/06,73.38,74.52,70.62,73.89,8546537,72.57
2016/01/07,72.33,72.33,66.63,66.63,1729675,69.48
2016/01/08,67.50,68.49,61.74,66.63,8767471,65.11
2016/01/11,64.38,66.54,62.19,62.49,6232611,64.37
2016/01/12,62.58,66.51,61.68,65.37,5576235,64.10
2016/01/13,65.52,66.15,62.01,62.34,4369513,64.08
2016/01/14,60.48,65.52,59.88,64.86,4808067,62.70
2016/01/15,64.32,64.86,61.20,61.56,4463302,63.03
2016/01/18,59.67,64.38,59.67,62.94,4439148,62.02
2016/01/19,62.73,65.70,62.34,65.43,5213387,64.02
2016/01/20,64.47,66.03,63.18,64.23,5507224,64.61
2016/01/21,63.48,66.45,63.21,63.39,6795605,64.83
2016/01/22,64.41,65.43,61.50,64.53,3964371,63.47
2016/01/25,66.15,66.60,64.71,65.16,4558155,65.65
2016/01/26,64.38,67.68,60.87,61.47,8607760,64.28
2016/01/27,62.49,65.37,60.21,65.25,8107339,62.79
2016/01/28,64.08,66.48,62.31,63.51,5613757,64.40
2016/01/29,64.98,69.63,63.78,69.09,9346850,66.70
2016/02/01,67.83,74.88,67.68,72.24,10535386,71.28
2016/02/02,72.21,76.98,70.68,74.82,10098163,73.83
2016/02/03,73.23,74.58,70.98,72.90,7037767,72.78
2016/02/04,73.26,74.82,72.48,74.43,6827691,73.65
2016/02/05,74.58,75.00,70.08,70.14,7211345,72.54
2016/02/15,68.04,71.70,67.53,71.19,5197111,69.62
2016/02/16,71.28,74.70,70.92,74.07,6612538,72.81
2016/02/17,74.10,75.93,72.93,75.93,7362302,74.43
2016/02/18,76.38,79.32,76.38,77.07,10171414,77.85
2016/02/19,76.68,79.98,76.08,76.71,6929528,78.03
2016/02/22,77.67,79.65,76.77,78.51,5984400,78.21
2016/02/23,78.57,78.63,76.11,77.94,5255174,77.37
2016/02/24,76.86,79.83,75.87,79.77,7354108,77.85
2016/02/25,79.38,79.38,71.94,71.94,8824411,75.66
2016/02/26,72.66,74.94,70.44,72.09,7045243,72.69
2016/02/29,72.00,72.72,65.01,65.97,7516839,68.87
2016/03/01,65.97,68.52,64.20,67.62,5405296,66.36
2016/03/02,67.17,72.15,67.02,71.70,7245028,69.59
2016/03/03,71.28,73.98,70.86,71.31,6411716,72.42
2016/03/04,71.37,71.43,66.09,66.90,6902789,68.76
2016/03/07,68.04,69.75,67.41,68.07,3806526,68.58
2016/03/08,67.26,69.99,64.08,69.00,6440429,67.03
2016/03/09,68.22,68.58,66.48,67.35,3951056,67.53
2016/03/10,67.56,67.98,65.01,65.31,3527060,66.50
2016/03/11,64.41,67.17,64.08,66.15,3388015,65.63
2016/03/14,67.11,70.20,66.78,69.18,4677183,68.49
2016/03/15,69.03,71.28,68.31,70.08,3965897,69.80
2016/03/16,70.14,70.65,68.28,69.18,3768032,69.47
2016/03/17,69.48,73.23,69.33,72.78,6931490,71.28
2016/03/18,73.44,75.57,73.17,75.33,7587906,74.37
2016/03/21,76.68,77.70,75.42,76.71,6860908,76.56
2016/03/22,75.78,77.76,74.94,76.71,6019792,76.35
2016/03/23,76.29,76.83,74.91,76.08,4443433,75.87
2016/03/24,75.27,77.28,74.64,75.78,5140768,75.96
2016/03/25,75.51,77.22,75.24,77.01,4512717,76.23
2016/03/28,77.58,80.49,77.43,78.00,6629757,78.96
2016/03/29,78.18,79.38,74.61,75.63,5202600,76.99
2016/03/30,76.62,80.73,76.26,80.58,7096194,78.50
2016/03/31,81.27,81.69,78.60,79.02,12044705,80.14
2016/04/01,78.66,79.68,75.78,77.43,6785664,77.73
2016/04/05,79.32,85.05,79.32,85.05,15526129,82.18
2016/04/06,85.47,87.48,83.88,85.98,16708509,85.68
2016/04/07,85.89,89.19,84.21,87.15,13395002,86.70
2016/04/08,85.62,95.19,85.62,91.47,20184569,90.41
2016/04/11,92.85,100.47,91.38,100.47,15915509,95.92
2016/04/12,105.48,107.28,99.54,103.26,32844738,103.41
2016/04/13,101.28,106.95,100.56,104.13,18216265,103.76
2016/04/14,104.58,105.99,101.64,105.33,14586583,103.81
2016/04/15,104.88,110.88,102.87,104.58,20131375,106.88
2016/04/18,103.08,107.58,101.79,104.16,13825879,104.69
2016/04/19,104.85,105.36,101.58,102.42,12015910,103.47
2016/04/20,102.63,103.98,92.46,96.39,19588979,98.22
2016/04/21,96.12,98.07,92.58,93.33,12632623,95.32
2016/04/22,92.58,97.95,92.31,96.12,12716420,95.13
2016/04/25,96.18,97.89,94.14,97.20,8862011,96.02
2016/04/26,94.11,96.99,92.97,96.78,12225971,94.98
2016/04/27,96.48,99.06,93.45,93.57,11045190,96.26
2016/04/28,93.36,93.57,89.61,92.40,9373509,91.59
2016/04/29,91.38,94.23,91.26,92.22,6533889,92.75
2016/05/03,92.52,97.86,91.41,97.44,11552121,94.63
2016/05/04,97.38,102.78,96.21,100.74,16965141,99.49
2016/05/05,99.93,101.01,98.28,99.24,9845665,99.65
2016/05/06,99.48,101.16,90.99,91.23,14252989,96.07
2016/05/09,89.88,90.75,87.72,88.08,8297070,89.23
2016/05/10,88.26,89.52,86.58,88.08,5907753,88.05
2016/05/11,88.77,89.28,86.31,88.08,6426489,87.80
2016/05/12,86.28,90.72,84.96,90.06,8197342,87.84
2016/05/13,89.31,92.58,89.31,90.78,8369584,90.95
2016/05/16,89.55,94.80,89.55,94.68,8663347,92.17
2016/05/17,93.78,96.18,93.24,93.66,8109420,94.71
2016/05/18,93.27,95.13,91.68,92.31,7009832,93.41
2016/05/19,92.43,101.31,92.43,97.38,17358839,96.87
2016/05/20,97.59,106.02,96.45,103.38,18906050,101.23
2016/05/23,106.68,113.49,105.78,111.18,26387898,109.63
2016/05/24,109.38,109.38,103.53,106.83,17267500,106.45
2016/05/25,107.43,111.63,106.41,107.58,13052298,109.02
2016/05/26,108.18,112.47,102.81,110.91,11871291,107.64
2016/05/27,110.10,111.93,106.98,107.34,9503323,109.46
2016/05/30,105.72,110.46,104.43,106.38,7090496,107.45
2016/05/31,107.55,115.89,106.92,112.98,14397138,111.41
2016/06/01,113.19,115.62,111.12,114.18,13049823,113.37
2016/06/02,113.28,114.96,110.91,113.28,10211769,112.93
2016/06/03,113.31,118.59,109.32,109.32,16626829,113.95
2016/06/06,107.88,110.25,107.28,110.07,9420736,108.77
2016/06/07,109.98,109.98,106.71,109.68,7625522,108.34
2016/06/08,109.62,112.80,108.18,110.88,9387550,110.49
2016/06/13,109.74,116.28,108.81,110.88,15567262,112.55
2016/06/14,110.28,111.48,104.55,106.62,10719899,108.02
2016/06/15,104.85,115.83,104.22,112.83,11297200,110.02
2016/06/16,112.68,120.03,111.78,116.28,14172500,115.91
2016/06/17,116.52,118.95,115.11,117.33,9695714,117.03
2016/06/20,117.48,118.11,113.73,116.61,7507149,115.92
2016/06/21,117.75,122.25,111.30,112.77,12041259,116.77
2016/06/22,111.57,113.76,109.92,113.52,7237011,111.84
2016/06/23,113.58,114.36,107.52,110.28,7858567,110.94
2016/06/24,109.05,112.35,105.48,109.92,7988450,108.91
2016/06/27,109.71,114.18,109.68,114.03,8090788,111.93
2016/06/28,113.28,115.68,112.08,114.33,6934152,113.88
2016/06/29,114.42,114.87,112.38,113.52,5570579,113.63
2016/06/30,114.12,117.99,112.38,117.42,12076174,115.18
2016/07/01,117.12,117.72,113.49,114.00,7184546,115.60
2016/07/04,112.14,113.46,109.68,112.92,10172644,111.57
2016/07/05,112.77,112.77,110.28,111.12,6997961,111.52
2016/07/06,110.31,111.12,108.93,110.97,6925266,110.03
2016/07/07,110.28,112.53,109.38,111.93,6514915,110.95
2016/07/08,111.96,113.25,109.98,111.12,5458692,111.62
2016/07/11,112.68,115.56,111.21,112.23,7761623,113.38
2016/07/12,112.95,112.95,108.24,109.98,7530272,110.59
2016/07/13,109.98,111.33,109.53,110.73,4761170,110.43
2016/07/14,111.06,113.58,110.58,112.26,4878885,112.08
2016/07/15,112.83,116.97,111.51,115.23,9733410,114.24
2016/07/18,116.13,117.78,113.61,115.95,9076243,115.70
2016/07/19,115.14,121.02,113.82,120.54,14090520,117.42
2016/07/20,120.66,120.66,117.21,118.53,8479887,118.93
2016/07/21,117.78,118.68,115.56,115.62,7514993,117.12
2016/07/22,115.68,118.56,114.48,114.78,5472693,116.52
2016/07/25,114.33,114.33,110.37,111.48,8694749,112.35
2016/07/26,111.21,120.78,110.58,119.28,12579700,115.68
2016/07/27,117.87,119.55,108.21,111.33,13999900,113.88
2016/07/28,110.28,114.69,109.11,113.40,8629600,111.90
2016/07/29,113.79,121.08,111.81,119.07,15305566,116.45
2016/08/01,118.68,123.33,115.74,120.15,16618790,119.53
2016/08/02,118.08,118.23,114.30,116.82,10921484,116.27
2016/08/03,116.28,124.08,115.41,123.36,17228236,119.74
2016/08/04,123.33,125.25,121.38,123.21,15736130,123.31
2016/08/05,124.95,124.95,117.81,118.17,12592219,121.38
2016/08/08,116.52,119.58,115.08,118.47,6992443,117.33
