Date, SZ002664.Open, SZ002664.High, SZ002664.Low, SZ002664.Close, SZ002664.Volume, SZ002664.Adjusted
2012/03/16,28.88,29.00,22.50,22.50,8020857,25.75
2012/03/19,20.50,23.69,20.49,22.16,15979462,21.55
2012/03/20,21.55,21.59,20.55,20.59,8664254,20.91
2012/03/21,20.63,20.76,19.05,19.54,7079115,19.81
2012/03/22,19.45,20.09,19.28,19.77,4674522,19.72
2012/03/23,19.65,20.68,19.16,20.49,7027191,20.10
2012/03/26,20.47,21.26,20.28,21.10,6966122,20.95
2012/03/27,21.38,21.38,20.00,20.10,5420742,20.53
2012/03/28,19.70,19.70,18.09,18.09,5047313,18.74
2012/03/29,17.55,17.94,17.15,17.53,3426133,17.51
2012/03/30,17.54,17.82,16.30,16.61,3210057,17.09
2012/04/05,16.61,17.15,16.61,17.10,2313265,16.96
2012/04/06,16.99,17.72,16.73,17.62,3386274,17.38
2012/04/09,17.58,17.85,17.32,17.43,2041639,17.55
2012/04/10,17.38,18.56,17.38,18.53,4257196,18.03
2012/04/11,18.09,18.57,17.91,18.19,2991985,18.23
2012/04/12,18.30,18.42,17.83,18.23,2549205,18.15
2012/04/13,18.22,18.52,18.14,18.38,2470137,18.36
2012/04/16,18.30,18.30,17.66,17.68,2408408,17.89
2012/04/17,17.18,17.56,17.15,17.30,1932035,17.30
2012/04/18,17.18,17.56,17.15,17.30,0,17.35
2012/04/19,17.80,19.03,17.77,19.03,3317828,18.65
2012/04/20,19.60,20.93,19.50,20.93,11891845,20.15
2012/04/23,20.70,20.70,19.80,20.18,7330574,20.25
2012/04/24,19.96,22.20,19.91,22.16,11987334,21.44
2012/04/25,21.60,22.05,21.03,21.90,7496027,21.56
2012/04/26,21.45,21.89,20.20,20.29,6712285,20.70
2012/04/27,20.19,20.99,19.82,20.31,4657776,20.47
2012/05/02,20.72,22.34,20.31,22.34,8315470,21.65
2012/05/03,22.52,24.00,22.00,22.62,9564295,22.94
2012/05/04,22.21,24.80,22.21,24.00,8638849,23.26
2012/05/07,23.41,24.87,23.10,24.03,6780545,23.98
2012/05/08,23.75,24.65,23.23,23.30,6249969,23.78
2012/05/09,22.78,23.79,22.49,23.48,5289144,23.13
2012/05/10,23.40,24.02,22.58,22.63,5387005,23.30
2012/05/11,22.59,22.88,21.45,21.60,5054716,22.00
2012/05/14,21.90,22.48,21.76,21.94,4186805,22.09
2012/05/15,21.75,21.75,21.01,21.61,3852443,21.35
2012/05/16,21.66,22.18,21.40,21.73,3544732,21.80
2012/05/17,21.62,23.87,21.62,23.31,7378619,23.08
2012/05/18,22.83,23.25,22.22,22.39,4869570,22.65
2012/05/21,22.29,22.29,21.10,21.42,3839194,21.54
2012/05/22,21.46,21.99,21.46,21.86,2722299,21.73
2012/05/23,21.78,21.78,21.02,21.25,3334852,21.33
2012/05/24,21.18,21.66,21.11,21.21,2204854,21.38
2012/05/25,21.20,21.40,19.80,19.93,3793463,20.42
2012/05/28,19.61,20.42,18.86,20.33,2672487,19.76
2012/05/29,20.19,20.73,19.95,20.70,3016938,20.37
2012/05/30,20.73,21.10,20.45,20.71,2218284,20.73
2012/05/31,20.72,21.00,20.35,20.73,2106459,20.66
2012/06/01,20.61,20.92,20.00,20.00,1805413,20.37
2012/06/04,20.61,20.92,20.00,20.00,0,20.46
2012/06/05,19.30,19.40,19.00,19.09,1996949,19.17
2012/06/06,19.01,19.78,19.01,19.37,1463611,19.50
2012/06/07,19.70,19.76,18.55,18.65,1803348,19.08
2012/06/08,18.94,18.99,18.60,18.70,1352483,18.78
2012/06/11,18.73,19.28,18.58,19.15,1340384,18.92
2012/06/12,18.85,20.69,18.83,20.02,4373397,19.89
2012/06/13,19.85,20.31,19.65,20.23,2760521,19.94
2012/06/14,20.05,21.26,19.95,21.02,5491273,20.76
2012/06/15,20.80,21.24,20.23,20.68,3331097,20.72
2012/06/18,20.89,21.04,20.08,20.76,4299964,20.51
2012/06/19,20.65,21.24,20.45,20.81,3280648,20.83
2012/06/20,20.84,21.80,20.46,21.52,5561265,21.19
2012/06/21,21.35,21.79,20.74,20.98,3407099,21.18
2012/06/25,20.82,20.82,19.36,19.42,2485110,20.13
2012/06/26,19.40,20.35,19.26,19.63,2750888,19.80
2012/06/27,19.45,20.20,18.95,19.70,2721527,19.62
2012/06/28,19.53,19.87,19.05,19.10,2303371,19.34
2012/06/29,18.94,19.41,18.64,19.35,2242431,19.02
2012/07/02,19.49,20.15,19.35,19.95,2959031,19.77
2012/07/03,19.98,21.19,19.84,20.91,5241221,20.60
2012/07/04,20.84,21.01,20.35,20.65,3405817,20.61
2012/07/05,20.45,21.49,20.15,21.40,5383561,20.89
2012/07/06,21.35,21.74,20.86,21.67,5110524,21.29
2012/07/09,21.48,21.59,20.27,20.41,3998984,20.86
2012/07/10,20.38,20.63,19.75,19.94,2207051,20.03
2012/07/11,19.92,20.31,19.57,20.30,1494980,19.99
2012/07/12,20.21,21.44,19.86,21.19,3302132,20.65
2012/07/13,20.95,21.57,20.62,20.62,3427758,21.09
2012/07/16,20.48,20.51,18.56,18.56,4145862,19.19
2012/07/17,18.05,18.73,17.93,18.71,1705165,18.34
2012/07/18,18.53,18.70,18.03,18.61,1555528,18.25
2012/07/19,18.50,19.30,18.39,19.24,2400123,18.97
2012/07/20,19.05,19.20,18.77,18.78,1544813,18.92
2012/07/23,18.63,18.87,18.28,18.66,1136753,18.50
2012/07/24,18.51,19.16,18.48,18.97,1022960,18.85
2012/07/25,18.95,19.39,18.76,18.97,1340411,18.99
2012/07/26,19.29,19.29,18.56,18.62,928387,18.88
2012/07/27,18.64,18.84,17.75,17.90,2011294,18.08
2012/07/30,17.99,18.15,17.36,17.45,1110953,17.61
2012/07/31,17.38,17.62,17.11,17.20,879374,17.25
2012/08/01,17.07,17.70,17.07,17.54,948283,17.47
2012/08/02,17.54,17.60,17.13,17.26,764859,17.26
2012/08/03,17.31,17.93,17.28,17.92,1414929,17.63
2012/08/06,17.68,18.40,17.68,18.35,1580442,18.05
2012/08/07,18.28,18.55,18.18,18.45,1631117,18.30
2012/08/08,18.45,18.45,17.91,18.10,1161835,18.10
2012/08/09,18.09,18.90,18.05,18.68,1959810,18.51
2012/08/10,18.65,19.19,18.65,18.79,1910878,18.85
2012/08/13,18.73,18.98,18.41,18.45,1114629,18.66
2012/08/14,18.45,19.75,18.25,19.61,3883263,19.25
2012/08/15,19.43,19.73,19.30,19.48,2272492,19.50
2012/08/16,19.49,19.67,19.17,19.57,2142271,19.48
2012/08/17,19.23,19.23,18.67,18.94,2036510,18.88
2012/08/20,18.65,19.12,18.61,18.77,1163590,18.84
2012/08/21,18.77,19.34,18.67,19.04,1800061,19.00
2012/08/22,19.05,19.70,18.95,19.51,2870606,19.40
2012/08/23,19.47,20.15,19.27,19.97,3475607,19.74
2012/08/24,19.79,20.19,19.63,19.72,1924431,19.78
2012/08/27,19.60,19.87,18.75,19.72,1419610,19.43
2012/08/28,19.70,20.23,19.46,20.05,2638846,19.95
2012/08/29,19.95,20.34,19.86,20.09,2536684,20.10
2012/08/30,20.10,20.53,19.35,20.45,2657742,19.90
2012/08/31,20.45,21.36,20.30,20.94,3635167,20.88
2012/09/03,20.90,21.31,20.71,21.25,2155298,21.01
2012/09/04,21.25,21.50,20.95,20.98,2498297,21.15
2012/09/05,20.85,21.73,20.65,21.65,2274400,21.34
2012/09/06,21.70,21.77,21.40,21.64,1319113,21.55
2012/09/07,21.67,22.00,21.35,21.73,2060822,21.67
2012/09/10,21.62,22.33,21.56,22.30,2215633,21.93
2012/09/11,22.28,23.35,22.04,23.24,3519675,22.87
2012/09/12,23.05,23.98,22.65,23.58,2392765,23.27
2012/09/13,23.35,23.66,22.93,22.93,1235593,23.22
2012/09/14,23.04,23.57,22.41,22.67,1182718,22.73
2012/09/17,22.47,22.95,21.67,21.84,842807,22.26
2012/09/18,21.80,22.34,21.70,22.28,1046493,21.90
2012/09/19,22.05,22.43,22.03,22.25,491408,22.16
2012/09/20,22.15,22.17,20.75,20.83,1140165,21.27
2012/09/21,20.83,21.27,20.47,20.78,703970,20.79
2012/09/24,20.55,22.10,20.40,22.10,1298221,21.60
2012/09/25,22.25,22.25,21.76,22.25,928063,22.02
2012/09/26,22.32,22.35,21.47,21.60,618717,21.83
2012/09/27,21.21,22.50,21.21,22.45,1169536,22.08
2012/09/28,22.38,22.73,22.16,22.37,917014,22.38
2012/10/08,22.46,23.17,22.30,22.76,891761,22.78
2012/10/09,22.71,23.10,22.48,22.95,799687,22.80
2012/10/10,22.87,23.61,22.76,23.01,1577945,23.21
2012/10/11,22.82,22.98,21.85,21.98,1605500,22.30
2012/10/12,22.07,22.16,20.78,21.25,2144904,21.26
2012/10/15,21.25,22.53,21.05,22.50,1405175,21.78
2012/10/16,22.57,22.91,22.36,22.55,1030060,22.57
2012/10/17,22.33,22.72,21.85,22.27,685421,22.07
2012/10/18,22.34,22.93,22.25,22.62,945991,22.62
2012/10/19,22.62,22.70,21.68,21.91,1073515,21.95
2012/10/22,21.69,22.75,21.69,22.00,1183528,22.21
2012/10/23,21.80,22.00,21.20,21.21,1166179,21.38
2012/10/24,21.07,21.65,21.06,21.35,444424,21.34
2012/10/25,21.35,21.65,21.21,21.61,433002,21.38
2012/10/26,21.64,21.99,20.95,21.05,762779,21.14
2012/10/29,20.88,21.45,20.86,21.26,736563,21.28
2012/10/30,21.26,21.65,21.26,21.53,435552,21.40
2012/10/31,21.59,22.03,21.48,21.99,805804,21.80
2012/11/01,22.22,22.37,21.90,22.31,893601,22.12
2012/11/02,22.33,22.49,22.12,22.31,500218,22.24
2012/11/05,22.31,22.50,22.10,22.50,594335,22.25
2012/11/06,22.53,23.20,22.42,22.95,1498361,22.79
2012/11/07,22.90,23.14,22.44,22.45,781467,22.66
2012/11/08,22.40,22.40,21.56,21.61,872171,21.90
2012/11/09,21.55,22.17,21.48,22.01,607927,21.91
2012/11/12,21.88,22.20,21.57,22.00,448790,21.77
2012/11/13,21.99,22.19,21.50,21.65,473708,21.74
2012/11/14,21.51,21.97,21.51,21.90,459972,21.75
2012/11/15,21.66,21.68,20.95,20.96,706103,21.18
2012/11/16,20.89,21.32,20.89,21.02,493655,21.09
2012/11/19,20.91,21.35,20.91,21.21,485690,21.11
2012/11/20,21.35,21.52,20.65,20.74,562477,20.89
2012/11/21,20.65,21.15,20.45,20.90,664502,20.60
2012/11/22,20.83,20.85,20.01,20.01,805733,20.24
2012/11/23,20.01,20.32,19.80,20.15,475242,20.01
2012/11/26,20.15,20.15,19.69,19.75,362681,19.85
2012/11/27,19.75,19.85,19.07,19.35,507096,19.24
2012/11/28,19.26,19.34,18.67,18.87,273291,18.89
2012/11/29,18.87,19.15,18.56,18.97,238192,18.86
2012/11/30,18.97,19.40,18.66,19.35,304866,19.16
2012/12/03,19.18,19.39,18.74,18.75,400063,18.97
2012/12/04,18.58,19.14,18.40,19.13,262197,18.73
2012/12/05,19.05,20.17,18.90,19.97,654058,19.82
2012/12/06,19.93,20.14,19.76,19.95,380714,19.93
2012/12/07,20.11,20.32,19.78,20.14,390749,20.11
2012/12/10,20.32,20.33,20.03,20.26,475148,20.11
2012/12/11,20.14,20.22,19.75,19.87,417436,19.93
2012/12/12,20.00,20.30,19.80,20.25,347092,20.02
2012/12/13,20.17,20.23,19.60,19.61,360236,19.76
2012/12/14,19.55,20.91,19.55,20.73,800369,20.43
2012/12/17,20.55,20.79,20.34,20.58,451064,20.51
2012/12/18,20.51,21.19,20.35,20.74,684304,20.78
2012/12/19,20.73,20.97,20.50,20.77,545381,20.68
2012/12/20,20.58,22.01,20.58,21.72,1296008,21.51
2012/12/21,21.84,22.90,21.67,22.85,2801066,22.41
2012/12/24,22.89,23.42,22.49,23.38,2386369,22.97
2012/12/25,23.25,23.51,22.75,23.32,2220446,23.17
2012/12/26,23.16,24.63,22.96,24.23,2794303,23.97
2012/12/27,24.22,24.22,23.32,23.46,2370354,23.64
2012/12/28,23.36,25.68,23.25,25.33,3350904,24.55
2012/12/31,25.40,25.55,24.59,25.32,2688681,24.95
2013/01/04,25.05,25.99,24.68,25.58,2702597,25.30
2013/01/07,25.27,25.39,24.89,25.17,1802229,25.05
2013/01/08,25.06,25.50,24.47,24.85,2500936,24.91
2013/01/09,24.61,24.71,23.95,24.11,2581511,24.30
2013/01/10,24.03,24.35,23.57,24.02,2704040,23.85
2013/01/11,24.15,24.90,24.05,24.21,3442214,24.36
2013/01/14,24.29,26.11,24.07,25.90,4010601,25.21
2013/01/15,25.82,26.05,25.05,25.92,3156947,25.59
2013/01/16,25.75,25.80,24.66,25.25,2355673,25.22
2013/01/17,25.06,25.85,24.95,25.00,1612686,25.33
2013/01/18,24.99,25.39,24.70,24.96,1569077,25.06
2013/01/21,25.05,25.76,24.91,25.71,1603228,25.37
2013/01/22,25.71,25.79,23.14,23.65,3328958,24.35
2013/01/23,23.40,24.04,23.11,23.93,1518310,23.49
2013/01/24,23.75,24.13,23.25,23.35,1247029,23.58
2013/01/25,23.37,23.79,23.21,23.59,784785,23.48
2013/01/28,23.54,24.26,23.35,24.24,958433,23.99
2013/01/29,24.30,24.72,24.07,24.62,1283951,24.42
2013/01/30,24.61,24.85,24.04,24.35,931394,24.23
2013/01/31,24.38,24.38,23.47,23.73,887427,23.69
2013/02/01,23.65,24.01,23.38,23.56,864537,23.72
2013/02/04,23.45,23.88,22.50,22.68,1922559,22.83
2013/02/05,22.65,23.13,22.55,23.09,863170,22.93
2013/02/06,23.13,23.59,22.95,23.40,678359,23.28
2013/02/07,23.26,23.67,23.26,23.56,792816,23.37
2013/02/08,23.55,24.15,23.55,23.78,800747,23.84
2013/02/18,23.91,24.13,23.75,24.05,1118315,23.93
2013/02/19,24.06,24.12,23.06,23.29,911135,23.55
2013/02/20,23.25,24.15,23.10,24.09,1122588,23.81
2013/02/21,24.05,24.85,23.66,24.67,2033964,24.37
2013/02/22,24.41,24.75,24.26,24.62,1152633,24.45
2013/02/25,24.62,24.81,24.35,24.63,978510,24.56
2013/02/26,24.50,24.79,23.65,23.75,1052529,24.19
2013/02/27,23.75,24.05,23.35,23.59,782029,23.61
2013/02/28,23.45,24.15,23.45,24.04,720943,23.91
2013/03/01,24.24,24.93,24.05,24.75,1210275,24.62
2013/03/04,24.82,24.83,23.90,23.97,1157917,24.25
2013/03/05,24.13,24.57,23.98,24.54,753652,24.26
2013/03/06,24.65,25.62,24.65,25.22,1811488,25.25
2013/03/07,25.13,25.35,24.49,24.85,1299220,24.92
2013/03/08,24.95,24.95,24.20,24.35,756680,24.45
2013/03/11,24.55,24.62,24.06,24.36,446853,24.28
2013/03/12,24.35,24.63,22.80,23.45,1139719,23.60
2013/03/13,23.17,23.35,22.79,22.91,704798,22.96
2013/03/14,22.95,23.17,22.80,22.98,480998,22.89
2013/03/15,22.98,22.98,22.05,22.35,2062334,22.41
2013/03/18,22.15,23.33,22.13,23.05,1509185,22.92
2013/03/19,23.13,23.13,22.18,22.80,1002205,22.56
2013/03/20,22.70,23.40,22.50,23.28,1235755,22.97
2013/03/21,23.25,23.83,23.16,23.59,1306831,23.51
2013/03/22,23.45,24.50,23.35,24.22,1157511,23.88
2013/03/25,24.20,24.62,24.07,24.18,762753,24.24
2013/03/26,24.18,24.97,23.55,24.83,1288851,24.17
2013/03/27,24.74,24.85,23.80,24.18,1706963,24.32
2013/03/28,23.05,23.65,22.88,23.00,1393318,23.15
2013/03/29,23.00,23.32,22.91,23.10,508389,23.02
2013/04/01,23.10,23.44,22.95,23.13,533733,23.17
2013/04/02,23.15,23.28,22.45,22.55,768304,22.68
2013/04/03,22.82,22.82,22.36,22.55,593930,22.51
2013/04/08,22.40,23.00,22.07,22.98,411892,22.52
2013/04/09,23.02,23.61,22.87,23.27,873003,23.21
2013/04/10,23.27,23.27,22.67,22.85,870369,22.81
2013/04/11,22.90,22.94,22.25,22.55,535302,22.51
2013/04/12,22.55,22.72,22.37,22.39,313201,22.51
2013/04/15,22.40,22.62,21.61,21.62,595478,22.01
2013/04/16,21.51,22.24,21.15,22.15,398636,21.74
2013/04/17,22.17,22.17,21.69,22.01,427803,21.85
2013/04/18,21.85,22.49,21.82,22.30,489915,22.26
2013/04/19,22.41,23.05,22.23,22.92,1141312,22.72
2013/04/22,22.83,22.90,22.30,22.62,1239557,22.49
2013/04/23,22.48,22.60,21.55,21.71,1574896,22.07
2013/04/24,21.81,22.30,21.66,22.23,748040,21.93
2013/04/25,22.30,22.30,21.54,21.54,913584,21.83
2013/04/26,21.75,21.75,20.92,21.05,936914,21.18
2013/05/02,21.07,21.29,21.03,21.17,287989,21.11
2013/05/03,21.33,22.12,21.15,22.05,1140174,21.81
2013/05/06,22.03,23.15,22.03,22.69,1430691,22.52
2013/05/07,22.55,23.85,22.53,23.70,3070717,23.36
2013/05/08,23.70,24.10,23.40,23.86,2079430,23.80
2013/05/09,23.83,24.15,23.48,23.81,1543815,23.69
2013/05/10,23.65,24.64,23.43,23.75,1344237,23.77
2013/05/13,23.77,23.77,23.05,23.60,1452582,23.30
2013/05/14,23.64,23.64,22.99,23.30,841315,23.20
2013/05/15,23.34,24.02,23.20,23.93,1695564,23.58
2013/05/16,23.85,24.26,23.26,23.56,2226676,23.79
2013/05/17,23.46,24.06,23.29,24.02,2030581,23.67
2013/05/20,24.10,24.88,23.98,24.81,3741937,24.52
2013/05/21,24.88,24.90,24.25,24.68,3378730,24.49
2013/05/22,24.65,24.76,24.06,24.76,2180922,24.39
2013/05/23,24.61,25.85,24.59,25.23,3578514,25.36
2013/05/24,25.27,25.55,24.86,25.45,2034431,25.17
2013/05/27,25.51,25.71,24.55,25.04,3971146,24.91
2013/05/28,24.91,24.99,24.10,24.45,2856651,24.35
2013/05/29,24.30,24.99,24.18,24.69,2124705,24.59
2013/05/30,24.69,25.25,24.43,25.25,2390575,24.68
2013/05/31,25.13,25.73,25.01,25.07,1580725,25.05
2013/06/03,25.45,26.41,25.13,26.37,4479304,25.67
2013/06/04,26.25,26.90,25.76,26.58,4912752,26.14
2013/06/05,26.45,26.64,25.78,26.38,2290082,25.94
2013/06/06,26.22,26.35,25.75,26.15,1473878,25.74
2013/06/07,26.11,27.25,26.11,26.25,4392667,26.52
2013/06/13,25.51,25.70,24.05,25.63,2723288,24.51
2013/06/14,25.35,27.52,25.02,27.26,3859397,26.09
2013/06/17,27.05,27.64,26.81,26.83,3982572,26.92
2013/06/18,27.03,27.39,25.55,27.20,4172132,26.25
2013/06/19,26.72,27.10,26.00,26.96,2084744,26.43
2013/06/20,26.83,27.09,26.13,26.40,2656650,26.40
2013/06/21,25.75,26.32,25.05,25.67,2123086,25.53
2013/06/24,25.75,25.75,23.13,24.55,2453299,24.04
2013/06/25,24.00,24.70,22.38,24.55,2270047,23.62
2013/06/26,24.61,25.17,24.16,25.04,1938094,24.54
2013/06/27,24.86,25.35,23.30,24.74,2116832,24.25
2013/06/28,24.05,24.92,23.86,24.74,1312633,24.20
2013/07/01,24.61,25.60,24.34,25.60,1975745,25.05
2013/07/02,25.71,26.35,25.41,26.08,2077780,25.58
2013/07/03,26.09,26.25,25.42,26.25,1643477,25.54
2013/07/04,25.99,26.84,25.69,26.35,1915172,26.08
2013/07/05,26.36,26.59,25.80,26.19,1465198,25.93
2013/07/08,25.93,25.93,24.25,25.23,1264611,24.82
2013/07/09,24.98,25.47,24.89,25.44,702607,25.02
2013/07/10,25.25,25.94,25.25,25.83,1258749,25.42
2013/07/11,25.83,26.70,25.66,26.35,1904635,26.03
2013/07/12,26.35,26.75,26.06,26.15,1405836,26.16
2013/07/15,26.35,27.58,25.95,27.53,2660185,26.77
2013/07/16,27.53,29.15,27.31,29.10,4580971,28.05
2013/07/17,28.85,29.23,28.27,28.50,2281297,28.43
2013/07/18,28.50,29.00,27.85,28.41,1805210,28.08
2013/07/19,28.24,29.44,27.35,27.60,2775018,28.09
2013/07/22,27.05,28.25,26.76,28.25,1443383,27.40
2013/07/23,28.06,28.88,28.06,28.41,1346603,28.17
2013/07/24,28.55,28.95,27.75,28.95,1731536,28.15
2013/07/25,28.73,28.94,26.97,27.03,1909632,27.60
2013/07/26,27.04,27.25,25.75,26.40,1572485,26.22
2013/07/29,26.25,26.45,25.85,25.95,1046942,25.83
2013/07/30,25.85,26.19,25.08,25.75,1056460,25.39
2013/07/31,25.89,26.80,25.72,26.41,1583655,26.04
2013/08/01,26.53,27.06,26.37,26.96,1750378,26.55
2013/08/02,27.09,27.51,26.88,26.95,1682133,27.01
2013/08/05,26.96,27.62,26.95,27.47,1171442,27.05
2013/08/06,27.37,27.82,27.15,27.49,1041093,27.22
2013/08/07,27.42,28.12,27.16,27.75,1426342,27.34
2013/08/08,27.55,28.07,27.38,27.52,1465325,27.51
2013/08/09,27.43,27.69,26.57,27.20,1619753,26.79
2013/08/12,27.35,27.44,26.72,26.95,1565683,26.70
2013/08/13,27.05,27.48,26.78,27.33,1291607,27.01
2013/08/14,27.20,27.84,26.99,27.07,1048879,27.15
2013/08/15,26.98,27.07,26.38,26.39,1236375,26.42
2013/08/16,26.33,26.83,25.28,25.30,1321671,25.76
2013/08/19,24.85,26.04,24.85,25.90,1360867,25.27
2013/08/20,25.75,26.40,25.67,25.93,947700,25.84
2013/08/21,26.00,26.08,25.73,26.08,341369,25.65
2013/08/22,26.05,26.34,26.04,26.19,361402,25.93
2013/08/23,26.06,26.75,25.28,25.98,954157,25.81
2013/08/26,25.93,27.65,25.85,27.56,2551446,26.82
2013/08/27,27.45,27.99,27.14,27.96,1831222,27.38
2013/08/28,28.24,30.20,28.24,29.85,4608871,29.03
2013/08/29,29.36,30.00,29.26,29.82,1995549,29.44
2013/08/30,29.87,31.15,28.25,29.32,3597360,29.91
2013/09/02,29.33,31.75,29.33,31.25,2986062,30.38
2013/09/03,31.65,32.25,30.75,30.86,3496902,31.18
2013/09/04,30.85,31.39,30.39,30.60,1961739,30.66
2013/09/05,30.65,31.63,29.48,31.61,3510912,30.38
2013/09/06,31.63,34.61,31.15,33.40,3323114,33.03
2013/09/09,33.25,34.65,32.58,33.42,2673769,33.55
2013/09/10,33.42,33.42,31.75,32.05,2022524,32.11
2013/09/11,32.05,33.12,30.95,33.09,1705850,31.74
2013/09/12,32.63,33.74,31.65,31.85,1286466,32.14
2013/09/13,31.81,32.10,31.15,31.82,802147,31.32
2013/09/16,31.55,31.95,31.05,31.75,1082343,31.19
2013/09/17,31.41,32.93,31.37,32.31,1608169,32.19
2013/09/18,32.21,32.60,30.77,31.47,1273270,31.17
2013/09/23,31.27,32.20,31.18,32.04,1147321,31.39
2013/09/24,31.88,32.19,31.23,31.25,1257832,31.35
2013/09/25,31.25,31.84,29.95,30.15,2517368,30.55
2013/09/26,29.95,30.50,29.63,29.85,1040590,29.84
2013/09/27,29.96,30.23,29.46,29.84,1884751,29.50
2013/09/30,30.00,30.54,29.85,30.38,920478,30.02
2013/10/08,30.30,30.80,29.85,30.73,1246823,30.16
2013/10/09,30.71,30.71,29.95,30.02,2164021,29.92
2013/10/10,30.19,30.34,29.45,29.57,1448667,29.57
2013/10/11,29.65,30.99,29.65,30.99,2288869,30.15
2013/10/14,30.99,31.89,30.57,31.52,1671331,31.07
2013/10/15,31.75,31.83,30.75,31.43,1151742,31.03
2013/10/16,31.43,31.47,30.02,30.27,1050336,30.21
2013/10/17,30.75,30.76,29.83,29.85,1031187,29.98
2013/10/18,29.68,30.45,29.68,30.20,647848,29.86
2013/10/21,30.24,31.00,30.12,30.93,796479,30.47
2013/10/22,30.75,31.85,30.65,31.13,1480355,31.08
2013/10/23,31.15,31.35,30.11,30.48,938484,30.43
2013/10/24,30.53,32.20,30.53,32.16,2173684,31.52
2013/10/25,32.22,32.43,31.41,31.64,1490709,31.62
2013/10/28,31.65,32.54,31.46,32.33,1921440,31.75
2013/10/29,32.25,32.25,30.05,30.67,2890516,30.54
2013/10/30,30.35,31.66,30.05,31.53,1121396,30.71
2013/10/31,31.26,33.00,31.26,32.23,1828842,32.17
2013/11/01,31.87,32.61,30.65,31.86,1404257,31.45
2013/11/04,31.86,33.23,31.54,33.22,2777919,32.61
2013/11/05,32.90,33.58,32.45,33.36,2806107,32.84
2013/11/06,33.25,33.36,31.96,31.97,2196424,32.55
2013/11/07,31.85,31.88,30.78,30.80,1927146,31.02
2013/11/08,30.26,30.70,29.84,30.24,1707895,29.94
2013/11/11,30.23,30.83,29.95,30.83,1699522,30.27
2013/11/12,30.83,30.98,30.33,30.71,1095491,30.33
2013/11/13,30.65,30.65,29.93,29.98,934888,30.02
2013/11/14,29.98,31.92,29.95,31.92,2222899,31.09
2013/11/15,31.92,34.35,31.57,33.25,3160614,32.84
2013/11/18,33.37,34.02,33.02,33.38,2383318,33.33
2013/11/19,33.31,34.52,33.01,33.85,1881288,33.69
2013/11/20,33.79,34.73,33.33,34.73,1712094,33.69
2013/11/21,34.45,36.21,34.35,35.41,3292074,35.35
2013/11/22,35.43,36.08,34.78,35.75,1706877,35.16
2013/11/25,35.45,37.47,34.94,36.59,2852934,36.15
2013/11/26,36.63,37.89,35.86,36.30,3273051,36.53
2013/11/27,36.05,37.28,35.25,36.24,2178680,36.25
2013/11/28,36.14,38.37,36.07,38.11,3522072,37.04
2013/11/29,38.12,40.10,37.86,37.90,4794096,38.66
2013/12/02,34.70,36.70,34.14,34.19,5280734,34.69
2013/12/03,33.85,36.70,33.25,36.40,4060886,35.01
2013/12/04,36.05,38.63,35.35,35.35,4109419,36.87
2013/12/05,35.25,36.74,34.75,36.25,2541295,35.83
2013/12/06,36.15,36.65,35.43,35.52,1563460,35.77
2013/12/09,35.73,37.91,35.36,37.55,3295052,36.71
2013/12/10,37.72,39.05,36.75,38.87,3584963,37.99
2013/12/11,38.75,39.05,37.65,38.42,2108684,38.09
2013/12/12,38.26,39.49,38.07,39.12,2793253,38.84
2013/12/13,38.60,38.93,37.63,37.95,2586719,37.75
2013/12/16,37.94,38.33,36.29,36.45,2004047,36.83
2013/12/17,36.65,36.77,35.40,36.34,1313803,35.81
2013/12/18,36.01,37.05,36.01,36.25,1019909,36.17
2013/12/19,36.25,36.61,35.86,35.99,788303,35.96
2013/12/20,36.07,36.74,35.82,36.01,888428,35.88
2013/12/23,36.10,36.63,35.13,36.37,931568,35.78
2013/12/24,36.40,38.17,36.39,37.97,2011612,37.32
2013/12/25,38.58,41.20,38.37,40.28,4678119,39.64
2013/12/26,39.76,40.70,39.10,39.15,2852696,39.60
2013/12/27,38.74,40.22,38.74,40.01,2098060,39.47
2013/12/30,40.22,40.51,39.25,40.20,1981231,39.71
2013/12/31,39.64,40.95,38.45,40.74,3505271,39.63
2014/01/02,40.13,41.04,39.83,40.09,1764086,40.11
2014/01/03,39.87,40.30,38.95,38.95,1635017,39.28
2014/01/06,38.59,38.96,37.45,38.10,1760075,37.97
2014/01/07,38.05,39.59,37.95,39.17,1311039,38.76
2014/01/08,38.81,40.75,38.60,38.75,1412444,39.05
2014/01/09,38.75,39.63,37.95,38.28,1386829,38.66
2014/01/10,38.07,38.78,36.75,36.75,1310025,37.42
2014/01/13,36.85,37.64,36.57,36.93,910384,36.80
2014/01/14,36.98,38.09,36.87,38.00,938019,37.36
2014/01/15,37.97,38.20,37.25,38.15,1063860,37.57
2014/01/16,38.25,38.67,37.90,38.63,1120231,38.17
2014/01/17,38.63,39.03,36.05,36.31,2118189,36.72
2014/01/20,36.44,36.85,35.92,36.22,1234256,36.16
2014/01/21,36.22,37.05,36.22,36.47,779891,36.34
2014/01/22,34.35,37.15,34.35,36.45,1718054,36.25
2014/01/23,36.75,38.09,36.55,37.83,1797928,37.24
2014/01/24,37.81,39.02,37.75,38.85,1459354,38.40
2014/01/27,39.20,40.25,38.57,38.70,2354072,39.35
2014/01/28,38.55,39.55,38.50,38.95,590297,38.60
2014/01/29,39.44,40.30,38.91,40.08,1218491,39.42
2014/01/30,39.97,40.19,39.65,39.87,925060,39.58
2014/02/07,39.74,40.40,38.64,40.00,951011,39.58
2014/02/10,40.08,43.98,40.08,43.98,2111454,43.45
2014/02/11,42.27,46.09,41.92,42.63,6543774,43.63
2014/02/12,42.15,43.42,41.05,41.95,2872172,41.61
2014/02/13,41.54,44.10,41.41,42.25,3139638,42.93
2014/02/14,42.05,45.25,41.79,44.69,2632881,43.13
2014/02/17,44.65,46.52,44.06,45.20,2261297,45.42
2014/02/18,44.65,46.55,44.33,46.00,1815966,45.37
2014/02/19,46.20,47.35,45.16,46.22,2072503,45.91
2014/02/20,46.25,46.25,42.58,44.00,1599728,44.36
2014/02/21,44.25,45.44,44.07,44.44,1433279,44.48
2014/02/24,44.44,46.22,43.25,45.71,1695610,44.77
2014/02/25,45.56,47.27,41.25,41.97,2028544,44.18
2014/02/26,41.85,43.52,40.75,42.97,1437681,42.37
2014/02/27,42.26,47.08,42.25,46.14,2935504,45.45
2014/02/28,45.75,48.79,44.43,47.94,2808704,47.10
2014/03/03,47.93,48.25,46.85,47.92,1694930,47.29
2014/03/04,47.85,47.91,46.27,46.95,1081343,46.68
2014/03/05,46.75,47.72,45.35,46.54,1207593,46.07
2014/03/06,46.48,48.50,45.36,48.46,1266460,46.38
2014/03/07,47.75,50.15,46.86,48.85,1172630,48.42
2014/03/10,48.75,49.25,46.78,47.94,852413,47.79
2014/03/11,46.65,47.75,45.80,46.15,637481,46.31
2014/03/12,46.13,46.61,44.27,44.64,846928,44.77
2014/03/13,44.28,45.75,44.25,45.05,615062,44.79
2014/03/14,44.68,45.95,44.35,45.93,551441,45.01
2014/03/17,45.75,46.91,45.15,45.65,1341136,45.93
2014/03/18,46.02,46.40,43.78,44.38,2055078,44.39
2014/03/19,44.38,44.53,41.87,42.23,2597336,42.22
2014/03/20,42.45,42.95,40.95,41.00,1643331,41.42
2014/03/21,40.94,41.26,39.75,40.65,1347341,40.18
2014/03/24,40.77,40.93,39.23,39.72,1621869,39.52
2014/03/25,39.65,40.10,37.37,37.64,2758513,38.20
2014/03/26,37.65,38.53,37.47,38.23,2305879,37.77
2014/03/27,37.95,38.00,36.75,36.76,1414060,36.92
2014/03/28,36.63,37.36,36.47,36.81,1162464,36.68
2014/03/31,36.55,36.55,34.75,35.25,2086533,35.18
2014/04/01,35.25,36.89,35.05,36.89,1703054,35.93
2014/04/02,37.02,37.70,36.36,36.67,1628574,36.88
2014/04/03,36.79,37.33,36.35,36.93,762740,36.66
2014/04/04,37.05,37.84,36.76,37.80,944583,37.25
2014/04/08,37.25,38.30,37.25,38.16,709553,37.62
2014/04/09,38.25,38.99,37.86,38.90,1093347,38.31
2014/04/10,38.91,39.02,38.05,38.15,1286488,38.35
2014/04/11,38.11,38.11,36.13,36.43,1220378,36.46
2014/04/14,36.06,36.63,35.57,35.67,1480475,35.71
2014/04/15,35.90,36.72,35.90,36.23,998786,36.04
2014/04/16,36.26,36.50,35.73,36.37,561334,35.86
2014/04/17,36.52,36.63,36.25,36.29,425727,36.14
2014/04/18,36.26,37.55,36.16,37.40,882846,36.86
2014/04/21,37.39,38.23,36.15,36.42,1595928,37.02
2014/04/22,36.42,36.61,35.71,36.33,963998,35.90
2014/04/23,36.33,37.54,36.15,37.54,1497161,36.92
2014/04/24,37.61,37.83,36.31,36.74,817244,36.71
2014/04/25,36.43,36.44,35.26,35.64,752592,35.53
2014/04/28,35.64,35.64,33.06,34.05,1369633,33.47
2014/04/29,33.77,34.25,33.15,34.25,506803,33.48
2014/04/30,34.25,34.42,33.86,34.29,266052,33.93
2014/05/05,34.34,34.55,33.56,34.55,475109,33.69
2014/05/06,34.44,35.42,34.16,35.34,735865,34.75
2014/05/07,35.25,36.12,34.63,35.03,654170,35.12
2014/05/08,34.65,35.20,34.45,34.74,620252,34.52
2014/05/09,34.60,34.91,33.25,34.19,820296,34.11
2014/05/12,34.49,35.20,34.22,34.85,404285,34.54
2014/05/13,35.20,35.72,34.86,35.23,380007,35.13
2014/05/14,35.24,35.75,34.91,35.17,564878,35.14
2014/05/15,35.02,35.17,34.25,34.25,387055,34.60
2014/05/16,34.34,34.55,32.45,32.85,1167593,32.95
2014/05/19,34.34,34.55,32.45,32.85,0,33.50
2014/05/20,34.34,34.55,32.45,32.85,0,33.50
2014/05/21,34.34,34.55,32.45,32.85,0,33.50
2014/05/22,36.11,36.11,36.11,36.11,115718,35.86
2014/05/23,39.70,39.70,38.02,39.20,9671349,38.86
2014/05/26,39.78,42.24,39.78,41.28,6523483,40.81
2014/05/27,40.05,41.24,39.80,39.94,3894177,40.19
2014/05/28,39.95,43.25,39.95,42.10,3471820,41.70
2014/05/29,41.76,42.24,41.08,41.90,1582541,41.38
2014/05/30,41.69,42.68,40.74,41.47,1627413,41.06
2014/06/03,41.55,41.97,40.75,40.97,1145895,40.96
2014/06/04,40.61,41.04,39.35,39.99,1292990,39.45
2014/06/05,39.91,42.47,39.69,41.67,1114427,40.50
2014/06/06,41.75,42.95,41.50,42.73,1904557,41.93
2014/06/09,42.53,44.63,42.47,43.97,1943772,43.13
2014/06/10,43.77,45.43,43.47,44.38,1485318,44.06
2014/06/11,44.06,44.95,43.57,44.09,592540,43.70
2014/06/12,43.97,43.97,42.14,43.43,1098999,42.47
2014/06/13,43.17,47.45,42.97,46.67,2669946,45.68
2014/06/16,46.94,47.67,45.83,46.50,1334299,46.22
2014/06/17,46.22,47.47,45.98,46.20,856592,46.34
2014/06/18,46.12,46.82,45.27,46.42,610429,45.55
2014/06/19,46.42,47.17,44.51,45.27,696578,45.21
2014/06/20,45.27,46.15,44.87,45.48,753076,45.02
2014/06/23,45.54,48.03,45.54,47.15,1613226,46.75
2014/06/24,46.58,48.15,46.58,46.97,791141,46.85
2014/06/25,46.68,47.94,45.23,47.11,1363919,46.51
2014/06/26,47.12,48.16,47.11,47.77,833636,47.17
2014/06/27,47.78,52.50,47.71,51.57,3008446,50.66
2014/06/30,51.47,52.22,50.60,51.82,1165216,50.88
2014/07/01,51.52,51.82,50.12,50.47,1610380,50.26
2014/07/02,50.70,50.92,48.42,49.95,1935404,48.84
2014/07/03,49.47,51.91,49.12,50.47,1465233,50.13
2014/07/04,51.47,53.46,49.87,50.77,1570994,51.12
2014/07/07,51.02,51.02,49.71,49.90,534680,49.70
2014/07/08,49.88,53.98,48.55,52.40,1873866,50.29
2014/07/09,52.17,52.17,50.02,50.25,1271827,50.31
2014/07/10,50.57,50.76,49.12,49.32,1929220,49.25
2014/07/11,49.45,50.29,48.08,48.56,1546167,48.49
2014/07/14,49.36,51.64,48.69,51.39,1792635,50.01
2014/07/15,51.13,51.96,49.47,51.16,1139367,49.77
2014/07/16,50.42,52.45,50.16,52.02,1227356,51.32
2014/07/17,52.02,52.12,49.43,49.85,1018942,49.77
2014/07/18,49.58,50.75,48.82,50.55,722537,49.83
2014/07/21,50.42,50.42,49.09,50.06,612476,49.13
2014/07/22,49.48,54.87,49.48,54.07,2586310,52.61
2014/07/23,53.76,53.97,50.47,51.81,2106105,51.68
2014/07/24,51.15,51.96,50.27,50.87,520085,50.62
2014/07/25,50.87,52.36,50.33,51.43,460167,51.04
2014/07/28,51.09,51.97,50.92,51.44,351986,51.02
2014/07/29,51.44,52.97,50.80,52.37,953361,51.19
2014/07/30,52.17,52.17,51.18,51.66,545028,51.08
2014/07/31,51.49,51.85,51.02,51.56,530867,50.91
2014/08/01,51.47,51.81,49.76,50.47,1446946,49.87
2014/08/04,50.05,50.27,48.48,50.04,1041373,49.03
2014/08/05,51.45,52.14,50.49,51.47,1112907,50.80
2014/08/06,51.11,52.05,50.95,51.33,1226316,51.09
2014/08/07,51.77,53.92,51.77,53.77,2008360,52.18
2014/08/08,53.77,57.47,53.77,56.42,1947238,55.67
2014/08/11,56.46,57.44,55.78,56.85,945574,55.98
2014/08/12,56.85,57.12,54.47,56.06,781950,55.40
2014/08/13,55.63,56.16,53.88,55.45,735879,54.34
2014/08/14,54.98,55.36,53.67,54.00,622958,53.95
2014/08/15,54.02,54.92,53.75,54.47,336917,54.12
2014/08/18,54.47,55.46,53.75,54.39,965374,53.78
2014/08/19,54.27,54.54,53.62,53.69,945924,53.58
2014/08/20,53.87,54.20,53.62,53.92,875685,53.33
2014/08/21,53.90,54.08,51.44,51.92,1975958,51.77
2014/08/22,51.93,52.67,51.45,52.07,966077,51.46
2014/08/25,52.49,52.64,51.67,52.06,683575,51.53
2014/08/26,52.49,52.64,51.67,52.06,0,52.16
2014/08/27,52.49,52.64,51.67,52.06,0,52.16
2014/08/28,52.49,52.64,51.67,52.06,0,52.16
2014/08/29,52.49,52.64,51.67,52.06,0,52.16
2014/09/01,50.72,51.77,46.90,51.59,4613860,49.34
2014/09/02,50.84,54.10,50.47,53.39,3642235,52.29
2014/09/03,53.72,55.72,53.41,54.31,3063030,54.56
2014/09/04,53.87,54.47,53.27,53.89,1889887,53.87
2014/09/05,53.96,53.96,52.99,53.42,1524631,53.48
2014/09/09,53.72,54.32,52.54,53.12,1952651,53.43
2014/09/10,53.71,53.83,52.79,53.75,1848221,53.31
2014/09/11,53.87,54.44,53.27,53.44,1790066,53.86
2014/09/12,54.25,55.01,53.87,54.86,2663214,54.44
2014/09/15,55.22,55.22,53.57,54.02,1588900,54.39
2014/09/16,54.02,54.29,51.70,51.70,1798873,53.00
2014/09/17,51.77,52.40,50.87,52.36,963096,51.63
2014/09/18,51.94,52.58,51.70,52.24,519743,52.14
2014/09/19,52.30,52.39,51.47,51.70,968436,51.93
2014/09/22,51.62,51.62,49.15,49.46,2341330,50.38
2014/09/23,49.46,50.20,49.37,49.88,1044110,49.79
2014/09/24,49.90,51.62,49.90,51.49,1520985,50.76
2014/09/25,51.50,52.27,51.49,51.68,1179361,51.88
2014/09/26,51.47,51.86,50.80,50.95,933152,51.33
2014/09/29,51.17,54.08,51.01,53.84,2846978,52.54
2014/09/30,53.27,54.22,53.09,53.87,1660786,53.66
2014/10/08,54.11,54.70,52.96,53.27,1957570,53.83
2014/10/09,54.11,54.70,52.96,53.27,0,53.83
2014/10/10,54.11,54.70,52.96,53.27,0,53.83
2014/10/13,54.11,54.70,52.96,53.27,0,53.83
2014/10/14,54.11,54.70,52.96,53.27,0,53.83
2014/10/15,54.11,54.70,52.96,53.27,0,53.83
2014/10/16,54.11,54.70,52.96,53.27,0,53.83
2014/10/17,54.11,54.70,52.96,53.27,0,53.83
2014/10/20,54.11,54.70,52.96,53.27,0,53.83
2014/10/21,54.11,54.70,52.96,53.27,0,53.83
2014/10/22,54.11,54.70,52.96,53.27,0,53.83
2014/10/23,54.11,54.70,52.96,53.27,0,53.83
2014/10/24,54.11,54.70,52.96,53.27,0,53.83
2014/10/27,54.11,54.70,52.96,53.27,0,53.83
2014/10/28,54.11,54.70,52.96,53.27,0,53.83
2014/10/29,54.11,54.70,52.96,53.27,0,53.83
2014/10/30,54.11,54.70,52.96,53.27,0,53.83
2014/10/31,54.11,54.70,52.96,53.27,0,53.83
2014/11/03,54.11,54.70,52.96,53.27,0,53.83
2014/11/04,54.11,54.70,52.96,53.27,0,53.83
2014/11/05,54.11,54.70,52.96,53.27,0,53.83
2014/11/06,54.11,54.70,52.96,53.27,0,53.83
2014/11/07,54.11,54.70,52.96,53.27,0,53.83
2014/11/10,52.96,56.72,51.62,53.72,5348153,54.17
2014/11/11,53.41,53.66,50.27,50.42,2633284,51.96
2014/11/12,50.12,51.47,49.97,51.29,1428211,50.72
2014/11/13,51.29,51.55,48.32,48.89,2104735,49.93
2014/11/14,48.47,49.37,47.20,48.91,1940334,48.29
2014/11/17,48.77,50.50,48.50,50.02,1027026,49.50
2014/11/18,49.52,50.00,48.52,48.77,1600554,49.26
2014/11/19,48.77,49.36,48.56,49.31,862931,48.96
2014/11/20,48.70,49.06,47.81,48.34,991013,48.44
2014/11/21,48.50,48.74,47.39,47.99,2306781,48.07
2014/11/24,47.81,48.31,47.66,47.83,3106035,47.98
2014/11/25,47.87,49.07,47.83,48.41,2785022,48.45
2014/11/26,48.41,49.66,48.37,49.21,2306807,49.01
2014/11/27,49.30,50.24,48.92,50.05,2659210,49.58
2014/11/28,49.94,50.12,48.04,48.25,3459321,49.08
2014/12/01,48.07,48.10,45.44,46.22,4397126,46.77
2014/12/02,46.19,47.54,46.16,46.90,1652184,46.85
2014/12/03,46.49,47.24,45.53,47.20,2046789,46.39
2014/12/04,47.75,51.68,47.72,49.88,6195798,49.70
2014/12/05,50.27,50.80,46.85,48.98,3427078,48.82
2014/12/08,48.89,49.96,47.27,47.51,3967116,48.62
2014/12/09,47.57,47.57,45.47,45.65,3899079,46.52
2014/12/10,45.29,46.84,44.57,46.72,4373906,45.71
2014/12/11,46.07,46.12,45.17,45.67,3662236,45.64
2014/12/12,45.74,46.06,44.57,45.95,3425220,45.32
2014/12/15,45.88,47.53,45.19,47.26,3506404,46.36
2014/12/16,47.24,47.41,46.33,46.55,1845012,46.87
2014/12/17,46.52,46.52,45.52,45.68,1994059,46.02
2014/12/18,45.77,46.94,45.70,46.25,2255115,46.32
2014/12/19,46.04,46.04,43.82,44.30,3056449,44.93
2014/12/22,44.30,44.30,39.92,39.92,3796930,42.11
2014/12/23,40.19,41.42,39.92,40.16,2230113,40.67
2014/12/24,40.64,44.14,40.64,44.14,3657625,42.39
2014/12/25,44.60,46.37,44.60,45.29,3899645,45.48
2014/12/26,45.13,45.77,44.12,44.62,2198487,44.95
2014/12/29,44.62,45.17,41.57,42.80,2443415,43.37
2014/12/30,42.89,43.18,42.47,42.68,853379,42.82
2014/12/31,42.62,43.97,42.29,42.88,769044,43.13
2015/01/05,42.86,42.89,41.00,42.31,2062729,41.95
2015/01/06,42.86,42.89,41.00,42.31,0,41.95
2015/01/07,42.86,42.89,41.00,42.31,0,41.95
2015/01/08,42.86,42.89,41.00,42.31,0,41.95
2015/01/09,43.97,46.49,42.92,46.49,6448748,44.71
2015/01/12,47.27,48.38,46.52,47.54,5357600,47.45
2015/01/13,47.26,49.64,46.99,49.61,5978661,48.32
2015/01/14,49.37,50.24,48.19,48.20,3106836,49.21
2015/01/15,47.95,48.91,46.99,47.32,1898127,47.95
2015/01/16,47.21,49.21,47.21,48.28,2228711,48.21
2015/01/19,45.62,49.33,45.62,47.12,3299873,47.47
2015/01/20,46.75,49.22,46.75,49.22,3269776,47.98
2015/01/21,49.85,50.83,49.16,49.55,3116279,49.99
2015/01/22,49.55,52.82,49.55,51.97,5465621,51.18
2015/01/23,51.01,51.95,50.36,50.74,3048419,51.16
2015/01/26,50.74,51.85,49.99,51.10,1866827,50.92
2015/01/27,50.72,51.10,49.31,49.94,2518873,50.21
2015/01/28,49.79,50.98,48.47,49.52,1468487,49.72
2015/01/29,49.24,50.42,49.22,49.33,1108804,49.82
2015/01/30,49.25,50.06,49.22,49.22,1069181,49.64
2015/02/02,48.65,49.76,48.19,48.77,1064627,48.97
2015/02/03,48.44,50.63,48.44,50.09,1548019,49.54
2015/02/04,50.42,52.22,50.00,51.50,4292387,51.11
2015/02/05,51.47,51.92,50.41,51.35,3197254,51.16
2015/02/06,50.89,51.86,48.62,49.12,1332508,50.24
2015/02/09,48.65,52.91,48.47,52.84,5752001,50.69
2015/02/10,51.40,52.49,48.17,52.04,7472780,50.33
2015/02/11,51.49,52.22,51.07,51.49,2160495,51.64
2015/02/12,51.92,51.92,48.83,49.84,4153499,50.38
2015/02/13,49.84,51.61,49.33,51.28,5142598,50.47
2015/02/16,50.95,56.36,50.42,56.36,8582761,53.39
2015/02/17,56.93,61.96,56.35,61.81,8798652,59.16
2015/02/25,61.67,61.67,57.47,59.30,5298938,59.57
2015/02/26,58.96,58.96,57.17,57.92,3951963,58.07
2015/02/27,57.73,58.96,57.46,58.00,3043232,58.21
2015/03/02,58.03,59.65,58.03,58.93,4093242,58.84
2015/03/03,59.05,60.47,58.12,58.37,4678021,59.29
2015/03/04,58.36,59.87,57.28,58.94,2726977,58.57
2015/03/05,58.60,60.47,57.71,59.87,4771156,59.09
2015/03/06,62.72,65.81,56.72,57.47,9544259,61.27
2015/03/09,57.47,59.80,55.97,59.09,4039787,57.88
2015/03/10,58.97,61.15,58.51,59.69,3041753,59.83
2015/03/11,59.69,62.96,59.69,62.39,4028999,61.32
2015/03/12,62.72,64.67,60.70,62.69,3777256,62.69
2015/03/13,62.72,63.92,61.25,61.82,2758702,62.59
2015/03/16,61.84,65.05,61.69,64.97,4194449,63.37
2015/03/17,64.97,65.71,64.22,64.99,3354623,64.96
2015/03/18,65.65,68.72,64.37,67.66,4766299,66.55
2015/03/19,67.49,70.01,65.57,66.98,6195399,67.79
2015/03/20,66.85,68.81,65.00,66.29,6656674,66.91
2015/03/23,67.45,72.88,65.81,71.96,8236437,69.34
2015/03/24,69.23,71.80,66.29,69.49,13146592,69.05
2015/03/25,67.97,68.39,66.32,66.43,8517212,67.35
2015/03/26,66.13,66.13,62.80,63.05,8750075,64.46
2015/03/27,63.52,64.46,62.90,63.92,4291735,63.68
2015/03/30,63.95,65.48,63.95,65.33,4717284,64.72
2015/03/31,64.94,64.99,63.41,64.87,6449528,64.20
2015/04/01,64.67,67.67,64.52,67.40,7148335,66.09
2015/04/02,67.52,68.83,66.49,68.30,5913596,67.66
2015/04/03,67.81,69.02,67.13,68.65,5624897,68.07
2015/04/07,69.32,70.22,68.05,69.41,6064126,69.13
2015/04/08,70.06,70.07,66.53,67.33,5103529,68.30
2015/04/09,66.94,67.97,61.67,64.66,4888868,64.82
2015/04/10,64.70,67.15,64.25,66.47,3542518,65.70
2015/04/13,67.22,69.77,66.62,69.25,5722261,68.20
2015/04/14,69.25,76.13,69.25,75.64,12201146,72.69
2015/04/15,72.77,74.51,68.14,71.66,9989045,71.33
2015/04/16,69.05,73.19,68.87,70.99,3878789,71.03
2015/04/17,71.89,77.87,71.89,75.31,6809523,74.88
2015/04/20,75.37,76.22,69.52,72.58,3162788,72.87
2015/04/21,72.50,77.50,71.87,76.52,4644999,74.69
2015/04/22,77.14,80.99,77.14,79.22,5170451,79.06
2015/04/23,79.22,85.67,76.97,82.31,12576896,81.32
2015/04/24,83.54,89.57,83.12,88.40,14172864,86.34
2015/04/27,89.75,89.75,86.21,86.39,9801059,87.98
2015/04/28,86.21,88.10,80.57,82.61,8490579,84.33
2015/04/29,81.77,88.31,80.84,88.25,8850268,84.58
2015/04/30,88.07,94.07,87.77,90.62,7952270,90.92
2015/05/04,90.62,98.51,89.75,94.97,8184445,94.13
2015/05/05,93.47,97.85,89.27,90.47,6177322,93.56
2015/05/06,90.74,92.81,84.77,88.31,5478554,88.79
2015/05/07,88.22,89.06,84.02,85.43,4592430,86.54
2015/05/08,86.30,92.27,86.30,91.55,5791734,89.28
2015/05/11,92.45,96.77,92.45,95.15,7181849,94.61
2015/05/12,96.44,96.47,90.77,93.17,7443981,93.62
2015/05/13,92.51,102.41,90.83,101.51,12226162,96.62
2015/05/14,99.47,105.44,98.57,102.92,12945095,102.00
2015/05/15,102.92,111.02,99.62,107.63,9123115,105.32
2015/05/18,105.47,115.13,103.37,111.95,10594389,109.25
2015/05/19,110.27,111.50,107.27,109.01,9989019,109.38
2015/05/20,110.24,111.71,107.69,109.25,10846804,109.70
2015/05/21,109.22,112.67,108.77,110.54,12532268,110.72
2015/05/22,110.57,115.07,107.57,107.57,11600341,111.32
2015/05/25,106.76,118.25,101.57,118.19,16905317,109.91
2015/05/26,118.43,129.17,116.87,127.31,9057642,123.02
2015/05/27,129.80,136.01,121.37,130.76,8355179,128.69
2015/05/28,130.76,139.46,117.77,118.31,9862685,128.62
2015/05/29,116.12,130.07,112.07,130.07,13502981,121.07
2015/06/01,133.40,142.22,132.08,139.37,7809663,137.15
2015/06/02,139.37,143.00,136.52,141.77,8808137,139.76
2015/06/03,141.47,144.71,135.02,139.37,9522544,139.87
2015/06/04,139.37,140.51,125.51,136.07,7705109,133.01
2015/06/05,138.80,141.74,133.73,138.41,8028275,137.73
2015/06/08,138.41,139.40,126.47,134.60,8806836,132.94
2015/06/09,135.80,136.91,129.41,136.76,8560776,133.16
2015/06/10,136.67,150.35,134.87,150.35,10172382,142.61
2015/06/11,152.27,162.41,147.17,150.80,11883713,154.79
2015/06/12,150.83,161.51,147.80,158.27,8239699,154.66
2015/06/15,150.83,161.51,147.80,158.27,0,154.66
2015/06/16,150.83,161.51,147.80,158.27,0,154.66
2015/06/17,150.83,161.51,147.80,158.27,0,154.66
2015/06/18,150.83,161.51,147.80,158.27,0,154.66
2015/06/19,150.83,161.51,147.80,158.27,0,154.66
2015/06/23,150.83,161.51,147.80,158.27,0,154.66
2015/06/24,150.83,161.51,147.80,158.27,0,154.66
2015/06/25,142.52,142.52,142.52,142.52,1277300,142.52
2015/06/26,128.36,128.36,128.36,128.36,345200,128.36
2015/06/29,115.61,121.37,115.61,115.61,2418221,118.49
2015/06/30,104.12,115.61,104.12,108.80,16554039,109.87
2015/07/01,105.77,115.28,99.77,110.87,14021787,107.52
2015/07/02,105.77,115.28,99.77,110.87,0,107.52
2015/07/03,105.77,115.28,99.77,110.87,0,107.52
2015/07/06,105.77,115.28,99.77,110.87,0,107.52
2015/07/07,105.77,115.28,99.77,110.87,0,107.52
2015/07/08,105.77,115.28,99.77,110.87,0,107.52
2015/07/09,105.77,115.28,99.77,110.87,0,107.52
2015/07/10,105.77,115.28,99.77,110.87,0,107.52
2015/07/13,105.77,115.28,99.77,110.87,0,107.52
2015/07/14,105.77,115.28,99.77,110.87,0,107.52
2015/07/15,114.77,114.77,99.86,99.86,4406800,107.31
2015/07/16,89.96,101.27,89.96,89.96,19981532,95.61
2015/07/17,87.02,97.31,85.67,93.47,15066587,91.49
2015/07/20,94.07,100.88,92.75,97.94,10483087,96.81
2015/07/21,96.77,105.23,95.42,102.44,7767253,100.33
2015/07/22,100.82,104.15,96.80,100.64,10239208,100.48
2015/07/23,102.02,103.52,99.20,102.77,8622612,101.36
2015/07/24,103.67,107.27,101.06,101.57,10138460,104.16
2015/07/27,98.87,101.87,91.49,91.49,8881695,96.68
2015/07/28,82.43,88.37,82.43,82.43,14019533,85.40
2015/07/29,84.38,84.41,74.27,81.47,19717717,79.34
2015/07/30,80.90,87.14,77.27,79.67,13992432,82.20
2015/07/31,77.30,79.52,73.07,75.14,11793789,76.29
2015/08/03,72.77,72.77,67.70,67.73,13614721,70.23
2015/08/04,68.27,74.42,68.27,74.42,11242680,71.34
2015/08/05,74.84,81.47,74.42,77.57,15366717,77.95
2015/08/06,75.77,85.25,74.60,85.25,14256678,79.92
2015/08/07,90.77,93.71,89.75,93.71,23450011,91.73
2015/08/10,93.71,102.77,91.07,100.37,16097412,96.92
2015/08/11,99.47,106.13,96.35,100.04,13936034,101.24
2015/08/12,98.57,99.77,93.32,93.50,10903649,96.54
2015/08/13,92.72,101.75,92.72,101.12,10162601,97.23
2015/08/14,100.67,104.27,98.57,99.02,8693127,101.42
2015/08/17,95.87,98.27,93.17,97.85,8547931,95.72
2015/08/18,98.27,101.39,88.13,88.22,9066566,94.76
2015/08/19,84.77,92.06,79.97,89.87,7694813,86.02
2015/08/20,89.72,93.77,87.77,87.92,8861028,90.77
2015/08/21,84.80,89.27,79.22,79.22,7737349,84.24
2015/08/24,73.61,74.87,71.39,71.39,6107601,73.13
2015/08/25,64.34,67.49,64.34,64.34,8960171,65.91
2015/08/26,64.49,70.16,58.22,62.30,9336825,64.19
2015/08/27,65.36,68.45,63.53,68.45,9871521,65.99
2015/08/28,71.45,75.23,70.22,74.27,9108284,72.73
2015/08/31,72.80,75.68,71.00,71.30,9248147,73.34
2015/09/01,71.18,71.18,64.25,64.25,6523845,67.72
2015/09/02,58.67,66.71,57.89,57.89,8436742,62.30
2015/09/07,58.85,61.82,58.04,59.63,6076169,59.93
2015/09/08,59.87,64.97,58.46,64.85,7677572,61.71
2015/09/09,66.62,70.91,66.62,70.67,11472893,68.77
2015/09/10,69.74,71.12,66.02,67.37,7513804,68.57
2015/09/11,67.37,70.25,66.17,67.91,5928987,68.21
2015/09/14,67.67,69.74,61.19,61.19,7749295,65.46
2015/09/15,57.77,60.53,55.37,55.85,6932767,57.95
2015/09/16,56.69,61.37,56.69,61.37,6150332,59.03
2015/09/17,63.77,65.45,59.27,59.33,7784492,62.36
2015/09/18,60.17,65.18,58.97,65.18,9308766,62.08
2015/09/21,64.07,70.25,63.35,69.83,8525277,66.80
2015/09/22,69.50,72.71,68.87,68.96,7264435,70.79
2015/09/23,67.37,73.97,66.77,70.31,10732936,70.37
2015/09/24,72.02,74.06,69.38,70.82,7262354,71.72
2015/09/25,69.92,70.97,65.84,66.74,6956460,68.41
2015/09/28,66.62,70.67,66.47,69.23,5376065,68.57
2015/09/29,67.73,72.65,67.67,69.41,5682262,70.16
2015/09/30,71.12,73.52,70.43,73.37,7388492,71.98
2015/10/08,76.67,80.63,74.57,78.77,7123154,77.60
2015/10/09,77.84,80.87,77.27,80.09,5816027,79.07
2015/10/12,81.77,85.37,80.63,83.21,7858413,83.00
2015/10/13,81.80,83.84,80.30,83.54,4870855,82.07
2015/10/14,83.87,85.67,81.17,81.44,6527239,83.42
2015/10/15,80.36,84.08,80.36,83.87,4695454,82.22
2015/10/16,84.98,85.67,80.27,82.52,7541278,82.97
2015/10/19,81.71,82.37,77.87,82.19,10169573,80.12
2015/10/20,79.97,84.74,79.88,84.11,8015789,82.31
2015/10/21,84.11,84.11,75.77,75.77,9787443,79.94
2015/10/22,75.77,78.77,72.02,77.24,10221856,75.39
2015/10/23,78.65,79.34,76.07,78.20,7822995,77.70
2015/10/26,79.55,84.62,76.91,83.90,12487823,80.77
2015/10/27,84.74,86.57,80.87,85.22,14358847,83.72
2015/10/28,84.56,89.69,82.37,87.65,17593072,86.03
2015/10/29,87.44,89.69,84.62,86.57,10282663,87.16
2015/10/30,84.92,87.47,82.91,85.19,5592782,85.19
2015/11/02,81.77,85.31,78.44,79.07,6473030,81.88
2015/11/03,79.40,80.54,77.72,78.77,4730876,79.13
2015/11/04,79.25,84.74,79.25,84.50,5808903,81.99
2015/11/05,85.49,85.49,80.30,82.19,8489600,82.89
2015/11/06,81.77,86.12,81.62,84.68,6692440,83.87
2015/11/09,83.63,92.57,83.63,89.21,10525867,88.10
2015/11/10,89.09,91.37,87.77,90.86,11769105,89.57
2015/11/11,92.36,99.86,92.36,99.35,17769990,96.11
2015/11/12,97.43,101.24,96.20,96.83,10275673,98.72
2015/11/13,96.86,100.61,92.57,93.92,14534048,96.59
2015/11/16,91.10,96.29,89.90,96.29,6952942,93.10
2015/11/17,97.07,101.00,92.81,92.87,10981213,96.91
2015/11/18,92.87,95.36,89.51,90.32,6057737,92.44
2015/11/19,90.89,93.32,88.37,92.87,5256118,90.84
2015/11/20,93.23,97.76,93.23,95.78,6826830,95.50
2015/11/23,96.17,96.20,92.27,92.81,6705540,94.23
2015/11/24,90.95,93.77,90.26,93.62,4607304,92.02
2015/11/25,93.17,96.05,92.15,94.94,6471040,94.10
2015/11/26,95.57,96.35,90.77,91.94,7086174,93.56
2015/11/27,90.77,94.34,83.12,84.95,7128763,88.73
2015/11/30,84.77,86.57,76.61,81.74,8880862,81.59
2015/12/01,81.59,83.99,80.15,81.92,5474781,82.07
2015/12/02,81.92,84.02,75.77,82.88,6528146,79.89
2015/12/03,84.08,85.82,82.85,85.10,4312308,84.33
2015/12/04,85.01,86.54,83.12,83.72,4129217,84.83
2015/12/07,84.77,89.27,83.51,88.37,6616326,86.39
2015/12/08,87.77,88.34,83.33,83.87,6940474,85.84
2015/12/09,84.05,85.61,82.58,83.36,5309483,84.09
2015/12/10,83.36,85.25,82.58,82.79,3942198,83.91
2015/12/11,82.31,83.21,80.57,80.87,3325419,81.89
2015/12/14,80.27,82.49,80.12,82.07,3898849,81.30
2015/12/15,82.34,85.34,82.10,84.29,4432862,83.72
2015/12/16,84.38,85.55,83.57,83.78,3580621,84.56
2015/12/17,85.07,86.75,85.07,86.48,5502748,85.91
2015/12/18,86.45,86.84,83.90,85.40,4674175,85.37
2015/12/21,85.28,88.04,84.41,87.32,7401121,86.23
2015/12/22,87.32,89.45,86.09,88.55,6419560,87.77
2015/12/23,88.37,88.67,86.69,86.87,7112384,87.68
2015/12/24,87.35,87.35,83.60,84.77,6868308,85.47
2015/12/25,85.43,87.47,84.86,87.26,4779447,86.16
2015/12/28,88.67,91.04,86.78,87.41,9131962,88.91
2015/12/29,87.77,96.08,87.53,96.08,13030176,91.80
2015/12/30,87.77,96.08,87.53,96.08,0,91.80
2015/12/31,87.77,96.08,87.53,96.08,0,91.80
2016/01/04,87.77,96.08,87.53,96.08,0,91.80
2016/01/05,87.77,96.08,87.53,96.08,0,91.80
2016/01/06,87.77,96.08,87.53,96.08,0,91.80
2016/01/07,87.77,96.08,87.53,96.08,0,91.80
2016/01/08,87.77,96.08,87.53,96.08,0,91.80
2016/01/11,87.77,96.08,87.53,96.08,0,91.80
2016/01/12,87.77,96.08,87.53,96.08,0,91.80
2016/01/13,87.77,96.08,87.53,96.08,0,91.80
2016/01/14,87.77,96.08,87.53,96.08,0,91.80
2016/01/15,87.77,96.08,87.53,96.08,0,91.80
2016/01/18,87.77,96.08,87.53,96.08,0,91.80
2016/01/19,87.77,96.08,87.53,96.08,0,91.80
2016/01/20,87.77,96.08,87.53,96.08,0,91.80
2016/01/21,87.77,96.08,87.53,96.08,0,91.80
2016/01/22,87.77,96.08,87.53,96.08,0,91.80
2016/01/25,87.77,96.08,87.53,96.08,0,91.80
2016/01/26,87.77,96.08,87.53,96.08,0,91.80
2016/01/27,87.77,96.08,87.53,96.08,0,91.80
2016/01/28,87.77,96.08,87.53,96.08,0,91.80
2016/01/29,87.77,96.08,87.53,96.08,0,91.80
2016/02/01,87.77,96.08,87.53,96.08,0,91.80
2016/02/02,87.77,96.08,87.53,96.08,0,91.80
2016/02/03,87.77,96.08,87.53,96.08,0,91.80
2016/02/04,87.77,96.08,87.53,96.08,0,91.80
2016/02/05,87.77,96.08,87.53,96.08,0,91.80
2016/02/15,87.77,96.08,87.53,96.08,0,91.80
2016/02/16,87.77,96.08,87.53,96.08,0,91.80
2016/02/17,87.77,96.08,87.53,96.08,0,91.80
2016/02/18,87.77,96.08,87.53,96.08,0,91.80
2016/02/19,87.77,96.08,87.53,96.08,0,91.80
2016/02/22,87.77,96.08,87.53,96.08,0,91.80
2016/02/23,87.77,96.08,87.53,96.08,0,91.80
2016/02/24,87.77,96.08,87.53,96.08,0,91.80
2016/02/25,87.77,96.08,87.53,96.08,0,91.80
2016/02/26,87.77,96.08,87.53,96.08,0,91.80
2016/02/29,87.77,96.08,87.53,96.08,0,91.80
2016/03/01,87.77,96.08,87.53,96.08,0,91.80
2016/03/02,87.77,96.08,87.53,96.08,0,91.80
2016/03/03,87.77,96.08,87.53,96.08,0,91.80
2016/03/04,87.77,96.08,87.53,96.08,0,91.80
2016/03/07,87.77,96.08,87.53,96.08,0,91.80
2016/03/08,86.54,86.54,86.54,86.54,416400,86.54
2016/03/09,77.96,77.96,77.96,77.96,437100,77.96
2016/03/10,70.25,73.22,70.25,70.25,31530294,71.73
2016/03/11,63.92,66.38,63.32,63.47,20843546,64.85
2016/03/14,64.16,66.53,63.77,65.33,17118993,65.15
2016/03/15,64.82,64.82,62.87,63.05,12323655,63.84
2016/03/16,63.41,64.22,61.76,62.39,9033894,62.99
2016/03/17,63.20,64.82,62.39,64.58,14471962,63.60
2016/03/18,64.70,69.71,64.07,67.88,20589329,66.89
2016/03/21,68.42,69.80,67.16,68.66,20593200,68.48
2016/03/22,68.48,73.37,67.16,71.66,21031511,70.27
2016/03/23,70.91,72.11,69.44,70.94,12020353,70.77
2016/03/24,70.25,72.20,69.77,70.52,13094941,70.98
2016/03/25,69.71,71.21,67.67,68.81,10897908,69.44
2016/03/28,69.17,71.48,68.90,69.50,10914230,70.19
2016/03/29,69.50,71.57,68.27,70.79,12195821,69.92
2016/03/30,71.27,73.43,70.19,73.22,14973928,71.81
2016/03/31,74.21,74.27,71.75,72.29,11886473,73.01
2016/04/01,71.93,73.31,70.37,71.42,10361578,71.84
2016/04/05,78.50,78.50,77.00,78.50,12744905,77.75
2016/04/06,84.77,84.77,80.42,81.77,37401462,82.59
2016/04/07,80.57,89.45,79.67,84.47,29224288,84.56
2016/04/08,82.37,88.49,80.99,87.89,24402184,84.74
2016/04/11,88.31,92.54,86.45,87.02,22824889,89.50
2016/04/12,87.59,87.59,82.37,84.23,13226080,84.98
2016/04/13,84.23,86.54,83.93,85.07,11922732,85.24
2016/04/14,85.37,86.18,83.00,84.38,9383713,84.59
2016/04/15,84.32,84.77,81.95,82.97,8717148,83.36
2016/04/18,82.10,82.19,79.07,81.11,10684731,80.63
2016/04/19,82.61,82.88,79.67,81.26,11427337,81.27
2016/04/20,82.07,83.51,75.41,78.32,15607689,79.46
2016/04/21,77.63,79.13,75.41,75.77,7807586,77.27
2016/04/22,74.87,77.84,74.27,77.75,7702411,76.05
2016/04/25,76.40,77.06,73.67,75.77,6333452,75.37
2016/04/26,76.31,77.60,75.62,77.57,6713934,76.61
2016/04/27,77.27,80.03,77.00,77.81,7093811,78.52
2016/04/28,78.38,78.44,73.64,76.31,6971237,76.04
2016/04/29,76.07,77.45,74.57,76.28,4712389,76.01
2016/05/03,75.77,80.21,75.56,79.31,7321209,77.88
2016/05/04,80.36,83.24,79.40,81.29,11716096,81.32
2016/05/05,80.57,81.47,79.58,81.26,6380115,80.52
2016/05/06,81.11,82.76,76.97,76.97,8226593,79.87
2016/05/09,75.17,75.17,70.46,71.27,7868299,72.81
2016/05/10,71.21,72.11,69.41,70.19,5062525,70.76
2016/05/11,70.91,71.12,69.32,69.53,3835874,70.22
2016/05/12,68.24,70.67,66.41,69.92,4556402,68.54
2016/05/13,69.41,72.05,69.17,71.72,6260260,70.61
2016/05/16,71.48,75.41,69.41,74.36,8012305,72.41
2016/05/17,73.37,80.63,73.37,77.72,10845452,77.00
2016/05/18,76.07,79.16,73.07,74.72,7025171,76.11
2016/05/19,74.60,79.28,74.00,76.85,6690938,76.64
2016/05/20,76.61,84.47,76.61,84.47,26665114,80.54
2016/05/23,87.71,92.84,86.09,92.84,18428227,89.47
2016/05/24,95.51,95.87,88.67,93.44,31551401,92.27
2016/05/25,92.24,94.40,88.25,88.52,24537301,91.33
2016/05/26,87.53,90.77,85.13,89.84,18114123,87.95
2016/05/27,89.27,90.41,86.87,87.53,15520596,88.64
2016/05/30,87.47,89.12,85.40,85.43,13795955,87.26
2016/05/31,86.12,89.96,85.49,89.27,15300656,87.72
2016/06/01,89.21,98.00,88.82,93.47,26295048,93.41
2016/06/02,92.12,97.64,91.97,95.18,19299265,94.80
2016/06/03,94.88,98.81,93.47,93.62,14823935,96.14
2016/06/06,92.48,94.82,92.12,93.92,12259583,93.47
2016/06/07,94.52,97.52,92.39,92.81,14459842,94.95
2016/06/08,93.02,101.27,91.01,97.25,18110753,96.14
2016/06/13,94.85,106.49,94.25,97.22,23940405,100.37
2016/06/14,96.92,103.22,87.92,102.02,23380491,95.57
2016/06/15,99.77,111.59,99.32,107.09,27861800,105.45
2016/06/16,108.92,113.72,105.17,107.48,23852010,109.45
2016/06/17,107.72,107.87,103.85,106.70,15394527,105.86
2016/06/20,106.07,110.27,104.75,105.74,14026333,107.51
2016/06/21,110.42,116.21,107.12,109.52,28481637,111.66
2016/06/22,105.62,108.29,101.36,107.21,24334592,104.83
2016/06/23,105.32,109.52,104.48,106.22,14438531,107.00
2016/06/24,105.17,106.16,96.92,101.72,18826353,101.54
2016/06/27,101.27,104.42,100.37,103.22,14521056,102.40
2016/06/28,102.92,104.63,100.46,103.34,13976416,102.54
2016/06/29,103.52,109.22,102.95,107.36,18614635,106.09
2016/06/30,105.86,107.27,102.02,102.98,13658416,104.64
2016/07/01,101.96,103.46,101.27,102.35,7446781,102.36
2016/07/04,102.89,104.72,101.51,104.03,10756434,103.12
2016/07/05,103.82,103.88,99.47,101.45,14379419,101.67
2016/07/06,101.18,102.47,99.32,100.52,9021536,100.89
2016/07/07,99.62,99.83,96.35,99.20,16901564,98.09
2016/07/08,98.69,101.36,98.15,99.32,9649253,99.76
2016/07/11,99.32,100.46,96.35,96.59,9119805,98.40
2016/07/12,94.85,97.46,92.15,95.27,10773182,94.80
2016/07/13,95.72,98.60,95.48,97.19,9645514,97.04
2016/07/14,96.92,98.30,96.05,97.61,5685990,97.17
2016/07/15,97.91,97.97,95.45,95.93,5052107,96.71
2016/07/18,95.96,98.51,93.62,97.37,7816266,96.07
2016/07/19,97.46,100.70,96.62,100.49,14424360,98.66
2016/07/20,99.53,100.22,98.42,98.42,9096904,99.32
2016/07/21,98.42,99.23,96.35,96.68,7168120,97.79
2016/07/22,96.08,97.49,95.15,95.72,5190850,96.32
2016/07/25,95.72,97.49,94.61,96.95,6152137,96.05
2016/07/26,96.92,97.40,95.75,96.80,4935000,96.58
2016/07/27,96.92,97.82,87.20,87.20,15794400,92.51
2016/07/28,86.63,87.98,81.98,83.24,11942500,84.98
2016/07/29,83.57,85.22,82.04,82.73,6402077,83.63
2016/08/01,82.82,83.42,79.34,82.82,6594313,81.38
2016/08/02,83.27,83.93,82.85,83.54,4837067,83.39
2016/08/03,82.91,83.66,82.67,83.00,3542028,83.16
2016/08/04,83.21,86.03,82.82,85.76,8072826,84.42
2016/08/05,84.98,86.24,84.53,84.62,4839458,85.38
2016/08/08,84.65,85.52,83.06,85.01,3599562,84.29
