Date, SZ002225.Open, SZ002225.High, SZ002225.Low, SZ002225.Close, SZ002225.Volume, SZ002225.Adjusted
2008/04/25,11.00,15.43,10.10,15.00,43912670,12.76
2008/04/28,13.50,13.50,13.50,13.50,187700,13.50
2008/04/29,12.15,12.15,12.15,12.15,240700,12.15
2008/04/30,11.10,11.87,10.94,11.40,28825662,11.30
2008/05/05,11.40,12.42,11.40,12.18,18888178,11.79
2008/05/06,11.90,12.20,11.42,11.49,14242837,11.70
2008/05/07,11.50,11.69,11.04,11.20,6970365,11.27
2008/05/08,11.05,11.36,10.67,11.28,7056274,11.03
2008/05/09,11.18,11.24,10.30,10.60,6956087,10.81
2008/05/12,10.30,10.65,9.99,10.34,5655033,10.28
2008/05/13,9.90,10.99,9.90,10.77,7706964,10.53
2008/05/14,10.56,11.14,10.50,11.08,6553781,10.90
2008/05/15,11.01,11.17,10.68,10.68,4625604,10.97
2008/05/16,10.55,11.12,10.52,10.70,2420795,10.77
2008/05/19,10.57,11.00,10.53,10.80,2332118,10.77
2008/05/20,10.79,10.96,9.80,9.92,3476324,10.42
2008/05/21,9.83,9.97,9.20,9.70,4103226,9.56
2008/05/22,9.55,10.08,9.35,9.98,4580430,9.75
2008/05/23,9.85,9.88,9.45,9.51,2379671,9.62
2008/05/26,9.36,9.69,9.11,9.11,2005650,9.33
2008/05/27,9.11,9.26,8.89,9.13,1814433,9.05
2008/05/28,9.13,9.43,8.83,9.30,2863868,9.16
2008/05/29,9.20,9.24,8.90,8.90,2892592,9.03
2008/05/30,8.95,9.18,8.82,9.10,2278824,9.03
2008/06/02,9.11,9.84,8.94,9.67,4965730,9.49
2008/06/03,9.52,9.65,9.25,9.27,2457750,9.39
2008/06/04,9.26,9.40,8.86,9.09,2511125,9.06
2008/06/05,9.00,9.29,8.88,9.15,1780169,9.08
2008/06/06,9.12,9.38,9.02,9.18,1999843,9.23
2008/06/10,8.88,8.88,8.26,8.26,1680333,8.42
2008/06/11,8.00,8.01,7.60,7.62,2487262,7.77
2008/06/12,7.64,7.82,7.40,7.63,1726796,7.60
2008/06/13,7.70,7.90,7.40,7.42,2395448,7.73
2008/06/16,7.43,7.55,7.08,7.24,1889180,7.27
2008/06/17,7.22,7.96,7.10,7.77,6920722,7.69
2008/06/18,7.60,8.08,7.31,7.84,5071563,7.80
2008/06/19,7.60,8.08,7.31,7.84,0,7.69
2008/06/20,7.10,8.10,7.06,7.40,4868323,7.45
2008/06/23,7.18,7.22,6.66,6.67,2977747,6.93
2008/06/24,6.58,6.88,6.40,6.77,2946253,6.65
2008/06/25,6.68,7.15,6.68,7.08,2914990,6.97
2008/06/26,6.95,7.34,6.83,7.16,3653462,7.09
2008/06/27,6.94,6.96,6.44,6.46,2609833,6.67
2008/06/30,6.43,6.62,6.26,6.50,1479327,6.45
2008/07/01,6.58,6.70,6.37,6.52,1716102,6.53
2008/07/02,6.52,6.71,6.47,6.60,1487510,6.60
2008/07/03,6.50,7.10,6.40,6.88,2832585,6.82
2008/07/04,6.90,6.95,6.67,6.70,1653015,6.79
2008/07/07,6.72,7.37,6.72,7.14,3223425,7.14
2008/07/08,7.15,7.38,7.06,7.26,2863267,7.23
2008/07/09,7.21,7.47,7.21,7.46,4303731,7.33
2008/07/10,7.32,7.51,7.27,7.27,2823779,7.38
2008/07/11,7.21,7.30,7.05,7.16,1811176,7.14
2008/07/14,7.18,7.46,7.15,7.42,2118157,7.26
2008/07/15,7.43,7.54,6.98,7.00,3161398,7.12
2008/07/16,6.98,6.98,6.43,6.62,1975257,6.64
2008/07/17,6.74,6.83,6.48,6.58,1405579,6.58
2008/07/18,6.67,6.97,6.56,6.93,1598245,6.71
2008/07/21,6.88,7.24,6.69,7.15,2644670,6.97
2008/07/22,7.10,7.86,7.08,7.86,6712946,7.41
2008/07/23,7.68,7.86,7.38,7.47,7002420,7.56
2008/07/24,7.49,7.83,7.49,7.65,4880081,7.57
2008/07/25,7.44,8.03,7.26,7.84,14057854,7.60
2008/07/28,7.74,8.18,7.72,7.84,10833453,7.84
2008/07/29,7.73,7.83,7.52,7.56,4676110,7.55
2008/07/30,7.67,7.82,7.54,7.74,4332270,7.62
2008/07/31,7.76,8.17,7.67,7.88,9525247,7.87
2008/08/01,7.93,8.33,7.80,8.32,13283969,8.05
2008/08/04,8.26,8.61,8.10,8.11,12272920,8.28
2008/08/05,8.04,8.17,7.57,7.65,5139920,7.79
2008/08/06,7.70,7.92,7.50,7.87,3164007,7.64
2008/08/07,7.89,7.92,7.41,7.61,3865550,7.55
2008/08/08,7.64,7.81,6.86,6.86,4328775,7.19
2008/08/11,6.63,6.85,6.18,6.18,3958122,6.25
2008/08/12,6.06,6.13,5.80,5.92,2966373,5.87
2008/08/13,5.76,6.14,5.68,6.01,2343330,5.81
2008/08/14,5.90,6.14,5.89,6.03,2127942,5.94
2008/08/15,5.99,6.16,5.90,6.03,2189746,5.97
2008/08/18,6.07,6.07,5.44,5.44,2418500,5.56
2008/08/19,5.26,5.53,5.18,5.47,1796891,5.31
2008/08/20,5.38,6.00,5.26,5.97,3906995,5.68
2008/08/21,5.82,5.97,5.52,5.56,3027288,5.65
2008/08/22,5.54,5.61,5.26,5.39,1950644,5.32
2008/08/25,5.45,5.60,5.30,5.44,1641431,5.42
2008/08/26,5.37,5.44,5.06,5.13,1787618,5.11
2008/08/27,5.14,5.25,4.97,5.13,1386153,5.03
2008/08/28,5.13,5.25,5.08,5.25,1351500,5.11
2008/08/29,5.25,5.50,5.23,5.44,2021390,5.29
2008/09/01,5.38,5.38,5.07,5.13,1701979,5.11
2008/09/02,5.13,5.32,5.04,5.24,1500553,5.13
2008/09/03,5.25,5.32,5.13,5.28,1485739,5.16
2008/09/04,5.32,5.43,5.23,5.35,1398351,5.23
2008/09/05,5.12,5.22,5.04,5.05,1761202,5.04
2008/09/08,5.00,5.08,4.75,4.80,1641198,4.79
2008/09/09,4.83,4.89,4.76,4.83,725279,4.75
2008/09/10,4.84,4.98,4.70,4.87,1335205,4.81
2008/09/11,4.77,4.95,4.66,4.70,1249010,4.68
2008/09/12,4.73,4.79,4.65,4.73,833842,4.65
2008/09/16,4.71,4.77,4.59,4.68,1250455,4.61
2008/09/17,4.66,4.75,4.58,4.61,1074711,4.57
2008/09/18,4.52,4.57,4.20,4.44,1927839,4.31
2008/09/19,4.85,4.88,4.68,4.88,2506736,4.77
2008/09/22,5.22,5.35,4.95,5.05,5231736,5.05
2008/09/23,4.84,4.90,4.57,4.57,3092000,4.62
2008/09/24,4.48,4.67,4.44,4.67,1791217,4.46
2008/09/25,4.68,4.83,4.59,4.81,2916528,4.67
2008/09/26,4.68,4.83,4.59,4.81,0,4.71
2008/10/06,4.67,4.75,4.48,4.53,1366078,4.51
2008/10/07,4.44,4.55,4.39,4.50,987321,4.38
2008/10/08,4.40,4.44,4.29,4.33,957520,4.30
2008/10/09,4.40,4.47,4.32,4.33,1106399,4.31
2008/10/10,4.11,4.20,3.98,3.99,1607100,4.00
2008/10/13,3.93,4.11,3.79,4.07,1290602,3.84
2008/10/14,4.21,4.31,3.87,3.89,2107872,4.07
2008/10/15,3.90,4.03,3.79,4.02,1205702,3.86
2008/10/16,3.88,3.96,3.79,3.85,1135596,3.80
2008/10/17,3.92,3.93,3.82,3.90,1180737,3.79
2008/10/20,3.86,4.15,3.82,4.12,2022891,3.96
2008/10/21,4.11,4.24,4.08,4.08,2532727,4.09
2008/10/22,4.05,4.14,4.01,4.09,1329779,4.01
2008/10/23,4.04,4.17,3.99,4.14,1411236,4.01
2008/10/24,4.12,4.17,3.94,4.01,1516837,3.97
2008/10/27,3.90,3.94,3.62,3.62,1625120,3.69
2008/10/28,3.58,3.77,3.51,3.73,1301951,3.58
2008/10/29,3.81,3.81,3.61,3.66,1113216,3.63
2008/10/30,3.70,3.81,3.65,3.76,1161443,3.66
2008/10/31,3.77,3.77,3.65,3.67,539845,3.62
2008/11/03,3.60,3.71,3.59,3.64,457208,3.59
2008/11/04,3.60,3.65,3.43,3.60,1154208,3.48
2008/11/05,3.61,3.77,3.60,3.77,1584981,3.64
2008/11/06,3.69,3.72,3.61,3.71,802091,3.59
2008/11/07,3.63,3.82,3.63,3.79,1455925,3.67
2008/11/10,3.86,4.11,3.80,4.08,2853207,3.89
2008/11/11,4.00,4.37,3.98,4.26,4667414,4.07
2008/11/12,4.26,4.36,4.13,4.31,5057422,4.19
2008/11/13,4.23,4.50,4.19,4.46,5582416,4.30
2008/11/14,4.44,4.61,4.30,4.59,6354782,4.39
2008/11/17,4.53,4.76,4.48,4.73,5078837,4.54
2008/11/18,4.67,4.73,4.27,4.27,4878776,4.39
2008/11/19,4.24,4.55,4.18,4.52,4086984,4.31
2008/11/20,4.44,4.74,4.38,4.61,5544147,4.50
2008/11/21,4.48,4.61,4.21,4.46,3458516,4.35
2008/11/24,4.47,4.56,4.27,4.28,2650312,4.34
2008/11/25,4.36,4.40,4.13,4.24,1772909,4.17
2008/11/26,4.23,4.35,4.21,4.26,1375801,4.21
2008/11/27,4.56,4.59,4.30,4.31,3413096,4.37
2008/11/28,4.29,4.36,4.21,4.28,1484952,4.19
2008/12/01,4.28,4.70,4.27,4.70,8049875,4.54
2008/12/02,4.66,5.14,4.61,4.86,13614581,4.81
2008/12/03,4.85,5.12,4.83,5.02,8207955,4.90
2008/12/04,5.07,5.20,4.88,4.90,8152195,4.98
2008/12/05,4.88,5.12,4.88,5.10,4804730,4.96
2008/12/08,5.19,5.36,5.10,5.35,9077345,5.14
2008/12/09,5.32,5.32,5.05,5.11,5244243,5.09
2008/12/10,5.00,5.40,5.00,5.31,4581633,5.09
2008/12/11,5.26,5.40,5.08,5.08,4519353,5.15
2008/12/12,5.01,5.08,4.62,4.77,3894449,4.76
2008/12/15,4.83,4.90,4.72,4.86,2255450,4.74
2008/12/16,4.78,4.94,4.58,4.92,2586731,4.69
2008/12/17,4.92,5.08,4.90,4.94,3871875,4.91
2008/12/18,4.91,5.05,4.84,5.04,3623295,4.88
2008/12/19,5.06,5.22,4.99,5.19,4583934,5.09
2008/12/22,5.23,5.70,5.17,5.55,9727541,5.35
2008/12/23,5.53,5.53,5.06,5.07,7275927,5.26
2008/12/24,4.98,5.16,4.88,5.14,4429465,4.94
2008/12/25,5.11,5.36,5.08,5.23,5898285,5.16
2008/12/26,5.23,5.43,5.20,5.32,5636926,5.26
2008/12/29,5.34,5.38,4.81,5.01,4684765,4.93
2008/12/30,5.01,5.12,4.90,4.93,2796812,4.94
2008/12/31,4.97,5.03,4.87,4.89,2704026,4.87
2009/01/05,4.98,5.23,4.94,5.21,3439415,5.03
2009/01/06,5.21,5.37,5.15,5.33,4895468,5.20
2009/01/07,5.28,5.64,5.21,5.54,6427490,5.31
2009/01/08,5.37,5.88,5.33,5.70,12110035,5.59
2009/01/09,5.64,5.97,5.63,5.80,8896521,5.75
2009/01/12,5.80,5.98,5.68,5.69,8904229,5.76
2009/01/13,5.63,5.64,5.33,5.38,5086695,5.44
2009/01/14,5.38,5.88,5.38,5.83,5421060,5.61
2009/01/15,5.76,5.98,5.72,5.79,5437348,5.76
2009/01/16,5.81,5.93,5.68,5.77,4701213,5.70
2009/01/19,5.83,5.86,5.59,5.74,2976410,5.61
2009/01/20,5.73,5.83,5.55,5.81,2789444,5.61
2009/01/21,5.70,5.81,5.63,5.70,2800706,5.62
2009/01/22,5.69,5.82,5.65,5.80,2933516,5.69
2009/01/23,5.76,6.03,5.76,5.91,5437367,5.87
2009/02/02,5.96,6.20,5.93,6.16,5346980,6.00
2009/02/03,6.19,6.22,6.05,6.16,5497931,6.03
2009/02/04,6.18,6.29,6.09,6.22,5026692,6.10
2009/02/05,6.19,6.24,5.96,6.00,5679082,6.03
2009/02/06,6.00,6.36,6.00,6.30,6425759,6.09
2009/02/09,6.32,6.47,6.23,6.38,5463360,6.27
2009/02/10,6.36,6.68,6.28,6.62,5578715,6.37
2009/02/11,6.53,6.86,6.44,6.49,7119248,6.55
2009/02/12,6.53,6.83,6.31,6.83,6533049,6.53
2009/02/13,6.86,7.38,6.74,7.27,8210122,7.04
2009/02/16,7.33,7.50,7.04,7.47,9218676,7.18
2009/02/17,7.52,7.88,7.30,7.55,11243539,7.55
2009/02/18,7.33,7.58,7.16,7.30,7535056,7.28
2009/02/19,7.33,7.57,7.17,7.38,5818888,7.30
2009/02/20,7.35,7.88,7.28,7.79,6634344,7.46
2009/02/23,7.79,8.05,7.59,7.98,5809237,7.78
2009/02/24,7.89,8.06,7.38,7.39,6822130,7.58
2009/02/25,7.43,7.55,7.03,7.36,4893891,7.20
2009/02/26,7.35,7.55,6.63,6.73,5116309,7.01
2009/02/27,6.63,6.73,6.08,6.37,5697749,6.29
2009/03/02,6.31,6.54,6.16,6.51,3520734,6.35
2009/03/03,6.33,6.54,6.27,6.43,2432412,6.34
2009/03/04,6.46,6.98,6.44,6.89,4275649,6.66
2009/03/05,6.96,7.08,6.65,6.89,5117483,6.79
2009/03/06,6.72,7.05,6.63,7.05,3430773,6.80
2009/03/09,7.16,7.29,6.67,6.74,4476618,6.97
2009/03/10,6.58,6.93,6.58,6.92,2150069,6.67
2009/03/11,7.02,7.06,6.74,6.77,2442862,6.85
2009/03/12,6.76,6.83,6.45,6.77,2281154,6.57
2009/03/13,6.76,6.84,6.71,6.75,2086445,6.68
2009/03/16,6.75,6.94,6.65,6.91,1936641,6.75
2009/03/17,6.88,7.22,6.80,7.16,3299673,7.01
2009/03/18,7.16,7.29,7.10,7.23,4120742,7.12
2009/03/19,7.26,7.31,7.13,7.27,3539005,7.17
2009/03/20,7.53,7.84,7.49,7.62,9435586,7.57
2009/03/23,7.64,7.73,7.50,7.66,5325906,7.56
2009/03/24,7.73,7.94,7.58,7.82,4926432,7.65
2009/03/25,7.74,7.92,7.54,7.56,4240405,7.68
2009/03/26,7.55,7.73,7.39,7.72,3674510,7.49
2009/03/27,7.72,7.80,7.62,7.67,3222363,7.64
2009/03/30,7.70,7.93,7.61,7.83,4007797,7.70
2009/03/31,7.72,7.84,7.63,7.84,3183551,7.66
2009/04/01,7.88,8.22,7.86,8.08,5622550,7.98
2009/04/02,8.12,8.57,8.03,8.26,6099679,8.25
2009/04/03,8.22,8.33,7.99,8.17,3935937,8.09
2009/04/07,8.24,8.64,8.18,8.58,5047170,8.39
2009/04/08,8.58,8.82,8.18,8.20,6230711,8.47
2009/04/09,8.16,8.35,7.90,8.34,4018659,8.09
2009/04/10,8.38,8.68,8.31,8.61,4875872,8.47
2009/04/13,8.64,8.96,8.58,8.73,5731348,8.69
2009/04/14,8.79,9.26,8.53,9.19,6765421,8.82
2009/04/15,9.08,9.58,8.97,9.53,7280518,9.31
2009/04/16,9.08,9.58,8.97,9.53,0,9.28
2009/04/17,9.48,9.48,8.77,9.05,5147908,9.08
2009/04/20,9.03,9.40,8.90,9.28,3727040,9.13
2009/04/21,9.03,9.40,8.90,9.28,0,9.15
2009/04/22,9.03,9.40,8.90,9.28,0,9.15
2009/04/23,9.03,9.40,8.90,9.28,0,9.15
2009/04/24,9.03,9.40,8.90,9.28,0,9.15
2009/04/27,9.03,9.40,8.90,9.28,0,9.15
2009/04/28,9.03,9.40,8.90,9.28,0,9.15
2009/04/29,9.03,9.40,8.90,9.28,0,9.15
2009/04/30,10.20,10.20,9.08,9.18,7138259,9.40
2009/05/04,9.18,9.48,9.03,9.45,5643953,9.15
2009/05/05,9.42,9.43,9.17,9.27,4078066,9.21
2009/05/06,9.32,9.88,9.23,9.88,6232354,9.54
2009/05/07,9.97,10.04,9.49,9.84,5555462,9.68
2009/05/08,9.78,9.83,9.51,9.73,3333672,9.60
2009/05/11,9.78,9.83,8.98,8.99,4290025,9.31
2009/05/12,8.93,9.26,8.83,9.26,3696798,8.97
2009/05/13,9.43,9.67,9.41,9.54,4443947,9.49
2009/05/14,9.48,9.48,9.31,9.41,2192571,9.29
2009/05/15,9.48,9.58,9.40,9.57,2257931,9.41
2009/05/18,9.57,9.73,9.38,9.68,2892537,9.52
2009/05/19,9.78,9.79,9.53,9.55,4260677,9.53
2009/05/20,9.52,9.62,9.27,9.28,3937133,9.44
2009/05/21,9.23,9.23,8.83,8.87,4014821,9.03
2009/05/22,8.88,9.11,8.88,9.05,2205828,9.00
2009/05/25,8.85,9.07,8.61,9.03,3187137,8.84
2009/05/26,8.96,9.22,8.92,9.07,2431169,9.07
2009/05/27,9.07,9.16,8.96,9.07,1597158,9.06
2009/06/01,9.03,9.15,9.02,9.09,2341645,9.08
2009/06/02,9.19,9.36,9.13,9.23,3839246,9.25
2009/06/03,9.29,9.75,9.28,9.65,6873009,9.51
2009/06/04,9.58,9.58,9.39,9.46,4509845,9.49
2009/06/05,9.48,9.58,9.33,9.36,3165728,9.46
2009/06/08,9.27,9.41,9.13,9.16,2481477,9.27
2009/06/09,9.11,9.28,9.03,9.27,1915161,9.15
2009/06/10,9.31,9.32,9.19,9.27,2054716,9.25
2009/06/11,9.39,9.50,9.27,9.33,3661495,9.38
2009/06/12,9.33,9.41,8.87,8.93,2950813,9.14
2009/06/15,9.00,9.23,8.98,9.18,1905742,9.11
2009/06/16,9.09,9.15,8.97,9.03,1641908,9.06
2009/06/17,9.11,9.15,8.93,9.13,1847040,9.04
2009/06/18,9.11,9.15,8.93,9.13,0,9.04
2009/06/19,9.22,9.31,9.09,9.22,2713037,9.20
2009/06/22,9.28,9.55,9.18,9.52,6769365,9.37
2009/06/23,9.44,9.65,9.28,9.52,4720609,9.46
2009/06/24,9.53,9.70,9.45,9.53,3959796,9.57
2009/06/25,9.55,9.62,9.40,9.55,3946786,9.51
2009/06/26,9.58,10.23,9.58,9.94,11686682,9.91
2009/06/29,9.91,10.09,9.70,9.76,6220534,9.89
2009/06/30,9.75,9.83,9.44,9.44,5211057,9.63
2009/07/01,9.45,9.52,9.44,9.46,2779349,9.48
2009/07/02,9.49,9.63,9.45,9.52,4065523,9.54
2009/07/03,9.45,9.52,9.36,9.41,3738442,9.44
2009/07/06,9.41,9.61,9.39,9.59,3416931,9.50
2009/07/07,9.59,9.67,9.46,9.49,3306809,9.57
2009/07/08,9.45,9.57,9.42,9.57,2821409,9.50
2009/07/09,9.61,9.89,9.59,9.87,6094237,9.74
2009/07/10,9.92,10.01,9.75,9.93,6624714,9.88
2009/07/13,9.98,10.15,9.85,9.93,5907081,10.00
2009/07/14,9.98,10.39,9.84,10.31,9253277,10.12
2009/07/15,10.35,10.36,10.13,10.14,10071190,10.25
2009/07/16,10.14,10.26,9.93,10.00,6698710,10.09
2009/07/17,10.00,10.17,9.92,10.15,5144475,10.04
2009/07/20,10.17,10.32,10.11,10.24,7072748,10.21
2009/07/21,10.26,10.26,9.71,9.75,6531014,9.99
2009/07/22,9.76,9.92,9.72,9.84,3845447,9.82
2009/07/23,9.85,9.98,9.78,9.89,3515574,9.88
2009/07/24,10.01,10.02,9.74,9.85,4335613,9.88
2009/07/27,9.88,10.10,9.87,10.07,6587064,9.98
2009/07/28,9.98,10.18,9.93,10.18,6178561,10.05
2009/07/29,10.18,10.24,9.19,9.50,7921422,9.71
2009/07/30,9.58,10.18,9.44,10.11,8863270,9.81
2009/07/31,10.10,10.78,10.05,10.62,21851596,10.42
2009/08/03,10.53,11.21,10.33,10.92,15677061,10.77
2009/08/04,10.98,11.83,10.98,11.83,18562414,11.41
2009/08/05,11.58,12.00,11.28,11.49,10829713,11.64
2009/08/06,11.34,11.56,11.05,11.24,6647684,11.31
2009/08/07,11.18,11.56,10.70,10.74,5777484,11.13
2009/08/10,10.95,11.79,10.91,11.79,17984068,11.35
2009/08/11,11.83,11.83,11.31,11.48,10529790,11.57
2009/08/12,11.40,11.63,10.46,10.50,7921811,11.05
2009/08/13,10.49,10.89,10.32,10.72,4652449,10.61
2009/08/14,10.69,10.71,9.88,10.01,5356612,10.30
2009/08/17,9.79,10.04,9.19,9.28,4717843,9.61
2009/08/18,9.02,9.70,9.00,9.59,3415234,9.35
2009/08/19,9.54,9.63,8.88,8.93,3666424,9.26
2009/08/20,9.03,9.33,8.80,9.28,4560839,9.07
2009/08/21,9.31,9.76,9.20,9.71,4722294,9.48
2009/08/24,9.78,9.96,9.62,9.87,4796431,9.79
2009/08/25,9.87,9.87,9.23,9.52,5605665,9.55
2009/08/26,9.52,10.11,9.41,9.87,5220332,9.76
2009/08/27,9.79,10.52,9.67,10.39,7970293,10.09
2009/08/28,10.19,10.62,9.93,10.48,7486118,10.27
2009/08/31,10.17,10.41,9.78,9.79,4769676,10.09
2009/09/01,9.78,10.36,9.58,10.14,5524406,9.97
2009/09/02,10.17,10.88,10.06,10.72,10772780,10.47
2009/09/03,10.57,11.21,10.49,11.11,11752170,10.85
2009/09/04,10.97,11.02,10.74,10.85,8791798,10.88
2009/09/07,10.84,11.14,10.63,10.79,7051215,10.89
2009/09/08,10.71,10.92,10.62,10.84,4681392,10.77
2009/09/09,10.83,10.84,10.53,10.74,5415717,10.68
2009/09/10,10.63,10.79,10.32,10.41,4292117,10.55
2009/09/11,10.41,10.70,10.30,10.62,3321159,10.50
2009/09/14,10.87,11.37,10.87,11.02,8015383,11.12
2009/09/15,11.04,11.13,10.84,10.93,5021940,10.99
2009/09/16,10.93,11.23,10.53,11.10,6418312,10.88
2009/09/17,11.02,11.75,11.01,11.39,10433199,11.38
2009/09/18,11.41,11.96,11.09,11.31,11705362,11.53
2009/09/21,11.09,11.60,10.95,11.53,4564523,11.27
2009/09/22,11.50,11.66,10.95,10.95,4059884,11.30
2009/09/23,10.93,11.10,10.36,10.52,3789907,10.73
2009/09/24,10.52,10.62,10.30,10.50,3001609,10.46
2009/09/25,10.48,10.63,10.32,10.43,1603187,10.48
2009/09/28,10.41,10.82,10.40,10.79,6108191,10.61
2009/09/29,10.75,11.31,10.59,11.15,9303285,10.95
2009/09/30,11.23,11.32,10.96,11.10,4071934,11.14
2009/10/09,11.10,11.60,11.02,11.54,6002366,11.31
2009/10/12,11.47,11.66,11.27,11.44,4513724,11.46
2009/10/13,11.35,11.70,11.09,11.67,5170824,11.39
2009/10/14,11.67,11.73,11.36,11.40,5985053,11.54
2009/10/15,11.44,11.50,11.24,11.31,3512979,11.37
2009/10/16,11.36,11.92,11.24,11.86,8695716,11.58
2009/10/19,11.86,12.19,11.67,11.89,8018910,11.93
2009/10/20,11.92,12.08,11.70,11.93,6845156,11.89
2009/10/21,12.00,12.49,11.87,12.28,10269047,12.18
2009/10/22,12.36,13.13,12.19,12.52,11803721,12.66
2009/10/23,12.61,12.67,12.26,12.41,8525102,12.46
2009/10/26,12.44,12.57,12.00,12.44,6378410,12.29
2009/10/27,12.35,12.36,11.80,11.86,4662679,12.08
2009/10/28,11.80,12.05,11.65,11.99,3679943,11.85
2009/10/29,11.74,11.96,11.61,11.71,2562556,11.79
2009/10/30,11.86,12.09,11.74,11.84,3155848,11.92
2009/11/02,11.66,12.19,11.49,12.18,4206884,11.84
2009/11/03,12.19,12.47,12.12,12.39,4315174,12.29
2009/11/04,12.32,12.48,12.22,12.31,3243926,12.35
2009/11/05,12.34,12.61,12.27,12.60,4365674,12.44
2009/11/06,12.70,12.73,12.38,12.38,4110577,12.56
2009/11/09,12.38,12.41,12.19,12.35,3147939,12.30
2009/11/10,12.39,12.65,12.31,12.36,3850866,12.48
2009/11/11,12.35,12.45,12.10,12.35,3594887,12.27
2009/11/12,12.34,12.64,12.27,12.48,4193018,12.46
2009/11/13,12.48,13.64,12.48,13.42,15676057,13.06
2009/11/16,14.00,14.74,13.82,14.74,22951043,14.28
2009/11/17,14.94,14.95,14.20,14.42,14964931,14.57
2009/11/18,14.34,14.79,14.23,14.48,8851471,14.51
2009/11/19,14.46,14.91,14.29,14.86,9713079,14.60
2009/11/20,14.81,15.21,14.49,14.61,9136624,14.85
2009/11/23,14.46,14.94,14.07,14.86,9610374,14.50
2009/11/24,14.85,14.86,13.68,13.75,7240263,14.27
2009/11/25,13.62,14.30,13.58,14.18,4484631,13.94
2009/11/26,14.18,14.34,13.19,13.22,5505256,13.76
2009/11/27,13.14,13.49,12.92,13.01,4485479,13.21
2009/11/30,13.18,13.61,13.18,13.61,3634109,13.39
2009/12/01,13.61,14.01,13.55,13.96,3535541,13.78
2009/12/02,14.00,14.65,13.99,14.52,7491585,14.32
2009/12/03,14.33,14.57,14.22,14.42,4543872,14.40
2009/12/04,14.25,14.51,13.40,13.81,5348715,13.96
2009/12/07,13.81,14.40,13.61,14.31,5137961,14.00
2009/12/08,14.33,14.48,14.07,14.39,6496906,14.28
2009/12/09,14.10,14.39,13.79,14.03,3329747,14.09
2009/12/10,13.95,14.39,13.95,14.35,2945134,14.17
2009/12/11,14.40,15.69,14.40,15.44,14698217,15.04
2009/12/14,15.18,15.33,14.60,15.13,7304598,14.96
2009/12/15,14.98,15.43,14.87,15.04,5074635,15.15
2009/12/16,15.26,15.43,14.73,15.04,5175407,15.08
2009/12/17,14.85,15.11,14.01,14.14,4878407,14.56
2009/12/18,13.92,14.12,13.36,13.39,3837418,13.74
2009/12/21,13.42,13.78,13.30,13.77,2370445,13.54
2009/12/22,13.74,14.04,13.01,13.10,2787532,13.52
2009/12/23,13.05,13.39,13.05,13.34,2009160,13.22
2009/12/24,13.45,13.92,13.26,13.83,2717062,13.59
2009/12/25,13.84,14.10,13.65,13.94,3353566,13.88
2009/12/28,13.83,14.21,13.83,13.95,3300626,14.02
2009/12/29,14.04,14.51,13.94,14.48,5341767,14.22
2009/12/30,14.46,14.56,14.12,14.25,2902926,14.34
2009/12/31,14.26,14.36,14.12,14.27,2404216,14.24
2010/01/04,14.48,15.03,14.30,14.85,6852333,14.67
2010/01/05,15.04,15.08,14.53,14.87,6096313,14.80
2010/01/06,14.91,15.24,14.72,14.91,5444947,14.98
2010/01/07,14.95,15.11,14.10,14.20,4179677,14.60
2010/01/08,14.21,14.57,13.88,14.55,3618481,14.23
2010/01/11,14.51,15.37,14.33,15.11,8269133,14.85
2010/01/12,15.11,16.60,15.04,16.60,16715751,15.82
2010/01/13,16.67,18.07,16.67,17.28,22459072,17.37
2010/01/14,17.19,18.49,17.07,17.90,12902774,17.78
2010/01/15,17.68,18.04,17.42,17.77,6699106,17.73
2010/01/18,17.84,18.36,17.52,18.16,5073564,17.94
2010/01/19,18.19,18.32,17.08,17.41,6632304,17.70
2010/01/20,17.38,17.64,16.28,16.67,6730403,16.96
2010/01/21,16.64,16.80,16.28,16.56,4178657,16.54
2010/01/22,16.41,16.65,15.69,15.90,4273620,16.17
2010/01/25,15.95,16.26,15.90,16.02,2496124,16.08
2010/01/26,16.02,16.18,15.25,15.26,3322231,15.71
2010/01/27,15.39,16.43,15.17,16.02,4616502,15.80
2010/01/28,15.95,16.51,15.81,16.28,3536836,16.16
2010/01/29,16.07,16.95,15.83,16.72,5207092,16.39
2010/02/01,16.55,16.68,15.50,15.76,4294110,16.09
2010/02/02,15.79,16.12,15.51,15.64,2902632,15.82
2010/02/03,15.64,15.82,14.40,15.33,3745132,15.11
2010/02/04,15.31,15.57,15.11,15.33,3521580,15.34
2010/02/05,14.85,14.98,14.20,14.34,4542422,14.59
2010/02/08,14.27,14.79,14.16,14.69,1889152,14.47
2010/02/09,14.73,15.34,14.56,15.33,2741796,14.95
2010/02/10,15.48,15.48,15.07,15.22,1184399,15.28
2010/02/11,15.24,15.30,14.68,14.70,1673279,14.99
2010/02/12,14.74,14.96,14.72,14.95,853257,14.84
2010/02/22,14.92,15.29,14.88,15.00,1474616,15.08
2010/02/23,14.98,15.24,14.72,15.24,1541621,14.98
2010/02/24,15.24,15.83,15.11,15.74,3232103,15.47
2010/02/25,15.77,16.20,15.64,15.87,3408666,15.92
2010/02/26,15.87,16.21,15.79,16.00,3007066,16.00
2010/03/01,15.95,16.69,15.95,16.57,4215244,16.32
2010/03/02,16.63,16.64,16.21,16.44,3582496,16.43
2010/03/03,16.44,16.90,16.29,16.69,4242668,16.59
2010/03/04,16.73,16.78,15.63,15.81,3370273,16.21
2010/03/05,15.98,16.08,15.63,15.73,2134019,15.85
2010/03/08,15.74,15.92,15.64,15.83,1500701,15.78
2010/03/09,15.76,15.90,15.47,15.74,1628288,15.69
2010/03/10,15.61,15.85,15.26,15.31,1752719,15.55
2010/03/11,15.31,15.47,14.90,15.11,2399321,15.19
2010/03/12,15.20,15.20,14.61,14.62,2394291,14.90
2010/03/15,14.49,14.87,14.33,14.72,2017198,14.60
2010/03/16,14.72,14.90,14.66,14.88,1115193,14.78
2010/03/17,14.90,16.25,14.90,15.91,5143245,15.58
2010/03/18,15.90,15.95,15.64,15.89,2835145,15.79
2010/03/19,15.87,16.05,15.76,16.03,2132857,15.91
2010/03/22,16.04,16.35,15.79,16.31,3513696,16.07
2010/03/23,16.38,16.46,15.90,15.98,2801439,16.18
2010/03/24,16.02,16.15,15.63,15.72,2559328,15.89
2010/03/25,15.65,15.85,15.26,15.35,2026936,15.55
2010/03/26,15.24,15.87,15.24,15.76,2110916,15.55
2010/03/29,15.76,15.91,15.59,15.65,2131267,15.75
2010/03/30,15.65,16.64,15.65,16.37,6185586,16.15
2010/03/31,16.37,16.47,16.08,16.26,2633512,16.27
2010/04/01,16.26,16.73,16.21,16.55,4848791,16.47
2010/04/02,16.60,18.16,16.43,18.13,11215750,17.29
2010/04/06,17.82,17.82,17.32,17.54,6561149,17.57
2010/04/07,17.47,17.77,17.19,17.39,4534827,17.48
2010/04/08,17.19,17.45,17.04,17.11,3849200,17.24
2010/04/09,17.12,17.67,17.12,17.55,6478768,17.40
2010/04/12,17.55,18.72,17.38,18.23,10865524,18.05
2010/04/13,18.37,18.95,17.55,18.89,9627071,18.25
2010/04/14,18.88,19.24,18.46,18.76,6700719,18.85
2010/04/15,18.88,19.24,18.46,18.76,0,18.85
2010/04/16,17.20,18.65,17.20,18.06,3281170,17.92
2010/04/19,18.03,18.36,17.48,17.52,3767920,17.92
2010/04/20,17.52,18.36,17.33,18.34,3096797,17.84
2010/04/21,18.32,18.94,18.13,18.75,4611031,18.54
2010/04/22,18.62,19.58,18.51,19.25,5850613,19.04
2010/04/23,18.98,19.45,18.20,18.39,5285533,18.82
2010/04/26,18.29,18.34,17.72,17.82,4404512,18.03
2010/04/27,17.78,17.95,16.77,17.08,4996864,17.36
2010/04/28,17.78,17.95,16.77,17.08,0,17.36
2010/04/29,17.78,17.95,16.77,17.08,0,17.36
2010/04/30,17.78,17.95,16.77,17.08,0,17.36
2010/05/04,16.15,16.39,15.39,15.50,5225580,15.89
2010/05/05,15.51,16.30,15.51,16.28,3197126,15.91
2010/05/06,16.44,16.73,15.64,15.69,3364548,16.19
2010/05/07,15.24,15.24,14.43,14.57,4962521,14.83
2010/05/10,14.68,14.94,13.52,13.81,3869399,14.23
2010/05/11,14.20,14.21,13.16,13.30,3697848,13.69
2010/05/12,13.16,13.69,13.04,13.47,2636077,13.36
2010/05/13,13.29,14.52,13.19,14.42,3584552,13.85
2010/05/14,14.33,14.57,13.97,14.47,3512974,14.27
2010/05/17,14.20,14.26,13.29,13.40,2479298,13.77
2010/05/18,13.39,14.01,13.29,13.91,2696987,13.65
2010/05/19,13.77,14.18,13.38,13.77,2059077,13.78
2010/05/20,13.61,14.70,13.61,14.30,5380796,14.15
2010/05/21,13.69,14.77,13.57,14.72,4111768,14.17
2010/05/24,14.72,15.95,14.72,15.78,6461162,15.33
2010/05/25,15.69,16.05,15.47,15.91,5597664,15.76
2010/05/26,15.73,16.15,15.57,15.74,4118913,15.86
2010/05/27,15.83,16.15,15.20,16.09,4726512,15.67
2010/05/28,16.16,16.43,15.79,16.37,6565607,16.11
2010/05/31,16.15,16.37,15.14,15.22,4955682,15.76
2010/06/01,15.08,15.18,14.34,14.61,3004093,14.76
2010/06/02,14.61,14.85,14.33,14.81,2293405,14.59
2010/06/03,14.95,15.01,14.46,14.49,3146679,14.74
2010/06/04,14.43,14.60,14.22,14.53,1941899,14.41
2010/06/07,14.10,14.44,13.88,14.30,2123932,14.16
2010/06/08,14.16,14.78,14.16,14.59,2378579,14.47
2010/06/09,14.62,15.05,14.51,15.05,3037863,14.78
2010/06/10,15.05,15.31,14.87,15.14,3173269,15.09
2010/06/11,15.27,15.40,14.92,15.08,2594379,15.16
2010/06/17,15.14,15.39,14.98,14.98,1557582,15.19
2010/06/18,15.14,15.39,14.98,14.98,0,15.19
2010/06/21,14.31,14.90,13.65,14.79,1864951,14.28
2010/06/22,14.82,14.92,14.60,14.62,1454406,14.76
2010/06/23,14.46,14.55,14.01,14.25,2191304,14.28
2010/06/24,14.17,14.36,14.04,14.17,969475,14.20
2010/06/25,14.16,14.29,13.92,14.26,1308102,14.10
2010/06/28,14.21,14.21,13.81,13.82,1149350,14.01
2010/06/29,13.82,14.00,12.65,12.65,2195610,13.33
2010/06/30,12.45,12.48,11.97,12.05,1917322,12.23
2010/07/01,12.05,12.26,11.80,11.83,1294322,12.03
2010/07/02,11.83,11.93,11.05,11.66,1649058,11.49
2010/07/05,11.69,11.86,11.44,11.82,1005132,11.65
2010/07/06,11.80,12.19,11.74,12.06,1737840,11.96
2010/07/07,12.08,12.18,11.89,12.06,1222659,12.04
2010/07/08,12.17,12.21,11.88,12.01,1032246,12.05
2010/07/09,12.01,13.16,11.74,12.75,3753038,12.45
2010/07/12,12.67,13.10,12.61,12.80,3612725,12.85
2010/07/13,12.75,13.09,12.62,12.96,3520999,12.85
2010/07/14,12.96,13.21,12.80,13.06,2846474,13.01
2010/07/15,13.04,13.22,12.71,12.74,2438120,12.97
2010/07/16,12.61,12.80,12.23,12.67,1543106,12.52
2010/07/19,12.60,13.65,12.49,13.39,5222000,13.07
2010/07/20,13.47,14.16,13.38,14.03,8653679,13.77
2010/07/21,14.03,14.27,13.66,13.88,4710550,13.96
2010/07/22,13.91,15.24,13.71,15.08,6596574,14.48
2010/07/23,14.88,15.40,14.43,14.68,8977853,14.92
2010/07/26,14.68,15.20,14.38,15.01,7608566,14.79
2010/07/27,15.01,15.47,14.70,15.05,8280233,15.08
2010/07/28,15.05,15.33,14.75,15.03,8808512,15.04
2010/07/29,15.03,15.13,14.51,14.62,10016356,14.82
2010/07/30,14.62,14.69,14.08,14.34,6223601,14.38
2010/08/02,14.30,14.65,14.26,14.56,4337306,14.46
2010/08/03,14.56,14.65,14.13,14.13,3935742,14.39
2010/08/04,14.14,14.65,14.13,14.65,4799071,14.39
2010/08/05,14.68,14.75,14.40,14.51,3578168,14.58
2010/08/06,14.51,14.74,14.22,14.74,4563900,14.48
2010/08/09,14.79,15.27,14.72,15.16,6531775,15.00
2010/08/10,15.20,15.26,14.42,14.42,4824624,14.84
2010/08/11,14.23,14.49,14.17,14.43,2501425,14.33
2010/08/12,14.20,14.40,13.91,13.91,2684120,14.16
2010/08/13,13.99,14.30,13.97,14.29,1612818,14.14
2010/08/16,14.29,14.68,14.17,14.68,3448916,14.42
2010/08/17,14.79,15.34,14.59,15.30,9023941,14.96
2010/08/18,15.21,15.55,15.00,15.24,10585697,15.28
2010/08/19,15.35,15.35,14.88,14.96,6135455,15.12
2010/08/20,14.96,14.98,14.34,14.40,6235314,14.66
2010/08/23,14.27,15.13,14.27,15.04,8506855,14.70
2010/08/24,15.20,15.20,14.82,14.98,6173060,15.01
2010/08/25,14.82,15.60,14.56,15.51,13970237,15.08
2010/08/26,15.24,15.95,15.18,15.55,15077413,15.56
2010/08/27,15.40,15.86,15.22,15.55,7343443,15.54
2010/08/30,15.66,16.26,15.51,16.22,12897535,15.89
2010/08/31,16.18,16.64,15.99,16.51,11936424,16.32
2010/09/01,16.47,16.47,15.63,15.94,9369485,16.05
2010/09/02,16.22,16.31,15.74,16.09,5965039,16.02
2010/09/03,16.26,16.77,15.90,16.21,6761580,16.33
2010/09/06,16.18,16.21,15.60,15.63,6199551,15.91
2010/09/07,15.57,15.81,15.47,15.78,2909300,15.64
2010/09/08,15.57,15.81,15.47,15.78,0,15.64
2010/09/09,16.00,16.38,15.79,15.95,6709223,16.08
2010/09/10,16.12,16.70,15.99,16.46,10448354,16.34
2010/09/13,16.60,16.72,16.26,16.64,7590974,16.49
2010/09/14,16.57,16.57,16.18,16.46,5723067,16.38
2010/09/15,16.46,16.46,15.66,15.78,4282921,16.06
2010/09/16,15.70,15.90,14.69,14.95,4218003,15.29
2010/09/17,14.95,15.17,14.73,14.85,1958232,14.95
2010/09/20,14.88,15.08,14.68,14.74,1995923,14.88
2010/09/21,14.91,14.91,14.73,14.82,1251022,14.82
2010/09/27,14.90,15.21,14.90,15.21,1843016,15.06
2010/09/28,15.21,15.30,14.75,14.78,1630196,15.03
2010/09/29,14.77,14.94,14.49,14.49,1997592,14.71
2010/09/30,14.42,14.66,14.29,14.61,1476479,14.47
2010/10/08,14.85,15.08,14.72,14.91,2155215,14.90
2010/10/11,15.07,15.08,14.82,14.95,3447128,14.95
2010/10/12,14.92,15.26,14.83,15.03,2627525,15.04
2010/10/13,15.05,15.24,14.88,15.22,3837657,15.06
2010/10/14,15.25,15.33,14.17,14.17,6221654,14.75
2010/10/15,14.09,14.40,13.62,13.65,4894134,14.01
2010/10/18,13.64,13.82,13.19,13.79,4151232,13.50
2010/10/19,13.86,14.29,13.86,14.17,2782124,14.07
2010/10/20,14.01,14.22,13.86,13.97,3265669,14.04
2010/10/21,14.00,14.14,13.83,14.05,2330811,13.99
2010/10/22,14.13,14.29,14.04,14.22,2379308,14.16
2010/10/25,14.25,14.66,14.22,14.60,3440539,14.44
2010/10/26,14.62,14.69,14.30,14.64,3237931,14.50
2010/10/27,14.57,14.86,14.56,14.81,4534553,14.71
2010/10/28,14.82,14.82,14.42,14.81,3112865,14.62
2010/10/29,14.82,15.57,14.68,15.37,10030030,15.13
2010/11/01,15.16,15.83,15.14,15.68,7751210,15.49
2010/11/02,15.68,16.12,15.40,15.61,8634568,15.76
2010/11/03,15.60,15.60,14.98,14.99,4316181,15.29
2010/11/04,14.96,15.27,14.96,15.12,3182982,15.12
2010/11/05,15.13,15.40,15.03,15.20,3710962,15.21
2010/11/08,15.27,15.68,15.09,15.63,6165681,15.38
2010/11/09,15.63,15.81,15.39,15.48,4736876,15.60
2010/11/10,15.43,15.94,15.43,15.85,6698617,15.68
2010/11/11,15.74,16.02,15.48,15.52,7388455,15.75
2010/11/12,15.47,15.47,14.00,14.00,6056113,14.74
2010/11/15,14.04,14.43,13.86,14.23,3223814,14.14
2010/11/16,14.56,14.69,13.91,14.27,3680749,14.30
2010/11/17,14.04,14.49,13.83,13.86,2211014,14.16
2010/11/18,13.84,14.53,13.82,14.27,2533288,14.17
2010/11/19,14.34,14.48,13.91,14.42,3698817,14.20
2010/11/22,14.25,14.66,14.13,14.51,3010780,14.40
2010/11/23,14.39,14.62,13.62,13.99,2808259,14.12
2010/11/24,13.82,14.53,13.81,14.52,2314904,14.17
2010/11/25,14.52,15.95,14.44,15.95,16841034,15.19
2010/11/26,15.92,15.92,15.27,15.51,11466461,15.59
2010/11/29,15.66,15.68,15.08,15.52,7047364,15.38
2010/11/30,15.34,15.43,14.04,14.53,7206779,14.73
2010/12/01,14.35,14.82,14.17,14.75,2860261,14.50
2010/12/02,14.81,15.53,14.77,15.08,5688985,15.15
2010/12/03,15.11,15.33,14.62,14.74,3129712,14.97
2010/12/06,14.99,14.99,14.30,14.39,2297038,14.65
2010/12/07,14.36,14.60,14.12,14.51,1557090,14.36
2010/12/08,14.49,14.65,14.38,14.49,1728161,14.52
2010/12/09,14.40,14.43,14.10,14.13,2105952,14.26
2010/12/10,14.04,14.39,13.94,14.30,1531966,14.17
2010/12/13,14.31,14.75,14.31,14.70,2287246,14.53
2010/12/14,14.70,15.05,14.61,14.91,3188065,14.83
2010/12/15,14.88,15.03,14.73,14.78,2030508,14.88
2010/12/16,14.78,14.94,14.74,14.78,1803488,14.84
2010/12/17,14.77,15.04,14.75,14.98,2020334,14.89
2010/12/20,14.99,15.05,14.43,14.79,3079780,14.74
2010/12/21,14.79,15.01,14.57,14.94,2039920,14.79
2010/12/22,15.01,15.03,14.62,14.66,2053185,14.82
2010/12/23,14.66,14.66,14.36,14.36,1781307,14.51
2010/12/24,14.26,14.47,14.04,14.23,1362101,14.25
2010/12/27,14.21,14.44,13.84,13.84,1358954,14.14
2010/12/28,13.84,13.94,13.34,13.35,1295781,13.64
2010/12/29,13.35,13.60,13.35,13.58,811275,13.47
2010/12/30,13.62,13.62,13.39,13.52,858144,13.50
2010/12/31,13.43,13.87,13.43,13.87,944161,13.65
2011/01/04,13.91,14.14,13.79,14.10,1426264,13.96
2011/01/05,14.05,14.26,13.92,14.09,1165516,14.09
2011/01/06,14.16,14.16,13.84,13.92,1300070,14.00
2011/01/07,13.97,13.97,13.68,13.73,1379810,13.83
2011/01/10,13.71,13.73,13.36,13.45,949830,13.54
2011/01/11,13.47,13.53,13.27,13.38,806119,13.40
2011/01/12,13.51,13.51,13.32,13.51,746736,13.42
2011/01/13,13.52,13.88,13.47,13.68,999210,13.68
2011/01/14,13.62,13.73,13.26,13.27,1019519,13.50
2011/01/17,13.19,13.19,12.48,12.58,1214168,12.83
2011/01/18,12.45,12.70,12.41,12.64,467435,12.55
2011/01/19,12.64,12.91,12.60,12.87,612094,12.75
2011/01/20,12.77,12.87,12.38,12.38,667200,12.63
2011/01/21,12.28,12.61,12.25,12.45,811034,12.43
2011/01/24,12.36,12.44,11.97,11.97,649214,12.21
2011/01/25,12.05,12.12,11.93,12.01,576387,12.02
2011/01/26,12.01,12.19,12.01,12.15,503219,12.10
2011/01/27,12.15,12.30,12.05,12.22,748418,12.18
2011/01/28,12.28,12.44,12.19,12.39,1186860,12.31
2011/01/31,12.35,12.52,12.30,12.51,979078,12.41
2011/02/01,12.41,12.53,12.41,12.49,482889,12.47
2011/02/09,12.48,12.69,12.38,12.43,565790,12.54
2011/02/10,12.38,12.67,12.35,12.67,1094905,12.51
2011/02/11,12.58,12.84,12.58,12.82,1062440,12.71
2011/02/14,12.84,13.16,12.74,13.05,1493275,12.95
2011/02/15,13.05,13.45,12.95,13.23,2240933,13.20
2011/02/16,13.32,13.32,13.14,13.30,1603815,13.23
2011/02/17,13.36,13.86,13.25,13.84,3312093,13.55
2011/02/18,13.71,13.88,13.58,13.70,2236596,13.73
2011/02/21,13.56,13.78,13.53,13.74,1896520,13.65
2011/02/22,13.75,13.75,13.13,13.35,3042585,13.44
2011/02/23,13.31,13.39,13.06,13.19,1976291,13.23
2011/02/24,13.13,13.21,13.03,13.13,2179950,13.12
2011/02/25,13.21,13.49,13.06,13.39,1782905,13.28
2011/02/28,13.39,13.55,13.32,13.45,1369042,13.44
2011/03/01,13.49,13.73,13.40,13.62,2239369,13.57
2011/03/02,13.55,13.61,13.27,13.53,2000943,13.44
2011/03/03,13.57,13.81,13.35,13.45,2038026,13.58
2011/03/04,13.43,13.62,13.39,13.62,1907880,13.50
2011/03/07,13.65,13.86,13.62,13.84,2826485,13.74
2011/03/08,13.83,13.83,13.65,13.77,1512003,13.74
2011/03/09,13.75,13.77,13.53,13.62,1607151,13.65
2011/03/10,13.61,13.70,13.51,13.64,1527628,13.60
2011/03/11,13.57,14.20,13.47,14.05,4734600,13.83
2011/03/14,13.95,15.42,13.78,15.12,15217660,14.60
2011/03/15,15.04,15.48,14.51,15.35,10400267,15.00
2011/03/16,15.31,15.73,15.11,15.53,9959880,15.42
2011/03/17,15.43,17.07,15.24,16.35,19089670,16.16
2011/03/18,16.59,16.89,15.44,15.73,16281991,16.17
2011/03/21,15.70,15.70,15.00,15.39,9518372,15.35
2011/03/22,15.25,16.90,15.20,16.90,17664997,16.05
2011/03/23,16.82,18.45,16.59,17.61,30424617,17.52
2011/03/24,17.45,19.36,17.45,19.36,36255377,18.40
2011/03/25,19.25,21.14,19.15,20.77,34176819,20.14
2011/03/28,20.77,22.83,20.05,22.83,27266843,21.44
2011/03/29,22.85,24.96,22.36,22.49,34231956,23.66
2011/03/30,22.81,23.69,22.11,22.72,19140895,22.90
2011/03/31,22.19,22.19,20.62,21.19,27482953,21.41
2011/04/01,21.64,23.01,21.19,22.01,27033857,22.10
2011/04/06,21.19,21.88,20.90,21.45,16683327,21.39
2011/04/07,21.29,22.07,20.80,21.68,18482047,21.44
2011/04/08,21.32,23.37,21.09,22.19,22651794,22.23
2011/04/11,21.71,24.39,21.19,24.39,30166783,22.79
2011/04/12,23.82,24.83,22.98,23.15,22713983,23.90
2011/04/13,22.62,23.13,21.64,22.49,14558170,22.38
2011/04/14,22.67,24.70,22.55,23.32,21881571,23.63
2011/04/15,22.67,24.70,22.55,23.32,0,23.63
2011/04/18,22.83,25.54,22.22,24.80,25397170,23.88
2011/04/19,24.18,24.57,22.76,23.00,18476609,23.67
2011/04/20,22.75,23.40,21.62,22.29,14724942,22.51
2011/04/21,22.10,22.35,21.48,22.05,9964762,21.92
2011/04/22,21.92,22.57,20.80,20.81,12474534,21.69
2011/04/25,19.95,21.42,19.95,20.96,12028816,20.69
2011/04/26,20.54,20.77,19.51,19.64,11851427,20.14
2011/04/27,19.64,19.95,18.75,19.01,9885169,19.35
2011/04/28,19.23,19.30,17.95,18.33,9532739,18.63
2011/04/29,18.33,19.30,18.26,19.08,12816748,18.78
2011/05/03,19.07,19.77,18.39,19.58,13724305,19.08
2011/05/04,19.27,20.76,18.85,20.32,20321842,19.81
2011/05/05,19.81,20.41,19.50,19.82,11041004,19.96
2011/05/06,19.62,20.49,19.12,19.82,11607856,19.80
2011/05/09,19.76,20.34,19.56,20.02,9524506,19.95
2011/05/10,19.97,21.03,19.67,20.80,16522254,20.35
2011/05/11,20.54,20.75,20.06,20.31,11222229,20.40
2011/05/12,19.89,20.64,19.24,19.33,10764806,19.94
2011/05/13,19.12,19.51,18.46,18.99,8561477,18.99
2011/05/16,18.95,19.30,18.46,18.95,6884003,18.88
2011/05/17,18.78,19.30,18.39,19.03,7314263,18.85
2011/05/18,18.72,19.47,18.62,19.28,7392352,19.04
2011/05/19,19.29,19.49,18.60,18.63,7431496,19.04
2011/05/20,18.73,19.23,18.59,18.98,6144003,18.91
2011/05/23,18.98,18.98,17.11,17.11,8718115,18.04
2011/05/24,17.03,17.60,16.61,17.42,6492224,17.11
2011/05/25,17.24,17.42,16.70,16.81,5086924,17.06
2011/05/26,17.00,17.45,16.74,17.11,5547347,17.09
2011/05/27,16.93,17.13,15.76,15.98,6031423,16.44
2011/05/30,15.81,15.96,15.24,15.24,5154421,15.60
2011/05/31,15.35,16.72,15.10,16.72,8303613,15.91
2011/06/01,17.14,18.36,17.14,18.36,25201135,17.75
2011/06/02,18.58,19.27,18.02,18.97,31439512,18.64
2011/06/03,18.97,20.83,18.63,20.83,30550006,19.73
2011/06/07,20.95,21.96,20.95,21.39,33347365,21.46
2011/06/08,20.95,23.09,20.85,22.54,29439182,21.97
2011/06/09,22.13,22.25,21.32,21.50,23778168,21.79
2011/06/10,21.44,22.01,20.90,21.66,17576004,21.46
2011/06/13,21.40,22.81,21.23,22.01,20995852,22.02
2011/06/14,21.67,22.62,21.40,22.03,17320335,22.01
2011/06/15,22.03,22.59,21.57,21.91,15366579,22.08
2011/06/16,22.00,22.33,19.80,19.88,23044910,21.06
2011/06/17,19.46,19.66,18.41,18.70,15041886,19.04
2011/06/20,18.51,19.66,18.36,19.53,13289181,19.01
2011/06/21,19.46,19.76,18.77,19.38,11780247,19.27
2011/06/22,19.38,21.29,19.11,21.29,29444418,20.20
2011/06/23,19.38,21.29,19.11,21.29,0,20.20
2011/06/24,21.40,22.50,21.15,21.72,29797362,21.82
2011/06/27,21.32,23.16,21.29,22.65,30820803,22.22
2011/06/28,22.47,22.50,21.83,22.21,18288557,22.16
2011/06/29,22.08,23.38,22.00,22.06,19201135,22.69
2011/06/30,21.83,22.76,21.40,22.28,15738675,22.08
2011/07/01,22.60,22.60,21.91,22.13,13881711,22.26
2011/07/04,22.03,23.65,22.01,22.89,24488246,22.83
2011/07/05,23.01,23.97,22.72,23.50,28708227,23.34
2011/07/06,23.19,23.45,22.60,23.14,18430831,23.03
2011/07/07,23.25,23.43,22.43,22.49,15380172,22.93
2011/07/08,22.28,22.55,21.78,22.23,11955838,22.17
2011/07/11,22.06,23.13,22.00,23.01,12956725,22.56
2011/07/12,22.59,22.96,22.08,22.21,10272276,22.52
2011/07/13,22.25,23.94,22.25,23.75,24730633,23.10
2011/07/14,23.52,24.87,23.43,24.34,31577262,24.15
2011/07/15,24.36,24.73,23.77,24.39,20476502,24.25
2011/07/18,24.28,24.87,23.77,23.87,13477800,24.32
2011/07/19,23.70,24.70,23.31,24.29,16144197,24.00
2011/07/20,24.28,26.36,24.02,25.80,34888168,25.19
2011/07/21,25.53,27.83,25.21,26.27,38119347,26.52
2011/07/22,25.98,27.57,25.41,25.51,33584254,26.49
2011/07/25,25.17,25.17,23.57,23.80,21866900,24.37
2011/07/26,23.36,24.67,23.36,24.33,15510477,24.02
2011/07/27,24.29,24.63,23.62,24.46,12221003,24.13
2011/07/28,24.06,24.28,23.43,24.19,10595923,23.86
2011/07/29,24.21,25.34,24.18,24.56,16747143,24.76
2011/08/01,24.43,25.48,24.31,24.94,13611656,24.89
2011/08/02,24.67,24.78,23.47,24.23,11302359,24.13
2011/08/03,23.75,24.33,23.60,23.85,7122787,23.96
2011/08/04,23.75,25.12,23.75,24.87,14206138,24.44
2011/08/05,23.99,24.48,23.69,23.87,10644831,24.09
2011/08/08,23.14,23.14,21.52,21.52,13145553,22.33
2011/08/09,20.17,22.28,19.41,21.45,12347303,20.85
2011/08/10,21.94,22.28,21.66,21.84,10546221,21.97
2011/08/11,21.13,22.20,20.78,22.10,9107668,21.49
2011/08/12,22.32,23.13,22.00,22.49,12677667,22.56
2011/08/15,22.67,23.11,22.33,22.76,8650451,22.72
2011/08/16,22.77,22.91,22.15,22.25,8467852,22.53
2011/08/17,22.20,22.49,21.84,21.93,5594309,22.16
2011/08/18,22.03,22.25,21.47,21.57,5511482,21.86
2011/08/19,20.64,21.37,20.59,21.01,6265536,20.98
2011/08/22,21.23,21.39,20.44,20.59,4900446,20.92
2011/08/23,20.81,21.13,20.32,21.10,5272335,20.72
2011/08/24,21.18,21.57,20.88,20.96,5911345,21.22
2011/08/25,20.98,21.42,20.69,21.42,6067673,21.06
2011/08/26,21.35,21.47,21.10,21.32,5137979,21.29
2011/08/29,21.32,21.32,20.61,20.66,5871133,20.96
2011/08/30,20.98,20.98,20.03,20.07,5404713,20.51
2011/08/31,20.07,20.22,19.58,19.85,4555849,19.90
2011/09/01,19.85,20.15,19.58,19.63,3514082,19.86
2011/09/02,19.63,21.56,19.58,21.56,23978202,20.57
2011/09/05,21.42,22.72,21.29,22.38,27979087,22.00
2011/09/06,21.66,23.04,21.66,21.84,19274841,22.35
2011/09/07,21.86,23.85,21.49,23.52,26994127,22.67
2011/09/08,23.11,23.67,22.91,22.98,20520828,23.29
2011/09/09,22.84,23.48,22.18,23.06,16753127,22.83
2011/09/13,22.50,22.74,21.84,22.35,9255101,22.29
2011/09/14,22.57,24.55,22.38,24.55,28873310,23.46
2011/09/15,24.65,25.24,23.96,24.07,27797900,24.60
2011/09/16,24.65,25.24,23.96,24.07,0,24.60
2011/09/19,24.65,25.24,23.96,24.07,0,24.60
2011/09/20,24.65,25.24,23.96,24.07,0,24.60
2011/09/21,24.09,26.30,23.85,25.26,28880905,25.08
2011/09/22,24.63,26.56,24.38,25.70,29697784,25.47
2011/09/23,24.87,25.63,23.80,24.29,17291446,24.71
2011/09/26,24.28,26.05,24.18,25.12,24571035,25.12
2011/09/27,25.04,25.38,23.01,23.96,19274599,24.20
2011/09/28,23.96,24.53,22.77,23.16,12430013,23.65
2011/09/29,22.82,22.82,20.88,20.88,13317418,21.85
2011/09/30,20.98,21.23,19.93,20.42,10063106,20.58
2011/10/10,20.81,21.49,20.58,20.71,10149990,21.03
2011/10/11,21.59,22.72,21.32,21.89,16655825,22.02
2011/10/12,21.32,24.04,21.29,24.04,22905589,22.66
2011/10/13,24.28,25.17,23.77,24.85,27528686,24.47
2011/10/14,24.53,25.44,24.23,25.26,25336394,24.84
2011/10/17,25.26,26.02,24.77,25.39,26641625,25.39
2011/10/18,25.26,26.02,24.77,25.39,0,25.39
2011/10/19,25.26,26.02,24.77,25.39,0,25.39
2011/10/20,25.26,26.02,24.77,25.39,0,25.39
2011/10/21,25.26,26.02,24.77,25.39,0,25.39
2011/10/24,22.89,24.23,22.89,23.74,21097833,23.56
2011/10/25,23.35,26.07,23.18,26.07,30796457,24.63
2011/10/26,26.05,26.54,25.07,25.63,31137790,25.80
2011/10/27,25.02,25.16,24.14,24.24,31212267,24.65
2011/10/28,24.53,24.83,23.85,24.48,24633425,24.34
2011/10/31,24.11,26.56,23.85,25.73,40330187,25.21
2011/11/01,25.29,25.51,24.31,24.67,28861113,24.91
2011/11/02,24.07,25.17,24.04,25.00,21860648,24.61
2011/11/03,25.02,26.19,24.58,24.87,26043910,25.38
2011/11/04,24.90,25.59,24.19,25.17,24148296,24.89
2011/11/07,25.02,25.65,24.67,24.73,17016807,25.16
2011/11/08,24.51,24.97,23.94,23.99,17056305,24.46
2011/11/09,24.14,24.58,23.75,24.51,13235900,24.16
2011/11/10,24.21,24.26,23.31,23.33,15915931,23.79
2011/11/11,23.35,23.67,23.21,23.57,8363751,23.44
2011/11/14,23.87,24.46,23.58,24.28,13007024,24.02
2011/11/15,24.33,24.33,23.70,24.01,9422634,24.01
2011/11/16,24.01,24.36,23.35,23.48,9798286,23.86
2011/11/17,23.50,23.75,22.72,23.04,8607151,23.23
2011/11/18,22.74,22.96,22.18,22.37,7079788,22.57
2011/11/21,22.32,23.28,22.30,23.26,10282302,22.79
2011/11/22,23.01,23.94,22.77,23.63,11668827,23.36
2011/11/23,23.48,23.82,22.84,22.86,7586760,23.33
2011/11/24,22.35,22.84,22.01,22.67,6563139,22.43
2011/11/25,22.50,22.74,21.83,22.06,6751111,22.28
2011/11/28,21.89,22.20,21.47,21.61,4779455,21.83
2011/11/29,21.98,22.49,21.86,22.42,7015972,22.17
2011/11/30,22.30,22.64,20.66,21.15,8492705,21.65
2011/12/01,22.01,22.15,21.45,21.49,6497037,21.80
2011/12/02,21.47,21.47,20.66,20.80,5295649,21.06
2011/12/05,20.80,20.95,19.97,20.05,4104320,20.46
2011/12/06,20.05,20.61,19.88,20.47,4532041,20.24
2011/12/07,20.47,20.98,20.36,20.61,4443382,20.67
2011/12/08,20.51,21.54,19.97,21.00,8383216,20.75
2011/12/09,20.90,21.13,20.31,20.39,4843399,20.72
2011/12/12,20.41,20.78,20.14,20.29,3195878,20.46
2011/12/13,20.63,21.52,20.63,20.81,11719953,21.07
2011/12/14,20.36,20.47,18.95,19.97,8156674,19.71
2011/12/15,19.88,19.93,18.01,18.07,8851840,18.97
2011/12/16,17.43,18.36,16.81,18.33,9028642,17.58
2011/12/19,17.92,18.01,17.28,17.85,6704842,17.65
2011/12/20,17.77,18.60,17.60,18.09,9634126,18.10
2011/12/21,18.23,18.60,16.98,17.14,7277260,17.79
2011/12/22,16.76,16.76,15.67,16.38,7748720,16.22
2011/12/23,16.30,16.76,16.16,16.35,5685250,16.46
2011/12/26,16.35,16.60,16.05,16.16,4025842,16.33
2011/12/27,16.08,16.30,15.29,15.37,4658264,15.79
2011/12/28,15.24,15.35,14.05,14.83,5841963,14.70
2011/12/29,14.73,15.00,14.66,14.74,3639507,14.83
2011/12/30,14.69,16.18,14.69,16.18,13545911,15.43
2012/01/04,16.59,16.76,16.08,16.08,12792719,16.42
2012/01/05,15.93,16.59,15.61,16.11,11707139,16.10
2012/01/06,15.74,16.49,14.90,16.47,10469739,15.69
2012/01/09,16.27,17.42,15.86,17.14,14713866,16.64
2012/01/10,17.09,17.84,16.82,17.45,16358515,17.33
2012/01/11,17.28,18.11,17.11,17.48,12426727,17.61
2012/01/12,17.36,18.06,17.18,17.69,13095435,17.62
2012/01/13,17.74,17.85,16.62,16.69,9611197,17.24
2012/01/16,16.33,16.38,15.40,15.51,6325696,15.89
2012/01/17,15.51,16.72,15.49,16.67,8318476,16.10
2012/01/18,16.74,17.92,16.54,16.72,11228668,17.23
2012/01/19,16.49,16.64,15.29,16.25,9944939,15.96
2012/01/20,16.00,16.32,15.78,16.10,5578840,16.05
2012/01/30,16.00,16.32,15.78,16.10,0,16.05
2012/01/31,15.74,16.93,15.61,16.59,7747247,16.27
2012/02/01,16.40,16.82,16.08,16.22,5819326,16.45
2012/02/02,16.22,16.64,16.00,16.60,5184010,16.32
2012/02/03,16.54,17.08,16.43,16.94,8636534,16.75
2012/02/06,16.94,18.40,16.84,17.80,16320040,17.62
2012/02/07,17.53,17.53,17.03,17.25,10257901,17.28
2012/02/08,17.25,17.85,17.13,17.75,10873383,17.49
2012/02/09,17.75,18.75,17.63,18.33,19533774,18.19
2012/02/10,18.29,18.38,17.79,18.02,13763337,18.08
2012/02/13,17.77,18.24,17.53,18.07,9906134,17.88
2012/02/14,18.11,18.26,17.63,17.87,7688064,17.95
2012/02/15,17.79,18.38,17.72,18.28,10886885,18.05
2012/02/16,18.11,18.34,17.77,18.02,10057590,18.05
2012/02/17,18.02,19.26,18.02,18.63,24482677,18.64
2012/02/20,18.92,19.07,18.38,18.73,15815222,18.72
2012/02/21,18.55,18.78,18.12,18.73,10358333,18.45
2012/02/22,18.72,19.19,18.60,19.07,14429625,18.90
2012/02/23,19.11,19.36,18.67,18.82,12484079,19.02
2012/02/24,18.77,18.94,18.50,18.89,10698731,18.72
2012/02/27,18.89,19.38,18.63,18.87,15318141,19.00
2012/02/28,18.73,18.82,18.16,18.50,8852085,18.49
2012/02/29,18.34,19.17,18.31,18.60,10164800,18.74
2012/03/01,18.19,18.92,18.19,18.63,6313607,18.56
2012/03/02,18.70,19.21,18.62,19.14,12393945,18.92
2012/03/05,19.12,19.14,18.73,18.80,9936444,18.94
2012/03/06,18.77,19.21,18.24,18.94,12098124,18.72
2012/03/07,18.60,19.71,18.46,19.27,20745987,19.09
2012/03/08,19.34,19.54,19.12,19.34,13038826,19.33
2012/03/09,19.34,19.63,19.19,19.61,12279625,19.41
2012/03/12,19.63,20.25,19.46,19.83,14497202,19.86
2012/03/13,19.71,19.95,19.51,19.81,9572779,19.73
2012/03/14,19.81,20.24,18.11,18.56,17717782,19.17
2012/03/15,18.36,18.68,17.60,17.74,9919994,18.14
2012/03/16,17.79,18.24,17.48,18.14,7383961,17.86
2012/03/19,18.18,18.53,18.01,18.46,7088685,18.27
2012/03/20,18.29,18.43,17.77,17.82,6117715,18.10
2012/03/21,17.91,18.51,17.85,18.26,7549995,18.18
2012/03/22,18.23,19.66,17.99,18.89,15734774,18.82
2012/03/23,18.62,19.19,18.36,18.65,9165762,18.78
2012/03/26,18.53,20.10,18.45,19.56,22081839,19.28
2012/03/27,19.56,19.80,18.95,19.17,17608419,19.38
2012/03/28,18.78,18.94,17.57,17.57,12213026,18.26
2012/03/29,17.26,17.52,16.28,16.57,7585400,16.90
2012/03/30,16.76,16.87,16.03,16.47,4584688,16.45
2012/04/05,16.49,17.06,16.49,17.01,5323007,16.77
2012/04/06,16.49,17.06,16.49,17.01,0,16.77
2012/04/09,17.01,17.48,16.52,16.59,5864250,17.00
2012/04/10,16.49,16.91,16.08,16.86,4567365,16.49
2012/04/11,16.59,16.98,16.45,16.82,4097148,16.71
2012/04/12,16.77,17.26,16.77,17.21,5751638,17.02
2012/04/13,17.28,17.52,17.09,17.48,7228773,17.30
2012/04/16,17.30,17.40,17.06,17.21,4356682,17.23
2012/04/17,17.18,17.35,16.96,17.08,4308301,17.16
2012/04/18,17.11,17.52,17.03,17.42,6185197,17.28
2012/04/19,17.18,17.35,16.98,17.11,6433048,17.17
2012/04/20,17.03,17.21,16.62,16.98,6579851,16.92
2012/04/23,16.77,16.91,15.88,15.96,8383227,16.40
2012/04/24,15.91,15.94,15.24,15.59,6401392,15.59
2012/04/25,15.42,15.91,15.42,15.88,4087310,15.67
2012/04/26,15.89,16.71,15.89,16.50,7625583,16.30
2012/04/27,16.30,16.38,15.91,15.91,3929648,16.14
2012/05/02,16.35,16.49,16.01,16.16,3718290,16.25
2012/05/03,16.03,16.23,15.81,15.91,4460999,16.02
2012/05/04,16.03,16.33,15.98,16.23,3803445,16.15
2012/05/07,16.20,16.71,16.10,16.64,6988740,16.41
2012/05/08,16.64,16.79,16.45,16.64,5012378,16.62
2012/05/09,16.49,16.59,16.01,16.32,5486809,16.30
2012/05/10,16.28,16.43,16.15,16.20,3223231,16.29
2012/05/11,16.27,16.84,16.11,16.52,7491509,16.47
2012/05/14,16.72,16.74,16.33,16.35,5279563,16.53
2012/05/15,16.23,16.23,15.66,15.96,4190961,15.95
2012/05/16,15.94,15.96,15.66,15.67,3201866,15.81
2012/05/17,15.64,15.91,15.37,15.91,3324738,15.64
2012/05/18,15.83,15.83,15.44,15.45,2543453,15.63
2012/05/21,15.45,15.88,15.40,15.67,3116402,15.64
2012/05/22,15.73,16.01,15.66,15.86,3018143,15.84
2012/05/23,15.83,15.98,15.66,15.88,3259236,15.82
2012/05/24,15.88,15.91,15.57,15.59,3105911,15.74
2012/05/25,15.61,16.03,15.61,15.74,3984626,15.82
2012/05/28,15.66,16.59,15.61,16.50,10635939,16.10
2012/05/29,16.40,17.06,16.25,16.67,10876379,16.65
2012/05/30,16.50,16.67,16.33,16.55,6233473,16.50
2012/05/31,16.33,16.93,16.10,16.64,23822209,16.52
2012/06/01,16.55,16.64,16.08,16.11,10992115,16.36
2012/06/04,15.66,15.66,15.03,15.10,8999048,15.34
2012/06/05,15.13,15.30,14.90,14.96,4267592,15.10
2012/06/06,15.03,15.13,14.95,15.07,3225338,15.04
2012/06/07,15.25,15.32,14.78,14.80,3463717,15.05
2012/06/08,14.98,14.98,14.41,14.53,3639845,14.70
2012/06/11,14.64,14.80,14.32,14.71,2973361,14.56
2012/06/12,14.59,14.66,14.42,14.42,2362522,14.54
2012/06/13,14.46,14.71,14.44,14.71,2883078,14.58
2012/06/14,14.66,14.80,14.59,14.61,2521073,14.70
2012/06/15,14.69,14.74,14.42,14.64,2089849,14.58
2012/06/18,14.69,14.88,14.69,14.81,2405863,14.79
2012/06/19,14.80,14.81,14.61,14.66,2055653,14.71
2012/06/20,14.73,14.81,14.64,14.71,1934587,14.73
2012/06/21,14.76,14.76,14.22,14.24,2473345,14.49
2012/06/25,14.19,14.22,13.46,13.48,3791919,13.84
2012/06/26,13.38,13.66,13.21,13.55,2407226,13.44
2012/06/27,13.56,13.92,13.55,13.56,2391695,13.74
2012/06/28,13.56,13.76,13.16,13.19,1714188,13.46
2012/06/29,13.19,13.27,12.80,13.22,2369230,13.04
2012/07/02,13.29,14.51,13.16,13.85,6458170,13.83
2012/07/03,13.85,13.92,13.60,13.70,3396626,13.76
2012/07/04,13.70,13.80,13.38,13.56,2433079,13.59
2012/07/05,13.55,13.55,13.02,13.04,2259021,13.29
2012/07/06,13.21,13.36,12.99,13.34,2155050,13.17
2012/07/09,13.04,13.24,12.50,12.60,2951147,12.87
2012/07/10,12.53,12.70,12.31,12.38,2197292,12.50
2012/07/11,12.38,12.60,12.31,12.60,1606620,12.46
2012/07/12,12.62,13.29,12.40,12.92,3096457,12.84
2012/07/13,12.84,13.21,12.70,13.09,3936648,12.96
2012/07/16,13.11,13.17,12.41,12.46,2796099,12.79
2012/07/17,12.48,12.92,12.48,12.84,1928117,12.70
2012/07/18,12.84,13.09,12.68,13.09,2679054,12.88
2012/07/19,13.12,13.36,12.92,13.21,3627271,13.14
2012/07/20,13.09,13.22,12.87,12.87,2396912,13.04
2012/07/23,12.78,12.78,12.28,12.45,3685514,12.53
2012/07/24,12.36,12.68,12.28,12.58,1873011,12.48
2012/07/25,12.60,12.75,12.53,12.62,2106017,12.64
2012/07/26,12.58,12.92,12.53,12.56,2738298,12.72
2012/07/27,12.56,12.90,12.43,12.77,4277255,12.67
2012/07/30,12.78,12.85,12.35,12.55,2760908,12.60
2012/07/31,12.43,12.70,12.29,12.43,2501446,12.49
2012/08/01,12.29,12.95,12.29,12.87,4962087,12.62
2012/08/02,12.77,13.02,12.62,12.77,4230817,12.82
2012/08/03,12.82,13.38,12.72,13.24,7485983,13.05
2012/08/06,13.14,13.55,13.04,13.44,7123422,13.29
2012/08/07,13.46,13.60,13.19,13.49,6089839,13.39
2012/08/08,13.43,13.56,13.16,13.16,4594021,13.36
2012/08/09,13.21,13.82,12.94,13.55,7505758,13.38
2012/08/10,13.31,13.48,13.26,13.33,3934462,13.37
2012/08/13,13.33,14.39,13.17,14.00,17380315,13.78
2012/08/14,13.93,14.17,13.44,14.17,10769257,13.80
2012/08/15,14.02,14.09,13.68,13.68,5853940,13.88
2012/08/16,13.51,13.75,13.33,13.33,3520596,13.54
2012/08/17,13.26,14.09,13.26,13.73,6474127,13.67
2012/08/20,13.48,13.68,13.29,13.63,3150118,13.48
2012/08/21,13.61,13.87,13.51,13.73,3975821,13.69
2012/08/22,13.78,14.05,13.60,14.02,6722968,13.83
2012/08/23,14.04,14.73,14.00,14.49,12136245,14.37
2012/08/24,14.31,14.47,13.90,13.90,7595083,14.19
2012/08/27,13.73,13.92,13.56,13.71,3373137,13.74
2012/08/28,13.68,14.31,13.66,14.22,5982273,13.99
2012/08/29,14.20,14.29,13.97,14.02,3991603,14.13
2012/08/30,13.97,14.22,13.33,13.63,4428847,13.78
2012/08/31,13.66,13.70,12.94,13.29,5066122,13.32
2012/09/03,13.29,13.71,13.16,13.51,3626528,13.44
2012/09/04,13.48,13.65,13.19,13.44,2607476,13.42
2012/09/05,13.44,14.10,13.29,13.90,4755551,13.69
2012/09/06,14.02,14.22,13.80,14.20,4078919,14.01
2012/09/07,14.24,15.13,14.15,14.69,11729925,14.64
2012/09/10,14.81,14.93,14.56,14.63,6017993,14.75
2012/09/11,14.53,14.66,14.39,14.58,3321563,14.53
2012/09/12,14.58,14.83,14.22,14.44,4733153,14.53
2012/09/13,14.47,14.49,14.14,14.14,2737878,14.32
2012/09/14,14.31,14.39,14.02,14.20,3122588,14.21
2012/09/17,14.24,14.39,13.61,13.65,3162741,14.00
2012/09/18,13.46,13.76,13.41,13.65,1996655,13.58
2012/09/19,13.63,13.80,13.63,13.80,1448165,13.72
2012/09/20,13.83,13.83,13.26,13.26,2006873,13.54
2012/09/21,13.21,13.56,12.92,13.51,3103621,13.24
2012/09/24,13.38,13.65,13.12,13.38,2506123,13.38
2012/09/25,13.26,13.56,12.90,12.92,2944157,13.23
2012/09/26,12.95,13.02,12.45,12.56,2786358,12.73
2012/09/27,12.55,12.87,12.50,12.77,3393339,12.68
2012/09/28,12.65,12.92,12.65,12.87,2263012,12.79
2012/10/08,12.82,12.94,12.77,12.84,1742003,12.85
2012/10/09,12.84,13.12,12.84,13.11,3485656,12.98
2012/10/10,13.07,13.68,13.02,13.65,7211587,13.35
2012/10/11,13.51,13.51,13.17,13.17,3231871,13.34
2012/10/12,13.19,13.46,13.12,13.43,4483468,13.29
2012/10/15,13.38,13.93,13.12,13.66,8613404,13.52
2012/10/16,13.43,13.60,13.12,13.24,6297961,13.36
2012/10/17,13.19,13.34,13.12,13.21,2059226,13.23
2012/10/18,13.22,13.39,13.16,13.26,3698632,13.28
2012/10/19,13.21,13.41,13.14,13.16,2950941,13.28
2012/10/22,13.12,13.12,12.75,12.92,4265948,12.93
2012/10/23,12.95,12.97,12.77,12.84,2990498,12.87
2012/10/24,12.84,12.97,12.75,12.87,2242607,12.86
2012/10/25,12.87,12.99,12.77,12.77,2161917,12.88
2012/10/26,12.92,12.95,12.41,12.48,3018479,12.68
2012/10/29,12.51,12.62,12.40,12.53,1472332,12.51
2012/10/30,12.51,12.58,12.36,12.43,1603718,12.47
2012/10/31,12.51,12.53,12.36,12.48,1122134,12.44
2012/11/01,12.48,12.94,12.48,12.92,3276916,12.71
2012/11/02,12.95,13.16,12.89,12.97,4465516,13.03
2012/11/05,12.90,12.92,12.67,12.78,2763746,12.79
2012/11/06,12.75,12.77,12.48,12.62,2273898,12.63
2012/11/07,12.67,12.80,12.56,12.75,1518698,12.68
2012/11/08,12.65,12.65,12.28,12.28,2265906,12.46
2012/11/09,12.26,12.35,11.97,12.11,1942479,12.16
2012/11/12,12.06,12.21,11.91,12.06,2796760,12.06
2012/11/13,11.99,12.09,11.53,11.77,1778426,11.81
2012/11/14,11.69,11.82,11.60,11.79,1529811,11.71
2012/11/15,11.74,11.74,11.23,11.25,2194482,11.49
2012/11/16,11.23,11.26,10.98,11.04,1937424,11.12
2012/11/19,11.06,11.09,10.81,11.04,1562077,10.95
2012/11/20,11.08,11.11,10.87,10.89,1463463,10.99
2012/11/21,10.91,11.03,10.69,11.03,2219199,10.86
2012/11/22,10.94,10.94,10.74,10.77,2202225,10.84
2012/11/23,10.76,10.87,10.74,10.76,1387457,10.80
2012/11/26,10.84,11.79,10.84,11.79,6694310,11.31
2012/11/27,11.38,12.16,11.38,11.79,18912910,11.77
2012/11/28,11.47,11.60,10.67,11.57,8779849,11.13
2012/11/29,11.47,12.18,11.43,11.52,10475917,11.80
2012/11/30,11.26,11.94,10.86,11.94,9730698,11.40
2012/12/03,11.86,12.07,11.40,11.40,7774679,11.74
2012/12/04,11.18,11.64,10.96,11.58,6425031,11.30
2012/12/05,11.53,12.19,11.30,11.99,12632837,11.75
2012/12/06,11.99,12.53,11.87,12.31,14781312,12.20
2012/12/07,12.18,12.58,12.02,12.46,13578040,12.30
2012/12/10,12.48,13.11,12.24,12.70,14067528,12.67
2012/12/11,12.55,13.00,12.41,12.55,11262100,12.71
2012/12/12,12.48,12.72,12.14,12.36,8269594,12.43
2012/12/13,12.35,12.73,12.16,12.50,9129428,12.45
2012/12/14,12.50,13.02,12.36,12.92,12430882,12.69
2012/12/17,12.87,12.89,12.56,12.73,10969123,12.73
2012/12/18,12.65,12.94,12.53,12.65,9616815,12.73
2012/12/19,12.62,12.75,12.45,12.55,5235984,12.60
2012/12/20,12.46,12.56,12.23,12.48,6213515,12.40
2012/12/21,12.45,12.73,12.40,12.48,5780940,12.57
2012/12/24,12.50,12.67,12.33,12.40,4451288,12.50
2012/12/25,12.38,12.78,12.28,12.73,8449474,12.53
2012/12/26,12.70,12.99,12.60,12.95,10457691,12.79
2012/12/27,12.94,12.94,12.53,12.55,9670639,12.73
2012/12/28,12.48,12.65,12.48,12.53,5140215,12.57
2012/12/31,12.58,12.85,12.55,12.80,6634514,12.70
2013/01/04,12.78,12.87,12.36,12.43,9531095,12.61
2013/01/07,12.53,13.26,12.41,12.99,14093752,12.83
2013/01/08,13.00,13.36,12.77,13.17,16002041,13.06
2013/01/09,13.05,13.05,12.70,12.87,19929543,12.88
2013/01/10,12.80,13.31,12.55,13.22,19858620,12.93
2013/01/11,13.33,13.46,12.72,12.72,15266076,13.09
2013/01/14,12.62,13.17,12.45,13.05,15306742,12.81
2013/01/15,13.07,13.41,12.95,13.38,17909460,13.18
2013/01/16,13.41,13.49,13.04,13.27,13593484,13.26
2013/01/17,13.27,13.61,13.12,13.21,15603180,13.36
2013/01/18,13.16,13.36,12.95,13.29,10156099,13.15
2013/01/21,13.29,13.39,13.17,13.29,6523195,13.28
2013/01/22,13.29,13.56,13.05,13.14,14226507,13.31
2013/01/23,13.04,13.12,12.62,12.78,10542916,12.87
2013/01/24,13.11,13.46,12.45,12.67,10437330,12.96
2013/01/25,12.45,12.60,12.07,12.14,8744337,12.33
2013/01/28,12.09,12.36,12.09,12.36,5788937,12.22
2013/01/29,12.46,12.55,12.26,12.48,5948134,12.41
2013/01/30,12.48,12.55,12.28,12.40,4938634,12.42
2013/01/31,12.40,12.53,12.35,12.43,4507366,12.44
2013/02/01,12.41,12.43,12.26,12.38,4841490,12.34
2013/02/04,12.41,12.45,12.26,12.33,5582751,12.35
2013/02/05,12.26,12.40,11.97,12.35,6286364,12.19
2013/02/06,12.33,12.45,12.28,12.35,4034611,12.36
2013/02/07,12.36,12.40,12.24,12.33,2945516,12.32
2013/02/08,12.28,12.45,12.28,12.45,4403638,12.36
2013/02/18,12.28,12.45,12.28,12.45,0,12.36
2013/02/19,12.28,12.45,12.28,12.45,0,12.36
2013/02/20,12.28,12.45,12.28,12.45,0,12.36
2013/02/21,12.28,12.45,12.28,12.45,0,12.36
2013/02/22,12.28,12.45,12.28,12.45,0,12.36
2013/02/25,12.28,12.45,12.28,12.45,0,12.36
2013/02/26,12.28,12.45,12.28,12.45,0,12.36
2013/02/27,12.28,12.45,12.28,12.45,0,12.36
2013/02/28,12.28,12.45,12.28,12.45,0,12.36
2013/03/01,12.28,12.45,12.28,12.45,0,12.36
2013/03/04,12.28,12.45,12.28,12.45,0,12.36
2013/03/05,12.28,12.45,12.28,12.45,0,12.36
2013/03/06,12.28,12.45,12.28,12.45,0,12.36
2013/03/07,12.28,12.45,12.28,12.45,0,12.36
2013/03/08,12.28,12.45,12.28,12.45,0,12.36
2013/03/11,12.28,12.45,12.28,12.45,0,12.36
2013/03/12,12.28,12.45,12.28,12.45,0,12.36
2013/03/13,12.28,12.45,12.28,12.45,0,12.36
2013/03/14,12.28,12.45,12.28,12.45,0,12.36
2013/03/15,12.28,12.45,12.28,12.45,0,12.36
2013/03/18,12.28,12.45,12.28,12.45,0,12.36
2013/03/19,12.28,12.45,12.28,12.45,0,12.36
2013/03/20,12.28,12.45,12.28,12.45,0,12.36
2013/03/21,12.28,12.45,12.28,12.45,0,12.36
2013/03/22,12.28,12.45,12.28,12.45,0,12.36
2013/03/25,12.28,12.45,12.28,12.45,0,12.36
2013/03/26,12.28,12.45,12.28,12.45,0,12.36
2013/03/27,13.65,13.65,13.05,13.39,36238995,13.35
2013/03/28,13.12,13.12,12.55,12.55,15600729,12.83
2013/03/29,12.58,12.72,11.86,12.13,11872441,12.29
2013/04/01,11.94,12.02,11.74,11.94,6442138,11.88
2013/04/02,11.97,12.04,11.53,11.57,6804313,11.78
2013/04/03,11.60,11.64,11.21,11.31,5706293,11.43
2013/04/08,11.21,11.31,10.96,11.30,4200973,11.14
2013/04/09,11.35,11.48,11.26,11.48,4203219,11.37
2013/04/10,11.47,11.48,11.13,11.23,4231859,11.31
2013/04/11,11.26,11.74,11.20,11.52,6684957,11.47
2013/04/12,11.43,11.53,11.28,11.33,2845617,11.40
2013/04/15,11.35,11.35,10.96,11.08,3454298,11.16
2013/04/16,10.93,11.25,10.81,11.18,2963400,11.03
2013/04/17,11.18,11.23,10.96,11.09,2635707,11.10
2013/04/18,11.04,11.15,10.96,11.08,2041549,11.06
2013/04/19,11.18,11.38,11.15,11.30,4168855,11.27
2013/04/22,11.31,11.43,11.21,11.40,3567415,11.32
2013/04/23,11.40,11.42,10.89,10.89,4897637,11.16
2013/04/24,10.84,11.06,10.82,10.96,3197047,10.94
2013/04/25,10.87,11.01,10.72,10.72,3751818,10.87
2013/04/26,10.76,10.99,10.76,10.93,3453439,10.88
2013/05/02,10.91,11.08,10.81,10.93,2550283,10.95
2013/05/03,10.98,11.48,10.98,11.45,9481827,11.23
2013/05/06,11.80,12.07,11.48,11.58,12258940,11.78
2013/05/07,11.43,12.06,11.42,11.86,13326995,11.74
2013/05/08,11.77,11.86,11.55,11.74,7795633,11.71
2013/05/09,11.72,11.74,11.35,11.55,5770430,11.54
2013/05/10,11.55,11.70,11.36,11.65,5026905,11.53
2013/05/13,11.94,11.96,11.60,11.64,5492240,11.78
2013/05/14,11.60,11.69,11.35,11.38,3904383,11.52
2013/05/15,11.42,11.50,11.33,11.45,3335342,11.42
2013/05/16,11.43,11.55,11.30,11.50,4821769,11.43
2013/05/17,11.55,11.62,11.40,11.58,5167978,11.51
2013/05/20,11.64,11.84,11.57,11.82,7648068,11.71
2013/05/21,11.79,11.92,11.67,11.87,7570001,11.79
2013/05/22,11.86,11.89,11.67,11.72,6175808,11.78
2013/05/23,11.62,11.79,11.58,11.64,4575278,11.68
2013/05/24,11.58,11.92,11.58,11.87,6880723,11.75
2013/05/27,11.86,12.16,11.77,12.02,8675248,11.96
2013/05/28,12.02,12.06,11.77,12.02,5639447,11.92
2013/05/29,12.06,12.14,11.94,12.04,4774373,12.04
2013/05/30,12.02,12.36,11.82,12.35,11102008,12.09
2013/05/31,12.40,12.89,12.26,12.43,17908187,12.58
2013/06/03,12.36,12.51,12.21,12.24,6846502,12.36
2013/06/04,12.33,12.33,11.72,12.01,6842738,12.03
2013/06/05,11.94,12.06,11.82,12.01,3347195,11.94
2013/06/06,11.99,11.99,11.42,11.47,5057157,11.71
2013/06/07,11.52,11.62,11.15,11.18,3983545,11.38
2013/06/13,11.11,11.11,10.71,10.81,3452183,10.91
2013/06/14,11.01,11.26,10.96,11.18,3972390,11.11
2013/06/17,11.09,11.25,10.93,10.93,3677458,11.09
2013/06/18,11.04,11.40,11.04,11.15,3536638,11.22
2013/06/19,11.08,11.23,10.93,11.20,2680703,11.08
2013/06/20,11.16,11.18,10.93,10.99,2257958,11.05
2013/06/21,10.91,11.03,10.72,10.99,2417186,10.88
2013/06/24,10.89,10.98,10.08,10.27,3606329,10.53
2013/06/25,10.00,10.35,9.29,9.98,4441601,9.82
2013/06/26,9.98,10.15,9.73,10.10,2749956,9.94
2013/06/27,10.08,10.25,9.62,9.66,3309825,9.93
2013/06/28,9.49,9.89,9.39,9.83,2190960,9.64
2013/07/01,9.71,9.93,9.66,9.88,1550697,9.79
2013/07/02,9.84,10.00,9.74,10.00,2119853,9.87
2013/07/03,9.89,9.91,9.67,9.84,1975270,9.79
2013/07/04,9.76,10.00,9.62,9.88,3657777,9.81
2013/07/05,9.88,10.10,9.81,9.95,4038534,9.96
2013/07/08,9.84,9.84,9.34,9.34,3603606,9.59
2013/07/09,9.42,9.59,9.27,9.44,2256560,9.43
2013/07/10,9.46,9.69,9.34,9.67,2727148,9.51
2013/07/11,9.67,10.06,9.62,9.95,4451992,9.84
2013/07/12,9.91,10.06,9.78,9.81,3107746,9.92
2013/07/15,9.93,9.98,9.78,9.96,2802502,9.88
2013/07/16,9.96,10.13,9.91,10.13,3621847,10.02
2013/07/17,10.08,10.11,9.81,9.81,3112060,9.96
2013/07/18,9.83,9.84,9.59,9.62,2246518,9.71
2013/07/19,9.54,9.74,9.40,9.54,3561047,9.57
2013/07/22,9.35,9.54,9.35,9.51,2751545,9.44
2013/07/23,9.56,9.83,9.49,9.79,4420961,9.66
2013/07/24,9.79,10.33,9.57,10.10,5876688,9.95
2013/07/25,10.06,10.28,9.89,10.11,7816197,10.08
2013/07/26,10.01,10.40,9.89,10.25,7746604,10.15
2013/07/29,10.22,10.40,9.96,10.25,7791271,10.18
2013/07/30,10.33,10.64,10.10,10.59,11534002,10.37
2013/07/31,10.50,10.64,10.13,10.23,7994744,10.39
2013/08/01,10.17,10.42,10.17,10.32,5477675,10.29
2013/08/02,10.32,10.38,10.22,10.25,4587522,10.30
2013/08/05,10.20,10.37,10.18,10.37,3640578,10.27
2013/08/06,10.42,10.49,10.28,10.37,5547557,10.38
2013/08/07,10.32,10.35,10.10,10.18,4775704,10.22
2013/08/08,10.18,10.25,10.11,10.15,3292261,10.18
2013/08/09,10.15,10.42,10.13,10.40,5905923,10.28
2013/08/12,10.49,11.13,10.40,10.89,13970804,10.77
2013/08/13,10.81,10.89,10.71,10.76,6965401,10.80
2013/08/14,10.72,10.84,10.67,10.82,4854647,10.75
2013/08/15,10.72,10.84,10.67,10.82,0,10.75
2013/08/16,10.72,10.84,10.67,10.82,0,10.75
2013/08/19,10.72,10.84,10.67,10.82,0,10.75
2013/08/20,10.72,10.84,10.67,10.82,0,10.75
2013/08/21,10.72,10.84,10.67,10.82,0,10.75
2013/08/22,11.13,11.50,10.82,10.82,10839320,11.16
2013/08/23,10.79,10.91,10.32,10.57,7022153,10.62
2013/08/26,10.52,10.72,10.44,10.71,4114858,10.58
2013/08/27,10.67,10.74,10.57,10.72,3468039,10.66
2013/08/28,10.66,10.66,10.42,10.47,4743984,10.54
2013/08/29,10.44,10.55,10.33,10.38,3265382,10.44
2013/08/30,10.50,10.55,9.84,10.22,3861433,10.20
2013/09/02,10.17,10.28,9.93,10.25,3458871,10.10
2013/09/03,10.25,10.42,10.17,10.40,3309702,10.29
2013/09/04,10.44,10.45,10.27,10.38,2369725,10.36
2013/09/05,10.35,10.54,10.32,10.44,2898079,10.43
2013/09/06,10.44,10.50,10.35,10.50,2830227,10.42
2013/09/09,10.50,10.91,10.45,10.72,6550310,10.68
2013/09/10,10.66,10.72,10.59,10.71,3969938,10.66
2013/09/11,10.69,10.79,10.54,10.67,5159375,10.66
2013/09/12,10.67,10.86,10.64,10.72,4309504,10.75
2013/09/13,10.74,10.77,10.52,10.57,3672364,10.64
2013/09/16,10.62,10.62,10.38,10.40,3495991,10.50
2013/09/17,10.40,10.49,10.27,10.33,2880766,10.38
2013/09/18,10.25,10.42,10.25,10.42,1613876,10.33
2013/09/23,10.44,10.71,10.38,10.69,3966628,10.55
2013/09/24,10.69,10.84,10.62,10.71,7020328,10.73
2013/09/25,10.64,10.74,10.57,10.72,4484429,10.66
2013/09/26,10.76,10.79,10.38,10.42,2411228,10.58
2013/09/27,10.40,10.50,10.33,10.37,1817692,10.42
2013/09/30,10.42,10.49,10.33,10.44,2051809,10.41
2013/10/08,10.37,10.52,10.32,10.50,2675783,10.42
2013/10/09,10.50,10.55,10.38,10.50,2767606,10.47
2013/10/10,10.45,10.57,10.35,10.52,3975548,10.46
2013/10/11,10.55,10.62,10.47,10.62,4271374,10.54
2013/10/14,10.62,10.77,10.57,10.77,8240898,10.67
2013/10/15,10.77,11.01,10.67,10.98,8046843,10.84
2013/10/16,10.94,10.94,10.62,10.67,5468078,10.78
2013/10/17,10.74,11.03,10.71,11.03,7786330,10.87
2013/10/18,11.08,11.11,10.91,11.04,5726471,11.01
2013/10/21,11.04,11.48,10.98,11.21,16214477,11.23
2013/10/22,11.13,11.38,11.06,11.36,15358411,11.22
2013/10/23,11.31,11.50,11.20,11.31,16084383,11.35
2013/10/24,11.31,11.31,11.08,11.16,11552652,11.20
2013/10/25,11.15,11.21,10.96,11.01,11984693,11.09
2013/10/28,10.96,11.45,10.86,11.35,15440718,11.15
2013/10/29,11.31,11.43,10.89,11.36,14615951,11.16
2013/10/30,11.31,11.42,11.04,11.30,11844136,11.23
2013/10/31,11.23,11.33,10.87,10.94,9875968,11.10
2013/11/01,10.93,10.93,10.33,10.44,9303649,10.63
2013/11/04,10.37,10.62,10.37,10.52,2540982,10.49
2013/11/05,10.49,10.69,10.33,10.59,4107303,10.51
2013/11/06,10.57,10.82,10.47,10.60,4158882,10.65
2013/11/07,10.66,10.89,10.38,10.84,10166090,10.64
2013/11/08,10.72,10.84,10.59,10.64,3874421,10.71
2013/11/11,10.47,10.93,10.44,10.72,8446505,10.68
2013/11/12,10.67,11.03,10.64,10.89,6645075,10.83
2013/11/13,10.84,10.84,10.33,10.33,5250512,10.58
2013/11/14,10.30,10.40,10.01,10.20,3940855,10.21
2013/11/15,10.22,10.45,10.17,10.33,4264755,10.31
2013/11/18,10.35,10.54,10.35,10.52,3962568,10.44
2013/11/19,10.55,10.57,10.37,10.44,3256556,10.47
2013/11/20,10.45,10.60,10.44,10.50,3142912,10.52
2013/11/21,10.45,10.52,10.40,10.52,3531291,10.46
2013/11/22,10.52,10.54,10.25,10.32,4514657,10.39
2013/11/25,10.33,10.38,10.23,10.28,2580166,10.31
2013/11/26,10.37,10.37,10.28,10.33,1989399,10.32
2013/11/27,10.33,10.42,10.28,10.38,3053857,10.35
2013/11/28,10.38,10.52,10.35,10.49,3789785,10.43
2013/11/29,10.55,10.64,10.47,10.59,4279761,10.56
2013/12/02,10.47,10.50,9.88,9.95,5861712,10.19
2013/12/03,9.95,10.33,9.88,10.15,2830247,10.11
2013/12/04,10.11,10.27,10.08,10.20,3504784,10.17
2013/12/05,10.25,10.40,10.23,10.28,3087761,10.32
2013/12/06,10.30,10.33,10.20,10.30,1528861,10.26
2013/12/09,10.25,10.42,10.25,10.40,2000698,10.33
2013/12/10,10.42,10.45,10.32,10.38,2141239,10.38
2013/12/11,10.33,10.40,10.13,10.18,2006897,10.27
2013/12/12,10.18,10.23,10.08,10.17,1640499,10.16
2013/12/13,10.08,10.28,10.08,10.27,1479942,10.18
2013/12/16,10.32,10.32,9.96,10.01,2240772,10.14
2013/12/17,10.06,10.49,9.91,10.18,6279299,10.20
2013/12/18,10.10,10.18,10.01,10.03,2453694,10.09
2013/12/19,10.06,10.17,9.83,9.86,2444886,10.00
2013/12/20,9.88,9.93,9.62,9.66,2103486,9.77
2013/12/23,9.66,9.96,9.51,9.76,2253930,9.74
2013/12/24,9.78,9.88,9.62,9.73,3536230,9.75
2013/12/25,9.67,9.73,9.61,9.71,1917222,9.67
2013/12/26,9.69,9.71,9.39,9.42,2711306,9.55
2013/12/27,9.42,9.57,9.39,9.56,2390225,9.48
2013/12/30,9.57,9.62,9.46,9.56,2063421,9.54
2013/12/31,9.54,9.64,9.42,9.61,1848835,9.53
2014/01/02,9.62,9.66,9.52,9.66,1795661,9.59
2014/01/03,9.61,9.81,9.52,9.71,3112236,9.67
2014/01/06,9.64,9.89,9.42,9.84,12511693,9.66
2014/01/07,9.76,9.84,9.71,9.78,4383957,9.78
2014/01/08,9.79,9.89,9.49,9.88,7111088,9.69
2014/01/09,9.76,10.08,9.57,9.57,8921243,9.83
2014/01/10,9.49,9.54,9.08,9.10,5374142,9.31
2014/01/13,9.05,9.15,8.80,8.86,4184891,8.98
2014/01/14,8.90,9.03,8.83,9.02,2475423,8.93
2014/01/15,9.03,9.03,8.91,8.95,2538399,8.97
2014/01/16,8.98,9.07,8.91,9.00,2435034,8.99
2014/01/17,9.00,9.00,8.85,8.85,2143089,8.92
2014/01/20,8.81,8.91,8.68,8.71,2597700,8.79
2014/01/21,8.73,8.83,8.69,8.81,2116926,8.76
2014/01/22,8.83,9.47,8.78,9.30,6900659,9.13
2014/01/23,9.24,9.39,9.18,9.24,5329130,9.29
2014/01/24,9.22,9.35,9.15,9.29,3929066,9.25
2014/01/27,9.22,9.25,9.13,9.17,2541089,9.19
2014/01/28,9.20,9.29,9.15,9.22,1981274,9.22
2014/01/29,9.25,9.32,9.17,9.24,2102508,9.25
2014/01/30,9.24,9.30,9.18,9.24,1458757,9.24
2014/02/07,9.22,9.34,9.10,9.32,2102950,9.22
2014/02/10,9.30,9.57,9.30,9.54,4826494,9.44
2014/02/11,9.56,9.56,9.42,9.47,3554092,9.49
2014/02/12,9.49,9.62,9.42,9.61,4085852,9.52
2014/02/13,9.59,9.59,9.35,9.37,4613715,9.47
2014/02/14,9.40,9.91,9.35,9.74,8797545,9.63
2014/02/17,9.86,9.89,9.67,9.78,7635359,9.78
2014/02/18,9.79,10.28,9.74,10.08,15752755,10.01
2014/02/19,10.01,10.20,10.00,10.08,6182514,10.10
2014/02/20,10.08,10.08,9.84,9.89,5268570,9.96
2014/02/21,9.86,9.96,9.73,9.83,4285821,9.85
2014/02/24,9.79,10.06,9.62,9.98,5347939,9.84
2014/02/25,9.98,10.08,9.64,9.71,4825698,9.86
2014/02/26,9.64,10.45,9.64,10.20,17244427,10.04
2014/02/27,10.20,10.40,10.08,10.22,16891350,10.24
2014/02/28,10.13,10.44,10.05,10.35,14604503,10.25
2014/03/03,10.35,10.47,10.27,10.33,11580445,10.37
2014/03/04,10.28,10.40,10.10,10.28,8442118,10.25
2014/03/05,10.25,10.55,10.18,10.20,9183096,10.37
2014/03/06,10.17,10.25,9.79,10.08,7182354,10.02
2014/03/07,10.05,10.27,10.03,10.08,6312385,10.15
2014/03/10,10.11,10.20,9.81,9.89,4696891,10.00
2014/03/11,9.84,10.15,9.79,10.05,5655203,9.97
2014/03/12,10.03,10.17,9.81,10.06,6140698,9.99
2014/03/13,10.10,10.18,9.95,10.06,5011415,10.06
2014/03/14,10.03,10.10,9.88,9.96,3440221,9.99
2014/03/17,9.96,10.06,9.91,10.03,3770947,9.99
2014/03/18,10.06,10.35,10.03,10.33,8734591,10.19
2014/03/19,10.27,10.35,10.18,10.30,5189752,10.26
2014/03/20,10.33,10.35,9.84,9.84,6277065,10.09
2014/03/21,9.71,10.00,9.66,9.95,4231996,9.83
2014/03/24,10.05,10.18,9.95,10.15,5976125,10.06
2014/03/25,10.17,10.20,10.03,10.10,3363178,10.11
2014/03/26,10.08,10.17,10.05,10.10,2982717,10.11
2014/03/27,10.10,10.10,9.84,9.84,3247965,9.97
2014/03/28,9.86,9.91,9.67,9.74,3170881,9.79
2014/03/31,9.74,9.86,9.67,9.69,1841975,9.76
2014/04/01,9.73,9.95,9.71,9.95,2148980,9.83
2014/04/02,9.98,10.03,9.89,9.93,2629956,9.96
2014/04/03,10.00,10.03,9.91,9.95,2321590,9.97
2014/04/04,9.93,10.08,9.89,10.05,1934961,9.99
2014/04/08,9.98,10.22,9.96,10.20,4272740,10.09
2014/04/09,10.23,10.27,10.15,10.20,2785112,10.21
2014/04/10,10.25,10.27,10.11,10.15,4134435,10.19
2014/04/11,10.10,10.23,10.10,10.17,4645600,10.17
2014/04/14,10.11,10.28,10.11,10.23,3370007,10.19
2014/04/15,10.20,10.20,9.95,9.96,3902313,10.07
2014/04/16,9.95,10.06,9.91,10.00,2351463,9.99
2014/04/17,10.01,10.30,10.01,10.23,5865427,10.16
2014/04/18,10.20,10.52,10.17,10.47,9693123,10.34
2014/04/21,10.42,10.60,10.32,10.38,8240823,10.46
2014/04/22,10.42,10.60,10.32,10.38,0,10.46
2014/04/23,10.42,10.60,10.32,10.38,0,10.46
2014/04/24,10.42,10.60,10.32,10.38,0,10.46
2014/04/25,10.42,10.60,10.32,10.38,0,10.46
2014/04/28,10.42,10.60,10.32,10.38,0,10.46
2014/04/29,10.42,10.60,10.32,10.38,0,10.46
2014/04/30,10.42,10.60,10.32,10.38,0,10.46
2014/05/05,10.42,10.60,10.32,10.38,0,10.46
2014/05/06,10.42,10.60,10.32,10.38,0,10.46
2014/05/07,10.42,10.60,10.32,10.38,0,10.46
2014/05/08,10.42,10.60,10.32,10.38,0,10.46
2014/05/09,10.42,10.60,10.32,10.38,0,10.46
2014/05/12,10.42,10.60,10.32,10.38,0,10.46
2014/05/13,10.42,10.60,10.32,10.38,0,10.46
2014/05/14,10.42,10.60,10.32,10.38,0,10.46
2014/05/15,10.42,10.60,10.32,10.38,0,10.46
2014/05/16,10.42,10.60,10.32,10.38,0,10.46
2014/05/19,10.42,10.60,10.32,10.38,0,10.46
2014/05/20,10.42,10.60,10.32,10.38,0,10.46
2014/05/21,10.42,10.60,10.32,10.38,0,10.46
2014/05/22,10.42,10.60,10.32,10.38,0,10.46
2014/05/23,10.42,10.60,10.32,10.38,0,10.46
2014/05/26,10.42,10.60,10.32,10.38,0,10.46
2014/05/27,10.42,10.60,10.32,10.38,0,10.46
2014/05/28,10.42,10.60,10.32,10.38,0,10.46
2014/05/29,10.42,10.60,10.32,10.38,0,10.46
2014/05/30,10.42,10.60,10.32,10.38,0,10.46
2014/06/03,10.42,10.60,10.32,10.38,0,10.46
2014/06/04,10.42,10.60,10.32,10.38,0,10.46
2014/06/05,10.42,10.60,10.32,10.38,0,10.46
2014/06/06,10.42,10.60,10.32,10.38,0,10.46
2014/06/09,10.42,10.60,10.32,10.38,0,10.46
2014/06/10,10.42,10.60,10.32,10.38,0,10.46
2014/06/11,10.42,10.60,10.32,10.38,0,10.46
2014/06/12,10.42,10.60,10.32,10.38,0,10.46
2014/06/13,10.42,10.60,10.32,10.38,0,10.46
2014/06/16,10.42,10.60,10.32,10.38,0,10.46
2014/06/17,10.42,10.60,10.32,10.38,0,10.46
2014/06/18,10.42,10.60,10.32,10.38,0,10.46
2014/06/19,10.33,10.33,9.40,9.74,8073597,9.87
2014/06/20,9.57,9.62,9.40,9.56,3546479,9.51
2014/06/23,9.56,9.64,9.49,9.52,2914829,9.57
2014/06/24,9.54,9.59,9.47,9.52,2098632,9.53
2014/06/25,9.51,9.52,9.37,9.44,2348791,9.44
2014/06/26,9.44,9.56,9.40,9.52,2742178,9.48
2014/06/27,9.51,9.52,9.39,9.49,4214509,9.46
2014/06/30,9.49,9.56,9.44,9.56,3758162,9.50
2014/07/01,9.56,9.76,9.54,9.74,5544671,9.65
2014/07/02,9.71,9.86,9.66,9.74,3380948,9.76
2014/07/03,9.73,9.84,9.67,9.76,2918705,9.75
2014/07/04,9.73,9.81,9.66,9.78,1933102,9.74
2014/07/07,9.79,9.79,9.66,9.69,2335124,9.72
2014/07/08,9.71,9.83,9.46,9.81,5699874,9.65
2014/07/09,9.86,9.89,9.59,9.61,4422306,9.74
2014/07/10,9.57,9.64,9.54,9.59,3433556,9.59
2014/07/11,9.59,9.66,9.54,9.66,2504712,9.60
2014/07/14,10.18,10.57,10.13,10.57,11808975,10.35
2014/07/15,11.40,11.57,10.89,11.57,30901310,11.23
2014/07/16,11.84,11.86,10.98,11.06,43071497,11.42
2014/07/17,10.96,11.23,10.72,11.04,21508604,10.98
2014/07/18,10.86,11.06,10.76,10.86,13053074,10.91
2014/07/21,10.79,11.35,10.76,11.09,17098633,11.05
2014/07/22,11.01,11.84,10.91,11.45,28230744,11.38
2014/07/23,11.38,11.42,11.03,11.25,19900553,11.22
2014/07/24,11.25,11.84,10.96,11.50,24725123,11.40
2014/07/25,11.43,11.53,11.08,11.26,15968481,11.30
2014/07/28,11.26,11.33,11.13,11.25,14832598,11.23
2014/07/29,11.20,11.50,11.16,11.38,16837394,11.33
2014/07/30,11.36,11.36,11.04,11.18,12435465,11.20
2014/07/31,11.11,11.28,11.06,11.28,9415389,11.17
2014/08/01,11.20,11.25,10.96,10.98,10606298,11.11
2014/08/04,11.01,11.82,10.99,11.52,22907242,11.41
2014/08/05,11.40,11.80,11.35,11.64,22272048,11.58
2014/08/06,11.62,11.86,11.47,11.64,17656209,11.67
2014/08/07,11.62,12.28,11.57,12.09,29304125,11.92
2014/08/08,11.94,12.40,11.70,11.91,37090971,12.05
2014/08/11,11.91,11.97,11.57,11.89,19269759,11.77
2014/08/12,11.92,12.28,11.89,12.06,21144405,12.08
2014/08/13,12.06,12.06,11.69,11.87,14252815,11.88
2014/08/14,11.82,11.87,11.57,11.60,14965850,11.72
2014/08/15,11.60,11.79,11.57,11.74,9739991,11.68
2014/08/18,11.74,12.23,11.69,12.19,23914524,11.96
2014/08/19,12.24,13.02,12.21,12.85,39068518,12.62
2014/08/20,13.17,13.17,12.63,12.65,56124786,12.90
2014/08/21,12.51,13.85,12.46,13.73,37480863,13.16
2014/08/22,13.38,14.17,13.31,13.61,38418828,13.74
2014/08/25,13.48,13.75,13.27,13.27,17151486,13.51
2014/08/26,13.19,13.19,12.73,12.90,16803150,12.96
2014/08/27,12.80,13.21,12.80,13.21,13684753,13.01
2014/08/28,13.14,13.21,12.80,12.85,10739646,13.01
2014/08/29,12.85,12.95,12.53,12.95,9682068,12.74
2014/09/01,12.97,13.53,12.97,13.51,16286015,13.25
2014/09/02,13.56,13.78,13.34,13.63,19402917,13.56
2014/09/03,13.66,13.85,13.48,13.66,15987175,13.67
2014/09/04,13.66,13.85,13.48,13.66,0,13.67
2014/09/05,13.66,13.85,13.48,13.66,0,13.67
2014/09/09,13.66,13.85,13.48,13.66,0,13.67
2014/09/10,13.66,13.85,13.48,13.66,0,13.67
2014/09/11,13.66,13.85,13.48,13.66,0,13.67
2014/09/12,13.66,13.85,13.48,13.66,0,13.67
2014/09/15,14.14,14.46,13.68,13.87,38457621,14.07
2014/09/16,13.80,13.88,12.95,12.97,24223235,13.42
2014/09/17,12.87,13.05,12.77,13.02,10078710,12.91
2014/09/18,13.04,13.24,12.94,13.07,7861470,13.09
2014/09/19,13.11,13.11,12.77,12.94,12242323,12.94
2014/09/22,12.92,12.95,12.70,12.70,8782136,12.82
2014/09/23,12.68,12.90,12.67,12.90,6794374,12.79
2014/09/24,12.87,13.38,12.82,13.36,14762104,13.10
2014/09/25,13.43,13.70,13.26,13.33,16921074,13.48
2014/09/26,13.24,13.38,13.11,13.14,10532357,13.25
2014/09/29,13.29,13.58,13.22,13.56,14394621,13.40
2014/09/30,13.58,13.65,13.43,13.55,9125771,13.54
2014/10/08,13.55,13.58,13.31,13.49,11481372,13.45
2014/10/09,13.49,13.55,13.22,13.49,14126864,13.39
2014/10/10,13.39,13.88,13.34,13.87,26149667,13.61
2014/10/13,13.65,13.83,13.46,13.76,15990961,13.65
2014/10/14,13.78,13.88,13.41,13.51,12133582,13.65
2014/10/15,13.48,13.56,13.33,13.48,8318826,13.45
2014/10/16,13.39,13.49,12.95,12.95,12973029,13.22
2014/10/17,12.94,13.00,12.33,12.65,11982226,12.67
2014/10/20,12.70,12.89,12.68,12.85,5380876,12.79
2014/10/21,12.84,12.95,12.65,12.65,5168242,12.80
2014/10/22,12.65,12.82,12.46,12.48,5771266,12.64
2014/10/23,12.46,12.58,12.11,12.11,7447276,12.34
2014/10/24,12.11,12.23,11.94,12.14,5542412,12.08
2014/10/27,12.11,12.35,12.04,12.35,3896518,12.19
2014/10/28,12.35,12.70,12.35,12.68,6384090,12.52
2014/10/29,12.68,13.02,12.62,13.02,11379145,12.82
2014/10/30,13.00,13.12,12.92,13.12,12232515,13.02
2014/10/31,13.16,13.38,12.90,13.29,22629510,13.14
2014/11/03,13.26,13.31,13.14,13.26,9605164,13.23
2014/11/04,13.27,13.27,12.89,12.90,9729141,13.08
2014/11/05,12.90,13.04,12.87,12.92,5231493,12.95
2014/11/06,12.89,13.07,12.84,13.07,5387304,12.96
2014/11/07,13.07,13.26,12.80,12.82,8523299,13.03
2014/11/10,12.84,12.97,12.78,12.90,5516459,12.88
2014/11/11,12.94,12.94,12.21,12.24,9709278,12.58
2014/11/12,12.23,12.41,12.23,12.40,5275740,12.32
2014/11/13,12.43,12.46,12.18,12.24,5528862,12.32
2014/11/14,12.23,12.35,12.18,12.28,3589040,12.26
2014/11/17,12.33,12.53,12.23,12.48,4662322,12.38
2014/11/18,12.51,12.60,12.45,12.56,4002288,12.52
2014/11/19,12.56,12.60,12.45,12.51,3447694,12.52
2014/11/20,12.50,12.56,12.43,12.51,3174464,12.50
2014/11/21,12.51,12.68,12.51,12.67,5047063,12.59
2014/11/24,12.73,12.82,12.67,12.70,7317651,12.75
2014/11/25,12.73,12.95,12.70,12.95,9260217,12.82
2014/11/26,12.94,13.29,12.90,13.27,14853306,13.09
2014/11/27,13.29,13.38,13.12,13.22,13499450,13.25
2014/11/28,13.22,13.46,13.17,13.39,19232425,13.32
2014/12/01,13.44,13.58,13.14,13.56,23606982,13.36
2014/12/02,13.58,14.12,13.51,14.12,34264991,13.81
2014/12/03,14.66,14.95,14.15,14.24,73897949,14.55
2014/12/04,14.15,14.25,14.02,14.10,27447459,14.13
2014/12/05,14.07,14.07,13.09,13.43,26812978,13.58
2014/12/08,13.34,13.88,13.14,13.83,20398700,13.51
2014/12/09,13.82,14.29,13.60,13.63,32700417,13.94
2014/12/10,13.63,14.46,13.43,14.42,34410788,13.95
2014/12/11,14.31,14.63,14.19,14.53,27995072,14.41
2014/12/12,14.53,14.58,14.37,14.46,13096101,14.47
2014/12/15,14.44,14.74,14.34,14.61,16606507,14.54
2014/12/16,14.64,14.64,14.12,14.24,18445097,14.38
2014/12/17,14.25,14.27,13.80,13.97,11310542,14.04
2014/12/18,13.97,14.10,13.82,13.97,7792826,13.96
2014/12/19,13.85,13.85,12.82,13.17,23254114,13.33
2014/12/22,13.12,13.12,12.65,12.65,11315367,12.88
2014/12/23,12.65,12.97,12.62,12.68,9042818,12.79
2014/12/24,12.73,13.22,12.73,13.14,13305382,12.98
2014/12/25,13.14,13.26,12.73,12.87,26404571,13.00
2014/12/26,12.89,12.89,12.72,12.78,9362391,12.81
2014/12/29,12.77,12.78,12.38,12.43,12578975,12.58
2014/12/30,12.43,12.43,11.96,11.99,9027928,12.20
2014/12/31,11.99,12.31,11.99,12.29,6523915,12.15
2015/01/05,12.33,12.53,12.13,12.48,8434724,12.33
2015/01/06,12.41,12.70,12.31,12.63,8148891,12.50
2015/01/07,12.65,12.73,12.48,12.56,6068335,12.61
2015/01/08,12.62,12.62,12.36,12.41,6355761,12.49
2015/01/09,12.36,12.48,12.29,12.31,5724065,12.38
2015/01/12,12.21,12.21,11.94,11.94,5835389,12.08
2015/01/13,11.80,12.02,11.80,12.02,4619191,11.91
2015/01/14,12.04,12.04,11.77,11.89,4705462,11.90
2015/01/15,11.87,12.06,11.87,12.04,3681619,11.96
2015/01/16,12.04,12.35,12.04,12.35,6301060,12.19
2015/01/19,12.19,12.56,11.94,12.19,8975638,12.25
2015/01/20,12.19,12.58,12.19,12.58,8060132,12.38
2015/01/21,12.72,12.85,12.62,12.73,9137703,12.73
2015/01/22,12.75,12.82,12.70,12.78,7215792,12.76
2015/01/23,12.80,12.87,12.60,12.62,7472958,12.73
2015/01/26,12.60,12.89,12.58,12.85,8222874,12.74
2015/01/27,12.87,12.92,12.68,12.82,7759389,12.80
2015/01/28,12.80,12.97,12.70,12.90,9010835,12.83
2015/01/29,12.92,13.02,12.84,12.94,7880598,12.93
2015/01/30,12.94,12.99,12.67,12.70,6646338,12.83
2015/02/02,12.65,12.65,12.48,12.53,4482262,12.57
2015/02/03,12.56,12.73,12.55,12.73,4814111,12.64
2015/02/04,12.77,12.85,12.62,12.67,4510231,12.73
2015/02/05,12.75,12.77,12.50,12.53,5854935,12.63
2015/02/06,12.50,12.55,12.13,12.19,5523329,12.34
2015/02/09,12.24,12.31,12.13,12.16,2811159,12.22
2015/02/10,12.18,12.26,12.13,12.24,2657306,12.20
2015/02/11,12.28,12.45,12.28,12.40,2823440,12.36
2015/02/12,12.40,12.80,12.33,12.72,5495765,12.57
2015/02/13,12.72,13.00,12.62,12.90,11548127,12.81
2015/02/16,12.85,13.09,12.85,12.99,6529150,12.97
2015/02/17,12.99,13.17,12.90,13.12,9799894,13.04
2015/02/25,13.09,13.29,12.94,12.94,7636287,13.11
2015/02/26,12.90,13.43,12.87,13.29,13494595,13.15
2015/02/27,13.26,13.63,13.17,13.44,14465509,13.40
2015/03/02,13.51,13.61,13.39,13.49,10773468,13.50
2015/03/03,13.49,13.51,13.22,13.24,12906423,13.37
2015/03/04,13.22,13.51,13.22,13.46,12071329,13.37
2015/03/05,13.46,13.88,13.38,13.73,19095009,13.63
2015/03/06,13.68,13.87,13.43,13.44,13430976,13.65
2015/03/09,13.41,13.60,13.21,13.51,9694837,13.41
2015/03/10,13.55,13.73,13.48,13.61,11512052,13.61
2015/03/11,13.58,13.71,13.48,13.55,7990692,13.60
2015/03/12,13.55,13.83,13.51,13.61,13120892,13.67
2015/03/13,13.66,13.83,13.56,13.83,10307772,13.70
2015/03/16,13.85,14.20,13.85,14.14,16746055,14.02
2015/03/17,14.17,14.32,13.97,14.17,17843421,14.15
2015/03/18,14.24,14.76,14.22,14.64,25238273,14.49
2015/03/19,14.61,14.61,14.36,14.54,17647969,14.48
2015/03/20,14.56,14.80,14.49,14.66,17447428,14.65
2015/03/23,14.66,14.93,14.59,14.93,24366065,14.76
2015/03/24,14.95,15.05,14.32,14.73,28418754,14.69
2015/03/25,14.73,16.15,14.49,15.49,53996486,15.32
2015/03/26,15.40,15.61,15.05,15.25,28569632,15.33
2015/03/27,15.29,15.64,15.17,15.45,20943217,15.41
2015/03/30,15.29,15.64,15.17,15.45,0,15.41
2015/03/31,15.29,15.64,15.17,15.45,0,15.41
2015/04/01,15.29,15.64,15.17,15.45,0,15.41
2015/04/02,15.29,15.64,15.17,15.45,0,15.41
2015/04/03,15.29,15.64,15.17,15.45,0,15.41
2015/04/07,15.29,15.64,15.17,15.45,0,15.41
2015/04/08,15.29,15.64,15.17,15.45,0,15.41
2015/04/09,15.29,15.64,15.17,15.45,0,15.41
2015/04/10,15.29,15.64,15.17,15.45,0,15.41
2015/04/13,15.29,15.64,15.17,15.45,0,15.41
2015/04/14,15.29,15.64,15.17,15.45,0,15.41
2015/04/15,15.29,15.64,15.17,15.45,0,15.41
2015/04/16,15.29,15.64,15.17,15.45,0,15.41
2015/04/17,15.29,15.64,15.17,15.45,0,15.41
2015/04/20,15.29,15.64,15.17,15.45,0,15.41
2015/04/21,16.94,16.94,16.94,16.94,2274444,16.94
2015/04/22,18.58,18.58,17.30,17.63,65298814,17.94
2015/04/23,17.55,18.12,17.38,17.69,35602646,17.75
2015/04/24,17.36,17.57,17.03,17.36,27601756,17.30
2015/04/27,17.48,17.84,17.23,17.43,24453786,17.54
2015/04/28,17.50,17.60,16.50,16.64,21743271,17.05
2015/04/29,16.72,17.08,16.42,16.87,14559578,16.75
2015/04/30,16.93,17.40,16.84,16.84,17081854,17.12
2015/05/04,16.72,17.06,16.43,16.98,18268565,16.74
2015/05/05,17.03,17.03,16.16,16.20,14948701,16.60
2015/05/06,16.20,16.49,15.54,15.79,15080404,16.01
2015/05/07,15.66,15.93,15.49,15.66,13542931,15.71
2015/05/08,15.88,16.28,15.74,16.28,15187155,16.01
2015/05/11,16.47,17.11,16.28,17.04,23568250,16.70
2015/05/12,17.16,17.94,16.82,17.57,29821921,17.38
2015/05/13,17.43,17.69,17.04,17.20,21903006,17.37
2015/05/14,17.21,17.77,17.21,17.58,21916222,17.49
2015/05/15,17.62,17.67,16.84,16.87,16614519,17.26
2015/05/18,16.84,17.21,16.64,16.93,14133022,16.93
2015/05/19,17.06,17.57,16.93,17.50,22695971,17.25
2015/05/20,17.50,18.26,17.38,17.69,36310292,17.82
2015/05/21,17.62,18.63,17.57,18.53,32878201,18.10
2015/05/22,18.63,19.17,18.02,18.50,35719597,18.60
2015/05/25,18.50,19.34,18.23,19.29,36752749,18.79
2015/05/26,19.43,19.97,19.41,19.51,39489192,19.69
2015/05/27,19.51,19.85,18.89,19.70,35459251,19.37
2015/05/28,19.63,20.56,18.23,18.26,42794696,19.39
2015/05/29,18.31,18.95,17.62,18.56,28455867,18.29
2015/06/01,18.58,19.76,18.58,19.73,29004980,19.17
2015/06/02,19.76,21.17,19.51,21.13,37925644,20.34
2015/06/03,21.03,21.45,20.49,20.80,35118093,20.97
2015/06/04,20.64,20.78,18.95,20.37,31309409,19.87
2015/06/05,20.98,21.13,20.05,20.88,34244333,20.59
2015/06/08,20.90,21.07,20.34,20.68,29279284,20.71
2015/06/09,20.81,21.98,20.39,21.72,45360046,21.19
2015/06/10,21.40,22.08,20.98,21.72,33357300,21.53
2015/06/11,21.79,22.64,21.66,21.93,34555836,22.15
2015/06/12,22.06,22.54,21.67,22.27,31803499,22.11
2015/06/15,22.27,23.72,22.08,23.03,41555617,22.90
2015/06/16,22.47,22.91,20.95,21.27,34526935,21.93
2015/06/17,21.01,21.93,20.32,21.83,26598307,21.13
2015/06/18,21.72,22.74,21.32,21.42,28858312,22.03
2015/06/19,20.81,21.13,19.34,19.34,27311347,20.23
2015/06/23,19.65,19.93,17.84,19.73,21572305,18.88
2015/06/24,19.97,20.32,19.48,20.19,24056962,19.90
2015/06/25,20.31,20.41,18.58,18.95,22467417,19.49
2015/06/26,18.38,18.78,17.13,17.13,23852627,17.96
2015/06/29,17.74,17.84,15.49,15.59,26895876,16.67
2015/06/30,15.59,16.93,14.10,16.69,26827463,15.51
2015/07/01,16.38,17.04,15.45,15.61,20226294,16.24
2015/07/02,15.81,15.98,14.27,14.51,18793017,15.13
2015/07/03,14.22,15.17,13.17,13.61,22900885,14.17
2015/07/06,14.90,14.90,12.63,14.12,26825743,13.77
2015/07/07,13.66,13.93,12.78,12.78,17487516,13.35
2015/07/08,11.58,13.44,11.58,13.04,51176225,12.51
2015/07/09,13.04,14.27,13.04,14.27,22393427,13.65
2015/07/10,14.66,15.62,14.49,15.62,26945597,15.05
2015/07/13,16.06,17.09,15.78,17.09,42723283,16.43
2015/07/14,16.59,17.55,16.25,16.37,44153793,16.90
2015/07/15,15.88,15.91,14.80,14.80,23654843,15.36
2015/07/16,14.80,15.51,14.05,15.17,19502240,14.78
2015/07/17,15.22,16.25,15.18,16.08,16810913,15.71
2015/07/20,15.94,16.38,15.57,15.84,17889133,15.97
2015/07/21,15.57,16.16,15.47,15.94,15559891,15.82
2015/07/22,15.89,16.05,15.37,15.83,13869597,15.71
2015/07/23,15.76,16.37,15.57,16.28,20923350,15.97
2015/07/24,16.33,16.40,15.44,15.52,19538935,15.92
2015/07/27,15.22,15.39,14.04,14.04,18667886,14.71
2015/07/28,13.71,14.37,12.87,14.27,21744811,13.62
2015/07/29,14.29,14.95,13.71,14.86,13678314,14.33
2015/07/30,14.78,14.88,13.98,14.00,13242670,14.43
2015/07/31,13.75,14.12,13.75,13.90,8464533,13.93
2015/08/03,13.63,14.61,13.55,14.59,13805528,14.08
2015/08/04,14.54,15.18,14.47,15.12,14065744,14.83
2015/08/05,15.03,15.12,14.53,14.56,11138531,14.82
2015/08/06,14.25,14.69,14.10,14.46,5923088,14.39
2015/08/07,14.46,14.83,14.46,14.81,9156495,14.65
2015/08/10,14.85,15.56,14.76,15.42,16535439,15.16
2015/08/11,15.37,16.06,15.27,15.66,21070222,15.66
2015/08/12,15.44,16.01,15.29,15.34,12041439,15.65
2015/08/13,15.84,16.50,15.61,16.08,22422708,16.05
2015/08/14,16.33,17.57,15.89,17.16,41203861,16.73
2015/08/17,17.04,17.42,16.59,17.35,32292662,17.01
2015/08/18,17.14,17.33,15.69,15.69,23272595,16.51
2015/08/19,15.07,16.06,14.27,15.74,17424460,15.16
2015/08/20,15.47,16.42,15.20,15.32,17725681,15.81
2015/08/21,14.98,15.20,14.22,14.22,12342384,14.71
2015/08/24,13.70,13.97,12.87,12.87,11501684,13.42
2015/08/25,11.99,13.36,11.65,11.65,18209976,12.50
2015/08/26,11.97,12.45,11.55,11.82,14051707,12.00
2015/08/27,12.18,12.45,11.70,12.31,9291728,12.07
2015/08/28,12.50,13.33,12.31,13.19,13910596,12.82
2015/08/31,12.80,12.99,12.40,12.50,9524184,12.70
2015/09/01,12.35,12.40,11.62,11.65,8062545,12.01
2015/09/02,11.43,12.46,11.18,12.33,12582955,11.82
2015/09/07,12.21,12.82,12.09,12.21,11321775,12.46
2015/09/08,11.94,12.77,11.87,12.75,7230283,12.32
2015/09/09,12.72,13.27,12.67,13.04,13006262,12.97
2015/09/10,12.89,12.94,12.53,12.58,7805764,12.73
2015/09/11,12.55,12.82,12.48,12.73,5182915,12.65
2015/09/14,12.67,12.87,11.53,11.53,9943533,12.20
2015/09/15,11.52,11.58,10.87,10.91,6175356,11.22
2015/09/16,10.98,11.92,10.81,11.87,11597853,11.37
2015/09/17,11.84,11.97,11.28,11.31,11249944,11.63
2015/09/18,11.38,11.47,11.13,11.36,5644706,11.30
2015/09/21,11.11,11.69,11.11,11.65,6828546,11.40
2015/09/22,11.69,11.84,11.52,11.74,8614908,11.68
2015/09/23,11.52,11.67,11.31,11.38,5835766,11.49
2015/09/24,11.42,11.64,11.38,11.62,5125910,11.51
2015/09/25,11.58,11.64,11.20,11.38,6411493,11.42
2015/09/28,11.33,11.82,11.21,11.79,6673884,11.52
2015/09/29,11.53,11.94,11.40,11.82,9470155,11.67
2015/09/30,11.82,11.97,11.69,11.87,12662934,11.83
2015/10/08,12.16,12.29,12.02,12.16,9842786,12.15
2015/10/09,12.18,12.29,11.99,12.19,9535072,12.14
2015/10/12,12.24,12.73,12.19,12.67,13314290,12.46
2015/10/13,12.62,12.73,12.41,12.70,9612068,12.57
2015/10/14,12.63,12.70,12.38,12.40,8804281,12.54
2015/10/15,12.33,12.90,12.31,12.87,12587009,12.61
2015/10/16,12.95,13.11,12.80,12.95,11298067,12.96
2015/10/19,12.95,13.05,12.72,12.87,9337180,12.89
2015/10/20,12.89,13.07,12.82,13.07,9351441,12.95
2015/10/21,13.04,13.12,11.97,12.09,11897064,12.54
2015/10/22,12.16,13.04,12.04,12.94,11017123,12.54
2015/10/23,12.95,13.65,12.84,13.21,15096671,13.25
2015/10/26,13.29,13.38,13.07,13.22,11771231,13.23
2015/10/27,13.22,13.22,12.62,12.99,11445766,12.92
2015/10/28,12.99,13.24,12.87,12.89,8180384,13.05
2015/10/29,12.95,13.12,12.84,13.00,6528325,12.98
2015/10/30,13.14,13.65,12.95,13.27,16033212,13.30
2015/11/02,13.04,13.55,12.97,13.04,10847728,13.26
2015/11/03,13.04,13.31,12.97,13.16,6772378,13.14
2015/11/04,13.27,13.78,13.27,13.66,13590690,13.52
2015/11/05,13.61,13.70,13.38,13.61,16148473,13.54
2015/11/06,13.56,14.00,13.56,13.95,15116915,13.78
2015/11/09,13.82,14.39,13.65,14.19,14536268,14.02
2015/11/10,14.05,14.66,13.88,14.47,20617495,14.27
2015/11/11,14.39,14.69,14.10,14.51,18181652,14.39
2015/11/12,14.49,14.59,14.09,14.39,15652895,14.34
2015/11/13,14.14,14.29,13.88,14.29,9669186,14.08
2015/11/16,13.95,14.42,13.90,14.34,14742653,14.16
2015/11/17,14.27,14.49,13.98,14.05,11493654,14.24
2015/11/18,13.82,14.00,13.48,13.53,10543351,13.74
2015/11/19,13.75,13.83,13.55,13.83,6124139,13.69
2015/11/20,13.88,14.05,13.68,13.95,10702630,13.87
2015/11/23,13.90,14.29,13.85,14.09,11614278,14.07
2015/11/24,14.09,14.22,13.93,14.22,7460220,14.08
2015/11/25,14.29,14.54,14.09,14.54,14098143,14.31
2015/11/26,14.64,14.64,14.22,14.27,11933248,14.43
2015/11/27,14.29,14.31,12.92,13.04,14707402,13.62
2015/11/30,13.07,13.22,12.38,13.00,7731070,12.80
2015/12/01,12.95,13.46,12.95,13.27,8057783,13.21
2015/12/02,13.24,13.44,12.90,13.33,7111467,13.17
2015/12/03,13.39,13.49,13.21,13.49,7716770,13.35
2015/12/04,13.36,13.44,13.19,13.31,7260628,13.31
2015/12/07,13.33,13.55,13.22,13.48,6600990,13.39
2015/12/08,13.38,13.39,13.04,13.04,6144952,13.21
2015/12/09,12.99,13.26,12.94,13.07,4407668,13.10
2015/12/10,13.12,13.19,12.94,12.97,3762112,13.06
2015/12/11,13.00,13.05,12.63,12.95,4593546,12.84
2015/12/14,12.82,13.19,12.77,13.19,5007503,12.98
2015/12/15,13.16,13.33,13.14,13.21,5139481,13.24
2015/12/16,13.26,13.60,13.21,13.36,8792296,13.41
2015/12/17,13.46,13.63,13.41,13.61,8638981,13.52
2015/12/18,13.63,13.82,13.49,13.60,7709355,13.66
2015/12/21,13.63,13.87,13.56,13.75,8552221,13.71
2015/12/22,13.80,13.93,13.66,13.87,7261919,13.79
2015/12/23,13.87,13.90,13.63,13.66,7744795,13.77
2015/12/24,13.70,13.71,13.31,13.51,5282807,13.51
2015/12/25,13.51,13.78,13.46,13.78,5644685,13.62
2015/12/28,13.85,14.04,13.38,13.41,12183881,13.71
2015/12/29,13.38,13.76,13.27,13.73,6528297,13.51
2015/12/30,13.71,13.87,13.65,13.83,6363474,13.76
2015/12/31,13.88,13.90,13.61,13.63,6395918,13.75
2016/01/04,13.55,13.61,12.38,12.40,4696723,13.00
2016/01/05,11.60,12.50,11.60,12.26,6527404,12.05
2016/01/06,12.19,12.55,12.19,12.53,6050983,12.37
2016/01/07,12.33,12.33,11.45,11.52,1622900,11.89
2016/01/08,11.86,11.91,11.20,11.79,6280296,11.55
2016/01/11,11.52,11.97,11.18,11.23,6670746,11.58
2016/01/12,11.25,11.53,11.23,11.31,4115812,11.38
2016/01/13,11.38,11.52,10.87,10.91,3973245,11.19
2016/01/14,10.67,11.23,10.52,11.18,3961716,10.88
2016/01/15,11.06,11.25,10.52,10.76,3658101,10.88
2016/01/18,10.67,11.08,10.55,10.93,5205482,10.82
2016/01/19,10.86,11.35,10.81,11.35,5732649,11.08
2016/01/20,11.30,11.64,11.09,11.23,5827398,11.37
2016/01/21,11.15,11.53,11.03,11.06,5603947,11.28
2016/01/22,11.09,11.33,10.94,11.23,4466192,11.13
2016/01/25,11.26,11.31,11.06,11.13,4132882,11.19
2016/01/26,11.06,11.06,10.25,10.30,5551761,10.66
2016/01/27,10.42,10.57,9.83,10.15,3668946,10.20
2016/01/28,10.15,10.30,9.86,9.89,2626004,10.08
2016/01/29,9.81,10.22,9.73,10.08,6007924,9.98
2016/02/01,10.01,10.08,9.66,9.76,3935636,9.87
2016/02/02,9.73,10.08,9.73,10.05,3327663,9.91
2016/02/03,9.91,10.13,9.88,10.08,3076558,10.01
2016/02/04,10.08,10.35,10.08,10.28,4931039,10.21
2016/02/05,10.30,10.37,10.11,10.18,3764583,10.24
2016/02/15,9.98,10.42,9.83,10.25,3840483,10.13
2016/02/16,10.27,10.62,10.25,10.59,4923845,10.43
2016/02/17,10.50,10.76,10.44,10.72,5574364,10.60
2016/02/18,10.69,10.86,10.62,10.81,5347867,10.74
2016/02/19,10.71,10.79,10.59,10.77,4197452,10.69
2016/02/22,10.82,10.96,10.76,10.94,4735452,10.86
2016/02/23,10.94,10.94,10.67,10.79,3952051,10.80
2016/02/24,10.79,10.84,10.60,10.84,3068111,10.72
2016/02/25,10.82,10.82,9.83,9.88,6782713,10.33
2016/02/26,10.18,10.69,9.93,10.44,8246696,10.31
2016/02/29,10.40,10.40,9.66,10.30,5217207,10.03
2016/03/01,10.17,10.38,9.81,10.15,8145129,10.10
2016/03/02,10.11,10.77,10.10,10.77,9640869,10.43
2016/03/03,10.67,10.91,10.60,10.64,7611289,10.75
2016/03/04,10.59,10.72,10.10,10.22,7379221,10.41
2016/03/07,10.25,10.59,10.25,10.40,5155354,10.42
2016/03/08,10.47,10.54,10.03,10.54,5127389,10.28
2016/03/09,10.33,10.40,10.18,10.32,4302326,10.29
2016/03/10,10.37,10.38,10.13,10.17,2875438,10.26
2016/03/11,10.15,10.23,10.03,10.15,2088562,10.13
2016/03/14,10.22,10.54,10.22,10.42,4691473,10.38
2016/03/15,10.37,10.52,10.28,10.40,3325035,10.40
2016/03/16,10.40,10.54,10.23,10.28,3737804,10.38
2016/03/17,10.35,10.60,10.23,10.57,5631872,10.42
2016/03/18,10.59,10.87,10.54,10.82,8721222,10.70
2016/03/21,10.84,11.09,10.79,10.96,8983865,10.94
2016/03/22,10.89,10.96,10.79,10.89,5307669,10.88
2016/03/23,10.89,10.98,10.84,10.94,4562087,10.91
2016/03/24,10.87,10.94,10.74,10.74,5505840,10.84
2016/03/25,10.71,10.84,10.71,10.79,2924418,10.78
2016/03/28,10.82,10.94,10.72,10.82,4931422,10.83
2016/03/29,10.84,11.77,10.66,11.47,34712161,11.21
2016/03/30,11.28,12.55,11.28,12.55,45829139,11.92
2016/03/31,12.55,13.53,12.38,12.90,58492254,12.96
2016/04/01,12.68,12.68,12.23,12.31,33214062,12.46
2016/04/05,12.41,12.58,12.19,12.51,32376665,12.38
2016/04/06,12.51,12.51,12.11,12.33,28613184,12.31
2016/04/07,12.24,12.40,12.11,12.13,19623212,12.25
2016/04/08,12.02,12.07,11.69,11.80,16957641,11.88
2016/04/11,11.96,12.06,11.89,11.96,15793562,11.98
2016/04/12,11.96,12.02,11.65,11.87,11734609,11.83
2016/04/13,12.02,12.50,12.01,12.19,28594322,12.25
2016/04/14,12.21,12.33,12.02,12.23,14887620,12.17
2016/04/15,12.29,12.35,12.09,12.16,11556536,12.22
2016/04/18,12.09,12.09,11.77,12.01,9172685,11.93
2016/04/19,12.01,12.29,11.96,12.18,10119486,12.13
2016/04/20,12.29,12.29,11.15,11.36,17719507,11.72
2016/04/21,11.26,11.89,11.26,11.72,16627871,11.58
2016/04/22,11.52,12.82,11.43,12.82,60799276,12.13
2016/04/25,13.29,13.29,12.68,13.07,66130241,12.98
2016/04/26,12.85,13.48,12.53,13.41,61542271,13.00
2016/04/27,13.12,13.48,12.92,13.24,45440212,13.20
2016/04/28,13.43,13.43,12.55,13.21,44078280,12.99
2016/04/29,12.97,13.68,12.72,13.56,56008811,13.20
2016/05/03,13.97,14.02,13.44,13.78,61036661,13.73
2016/05/04,13.71,13.71,13.04,13.17,45259762,13.38
2016/05/05,13.09,13.17,12.85,13.02,26206687,13.01
2016/05/06,12.72,12.90,11.96,12.04,35413705,12.43
2016/05/09,11.86,11.86,11.45,11.69,19767267,11.65
2016/05/10,11.64,11.77,11.53,11.65,12563657,11.65
2016/05/11,11.69,11.75,11.28,11.28,15678211,11.51
2016/05/12,11.09,11.15,10.76,11.09,13348450,10.96
2016/05/13,11.03,11.30,10.91,10.99,10285559,11.11
2016/05/16,10.99,11.25,10.94,11.23,9185924,11.09
2016/05/17,11.18,11.38,11.11,11.21,12237525,11.25
2016/05/18,11.13,11.13,10.44,10.72,14068669,10.79
2016/05/19,10.72,10.89,10.67,10.71,7668771,10.78
2016/05/20,10.64,10.94,10.54,10.89,8709364,10.74
2016/05/23,10.91,10.99,10.82,10.94,9132615,10.91
2016/05/24,10.87,10.93,10.69,10.77,6439522,10.81
2016/05/25,10.86,10.96,10.71,10.77,6071334,10.84
2016/05/26,10.72,10.82,10.42,10.81,7282707,10.62
2016/05/27,10.76,10.86,10.66,10.86,7641241,10.76
2016/05/30,10.79,10.86,10.64,10.67,5155963,10.75
2016/05/31,10.74,11.11,10.71,11.06,13514091,10.91
2016/06/01,11.11,11.15,11.01,11.06,10152200,11.08
2016/06/02,11.03,11.36,11.01,11.35,13877960,11.18
2016/06/03,11.36,11.38,11.13,11.21,9921836,11.26
2016/06/06,11.26,11.30,11.15,11.26,6957609,11.23
2016/06/07,11.23,11.42,11.11,11.38,9924608,11.26
2016/06/08,11.36,11.36,11.18,11.25,7755092,11.27
2016/06/13,11.11,11.11,10.49,10.49,10382746,10.80
2016/06/14,10.40,10.62,10.35,10.59,5217697,10.48
2016/06/15,10.44,11.21,10.42,11.09,10145300,10.82
2016/06/16,11.01,11.01,10.82,10.87,7829761,10.92
2016/06/17,10.87,11.08,10.86,10.93,6475214,10.97
2016/06/20,10.87,11.26,10.79,11.11,10296670,11.02
2016/06/21,11.16,11.42,11.03,11.11,13577946,11.22
2016/06/22,11.26,11.64,11.18,11.50,18792892,11.41
2016/06/23,11.36,11.69,11.30,11.40,12660854,11.50
2016/06/24,11.40,11.42,10.69,11.26,12695211,11.05
2016/06/27,11.08,11.48,11.08,11.40,8737672,11.28
2016/06/28,11.35,11.48,11.26,11.45,8248510,11.37
2016/06/29,11.47,11.75,11.43,11.53,10116190,11.59
2016/06/30,11.52,11.55,11.33,11.42,7839430,11.44
2016/07/01,11.40,11.50,11.31,11.43,9026377,11.41
2016/07/04,11.35,11.75,11.31,11.67,12068844,11.53
2016/07/05,11.65,11.82,11.58,11.74,10684508,11.70
2016/07/06,11.72,11.74,11.57,11.67,7206121,11.66
2016/07/07,11.67,11.72,11.52,11.62,6709465,11.62
2016/07/08,11.62,11.70,11.55,11.64,7106914,11.63
2016/07/11,11.65,11.74,11.52,11.52,7916089,11.63
2016/07/12,11.53,11.74,11.43,11.72,10843061,11.58
2016/07/13,11.70,11.87,11.64,11.79,10619669,11.75
2016/07/14,11.72,12.16,11.72,12.07,16069324,11.94
2016/07/15,11.99,12.21,11.87,11.92,10488929,12.04
2016/07/18,11.92,12.04,11.60,11.87,8757634,11.82
2016/07/19,11.77,12.02,11.74,11.87,6115800,11.88
2016/07/20,11.87,12.04,11.79,11.96,10761839,11.91
2016/07/21,11.91,12.01,11.87,11.99,6272354,11.94
2016/07/22,11.97,12.04,11.79,11.92,7798817,11.91
2016/07/25,12.06,12.84,12.06,12.58,26860015,12.45
2016/07/26,12.29,12.55,12.28,12.45,14864000,12.42
2016/07/27,12.38,12.45,11.48,11.57,17578500,11.96
2016/07/28,11.57,11.75,11.31,11.55,7618300,11.53
2016/07/29,11.47,11.57,11.38,11.45,4500207,11.48
2016/08/01,11.40,11.48,11.08,11.28,4912683,11.28
2016/08/02,11.28,11.45,11.25,11.40,3760417,11.35
2016/08/03,11.42,11.48,11.35,11.42,3856920,11.42
2016/08/04,11.45,11.48,11.38,11.45,2985028,11.43
2016/08/05,11.55,11.57,11.35,11.40,4047548,11.46
2016/08/08,11.35,11.47,10.89,11.47,4043297,11.18
