Date, SZ002435.Open, SZ002435.High, SZ002435.Low, SZ002435.Close, SZ002435.Volume, SZ002435.Adjusted
2010/06/18,18.50,19.50,17.45,17.85,19484091,18.50
2010/06/21,16.50,17.40,16.07,17.06,10056512,16.58
2010/06/22,16.70,17.46,16.53,16.68,6806092,16.93
2010/06/23,16.30,16.74,16.21,16.61,4653942,16.44
2010/06/24,16.50,16.90,16.41,16.74,4000921,16.74
2010/06/25,16.59,16.60,15.93,16.11,3813525,16.26
2010/06/28,16.09,16.40,16.07,16.24,2371113,16.23
2010/06/29,16.35,16.35,15.06,15.07,3078285,15.53
2010/06/30,14.86,14.86,14.28,14.64,2052726,14.58
2010/07/01,14.60,14.83,14.45,14.50,1689961,14.64
2010/07/02,14.40,14.57,13.55,14.09,2515205,14.01
2010/07/05,13.98,14.30,13.68,14.27,1803732,14.02
2010/07/06,14.04,14.74,13.92,14.54,2198670,14.47
2010/07/07,14.45,14.56,14.23,14.54,1686577,14.42
2010/07/08,14.65,14.68,14.10,14.26,1786569,14.36
2010/07/09,14.26,14.96,14.13,14.82,2887483,14.58
2010/07/12,14.78,15.00,14.66,14.86,2501952,14.84
2010/07/13,14.86,14.86,14.46,14.70,1701794,14.62
2010/07/14,14.70,14.98,14.64,14.72,1763463,14.81
2010/07/15,14.60,14.76,14.05,14.09,1739192,14.44
2010/07/16,14.10,14.20,13.87,14.16,1303394,14.05
2010/07/19,14.03,14.47,13.95,14.41,1240009,14.29
2010/07/20,14.36,14.95,14.36,14.93,2632025,14.75
2010/07/21,14.91,15.35,14.85,15.12,3437904,15.11
2010/07/22,15.13,15.60,14.86,15.57,4019801,15.27
2010/07/23,15.60,15.66,15.27,15.45,3884373,15.49
2010/07/26,15.50,15.74,15.28,15.67,2826680,15.48
2010/07/27,15.68,15.86,15.60,15.66,3543973,15.72
2010/07/28,15.70,15.84,15.45,15.81,3523375,15.71
2010/07/29,15.78,15.78,15.43,15.57,3574281,15.60
2010/07/30,15.78,15.78,15.43,15.57,0,15.60
2010/08/02,15.49,15.78,15.48,15.71,2822951,15.66
2010/08/03,15.74,15.76,15.42,15.42,2421999,15.60
2010/08/04,15.38,15.90,15.27,15.80,2683718,15.57
2010/08/05,15.85,16.13,15.66,15.74,3595165,15.88
2010/08/06,15.73,16.00,15.60,15.98,2392365,15.89
2010/08/09,15.98,16.37,15.92,16.33,3223031,16.18
2010/08/10,16.39,16.39,15.57,15.60,2928878,15.96
2010/08/11,15.61,15.98,15.61,15.89,1609368,15.82
2010/08/12,15.75,16.29,15.69,16.03,3178494,16.08
2010/08/13,15.91,16.21,15.75,16.21,2221426,16.03
2010/08/16,16.25,16.45,16.14,16.40,3676475,16.28
2010/08/17,16.40,16.42,16.17,16.26,2430011,16.28
2010/08/18,16.22,16.33,15.93,16.13,1763874,16.12
2010/08/19,16.17,16.27,16.03,16.23,1622596,16.17
2010/08/20,16.20,16.20,15.68,15.70,2028245,15.88
2010/08/23,15.72,15.88,15.66,15.79,889801,15.78
2010/08/24,15.79,16.24,15.68,16.19,1749721,15.95
2010/08/25,16.08,16.29,15.81,15.83,2162230,16.10
2010/08/26,15.87,16.00,15.73,15.89,914472,15.84
2010/08/27,15.86,16.36,15.79,16.31,2828355,16.20
2010/08/30,16.47,16.83,16.31,16.77,3607144,16.60
2010/08/31,16.69,16.85,16.54,16.64,2394516,16.69
2010/09/01,16.69,16.72,15.90,16.17,2486131,16.36
2010/09/02,16.35,16.97,16.12,16.85,3850034,16.70
2010/09/03,16.88,17.86,16.88,17.05,5130706,17.36
2010/09/06,17.08,17.24,16.55,16.79,2723062,16.80
2010/09/07,16.71,16.96,16.61,16.91,1262324,16.79
2010/09/08,16.89,17.16,16.67,17.10,1629822,16.93
2010/09/09,17.16,17.19,16.52,16.60,1835632,16.80
2010/09/10,16.60,16.98,16.41,16.89,1749181,16.69
2010/09/13,16.88,17.23,16.70,17.03,1885671,17.06
2010/09/14,17.02,17.18,16.94,17.00,1502848,17.02
2010/09/15,17.00,17.00,16.38,16.43,1765630,16.61
2010/09/16,16.42,16.60,15.80,15.97,1500580,16.10
2010/09/17,16.01,16.10,15.81,15.84,947248,15.93
2010/09/20,15.75,15.79,15.25,15.25,2163479,15.47
2010/09/21,15.32,15.42,15.07,15.15,1328311,15.23
2010/09/27,15.19,15.46,15.19,15.37,1383165,15.34
2010/09/28,15.43,15.48,15.15,15.24,819243,15.35
2010/09/29,15.25,15.35,14.89,14.89,1071904,15.12
2010/09/30,14.80,15.13,14.77,15.10,556596,15.02
2010/10/08,15.15,15.78,15.15,15.50,2506676,15.49
2010/10/11,15.51,15.67,15.41,15.62,1421843,15.55
2010/10/12,15.63,15.64,15.51,15.60,1213764,15.57
2010/10/13,15.60,15.66,15.36,15.65,1665986,15.54
2010/10/14,15.75,15.75,15.40,15.49,1531478,15.54
2010/10/15,15.48,15.65,15.30,15.50,1470645,15.47
2010/10/18,15.52,15.52,15.00,15.41,1263688,15.26
2010/10/19,15.36,15.88,15.30,15.85,2586522,15.66
2010/10/20,15.65,16.65,15.53,16.48,4765684,16.12
2010/10/21,16.39,16.72,16.11,16.53,5761532,16.56
2010/10/22,16.38,16.55,16.20,16.25,2375088,16.36
2010/10/25,16.25,16.56,16.25,16.43,1953770,16.41
2010/10/26,16.45,16.45,16.16,16.30,1722698,16.27
2010/10/27,16.30,16.55,16.14,16.17,1672865,16.34
2010/10/28,16.18,16.76,16.18,16.68,2704176,16.53
2010/10/29,16.95,17.15,16.60,16.67,3363245,16.84
2010/11/01,16.72,16.97,16.55,16.87,2930625,16.75
2010/11/02,16.79,16.97,16.51,16.54,2253575,16.77
2010/11/03,16.40,16.49,16.19,16.20,1453301,16.32
2010/11/04,16.10,16.48,16.10,16.38,1317588,16.28
2010/11/05,16.10,16.48,16.10,16.38,0,16.29
2010/11/08,16.61,16.97,16.44,16.88,3182058,16.64
2010/11/09,16.80,17.00,16.68,17.00,2358663,16.80
2010/11/10,16.94,17.24,16.90,17.10,2954589,17.09
2010/11/11,16.96,17.34,16.86,16.88,3070303,17.16
2010/11/12,16.72,16.88,15.83,15.83,2934409,16.40
2010/11/15,15.87,16.31,15.87,16.28,1227312,16.13
2010/11/16,16.31,16.52,15.90,16.06,1802257,16.26
2010/11/17,16.04,16.32,15.90,16.13,1141109,16.15
2010/11/18,16.19,16.43,16.19,16.39,1056861,16.31
2010/11/19,16.45,16.86,16.36,16.86,2240105,16.63
2010/11/22,16.71,17.14,16.70,16.90,2642361,16.93
2010/11/23,16.83,16.90,16.32,16.68,1715912,16.58
2010/11/24,16.52,17.20,16.52,17.15,2785327,16.99
2010/11/25,17.26,17.30,16.88,16.92,2026808,17.03
2010/11/26,16.95,17.08,16.70,16.86,1609345,16.94
2010/11/29,16.88,17.23,16.82,17.17,2011079,17.07
2010/11/30,17.15,17.35,16.46,16.75,2433060,16.93
2010/12/01,16.62,16.86,16.53,16.74,778614,16.74
2010/12/02,16.86,17.76,16.84,17.30,4069369,17.33
2010/12/03,17.35,17.35,16.90,17.16,2048162,17.08
2010/12/06,17.16,17.25,16.70,16.81,1191318,16.86
2010/12/07,16.77,16.95,16.46,16.92,1003864,16.73
2010/12/08,16.92,16.96,16.70,16.70,1047641,16.84
2010/12/09,16.65,16.74,16.42,16.47,807411,16.55
2010/12/10,16.30,16.66,16.30,16.63,526942,16.52
2010/12/13,16.75,17.07,16.63,16.95,1346826,16.93
2010/12/14,16.95,17.26,16.88,17.13,1606344,17.08
2010/12/15,17.13,17.28,17.01,17.14,1499689,17.16
2010/12/16,17.15,17.33,17.07,17.23,1689576,17.24
2010/12/17,17.24,17.29,17.13,17.23,1113946,17.20
2010/12/20,17.21,17.43,16.80,17.13,1991201,17.17
2010/12/21,17.18,17.33,17.01,17.30,1600408,17.22
2010/12/22,17.25,17.30,17.04,17.06,1038832,17.15
2010/12/23,17.02,17.14,16.70,16.70,1252638,16.87
2010/12/24,16.70,16.70,16.44,16.51,859048,16.55
2010/12/27,16.51,16.92,16.02,16.15,1072324,16.51
2010/12/28,16.10,16.40,15.98,16.17,965488,16.16
2010/12/29,16.20,16.62,16.20,16.53,787324,16.41
2010/12/30,16.46,16.64,16.37,16.52,684301,16.52
2010/12/31,16.66,16.68,16.51,16.68,576947,16.60
2011/01/04,16.70,16.77,16.60,16.70,1027828,16.70
2011/01/05,16.71,16.80,16.62,16.73,696295,16.73
2011/01/06,16.78,16.78,16.57,16.62,668004,16.69
2011/01/07,16.60,16.78,16.48,16.56,633901,16.60
2011/01/10,16.52,16.56,16.15,16.15,633013,16.33
2011/01/11,16.15,16.15,15.84,16.03,695989,15.97
2011/01/12,16.08,16.21,15.93,16.11,400142,16.06
2011/01/13,16.15,16.27,16.03,16.19,377162,16.15
2011/01/14,16.20,16.20,15.86,15.96,642223,15.95
2011/01/17,15.91,15.95,15.40,15.42,591789,15.58
2011/01/18,15.47,15.78,15.36,15.62,320950,15.60
2011/01/19,15.56,15.99,15.56,15.88,454732,15.83
2011/01/20,15.97,16.47,15.90,15.95,2146562,16.22
2011/01/21,15.91,16.00,15.50,15.80,644489,15.76
2011/01/24,15.75,15.83,15.48,15.48,336945,15.62
2011/01/25,15.48,15.50,15.01,15.19,486486,15.18
2011/01/26,15.26,15.35,15.17,15.30,216760,15.28
2011/01/27,15.22,15.53,15.10,15.45,321115,15.39
2011/01/28,15.42,15.50,15.30,15.45,355353,15.41
2011/01/31,15.33,15.62,15.31,15.50,373488,15.51
2011/02/01,15.59,15.66,15.41,15.64,358804,15.58
2011/02/09,15.52,15.73,15.40,15.44,309299,15.56
2011/02/10,15.49,15.81,15.39,15.73,521390,15.63
2011/02/11,15.71,15.94,15.71,15.80,452302,15.81
2011/02/14,15.80,15.97,15.78,15.93,626105,15.87
2011/02/15,15.94,16.09,15.85,15.90,651795,15.98
2011/02/16,15.90,16.19,15.82,16.15,663237,16.04
2011/02/17,16.06,16.22,15.92,16.07,746423,16.08
2011/02/18,16.17,16.17,15.91,16.00,508278,16.05
2011/02/21,15.90,16.25,15.88,16.24,784499,16.10
2011/02/22,16.18,16.24,15.74,15.80,933105,15.98
2011/02/23,15.80,15.97,15.78,15.90,553142,15.86
2011/02/24,15.94,16.06,15.82,16.01,600688,15.96
2011/02/25,15.97,16.02,15.83,15.96,516410,15.91
2011/02/28,15.90,16.18,15.90,16.14,675848,16.08
2011/03/01,16.20,16.21,16.04,16.13,943369,16.12
2011/03/02,16.09,16.25,16.00,16.16,864939,16.15
2011/03/03,16.11,16.34,16.11,16.19,1342356,16.22
2011/03/04,16.18,16.33,16.12,16.29,866193,16.25
2011/03/07,16.36,16.38,16.23,16.32,1477026,16.30
2011/03/08,16.32,17.15,16.28,16.39,2013772,16.47
2011/03/09,16.38,16.42,16.22,16.41,855811,16.34
2011/03/10,16.43,16.50,16.26,16.36,946296,16.37
2011/03/11,16.32,16.45,16.21,16.32,861088,16.36
2011/03/14,16.05,16.36,16.05,16.31,881364,16.24
2011/03/15,16.34,16.34,15.78,16.10,987445,15.98
2011/03/16,16.14,16.28,16.01,16.26,778731,16.15
2011/03/17,16.20,16.26,15.81,16.00,683294,16.04
2011/03/18,16.07,16.16,15.97,16.05,424840,16.02
2011/03/21,16.05,16.16,16.03,16.13,550458,16.10
2011/03/22,16.19,16.19,15.88,16.00,431317,16.01
2011/03/23,16.00,16.17,16.00,16.13,502701,16.11
2011/03/24,16.11,16.44,16.10,16.33,1515323,16.33
2011/03/25,16.21,16.30,16.11,16.20,1608803,16.17
2011/03/28,16.20,16.28,16.15,16.23,1149728,16.21
2011/03/29,16.21,16.43,16.16,16.24,1804501,16.30
2011/03/30,16.17,16.25,15.77,16.00,1219576,15.97
2011/03/31,16.00,16.18,15.85,16.10,1200720,16.02
2011/04/01,16.01,16.47,16.01,16.39,1356042,16.30
2011/04/06,16.29,16.66,16.29,16.61,2222458,16.53
2011/04/07,16.80,16.98,16.50,16.70,6781721,16.79
2011/04/08,16.55,16.83,16.44,16.52,2052611,16.59
2011/04/11,16.51,16.72,16.26,16.27,1422950,16.40
2011/04/12,16.05,16.29,16.05,16.18,893192,16.16
2011/04/13,16.11,16.26,16.07,16.20,642381,16.15
2011/04/14,16.18,16.33,16.12,16.31,708199,16.24
2011/04/15,16.30,16.33,16.07,16.16,698448,16.16
2011/04/18,16.10,16.15,15.87,16.00,1052800,15.98
2011/04/19,15.99,16.11,15.91,16.02,617426,16.01
2011/04/20,16.07,16.20,16.00,16.15,674549,16.10
2011/04/21,16.15,16.26,16.07,16.15,807844,16.17
2011/04/22,16.13,16.48,16.13,16.47,1510334,16.33
2011/04/25,16.13,16.48,16.13,16.47,0,16.30
2011/04/26,16.19,16.75,16.06,16.43,4633010,16.51
2011/04/27,16.43,16.62,15.98,16.08,2460101,16.30
2011/04/28,15.83,16.15,14.47,14.49,2481584,15.10
2011/04/29,14.70,14.70,14.45,14.64,592555,14.59
2011/05/03,14.62,14.70,14.30,14.70,597532,14.54
2011/05/04,14.70,14.80,14.21,14.29,655031,14.51
2011/05/05,14.15,14.45,14.15,14.27,529598,14.32
2011/05/06,14.26,14.36,14.15,14.30,363150,14.29
2011/05/09,14.35,14.49,14.30,14.44,343035,14.39
2011/05/10,14.44,14.63,14.35,14.60,564318,14.53
2011/05/11,14.57,14.72,14.50,14.64,281605,14.51
2011/05/12,14.57,14.68,14.50,14.57,440841,14.45
2011/05/13,14.55,14.61,14.41,14.57,417055,14.41
2011/05/16,14.58,14.73,14.50,14.59,271362,14.52
2011/05/17,14.56,14.62,14.41,14.56,339260,14.43
2011/05/18,14.50,14.76,14.50,14.54,279363,14.51
2011/05/19,14.60,14.66,14.46,14.51,243179,14.44
2011/05/20,14.43,14.55,14.42,14.50,298368,14.38
2011/05/23,14.51,14.54,14.08,14.14,569601,14.17
2011/05/24,13.91,14.27,13.91,14.23,464019,13.98
2011/05/25,14.25,14.26,14.10,14.15,228926,14.06
2011/05/26,14.16,14.37,14.10,14.12,370771,14.10
2011/05/27,14.05,14.14,13.63,13.69,303569,13.84
2011/05/30,13.62,13.78,13.60,13.62,351516,13.55
2011/05/31,13.60,14.63,13.60,14.26,1730994,14.22
2011/06/01,14.22,14.56,14.12,14.44,1344172,14.17
2011/06/02,14.27,14.40,13.99,14.32,348935,14.16
2011/06/03,14.36,14.57,14.28,14.54,327070,14.37
2011/06/07,14.53,14.67,14.37,14.53,341819,14.47
2011/06/08,14.59,14.84,14.55,14.70,2105424,14.59
2011/06/09,14.82,14.96,14.35,14.38,2021937,14.61
2011/06/10,14.35,14.60,13.80,14.10,901787,13.89
2011/06/13,14.10,14.59,13.82,14.51,990640,14.27
2011/06/14,14.47,14.77,14.33,14.39,1771184,14.45
2011/06/15,14.28,14.30,13.91,13.92,990004,13.90
2011/06/16,13.88,13.88,13.53,13.53,569726,13.58
2011/06/17,13.43,13.74,12.95,12.95,571695,13.13
2011/06/20,12.91,13.09,12.58,12.61,365024,12.65
2011/06/21,12.70,12.80,12.61,12.77,268731,12.59
2011/06/22,12.78,12.87,12.70,12.78,241877,12.67
2011/06/23,12.72,13.04,12.59,13.00,445683,12.77
2011/06/24,12.92,13.33,12.92,13.24,669684,13.07
2011/06/27,13.24,13.40,13.17,13.37,667359,13.22
2011/06/28,13.32,13.38,13.20,13.24,617683,13.18
2011/06/29,13.28,13.40,13.17,13.17,506232,13.19
2011/06/30,13.25,13.40,13.12,13.33,666241,13.22
2011/07/01,13.59,13.74,13.42,13.44,847036,13.44
2011/07/04,13.40,13.61,13.40,13.61,660298,13.43
2011/07/05,13.57,13.71,13.57,13.61,709377,13.55
2011/07/06,13.62,13.85,13.50,13.78,933015,13.57
2011/07/07,13.66,14.26,13.65,13.91,1911110,13.91
2011/07/08,13.78,15.18,13.78,15.17,3239953,14.38
2011/07/11,14.88,15.20,14.67,14.70,5207256,14.83
2011/07/12,14.51,14.61,14.40,14.46,1452774,14.38
2011/07/13,14.46,14.70,14.40,14.60,1037446,14.43
2011/07/14,14.60,14.83,14.51,14.63,1029074,14.58
2011/07/15,14.62,14.66,14.50,14.57,805969,14.47
2011/07/18,14.55,14.75,14.55,14.59,754538,14.54
2011/07/19,14.60,14.60,14.18,14.21,546033,14.24
2011/07/20,14.28,14.37,14.19,14.26,301686,14.17
2011/07/21,14.25,14.33,14.19,14.20,375425,14.15
2011/07/22,14.20,14.30,14.10,14.16,383560,14.11
2011/07/25,14.17,14.18,13.35,13.44,594659,13.59
2011/07/26,13.44,13.64,13.35,13.50,350443,13.40
2011/07/27,13.50,13.70,13.50,13.70,336352,13.50
2011/07/28,13.63,13.69,13.44,13.61,279749,13.42
2011/07/29,13.64,13.65,13.34,13.45,291240,13.39
2011/08/01,13.35,13.60,13.35,13.58,363634,13.41
2011/08/02,13.58,13.58,13.26,13.46,262738,13.27
2011/08/03,13.39,13.70,13.31,13.67,483974,13.49
2011/08/04,13.70,14.14,13.65,14.05,587984,13.74
2011/08/05,13.72,14.45,13.44,14.38,2214342,14.05
2011/08/08,14.20,14.20,13.30,14.07,1548424,13.82
2011/08/09,13.58,14.34,13.31,13.95,2990114,13.81
2011/08/10,14.09,14.21,13.59,13.69,2657943,13.81
2011/08/11,13.18,13.84,13.12,13.84,1590552,13.43
2011/08/12,13.78,13.90,13.51,13.87,2230325,13.60
2011/08/15,13.82,14.22,13.73,14.18,3581170,13.90
2011/08/16,14.18,14.34,13.80,13.92,3616997,13.96
2011/08/17,13.92,14.60,13.85,14.29,6740355,14.22
2011/08/18,14.35,14.36,13.91,14.24,2786661,14.03
2011/08/19,13.92,14.18,13.78,14.04,2217414,13.89
2011/08/22,13.90,14.17,13.46,13.47,2493646,13.68
2011/08/23,13.50,13.60,13.34,13.58,1583733,13.40
2011/08/24,13.67,13.77,13.36,13.38,2237177,13.46
2011/08/25,13.43,13.62,13.35,13.60,1689275,13.42
2011/08/26,13.58,13.81,13.55,13.71,1523369,13.62
2011/08/29,13.72,13.85,13.45,13.49,2155359,13.48
2011/08/30,13.58,13.64,13.46,13.48,1799053,13.44
2011/08/31,13.42,13.52,13.12,13.20,1549991,13.18
2011/09/01,13.28,13.40,13.10,13.20,832089,13.14
2011/09/02,13.15,13.27,13.15,13.26,752472,13.11
2011/09/05,13.24,13.24,12.65,12.75,1395981,12.70
2011/09/06,12.61,12.86,12.56,12.70,664769,12.58
2011/09/07,12.83,12.96,12.73,12.94,785504,12.76
2011/09/08,12.96,13.08,12.76,12.77,684838,12.83
2011/09/09,12.81,12.90,12.70,12.75,370161,12.69
2011/09/13,12.56,12.95,12.56,12.83,606477,12.69
2011/09/14,12.85,12.98,12.73,12.97,682907,12.79
2011/09/15,12.98,13.02,12.93,12.96,489737,12.87
2011/09/16,13.00,13.08,12.91,12.91,361353,12.87
2011/09/19,12.98,12.98,12.63,12.63,460526,12.62
2011/09/20,12.59,12.77,12.59,12.65,354823,12.54
2011/09/21,12.69,13.00,12.60,12.97,692008,12.78
2011/09/22,12.87,12.91,12.59,12.61,655790,12.66
2011/09/23,12.24,12.55,12.16,12.36,547818,12.27
2011/09/26,12.40,12.49,12.25,12.28,445313,12.25
2011/09/27,12.35,12.48,12.32,12.38,391478,12.29
2011/09/28,12.45,12.50,12.17,12.19,424861,12.25
2011/09/29,12.10,12.18,11.66,11.71,752265,11.87
2011/09/30,11.71,11.90,11.70,11.83,417452,11.66
2011/10/10,11.99,12.00,11.75,11.75,329541,11.79
2011/10/11,12.01,12.10,11.73,11.79,402795,11.81
2011/10/12,11.70,12.16,11.65,12.16,758153,11.92
2011/10/13,12.15,12.25,12.07,12.22,695961,12.10
2011/10/14,12.21,12.23,12.02,12.15,471305,12.01
2011/10/17,12.24,12.33,12.11,12.21,635914,12.11
2011/10/18,12.17,12.19,11.77,11.82,590817,11.86
2011/10/19,11.81,11.94,11.78,11.82,293259,11.75
2011/10/20,11.71,11.80,11.28,11.35,566739,11.39
2011/10/21,11.40,11.41,10.95,11.00,552897,11.05
2011/10/24,11.00,11.28,11.00,11.20,818162,11.03
2011/10/25,11.16,11.69,11.11,11.45,822714,11.23
2011/10/26,11.40,11.70,11.32,11.67,1076351,11.43
2011/10/27,11.61,11.94,11.61,11.71,1106131,11.68
2011/10/28,11.80,11.89,11.68,11.80,858049,11.68
2011/10/31,11.76,11.93,11.67,11.90,734989,11.72
2011/11/01,11.73,11.89,11.71,11.73,734216,11.69
2011/11/02,11.55,11.99,11.43,11.99,1184190,11.62
2011/11/03,12.09,12.39,11.98,12.16,1869976,12.11
2011/11/04,12.17,12.28,12.06,12.21,932220,12.05
2011/11/07,12.14,12.34,12.13,12.18,790360,12.12
2011/11/08,12.19,12.25,11.96,11.98,664010,12.04
2011/11/09,12.05,12.18,12.01,12.17,1033390,12.00
2011/11/10,12.07,12.27,12.05,12.11,1798487,12.06
2011/11/11,12.13,12.32,11.99,12.24,1144329,12.06
2011/11/14,12.27,12.49,12.24,12.45,1788514,12.29
2011/11/15,12.44,12.45,12.29,12.40,1407875,12.25
2011/11/16,12.40,12.42,11.88,11.94,1401265,12.02
2011/11/17,11.97,12.18,11.94,12.05,796345,11.97
2011/11/18,12.02,12.04,11.66,11.67,723792,11.73
2011/11/21,12.02,12.04,11.66,11.67,0,11.85
2011/11/22,11.60,11.66,11.47,11.61,551245,11.45
2011/11/23,11.63,11.73,11.55,11.61,448791,11.55
2011/11/24,11.53,11.72,11.42,11.64,417476,11.49
2011/11/25,11.64,11.72,11.61,11.65,412672,11.55
2011/11/28,11.63,11.75,11.58,11.75,381587,11.58
2011/11/29,11.85,11.98,11.80,11.95,680751,11.79
2011/11/30,11.95,11.95,11.25,11.26,892057,11.43
2011/12/01,11.67,11.67,11.48,11.50,681572,11.48
2011/12/02,11.38,11.51,11.31,11.40,394001,11.30
2011/12/05,11.39,11.39,11.05,11.08,351285,11.13
2011/12/06,11.28,11.29,11.04,11.23,245510,11.06
2011/12/07,11.25,11.28,11.01,11.22,204465,11.10
2011/12/08,11.22,11.37,11.08,11.31,338550,11.16
2011/12/09,11.22,11.33,11.13,11.29,193586,11.14
2011/12/12,11.35,11.39,11.03,11.17,189140,11.10
2011/12/13,11.21,11.21,10.68,10.82,421823,10.81
2011/12/14,10.82,10.86,10.49,10.59,183632,10.58
2011/12/15,10.48,10.62,10.27,10.28,266006,10.30
2011/12/16,10.29,10.58,10.15,10.55,241866,10.27
2011/12/19,10.40,10.58,10.36,10.56,273735,10.34
2011/12/20,10.56,10.84,10.29,10.68,666904,10.61
2011/12/21,10.86,10.86,10.41,10.44,200800,10.51
2011/12/22,10.38,10.43,9.93,10.22,444820,10.11
2011/12/23,10.23,10.42,10.23,10.29,236980,10.23
2011/12/26,10.29,10.34,10.13,10.25,125589,10.15
2011/12/27,10.14,10.35,10.08,10.08,239600,10.12
2011/12/28,9.93,10.17,9.78,9.97,324821,9.85
2011/12/29,9.95,10.07,9.90,9.99,195007,9.89
2011/12/30,10.01,10.17,9.94,10.14,303491,10.02
2012/01/04,10.23,10.28,9.82,9.84,238201,9.94
2012/01/05,9.80,10.05,9.46,9.79,240047,9.63
2012/01/06,9.68,9.68,9.26,9.56,360000,9.38
2012/01/09,9.60,9.88,9.48,9.85,498267,9.63
2012/01/10,9.89,10.20,9.85,10.16,711581,9.96
2012/01/11,10.08,10.28,10.04,10.11,356296,10.05
2012/01/12,10.14,10.24,10.06,10.08,341820,10.04
2012/01/13,10.03,10.06,9.67,9.67,331431,9.68
2012/01/16,9.64,9.64,9.21,9.34,255200,9.37
2012/01/17,9.29,9.76,9.29,9.71,545385,9.50
2012/01/18,9.81,9.84,9.35,9.45,419000,9.57
2012/01/19,9.45,9.65,9.12,9.50,292785,9.39
2012/01/20,9.50,9.71,9.45,9.64,266856,9.54
2012/01/30,9.64,9.72,9.60,9.60,183941,9.55
2012/01/31,9.54,9.68,9.54,9.62,136600,9.50
2012/02/01,9.60,9.81,9.59,9.61,346629,9.60
2012/02/02,9.61,9.76,9.50,9.74,359370,9.55
2012/02/03,9.70,9.95,9.69,9.91,454761,9.72
2012/02/06,9.94,10.11,9.89,10.02,585752,9.90
2012/02/07,10.02,10.02,9.80,9.85,338927,9.76
2012/02/08,9.89,10.10,9.81,10.08,510960,9.91
2012/02/09,10.08,10.26,10.07,10.14,816216,10.10
2012/02/10,10.16,10.28,10.10,10.26,878423,10.09
2012/02/13,10.29,10.36,10.07,10.26,763694,10.16
2012/02/14,10.29,10.34,10.16,10.23,525947,10.13
2012/02/15,10.23,10.47,10.19,10.41,1016247,10.25
2012/02/16,10.45,10.54,10.33,10.46,997014,10.34
2012/02/17,10.60,10.60,10.30,10.35,578818,10.30
2012/02/20,10.50,10.50,10.33,10.35,609634,10.29
2012/02/21,10.38,10.50,10.23,10.50,706329,10.27
2012/02/22,10.55,10.84,10.43,10.72,2083975,10.57
2012/02/23,10.73,10.78,10.56,10.65,1841563,10.56
2012/02/24,10.73,10.79,10.64,10.77,1165135,10.63
2012/02/27,10.85,10.96,10.75,10.76,1425304,10.73
2012/02/28,10.74,10.88,10.62,10.81,1146406,10.64
2012/02/29,10.75,10.95,10.68,10.73,1594470,10.73
2012/03/01,10.41,10.61,10.35,10.50,2121234,10.37
2012/03/02,10.49,10.60,10.45,10.57,1435031,10.43
2012/03/05,10.58,10.66,10.53,10.54,1286442,10.49
2012/03/06,10.53,10.53,10.31,10.36,1127506,10.30
2012/03/07,10.26,10.46,10.23,10.32,984200,10.24
2012/03/08,10.35,10.49,10.35,10.44,810301,10.32
2012/03/09,10.53,10.64,10.45,10.63,957439,10.45
2012/03/12,10.65,10.73,10.60,10.69,1104252,10.57
2012/03/13,10.69,10.84,10.61,10.83,1335050,10.64
2012/03/14,10.85,10.88,10.21,10.34,1810548,10.55
2012/03/15,10.26,10.40,10.05,10.15,1202048,10.11
2012/03/16,10.16,10.33,10.15,10.30,942299,10.14
2012/03/19,10.31,10.49,10.23,10.49,872220,10.24
2012/03/20,10.49,10.49,10.24,10.24,703000,10.21
2012/03/21,10.28,10.38,10.20,10.37,666265,10.19
2012/03/22,10.38,10.38,10.21,10.27,483806,10.21
2012/03/23,10.38,10.38,10.21,10.27,0,10.30
2012/03/26,10.11,10.23,10.03,10.09,656151,9.98
2012/03/27,10.09,10.17,10.00,10.03,416593,10.00
2012/03/28,10.00,10.00,9.48,9.52,860500,9.59
2012/03/29,9.52,9.52,9.28,9.43,672448,9.30
2012/03/30,9.46,9.58,9.32,9.38,461318,9.33
2012/04/05,9.39,9.58,9.35,9.56,461643,9.41
2012/04/06,9.56,9.66,9.52,9.60,455127,9.50
2012/04/09,9.57,9.59,9.50,9.52,287800,9.44
2012/04/10,9.43,9.58,9.26,9.58,400106,9.30
2012/04/11,9.50,9.64,9.47,9.64,389079,9.47
2012/04/12,9.62,9.90,9.59,9.78,746476,9.67
2012/04/13,9.78,10.75,9.76,10.52,4804600,10.32
2012/04/16,10.25,10.38,10.16,10.35,2094758,10.18
2012/04/17,10.30,10.49,10.18,10.36,2191300,10.24
2012/04/18,10.35,10.53,10.20,10.48,2951565,10.27
2012/04/19,10.40,10.48,10.27,10.34,1117556,10.26
2012/04/20,10.31,10.48,10.29,10.31,1424692,10.28
2012/04/23,10.27,10.39,9.93,9.96,1427964,10.04
2012/04/24,9.91,10.10,9.31,9.68,1296709,9.58
2012/04/25,9.62,9.75,9.53,9.73,1110340,9.57
2012/04/26,9.73,9.79,9.68,9.75,821310,9.64
2012/04/27,9.79,9.79,9.66,9.70,502559,9.63
2012/05/02,10.02,10.02,9.81,9.84,658872,9.67
2012/05/03,9.80,9.94,9.78,9.94,489130,9.67
2012/05/04,9.92,10.07,9.91,10.05,695269,9.81
2012/05/07,10.03,10.18,9.99,10.15,626770,9.88
2012/05/08,10.12,10.15,10.01,10.12,640156,9.90
2012/05/09,10.09,10.09,9.86,9.90,500614,9.75
2012/05/10,9.85,10.00,9.85,9.94,387949,9.74
2012/05/11,9.86,10.01,9.86,9.93,398626,9.73
2012/05/14,10.00,10.10,9.84,9.95,468307,9.80
2012/05/15,9.91,9.91,9.72,9.83,514161,9.59
2012/05/16,9.80,9.85,9.67,9.70,298200,9.57
2012/05/17,9.71,9.86,9.68,9.86,301718,9.60
2012/05/18,9.81,9.85,9.66,9.67,505049,9.54
2012/05/21,9.67,9.79,9.57,9.67,217300,9.47
2012/05/22,9.70,9.83,9.70,9.80,256919,9.58
2012/05/23,9.82,9.83,9.68,9.72,314590,9.53
2012/05/24,9.63,9.75,9.60,9.64,323197,9.46
2012/05/25,9.60,9.73,9.42,9.50,349672,9.34
2012/05/28,9.50,9.56,9.32,9.55,384789,9.26
2012/05/29,9.54,9.76,9.54,9.70,384931,9.49
2012/05/30,9.69,9.80,9.69,9.78,409719,9.55
2012/05/31,9.77,10.00,9.64,9.91,876035,9.69
2012/06/01,9.85,9.93,9.77,9.77,289971,9.65
2012/06/04,9.70,9.70,9.43,9.47,495726,9.33
2012/06/05,9.69,9.69,9.48,9.56,353779,9.38
2012/06/06,9.53,9.62,9.51,9.62,305263,9.34
2012/06/07,9.62,10.32,9.62,10.06,2997126,9.84
2012/06/08,10.07,10.09,9.85,10.08,1432891,9.80
2012/06/11,10.08,10.17,9.95,10.14,930656,9.85
2012/06/12,10.00,10.17,10.00,10.04,560242,9.87
2012/06/13,10.01,10.15,9.89,10.13,874205,9.86
2012/06/14,10.18,10.28,9.96,10.00,659759,9.92
2012/06/15,9.90,10.08,9.90,10.07,634550,9.79
2012/06/18,10.22,10.26,10.00,10.25,810215,9.95
2012/06/19,10.23,10.28,10.05,10.05,815630,9.95
2012/06/20,10.10,10.23,10.05,10.08,686280,9.94
2012/06/21,10.15,10.15,9.82,9.96,455501,9.74
2012/06/25,10.01,10.32,9.85,10.15,1662908,10.00
2012/06/26,10.14,10.18,9.80,9.99,795945,9.75
2012/06/27,10.09,10.46,9.94,10.32,2210215,10.05
2012/06/28,10.35,10.39,10.00,10.05,1629686,10.06
2012/06/29,10.03,10.03,9.30,9.60,1777513,9.36
2012/07/02,9.68,9.70,9.46,9.67,760833,9.40
2012/07/03,9.67,9.80,9.59,9.66,479078,9.48
2012/07/04,9.75,9.75,9.57,9.63,421159,9.43
2012/07/05,9.63,9.63,9.40,9.43,421343,9.29
2012/07/06,9.55,9.62,9.41,9.58,401240,9.30
2012/07/09,9.60,9.60,9.30,9.38,510880,9.23
2012/07/10,9.40,9.43,9.33,9.39,195711,9.18
2012/07/11,9.44,9.51,9.35,9.45,258087,9.20
2012/07/12,9.46,10.01,9.36,9.69,663231,9.32
2012/07/13,9.60,9.74,9.50,9.53,327849,9.36
2012/07/16,9.50,9.56,8.93,8.94,525000,9.04
2012/07/17,8.90,9.07,8.89,9.00,250250,8.79
2012/07/18,9.10,9.10,8.88,9.06,172941,8.78
2012/07/19,9.03,9.22,9.00,9.18,238389,8.95
2012/07/20,9.14,9.29,9.08,9.11,154900,8.96
2012/07/23,9.19,9.19,9.02,9.09,91200,8.88
2012/07/24,9.12,9.34,9.05,9.31,476130,9.05
2012/07/25,9.30,9.37,9.25,9.30,251850,9.11
2012/07/26,9.38,9.38,9.18,9.29,195601,9.09
2012/07/27,9.35,9.39,9.21,9.28,140300,9.05
2012/07/30,9.29,9.60,8.92,9.07,783500,8.90
2012/07/31,9.05,9.10,8.78,8.85,514279,8.68
2012/08/01,8.85,8.97,8.85,8.90,222671,8.71
2012/08/02,8.85,8.93,8.81,8.86,184690,8.65
2012/08/03,8.89,9.53,8.81,9.22,635100,9.01
2012/08/06,9.21,9.34,9.13,9.30,286031,9.04
2012/08/07,9.34,9.34,9.22,9.29,235756,9.07
2012/08/08,9.30,9.42,9.25,9.31,167700,9.10
2012/08/09,9.40,9.43,9.22,9.37,217198,9.14
2012/08/10,9.37,9.52,9.31,9.32,201292,9.19
2012/08/13,9.29,9.38,9.08,9.20,281000,9.01
2012/08/14,9.20,9.30,9.11,9.26,145601,9.01
2012/08/15,9.30,9.32,9.17,9.25,113100,9.03
2012/08/16,9.30,9.37,9.13,9.24,112070,9.04
2012/08/17,9.23,9.26,9.12,9.21,97637,8.97
2012/08/20,9.15,9.38,9.10,9.34,260605,9.11
2012/08/21,9.68,9.68,9.39,9.41,306100,9.26
2012/08/22,9.53,9.68,9.33,9.33,204600,9.21
2012/08/23,9.38,9.43,9.24,9.38,405762,9.10
2012/08/24,9.42,9.42,9.19,9.19,232501,9.06
2012/08/27,9.07,9.17,8.97,9.00,211950,8.81
2012/08/28,9.08,9.23,9.00,9.11,166200,8.91
2012/08/29,9.10,9.26,9.03,9.11,162800,8.97
2012/08/30,9.12,9.18,8.88,9.11,381651,8.82
2012/08/31,10.00,10.00,10.00,10.00,4937318,9.80
2012/09/03,10.60,10.98,10.38,10.98,6530204,10.63
2012/09/04,12.05,12.06,11.87,12.06,12464395,11.86
2012/09/05,12.56,13.25,12.41,13.25,20922587,12.86
2012/09/06,12.80,13.16,12.51,13.13,14038101,12.75
2012/09/07,13.05,13.87,12.79,13.40,21241422,13.11
2012/09/10,13.10,14.70,13.05,13.70,23660096,13.71
2012/09/11,13.42,13.70,13.21,13.70,12967807,13.25
2012/09/12,13.77,13.95,13.40,13.48,8913062,13.36
2012/09/13,13.31,13.84,13.01,13.02,11541403,13.18
2012/09/14,12.91,13.08,12.50,12.80,11099104,12.60
2012/09/17,12.90,12.90,12.48,12.70,7232865,12.47
2012/09/18,12.70,12.86,12.31,12.52,8048893,12.41
2012/09/19,12.49,12.65,12.16,12.39,7620160,12.23
2012/09/20,12.29,12.55,12.11,12.26,8125943,12.11
2012/09/21,12.12,12.35,11.11,11.27,12497682,11.52
2012/09/24,11.12,11.54,11.10,11.52,6127616,11.20
2012/09/25,11.39,11.56,11.30,11.35,5334395,11.23
2012/09/26,11.34,11.45,10.85,10.96,5580706,10.91
2012/09/27,11.10,11.47,10.94,11.28,5385307,11.01
2012/09/28,11.15,11.35,10.93,11.30,7396593,10.90
2012/10/08,11.17,11.42,11.13,11.40,5390672,11.10
2012/10/09,11.41,12.00,11.37,11.87,10848008,11.52
2012/10/10,11.70,12.47,11.60,12.22,13921920,11.88
2012/10/11,12.06,12.08,11.02,11.03,12527545,11.27
2012/10/12,11.19,11.19,10.53,10.69,7829221,10.58
2012/10/15,10.69,10.83,10.61,10.80,3899928,10.51
2012/10/16,10.79,10.80,10.53,10.62,3881391,10.44
2012/10/17,10.65,10.88,10.56,10.80,3563413,10.51
2012/10/18,10.78,11.09,10.73,10.98,6033990,10.73
2012/10/19,10.91,10.98,10.77,10.83,3885915,10.65
2012/10/22,10.68,11.01,10.61,10.98,3472939,10.70
2012/10/23,10.96,11.11,10.63,10.63,4796371,10.58
2012/10/24,10.50,10.59,10.32,10.39,4422387,10.25
2012/10/25,10.47,10.48,10.32,10.36,2337036,10.19
2012/10/26,10.37,10.54,10.05,10.10,3134061,10.09
2012/10/29,10.09,10.27,9.96,10.09,2531552,9.91
2012/10/30,10.12,10.34,10.08,10.24,2017773,10.01
2012/10/31,10.27,10.35,10.13,10.19,2114989,10.01
2012/11/01,10.20,10.42,10.20,10.38,2935204,10.15
2012/11/02,10.38,10.47,10.26,10.37,2220317,10.13
2012/11/05,10.35,10.36,10.06,10.14,2547638,9.96
2012/11/06,10.17,10.60,10.06,10.44,5683489,10.16
2012/11/07,10.38,10.53,10.28,10.49,3978421,10.21
2012/11/08,10.28,10.33,9.78,9.80,3821118,9.89
2012/11/09,9.74,9.83,9.56,9.67,2200499,9.50
2012/11/12,9.70,9.82,9.70,9.75,1257547,9.55
2012/11/13,9.78,9.78,9.55,9.57,1275834,9.44
2012/11/14,9.57,9.78,9.57,9.76,1305228,9.50
2012/11/15,9.69,9.81,9.38,9.42,1913360,9.41
2012/11/16,9.52,9.55,9.37,9.45,1071628,9.26
2012/11/19,9.46,9.68,9.34,9.65,1481050,9.33
2012/11/20,9.61,9.72,9.52,9.60,1273763,9.41
2012/11/21,9.59,9.80,9.52,9.78,2233027,9.49
2012/11/22,9.88,9.89,9.52,9.52,2119348,9.45
2012/11/23,9.53,9.64,9.47,9.52,1282220,9.34
2012/11/26,9.51,9.51,9.33,9.33,1093800,9.18
2012/11/27,9.31,9.31,8.93,8.95,1587970,8.88
2012/11/28,8.93,9.05,8.82,9.04,1428661,8.74
2012/11/29,9.00,9.11,8.83,8.92,966442,8.78
2012/11/30,8.84,9.10,8.83,9.04,1399370,8.82
2012/12/03,9.09,9.18,8.77,8.78,1251673,8.82
2012/12/04,8.60,9.16,8.49,9.10,3123123,8.73
2012/12/05,9.04,9.40,9.00,9.30,3697294,9.06
2012/12/06,9.36,9.55,9.20,9.31,2846124,9.18
2012/12/07,9.27,9.50,9.19,9.49,3284873,9.16
2012/12/10,9.55,9.74,9.43,9.66,4753650,9.44
2012/12/11,9.59,10.08,9.51,9.73,7452780,9.64
2012/12/12,9.64,9.75,9.40,9.56,3713363,9.33
2012/12/13,9.52,9.97,9.42,9.63,5238639,9.53
2012/12/14,9.53,10.05,9.43,9.93,5506556,9.66
2012/12/17,9.87,10.07,9.76,9.88,3835519,9.70
2012/12/18,9.82,10.02,9.65,9.70,3336376,9.65
2012/12/19,9.78,10.33,9.70,10.01,8075531,9.87
2012/12/20,9.90,9.92,9.58,9.80,5119311,9.54
2012/12/21,9.88,9.91,9.67,9.75,3090269,9.57
2012/12/24,9.73,9.91,9.61,9.82,2646054,9.60
2012/12/25,9.84,10.18,9.76,10.06,4452289,9.82
2012/12/26,10.05,10.38,10.01,10.27,5047654,10.00
2012/12/27,10.39,10.46,10.09,10.24,5390970,10.08
2012/12/28,10.20,10.34,10.09,10.34,3624682,10.03
2012/12/31,10.30,10.42,10.11,10.22,2875398,10.03
2013/01/04,10.26,10.26,10.02,10.06,2570248,9.92
2013/01/07,10.02,10.60,9.92,10.47,5879568,10.15
2013/01/08,10.46,10.78,10.30,10.70,7171845,10.35
2013/01/09,10.68,10.77,10.36,10.50,5299654,10.36
2013/01/10,10.48,10.55,10.28,10.44,3906994,10.21
2013/01/11,10.46,10.75,10.23,10.27,4897451,10.29
2013/01/14,10.21,10.70,10.20,10.65,5064007,10.32
2013/01/15,10.66,11.05,10.60,10.89,7462926,10.65
2013/01/16,10.87,11.39,10.71,11.07,8721595,10.87
2013/01/17,11.09,11.20,10.73,10.77,4634963,10.70
2013/01/18,11.10,11.55,10.88,11.27,7941347,10.97
2013/01/21,11.28,11.30,10.97,11.10,4834671,10.89
2013/01/22,10.96,11.05,10.59,10.67,3862800,10.62
2013/01/23,10.62,10.95,10.52,10.94,3290707,10.54
2013/01/24,10.95,10.95,10.22,10.36,3835346,10.40
2013/01/25,10.40,10.49,10.23,10.36,1514945,10.16
2013/01/28,10.35,10.70,10.35,10.67,2156999,10.36
2013/01/29,10.67,10.78,10.56,10.71,2739321,10.49
2013/01/30,10.75,10.96,10.57,10.93,4088528,10.62
2013/01/31,11.01,11.24,10.76,10.84,3536306,10.78
2013/02/01,10.74,10.84,10.52,10.66,2374535,10.47
2013/02/04,10.66,10.72,10.36,10.37,2372656,10.28
2013/02/05,10.30,10.59,10.30,10.59,1403888,10.28
2013/02/06,10.57,10.67,10.51,10.57,1218010,10.37
2013/02/07,10.63,10.63,10.39,10.49,1421271,10.25
2013/02/08,10.48,10.71,10.47,10.60,1647921,10.42
2013/02/18,10.62,10.81,10.50,10.81,2444624,10.50
2013/02/19,10.76,10.83,10.55,10.66,1674104,10.46
2013/02/20,10.66,11.09,10.60,11.01,3625543,10.72
2013/02/21,10.93,10.97,10.59,10.72,2663570,10.59
2013/02/22,10.73,11.00,10.65,10.76,1860700,10.61
2013/02/25,10.66,11.38,10.66,11.03,3653435,10.89
2013/02/26,10.92,11.66,10.85,11.54,10129390,11.12
2013/02/27,11.93,12.39,11.71,11.91,16015689,11.78
2013/02/28,11.72,11.91,11.55,11.90,8568751,11.53
2013/03/01,11.74,11.85,11.45,11.75,7058324,11.45
2013/03/04,11.55,11.55,10.98,11.02,5410006,11.05
2013/03/05,10.96,11.19,10.86,11.19,3505807,10.86
2013/03/06,11.15,11.36,11.08,11.31,3281887,11.06
2013/03/07,11.30,11.30,10.88,10.98,3080582,10.89
2013/03/08,10.99,11.21,10.90,11.04,2055762,10.88
2013/03/11,11.03,11.11,10.92,10.97,1955780,10.81
2013/03/12,10.82,11.02,10.22,10.44,3035900,10.41
2013/03/13,10.37,10.46,10.19,10.29,1515233,10.09
2013/03/14,10.35,10.42,10.28,10.32,1291992,10.15
2013/03/15,10.36,10.74,10.16,10.57,3234944,10.33
2013/03/18,10.59,10.94,10.57,10.68,4246132,10.59
2013/03/19,10.60,10.60,10.27,10.46,2095269,10.21
2013/03/20,10.46,11.14,10.40,11.06,4818415,10.66
2013/03/21,11.28,11.28,10.97,11.14,6161800,10.92
2013/03/22,11.01,11.26,10.90,11.18,3703486,10.92
2013/03/25,11.10,11.52,11.01,11.37,5220877,11.11
2013/03/26,11.47,11.55,11.08,11.29,4687331,11.06
2013/03/27,11.16,11.23,10.93,11.00,2919587,10.87
2013/03/28,10.91,10.91,10.37,10.37,2823003,10.33
2013/03/29,10.32,10.56,10.32,10.47,1287234,10.25
2013/04/01,10.50,10.69,10.47,10.62,1229337,10.40
2013/04/02,10.81,10.88,10.37,10.40,1929005,10.38
2013/04/03,10.42,10.48,10.30,10.35,1238926,10.17
2013/04/08,10.21,10.54,10.08,10.46,1198040,10.13
2013/04/09,10.45,10.63,10.42,10.58,976673,10.36
2013/04/10,10.56,10.59,10.33,10.43,1052102,10.22
2013/04/11,10.46,10.63,10.44,10.54,1136853,10.33
2013/04/12,10.48,10.59,10.31,10.34,748740,10.25
2013/04/15,10.58,10.69,10.47,10.61,1863786,10.39
2013/04/16,10.55,10.76,10.37,10.74,1369566,10.40
2013/04/17,10.78,10.97,10.60,10.93,2213534,10.61
2013/04/18,10.93,10.98,10.80,10.93,1455228,10.71
2013/04/19,10.93,11.23,10.93,11.13,3035123,10.92
2013/04/22,11.00,11.20,11.00,11.17,2123462,10.92
2013/04/23,11.15,11.20,10.61,10.67,2298612,10.70
2013/04/24,10.68,11.20,10.67,11.18,2924946,10.82
2013/04/25,11.16,11.45,11.08,11.27,3873240,11.09
2013/04/26,11.30,11.35,10.88,10.99,2343703,10.88
2013/05/02,10.96,11.33,10.85,11.33,2247084,10.97
2013/05/03,11.30,11.59,11.30,11.32,4185907,11.21
2013/05/06,11.34,11.67,11.29,11.54,3010562,11.31
2013/05/07,11.51,11.63,11.35,11.48,2550337,11.26
2013/05/08,11.49,11.64,11.30,11.60,3080535,11.27
2013/05/09,11.54,11.64,11.37,11.51,2798597,11.30
2013/05/10,11.49,11.82,11.41,11.75,3510793,11.44
2013/05/13,11.75,11.82,11.58,11.75,2802565,11.49
2013/05/14,11.75,11.75,11.44,11.48,2437066,11.35
2013/05/15,11.50,11.58,11.41,11.58,1868041,11.33
2013/05/16,11.60,11.94,11.50,11.76,3905722,11.60
2013/05/17,11.88,12.12,11.78,11.85,3523185,11.70
2013/05/20,11.85,12.17,11.83,12.12,3132790,11.82
2013/05/21,12.30,13.31,12.12,13.31,7335618,12.63
2013/05/22,13.35,13.49,12.82,13.00,10117159,12.99
2013/05/23,12.91,13.29,12.86,12.89,5569544,12.86
2013/05/24,12.83,13.14,12.83,13.04,3539010,12.81
2013/05/27,13.09,13.17,12.88,13.12,3563068,12.84
2013/05/28,13.16,13.16,12.52,12.72,3786890,12.55
2013/05/29,12.70,12.89,12.65,12.87,2111692,12.61
2013/05/30,12.85,13.07,12.65,12.89,2398705,12.65
2013/05/31,12.95,12.98,12.59,12.59,2566473,12.54
2013/06/03,12.58,12.63,12.35,12.43,1921253,12.27
2013/06/04,12.43,12.59,12.31,12.51,1875957,12.26
2013/06/05,12.51,12.59,12.31,12.50,1492381,12.25
2013/06/06,12.40,12.45,12.02,12.03,2770530,11.95
2013/06/07,12.03,12.14,11.72,11.76,1337280,11.68
2013/06/13,11.60,11.60,11.05,11.25,1254278,11.09
2013/06/14,11.37,11.58,11.28,11.52,1284766,11.24
2013/06/17,11.52,11.88,11.52,11.60,1830545,11.52
2013/06/18,11.69,11.81,11.53,11.77,1302373,11.47
2013/06/19,11.69,12.00,11.53,11.99,1569976,11.56
2013/06/20,11.97,12.13,11.70,11.70,2125840,11.75
2013/06/21,11.62,11.73,11.22,11.60,1306111,11.32
2013/06/24,11.60,11.65,10.69,10.91,1272069,10.97
2013/06/25,10.89,11.05,10.30,10.78,1408733,10.47
2013/06/26,10.80,11.06,10.68,10.92,1321907,10.87
2013/06/27,10.92,11.04,10.13,10.31,2356954,10.58
2013/06/28,10.31,10.47,9.60,9.93,2379471,10.04
2013/07/01,9.86,10.16,9.86,10.16,1264302,10.01
2013/07/02,10.19,10.35,10.01,10.32,1732921,10.18
2013/07/03,10.29,10.29,10.01,10.16,1346114,10.15
2013/07/04,10.14,10.52,10.02,10.44,3052897,10.27
2013/07/05,10.44,10.49,10.23,10.25,1309351,10.36
2013/07/08,10.10,10.10,9.77,9.77,1357968,9.93
2013/07/09,9.77,10.10,9.77,9.92,1161132,9.93
2013/07/10,9.89,10.19,9.77,10.19,1363014,9.98
2013/07/11,10.10,10.64,10.10,10.49,2462476,10.37
2013/07/12,10.49,10.62,10.34,10.49,1903635,10.48
2013/07/15,10.47,10.88,10.35,10.77,1893851,10.62
2013/07/16,10.70,10.79,10.58,10.73,1467844,10.68
2013/07/17,10.88,10.88,10.37,10.44,1842482,10.63
2013/07/18,10.44,10.61,10.20,10.46,1648865,10.40
2013/07/19,10.43,11.00,10.41,10.65,3399928,10.71
2013/07/22,10.64,11.06,10.50,11.01,2426141,10.78
2013/07/23,10.95,11.64,10.95,11.49,4472808,11.29
2013/07/24,11.40,11.52,11.22,11.42,2900313,11.37
2013/07/25,11.36,11.85,11.34,11.45,3197539,11.59
2013/07/26,11.33,11.60,11.13,11.45,2109959,11.37
2013/07/29,11.34,12.26,11.16,12.06,5704630,11.71
2013/07/30,11.99,13.17,11.61,12.78,10722968,12.39
2013/07/31,12.68,13.16,12.45,12.83,10486871,12.80
2013/08/01,12.69,12.98,12.50,12.90,6500185,12.74
2013/08/02,12.75,13.38,12.71,13.08,8973237,13.05
2013/08/05,13.02,13.13,12.65,13.04,6639137,12.89
2013/08/06,13.07,13.61,12.86,13.49,10322504,13.23
2013/08/07,13.35,13.44,13.01,13.14,5999178,13.22
2013/08/08,13.08,13.80,12.95,13.68,8821370,13.38
2013/08/09,13.62,14.04,13.44,13.74,7230011,13.74
2013/08/12,13.74,13.83,13.32,13.61,5011520,13.58
2013/08/13,13.52,13.61,13.08,13.13,5736073,13.34
2013/08/14,13.10,13.35,13.01,13.02,4262007,13.18
2013/08/15,13.10,13.16,12.81,13.04,3276015,12.99
2013/08/16,13.05,13.35,12.65,12.65,4478735,13.00
2013/08/19,12.47,12.95,12.33,12.90,2938137,12.64
2013/08/20,13.01,13.25,12.87,13.08,3041704,13.06
2013/08/21,13.02,13.56,12.95,13.49,3802425,13.25
2013/08/22,13.37,13.61,13.28,13.34,2760392,13.44
2013/08/23,13.37,14.03,13.29,13.85,8172328,13.66
2013/08/26,13.83,13.98,13.74,13.86,4564513,13.86
2013/08/27,13.82,14.22,13.73,14.04,3974180,13.98
2013/08/28,14.06,14.13,13.82,14.03,4974851,13.98
2013/08/29,13.95,13.95,12.87,13.58,10372295,13.41
2013/08/30,13.40,13.62,12.98,13.05,4130237,13.30
2013/09/02,12.93,13.31,12.75,13.17,2170487,13.03
2013/09/03,13.20,13.41,13.04,13.32,2340677,13.22
2013/09/04,13.32,13.38,13.04,13.05,1756430,13.21
2013/09/05,13.16,13.29,12.78,13.11,3369114,13.03
2013/09/06,13.10,13.13,12.86,12.93,1442620,13.00
2013/09/09,12.84,12.95,12.69,12.83,2471630,12.82
2013/09/10,12.78,12.93,12.74,12.93,2530539,12.83
2013/09/11,12.98,12.98,12.63,12.77,1908303,12.81
2013/09/12,12.63,12.96,12.63,12.80,1367591,12.80
2013/09/13,12.80,12.84,12.68,12.75,1229435,12.76
2013/09/16,12.78,13.68,12.78,13.65,5471312,13.23
2013/09/17,13.73,13.94,13.50,13.56,5337989,13.72
2013/09/18,13.52,13.92,13.17,13.19,4222938,13.54
2013/09/23,13.14,13.49,13.13,13.28,2379886,13.31
2013/09/24,13.20,13.64,13.20,13.58,2468583,13.42
2013/09/25,13.55,13.86,13.37,13.53,2946636,13.61
2013/09/26,13.37,13.52,12.78,12.86,2909598,13.15
2013/09/27,12.86,13.08,12.80,12.84,974673,12.94
2013/09/30,12.86,13.01,12.86,12.99,1126937,12.93
2013/10/08,12.99,13.55,12.99,13.52,2367920,13.27
2013/10/09,13.46,13.80,13.37,13.80,3241693,13.58
2013/10/10,13.80,13.82,13.53,13.73,2176817,13.67
2013/10/11,13.83,14.01,13.64,13.83,2897964,13.83
2013/10/14,13.85,14.18,13.71,14.07,4629260,13.95
2013/10/15,14.07,14.10,13.76,13.97,2219218,13.93
2013/10/16,14.03,14.03,13.31,13.49,2207697,13.67
2013/10/17,13.46,13.64,13.26,13.37,1415419,13.45
2013/10/18,13.40,14.45,13.28,14.22,5528399,13.86
2013/10/21,14.18,14.88,14.10,14.69,5671613,14.49
2013/10/22,14.69,14.69,14.31,14.63,3479386,14.50
2013/10/23,14.61,15.21,14.45,14.73,8687618,14.83
2013/10/24,14.67,14.82,14.27,14.36,3114575,14.54
2013/10/25,14.36,14.46,13.88,14.06,3379547,14.17
2013/10/28,13.95,14.33,13.85,14.31,2004884,14.09
2013/10/29,14.36,14.40,12.92,12.92,6196406,13.66
2013/10/30,12.83,13.23,12.29,13.10,4214860,12.76
2013/10/31,12.99,12.99,12.53,12.66,2163580,12.76
2013/11/01,12.65,12.95,12.56,12.81,1028676,12.75
2013/11/04,12.75,13.02,12.63,12.75,1492964,12.83
2013/11/05,12.90,12.90,12.45,12.77,1220387,12.67
2013/11/06,12.78,12.98,12.71,12.75,1190436,12.85
2013/11/07,12.90,12.95,12.63,12.65,848221,12.79
2013/11/08,12.60,12.68,11.84,12.15,2759680,12.26
2013/11/11,12.15,12.30,11.99,12.20,1000754,12.15
2013/11/12,12.08,12.29,11.97,12.20,1524960,12.13
2013/11/13,12.17,12.17,11.82,11.82,1122760,12.00
2013/11/14,11.88,12.05,11.72,12.03,1009107,11.89
2013/11/15,12.08,12.48,12.06,12.45,2004171,12.27
2013/11/18,12.51,12.81,12.51,12.69,2209563,12.66
2013/11/19,12.62,12.78,12.47,12.56,1490486,12.63
2013/11/20,12.56,12.72,12.45,12.60,1076849,12.58
2013/11/21,12.60,12.77,12.48,12.77,1861939,12.63
2013/11/22,12.84,12.84,12.53,12.59,1335082,12.68
2013/11/25,12.53,12.59,12.21,12.30,2643671,12.40
2013/11/26,12.32,12.41,12.18,12.33,1031320,12.29
2013/11/27,12.26,12.57,12.23,12.50,1778342,12.40
2013/11/28,12.48,12.80,12.45,12.54,2776384,12.63
2013/11/29,12.54,13.23,12.48,13.16,5151666,12.86
2013/12/02,12.74,12.87,12.03,12.15,4505334,12.45
2013/12/03,12.30,12.39,11.88,12.38,1635279,12.14
2013/12/04,12.32,12.66,12.30,12.53,1856396,12.48
2013/12/05,12.75,12.75,12.48,12.57,1332773,12.62
2013/12/06,12.59,12.65,12.53,12.57,1267141,12.59
2013/12/09,12.54,12.69,12.48,12.68,1109768,12.58
2013/12/10,12.69,12.75,12.57,12.66,1123909,12.66
2013/12/11,12.59,12.81,12.53,12.77,1728307,12.67
2013/12/12,12.74,13.17,12.68,13.02,2733573,12.92
2013/12/13,13.02,13.02,12.83,12.89,1746093,12.92
2013/12/16,12.87,12.98,12.60,12.71,1178752,12.79
2013/12/17,12.77,12.81,12.38,12.50,1101463,12.60
2013/12/18,12.53,12.57,12.33,12.50,835293,12.45
2013/12/19,12.57,12.60,12.30,12.32,1430183,12.45
2013/12/20,12.33,12.41,12.09,12.14,1021219,12.25
2013/12/23,12.15,12.23,11.88,11.97,735174,12.06
2013/12/24,12.12,12.26,12.00,12.23,562083,12.13
2013/12/25,12.35,12.39,12.17,12.38,583719,12.28
2013/12/26,12.38,12.39,12.12,12.12,587073,12.25
2013/12/27,12.06,12.41,12.06,12.35,614069,12.24
2013/12/30,12.42,12.54,12.35,12.36,787646,12.44
2013/12/31,12.36,12.56,12.29,12.53,847051,12.42
2014/01/02,12.45,12.66,12.45,12.60,833953,12.55
2014/01/03,12.66,12.66,12.44,12.51,1190103,12.55
2014/01/06,12.48,12.48,12.05,12.08,1036513,12.27
2014/01/07,12.00,12.29,11.79,12.11,813743,12.04
2014/01/08,12.12,12.23,12.02,12.18,682332,12.13
2014/01/09,12.18,12.26,11.90,11.93,711193,12.08
2014/01/10,11.85,11.99,11.52,11.64,1199512,11.75
2014/01/13,11.63,11.82,11.49,11.67,821604,11.66
2014/01/14,11.60,11.90,11.60,11.87,432010,11.75
2014/01/15,11.81,12.03,11.81,12.00,556505,11.92
2014/01/16,11.99,12.06,11.91,12.02,687056,11.99
2014/01/17,12.00,12.00,11.79,11.91,343477,11.89
2014/01/20,11.81,11.99,11.70,11.70,594078,11.84
2014/01/21,11.75,11.97,11.72,11.82,979944,11.85
2014/01/22,11.82,12.23,11.78,12.23,1381088,12.00
2014/01/23,12.23,13.43,12.17,13.43,9994899,12.80
2014/01/24,13.50,14.03,13.10,13.77,13179644,13.56
2014/01/27,13.50,13.74,13.22,13.41,5405855,13.48
2014/01/28,13.28,13.46,13.22,13.38,3256099,13.34
2014/01/29,13.43,13.50,13.23,13.37,2717287,13.37
2014/01/30,13.38,13.38,12.83,12.84,3676404,13.11
2014/02/07,12.93,13.28,12.89,13.23,2604330,13.08
2014/02/10,13.20,13.65,13.14,13.53,4691252,13.40
2014/02/11,13.55,13.94,13.38,13.92,6052836,13.66
2014/02/12,13.95,14.01,13.67,13.92,4745927,13.84
2014/02/13,13.92,13.92,13.29,13.32,4428700,13.60
2014/02/14,13.29,13.61,13.20,13.61,2783616,13.40
2014/02/17,13.65,14.06,13.49,14.04,5268128,13.78
2014/02/18,14.06,14.28,13.88,13.98,5511418,14.08
2014/02/19,13.95,14.16,13.82,13.95,3288290,13.99
2014/02/20,13.92,14.03,13.65,13.88,3764723,13.84
2014/02/21,13.94,13.94,13.59,13.65,2486508,13.76
2014/02/24,13.59,13.62,13.25,13.46,2032818,13.43
2014/02/25,13.49,13.68,13.07,13.13,2822241,13.38
2014/02/26,13.11,13.49,12.90,13.49,1601293,13.20
2014/02/27,13.53,13.70,13.26,13.26,2256480,13.48
2014/02/28,13.23,13.46,12.98,13.44,1198862,13.22
2014/03/03,13.37,13.59,13.35,13.59,1918314,13.47
2014/03/04,13.53,13.77,13.46,13.74,2212818,13.62
2014/03/05,13.77,13.80,13.44,13.74,1988610,13.62
2014/03/06,13.67,13.73,13.47,13.65,1765627,13.60
2014/03/07,13.65,13.73,13.49,13.50,1694090,13.61
2014/03/10,13.43,13.43,12.78,12.98,1522510,13.10
2014/03/11,12.98,13.02,12.68,12.81,846360,12.85
2014/03/12,12.69,12.87,12.36,12.75,890446,12.61
2014/03/13,12.74,12.84,12.62,12.83,591180,12.73
2014/03/14,12.78,12.84,12.68,12.77,664776,12.76
2014/03/17,12.87,13.16,12.78,13.05,1191718,12.97
2014/03/18,13.10,13.23,12.98,13.10,934924,13.11
2014/03/19,13.10,13.52,12.99,13.43,1457603,13.25
2014/03/20,13.34,13.40,12.92,12.95,1121638,13.16
2014/03/21,12.98,13.28,12.69,13.28,1094187,12.98
2014/03/24,13.25,13.58,13.22,13.55,1942379,13.40
2014/03/25,13.53,13.61,13.37,13.49,1260689,13.49
2014/03/26,13.50,13.62,13.37,13.58,940020,13.49
2014/03/27,13.58,13.68,13.37,13.58,1419399,13.52
2014/03/28,13.50,13.55,13.05,13.08,1290005,13.30
2014/03/31,13.07,13.20,12.90,13.02,663350,13.05
2014/04/01,12.93,13.43,12.90,13.43,1226039,13.17
2014/04/02,13.38,13.56,13.28,13.41,1088129,13.42
2014/04/03,13.43,13.64,13.34,13.50,971088,13.49
2014/04/04,13.50,13.65,13.38,13.62,1668997,13.52
2014/04/08,13.62,13.79,13.49,13.65,1724287,13.64
2014/04/09,13.55,13.76,13.38,13.74,2116857,13.57
2014/04/10,13.71,13.86,13.56,13.71,2071114,13.71
2014/04/11,13.68,13.68,13.41,13.52,1165518,13.54
2014/04/14,13.41,13.64,13.35,13.64,1052812,13.50
2014/04/15,13.62,13.62,13.20,13.32,1232510,13.41
2014/04/16,13.29,13.38,13.22,13.28,847192,13.30
2014/04/17,13.29,13.43,13.23,13.23,811419,13.33
2014/04/18,13.16,13.29,13.14,13.19,870766,13.21
2014/04/21,13.17,13.26,12.95,12.99,1087431,13.10
2014/04/22,12.93,13.08,12.63,12.95,1298337,12.86
2014/04/23,12.95,13.04,12.84,12.92,824006,12.94
2014/04/24,12.92,12.95,12.72,12.72,755664,12.83
2014/04/25,12.71,12.75,12.26,12.30,1216694,12.50
2014/04/28,12.29,12.29,11.69,11.70,1347050,11.99
2014/04/29,11.73,11.82,11.58,11.81,1437950,11.70
2014/04/30,11.73,11.84,11.48,11.82,1584042,11.66
2014/05/05,11.76,11.88,11.67,11.87,1166367,11.78
2014/05/06,11.82,12.18,11.79,12.02,1177913,11.98
2014/05/07,12.03,12.03,11.70,11.70,772971,11.86
2014/05/08,11.70,11.96,11.55,11.85,677105,11.76
2014/05/09,11.82,11.88,11.57,11.73,509280,11.73
2014/05/12,11.78,12.12,11.72,12.03,917517,11.92
2014/05/13,11.96,12.33,11.96,12.23,1289773,12.15
2014/05/14,12.39,12.42,12.12,12.35,793323,12.27
2014/05/15,12.50,12.66,12.11,12.45,1342501,12.38
2014/05/16,12.30,12.41,12.05,12.24,725238,12.23
2014/05/19,12.17,12.21,12.00,12.20,399573,12.11
2014/05/20,12.41,12.41,12.08,12.12,634400,12.25
2014/05/21,12.18,12.18,11.91,12.11,449304,12.04
2014/05/22,12.12,12.24,12.03,12.05,544561,12.13
2014/05/23,12.09,12.15,12.00,12.12,533468,12.08
2014/05/26,12.11,12.26,12.05,12.20,680193,12.16
2014/05/27,12.20,12.24,12.09,12.12,530770,12.17
2014/05/28,12.12,12.23,12.11,12.21,553140,12.17
2014/05/29,12.21,12.26,12.00,12.03,634287,12.13
2014/05/30,12.05,12.15,12.00,12.12,377179,12.08
2014/06/03,12.18,12.26,12.15,12.26,679339,12.21
2014/06/04,12.23,12.23,12.11,12.18,403697,12.17
2014/06/05,12.08,12.32,12.08,12.29,535394,12.20
2014/06/06,12.29,12.36,12.14,12.27,507441,12.25
2014/06/09,12.27,12.33,12.17,12.24,298689,12.25
2014/06/10,12.24,12.33,12.12,12.26,889878,12.22
2014/06/11,12.29,12.32,12.18,12.30,699243,12.25
2014/06/12,12.29,12.38,12.21,12.30,692790,12.30
2014/06/13,12.33,12.53,12.29,12.42,966488,12.41
2014/06/16,12.50,12.51,12.41,12.44,555894,12.46
2014/06/17,12.48,12.48,12.30,12.30,606306,12.39
2014/06/18,12.29,12.41,12.24,12.29,576555,12.33
2014/06/19,12.29,12.30,11.90,12.08,785841,12.10
2014/06/20,12.14,12.32,12.05,12.17,526417,12.19
2014/06/23,12.26,12.27,12.12,12.20,686347,12.19
2014/06/24,12.17,12.35,12.14,12.29,532005,12.25
2014/06/25,12.27,12.39,12.20,12.36,819713,12.29
2014/06/26,12.42,12.48,12.32,12.39,837711,12.40
2014/06/27,12.35,12.63,12.33,12.54,1919332,12.48
2014/06/30,12.50,12.62,12.50,12.59,1220082,12.56
2014/07/01,12.63,12.65,12.51,12.62,998603,12.58
2014/07/02,12.60,12.99,12.60,12.74,2051985,12.79
2014/07/03,12.66,12.81,12.60,12.80,1277549,12.71
2014/07/04,12.77,12.81,12.66,12.78,732779,12.74
2014/07/07,12.74,12.86,12.72,12.83,831199,12.79
2014/07/08,12.83,13.02,12.78,12.98,1593443,12.90
2014/07/09,12.99,12.99,12.66,12.69,1417954,12.83
2014/07/10,12.69,12.83,12.68,12.75,1099465,12.75
2014/07/11,12.72,12.87,12.68,12.86,1244551,12.77
2014/07/14,12.87,13.16,12.84,13.11,1403391,13.00
2014/07/15,13.10,13.35,12.90,13.28,2869500,13.13
2014/07/16,13.28,13.28,12.92,12.96,1493966,13.10
2014/07/17,13.02,13.16,12.93,13.14,716497,13.04
2014/07/18,13.05,13.22,13.05,13.14,726999,13.14
2014/07/21,13.16,13.22,12.75,12.92,907905,12.99
2014/07/22,12.81,13.13,12.80,13.07,1577085,12.97
2014/07/23,13.07,13.08,12.75,12.84,1093878,12.92
2014/07/24,12.90,12.90,12.63,12.78,1041411,12.77
2014/07/25,12.84,13.07,12.78,13.04,954867,12.92
2014/07/28,13.13,13.19,12.98,13.16,1435588,13.08
2014/07/29,13.17,13.47,13.17,13.32,2168537,13.32
2014/07/30,13.34,13.58,13.22,13.46,1636531,13.40
2014/07/31,13.50,13.62,13.28,13.50,1427023,13.45
2014/08/01,13.46,13.59,13.37,13.40,1937400,13.48
2014/08/04,13.35,13.53,13.34,13.53,1272674,13.43
2014/08/05,13.55,13.65,13.41,13.62,1981633,13.53
2014/08/06,13.61,14.15,13.44,14.10,3894936,13.79
2014/08/07,13.95,14.10,13.68,13.76,3026193,13.89
2014/08/08,13.68,13.83,13.65,13.73,1025561,13.74
2014/08/11,13.83,14.01,13.76,13.89,1683881,13.88
2014/08/12,13.92,13.97,13.76,13.95,1383483,13.87
2014/08/13,13.89,13.95,13.71,13.91,1657183,13.83
2014/08/14,13.91,14.25,13.88,14.18,3900356,14.07
2014/08/15,14.21,14.67,14.07,14.64,4880293,14.37
2014/08/18,14.67,15.27,14.57,15.27,5812916,14.92
2014/08/19,15.32,15.35,14.93,15.00,3146580,15.14
2014/08/20,15.02,15.23,14.84,14.94,2295597,15.04
2014/08/21,14.94,15.12,14.88,15.06,1856139,15.00
2014/08/22,14.99,15.23,14.88,15.15,1219464,15.06
2014/08/25,15.15,15.29,14.91,14.97,2008789,15.10
2014/08/26,14.90,15.12,14.67,14.91,3741855,14.89
2014/08/27,14.82,15.18,14.82,14.94,1108613,15.00
2014/08/28,15.06,15.30,14.90,15.08,2004065,15.10
2014/08/29,15.08,15.14,14.97,15.11,1263588,15.06
2014/09/01,15.09,15.69,15.05,15.56,2779342,15.37
2014/09/02,15.60,15.60,15.30,15.44,2736724,15.45
2014/09/03,15.42,15.60,15.33,15.50,2475590,15.46
2014/09/04,15.51,15.66,15.35,15.63,2895392,15.50
2014/09/05,15.59,15.63,15.35,15.50,2108559,15.49
2014/09/09,15.47,16.08,15.42,15.98,4331090,15.75
2014/09/10,15.86,16.13,15.80,15.89,2000088,15.96
2014/09/11,15.93,16.22,15.80,15.86,3408579,16.01
2014/09/12,15.86,16.01,15.74,15.90,3259682,15.88
2014/09/15,15.89,16.28,15.83,16.19,3203150,16.06
2014/09/16,16.17,16.26,15.41,15.60,3131810,15.84
2014/09/17,15.53,15.68,15.35,15.54,3563666,15.51
2014/09/18,15.56,16.04,15.51,15.77,3378671,15.77
2014/09/19,15.80,16.16,15.45,15.81,4365503,15.80
2014/09/22,15.78,16.02,15.60,15.89,2345259,15.81
2014/09/23,15.95,16.76,15.81,16.49,4498745,16.29
2014/09/24,16.58,16.86,16.49,16.58,2520076,16.67
2014/09/25,16.67,16.80,16.53,16.58,1979053,16.67
2014/09/26,16.50,16.92,16.43,16.70,1827809,16.68
2014/09/29,16.88,16.92,16.64,16.77,2202629,16.78
2014/09/30,16.86,16.86,16.65,16.80,2085341,16.75
2014/10/08,16.80,17.58,16.71,17.36,3788371,17.14
2014/10/09,17.31,18.63,17.19,17.84,4278081,17.91
2014/10/10,17.87,18.36,17.55,17.61,3468901,17.96
2014/10/13,17.60,17.60,16.92,17.54,2870946,17.26
2014/10/14,17.34,17.85,17.10,17.39,2689992,17.48
2014/10/15,17.39,17.64,17.27,17.48,2417000,17.46
2014/10/16,17.48,17.73,17.18,17.25,2386057,17.46
2014/10/17,17.25,17.34,16.31,16.68,3222298,16.82
2014/10/20,16.85,17.01,16.47,16.95,1664035,16.74
2014/10/21,16.88,17.13,16.52,16.52,2299535,16.82
2014/10/22,16.52,16.73,16.07,16.23,2855607,16.40
2014/10/23,16.14,16.47,15.80,16.10,2294480,16.13
2014/10/24,16.16,16.49,16.05,16.20,982919,16.27
2014/10/27,16.20,16.43,16.04,16.35,1211644,16.23
2014/10/28,16.35,16.79,16.35,16.74,1806819,16.57
2014/10/29,16.68,17.01,16.68,16.82,2131107,16.85
2014/10/30,16.80,16.95,16.65,16.73,2550408,16.80
2014/10/31,16.68,16.86,16.53,16.70,2145319,16.70
2014/11/03,16.68,17.13,16.68,17.00,3517676,16.90
2014/11/04,17.01,17.37,16.92,17.03,3285219,17.15
2014/11/05,17.03,17.24,16.98,17.00,1702958,17.11
2014/11/06,17.10,17.54,17.03,17.48,3650811,17.29
2014/11/07,17.55,17.64,17.15,17.27,2406260,17.39
2014/11/10,17.21,17.27,16.98,17.12,2346736,17.13
2014/11/11,17.13,17.13,16.11,16.58,3606578,16.62
2014/11/12,16.37,16.80,16.35,16.71,1438494,16.58
2014/11/13,16.67,16.80,16.37,16.64,1311782,16.59
2014/11/14,16.64,16.64,16.31,16.47,807191,16.47
2014/11/17,16.46,16.86,16.38,16.71,1456559,16.62
2014/11/18,16.71,16.71,16.41,16.49,1494453,16.56
2014/11/19,16.56,16.68,16.46,16.64,1858130,16.57
2014/11/20,16.55,16.85,16.52,16.77,1503651,16.69
2014/11/21,16.70,16.89,16.61,16.80,2457355,16.75
2014/11/24,17.04,17.04,16.82,16.91,3081283,16.93
2014/11/25,16.83,17.18,16.83,17.18,2433022,17.00
2014/11/26,17.18,17.25,16.89,17.00,2348905,17.07
2014/11/27,17.07,17.61,17.01,17.33,3564236,17.31
2014/11/28,17.37,17.48,16.92,17.03,3192833,17.20
2014/12/01,16.98,17.09,16.67,16.70,2214325,16.88
2014/12/02,16.70,16.95,16.65,16.82,1961335,16.80
2014/12/03,16.76,17.15,16.64,17.13,2713836,16.89
2014/12/04,17.22,17.25,17.00,17.09,3285873,17.13
2014/12/05,17.00,17.09,15.98,16.22,3751698,16.54
2014/12/08,16.22,16.22,15.74,15.78,4755375,15.98
2014/12/09,15.78,15.78,15.00,15.08,4928137,15.39
2014/12/10,15.02,15.44,14.79,15.35,3846495,15.11
2014/12/11,15.30,15.51,15.24,15.48,2880723,15.38
2014/12/12,15.54,15.68,15.45,15.62,2447012,15.56
2014/12/15,15.59,15.78,15.59,15.71,2375702,15.68
2014/12/16,15.66,15.75,15.42,15.47,2674989,15.58
2014/12/17,15.42,15.53,15.20,15.48,2101181,15.36
2014/12/18,15.48,15.48,15.30,15.33,1376791,15.39
2014/12/19,15.33,15.33,14.78,14.87,2499664,15.05
2014/12/22,14.85,14.85,13.49,13.67,3346621,14.17
2014/12/23,13.67,13.95,13.59,13.85,1319021,13.77
2014/12/24,13.97,14.25,13.97,14.25,1646751,14.11
2014/12/25,14.39,14.55,14.18,14.45,986117,14.37
2014/12/26,14.49,14.54,14.33,14.46,1005666,14.43
2014/12/29,14.37,14.37,13.97,14.12,1231479,14.17
2014/12/30,14.03,14.67,14.03,14.55,2761767,14.35
2014/12/31,14.51,14.82,14.42,14.75,1836131,14.62
2015/01/05,14.75,14.96,14.66,14.82,2403507,14.81
2015/01/06,14.81,14.97,14.64,14.91,1299349,14.81
2015/01/07,14.91,15.06,14.54,14.75,1528807,14.80
2015/01/08,14.75,14.76,14.57,14.72,979219,14.67
2015/01/09,14.73,14.73,14.55,14.66,931436,14.64
2015/01/12,14.64,14.64,14.09,14.18,915912,14.37
2015/01/13,14.12,14.37,14.10,14.34,675344,14.23
2015/01/14,14.31,14.55,14.13,14.22,978700,14.34
2015/01/15,14.22,14.45,14.22,14.28,558584,14.33
2015/01/16,14.30,14.48,14.28,14.42,666158,14.38
2015/01/19,14.24,14.58,14.04,14.31,1117556,14.31
2015/01/20,14.28,14.79,14.28,14.79,1666633,14.53
2015/01/21,14.85,15.15,14.81,15.12,4522088,14.98
2015/01/22,15.05,15.53,14.88,15.38,4986284,15.21
2015/01/23,15.26,15.60,15.17,15.24,3708900,15.38
2015/01/26,15.02,15.69,15.02,15.57,2617521,15.35
2015/01/27,15.51,15.77,15.32,15.53,1825185,15.54
2015/01/28,15.54,15.63,15.38,15.50,1335357,15.51
2015/01/29,15.39,15.47,15.26,15.27,1654043,15.37
2015/01/30,15.27,15.41,15.20,15.39,1545619,15.30
2015/02/02,15.30,15.74,15.29,15.65,3330429,15.51
2015/02/03,15.57,16.16,15.57,15.92,3703062,15.87
2015/02/04,15.92,15.92,15.62,15.68,1319746,15.77
2015/02/05,15.75,16.11,15.68,15.75,2385225,15.89
2015/02/06,15.75,16.04,15.30,15.60,1616491,15.67
2015/02/09,15.60,15.60,15.08,15.17,1491341,15.34
2015/02/10,15.17,15.26,15.00,15.17,1199156,15.13
2015/02/11,15.18,15.75,15.17,15.56,1860719,15.46
2015/02/12,15.54,15.90,15.53,15.89,1359584,15.71
2015/02/13,15.90,16.17,15.90,16.11,2688396,16.04
2015/02/16,16.02,16.53,16.02,16.41,2133248,16.28
2015/02/17,16.41,16.58,16.20,16.28,1650110,16.39
2015/02/25,16.34,16.59,16.26,16.44,1736627,16.43
2015/02/26,16.37,16.55,16.20,16.50,1526488,16.38
2015/02/27,16.50,16.73,16.50,16.56,1926168,16.62
2015/03/02,16.76,16.86,16.62,16.86,3101144,16.74
2015/03/03,16.91,17.45,16.80,17.07,5264570,17.13
2015/03/04,17.06,17.54,16.97,17.48,4247130,17.25
2015/03/05,17.55,18.63,17.40,17.97,6895107,18.01
2015/03/06,18.05,18.09,17.55,17.97,3775341,17.82
2015/03/09,17.87,18.93,17.57,18.75,6134917,18.25
2015/03/10,18.75,19.61,18.62,19.32,5812934,19.12
2015/03/11,19.31,19.47,18.92,19.31,3104093,19.20
2015/03/12,19.22,19.70,18.45,18.83,3267043,19.07
2015/03/13,18.83,19.50,18.69,19.50,3483575,19.10
2015/03/16,19.55,20.78,19.55,20.66,6296825,20.17
2015/03/17,20.70,20.93,20.40,20.84,3854783,20.66
2015/03/18,20.70,20.84,20.21,20.45,7437575,20.53
2015/03/19,20.33,20.90,20.04,20.60,6124370,20.47
2015/03/20,20.55,20.78,20.12,20.55,4941362,20.45
2015/03/23,20.28,20.93,20.25,20.64,7008777,20.59
2015/03/24,20.66,22.67,20.64,22.67,13225655,21.66
2015/03/25,22.65,22.79,21.78,22.43,8603483,22.29
2015/03/26,21.90,23.25,21.83,22.55,6955024,22.54
2015/03/27,22.55,23.10,22.08,22.85,4419977,22.59
2015/03/30,22.95,24.69,22.95,24.30,8139991,23.82
2015/03/31,24.23,24.30,23.57,23.81,3917578,23.94
2015/04/01,23.63,24.18,23.40,23.94,5090813,23.79
2015/04/02,23.93,24.27,23.15,23.64,8939909,23.71
2015/04/03,23.64,23.97,23.18,23.79,7395262,23.57
2015/04/07,23.90,25.20,23.55,24.65,8563103,24.38
2015/04/08,24.68,25.64,24.15,24.47,10224317,24.89
2015/04/09,24.47,24.47,23.10,24.12,5025206,23.79
2015/04/10,24.03,24.93,24.03,24.86,7403248,24.48
2015/04/13,24.75,26.40,24.71,25.58,8108907,25.55
2015/04/14,25.56,25.98,24.99,25.05,8386417,25.48
2015/04/15,24.83,25.05,23.72,24.12,5690829,24.38
2015/04/16,24.12,25.34,21.75,24.66,5651021,23.54
2015/04/17,24.65,25.11,24.17,24.29,4997687,24.64
2015/04/20,23.52,24.29,22.83,23.10,6103738,23.56
2015/04/21,23.12,23.79,23.07,23.70,4152744,23.43
2015/04/22,23.78,24.84,23.78,24.48,5549143,24.31
2015/04/23,24.56,25.49,24.50,25.19,6329590,24.99
2015/04/24,24.86,25.74,24.66,25.04,5963103,25.20
2015/04/27,25.28,25.31,24.00,24.24,8666595,24.65
2015/04/28,24.23,24.23,23.18,23.40,4490915,23.71
2015/04/29,23.36,24.95,22.97,24.65,5126595,23.96
2015/04/30,24.60,25.73,24.45,24.90,5558125,25.09
2015/05/04,24.99,25.73,24.45,25.26,5192182,25.09
2015/05/05,25.35,27.74,25.35,26.70,10184871,26.54
2015/05/06,27.08,27.30,25.35,25.95,5474892,26.33
2015/05/07,25.89,25.95,23.84,24.66,3974263,24.89
2015/05/08,24.89,25.59,24.47,25.59,3964758,25.03
2015/05/11,25.65,27.41,25.20,27.20,7620201,26.30
2015/05/12,27.24,27.68,25.95,27.45,5717024,26.81
2015/05/13,27.30,28.94,26.54,28.11,7376995,27.74
2015/05/14,28.14,30.15,27.90,29.57,7917780,29.02
2015/05/15,29.69,32.37,28.37,31.64,10181892,30.37
2015/05/18,31.26,33.15,30.75,30.86,9580879,31.95
2015/05/19,30.92,31.88,30.23,31.43,7358949,31.05
2015/05/20,31.58,32.82,31.58,32.18,7438717,32.20
2015/05/21,31.95,35.28,31.74,35.22,8378888,33.51
2015/05/22,35.87,38.25,35.37,35.58,10857005,36.81
2015/05/25,35.31,35.84,34.05,35.55,14226038,34.95
2015/05/26,35.43,37.44,34.95,37.02,17755787,36.20
2015/05/27,37.02,37.02,35.48,35.79,13825511,36.25
2015/05/28,35.84,36.38,32.33,32.39,11799463,34.36
2015/05/29,32.30,33.44,29.25,32.49,9300705,31.34
2015/06/01,32.30,33.44,29.25,32.49,0,31.34
2015/06/02,32.30,33.44,29.25,32.49,0,31.34
2015/06/03,32.30,33.44,29.25,32.49,0,31.34
2015/06/04,32.30,33.44,29.25,32.49,0,31.34
2015/06/05,32.30,33.44,29.25,32.49,0,31.34
2015/06/08,32.30,33.44,29.25,32.49,0,31.34
2015/06/09,32.30,33.44,29.25,32.49,0,31.34
2015/06/10,32.30,33.44,29.25,32.49,0,31.34
2015/06/11,32.30,33.44,29.25,32.49,0,31.34
2015/06/12,32.30,33.44,29.25,32.49,0,31.34
2015/06/15,32.30,33.44,29.25,32.49,0,31.34
2015/06/16,32.30,33.44,29.25,32.49,0,31.34
2015/06/17,32.30,33.44,29.25,32.49,0,31.34
2015/06/18,35.70,35.70,32.85,33.00,16391263,34.28
2015/06/19,31.55,31.80,29.75,29.75,8695169,30.78
2015/06/23,28.95,28.95,26.82,26.93,11598099,27.88
2015/06/24,27.44,29.10,27.18,28.14,12062335,28.14
2015/06/25,28.05,30.06,27.75,28.79,13167502,28.90
2015/06/26,27.75,28.28,25.95,25.95,8151032,27.12
2015/06/29,26.70,26.85,23.42,23.42,7071079,25.14
2015/06/30,22.77,24.53,21.14,23.85,10462004,22.84
2015/07/01,23.57,24.33,21.53,21.53,10310116,22.93
2015/07/02,20.91,21.00,19.44,19.44,11816279,20.22
2015/07/03,18.23,19.17,17.55,17.55,12427312,18.36
2015/07/06,19.23,19.23,15.86,15.86,16208591,17.54
2015/07/07,14.85,15.96,14.33,15.69,9960165,15.15
2015/07/08,14.85,15.96,14.33,15.69,0,15.15
2015/07/09,14.85,15.96,14.33,15.69,0,15.15
2015/07/10,14.85,15.96,14.33,15.69,0,15.15
2015/07/13,14.85,15.96,14.33,15.69,0,15.15
2015/07/14,14.85,15.96,14.33,15.69,0,15.15
2015/07/15,14.85,15.96,14.33,15.69,0,15.15
2015/07/16,14.85,15.96,14.33,15.69,0,15.15
2015/07/17,14.85,15.96,14.33,15.69,0,15.15
2015/07/20,14.85,15.96,14.33,15.69,0,15.15
2015/07/21,14.85,15.96,14.33,15.69,0,15.15
2015/07/22,14.85,15.96,14.33,15.69,0,15.15
2015/07/23,14.85,15.96,14.33,15.69,0,15.15
2015/07/24,14.85,15.96,14.33,15.69,0,15.15
2015/07/27,14.85,15.96,14.33,15.69,0,15.15
2015/07/28,14.85,15.96,14.33,15.69,0,15.15
2015/07/29,14.85,15.96,14.33,15.69,0,15.15
2015/07/30,14.85,15.96,14.33,15.69,0,15.15
2015/07/31,14.85,15.96,14.33,15.69,0,15.15
2015/08/03,14.85,15.96,14.33,15.69,0,15.15
2015/08/04,14.85,15.96,14.33,15.69,0,15.15
2015/08/05,14.85,15.96,14.33,15.69,0,15.15
2015/08/06,14.85,15.96,14.33,15.69,0,15.15
2015/08/07,14.85,15.96,14.33,15.69,0,15.15
2015/08/10,14.85,15.96,14.33,15.69,0,15.15
2015/08/11,14.85,15.96,14.33,15.69,0,15.15
2015/08/12,14.85,15.96,14.33,15.69,0,15.15
2015/08/13,14.85,15.96,14.33,15.69,0,15.15
2015/08/14,14.85,15.96,14.33,15.69,0,15.15
2015/08/17,14.85,15.96,14.33,15.69,0,15.15
2015/08/18,14.85,15.96,14.33,15.69,0,15.15
2015/08/19,14.85,15.96,14.33,15.69,0,15.15
2015/08/20,14.85,15.96,14.33,15.69,0,15.15
2015/08/21,14.85,15.96,14.33,15.69,0,15.15
2015/08/24,14.85,15.96,14.33,15.69,0,15.15
2015/08/25,14.85,15.96,14.33,15.69,0,15.15
2015/08/26,14.85,15.96,14.33,15.69,0,15.15
2015/08/27,14.85,15.96,14.33,15.69,0,15.15
2015/08/28,14.85,15.96,14.33,15.69,0,15.15
2015/08/31,14.85,15.96,14.33,15.69,0,15.15
2015/09/01,14.85,15.96,14.33,15.69,0,15.15
2015/09/02,14.85,15.96,14.33,15.69,0,15.15
2015/09/07,14.85,15.96,14.33,15.69,0,15.15
2015/09/08,14.85,15.96,14.33,15.69,0,15.15
2015/09/09,14.85,15.96,14.33,15.69,0,15.15
2015/09/10,14.85,15.96,14.33,15.69,0,15.15
2015/09/11,14.85,15.96,14.33,15.69,0,15.15
2015/09/14,14.85,15.96,14.33,15.69,0,15.15
2015/09/15,14.85,15.96,14.33,15.69,0,15.15
2015/09/16,14.85,15.96,14.33,15.69,0,15.15
2015/09/17,14.85,15.96,14.33,15.69,0,15.15
2015/09/18,14.85,15.96,14.33,15.69,0,15.15
2015/09/21,14.85,15.96,14.33,15.69,0,15.15
2015/09/22,14.85,15.96,14.33,15.69,0,15.15
2015/09/23,14.85,15.96,14.33,15.69,0,15.15
2015/09/24,14.85,15.96,14.33,15.69,0,15.15
2015/09/25,14.85,15.96,14.33,15.69,0,15.15
2015/09/28,14.85,15.96,14.33,15.69,0,15.15
2015/09/29,14.85,15.96,14.33,15.69,0,15.15
2015/09/30,14.85,15.96,14.33,15.69,0,15.15
2015/10/08,14.85,15.96,14.33,15.69,0,15.15
2015/10/09,14.85,15.96,14.33,15.69,0,15.15
2015/10/12,14.85,15.96,14.33,15.69,0,15.15
2015/10/13,14.85,15.96,14.33,15.69,0,15.15
2015/10/14,14.85,15.96,14.33,15.69,0,15.15
2015/10/15,14.85,15.96,14.33,15.69,0,15.15
2015/10/16,14.85,15.96,14.33,15.69,0,15.15
2015/10/19,14.85,15.96,14.33,15.69,0,15.15
2015/10/20,14.85,15.96,14.33,15.69,0,15.15
2015/10/21,14.85,15.96,14.33,15.69,0,15.15
2015/10/22,14.85,15.96,14.33,15.69,0,15.15
2015/10/23,14.85,15.96,14.33,15.69,0,15.15
2015/10/26,14.85,15.96,14.33,15.69,0,15.15
2015/10/27,14.85,15.96,14.33,15.69,0,15.15
2015/10/28,14.85,15.96,14.33,15.69,0,15.15
2015/10/29,14.85,15.96,14.33,15.69,0,15.15
2015/10/30,14.85,15.96,14.33,15.69,0,15.15
2015/11/02,14.85,15.96,14.33,15.69,0,15.15
2015/11/03,14.85,15.96,14.33,15.69,0,15.15
2015/11/04,14.85,15.96,14.33,15.69,0,15.15
2015/11/05,14.85,15.96,14.33,15.69,0,15.15
2015/11/06,14.85,15.96,14.33,15.69,0,15.15
2015/11/09,14.85,15.96,14.33,15.69,0,15.15
2015/11/10,14.85,15.96,14.33,15.69,0,15.15
2015/11/11,14.85,15.96,14.33,15.69,0,15.15
2015/11/12,14.85,15.96,14.33,15.69,0,15.15
2015/11/13,14.85,15.96,14.33,15.69,0,15.15
2015/11/16,14.85,15.96,14.33,15.69,0,15.15
2015/11/17,14.85,15.96,14.33,15.69,0,15.15
2015/11/18,14.85,15.96,14.33,15.69,0,15.15
2015/11/19,14.85,15.96,14.33,15.69,0,15.15
2015/11/20,14.85,15.96,14.33,15.69,0,15.15
2015/11/23,14.85,15.96,14.33,15.69,0,15.15
2015/11/24,14.85,15.96,14.33,15.69,0,15.15
2015/11/25,14.85,15.96,14.33,15.69,0,15.15
2015/11/26,14.85,15.96,14.33,15.69,0,15.15
2015/11/27,14.85,15.96,14.33,15.69,0,15.15
2015/11/30,14.85,15.96,14.33,15.69,0,15.15
2015/12/01,14.85,15.96,14.33,15.69,0,15.15
2015/12/02,14.85,15.96,14.33,15.69,0,15.15
2015/12/03,14.85,15.96,14.33,15.69,0,15.15
2015/12/04,14.85,15.96,14.33,15.69,0,15.15
2015/12/07,14.85,15.96,14.33,15.69,0,15.15
2015/12/08,14.85,15.96,14.33,15.69,0,15.15
2015/12/09,14.85,15.96,14.33,15.69,0,15.15
2015/12/10,14.85,15.96,14.33,15.69,0,15.15
2015/12/11,14.85,15.96,14.33,15.69,0,15.15
2015/12/14,14.85,15.96,14.33,15.69,0,15.15
2015/12/15,14.85,15.96,14.33,15.69,0,15.15
2015/12/16,14.85,15.96,14.33,15.69,0,15.15
2015/12/17,14.85,15.96,14.33,15.69,0,15.15
2015/12/18,14.85,15.96,14.33,15.69,0,15.15
2015/12/21,14.85,15.96,14.33,15.69,0,15.15
2015/12/22,14.85,15.96,14.33,15.69,0,15.15
2015/12/23,14.85,15.96,14.33,15.69,0,15.15
2015/12/24,14.85,15.96,14.33,15.69,0,15.15
2015/12/25,14.85,15.96,14.33,15.69,0,15.15
2015/12/28,14.85,15.96,14.33,15.69,0,15.15
2015/12/29,14.85,15.96,14.33,15.69,0,15.15
2015/12/30,14.85,15.96,14.33,15.69,0,15.15
2015/12/31,14.85,15.96,14.33,15.69,0,15.15
2016/01/04,14.85,15.96,14.33,15.69,0,15.15
2016/01/05,14.85,15.96,14.33,15.69,0,15.15
2016/01/06,14.85,15.96,14.33,15.69,0,15.15
2016/01/07,14.85,15.96,14.33,15.69,0,15.15
2016/01/08,14.85,15.96,14.33,15.69,0,15.15
2016/01/11,14.85,15.96,14.33,15.69,0,15.15
2016/01/12,14.85,15.96,14.33,15.69,0,15.15
2016/01/13,14.85,15.96,14.33,15.69,0,15.15
2016/01/14,14.85,15.96,14.33,15.69,0,15.15
2016/01/15,14.85,15.96,14.33,15.69,0,15.15
2016/01/18,14.85,15.96,14.33,15.69,0,15.15
2016/01/19,14.85,15.96,14.33,15.69,0,15.15
2016/01/20,14.85,15.96,14.33,15.69,0,15.15
2016/01/21,14.85,15.96,14.33,15.69,0,15.15
2016/01/22,14.85,15.96,14.33,15.69,0,15.15
2016/01/25,14.85,15.96,14.33,15.69,0,15.15
2016/01/26,14.85,15.96,14.33,15.69,0,15.15
2016/01/27,17.21,17.21,17.21,17.21,171669,17.21
2016/01/28,18.87,18.87,18.87,18.87,124250,18.87
2016/01/29,20.70,20.70,20.70,20.70,547703,20.70
2016/02/01,22.71,22.71,22.71,22.71,489243,22.71
2016/02/02,24.92,24.92,22.95,23.81,33478859,23.94
2016/02/03,22.91,25.19,22.37,24.93,27119018,23.78
2016/02/04,24.57,25.62,24.12,24.83,20592825,24.87
2016/02/05,24.62,25.10,22.85,22.85,17214676,23.98
2016/02/15,21.74,23.82,21.74,23.37,14197370,22.78
2016/02/16,23.48,24.75,23.48,24.42,11288754,24.12
2016/02/17,24.02,24.87,23.85,24.72,10508856,24.36
2016/02/18,24.86,26.10,24.86,25.13,14673633,25.48
2016/02/19,24.75,25.89,24.75,25.05,9561384,25.32
2016/02/22,25.35,26.48,25.05,25.35,14576021,25.77
2016/02/23,25.50,25.74,24.68,25.08,8991126,25.21
2016/02/24,24.90,25.95,23.97,25.82,10701991,24.96
2016/02/25,25.88,25.92,23.30,23.30,7987001,24.61
2016/02/26,23.42,23.93,22.80,23.51,7162931,23.37
2016/02/29,23.55,23.70,21.21,21.21,8613771,22.46
2016/03/01,21.30,21.89,20.55,21.57,5085191,21.22
2016/03/02,22.05,23.40,21.68,23.06,6815595,22.54
2016/03/03,22.80,23.67,22.80,23.10,4784467,23.24
2016/03/04,22.86,23.31,21.80,21.90,4301347,22.55
2016/03/07,22.14,22.79,22.14,22.50,2834062,22.46
2016/03/08,22.88,22.88,21.44,22.82,3770534,22.16
2016/03/09,22.62,22.62,21.98,22.31,2706267,22.30
2016/03/10,22.19,22.58,21.99,22.11,1672357,22.28
2016/03/11,21.90,22.20,21.53,22.13,2678906,21.87
2016/03/14,22.37,23.24,22.34,22.85,3936938,22.79
2016/03/15,22.95,23.48,22.80,23.00,3596017,23.14
2016/03/16,23.18,23.22,22.28,22.32,2714597,22.75
2016/03/17,22.65,23.22,22.38,23.07,5178218,22.80
2016/03/18,23.07,24.50,22.95,23.96,6763025,23.72
2016/03/21,24.32,25.07,24.32,24.77,7780264,24.70
2016/03/22,24.36,25.41,24.35,24.80,5912861,24.88
2016/03/23,24.53,25.13,24.30,24.69,3974954,24.71
2016/03/24,24.45,26.10,24.17,25.62,7982443,25.14
2016/03/25,25.65,27.45,25.59,26.10,8778758,26.52
2016/03/28,26.40,28.65,26.40,27.60,16518375,27.52
2016/03/29,27.60,27.60,24.92,25.59,12934224,26.26
2016/03/30,25.50,26.28,25.13,26.18,8895728,25.71
2016/03/31,26.25,26.25,25.38,25.65,7036410,25.81
2016/04/01,25.46,25.80,24.42,25.44,6523934,25.11
2016/04/05,25.35,26.03,25.31,25.92,6782565,25.67
2016/04/06,25.92,26.69,25.71,26.33,6903934,26.20
2016/04/07,26.33,26.54,25.65,25.91,5186931,26.09
2016/04/08,25.49,25.79,24.87,25.29,4740300,25.33
2016/04/11,25.46,26.33,25.46,26.25,5219946,25.89
2016/04/12,26.46,26.85,25.92,26.55,5614299,26.39
2016/04/13,26.64,27.18,26.55,26.64,5923585,26.87
2016/04/14,26.64,27.11,26.48,26.85,3852538,26.79
2016/04/15,27.45,27.57,26.49,27.53,7368537,27.03
2016/04/18,27.11,28.62,27.00,28.20,8589796,27.81
2016/04/19,28.17,28.29,27.47,27.89,5828480,27.88
2016/04/20,28.17,29.09,26.04,26.96,11872369,27.56
2016/04/21,26.96,27.15,25.88,25.92,6092301,26.51
2016/04/22,25.88,26.39,25.52,26.28,3043240,25.96
2016/04/25,26.10,26.10,25.49,25.80,3468986,25.79
2016/04/26,25.95,26.09,25.65,26.09,2548980,25.87
2016/04/27,26.10,26.93,25.83,26.13,4372454,26.38
2016/04/28,26.22,26.40,25.20,25.91,3359835,25.80
2016/04/29,25.50,26.33,25.49,25.80,1669222,25.91
2016/05/03,25.79,26.48,25.59,26.46,3190152,26.04
2016/05/04,26.40,26.73,26.34,26.37,3103396,26.54
2016/05/05,26.42,27.03,26.33,27.02,3440842,26.68
2016/05/06,27.30,27.42,25.67,25.73,5119836,26.55
2016/05/09,25.41,25.62,23.76,24.38,4486392,24.69
2016/05/10,24.38,25.08,22.01,25.05,4080314,23.54
2016/05/11,24.96,25.16,24.26,24.45,3281343,24.71
2016/05/12,24.00,24.00,22.74,23.12,5505087,23.37
2016/05/13,23.10,23.37,22.32,22.65,3505424,22.85
2016/05/16,22.70,23.25,22.53,23.25,2121219,22.89
2016/05/17,23.28,23.55,22.95,23.39,2238434,23.25
2016/05/18,23.25,23.25,22.17,22.58,2285149,22.71
2016/05/19,22.56,23.01,22.35,22.77,1988922,22.68
2016/05/20,22.59,22.86,22.25,22.83,1500516,22.55
2016/05/23,22.80,23.85,22.80,23.72,3571066,23.33
2016/05/24,23.79,23.79,23.28,23.39,1875166,23.54
2016/05/25,23.48,23.70,23.19,23.49,1807836,23.45
2016/05/26,23.60,23.60,22.92,23.37,1946301,23.26
2016/05/27,23.42,23.55,23.22,23.37,1355074,23.38
2016/05/30,23.19,23.75,23.10,23.63,1757203,23.43
2016/05/31,23.69,24.68,23.30,24.68,3833521,23.99
2016/06/01,24.84,24.84,24.42,24.68,2814255,24.63
2016/06/02,24.68,24.74,24.44,24.65,1819103,24.59
2016/06/03,24.65,25.20,24.39,25.02,3744764,24.79
2016/06/06,25.01,25.16,24.68,24.78,1574801,24.92
2016/06/07,24.78,24.98,24.39,24.53,1702405,24.69
2016/06/08,24.53,25.79,24.53,25.73,5233013,25.16
2016/06/13,25.50,27.15,25.10,25.95,9586706,26.13
2016/06/14,25.73,26.91,24.92,25.31,6735472,25.92
2016/06/15,25.13,26.30,24.72,26.19,4732400,25.51
2016/06/16,26.06,26.87,25.94,26.22,5272245,26.41
2016/06/17,26.22,26.73,25.92,26.39,3898684,26.33
2016/06/20,26.58,26.58,25.73,26.03,3341149,26.15
2016/06/21,26.30,26.30,25.35,25.44,4074128,25.83
2016/06/22,25.44,26.13,25.40,26.06,2175327,25.76
2016/06/23,26.27,27.05,26.10,26.66,6278680,26.58
2016/06/24,26.58,26.70,25.43,26.00,4525077,26.06
2016/06/27,25.65,26.99,25.62,26.78,3355438,26.30
2016/06/28,26.75,27.80,26.49,27.38,5445201,27.14
2016/06/29,27.57,28.14,27.20,28.14,5743068,27.67
2016/06/30,28.20,28.28,27.65,27.81,3387973,27.96
2016/07/01,27.81,28.35,27.39,27.81,3632136,27.87
2016/07/04,27.77,28.20,27.54,28.20,3492006,27.87
2016/07/05,28.25,30.60,28.25,29.91,9731669,29.43
2016/07/06,29.58,29.97,29.36,29.72,5177460,29.66
2016/07/07,29.75,29.96,28.79,29.13,4251400,29.38
2016/07/08,28.95,29.21,28.58,28.68,2654532,28.89
2016/07/11,28.80,29.15,28.52,28.53,3498319,28.83
2016/07/12,28.58,28.79,27.71,28.67,3760236,28.25
2016/07/13,28.71,29.91,28.71,29.63,5437215,29.31
2016/07/14,29.63,30.08,29.40,29.64,3119668,29.74
2016/07/15,29.63,30.08,29.40,29.64,0,29.74
2016/07/18,29.63,30.08,29.40,29.64,0,29.74
2016/07/19,29.63,30.08,29.40,29.64,0,29.74
2016/07/20,29.63,30.08,29.40,29.64,0,29.74
2016/07/21,29.63,30.08,29.40,29.64,0,29.74
2016/07/22,29.63,30.08,29.40,29.64,0,29.74
2016/07/25,29.63,30.08,29.40,29.64,0,29.74
2016/07/26,32.52,32.52,29.72,31.46,9865900,31.12
2016/07/27,31.08,32.52,28.58,29.85,11069700,30.55
2016/07/28,29.33,29.69,28.59,28.89,5271800,29.14
2016/07/29,28.80,29.31,27.71,28.65,4312269,28.51
2016/08/01,28.43,28.59,27.26,27.60,2833708,27.93
2016/08/02,27.54,28.40,27.42,28.35,2267443,27.91
2016/08/03,28.61,28.61,27.87,28.32,1317012,28.24
2016/08/04,28.32,28.56,27.99,28.34,1608811,28.27
2016/08/05,28.43,28.77,28.29,28.53,1687022,28.53
2016/08/08,28.37,28.76,27.92,28.71,2512779,28.34
