Date, SZ002580.Open, SZ002580.High, SZ002580.Low, SZ002580.Close, SZ002580.Volume, SZ002580.Adjusted
2011/05/06,23.31,24.65,23.20,23.51,3918956,23.91
2011/05/09,23.25,25.86,23.00,25.86,3157982,24.93
2011/05/10,26.30,27.80,25.90,27.18,7362387,26.57
2011/05/11,26.41,27.38,26.15,26.79,4296328,26.63
2011/05/12,26.37,27.92,26.01,26.87,4583742,27.21
2011/05/13,27.01,29.56,26.52,29.56,6032700,28.31
2011/05/16,29.47,29.78,28.24,28.53,4988318,28.95
2011/05/17,28.30,29.21,27.22,27.98,4328778,28.36
2011/05/18,27.55,27.79,26.53,26.86,3208434,26.96
2011/05/19,26.99,27.46,26.60,27.35,2388697,27.03
2011/05/20,26.99,26.99,25.80,26.06,2946708,26.23
2011/05/23,25.75,26.50,25.08,25.46,2058629,25.70
2011/05/24,25.76,26.47,25.22,25.76,2087686,25.89
2011/05/25,25.70,25.70,24.08,24.24,2740895,24.63
2011/05/26,24.24,24.58,23.45,23.63,1930578,23.99
2011/05/27,23.50,23.76,22.60,23.15,1364303,23.08
2011/05/30,22.97,23.70,22.73,23.08,1107447,23.25
2011/05/31,23.15,23.79,23.15,23.69,1293199,23.51
2011/06/01,23.70,24.79,23.60,24.50,2419059,24.37
2011/06/02,24.26,24.26,23.15,23.49,1740942,23.71
2011/06/03,23.30,24.05,23.25,23.80,1194473,23.72
2011/06/07,23.51,23.80,23.40,23.69,924990,23.60
2011/06/08,23.75,23.84,22.98,23.25,1316203,23.28
2011/06/09,23.26,23.26,21.80,21.81,1879020,22.45
2011/06/10,21.67,21.79,21.08,21.50,1132028,21.31
2011/06/13,21.08,21.97,21.08,21.86,943318,21.70
2011/06/14,21.86,22.60,21.62,22.26,946802,22.15
2011/06/15,22.09,22.65,21.88,21.95,633835,22.27
2011/06/16,21.83,21.94,21.49,21.76,526739,21.65
2011/06/17,21.69,21.95,21.47,21.48,525695,21.70
2011/06/20,21.30,21.49,21.01,21.31,385498,21.18
2011/06/21,21.33,22.30,21.30,22.15,1030640,21.97
2011/06/22,22.15,22.24,21.71,22.10,681997,21.97
2011/06/23,22.19,23.30,21.85,23.01,1528639,22.75
2011/06/24,22.80,23.50,22.70,23.18,1291533,23.14
2011/06/27,23.19,23.61,23.02,23.29,1108299,23.34
2011/06/28,23.31,23.45,22.80,23.15,638110,23.02
2011/06/29,23.02,23.35,22.71,22.76,750468,22.98
2011/06/30,22.76,23.44,22.60,23.27,767666,23.14
2011/07/01,23.32,25.60,23.30,25.16,2844592,24.69
2011/07/04,26.55,26.97,25.60,26.46,3810672,26.26
2011/07/05,26.46,26.47,25.51,25.82,3225690,25.89
2011/07/06,25.55,26.45,25.25,26.27,2156623,25.91
2011/07/07,26.08,27.47,26.08,26.49,2612670,26.69
2011/07/08,26.45,26.45,25.21,25.57,1791411,25.56
2011/07/11,25.50,25.91,25.17,25.50,936405,25.63
2011/07/12,25.17,26.08,25.08,25.53,1277689,25.72
2011/07/13,25.70,26.49,25.36,26.24,1702807,26.03
2011/07/14,26.30,28.86,26.29,28.32,4817710,28.31
2011/07/15,28.07,28.82,27.71,27.92,2858430,28.18
2011/07/18,28.15,29.20,28.00,28.50,2929385,28.59
2011/07/19,28.00,31.21,27.83,30.21,4559813,29.52
2011/07/20,29.93,30.23,28.85,29.30,2492604,29.45
2011/07/21,29.00,30.32,28.66,28.71,2082625,29.65
2011/07/22,28.68,29.93,28.00,29.37,1825943,29.00
2011/07/25,28.82,28.99,26.43,26.54,2619426,27.77
2011/07/26,26.01,27.42,26.01,27.25,1596154,26.95
2011/07/27,27.15,29.46,26.50,28.79,1629695,28.57
2011/07/28,28.10,28.48,27.37,28.26,1258958,27.95
2011/07/29,27.60,28.15,27.60,27.82,989830,27.84
2011/08/01,27.82,28.49,27.18,28.32,1116952,27.98
2011/08/02,28.00,29.00,27.04,28.84,1592460,28.08
2011/08/03,28.45,28.82,27.69,28.72,1092860,28.44
2011/08/04,28.70,29.45,28.40,28.50,1060300,28.94
2011/08/05,27.13,27.75,27.13,27.22,1412254,27.39
2011/08/08,27.12,27.49,25.00,25.55,1436603,26.17
2011/08/09,24.62,25.77,23.61,25.01,1288984,24.71
2011/08/10,25.55,26.40,25.18,25.90,1739632,25.78
2011/08/11,25.31,26.16,24.80,25.88,1571720,25.72
2011/08/12,25.98,26.73,25.98,26.40,1306035,26.37
2011/08/15,26.86,28.17,26.86,27.56,2189783,27.54
2011/08/16,27.26,27.82,27.12,27.35,1223666,27.34
2011/08/17,27.18,28.46,27.18,28.05,1665053,27.91
2011/08/18,27.85,27.99,27.08,27.11,1118657,27.59
2011/08/19,26.36,26.92,26.20,26.68,879740,26.52
2011/08/22,26.64,27.51,26.63,26.90,719857,27.16
2011/08/23,27.00,28.30,26.80,28.29,1305474,27.63
2011/08/24,28.30,28.88,28.06,28.30,1954705,28.47
2011/08/25,28.25,28.65,27.78,28.40,1254115,28.27
2011/08/26,28.38,29.00,28.38,28.71,1360816,28.72
2011/08/29,28.60,28.90,28.41,28.50,1082297,28.61
2011/08/30,28.60,28.85,27.42,27.42,1176407,28.25
2011/08/31,27.55,27.65,26.52,26.75,1365020,27.00
2011/09/01,26.76,27.10,26.58,26.75,692919,26.85
2011/09/02,26.90,27.60,26.60,27.08,903573,27.20
2011/09/05,26.46,27.50,26.46,26.84,726440,26.82
2011/09/06,26.78,26.84,25.40,25.88,960087,26.23
2011/09/07,26.10,26.78,25.90,26.62,719156,26.42
2011/09/08,26.63,26.80,25.85,25.93,591066,26.34
2011/09/09,25.90,26.46,25.48,25.48,520890,25.80
2011/09/13,25.03,25.25,24.74,24.98,524408,24.99
2011/09/14,25.19,25.47,24.70,25.28,641642,25.06
2011/09/15,25.50,26.15,25.45,25.71,1286004,25.89
2011/09/16,25.60,25.80,25.06,25.09,819839,25.36
2011/09/19,25.10,25.10,23.90,23.97,672886,24.20
2011/09/20,23.90,24.19,23.71,24.00,446651,23.90
2011/09/21,23.92,25.42,23.91,24.94,915536,24.64
2011/09/22,24.80,25.00,24.00,24.00,655719,24.51
2011/09/23,23.78,24.10,23.40,24.05,418526,23.78
2011/09/26,24.06,24.40,23.68,23.79,493112,23.96
2011/09/27,23.90,24.18,23.59,24.00,413911,23.96
2011/09/28,24.17,24.35,23.71,23.71,311520,24.08
2011/09/29,23.71,23.78,22.46,22.59,523155,22.84
2011/09/30,22.99,23.11,21.90,22.40,456955,22.19
2011/10/10,22.50,22.67,22.00,22.10,443971,22.22
2011/10/11,22.80,22.80,21.38,21.56,943485,22.21
2011/10/12,21.08,22.49,21.02,22.35,828238,21.90
2011/10/13,22.25,23.40,22.11,22.93,1528057,22.86
2011/10/14,22.79,22.79,22.35,22.77,622656,22.61
2011/10/17,22.71,23.39,22.53,23.30,969495,23.14
2011/10/18,23.06,23.58,22.72,22.96,1015347,23.08
2011/10/19,22.96,23.30,22.31,22.31,576148,22.73
2011/10/20,22.19,22.22,21.23,21.68,607898,21.75
2011/10/21,21.75,22.00,21.32,21.94,483103,21.60
2011/10/24,21.70,22.68,21.26,22.65,947434,21.99
2011/10/25,22.47,23.38,22.35,23.27,1159921,22.92
2011/10/26,23.00,23.70,22.91,23.22,1360435,23.32
2011/10/27,23.11,25.38,23.11,23.95,2160963,24.15
2011/10/28,24.32,24.80,23.91,24.45,1739785,24.24
2011/10/31,24.50,25.40,24.49,24.81,2155687,24.93
2011/11/01,24.50,25.60,24.19,25.06,2444562,24.81
2011/11/02,24.36,25.31,24.10,25.10,2693940,24.57
2011/11/03,25.18,25.97,24.68,24.70,2594548,25.26
2011/11/04,24.73,25.48,24.43,25.05,1940850,24.88
2011/11/07,25.02,25.40,24.90,25.03,1043905,25.15
2011/11/08,25.05,25.28,24.48,24.60,1016793,24.82
2011/11/09,24.70,25.60,24.50,25.56,1555223,25.07
2011/11/10,25.29,26.08,25.19,25.30,2033761,25.65
2011/11/11,25.40,25.87,25.27,25.50,1477010,25.58
2011/11/14,25.90,27.16,25.90,26.71,2456226,26.57
2011/11/15,26.53,26.78,26.25,26.56,1208444,26.47
2011/11/16,26.56,26.70,25.41,25.43,1540652,25.91
2011/11/17,25.55,26.01,25.20,25.68,1273832,25.63
2011/11/18,25.38,25.45,24.54,24.66,1116945,24.94
2011/11/21,24.66,25.10,24.35,24.99,648929,24.79
2011/11/22,24.80,25.38,24.53,25.37,821480,25.05
2011/11/23,25.38,25.75,25.23,25.33,1161099,25.49
2011/11/24,25.00,25.46,24.68,25.15,745987,25.04
2011/11/25,24.99,26.18,24.80,26.03,2095140,25.73
2011/11/28,25.98,26.29,25.52,25.80,1138352,25.81
2011/11/29,26.08,26.59,25.82,26.56,2059153,26.24
2011/11/30,26.39,26.48,24.22,24.71,1905210,25.44
2011/12/01,25.60,26.05,25.15,25.20,1499609,25.61
2011/12/02,25.20,25.20,24.23,24.30,1071097,24.61
2011/12/05,23.95,24.25,22.90,22.96,864207,23.49
2011/12/06,22.95,23.60,22.95,23.33,532891,23.33
2011/12/07,23.30,23.62,23.03,23.48,338602,23.44
2011/12/08,23.36,23.85,22.76,23.67,764259,23.43
2011/12/09,23.47,23.97,23.42,23.67,487851,23.64
2011/12/12,23.67,24.20,23.57,23.80,679824,23.91
2011/12/13,23.30,23.69,22.96,22.96,778073,23.22
2011/12/14,22.81,23.40,22.32,22.40,638588,22.74
2011/12/15,22.30,22.73,22.06,22.24,670761,22.54
2011/12/16,22.26,23.40,22.26,23.36,823826,22.86
2011/12/19,23.06,23.75,22.72,23.75,1041958,23.15
2011/12/20,23.46,23.92,23.18,23.28,727060,23.54
2011/12/21,23.53,23.70,22.24,22.36,722789,23.19
2011/12/22,22.00,22.30,21.08,21.92,885325,21.55
2011/12/23,21.80,22.45,21.61,22.06,492058,22.08
2011/12/26,22.09,22.22,21.52,21.52,368293,21.88
2011/12/27,22.09,22.22,21.52,21.52,0,21.87
2011/12/28,19.55,20.20,19.38,19.98,791703,19.76
2011/12/29,19.60,20.19,19.41,20.11,304917,20.02
2011/12/30,20.23,20.44,20.02,20.25,311736,20.29
2012/01/04,20.30,20.67,19.46,19.51,455800,20.05
2012/01/05,19.50,19.55,18.05,18.20,545822,18.65
2012/01/06,18.20,18.45,17.30,18.31,445411,17.86
2012/01/09,18.31,19.19,17.85,19.12,703197,18.79
2012/01/10,19.10,20.00,19.01,19.85,694491,19.62
2012/01/11,19.90,20.38,19.65,19.97,668967,20.05
2012/01/12,19.95,20.25,19.72,19.80,378145,19.96
2012/01/13,19.75,19.85,18.31,18.60,668344,18.92
2012/01/16,18.39,18.57,17.61,17.65,272789,18.14
2012/01/17,17.64,19.20,17.55,19.01,493990,18.42
2012/01/18,19.14,20.29,18.54,18.70,874636,19.37
2012/01/19,18.00,19.15,17.80,18.92,671251,18.58
2012/01/20,18.80,19.23,18.80,18.99,434971,19.03
2012/01/30,18.99,19.25,18.91,18.93,309988,19.07
2012/01/31,18.91,19.39,18.85,19.28,552705,19.19
2012/02/01,19.30,19.48,18.95,19.10,398100,19.25
2012/02/02,19.35,19.43,18.91,19.37,435830,19.19
2012/02/03,19.21,19.88,19.21,19.70,648313,19.61
2012/02/06,19.80,19.85,19.50,19.71,518364,19.70
2012/02/07,19.55,19.62,18.99,19.11,513050,19.24
2012/02/08,19.19,19.69,18.92,19.61,614086,19.41
2012/02/09,19.48,20.00,19.48,19.80,748852,19.84
2012/02/10,19.81,20.08,19.70,20.06,707725,19.92
2012/02/13,19.82,20.46,19.75,20.35,832425,20.22
2012/02/14,20.42,20.42,20.08,20.28,500874,20.22
2012/02/15,20.25,20.83,20.00,20.81,892628,20.48
2012/02/16,20.59,21.11,20.35,20.95,753787,20.75
2012/02/17,20.92,21.50,20.63,20.90,849619,21.04
2012/02/20,21.11,21.27,20.72,20.80,641057,20.92
2012/02/21,20.70,21.15,20.61,21.08,829488,20.90
2012/02/22,21.02,21.60,21.01,21.56,1009653,21.39
2012/02/23,21.59,21.86,21.30,21.52,836756,21.57
2012/02/24,21.45,21.80,21.45,21.75,746080,21.65
2012/02/27,21.80,22.19,21.58,21.60,1037028,21.89
2012/02/28,21.60,21.68,20.96,21.10,787711,21.22
2012/02/29,21.03,21.29,20.86,20.91,480793,21.05
2012/03/01,20.98,22.10,20.82,22.10,1318760,21.61
2012/03/02,22.12,22.78,21.91,22.65,1664738,22.35
2012/03/05,22.42,22.78,22.42,22.60,917741,22.61
2012/03/06,22.58,23.18,22.00,22.82,1286792,22.85
2012/03/07,22.60,22.97,21.92,21.93,1024881,22.40
2012/03/08,22.25,22.58,22.00,22.25,674435,22.27
2012/03/09,22.36,22.88,22.07,22.75,991886,22.45
2012/03/12,22.70,23.11,22.65,22.89,826303,22.91
2012/03/13,23.06,23.06,22.60,22.84,621707,22.79
2012/03/14,23.06,23.06,22.60,22.84,0,22.83
2012/03/15,23.06,23.06,22.60,22.84,0,22.83
2012/03/16,21.90,22.83,21.53,22.71,1493463,22.22
2012/03/19,22.52,22.95,22.13,22.95,1034477,22.56
2012/03/20,22.93,22.93,22.05,22.09,734409,22.41
2012/03/21,22.30,22.55,21.78,22.36,699683,22.24
2012/03/22,22.37,22.37,21.90,21.95,439581,22.13
2012/03/23,21.80,22.17,21.40,21.57,401586,21.75
2012/03/26,21.62,21.99,21.50,21.70,355827,21.72
2012/03/27,21.75,22.20,21.71,21.81,482779,21.92
2012/03/28,21.00,21.40,19.63,19.63,1278668,20.07
2012/03/29,19.20,19.45,18.73,18.88,759673,18.97
2012/03/30,18.88,18.99,18.63,18.88,379908,18.86
2012/04/05,18.98,19.35,18.73,19.30,562751,19.06
2012/04/06,19.18,19.42,19.01,19.25,439312,19.21
2012/04/09,19.23,19.23,18.88,18.91,329068,18.96
2012/04/10,18.86,18.86,18.09,18.75,500032,18.43
2012/04/11,18.55,18.85,18.38,18.82,418780,18.65
2012/04/12,18.83,19.34,18.73,19.25,539303,19.14
2012/04/13,19.30,19.48,19.21,19.45,590596,19.36
2012/04/16,19.34,19.54,19.16,19.28,458281,19.34
2012/04/17,19.30,19.30,18.91,18.92,349661,19.10
2012/04/18,18.93,19.47,18.86,19.36,447501,19.15
2012/04/19,19.45,19.97,19.43,19.62,763351,19.72
2012/04/20,19.45,19.97,19.43,19.62,0,19.70
2012/04/23,19.61,19.78,18.60,18.80,628868,19.18
2012/04/24,18.65,18.90,18.01,18.42,557095,18.44
2012/04/25,18.40,18.86,18.25,18.73,513517,18.58
2012/04/26,18.78,18.78,18.46,18.75,362557,18.64
2012/04/27,18.68,18.73,18.50,18.59,246931,18.61
2012/05/02,18.73,19.20,18.51,19.00,499898,18.85
2012/05/03,18.99,19.05,18.83,19.05,516911,18.92
2012/05/04,19.05,19.39,19.05,19.35,535160,19.26
2012/05/07,19.35,20.18,19.22,20.16,1071117,19.90
2012/05/08,20.10,20.14,19.67,20.12,739516,19.92
2012/05/09,19.94,19.94,19.62,19.84,480605,19.81
2012/05/10,19.79,20.18,19.77,19.85,651106,19.97
2012/05/11,19.79,19.83,19.13,19.15,661593,19.48
2012/05/14,19.34,19.36,19.02,19.05,493617,19.19
2012/05/15,18.81,19.23,18.74,19.20,500302,18.98
2012/05/16,19.18,19.20,18.83,18.90,284430,19.01
2012/05/17,18.92,19.18,18.88,19.11,371900,19.03
2012/05/18,18.91,19.64,18.78,19.11,757249,19.21
2012/05/21,18.90,19.13,18.70,18.71,480432,18.91
2012/05/22,18.78,19.02,18.77,18.90,371812,18.89
2012/05/23,18.81,18.84,18.04,18.39,836960,18.44
2012/05/24,18.38,20.09,18.11,19.32,1692674,19.10
2012/05/25,18.95,19.05,18.13,18.36,1173233,18.59
2012/05/28,18.28,18.34,17.48,18.24,613937,17.91
2012/05/29,18.04,18.71,18.04,18.57,593954,18.38
2012/05/30,18.57,19.68,18.46,19.44,1446460,19.07
2012/05/31,19.33,20.03,19.08,19.72,1888468,19.55
2012/06/01,19.61,19.64,19.08,19.27,983924,19.36
2012/06/04,19.01,19.05,18.42,18.59,907854,18.74
2012/06/05,18.59,18.77,18.22,18.48,539334,18.49
2012/06/06,18.56,18.78,18.41,18.55,366619,18.60
2012/06/07,18.73,18.77,18.24,18.42,353740,18.50
2012/06/08,18.63,19.02,18.29,18.77,843517,18.65
2012/06/11,18.73,19.26,18.52,19.22,931731,18.89
2012/06/12,19.19,19.47,19.05,19.26,1170858,19.26
2012/06/13,19.20,19.75,19.19,19.51,1725614,19.47
2012/06/14,19.33,19.65,18.97,19.01,1124719,19.31
2012/06/15,19.05,19.44,18.92,19.43,1124896,19.18
2012/06/18,19.47,19.68,19.33,19.54,1128583,19.50
2012/06/19,19.48,19.50,19.23,19.27,515534,19.37
2012/06/20,19.30,19.58,19.25,19.50,1172376,19.41
2012/06/21,19.30,19.58,19.25,19.50,0,19.41
2012/06/25,18.98,19.15,18.24,18.29,891401,18.69
2012/06/26,17.93,20.11,17.93,20.11,2442272,19.02
2012/06/27,21.15,22.10,20.55,20.74,7737930,21.33
2012/06/28,20.46,22.24,20.46,21.08,6061243,21.35
2012/06/29,20.39,21.00,19.61,20.93,4189871,20.30
2012/07/02,20.79,21.64,20.35,21.56,3903241,21.00
2012/07/03,21.29,21.65,21.02,21.16,3328131,21.33
2012/07/04,21.19,21.54,20.88,21.50,2718747,21.21
2012/07/05,21.21,21.37,20.16,20.21,2381252,20.77
2012/07/06,20.31,20.93,20.21,20.80,1728248,20.57
2012/07/09,20.59,20.79,19.95,19.96,1516701,20.37
2012/07/10,20.18,20.18,18.03,18.35,2226536,19.11
2012/07/11,18.15,18.62,18.15,18.48,1220426,18.38
2012/07/12,18.38,18.69,17.05,18.55,2666870,17.87
2012/07/13,18.15,18.32,17.58,17.65,1777804,17.95
2012/07/16,17.27,17.41,16.39,16.50,1539606,16.90
2012/07/17,16.39,16.84,16.25,16.73,715911,16.54
2012/07/18,16.59,17.12,16.42,17.03,842683,16.77
2012/07/19,16.96,17.41,16.85,17.02,1065621,17.13
2012/07/20,16.96,17.41,16.96,17.09,740410,17.19
2012/07/23,16.95,17.08,16.46,16.85,725296,16.77
2012/07/24,16.78,17.12,16.60,16.98,641171,16.86
2012/07/25,16.94,17.43,16.81,17.12,780865,17.12
2012/07/26,17.26,17.40,17.06,17.17,772907,17.23
2012/07/27,17.27,17.29,16.67,16.94,763767,16.98
2012/07/30,17.06,17.08,16.35,16.47,505569,16.71
2012/07/31,16.47,16.77,16.15,16.56,486814,16.46
2012/08/01,16.31,17.23,16.31,16.95,790201,16.77
2012/08/02,16.89,16.95,16.47,16.64,547951,16.71
2012/08/03,16.64,17.06,16.59,17.05,656676,16.82
2012/08/06,16.94,17.69,16.84,17.59,1392713,17.27
2012/08/07,17.51,17.82,17.31,17.78,1374913,17.56
2012/08/08,17.65,17.86,17.37,17.50,838600,17.62
2012/08/09,17.55,18.28,17.44,18.07,1545115,17.86
2012/08/10,17.97,18.38,17.65,18.03,1214980,18.01
2012/08/13,18.01,18.15,17.40,17.48,897744,17.77
2012/08/14,17.48,17.71,17.01,17.58,651891,17.36
2012/08/15,17.52,17.72,17.36,17.37,521248,17.54
2012/08/16,17.26,17.37,17.03,17.13,569001,17.20
2012/08/17,17.09,17.24,17.02,17.23,349885,17.13
2012/08/20,17.12,17.47,16.95,17.34,407025,17.21
2012/08/21,17.33,17.83,17.23,17.71,934492,17.53
2012/08/22,17.82,18.01,17.43,17.50,631233,17.72
2012/08/23,17.48,17.90,17.37,17.83,827239,17.63
2012/08/24,17.75,17.76,17.33,17.33,786175,17.54
2012/08/27,16.98,17.33,16.91,16.92,646979,17.12
2012/08/28,16.88,17.13,16.64,16.94,450067,16.88
2012/08/29,16.92,17.30,16.85,17.09,602702,17.08
2012/08/30,16.98,17.65,16.50,16.73,637126,17.07
2012/08/31,16.64,16.96,16.61,16.84,307304,16.79
2012/09/03,16.66,17.93,16.61,17.59,1162958,17.27
2012/09/04,17.48,17.59,17.17,17.26,646180,17.38
2012/09/05,17.33,17.87,17.16,17.65,1133824,17.52
2012/09/06,17.80,18.22,17.59,17.99,1758999,17.90
2012/09/07,18.00,18.56,18.00,18.41,2347267,18.28
2012/09/10,18.91,18.91,18.22,18.38,1510686,18.56
2012/09/11,18.21,18.87,18.08,18.87,1876182,18.47
2012/09/12,18.87,19.04,18.50,18.83,1627441,18.77
2012/09/13,18.70,18.84,18.20,18.24,1049948,18.52
2012/09/14,18.35,19.72,18.14,18.70,2138273,18.93
2012/09/17,18.49,18.77,17.90,18.01,1294958,18.33
2012/09/18,17.82,18.21,17.78,17.92,568671,18.00
2012/09/19,18.06,18.11,17.82,18.01,434344,17.96
2012/09/20,17.87,18.04,17.22,17.27,651279,17.63
2012/09/21,17.24,17.38,16.95,16.98,627867,17.16
2012/09/24,16.70,17.15,16.68,17.02,310060,16.91
2012/09/25,16.91,17.12,16.84,17.02,236682,16.98
2012/09/26,17.03,17.03,16.05,16.25,1194839,16.54
2012/09/27,16.28,16.71,16.01,16.56,556190,16.36
2012/09/28,16.50,17.24,16.46,17.22,782233,16.85
2012/10/08,17.22,17.22,16.96,17.01,264131,17.09
2012/10/09,17.06,17.51,17.06,17.51,591173,17.29
2012/10/10,17.43,17.86,17.38,17.82,534226,17.62
2012/10/11,17.92,17.92,17.38,17.44,613153,17.65
2012/10/12,17.58,17.75,17.26,17.73,675478,17.51
2012/10/15,17.72,17.78,17.17,17.34,450484,17.48
2012/10/16,17.37,18.08,17.36,17.65,847792,17.72
2012/10/17,17.65,17.93,17.51,17.80,545750,17.72
2012/10/18,17.93,18.62,17.93,18.28,1404832,18.28
2012/10/19,18.22,18.22,17.89,18.00,792867,18.05
2012/10/22,17.94,18.32,17.93,18.17,743266,18.13
2012/10/23,18.13,18.20,17.58,17.65,744320,17.89
2012/10/24,17.61,17.90,17.45,17.83,524728,17.67
2012/10/25,17.83,17.93,17.62,17.64,391324,17.78
2012/10/26,17.64,17.80,17.17,17.51,550612,17.49
2012/10/29,17.51,18.91,17.50,18.24,2430935,18.21
2012/10/30,18.25,18.70,18.00,18.42,1230924,18.35
2012/10/31,18.31,18.45,18.03,18.36,751584,18.24
2012/11/01,18.41,19.39,18.35,19.05,2333762,18.87
2012/11/02,18.98,19.19,18.76,19.04,1075276,18.98
2012/11/05,18.81,19.19,18.45,18.81,890025,18.82
2012/11/06,18.84,19.47,18.45,19.41,1614805,18.96
2012/11/07,19.26,19.55,19.08,19.11,1313091,19.31
2012/11/08,19.05,20.42,18.39,18.49,2171428,19.41
2012/11/09,18.27,18.69,18.21,18.55,1049272,18.45
2012/11/12,18.52,18.71,18.29,18.49,707671,18.50
2012/11/13,18.76,18.76,17.54,17.62,992930,18.15
2012/11/14,17.37,17.79,17.10,17.50,633514,17.45
2012/11/15,17.37,17.45,16.88,16.94,623794,17.16
2012/11/16,16.84,17.17,16.84,17.08,392739,17.01
2012/11/19,17.06,17.73,17.06,17.58,605787,17.39
2012/11/20,17.72,17.72,17.38,17.55,358396,17.55
2012/11/21,17.55,17.97,17.36,17.89,663940,17.66
2012/11/22,17.89,18.01,17.62,17.86,399890,17.82
2012/11/23,17.78,17.93,17.62,17.83,567767,17.78
2012/11/26,18.35,18.35,17.73,17.86,300369,18.04
2012/11/27,18.21,18.21,16.84,16.89,498879,17.53
2012/11/28,16.89,17.22,16.61,16.61,367589,16.91
2012/11/29,16.67,16.96,16.35,16.38,286711,16.66
2012/11/30,16.59,16.68,16.42,16.54,271599,16.55
2012/12/03,16.53,16.64,16.25,16.26,291298,16.45
2012/12/04,16.12,16.46,15.70,16.36,614215,16.08
2012/12/05,16.38,17.08,16.11,16.84,760945,16.59
2012/12/06,16.81,17.02,16.74,16.85,351961,16.88
2012/12/07,16.95,17.44,16.74,17.34,569812,17.09
2012/12/10,17.34,17.51,17.12,17.44,756093,17.32
2012/12/11,17.57,17.57,17.16,17.19,613897,17.37
2012/12/12,17.38,17.43,16.82,16.99,632303,17.13
2012/12/13,17.09,18.06,16.88,17.43,2305795,17.47
2012/12/14,17.20,18.01,17.06,17.96,2742871,17.54
2012/12/17,17.93,18.60,17.71,18.08,2581472,18.16
2012/12/18,17.97,18.20,17.65,17.83,1467055,17.92
2012/12/19,17.79,18.28,17.64,18.21,1652678,17.96
2012/12/20,18.17,18.45,18.04,18.25,1605337,18.24
2012/12/21,18.35,18.69,17.99,18.21,2147330,18.34
2012/12/24,18.01,18.35,17.92,18.20,1231684,18.14
2012/12/25,18.35,18.74,18.22,18.70,1837180,18.48
2012/12/26,18.91,18.92,18.63,18.80,1606737,18.78
2012/12/27,18.92,19.04,18.29,18.32,2038072,18.66
2012/12/28,18.42,18.52,18.08,18.41,1379009,18.30
2012/12/31,18.50,18.53,18.18,18.35,1301931,18.36
2013/01/04,18.45,18.88,18.31,18.59,2035416,18.59
2013/01/07,18.56,18.76,18.28,18.69,1824039,18.52
2013/01/08,18.73,19.23,18.56,19.04,2370925,18.89
2013/01/09,18.95,19.12,18.64,18.87,1713469,18.88
2013/01/10,18.77,19.16,18.74,19.09,1710598,18.95
2013/01/11,19.05,19.26,18.66,18.70,1715281,18.96
2013/01/14,18.43,19.37,18.43,19.33,2163707,18.90
2013/01/15,19.36,19.79,19.27,19.54,1936338,19.53
2013/01/16,19.54,20.03,19.01,19.25,2270636,19.52
2013/01/17,19.11,19.27,18.73,18.88,1864388,19.00
2013/01/18,18.99,19.41,18.83,19.32,1705976,19.12
2013/01/21,19.36,19.43,19.12,19.27,1547598,19.28
2013/01/22,19.29,19.37,18.64,18.71,1595625,19.01
2013/01/23,18.63,18.73,18.25,18.57,1143306,18.49
2013/01/24,18.70,18.91,17.93,18.08,1551691,18.42
2013/01/25,18.14,18.39,17.96,18.20,841905,18.18
2013/01/28,18.29,18.67,18.20,18.63,757121,18.44
2013/01/29,18.66,19.02,18.56,18.81,1270674,18.79
2013/01/30,18.84,18.95,18.57,18.81,1048454,18.76
2013/01/31,18.77,18.88,18.50,18.67,548813,18.69
2013/02/01,18.55,18.84,18.55,18.77,788560,18.70
2013/02/04,19.30,19.33,18.77,18.83,1511506,19.05
2013/02/05,18.80,18.81,18.49,18.77,902152,18.65
2013/02/06,18.77,19.12,18.76,18.92,992451,18.94
2013/02/07,18.92,19.05,18.70,19.02,866724,18.88
2013/02/08,19.04,19.47,18.97,19.36,1541450,19.22
2013/02/18,19.40,19.65,19.16,19.58,1634214,19.40
2013/02/19,19.41,19.55,19.11,19.20,1114710,19.33
2013/02/20,19.19,19.83,19.12,19.75,1855183,19.47
2013/02/21,19.61,20.02,19.30,19.76,2882726,19.66
2013/02/22,19.90,19.90,19.34,19.34,1248116,19.62
2013/02/25,19.40,19.88,19.40,19.79,1423533,19.64
2013/02/26,19.62,19.78,19.06,19.23,1715644,19.42
2013/02/27,19.09,19.44,19.09,19.29,887396,19.27
2013/02/28,19.41,19.83,19.20,19.68,1770523,19.51
2013/03/01,19.74,20.16,19.57,20.14,2183886,19.87
2013/03/04,19.96,20.14,19.43,19.61,1756834,19.79
2013/03/05,19.61,20.49,19.55,20.35,2342123,20.02
2013/03/06,20.45,20.84,20.17,20.28,2588486,20.51
2013/03/07,20.44,20.46,19.78,19.82,1725617,20.12
2013/03/08,19.85,20.14,19.60,19.64,1025925,19.87
2013/03/11,19.61,19.86,19.58,19.72,857722,19.72
2013/03/12,19.88,20.24,18.84,19.09,1753704,19.54
2013/03/13,19.11,19.19,18.84,18.88,871254,19.02
2013/03/14,18.88,19.32,18.84,18.99,858643,19.08
2013/03/15,18.99,19.67,18.88,19.34,1460782,19.28
2013/03/18,19.34,19.44,18.78,18.94,787215,19.11
2013/03/19,19.05,19.05,17.93,18.57,974047,18.49
2013/03/20,18.57,19.25,18.56,19.22,900875,18.90
2013/03/21,19.22,19.82,19.11,19.69,1497362,19.46
2013/03/22,19.54,20.14,19.47,19.89,1419441,19.80
2013/03/25,19.92,20.16,19.57,19.75,1083806,19.87
2013/03/26,19.75,20.17,19.19,20.13,1587825,19.68
2013/03/27,20.13,20.24,19.82,19.97,1361340,20.03
2013/03/28,19.30,19.30,18.66,18.73,1479859,18.98
2013/03/29,18.81,19.13,18.69,18.99,792518,18.91
2013/04/01,18.97,19.25,18.92,19.02,654583,19.09
2013/04/02,19.02,19.18,18.46,18.57,891135,18.82
2013/04/03,18.73,18.76,18.28,18.31,563137,18.52
2013/04/08,18.07,18.10,17.59,18.04,607824,17.85
2013/04/09,17.96,18.29,17.94,18.15,526688,18.12
2013/04/10,18.18,18.18,17.68,17.79,723211,17.93
2013/04/11,17.93,17.94,17.76,17.82,399401,17.85
2013/04/12,17.79,17.92,17.68,17.72,313670,17.80
2013/04/15,17.65,17.80,17.38,17.45,288958,17.59
2013/04/16,17.29,17.76,17.27,17.71,343715,17.52
2013/04/17,17.76,17.89,17.69,17.86,409865,17.79
2013/04/18,17.80,18.13,17.75,18.07,384478,17.94
2013/04/19,18.14,18.34,17.86,18.22,594871,18.10
2013/04/22,18.14,18.25,17.99,18.10,610128,18.12
2013/04/23,17.96,18.06,17.48,17.65,600801,17.77
2013/04/24,17.78,18.17,17.58,18.15,647468,17.88
2013/04/25,18.00,18.25,17.85,17.90,605982,18.05
2013/04/26,18.03,18.03,17.24,17.26,444246,17.63
2013/05/02,17.26,17.51,17.23,17.36,350823,17.37
2013/05/03,17.51,18.83,17.50,18.21,1119683,18.16
2013/05/06,18.18,18.88,18.14,18.60,1221916,18.51
2013/05/07,18.62,18.91,18.42,18.70,687791,18.67
2013/05/08,18.71,18.94,18.49,18.91,1174225,18.71
2013/05/09,18.90,19.55,18.76,19.39,2487693,19.16
2013/05/10,19.26,19.68,19.02,19.40,1544272,19.35
2013/05/13,19.37,19.37,19.02,19.20,1099030,19.20
2013/05/14,19.16,19.27,18.91,19.09,966800,19.09
2013/05/15,19.16,19.53,18.99,19.44,1093422,19.26
2013/05/16,19.44,19.96,19.29,19.33,1919573,19.63
2013/05/17,19.18,19.71,19.18,19.58,1523195,19.45
2013/05/20,19.69,20.10,19.62,20.02,1751480,19.86
2013/05/21,20.09,20.17,19.72,20.04,1485300,19.95
2013/05/22,20.04,20.14,19.58,19.61,1510309,19.86
2013/05/23,19.50,21.35,19.50,20.03,2127376,20.43
2013/05/24,19.83,20.86,19.83,20.55,3294731,20.34
2013/05/27,20.69,20.84,20.42,20.74,2390310,20.63
2013/05/28,20.73,20.80,20.11,20.35,1614703,20.46
2013/05/29,20.31,22.05,20.31,21.36,4018315,21.18
2013/05/30,21.22,21.42,20.98,21.19,2052057,21.20
2013/05/31,21.16,21.39,20.87,21.23,1823867,21.13
2013/06/03,21.15,21.33,20.48,20.59,1870787,20.90
2013/06/04,20.46,20.56,19.68,19.78,1793663,20.12
2013/06/05,19.68,20.20,19.68,20.04,1006736,19.94
2013/06/06,19.75,20.06,19.51,19.79,1008006,19.79
2013/06/07,19.79,20.06,19.36,20.02,1098106,19.71
2013/06/13,20.02,21.11,19.69,20.74,3741625,20.40
2013/06/14,19.86,21.42,19.19,21.29,6621972,20.31
2013/06/17,21.22,21.65,20.73,21.56,4502023,21.19
2013/06/18,21.43,21.64,20.90,21.11,3039246,21.27
2013/06/19,21.22,21.33,20.63,21.23,2218457,20.98
2013/06/20,21.14,21.14,19.85,19.85,1834987,20.50
2013/06/21,19.33,19.79,18.81,19.68,2279975,19.30
2013/06/24,19.85,19.85,18.27,18.77,1475664,19.06
2013/06/25,18.36,18.70,16.92,18.42,1602639,17.81
2013/06/26,18.22,19.39,18.01,19.25,1433207,18.70
2013/06/27,19.09,19.71,18.60,18.60,1211646,19.16
2013/06/28,18.56,20.25,18.21,19.61,1692947,19.23
2013/07/01,19.68,20.59,19.20,20.53,3621013,19.89
2013/07/02,20.07,20.81,19.78,20.18,3152570,20.29
2013/07/03,20.06,20.63,19.40,20.31,2151297,20.01
2013/07/04,20.16,22.03,20.04,21.12,4977481,21.04
2013/07/05,21.08,21.36,20.45,20.48,2791458,20.90
2013/07/08,20.25,21.01,18.91,19.86,2565678,19.96
2013/07/09,19.61,19.85,19.02,19.47,1480096,19.44
2013/07/10,19.57,20.28,19.19,20.06,2036436,19.74
2013/07/11,20.10,20.56,19.75,20.38,1965183,20.15
2013/07/12,20.14,20.77,20.14,20.42,2292074,20.46
2013/07/15,20.56,20.90,20.25,20.87,2786492,20.57
2013/07/16,20.73,20.80,20.23,20.63,3327002,20.52
2013/07/17,20.56,20.94,20.37,20.94,3000245,20.66
2013/07/18,20.94,22.52,20.83,21.78,6727930,21.67
2013/07/19,21.57,21.77,20.80,20.87,3776535,21.29
2013/07/22,20.55,22.00,20.27,21.99,3907395,21.13
2013/07/23,22.10,22.34,21.60,21.99,4480195,21.97
2013/07/24,21.85,22.91,21.72,22.41,3786468,22.31
2013/07/25,22.27,22.27,20.91,20.94,3624667,21.59
2013/07/26,20.76,21.78,20.52,21.49,2136629,21.15
2013/07/29,21.29,21.64,20.87,21.02,1769886,21.26
2013/07/30,20.94,21.22,20.31,20.81,1678403,20.76
2013/07/31,20.80,21.08,20.59,20.60,1242278,20.83
2013/08/01,20.69,21.58,20.63,21.43,2137499,21.10
2013/08/02,21.46,21.99,21.29,21.61,2745013,21.64
2013/08/05,21.64,22.49,21.54,22.03,2121592,22.01
2013/08/06,22.27,22.83,22.13,22.62,3376586,22.48
2013/08/07,22.51,22.51,21.43,21.64,3849621,21.97
2013/08/08,21.64,22.41,21.43,22.34,3078401,21.92
2013/08/09,22.33,22.48,21.64,21.91,2414589,22.06
2013/08/12,22.07,22.13,21.56,21.91,2078912,21.84
2013/08/13,21.96,23.08,21.67,22.83,4220550,22.38
2013/08/14,22.69,23.31,22.51,23.10,3855779,22.91
2013/08/15,23.24,23.24,22.28,22.45,3022639,22.76
2013/08/16,22.27,22.68,21.12,21.33,2752145,21.90
2013/08/19,21.22,22.05,21.08,21.91,1333226,21.56
2013/08/20,21.82,22.13,21.53,21.71,1492538,21.83
2013/08/21,21.60,22.07,21.36,22.07,1311262,21.71
2013/08/22,21.99,22.48,21.85,22.27,1666796,22.17
2013/08/23,22.26,22.63,21.39,21.81,2092427,22.01
2013/08/26,21.82,22.10,21.43,22.03,2024485,21.77
2013/08/27,21.79,21.91,21.54,21.75,1416361,21.72
2013/08/28,21.56,21.56,21.19,21.22,1839991,21.38
2013/08/29,21.07,21.60,21.07,21.35,943629,21.34
2013/08/30,21.32,21.43,20.18,20.31,1451477,20.80
2013/09/02,20.52,20.67,20.25,20.66,1082670,20.46
2013/09/03,20.70,20.94,20.51,20.86,1044692,20.73
2013/09/04,20.80,21.05,20.60,20.86,783864,20.83
2013/09/05,20.72,20.87,20.62,20.73,725746,20.75
2013/09/06,20.73,21.11,20.59,21.05,1165520,20.85
2013/09/09,21.01,21.28,20.94,21.04,1049780,21.11
2013/09/10,21.08,21.19,20.94,21.12,763478,21.07
2013/09/11,21.14,21.36,20.18,20.52,1242880,20.77
2013/09/12,20.49,20.72,20.21,20.45,720888,20.46
2013/09/13,20.45,20.70,20.27,20.66,834974,20.48
2013/09/16,20.73,20.87,20.45,20.53,737923,20.66
2013/09/17,20.49,20.60,19.99,20.00,725056,20.29
2013/09/18,20.00,20.24,19.76,20.07,525968,20.00
2013/09/23,20.30,20.74,20.10,20.70,671571,20.42
2013/09/24,20.70,20.80,20.45,20.80,771232,20.63
2013/09/25,20.80,20.87,20.44,20.51,626405,20.66
2013/09/26,20.42,20.66,20.35,20.41,471935,20.51
2013/09/27,20.41,20.56,20.00,20.39,529796,20.28
2013/09/30,20.32,20.80,20.32,20.74,691951,20.56
2013/10/08,20.74,21.11,20.73,20.98,854346,20.92
2013/10/09,20.93,21.23,20.87,21.18,955030,21.05
2013/10/10,21.16,21.23,20.97,21.05,918500,21.10
2013/10/11,21.07,21.26,20.90,21.12,936165,21.08
2013/10/14,21.21,21.28,21.00,21.11,907375,21.14
2013/10/15,21.08,21.21,20.90,21.01,759299,21.05
2013/10/16,20.97,20.97,20.25,20.28,972632,20.61
2013/10/17,20.46,20.52,20.28,20.42,567177,20.40
2013/10/18,20.56,21.28,20.32,21.26,1562949,20.80
2013/10/21,21.29,21.60,21.15,21.53,2535444,21.38
2013/10/22,21.36,21.98,21.15,21.57,1865921,21.56
2013/10/23,21.57,21.88,21.01,21.12,1813711,21.45
2013/10/24,21.08,22.26,21.08,21.82,2776517,21.67
2013/10/25,21.85,21.92,20.88,21.18,1570193,21.40
2013/10/28,21.01,21.01,19.09,19.09,2700679,20.05
2013/10/29,19.05,19.06,17.66,18.10,2144948,18.36
2013/10/30,18.14,18.32,17.97,18.31,917483,18.14
2013/10/31,18.31,18.31,17.86,18.15,738096,18.08
2013/11/01,18.07,18.32,17.87,18.29,841584,18.10
2013/11/04,18.31,18.77,18.08,18.52,877611,18.42
2013/11/05,18.39,18.78,18.28,18.69,753596,18.53
2013/11/06,18.63,18.77,18.45,18.48,786348,18.61
2013/11/07,18.48,18.63,18.14,18.56,762705,18.38
2013/11/08,18.56,18.56,18.07,18.07,646502,18.31
2013/11/11,18.10,18.22,17.87,18.18,516662,18.04
2013/11/12,18.14,18.42,18.13,18.41,548989,18.28
2013/11/13,18.32,18.39,17.99,18.07,480692,18.19
2013/11/14,17.73,18.52,17.73,18.48,639007,18.13
2013/11/15,18.45,20.28,18.45,20.03,3067811,19.37
2013/11/18,20.24,22.00,19.81,20.53,5482580,20.90
2013/11/19,20.02,20.21,19.64,20.07,2721769,19.93
2013/11/20,19.89,20.13,19.83,20.06,1412866,19.98
2013/11/21,19.99,20.06,19.27,19.83,1191859,19.66
2013/11/22,19.78,19.88,19.55,19.61,793594,19.71
2013/11/25,19.48,19.88,19.47,19.74,465921,19.67
2013/11/26,19.64,20.09,19.55,19.95,829351,19.82
2013/11/27,19.89,20.13,19.82,19.92,769143,19.97
2013/11/28,20.03,20.09,19.83,19.89,1071343,19.96
2013/11/29,20.02,20.52,19.89,20.48,1747513,20.21
2013/12/02,19.75,19.85,18.46,18.46,2624999,19.16
2013/12/03,18.35,18.92,18.15,18.83,1111346,18.54
2013/12/04,18.67,19.36,18.67,19.12,1011511,19.02
2013/12/05,19.15,19.47,19.09,19.36,839137,19.28
2013/12/06,19.25,19.47,19.12,19.18,489799,19.29
2013/12/09,19.19,19.65,19.19,19.55,919050,19.42
2013/12/10,19.58,19.78,19.48,19.62,1127664,19.63
2013/12/11,19.72,19.72,19.09,19.23,945616,19.40
2013/12/12,19.30,19.51,19.09,19.34,688322,19.30
2013/12/13,19.12,19.48,19.12,19.44,696915,19.30
2013/12/16,19.33,19.47,18.74,18.85,827361,19.10
2013/12/17,18.91,19.04,18.84,18.87,528129,18.94
2013/12/18,18.73,19.02,18.73,18.90,492742,18.88
2013/12/19,19.02,19.13,18.80,18.90,497263,18.96
2013/12/20,18.77,18.95,18.32,18.42,623533,18.63
2013/12/23,18.29,18.43,18.03,18.29,492627,18.23
2013/12/24,18.35,18.77,18.29,18.69,546823,18.53
2013/12/25,18.60,19.30,18.59,19.20,642536,18.95
2013/12/26,19.05,19.36,18.87,19.04,701563,19.12
2013/12/27,19.05,19.47,18.90,19.41,1033897,19.18
2013/12/30,19.47,19.72,19.41,19.50,779540,19.56
2013/12/31,19.50,19.51,19.23,19.39,465701,19.37
2014/01/02,19.20,19.65,19.08,19.61,703934,19.36
2014/01/03,19.60,19.71,19.32,19.39,828034,19.52
2014/01/06,19.41,19.41,18.85,18.88,735645,19.13
2014/01/07,19.41,19.41,18.85,18.88,0,19.13
2014/01/08,19.33,19.71,19.11,19.40,1029395,19.41
2014/01/09,19.47,19.47,18.78,18.84,889527,19.13
2014/01/10,18.67,18.95,18.42,18.59,724496,18.69
2014/01/13,18.46,18.81,18.46,18.69,538514,18.63
2014/01/14,18.69,19.12,18.57,19.11,587885,18.85
2014/01/15,19.12,19.68,19.06,19.61,1227074,19.37
2014/01/16,19.50,19.82,19.48,19.55,831462,19.65
2014/01/17,19.51,19.61,19.30,19.50,593309,19.46
2014/01/20,19.47,19.74,19.09,19.53,723166,19.41
2014/01/21,19.40,20.13,19.36,20.02,1365887,19.74
2014/01/22,19.96,20.13,19.89,20.06,1135376,20.01
2014/01/23,20.07,20.45,19.97,20.23,1168159,20.21
2014/01/24,20.17,20.62,20.17,20.38,1056588,20.40
2014/01/27,20.38,20.87,20.17,20.24,1221207,20.52
2014/01/28,20.24,20.48,19.75,19.97,1037813,20.12
2014/01/29,20.13,20.52,19.97,20.48,908996,20.24
2014/01/30,20.38,20.46,20.04,20.16,628588,20.25
2014/02/07,20.00,20.98,20.00,20.77,1221788,20.49
2014/02/10,20.87,21.68,20.70,21.53,2472391,21.19
2014/02/11,21.79,21.99,21.05,21.39,2457765,21.52
2014/02/12,21.25,22.09,21.25,21.99,2009308,21.67
2014/02/13,21.78,22.24,21.29,21.29,1984877,21.76
2014/02/14,21.44,22.26,21.01,22.20,2192764,21.64
2014/02/17,22.49,22.80,22.10,22.51,2341874,22.45
2014/02/18,22.58,24.73,22.00,24.73,3691585,23.37
2014/02/19,25.91,27.18,25.10,26.16,12302540,26.14
2014/02/20,25.56,26.01,24.24,24.62,6487598,25.13
2014/02/21,24.83,25.01,23.74,24.22,3761122,24.38
2014/02/24,23.98,24.55,23.82,24.34,2452165,24.19
2014/02/25,24.30,24.62,22.13,22.59,4791829,23.38
2014/02/26,22.59,23.67,22.14,23.56,4243901,22.91
2014/02/27,24.08,25.15,22.89,22.98,5955388,24.02
2014/02/28,22.49,24.23,22.17,24.22,3625721,23.20
2014/03/03,24.48,25.17,24.26,24.72,4533016,24.72
2014/03/04,24.30,26.02,23.88,25.29,5044711,24.95
2014/03/05,24.96,25.28,24.37,24.58,2615502,24.83
2014/03/06,24.51,24.79,23.46,23.95,2104348,24.13
2014/03/07,23.96,24.48,23.67,24.08,1712020,24.08
2014/03/10,23.64,23.71,22.37,22.41,2202432,23.04
2014/03/11,22.41,22.83,22.06,22.31,1219376,22.44
2014/03/12,22.20,22.48,21.01,21.93,1613187,21.75
2014/03/13,21.85,22.20,21.75,22.07,999480,21.97
2014/03/14,22.07,22.40,21.70,22.38,1072781,22.05
2014/03/17,22.37,23.18,22.24,23.03,1171219,22.71
2014/03/18,23.00,23.22,22.65,22.82,1080924,22.93
2014/03/19,22.70,23.15,22.44,22.83,1099234,22.79
2014/03/20,22.63,23.33,22.38,22.40,1111750,22.85
2014/03/21,22.19,22.91,21.91,22.83,914361,22.41
2014/03/24,22.96,23.01,22.58,22.68,824213,22.79
2014/03/25,22.55,22.93,22.30,22.52,899712,22.62
2014/03/26,22.48,22.90,22.48,22.84,698147,22.69
2014/03/27,22.76,22.79,22.21,22.21,941627,22.50
2014/03/28,22.17,22.44,21.43,21.53,772284,21.94
2014/03/31,21.29,21.54,21.12,21.35,498567,21.33
2014/04/01,21.33,22.07,21.19,22.05,562713,21.63
2014/04/02,21.82,21.99,21.40,21.51,764774,21.69
2014/04/03,21.46,21.91,21.46,21.88,500587,21.69
2014/04/04,21.88,22.00,21.71,21.99,487791,21.86
2014/04/08,21.75,22.24,21.71,22.14,604787,21.97
2014/04/09,22.20,22.63,22.14,22.35,505537,22.38
2014/04/10,22.31,22.84,22.27,22.55,1062848,22.55
2014/04/11,22.55,22.84,22.06,22.83,977817,22.45
2014/04/14,22.83,23.80,22.58,23.60,1614464,23.19
2014/04/15,23.60,23.61,22.87,23.24,1185587,23.24
2014/04/16,23.12,23.12,22.80,23.07,522158,22.96
2014/04/17,22.91,23.18,22.87,22.90,482349,23.03
2014/04/18,22.90,23.10,22.82,23.03,483696,22.96
2014/04/21,22.98,23.18,22.41,22.44,806579,22.79
2014/04/22,22.44,22.63,21.46,21.75,812695,22.04
2014/04/23,21.51,21.84,21.51,21.64,376332,21.68
2014/04/24,21.67,21.71,21.46,21.67,394369,21.59
2014/04/25,21.57,21.57,20.73,21.02,642196,21.15
2014/04/28,20.87,20.98,19.68,19.68,547798,20.33
2014/04/29,19.89,19.97,19.54,19.97,518530,19.75
2014/04/30,19.97,20.28,19.88,20.25,317261,20.08
2014/05/05,20.21,20.80,19.62,20.80,605850,20.21
2014/05/06,20.66,22.24,20.34,22.06,1756583,21.29
2014/05/07,21.70,22.27,21.28,21.44,3632750,21.78
2014/05/08,21.32,21.32,20.10,20.20,2178788,20.71
2014/05/09,20.24,20.38,19.61,19.88,1036309,19.99
2014/05/12,19.89,20.84,19.79,20.66,1965167,20.31
2014/05/13,20.45,20.55,19.90,20.35,1389771,20.22
2014/05/14,20.35,20.44,20.09,20.14,801805,20.27
2014/05/15,20.10,20.21,19.06,19.09,2123312,19.63
2014/05/16,19.09,19.23,18.70,18.99,1370316,18.96
2014/05/19,18.97,18.97,18.74,18.90,614582,18.85
2014/05/20,19.01,19.25,18.99,19.04,677300,19.12
2014/05/21,19.05,19.30,18.81,19.26,764580,19.05
2014/05/22,19.27,19.55,19.19,19.20,808920,19.37
2014/05/23,19.18,19.26,18.99,19.26,905415,19.13
2014/05/26,19.33,19.89,19.33,19.72,1842779,19.61
2014/05/27,19.76,20.37,19.62,20.06,1968797,20.00
2014/05/28,20.11,20.17,19.69,20.03,1636707,19.93
2014/05/29,19.97,19.97,19.44,19.50,1352597,19.71
2014/05/30,19.26,19.72,19.26,19.61,1197465,19.49
2014/06/03,19.60,19.88,19.51,19.64,868492,19.70
2014/06/04,19.68,19.68,19.02,19.32,1011386,19.35
2014/06/05,19.20,19.61,19.20,19.61,588552,19.40
2014/06/06,19.62,20.02,19.61,19.79,1281743,19.81
2014/06/09,19.68,19.95,19.68,19.79,1017582,19.81
2014/06/10,19.68,19.95,19.68,19.79,0,19.81
2014/06/11,19.68,19.95,19.68,19.79,0,19.81
2014/06/12,19.68,19.95,19.68,19.79,0,19.81
2014/06/13,21.37,21.43,20.38,20.53,4830434,20.90
2014/06/16,20.42,20.63,20.25,20.41,3573841,20.44
2014/06/17,20.37,20.49,20.10,20.10,2377513,20.29
2014/06/18,20.10,20.55,20.06,20.32,2107959,20.30
2014/06/19,20.30,20.39,19.20,19.41,1759065,19.79
2014/06/20,19.47,19.92,19.43,19.92,1138533,19.68
2014/06/23,19.96,20.53,19.90,20.35,1897495,20.21
2014/06/24,20.32,20.55,20.17,20.52,1767410,20.36
2014/06/25,20.45,20.62,20.27,20.56,1311635,20.45
2014/06/26,20.56,20.77,20.48,20.69,2204940,20.63
2014/06/27,20.73,21.36,20.63,21.00,3602443,20.99
2014/06/30,21.01,21.15,20.45,21.08,2797788,20.80
2014/07/01,21.01,21.78,20.98,21.50,4408957,21.38
2014/07/02,21.43,21.89,21.09,21.88,6316840,21.49
2014/07/03,22.12,22.13,21.60,21.78,5131529,21.87
2014/07/04,21.70,21.93,21.54,21.63,2720420,21.73
2014/07/07,21.64,21.77,21.35,21.58,2403219,21.56
2014/07/08,21.51,22.10,21.36,21.86,4207425,21.73
2014/07/09,21.82,22.12,21.50,21.50,3943180,21.81
2014/07/10,21.51,21.92,21.30,21.68,3072902,21.61
2014/07/11,21.61,22.05,21.53,21.98,2729121,21.79
2014/07/14,22.13,23.52,21.99,23.22,9294619,22.75
2014/07/15,23.00,23.00,22.38,22.58,4978059,22.69
2014/07/16,22.58,22.69,21.72,21.99,3543184,22.21
2014/07/17,21.99,22.02,21.64,22.02,2214946,21.83
2014/07/18,21.86,22.31,21.85,21.89,1789503,22.08
2014/07/21,21.85,21.98,21.64,21.79,1630645,21.81
2014/07/22,21.78,22.80,21.78,22.42,4046741,22.29
2014/07/23,22.61,22.69,22.03,22.33,2513762,22.36
2014/07/24,22.19,22.41,21.33,21.70,1871620,21.87
2014/07/25,21.65,22.20,21.63,21.88,1803445,21.91
2014/07/28,22.02,22.23,21.67,22.06,2906555,21.95
2014/07/29,22.14,22.48,21.99,22.34,3220307,22.23
2014/07/30,22.41,22.44,22.06,22.35,2183944,22.25
2014/07/31,22.41,22.91,22.38,22.52,2651940,22.64
2014/08/01,22.45,23.18,22.33,22.62,4601562,22.75
2014/08/04,22.66,22.97,22.56,22.94,3457075,22.76
2014/08/05,22.80,23.18,22.69,23.11,3737778,22.94
2014/08/06,23.10,23.29,22.90,23.22,3134247,23.09
2014/08/07,23.22,23.26,22.70,22.77,2561746,22.98
2014/08/08,22.75,23.22,22.75,22.89,1587258,22.98
2014/08/11,22.91,23.32,22.80,23.24,2291789,23.06
2014/08/12,23.24,23.74,23.14,23.54,2511344,23.44
2014/08/13,23.53,23.63,23.05,23.25,2496993,23.34
2014/08/14,23.25,23.39,23.00,23.00,1945357,23.20
2014/08/15,22.86,23.39,22.76,23.17,2915652,23.08
2014/08/18,23.18,24.31,23.18,23.89,4834928,23.74
2014/08/19,23.89,24.50,23.77,24.34,3942538,24.13
2014/08/20,24.37,25.60,24.24,25.20,7044773,24.92
2014/08/21,25.90,25.90,24.40,24.86,3182435,25.15
2014/08/22,24.79,24.86,24.13,24.52,2946492,24.49
2014/08/25,24.27,24.96,24.27,24.47,2527686,24.62
2014/08/26,24.47,25.52,24.37,24.65,4223166,24.95
2014/08/27,25.91,27.03,25.04,25.28,6129674,26.04
2014/08/28,25.07,25.28,24.38,24.51,2857862,24.83
2014/08/29,24.78,25.27,24.51,25.18,2279589,24.89
2014/09/01,25.07,25.57,24.80,25.46,3279345,25.19
2014/09/02,25.50,25.73,25.21,25.49,4133503,25.47
2014/09/03,25.49,25.66,24.69,25.04,5947785,25.18
2014/09/04,25.03,26.16,25.03,25.88,5880076,25.60
2014/09/05,25.77,25.88,25.50,25.84,3309436,25.69
2014/09/09,25.84,26.11,25.46,25.84,2817786,25.79
2014/09/10,25.84,26.30,25.64,26.30,3514645,25.97
2014/09/11,26.30,26.68,25.69,26.18,4692215,26.19
2014/09/12,25.92,26.82,25.76,26.71,3596138,26.29
2014/09/15,26.88,26.97,26.47,26.79,2555403,26.72
2014/09/16,26.68,26.79,25.69,25.91,4092513,26.24
2014/09/17,25.76,26.04,24.58,25.49,4644706,25.31
2014/09/18,25.48,26.16,25.14,26.11,4665994,25.65
2014/09/19,26.18,26.47,25.98,26.27,3775468,26.22
2014/09/22,26.06,26.41,25.63,25.64,3495426,26.02
2014/09/23,25.56,26.26,25.50,26.12,2457428,25.88
2014/09/24,25.92,26.54,25.63,26.48,6011580,26.08
2014/09/25,26.39,27.86,26.39,27.06,8725907,27.13
2014/09/26,26.89,27.45,26.61,26.89,4873835,27.03
2014/09/29,26.89,27.13,26.47,27.03,3944911,26.80
2014/09/30,27.16,27.16,26.72,27.13,2353161,26.94
2014/10/08,27.03,28.11,26.76,27.90,4453484,27.44
2014/10/09,27.87,28.23,27.32,27.72,3349286,27.78
2014/10/10,27.59,28.23,27.49,28.01,4724001,27.86
2014/10/13,28.28,30.35,28.02,29.90,10803700,29.19
2014/10/14,29.83,30.00,29.21,29.97,4676666,29.61
2014/10/15,29.79,30.26,29.23,30.12,2725156,29.75
2014/10/16,30.11,31.44,29.72,30.28,6212361,30.58
2014/10/17,30.11,30.64,28.75,29.40,4650745,29.70
2014/10/20,29.41,30.63,29.14,30.31,3018899,29.88
2014/10/21,30.08,30.85,28.86,28.86,4282657,29.86
2014/10/22,28.85,29.13,27.95,28.16,4935455,28.54
2014/10/23,28.16,28.26,26.72,26.89,5238350,27.49
2014/10/24,26.83,27.70,26.78,27.45,4063638,27.24
2014/10/27,27.32,27.87,27.10,27.79,1989335,27.49
2014/10/28,27.87,28.91,27.87,28.71,4108347,28.39
2014/10/29,28.71,29.27,28.29,28.71,3794620,28.78
2014/10/30,28.71,29.59,28.44,28.89,3221332,29.02
2014/10/31,29.00,29.38,28.36,28.81,2959036,28.87
2014/11/03,28.93,29.06,28.50,28.98,1773675,28.78
2014/11/04,29.03,29.83,28.72,29.82,3226589,29.27
2014/11/05,29.82,30.36,29.42,30.08,2666669,29.89
2014/11/06,30.01,30.94,29.82,30.56,4687910,30.38
2014/11/07,30.64,31.72,30.14,30.56,4507319,30.93
2014/11/10,30.53,31.44,30.53,30.85,2455953,30.99
2014/11/11,31.02,31.02,28.56,28.79,5449239,29.79
2014/11/12,28.79,29.21,28.30,28.99,2140222,28.76
2014/11/13,29.13,29.17,27.94,27.95,2810995,28.56
2014/11/14,27.73,27.94,27.18,27.73,1960133,27.56
2014/11/17,27.80,28.74,27.66,28.49,2177246,28.20
2014/11/18,28.42,28.92,28.04,28.65,2382020,28.48
2014/11/19,28.42,30.42,28.36,30.14,4733692,29.39
2014/11/20,29.87,30.49,29.58,29.83,2012715,30.03
2014/11/21,29.65,30.36,29.52,30.17,1899227,29.94
2014/11/24,30.25,30.92,29.94,30.67,3063405,30.43
2014/11/25,30.81,33.71,30.81,33.11,8764244,32.26
2014/11/26,32.49,33.12,31.94,32.87,4407069,32.53
2014/11/27,32.66,34.10,32.49,32.56,2951520,33.30
2014/11/28,32.67,33.40,32.35,32.85,2682006,32.88
2014/12/01,33.18,33.18,30.95,31.93,4866714,32.06
2014/12/02,31.65,32.77,31.41,31.92,3053047,32.09
2014/12/03,31.79,32.42,30.71,32.42,2859822,31.57
2014/12/04,32.28,32.70,31.65,32.25,2359088,32.18
2014/12/05,32.21,32.21,30.11,30.95,4450909,31.16
2014/12/08,30.53,30.95,29.87,29.89,3231335,30.41
2014/12/09,29.44,29.80,28.01,28.01,3576443,28.91
2014/12/10,27.98,29.82,27.90,29.80,2769414,28.86
2014/12/11,29.79,30.15,29.20,29.69,1724770,29.67
2014/12/12,29.80,30.36,29.69,30.17,1805302,30.03
2014/12/15,30.11,30.67,29.86,30.60,1899088,30.27
2014/12/16,30.60,30.84,29.90,30.22,1765475,30.37
2014/12/17,30.15,30.35,29.10,29.35,2411727,29.73
2014/12/18,29.58,29.58,28.47,28.50,2299494,29.02
2014/12/19,28.36,28.40,26.61,27.31,4463427,27.50
2014/12/22,27.30,27.30,24.75,25.07,3857360,26.03
2014/12/23,25.07,25.71,24.87,25.35,1626380,25.29
2014/12/24,25.73,26.19,25.21,25.88,2502313,25.70
2014/12/25,26.05,26.39,25.78,26.06,1596577,26.09
2014/12/26,25.91,26.26,25.64,25.81,1631691,25.95
2014/12/29,25.85,25.91,23.95,24.15,4010021,24.93
2014/12/30,24.15,24.51,23.67,24.01,3043322,24.09
2014/12/31,24.09,24.54,23.70,24.48,2838185,24.12
2015/01/05,24.44,25.13,23.82,24.68,2409887,24.47
2015/01/06,24.68,25.60,24.38,25.28,2789746,24.99
2015/01/07,25.28,25.63,24.93,25.39,3095433,25.28
2015/01/08,25.35,25.62,24.94,25.35,1516920,25.28
2015/01/09,25.36,25.49,24.59,24.59,1751121,25.04
2015/01/12,24.50,24.72,24.09,24.24,1620400,24.40
2015/01/13,24.23,25.17,24.19,25.10,1802494,24.68
2015/01/14,25.17,25.60,24.86,25.24,1875470,25.23
2015/01/15,25.41,25.77,25.18,25.32,1464205,25.47
2015/01/16,25.32,25.66,25.21,25.66,2042485,25.44
2015/01/19,25.01,26.04,24.09,25.10,2668501,25.06
2015/01/20,24.86,25.91,24.86,25.84,2313123,25.38
2015/01/21,25.87,27.00,25.77,26.65,3683730,26.38
2015/01/22,26.65,27.83,26.65,27.48,3882276,27.24
2015/01/23,27.48,27.48,26.68,26.99,2490668,27.08
2015/01/26,26.93,27.59,26.89,27.56,2052688,27.24
2015/01/27,27.52,28.14,27.31,27.66,2801062,27.72
2015/01/28,27.80,28.61,27.59,27.87,2620881,28.10
2015/01/29,27.93,27.93,26.99,27.00,1647122,27.46
2015/01/30,27.17,27.28,26.33,26.74,1659959,26.80
2015/02/02,26.44,27.59,26.26,27.37,1779855,26.93
2015/02/03,27.45,27.94,26.90,27.79,1315825,27.42
2015/02/04,27.87,27.93,27.45,27.59,1101600,27.69
2015/02/05,27.84,27.84,26.96,27.23,1437982,27.40
2015/02/06,26.97,27.20,26.11,26.11,1374760,26.65
2015/02/09,26.37,26.43,25.71,26.13,1211734,26.07
2015/02/10,26.26,26.26,25.74,26.16,805811,26.00
2015/02/11,26.06,27.38,25.88,27.21,1981333,26.63
2015/02/12,27.21,29.90,26.96,29.90,4969214,28.43
2015/02/13,30.61,30.89,29.98,30.54,6611966,30.44
2015/02/16,30.46,32.21,30.04,31.52,5160722,31.13
2015/02/17,31.52,31.52,30.68,30.98,2310796,31.10
2015/02/25,31.15,31.16,29.47,29.73,3089146,30.31
2015/02/26,29.82,30.33,29.13,30.28,1933551,29.73
2015/02/27,30.25,31.03,29.55,30.99,2459976,30.29
2015/03/02,30.95,31.90,30.68,31.58,3039083,31.29
2015/03/03,31.65,32.81,30.75,30.81,4547861,31.78
2015/03/04,30.81,32.21,30.56,31.55,2143813,31.38
2015/03/05,31.44,32.04,30.75,31.78,2254186,31.39
2015/03/06,31.65,31.93,29.97,30.71,2422224,30.95
2015/03/09,30.45,31.09,30.25,30.71,1425510,30.67
2015/03/10,30.53,31.75,30.39,31.47,2082943,31.07
2015/03/11,31.47,32.48,31.02,32.04,2258436,31.75
2015/03/12,32.17,32.43,30.60,31.05,1714133,31.52
2015/03/13,30.91,31.34,30.60,31.20,1511435,30.97
2015/03/16,31.51,32.91,31.24,32.63,3988658,32.07
2015/03/17,33.33,34.80,32.91,34.31,5285726,33.85
2015/03/18,34.60,34.73,33.47,34.31,2675273,34.10
2015/03/19,34.51,34.51,33.61,34.16,1542550,34.06
2015/03/20,34.38,35.64,34.18,35.05,2199225,34.91
2015/03/23,35.40,38.09,34.94,37.01,3020858,36.52
2015/03/24,36.97,38.23,35.35,37.32,3270670,36.79
2015/03/25,37.43,41.03,36.69,41.03,4508894,38.86
2015/03/26,41.59,45.10,39.78,40.05,6425633,42.44
2015/03/27,39.91,42.43,39.21,41.52,3390591,40.82
2015/03/30,41.39,41.80,37.88,40.82,5402274,39.84
2015/03/31,40.05,40.76,36.77,39.60,5102293,38.77
2015/04/01,38.85,41.73,38.10,41.52,5679301,39.91
2015/04/02,41.17,45.26,41.04,44.01,5832257,43.15
2015/04/03,43.69,46.49,43.41,45.51,4559553,44.95
2015/04/07,45.05,47.01,44.32,46.92,5795606,45.66
2015/04/08,46.91,46.91,42.71,44.53,4400129,44.81
2015/04/09,43.90,44.92,40.82,43.55,4578839,42.87
2015/04/10,42.86,45.97,42.86,43.87,4033594,44.41
2015/04/13,43.98,45.20,42.57,43.90,5468328,43.89
2015/04/14,43.77,47.33,43.00,46.67,5923249,45.16
2015/04/15,46.49,46.85,42.04,42.04,4902600,44.45
2015/04/16,40.47,42.85,38.79,41.73,2619456,40.82
2015/04/17,42.01,45.03,42.01,44.68,6819488,43.52
2015/04/20,43.97,45.33,43.84,45.17,6869992,44.59
2015/04/21,45.16,45.90,44.53,45.90,4901494,45.21
2015/04/22,45.79,48.42,45.72,45.86,14404580,47.07
2015/04/23,45.79,46.31,45.51,45.68,6145657,45.91
2015/04/24,45.62,46.00,44.40,44.85,3838189,45.20
2015/04/27,44.82,47.69,44.82,46.99,7571101,46.25
2015/04/28,47.20,47.68,43.51,44.75,6124795,45.59
2015/04/29,44.03,45.78,43.66,45.15,2470029,44.72
2015/04/30,46.18,46.48,45.09,45.09,4412397,45.79
2015/05/04,47.05,49.54,45.87,49.54,13173785,47.70
2015/05/05,50.25,54.00,50.25,51.06,17294997,52.13
2015/05/06,52.04,55.57,47.81,49.04,14642432,51.69
2015/05/07,47.81,48.28,44.18,44.18,9305923,46.23
2015/05/08,44.91,46.24,42.59,46.24,12852640,44.42
2015/05/11,46.55,50.83,46.55,50.83,13213591,48.69
2015/05/12,50.85,52.77,49.95,51.81,13313735,51.36
2015/05/13,51.33,52.54,50.07,51.84,9074747,51.30
2015/05/14,51.84,55.57,51.08,54.76,11563482,53.32
2015/05/15,54.48,56.52,51.38,55.82,13991139,53.95
2015/05/18,54.38,60.76,54.38,59.40,15995101,57.57
2015/05/19,58.39,59.15,57.13,58.69,8768500,58.14
2015/05/20,58.99,62.50,57.89,58.41,8987996,60.20
2015/05/21,58.41,61.67,56.63,60.36,13396218,59.15
2015/05/22,60.63,61.09,56.88,58.39,12063831,58.99
2015/05/25,56.63,58.04,55.87,57.78,9891739,56.95
2015/05/26,57.66,60.61,57.38,60.20,10968701,59.00
2015/05/27,60.20,63.88,58.44,62.98,14475925,61.16
2015/05/28,62.25,64.39,56.73,56.73,12311923,60.56
2015/05/29,56.73,58.09,52.17,56.27,8839850,55.13
2015/06/01,56.27,61.87,55.74,61.87,11906422,58.80
2015/06/02,61.92,68.02,61.44,67.97,14675655,64.73
2015/06/03,68.02,74.52,63.63,73.28,15241095,69.07
2015/06/04,74.82,74.82,67.71,71.75,16450209,71.26
2015/06/05,71.75,73.81,68.49,70.96,12198602,71.15
2015/06/08,69.68,69.68,64.99,66.18,11701477,67.34
2015/06/09,65.40,66.23,63.43,65.85,7287645,64.83
2015/06/10,65.97,69.75,65.42,68.52,9411487,67.59
2015/06/11,68.09,70.94,67.76,70.69,9792714,69.35
2015/06/12,70.21,72.25,69.23,71.07,11303620,70.74
2015/06/15,70.99,71.82,65.14,66.50,10000378,68.48
2015/06/16,65.42,65.42,59.90,60.00,10992928,62.66
2015/06/17,60.41,65.95,58.39,65.95,9688713,62.17
2015/06/18,67.74,70.13,64.87,68.97,13495054,67.50
2015/06/19,67.46,70.99,62.12,62.12,13291170,66.55
2015/06/23,60.28,62.42,55.95,59.04,7622899,59.19
2015/06/24,59.93,61.97,56.75,60.13,7596203,59.36
2015/06/25,59.85,59.85,54.18,55.11,8506341,57.02
2015/06/26,52.37,52.49,49.65,49.65,5015208,51.07
2015/06/29,50.33,50.85,44.73,44.73,5506093,47.79
2015/06/30,40.88,46.17,40.30,45.13,11538484,43.23
2015/07/01,44.55,45.79,40.67,40.67,11695349,43.23
2015/07/02,40.25,40.25,36.64,36.64,7671592,38.45
2015/07/03,33.69,37.45,33.01,33.01,8709800,35.23
2015/07/06,35.96,35.96,29.76,29.76,8780158,32.86
2015/07/07,27.24,28.05,26.84,26.84,3176806,27.45
2015/07/08,27.24,28.05,26.84,26.84,0,27.45
2015/07/09,27.24,28.05,26.84,26.84,0,27.45
2015/07/10,27.24,28.05,26.84,26.84,0,27.45
2015/07/13,27.24,28.05,26.84,26.84,0,27.45
2015/07/14,29.49,29.49,29.49,29.49,127355,29.49
2015/07/15,32.38,32.38,30.67,32.38,17917696,31.53
2015/07/16,32.38,35.16,29.69,33.82,17080298,32.42
2015/07/17,33.87,37.17,33.87,37.17,13887715,35.52
2015/07/20,37.85,39.46,37.17,39.14,15705799,38.32
2015/07/21,38.18,41.46,37.47,40.40,11835563,39.46
2015/07/22,40.12,41.20,38.76,39.97,8404067,39.98
2015/07/23,39.97,41.40,39.44,41.25,8251748,40.42
2015/07/24,41.25,43.14,39.94,40.62,9837244,41.54
2015/07/27,39.49,41.38,36.62,36.62,10166282,39.00
2015/07/28,33.82,36.84,32.99,33.09,10847977,34.92
2015/07/29,33.64,36.21,31.43,36.21,8859767,33.82
2015/07/30,35.66,37.42,34.73,36.47,10458119,36.07
2015/07/31,35.10,36.34,33.90,35.46,7317421,35.12
2015/08/03,34.80,34.85,32.23,33.21,5728048,33.54
2015/08/04,33.42,36.49,33.27,36.49,8140887,34.88
2015/08/05,36.49,39.29,35.91,38.20,13807364,37.60
2015/08/06,37.27,41.98,36.79,41.98,29067715,39.38
2015/08/07,41.96,45.41,40.83,45.13,37261503,43.12
2015/08/10,44.61,47.00,44.13,45.76,24131494,45.57
2015/08/11,44.98,46.12,44.05,44.58,16801098,45.08
2015/08/12,43.47,45.21,42.66,42.72,10947097,43.93
2015/08/13,42.24,46.95,42.24,46.95,16094754,44.60
2015/08/14,47.70,48.26,45.76,45.76,15517997,47.01
2015/08/17,45.79,46.75,44.78,46.37,10588686,45.77
2015/08/18,46.55,46.77,41.78,41.78,11052936,44.28
2015/08/19,40.20,43.27,37.65,42.11,13226723,40.46
2015/08/20,41.13,42.44,39.29,39.34,8382046,40.86
2015/08/21,37.73,39.21,35.61,35.73,10860799,37.41
2015/08/24,33.29,34.35,32.21,32.21,4890277,33.28
2015/08/25,29.03,30.32,29.03,29.03,6799052,29.68
2015/08/26,29.41,31.15,27.02,30.29,11555834,29.08
2015/08/27,30.04,32.13,29.23,32.06,11254525,30.68
2015/08/28,32.23,34.42,31.93,33.95,11666707,33.18
2015/08/31,33.19,33.19,30.59,30.59,9336243,31.89
2015/09/01,29.59,30.64,27.57,27.57,8710006,29.11
2015/09/02,25.86,28.80,25.30,25.86,8074761,27.05
2015/09/07,26.64,28.15,24.37,26.59,7167627,26.26
2015/09/08,26.39,29.11,26.03,28.83,7281725,27.57
2015/09/09,29.28,30.57,28.93,30.29,10339716,29.75
2015/09/10,29.71,32.58,29.43,31.53,15097484,31.00
2015/09/11,31.12,34.63,30.95,34.63,18744828,32.79
2015/09/14,34.65,34.93,31.20,31.20,10057927,33.06
2015/09/15,30.04,31.68,28.30,31.27,8990695,29.99
2015/09/16,30.75,34.32,30.69,34.15,16651874,32.51
2015/09/17,33.64,34.45,31.60,31.68,20406270,33.03
2015/09/18,31.80,32.33,30.19,31.27,10254966,31.26
2015/09/21,30.87,33.14,30.29,33.04,8571720,31.71
2015/09/22,32.99,33.69,31.93,32.38,9847440,32.81
2015/09/23,31.68,34.40,31.38,33.72,14354740,32.89
2015/09/24,33.92,34.90,32.91,33.42,13177180,33.90
2015/09/25,32.86,33.21,30.12,30.67,10791526,31.67
2015/09/28,30.64,31.80,29.96,31.63,5760770,30.88
2015/09/29,31.00,32.18,30.82,31.38,6771365,31.50
2015/09/30,31.73,32.43,31.43,31.85,6510314,31.93
2015/10/08,33.19,34.00,32.56,33.47,9331596,33.28
2015/10/09,33.21,35.23,33.21,34.75,11814944,34.22
2015/10/12,35.21,38.18,34.75,38.18,16885075,36.46
2015/10/13,37.68,41.91,37.17,41.28,16703233,39.54
2015/10/14,41.25,41.25,38.63,38.73,16291318,39.94
2015/10/15,38.23,42.56,38.03,42.56,23005968,40.30
2015/10/16,44.53,46.17,41.25,43.12,29509407,43.71
2015/10/19,43.12,44.93,41.51,42.51,23552334,43.22
2015/10/20,43.02,44.35,42.26,43.22,15755607,43.30
2015/10/21,43.04,43.07,38.94,38.94,17201992,41.00
2015/10/22,38.81,41.91,37.25,41.05,17653154,39.58
2015/10/23,41.71,42.39,40.20,41.73,17172714,41.30
2015/10/26,42.21,44.03,41.28,42.51,16105682,42.66
2015/10/27,42.11,42.36,38.78,41.76,11006979,40.57
2015/10/28,41.05,42.82,41.05,41.38,11453023,41.93
2015/10/29,41.98,43.52,40.50,43.35,14313015,42.01
2015/10/30,43.02,45.36,41.68,43.65,16547728,43.52
2015/11/02,41.88,45.13,41.71,42.19,13855067,43.42
2015/11/03,42.29,43.02,41.05,42.14,10678893,42.04
2015/11/04,42.44,46.32,42.44,46.32,17154630,44.38
2015/11/05,46.92,49.77,45.24,48.21,33780428,47.51
2015/11/06,47.43,50.07,47.43,48.31,21555054,48.75
2015/11/09,47.18,49.52,46.32,48.03,18909382,47.92
2015/11/10,47.05,51.08,46.90,49.95,23660474,48.99
2015/11/11,49.44,51.21,48.81,50.20,21791860,50.01
2015/11/12,51.16,55.19,51.08,53.05,29434852,53.13
2015/11/13,51.66,53.32,48.33,50.15,23300686,50.82
2015/11/16,48.44,51.31,48.39,50.91,12000461,49.85
2015/11/17,51.28,52.62,48.71,48.84,15156369,50.66
2015/11/18,49.02,49.80,46.92,47.40,10894599,48.36
2015/11/19,47.70,50.30,47.05,49.90,11732185,48.67
2015/11/20,49.57,50.70,48.79,49.59,12131948,49.75
2015/11/23,49.07,49.70,47.76,48.18,11023126,48.73
2015/11/24,48.94,49.39,47.96,49.12,9925645,48.68
2015/11/25,49.12,51.59,48.56,51.28,15989294,50.08
2015/11/26,52.59,52.59,49.44,49.87,12081294,51.02
2015/11/27,49.72,49.95,44.93,45.11,12634690,47.44
2015/11/30,45.11,46.37,42.39,45.97,11412012,44.38
2015/12/01,46.04,47.60,45.54,46.17,8866725,46.57
2015/12/02,46.04,46.14,42.56,44.83,6340297,44.35
2015/12/03,44.78,46.52,44.53,46.27,6716442,45.53
2015/12/04,45.79,47.00,45.49,46.39,7067259,46.25
2015/12/07,46.55,48.18,45.84,48.13,8433621,47.01
2015/12/08,47.78,47.93,45.87,46.04,8493758,46.90
2015/12/09,45.99,48.94,45.66,48.86,15997412,47.30
2015/12/10,48.76,49.49,47.25,47.55,11491485,48.37
2015/12/11,47.02,47.02,45.54,45.59,7576100,46.28
2015/12/14,44.66,46.62,44.48,46.55,4600669,45.55
2015/12/15,46.67,48.01,46.67,47.45,5576781,47.34
2015/12/16,47.68,48.23,47.43,47.50,5294030,47.83
2015/12/17,48.13,49.52,48.08,49.02,9834599,48.80
2015/12/18,49.32,49.72,48.41,49.52,9803640,49.06
2015/12/21,49.97,50.05,48.56,49.07,7785390,49.30
2015/12/22,49.24,50.58,48.81,50.30,9092312,49.70
2015/12/23,50.22,50.45,48.56,48.61,8079766,49.51
2015/12/24,48.46,48.79,45.97,47.88,6465515,47.38
2015/12/25,47.88,49.24,47.68,48.81,6268066,48.46
2015/12/28,48.96,50.00,47.25,48.28,9090577,48.63
2015/12/29,47.73,51.31,47.05,51.13,17306691,49.18
2015/12/30,50.83,50.83,50.00,50.73,13536323,50.41
2015/12/31,50.96,53.05,50.75,50.83,17747952,51.90
2016/01/04,50.40,50.40,45.79,45.79,9945696,48.09
2016/01/05,43.27,45.69,41.28,43.02,11884321,43.48
2016/01/06,43.77,44.58,42.11,44.53,8870355,43.34
2016/01/07,43.40,43.47,40.12,40.14,2852800,41.79
2016/01/08,40.80,41.73,36.97,40.30,8459289,39.35
2016/01/11,38.83,39.46,36.31,36.31,8666554,37.89
2016/01/12,36.19,37.22,35.73,36.72,6053772,36.47
2016/01/13,36.99,37.47,34.20,34.68,4638673,35.84
2016/01/14,33.16,36.67,32.69,36.26,8092329,34.68
2016/01/15,35.84,36.57,33.42,34.15,7179617,35.00
2016/01/18,33.06,35.58,32.79,34.93,5892627,34.18
2016/01/19,34.63,36.44,34.60,36.34,6872388,35.52
2016/01/20,36.21,38.68,35.58,38.51,11670601,37.13
2016/01/21,37.20,38.51,35.96,35.96,10752127,37.23
2016/01/22,36.42,36.67,34.90,36.36,6450965,35.79
2016/01/25,36.72,37.17,36.19,36.52,4882900,36.68
2016/01/26,35.73,36.14,32.91,32.91,6635542,34.52
2016/01/27,33.19,33.42,29.86,31.85,6904096,31.64
2016/01/28,31.22,33.39,30.97,32.18,10143349,32.18
2016/01/29,31.50,34.40,31.50,34.00,5822634,32.95
2016/02/01,31.50,34.40,31.50,34.00,0,32.95
2016/02/02,31.50,34.40,31.50,34.00,0,32.95
2016/02/03,31.50,34.40,31.50,34.00,0,32.95
2016/02/04,31.50,34.40,31.50,34.00,0,32.95
2016/02/05,31.50,34.40,31.50,34.00,0,32.95
2016/02/15,31.50,34.40,31.50,34.00,0,32.95
2016/02/16,31.50,34.40,31.50,34.00,0,32.95
2016/02/17,31.50,34.40,31.50,34.00,0,32.95
2016/02/18,31.50,34.40,31.50,34.00,0,32.95
2016/02/19,31.50,34.40,31.50,34.00,0,32.95
2016/02/22,31.50,34.40,31.50,34.00,0,32.95
2016/02/23,31.50,34.40,31.50,34.00,0,32.95
2016/02/24,31.50,34.40,31.50,34.00,0,32.95
2016/02/25,31.50,34.40,31.50,34.00,0,32.95
2016/02/26,31.50,34.40,31.50,34.00,0,32.95
2016/02/29,31.50,34.40,31.50,34.00,0,32.95
2016/03/01,31.50,34.40,31.50,34.00,0,32.95
2016/03/02,31.50,34.40,31.50,34.00,0,32.95
2016/03/03,31.50,34.40,31.50,34.00,0,32.95
2016/03/04,31.50,34.40,31.50,34.00,0,32.95
2016/03/07,31.50,34.40,31.50,34.00,0,32.95
2016/03/08,31.50,34.40,31.50,34.00,0,32.95
2016/03/09,31.50,34.40,31.50,34.00,0,32.95
2016/03/10,31.50,34.40,31.50,34.00,0,32.95
2016/03/11,31.50,34.40,31.50,34.00,0,32.95
2016/03/14,33.44,36.19,32.11,34.98,14548561,34.15
2016/03/15,34.47,35.81,34.00,34.15,9092265,34.91
2016/03/16,34.95,36.19,34.65,34.88,12561738,35.42
2016/03/17,35.46,37.47,34.73,37.47,14089165,36.10
2016/03/18,36.72,38.58,36.62,38.10,13821579,37.60
2016/03/21,38.61,41.88,37.78,41.86,19696764,39.83
2016/03/22,40.50,41.53,39.79,40.65,12075990,40.66
2016/03/23,40.25,42.21,39.99,41.81,13253755,41.10
2016/03/24,41.25,41.73,40.20,40.20,10205482,40.96
2016/03/25,39.87,40.75,39.36,40.30,6423612,40.05
2016/03/28,40.37,41.51,39.92,40.12,6174709,40.71
2016/03/29,40.75,41.28,39.26,39.69,6745679,40.27
2016/03/30,40.14,42.34,39.82,41.91,10198964,41.08
2016/03/31,41.81,43.17,41.13,41.48,10612757,42.15
2016/04/01,41.46,41.68,39.94,40.72,6412119,40.81
2016/04/05,40.75,42.94,40.72,42.39,8591439,41.83
2016/04/06,42.39,43.67,41.88,43.67,12540172,42.78
2016/04/07,43.80,43.80,42.21,42.72,8822465,43.00
2016/04/08,42.24,43.98,41.00,43.80,9527741,42.49
2016/04/11,44.23,45.66,43.90,44.68,9248414,44.78
2016/04/12,44.23,45.64,43.35,45.36,8330885,44.50
2016/04/13,45.26,46.29,44.68,44.91,9655704,45.48
2016/04/14,45.06,46.24,44.91,45.81,7781156,45.57
2016/04/15,45.79,47.68,45.54,46.77,9921526,46.61
2016/04/18,46.42,46.52,44.91,45.31,5670841,45.71
2016/04/19,45.79,46.29,44.43,46.04,7770337,45.36
2016/04/20,46.04,46.39,41.71,42.66,8458537,44.05
2016/04/21,42.56,43.80,41.81,42.01,6838964,42.80
2016/04/22,42.29,43.27,41.38,43.12,5430649,42.33
2016/04/25,42.99,42.99,42.01,42.69,3334075,42.50
2016/04/26,42.77,44.78,42.51,44.58,6824548,43.64
2016/04/27,44.53,46.75,44.30,44.98,8947733,45.52
2016/04/28,44.68,45.36,43.07,44.45,6233949,44.21
2016/04/29,44.45,46.19,44.28,45.66,7475575,45.23
2016/05/03,45.41,46.14,45.08,46.04,18998045,45.61
2016/05/04,45.69,45.69,44.40,44.83,11357083,45.04
2016/05/05,44.53,45.13,44.05,44.98,8354356,44.59
2016/05/06,44.88,45.16,40.52,40.55,15999709,42.84
2016/05/09,39.69,39.69,37.02,37.20,9623281,38.36
2016/05/10,37.22,37.78,36.59,36.74,5105506,37.19
2016/05/11,37.32,37.85,36.21,36.77,5241797,37.03
2016/05/12,35.73,37.47,35.21,37.35,6521569,36.34
2016/05/13,37.17,39.29,36.97,38.10,9832167,38.13
2016/05/16,38.23,40.45,37.83,40.14,11431038,39.14
2016/05/17,39.79,40.32,39.01,39.26,8796085,39.66
2016/05/18,38.61,39.11,35.71,36.92,8278030,37.41
2016/05/19,36.92,38.36,36.84,37.57,6747577,37.60
2016/05/20,37.17,38.25,36.64,38.23,4773918,37.45
2016/05/23,38.25,39.34,38.20,39.16,7496405,38.77
2016/05/24,38.91,39.06,37.55,38.15,5468695,38.30
2016/05/25,38.48,38.81,37.47,37.65,4557213,38.14
2016/05/26,37.50,39.04,36.97,39.01,7267949,38.00
2016/05/27,38.28,38.88,38.18,38.41,4768357,38.53
2016/05/30,38.36,38.48,37.35,37.88,3010709,37.91
2016/05/31,37.93,39.77,37.93,39.49,7589400,38.85
2016/06/01,39.54,42.29,39.54,41.20,13215623,40.91
2016/06/02,41.48,42.64,40.85,42.39,12516928,41.75
2016/06/03,42.64,42.89,41.86,41.88,10514717,42.38
2016/06/06,41.76,43.85,41.66,43.72,10929091,42.75
2016/06/07,43.90,46.12,43.45,45.36,18608759,44.79
2016/06/08,44.78,49.32,43.72,47.91,28773400,46.52
2016/06/13,46.75,47.83,43.17,43.17,20172363,45.50
2016/06/14,42.77,46.90,42.77,46.90,19365944,44.84
2016/06/15,45.79,51.43,45.61,49.80,27668700,48.52
2016/06/16,48.31,52.09,48.31,50.78,31188707,50.20
2016/06/17,51.36,52.04,48.06,49.70,23208057,50.05
2016/06/20,49.44,49.95,48.39,49.59,13802133,49.17
2016/06/21,49.32,49.85,47.55,47.98,16619024,48.70
2016/06/22,47.38,50.70,47.38,50.33,18864271,49.04
2016/06/23,49.92,50.48,47.78,48.21,14135533,49.13
2016/06/24,48.18,49.07,45.16,47.98,14235921,47.11
2016/06/27,47.63,50.10,46.92,49.57,12464375,48.51
2016/06/28,49.37,49.37,48.44,48.69,9586700,48.90
2016/06/29,48.76,49.70,47.73,48.46,13158611,48.71
2016/06/30,48.56,48.61,47.18,48.33,10367941,47.89
2016/07/01,48.03,48.41,47.30,47.86,6546764,47.85
2016/07/04,47.18,48.51,46.72,47.91,11154645,47.61
2016/07/05,47.81,49.12,47.76,48.91,14976075,48.44
2016/07/06,48.56,50.05,48.11,48.23,14208539,49.08
2016/07/07,47.86,48.86,46.85,48.66,14043455,47.86
2016/07/08,48.39,49.17,47.88,47.88,9613243,48.53
2016/07/11,47.93,49.07,47.07,48.03,12374204,48.07
2016/07/12,47.86,48.44,46.19,47.78,8997415,47.31
2016/07/13,48.06,49.37,47.45,49.24,14024881,48.41
2016/07/14,49.37,49.39,48.56,48.84,8517776,48.98
2016/07/15,48.79,49.32,47.83,48.11,8816583,48.57
2016/07/18,47.93,48.08,46.52,46.55,9910267,47.30
2016/07/19,46.55,47.15,46.34,47.07,5335741,46.75
2016/07/20,46.92,47.83,46.90,47.53,6703034,47.36
2016/07/21,47.48,48.03,47.20,47.28,6196758,47.62
2016/07/22,47.25,47.28,46.27,46.67,6647412,46.78
2016/07/25,46.62,46.95,46.17,46.37,5043827,46.56
2016/07/26,46.60,47.55,46.34,47.45,6431700,46.95
2016/07/27,47.60,48.31,44.15,44.78,12327000,46.23
2016/07/28,44.76,45.41,42.99,44.00,7227900,44.20
2016/07/29,43.87,44.10,42.66,43.32,4422375,43.38
2016/08/01,43.47,43.47,41.56,42.29,6418263,42.52
2016/08/02,42.29,42.49,42.11,42.39,4404247,42.30
2016/08/03,42.34,42.39,41.88,42.26,3498211,42.14
2016/08/04,42.24,43.50,41.98,43.24,5785930,42.74
2016/08/05,43.09,43.19,42.14,42.41,4506517,42.66
2016/08/08,42.16,42.66,41.25,42.66,3770990,41.95
