Date, SZ002428.Open, SZ002428.High, SZ002428.Low, SZ002428.Close, SZ002428.Volume, SZ002428.Adjusted
2010/06/08,56.11,60.88,56.11,60.60,22912399,57.56
2010/06/09,58.11,59.18,54.54,55.30,15148222,56.45
2010/06/10,53.00,53.88,51.80,52.30,8764983,52.74
2010/06/11,53.21,57.53,52.54,57.53,12807834,56.40
2010/06/17,58.60,58.75,53.89,54.90,7704144,56.41
2010/06/18,54.00,54.40,49.41,49.41,7087181,51.36
2010/06/21,48.48,50.34,47.07,49.98,3710674,48.74
2010/06/22,48.99,51.19,48.88,49.59,2855860,49.96
2010/06/23,48.50,49.88,48.05,48.89,2179450,48.83
2010/06/24,48.95,51.18,48.65,49.98,2675611,50.16
2010/06/25,49.96,50.86,48.80,49.10,2187744,49.65
2010/06/28,48.78,49.41,45.58,45.89,3500946,46.94
2010/06/29,45.40,46.78,41.30,41.35,4006923,43.51
2010/06/30,40.20,41.80,39.78,41.54,2216477,40.72
2010/07/01,41.02,41.65,40.18,40.60,2043129,41.00
2010/07/02,40.60,40.87,36.72,38.67,2942791,38.63
2010/07/05,37.70,38.47,37.14,37.86,1632240,37.73
2010/07/06,37.60,39.90,37.00,39.60,2690089,39.07
2010/07/07,39.12,39.70,38.68,39.36,2268946,39.09
2010/07/08,40.88,42.60,40.30,40.35,3857401,41.24
2010/07/09,40.03,44.39,40.00,44.19,5509471,42.97
2010/07/12,43.79,44.62,43.11,44.14,3115051,44.02
2010/07/13,43.52,43.70,41.95,42.85,2877682,42.77
2010/07/14,42.93,45.20,42.93,43.47,2910973,44.18
2010/07/15,42.99,43.49,41.70,41.76,2023590,42.53
2010/07/16,41.47,45.38,41.23,44.18,3417839,43.79
2010/07/19,43.70,46.08,43.44,44.86,3212127,45.17
2010/07/20,43.89,46.09,43.48,45.50,4602944,44.74
2010/07/21,45.45,46.43,44.81,44.98,3516708,45.43
2010/07/22,44.90,46.50,44.51,45.59,3401740,45.62
2010/07/23,45.58,46.10,44.80,45.31,2453045,45.38
2010/07/26,45.70,46.22,45.25,45.92,2681755,45.76
2010/07/27,45.95,45.97,44.95,45.03,2267460,45.27
2010/07/28,44.75,45.65,44.30,45.51,2654959,45.16
2010/07/29,45.57,46.15,45.06,46.06,2821842,45.78
2010/07/30,45.98,48.49,45.98,47.60,4319928,47.55
2010/08/02,47.50,48.35,47.14,47.64,2941386,47.71
2010/08/03,47.82,49.19,47.12,47.12,2874890,48.41
2010/08/04,46.97,48.00,46.16,47.99,2670820,46.93
2010/08/05,47.66,48.48,47.20,47.58,2141048,47.92
2010/08/06,47.88,49.19,47.31,48.76,2282179,48.40
2010/08/09,49.10,50.86,48.76,49.90,2437400,49.96
2010/08/10,49.99,50.57,48.00,48.00,2694827,49.24
2010/08/11,47.67,48.42,47.30,47.90,2128740,47.80
2010/08/12,47.16,47.95,46.88,46.96,1826822,47.31
2010/08/13,47.02,48.02,46.82,47.97,1621072,47.57
2010/08/16,47.88,49.34,47.50,49.07,2022418,48.61
2010/08/17,49.10,50.85,48.80,50.17,2613564,49.89
2010/08/18,50.18,50.77,49.02,49.61,2274564,49.76
2010/08/19,49.68,50.72,48.60,49.88,2538277,50.06
2010/08/20,49.48,52.45,49.20,50.35,3642425,51.20
2010/08/23,50.60,52.98,50.60,52.22,3037225,52.21
2010/08/24,51.80,52.49,51.06,51.89,2168137,51.78
2010/08/25,51.74,52.40,49.68,49.80,2198449,50.99
2010/08/26,50.11,50.40,49.11,50.15,1459995,49.77
2010/08/27,50.03,50.93,49.50,50.70,1370832,50.47
2010/08/30,51.10,54.08,50.88,53.41,2937958,52.36
2010/08/31,52.90,54.50,52.51,53.21,2621482,53.45
2010/09/01,53.21,53.30,50.75,51.45,2481321,51.95
2010/09/02,52.20,54.47,52.18,53.60,2513040,53.33
2010/09/03,53.45,54.88,52.50,54.62,2809142,53.93
2010/09/06,54.88,57.40,53.30,54.39,4185894,55.76
2010/09/07,54.88,57.40,53.30,54.39,0,55.35
2010/09/08,53.30,59.83,53.13,59.83,6830543,57.05
2010/09/09,59.95,65.50,58.88,62.72,7384492,62.05
2010/09/10,61.12,67.60,61.10,64.01,5036382,64.53
2010/09/13,63.71,66.00,62.50,64.38,3187553,64.17
2010/09/14,64.00,64.95,61.70,62.05,3251543,63.17
2010/09/15,62.23,62.60,58.51,59.11,3213055,60.46
2010/09/16,58.80,59.90,55.16,56.91,3945313,57.38
2010/09/17,56.90,58.99,56.50,58.37,3477056,58.07
2010/09/20,58.50,58.68,56.01,56.22,1928897,57.00
2010/09/21,56.60,57.50,54.00,54.45,2282254,55.65
2010/09/27,55.00,59.85,54.90,58.96,2897526,57.73
2010/09/28,58.30,62.25,58.28,59.81,3291074,60.54
2010/09/29,59.83,61.56,59.60,59.81,2324023,60.39
2010/09/30,59.70,61.68,58.95,61.60,2974685,60.34
2010/10/08,62.95,67.76,62.88,66.40,5011429,66.48
2010/10/11,66.45,68.00,63.11,64.05,4610904,66.07
2010/10/12,63.05,68.70,62.51,66.30,3150887,65.92
2010/10/13,66.80,66.80,63.00,64.85,2293040,64.61
2010/10/14,64.50,65.99,63.00,63.92,2407188,64.57
2010/10/15,62.97,66.49,61.26,64.23,2983203,63.93
2010/10/18,65.01,65.15,59.51,60.40,3143958,61.76
2010/10/19,65.01,65.15,59.51,60.40,0,62.33
2010/10/20,60.60,66.44,60.55,66.44,2475568,63.90
2010/10/21,68.92,71.60,67.33,68.61,2812351,69.17
2010/10/22,68.00,74.38,67.38,73.51,3204374,72.13
2010/10/25,73.00,79.40,71.50,75.50,3230278,75.65
2010/10/26,75.29,76.99,72.95,73.04,2471357,74.15
2010/10/27,71.80,74.48,71.40,71.90,1968370,73.02
2010/10/28,71.98,74.90,71.00,72.25,1889694,72.87
2010/10/29,72.57,77.00,72.50,75.05,2063105,74.76
2010/11/01,75.94,79.25,75.50,76.20,2668793,76.99
2010/11/02,76.77,83.82,74.58,83.82,5188538,78.68
2010/11/03,87.00,92.20,80.00,82.74,5526542,87.82
2010/11/04,81.33,87.00,76.97,85.36,4340328,82.40
2010/11/05,86.50,89.88,85.57,85.90,2741808,87.79
2010/11/08,86.00,86.80,82.50,86.50,1978001,84.32
2010/11/09,85.75,87.53,84.30,86.55,1184996,86.13
2010/11/10,86.00,89.00,85.18,88.23,1539102,87.38
2010/11/11,87.00,90.42,84.70,84.80,2115386,87.51
2010/11/12,83.50,84.50,76.52,76.70,2674396,79.97
2010/11/15,77.20,77.90,72.20,75.00,2127351,74.74
2010/11/16,74.75,77.50,73.22,74.45,2103113,75.33
2010/11/17,74.30,75.00,69.80,70.10,1330549,72.64
2010/11/18,71.51,73.20,70.25,72.17,1068523,71.89
2010/11/19,74.56,74.66,70.67,73.78,1593639,72.85
2010/11/22,73.35,76.99,72.52,76.28,1631675,75.33
2010/11/23,73.35,76.99,72.52,76.28,0,74.75
2010/11/24,73.35,76.99,72.52,76.28,0,74.75
2010/11/25,82.98,82.98,78.00,79.00,1825293,79.91
2010/11/26,79.08,79.10,77.01,78.02,1034482,77.91
2010/11/29,77.10,79.98,76.33,79.08,989114,78.44
2010/11/30,79.08,79.50,74.01,78.08,1264330,76.97
2010/12/01,78.08,78.31,77.01,77.69,682518,77.73
2010/12/02,79.55,79.98,77.65,77.70,993321,78.96
2010/12/03,77.71,78.18,74.55,76.28,847603,75.94
2010/12/06,76.98,77.10,73.66,73.88,641822,74.64
2010/12/07,73.80,75.00,71.30,74.33,802952,72.73
2010/12/08,74.00,74.96,73.00,73.20,615580,74.03
2010/12/09,72.23,73.50,71.10,71.11,575849,71.93
2010/12/10,71.11,74.49,70.68,73.05,692782,72.16
2010/12/13,74.01,76.00,73.09,75.99,917401,74.84
2010/12/14,76.60,77.33,75.56,76.10,642895,76.40
2010/12/15,76.30,76.60,75.38,75.38,733056,75.83
2010/12/16,75.00,76.49,75.00,75.31,489548,75.74
2010/12/17,75.26,76.59,75.26,75.72,433821,76.05
2010/12/20,76.22,76.89,72.56,73.35,814037,74.03
2010/12/21,73.38,74.60,72.18,72.98,1100523,72.84
2010/12/22,73.38,73.88,72.50,72.53,546201,73.11
2010/12/23,72.57,72.60,70.00,70.46,713590,71.42
2010/12/24,70.48,70.90,66.60,67.00,913907,67.92
2010/12/27,67.10,72.67,66.92,69.00,1375238,70.31
2010/12/28,68.20,68.99,66.01,67.66,782711,67.57
2010/12/29,67.65,68.59,67.46,67.90,501862,67.97
2010/12/30,67.90,69.85,67.50,69.13,627917,68.68
2010/12/31,69.13,72.66,68.93,72.57,969804,71.65
2011/01/04,73.00,79.83,73.00,79.83,2382259,76.52
2011/01/05,78.30,82.60,77.10,78.91,1716867,79.98
2011/01/06,79.70,82.50,77.90,78.93,1284631,80.52
2011/01/07,78.50,80.25,76.01,78.85,1374655,78.10
2011/01/10,77.50,78.75,75.20,75.77,839485,76.83
2011/01/11,75.25,76.18,72.60,75.40,1173667,74.18
2011/01/12,75.18,76.63,73.01,75.31,613752,75.41
2011/01/13,75.95,77.60,73.80,75.63,715371,75.50
2011/01/14,75.05,75.43,72.67,72.70,1075837,73.50
2011/01/17,76.20,79.97,76.20,79.97,5393737,79.71
2011/01/18,78.00,87.86,74.22,85.65,4908016,79.15
2011/01/19,85.65,91.95,83.48,88.18,5325802,87.75
2011/01/20,87.00,90.48,85.80,87.15,4362113,88.52
2011/01/21,87.33,88.78,84.00,85.69,3081187,86.09
2011/01/24,84.23,85.05,77.12,77.12,3635357,80.75
2011/01/25,74.60,75.59,69.41,70.48,3347518,72.22
2011/01/26,70.08,71.49,68.60,70.48,1569751,70.39
2011/01/27,70.00,75.00,69.08,73.80,2171114,73.17
2011/01/28,73.16,75.00,73.00,74.11,1249343,74.12
2011/01/31,74.31,77.11,74.30,75.15,1396576,76.19
2011/02/01,75.19,77.78,75.19,77.78,1526636,76.85
2011/02/09,77.90,79.00,74.50,74.72,1479645,76.41
2011/02/10,77.90,79.00,74.50,74.72,0,76.75
2011/02/11,77.00,82.19,77.00,80.33,3200769,80.89
2011/02/14,79.50,82.59,78.51,81.40,2587097,80.77
2011/02/15,81.90,83.45,80.60,81.49,2731462,81.98
2011/02/16,81.40,84.00,79.98,83.00,3030354,81.24
2011/02/17,82.90,84.84,81.40,81.77,2081573,82.78
2011/02/18,81.10,81.40,78.65,79.13,1682683,79.59
2011/02/21,78.69,81.00,78.33,80.98,1175728,80.33
2011/02/22,80.87,83.38,79.00,79.00,1847382,81.09
2011/02/23,78.90,81.17,78.30,78.81,1146539,79.53
2011/02/24,79.00,80.50,78.50,79.24,748312,79.50
2011/02/25,79.24,81.99,79.01,80.30,1372406,80.40
2011/02/28,79.24,81.99,79.01,80.30,0,80.50
2011/03/01,80.70,81.45,80.20,80.50,1365535,80.81
2011/03/02,80.20,80.20,78.00,78.92,1177005,78.87
2011/03/03,78.11,79.58,76.60,76.80,829924,78.09
2011/03/04,76.92,78.70,76.90,78.70,595350,77.96
2011/03/07,79.38,81.06,78.81,80.35,980131,80.30
2011/03/08,80.43,82.40,79.05,81.37,1283341,80.59
2011/03/09,81.38,82.59,80.88,81.04,1266380,81.80
2011/03/10,80.71,81.30,78.68,78.73,1094713,79.58
2011/03/11,78.52,80.31,78.50,78.82,761589,79.39
2011/03/14,78.19,78.48,74.64,75.96,1344634,76.08
2011/03/15,75.50,75.95,73.60,75.27,1003761,74.70
2011/03/16,75.28,78.40,75.28,77.75,955665,77.23
2011/03/17,77.00,77.78,75.60,76.22,700491,76.90
2011/03/18,76.99,77.79,76.01,76.56,473713,76.70
2011/03/21,76.60,76.99,75.45,75.70,540501,76.01
2011/03/22,76.49,76.73,75.58,76.68,612971,76.23
2011/03/23,76.67,81.44,75.90,80.53,1453654,79.71
2011/03/24,80.03,81.79,79.50,79.95,890404,80.51
2011/03/25,78.80,82.50,76.81,81.00,2259429,80.23
2011/03/28,80.30,82.50,79.00,80.50,1778163,80.95
2011/03/29,80.40,81.90,77.58,77.60,1506338,79.34
2011/03/30,77.19,80.60,76.00,77.50,1253840,78.52
2011/03/31,77.00,80.15,77.00,78.90,1137490,78.80
2011/04/01,79.85,80.50,76.80,78.00,981773,78.15
2011/04/06,78.00,78.50,75.98,78.10,1234373,77.01
2011/04/07,78.50,78.50,76.68,77.01,866927,77.08
2011/04/08,76.90,78.50,76.90,78.10,1087811,77.90
2011/04/11,78.51,79.00,77.01,77.40,915802,77.83
2011/04/12,77.62,78.20,75.00,75.30,1135869,76.61
2011/04/13,75.00,75.00,73.02,74.69,879265,74.09
2011/04/14,74.70,75.79,74.50,74.91,696979,74.94
2011/04/15,74.50,75.78,72.38,73.18,1262746,73.42
2011/04/18,73.00,73.00,70.86,71.91,1186121,71.29
2011/04/19,73.00,73.00,70.86,71.91,0,71.93
2011/04/20,70.30,70.94,68.90,70.67,1240831,69.93
2011/04/21,71.00,71.50,69.00,69.86,1146213,69.75
2011/04/22,72.10,75.00,72.10,73.40,1989706,73.49
2011/04/25,71.70,73.45,71.06,71.64,876462,72.17
2011/04/26,71.15,71.99,69.42,69.65,650610,70.22
2011/04/27,69.68,70.50,68.10,68.83,515594,69.29
2011/04/28,68.99,69.80,66.19,66.40,600459,67.79
2011/04/29,67.01,68.49,66.41,68.49,527258,67.66
2011/05/03,68.75,69.80,67.00,67.98,338097,67.77
2011/05/04,67.95,67.95,66.30,66.31,487451,66.89
2011/05/05,66.00,67.99,66.00,67.62,577503,67.34
2011/05/06,67.79,69.20,66.61,68.27,631014,67.80
2011/05/09,67.87,68.89,67.71,67.85,443828,68.22
2011/05/10,68.00,69.00,66.83,69.00,539703,68.10
2011/05/11,69.08,69.50,68.02,68.73,477825,68.75
2011/05/12,68.00,68.29,66.85,66.86,613104,67.66
2011/05/13,66.86,67.55,66.49,67.40,360492,67.00
2011/05/16,67.40,67.85,66.63,66.97,237062,67.06
2011/05/17,67.59,67.96,64.00,66.49,564262,66.19
2011/05/18,65.12,66.60,65.01,66.50,348790,65.74
2011/05/19,66.50,66.70,65.00,65.10,320487,65.72
2011/05/20,65.10,65.78,64.08,64.72,531523,64.64
2011/05/23,64.70,64.70,61.30,61.44,884494,62.01
2011/05/24,61.43,62.54,59.44,62.11,705781,60.78
2011/05/25,62.25,62.58,60.52,60.70,408019,61.63
2011/05/26,61.02,62.38,60.80,60.81,432641,61.70
2011/05/27,59.96,61.91,57.36,58.46,535070,59.63
2011/05/30,59.18,59.18,56.28,56.28,435942,57.73
2011/05/31,56.38,57.81,54.50,56.65,748378,56.16
2011/06/01,56.83,57.09,55.40,56.12,599886,56.25
2011/06/02,54.75,55.32,54.36,55.01,551469,54.84
2011/06/03,54.72,56.47,54.59,55.87,625518,55.53
2011/06/07,55.44,61.45,55.44,61.45,2019954,58.45
2011/06/08,62.28,67.41,61.25,65.37,4971754,64.33
2011/06/09,64.50,64.53,61.90,62.04,2066228,63.21
2011/06/10,61.25,61.64,58.60,60.11,1948134,60.12
2011/06/13,59.69,60.11,58.29,59.82,2024634,59.20
2011/06/14,59.43,61.58,59.43,60.90,1841324,60.50
2011/06/15,61.06,61.61,59.51,59.69,1083895,60.56
2011/06/16,58.65,58.65,56.96,57.03,1162235,57.80
2011/06/17,57.34,57.78,54.54,54.79,1196138,56.16
2011/06/20,54.35,54.37,52.58,52.67,1127124,53.47
2011/06/21,52.67,53.78,52.09,53.67,1355131,52.94
2011/06/22,53.32,53.71,52.68,53.10,969623,53.20
2011/06/23,53.06,54.53,52.35,54.36,1400596,53.44
2011/06/24,53.97,56.67,53.20,55.66,2217536,54.94
2011/06/27,55.53,57.71,55.11,57.39,2159968,56.41
2011/06/28,57.09,58.13,56.57,57.29,1331807,57.35
2011/06/29,57.43,58.91,56.57,56.73,1267271,57.74
2011/06/30,56.64,58.00,56.57,57.77,1573236,57.29
2011/07/01,57.77,59.38,57.38,58.23,1562815,58.38
2011/07/04,59.27,63.98,58.35,62.60,3582724,61.16
2011/07/05,62.78,64.15,61.67,63.20,2933210,62.91
2011/07/06,63.20,68.86,63.06,66.36,4759527,65.96
2011/07/07,66.19,67.84,65.16,65.16,3456124,66.50
2011/07/08,65.15,66.71,63.98,64.59,1911266,65.34
2011/07/11,64.11,67.66,63.20,66.48,1983748,65.43
2011/07/12,65.54,66.19,63.66,64.31,1713058,64.92
2011/07/13,64.24,66.14,64.24,65.70,1246430,65.19
2011/07/14,65.83,67.74,65.45,66.42,1725223,66.59
2011/07/15,66.32,67.23,65.81,66.66,1188989,66.52
2011/07/18,67.10,67.33,65.41,66.06,1334156,66.37
2011/07/19,65.33,65.63,63.51,63.88,1432172,64.57
2011/07/20,64.63,65.03,63.17,63.98,818402,64.10
2011/07/21,64.54,64.54,62.78,62.78,872305,63.66
2011/07/22,62.88,63.60,62.55,62.94,740071,63.07
2011/07/25,62.55,62.62,58.65,59.16,2227444,60.63
2011/07/26,58.69,59.82,58.39,59.39,838070,59.11
2011/07/27,59.43,60.69,58.07,60.33,1273598,59.38
2011/07/28,59.68,59.87,58.66,59.63,741064,59.26
2011/07/29,59.63,60.83,58.81,60.47,1285718,59.82
2011/08/01,60.73,63.67,60.72,62.97,1969159,62.20
2011/08/02,62.52,64.21,61.38,64.21,2061599,62.79
2011/08/03,62.78,64.55,62.78,63.20,1496630,63.66
2011/08/04,63.14,63.97,62.55,62.68,979577,63.26
2011/08/05,59.95,61.20,59.09,60.56,1064007,60.15
2011/08/08,59.69,59.69,56.12,56.86,1954945,57.90
2011/08/09,55.53,59.37,52.15,58.13,1918593,55.76
2011/08/10,59.69,59.81,58.13,58.26,1088201,58.97
2011/08/11,56.69,59.83,56.69,59.59,1133791,58.26
2011/08/12,60.08,60.55,59.57,59.85,1186633,60.06
2011/08/15,59.85,61.89,59.37,61.00,1016858,60.63
2011/08/16,61.00,61.72,60.60,60.77,754127,61.16
2011/08/17,60.78,61.22,59.69,59.83,657271,60.45
2011/08/18,59.85,60.41,58.52,58.59,783090,59.46
2011/08/19,57.35,58.00,56.95,57.71,582937,57.48
2011/08/22,57.71,58.38,56.80,56.99,583835,57.59
2011/08/23,58.07,58.12,57.16,58.00,471637,57.64
2011/08/24,58.21,59.43,57.35,57.48,1321722,58.39
2011/08/25,58.00,58.88,56.96,58.70,3580937,57.92
2011/08/26,58.26,58.39,57.22,57.69,2320516,57.80
2011/08/29,57.42,57.82,56.78,57.10,829781,57.30
2011/08/30,57.34,58.10,56.70,56.77,753639,57.40
2011/08/31,56.71,57.03,55.66,56.05,771656,56.34
2011/09/01,56.54,56.57,55.31,55.40,627362,55.94
2011/09/02,55.47,55.66,54.46,54.75,678015,55.06
2011/09/05,54.49,54.49,52.94,53.20,805921,53.71
2011/09/06,53.02,57.19,52.62,54.83,1199667,54.90
2011/09/07,55.24,56.00,54.17,55.57,949958,55.09
2011/09/08,55.60,55.95,54.58,54.62,593082,55.27
2011/09/09,54.62,55.11,53.71,53.78,397618,54.41
2011/09/13,52.88,53.06,52.09,52.29,826230,52.58
2011/09/14,52.80,53.19,52.10,53.09,537529,52.64
2011/09/15,53.15,54.10,53.07,53.14,647852,53.59
2011/09/16,53.65,53.80,52.98,53.24,472491,53.39
2011/09/19,53.37,53.37,52.31,52.31,593172,52.84
2011/09/20,52.29,53.19,52.15,52.32,535594,52.67
2011/09/21,52.22,54.70,52.22,54.14,1418253,53.46
2011/09/22,53.58,53.71,52.27,52.36,952714,52.99
2011/09/23,51.42,51.80,50.56,51.14,840463,51.18
2011/09/26,50.49,51.47,50.14,50.72,578999,50.80
2011/09/27,50.99,51.50,50.49,50.90,432265,51.00
2011/09/28,51.46,51.89,50.59,50.84,590494,51.24
2011/09/29,50.63,50.85,49.55,49.62,551339,50.20
2011/09/30,50.27,50.27,48.25,48.93,549308,49.26
2011/10/10,50.20,50.20,48.97,49.23,415912,49.59
2011/10/11,50.53,50.98,48.64,49.24,593861,49.81
2011/10/12,49.24,50.85,48.41,50.62,747206,49.63
2011/10/13,50.69,52.15,50.59,51.54,924636,51.37
2011/10/14,51.54,51.60,50.36,51.05,449248,50.98
2011/10/17,51.11,51.45,50.69,50.86,430767,51.07
2011/10/18,50.34,50.46,49.39,49.42,612120,49.93
2011/10/19,49.60,49.93,48.67,49.06,366100,49.30
2011/10/20,49.06,49.52,47.39,47.80,784803,48.46
2011/10/21,47.15,47.86,46.50,46.61,535850,47.18
2011/10/24,46.95,47.51,44.92,46.95,831941,46.21
2011/10/25,47.24,50.06,46.82,49.17,900395,48.44
2011/10/26,48.74,51.24,48.25,49.98,1269381,49.75
2011/10/27,49.81,50.85,49.24,49.73,913554,50.05
2011/10/28,51.16,51.89,50.20,50.53,1021756,51.05
2011/10/31,50.84,51.14,50.10,50.77,581112,50.62
2011/11/01,50.20,50.85,49.94,50.16,659999,50.39
2011/11/02,49.42,50.43,48.54,50.42,840072,49.48
2011/11/03,50.72,53.02,50.72,51.36,1635707,51.87
2011/11/04,53.01,54.75,52.12,52.54,2496345,53.43
2011/11/07,51.83,52.41,50.85,51.12,1064658,51.63
2011/11/08,51.73,51.88,50.79,50.93,661453,51.34
2011/11/09,51.33,52.12,50.85,52.05,819663,51.48
2011/11/10,51.36,51.44,50.72,50.84,766038,51.08
2011/11/11,51.11,51.12,50.43,50.67,541526,50.77
2011/11/14,51.05,52.07,50.94,51.99,1015106,51.50
2011/11/15,51.89,52.46,51.53,52.15,794075,52.00
2011/11/16,52.16,52.48,49.81,50.17,942650,51.14
2011/11/17,49.97,50.58,48.94,49.39,906016,49.76
2011/11/18,49.03,49.03,47.86,48.67,1037355,48.45
2011/11/21,49.32,53.52,49.30,53.42,4865157,51.41
2011/11/22,51.50,53.19,51.25,52.36,2387599,52.22
2011/11/23,52.32,52.61,51.23,51.76,1257856,51.92
2011/11/24,51.37,51.63,50.46,50.56,1281341,51.05
2011/11/25,51.23,55.50,50.85,53.58,3797086,53.18
2011/11/28,53.42,58.64,52.98,57.23,5593459,55.81
2011/11/29,57.97,57.99,55.53,56.80,3895916,56.76
2011/11/30,56.18,58.39,54.23,56.38,5519254,56.31
2011/12/01,58.52,60.41,57.62,58.16,6183786,59.01
2011/12/02,57.35,57.35,55.11,55.14,3043777,56.23
2011/12/05,54.05,54.24,49.64,49.80,4240217,51.94
2011/12/06,49.26,51.50,47.99,50.32,3045385,49.75
2011/12/07,49.75,50.69,48.90,49.46,1582511,49.79
2011/12/08,49.42,50.19,47.50,49.38,2272082,48.84
2011/12/09,48.73,49.26,48.26,48.51,1316607,48.76
2011/12/12,48.74,49.91,48.59,49.16,1192359,49.25
2011/12/13,48.34,48.67,47.34,47.34,1242949,48.01
2011/12/14,47.34,47.99,45.00,45.17,1524154,46.50
2011/12/15,44.74,44.74,43.51,43.61,1353612,44.13
2011/12/16,44.00,45.61,43.67,45.53,1123914,44.64
2011/12/19,45.55,46.64,44.35,46.44,1513609,45.50
2011/12/20,46.30,46.78,45.69,45.94,1077818,46.23
2011/12/21,46.59,46.90,43.69,43.71,1170059,45.29
2011/12/22,43.34,44.03,41.22,43.05,1269224,42.63
2011/12/23,42.79,43.84,42.48,43.02,695477,43.16
2011/12/26,41.82,43.54,41.82,42.31,570144,42.68
2011/12/27,42.27,42.31,40.71,40.75,789897,41.51
2011/12/28,39.96,41.10,38.63,39.74,1284653,39.87
2011/12/29,39.15,39.93,38.63,38.70,1265735,39.28
2011/12/30,39.02,39.90,38.75,39.66,1597600,39.32
2012/01/04,39.87,40.29,37.75,37.82,1419338,39.02
2012/01/05,37.20,37.33,34.15,34.43,1867412,35.74
2012/01/06,34.22,35.12,32.92,34.93,1903419,34.02
2012/01/09,34.86,37.84,33.90,37.27,2168494,35.87
2012/01/10,37.20,40.98,37.04,40.98,3538111,39.01
2012/01/11,41.22,41.22,39.67,41.11,3607173,40.45
2012/01/12,41.04,44.17,40.20,41.23,4524797,42.19
2012/01/13,40.97,43.44,40.45,41.85,4909361,41.95
2012/01/16,41.69,41.69,38.32,38.34,2783870,40.00
2012/01/17,38.27,42.17,38.27,42.17,4026361,40.22
2012/01/18,44.12,46.17,42.21,42.79,5919407,44.19
2012/01/19,42.71,47.05,42.08,47.05,6080450,44.56
2012/01/20,46.95,47.60,45.52,46.01,4805754,46.56
2012/01/30,45.91,46.52,44.68,44.73,4190015,45.60
2012/01/31,44.55,45.62,43.80,44.88,2867852,44.71
2012/02/01,44.35,45.33,43.44,43.90,2662491,44.38
2012/02/02,44.35,45.65,43.77,45.46,3085281,44.71
2012/02/03,45.10,45.77,44.32,45.26,2544430,45.05
2012/02/06,45.65,45.75,44.03,44.36,2383344,44.89
2012/02/07,43.83,44.53,42.60,44.42,2858804,43.57
2012/02/08,43.99,48.52,43.39,47.57,5622782,45.96
2012/02/09,47.08,47.59,46.43,46.50,3937866,47.01
2012/02/10,46.50,47.34,45.69,46.66,2591306,46.52
2012/02/13,45.64,47.41,45.39,46.56,2069972,46.40
2012/02/14,46.77,46.79,45.72,46.24,1571936,46.25
2012/02/15,46.24,48.07,45.96,47.18,3431513,47.02
2012/02/16,46.95,47.24,45.65,46.17,2659652,46.45
2012/02/17,46.56,46.82,45.48,45.91,1929691,46.15
2012/02/20,46.76,46.92,45.79,45.91,2301055,46.36
2012/02/21,45.81,46.30,44.70,46.24,2412034,45.50
2012/02/22,46.24,47.02,46.04,46.85,2611995,46.53
2012/02/23,46.87,48.22,46.87,47.48,3663109,47.54
2012/02/24,47.48,48.90,47.47,48.38,3604978,48.18
2012/02/27,48.52,49.54,48.25,48.25,4162123,48.89
2012/02/28,47.73,47.93,46.76,47.16,2595517,47.34
2012/02/29,47.09,48.78,46.82,47.63,2890086,47.80
2012/03/01,47.25,49.00,46.96,48.91,3202945,47.98
2012/03/02,49.13,52.66,49.10,50.51,4043755,50.88
2012/03/05,50.04,53.03,50.02,51.88,4313298,51.53
2012/03/06,52.16,53.45,50.40,52.07,4447025,51.93
2012/03/07,50.72,51.44,49.75,49.91,3046363,50.59
2012/03/08,49.91,52.09,49.91,50.89,2561295,51.00
2012/03/09,51.11,52.14,50.41,52.14,2919016,51.27
2012/03/12,52.36,54.05,51.99,52.58,3053344,53.02
2012/03/13,52.67,52.76,51.50,52.15,1895929,52.13
2012/03/14,52.28,53.84,48.29,49.29,4449841,51.07
2012/03/15,49.03,49.91,47.86,49.16,2877212,48.88
2012/03/16,52.16,54.06,52.16,54.06,9512240,53.11
2012/03/19,54.04,57.09,53.68,57.08,8298104,55.39
2012/03/20,56.31,56.41,54.96,54.96,4982711,55.68
2012/03/21,54.75,60.44,54.50,57.55,7721824,57.47
2012/03/22,56.77,57.66,55.08,55.62,3712741,56.37
2012/03/23,54.75,55.91,53.45,53.75,3399315,54.68
2012/03/26,53.75,57.61,53.52,56.13,4261931,55.57
2012/03/27,56.47,57.94,55.62,55.66,3640522,56.78
2012/03/28,54.88,55.27,51.85,52.02,3784760,53.56
2012/03/29,50.71,52.80,50.20,52.53,3088181,51.50
2012/03/30,52.09,53.09,49.72,50.32,2597588,51.41
2012/04/05,50.32,52.80,50.07,52.71,2470488,51.43
2012/04/06,52.28,53.16,51.53,52.09,2438675,52.34
2012/04/09,51.63,52.75,51.03,51.50,1544932,51.89
2012/04/10,51.01,52.74,49.13,52.67,2370073,50.94
2012/04/11,51.31,52.67,51.02,51.76,1457555,51.85
2012/04/12,51.31,52.67,51.02,51.76,0,51.85
2012/04/13,53.41,56.53,52.97,56.05,5506008,54.75
2012/04/16,55.34,55.76,54.57,55.01,2409051,55.16
2012/04/17,55.01,57.49,55.01,56.05,3558825,56.25
2012/04/18,56.80,58.81,56.05,57.74,3511865,57.43
2012/04/19,57.51,57.97,56.65,56.87,2021110,57.31
2012/04/20,56.77,57.84,56.41,57.16,2543590,57.13
2012/04/23,57.48,59.30,56.15,57.16,3391317,57.72
2012/04/24,55.74,56.75,53.22,55.53,5800014,54.98
2012/04/25,55.89,56.96,54.57,55.87,4567301,55.77
2012/04/26,54.96,59.95,54.62,57.69,10950510,57.29
2012/04/27,56.83,57.48,55.87,56.44,4456886,56.67
2012/05/02,57.87,60.73,56.73,58.99,8494640,58.73
2012/05/03,58.78,60.34,58.13,59.35,6632419,59.24
2012/05/04,60.03,61.54,58.81,61.48,6788836,60.18
2012/05/07,60.47,61.43,59.82,60.70,7200809,60.63
2012/05/08,60.99,61.33,58.83,60.47,6859175,60.08
2012/05/09,59.72,59.95,58.55,58.65,5472654,59.25
2012/05/10,58.47,59.56,58.13,58.78,3687274,58.85
2012/05/11,58.65,62.81,58.26,59.77,8929375,60.54
2012/05/14,60.57,61.07,58.78,58.99,6144099,59.93
2012/05/15,58.00,58.52,57.22,58.08,4277054,57.87
2012/05/16,58.10,58.68,57.69,57.74,3225143,58.18
2012/05/17,57.77,59.04,57.35,58.96,3416539,58.20
2012/05/18,58.47,58.78,56.78,56.91,4509055,57.78
2012/05/21,56.96,58.52,56.26,57.30,3774714,57.39
2012/05/22,57.74,58.42,57.09,57.87,2729871,57.76
2012/05/23,57.71,58.42,57.09,57.48,3540922,57.76
2012/05/24,56.91,57.77,56.47,56.70,2809691,57.12
2012/05/25,56.73,57.32,54.62,54.91,3724864,55.97
2012/05/28,54.05,55.92,53.16,55.66,3058185,54.54
2012/05/29,55.66,58.49,55.40,57.84,6012351,56.95
2012/05/30,57.74,58.00,57.17,57.38,2835970,57.59
2012/05/31,56.93,57.95,56.41,57.30,2661223,57.18
2012/06/01,57.48,58.57,57.48,58.49,4781257,58.02
2012/06/04,57.69,58.78,56.83,56.93,4323055,57.80
2012/06/05,56.80,57.69,56.39,56.93,2538720,57.04
2012/06/06,57.35,60.05,57.35,58.99,6969424,58.70
2012/06/07,62.16,63.59,59.04,59.82,8664212,61.32
2012/06/08,60.08,60.42,58.44,58.57,4363189,59.43
2012/06/11,58.21,60.76,58.21,60.47,4884766,59.48
2012/06/12,60.29,61.64,59.30,60.99,6231201,60.47
2012/06/13,60.94,61.64,59.64,60.83,4579829,60.64
2012/06/14,60.81,60.86,59.09,59.30,4375021,59.98
2012/06/15,59.51,59.92,58.18,59.74,3542696,59.05
2012/06/18,60.08,60.21,59.35,59.85,2642077,59.78
2012/06/19,59.82,59.82,58.78,58.78,2175422,59.30
2012/06/20,58.83,59.79,58.55,58.65,2136409,59.17
2012/06/21,58.52,58.62,57.51,57.74,2000771,58.06
2012/06/25,57.43,57.43,54.78,54.88,2763706,56.11
2012/06/26,54.33,55.30,53.24,54.72,2675338,54.27
2012/06/27,55.06,55.40,53.53,53.55,2405711,54.46
2012/06/28,54.10,54.36,52.54,52.67,1696509,53.45
2012/06/29,52.31,54.80,51.97,54.70,2513051,53.38
2012/07/02,55.22,56.57,54.88,55.40,2749057,55.73
2012/07/03,55.92,56.54,54.83,55.32,2135979,55.68
2012/07/04,55.92,56.39,55.27,55.69,1437341,55.83
2012/07/05,55.92,55.92,53.58,54.41,2481408,54.75
2012/07/06,54.07,55.82,52.90,55.63,2986810,54.36
2012/07/09,56.86,60.08,56.60,57.74,9764545,58.34
2012/07/10,56.44,58.78,55.74,58.26,4953935,57.26
2012/07/11,57.87,58.62,56.96,57.87,3181281,57.79
2012/07/12,57.61,60.21,56.44,59.04,7183413,58.32
2012/07/13,59.01,60.73,58.42,58.78,6416920,59.57
2012/07/16,58.91,59.51,54.88,55.11,6505570,57.20
2012/07/17,54.59,55.56,53.84,55.04,2372528,54.70
2012/07/18,54.62,55.09,53.22,54.85,2721464,54.16
2012/07/19,54.80,56.08,54.39,55.17,2661662,55.23
2012/07/20,55.01,55.37,53.79,54.23,2190049,54.58
2012/07/23,53.58,53.76,52.25,52.88,2498827,53.00
2012/07/24,52.80,53.42,52.25,53.01,2484953,52.84
2012/07/25,52.75,53.16,52.28,52.41,2269966,52.72
2012/07/26,52.80,53.27,52.28,52.54,2162811,52.78
2012/07/27,52.96,53.22,51.79,52.41,1957468,52.50
2012/07/30,52.41,52.72,50.98,51.11,2250969,51.85
2012/07/31,50.85,51.11,46.14,46.40,4890690,48.63
2012/08/01,45.91,47.81,45.91,46.69,3481513,46.86
2012/08/02,47.76,49.06,47.13,47.39,3409533,48.10
2012/08/03,47.70,48.20,46.59,48.12,2773618,47.40
2012/08/06,47.73,52.12,47.57,51.92,5361850,49.84
2012/08/07,51.89,53.27,51.40,52.41,4674961,52.34
2012/08/08,52.54,55.40,51.76,53.24,5972499,53.58
2012/08/09,53.06,54.15,51.60,53.32,4143346,52.88
2012/08/10,53.01,53.87,52.59,53.29,3088831,53.23
2012/08/13,52.75,53.24,50.82,50.95,3985020,52.03
2012/08/14,50.98,51.60,49.50,51.45,2639130,50.55
2012/08/15,51.45,51.92,49.97,50.41,1887022,50.95
2012/08/16,50.20,50.67,49.45,49.73,1629420,50.06
2012/08/17,49.68,50.17,49.37,50.02,1184261,49.77
2012/08/20,49.68,50.33,48.64,49.89,1836471,49.48
2012/08/21,49.78,52.25,49.63,52.23,3116946,50.94
2012/08/22,52.23,52.23,50.90,51.37,1850668,51.56
2012/08/23,51.50,53.71,51.50,52.80,3893603,52.61
2012/08/24,52.41,52.54,51.21,51.40,2239642,51.88
2012/08/27,51.40,52.15,49.84,49.89,2526303,51.00
2012/08/28,50.15,51.24,49.29,50.75,1858964,50.27
2012/08/29,50.56,53.22,49.73,52.57,4399946,51.47
2012/08/30,51.84,52.98,50.23,51.92,3508297,51.60
2012/08/31,51.58,52.41,50.33,51.14,1986079,51.37
2012/09/03,51.21,53.45,51.01,53.06,4295264,52.23
2012/09/04,53.03,55.89,52.67,53.63,7770133,54.28
2012/09/05,53.66,55.56,53.06,55.01,7677257,54.31
2012/09/06,54.96,55.61,54.36,54.83,4042232,54.98
2012/09/07,55.61,59.04,55.14,57.48,10230222,57.09
2012/09/10,57.90,59.77,57.12,58.39,8316848,58.45
2012/09/11,57.48,58.05,56.99,57.87,4073127,57.52
2012/09/12,59.82,62.52,58.57,59.27,10929701,60.55
2012/09/13,59.30,59.43,57.53,57.71,5890852,58.48
2012/09/14,60.18,61.02,58.00,58.52,10205209,59.51
2012/09/17,58.65,60.47,57.53,57.82,7113092,59.00
2012/09/18,56.70,56.70,54.62,55.30,6668358,55.66
2012/09/19,55.61,57.48,55.01,57.35,4566718,56.24
2012/09/20,56.70,56.96,54.67,54.75,4344824,55.82
2012/09/21,54.78,56.86,54.49,55.56,3996229,55.68
2012/09/24,54.62,61.09,53.94,61.09,11348171,57.52
2012/09/25,60.31,61.33,58.47,59.25,10652038,59.90
2012/09/26,58.83,59.17,56.28,56.36,6256733,57.73
2012/09/27,56.13,61.67,56.13,59.43,10526191,58.90
2012/09/28,59.43,64.11,59.09,62.76,20364534,61.60
2012/10/08,62.37,63.10,60.42,62.78,9436127,61.76
2012/10/09,62.37,64.37,61.82,63.72,11832231,63.10
2012/10/10,62.89,63.64,62.32,63.20,7087128,62.98
2012/10/11,62.45,62.89,60.91,60.96,7679440,61.90
2012/10/12,59.92,60.57,57.48,58.00,11855733,59.02
2012/10/15,57.64,58.91,57.12,58.52,5509322,58.01
2012/10/16,58.13,60.08,58.03,58.94,5894852,59.05
2012/10/17,59.30,60.26,58.99,59.95,4064042,59.63
2012/10/18,59.79,60.34,59.38,60.00,4785685,59.86
2012/10/19,59.74,60.05,57.38,57.77,6948129,58.71
2012/10/22,56.96,57.69,55.92,57.45,4437949,56.80
2012/10/23,57.12,58.73,57.09,57.69,3802014,57.91
2012/10/24,56.57,57.69,56.23,56.75,2509425,56.96
2012/10/25,56.70,58.00,56.54,57.14,3080836,57.27
2012/10/26,57.40,58.39,56.10,57.22,4628860,57.25
2012/10/29,57.22,57.45,55.24,55.43,3331880,56.35
2012/10/30,55.40,56.54,55.22,55.58,2162024,55.88
2012/10/31,55.58,57.43,55.35,57.30,3676097,56.39
2012/11/01,57.17,58.75,56.86,58.18,5417313,57.80
2012/11/02,58.39,58.70,57.40,57.71,3090251,58.05
2012/11/05,57.48,57.90,56.44,56.75,2930310,57.17
2012/11/06,56.93,57.09,54.88,55.84,3376926,55.99
2012/11/07,56.18,57.45,55.66,56.47,3584979,56.55
2012/11/08,55.14,55.45,53.53,53.63,4833436,54.49
2012/11/09,53.50,54.36,53.06,53.16,2393585,53.71
2012/11/12,53.24,54.05,53.14,53.53,1693569,53.59
2012/11/13,53.35,53.79,52.31,52.33,2434517,53.05
2012/11/14,52.28,53.03,51.97,52.77,2369392,52.50
2012/11/15,52.31,52.85,50.88,50.88,2171332,51.87
2012/11/16,50.75,50.85,49.29,50.17,2621933,50.07
2012/11/19,50.33,51.53,49.68,51.34,2054359,50.61
2012/11/20,51.81,52.02,50.64,50.67,1687347,51.33
2012/11/21,50.49,51.71,50.10,51.53,2137201,50.91
2012/11/22,51.47,52.62,50.46,52.23,3205204,51.54
2012/11/23,52.70,56.31,52.07,55.01,8791308,54.19
2012/11/26,54.62,56.26,54.23,54.91,6021134,55.24
2012/11/27,54.36,54.70,52.80,52.98,3557204,53.75
2012/11/28,52.54,52.77,49.94,50.46,3224033,51.36
2012/11/29,50.36,51.34,48.64,48.90,2915641,49.99
2012/11/30,49.32,50.69,48.87,50.07,2751363,49.78
2012/12/03,49.81,50.51,48.22,48.46,2656479,49.36
2012/12/04,48.09,50.25,47.81,50.12,3323072,49.03
2012/12/05,49.68,53.92,49.45,52.31,4991260,51.69
2012/12/06,52.02,52.67,50.77,51.37,3275328,51.72
2012/12/07,51.47,53.03,50.88,52.36,3967244,51.96
2012/12/10,52.36,54.36,52.12,53.29,4476908,53.24
2012/12/11,53.35,54.59,52.67,53.24,4308400,53.63
2012/12/12,53.03,53.48,52.31,53.24,3515187,52.89
2012/12/13,53.32,53.32,51.24,51.50,3501269,52.28
2012/12/14,51.06,54.31,51.06,53.84,6042450,52.69
2012/12/17,54.07,56.13,53.84,54.26,6674427,54.99
2012/12/18,53.84,56.02,53.58,54.98,8129499,54.80
2012/12/19,54.59,55.53,54.10,54.65,4252885,54.82
2012/12/20,53.97,60.08,53.84,60.08,14118020,56.96
2012/12/21,60.03,61.04,58.26,58.60,15993890,59.65
2012/12/24,58.03,60.03,57.22,59.43,8626960,58.63
2012/12/25,58.52,61.33,57.48,60.21,14686757,59.40
2012/12/26,59.59,60.96,59.30,60.34,10106526,60.13
2012/12/27,60.34,60.70,58.39,58.55,8914367,59.55
2012/12/28,58.26,61.59,58.26,60.21,11269086,59.93
2012/12/31,60.08,62.65,59.98,61.28,11592657,61.31
2013/01/04,62.21,63.20,60.31,60.52,10139981,61.76
2013/01/07,60.29,60.31,58.47,59.35,7297528,59.39
2013/01/08,59.35,60.03,58.42,60.00,6312711,59.23
2013/01/09,59.61,60.05,58.47,59.38,5667991,59.26
2013/01/10,59.82,61.64,59.56,59.92,7981117,60.60
2013/01/11,60.03,60.47,58.49,58.86,5383857,59.48
2013/01/14,58.70,61.77,58.49,61.17,8395522,60.13
2013/01/15,61.35,63.07,61.02,62.21,10713907,62.05
2013/01/16,62.32,66.81,61.90,64.66,16290375,64.36
2013/01/17,64.47,65.51,62.11,62.19,8870454,63.81
2013/01/18,62.47,63.38,61.54,62.84,6117711,62.46
2013/01/21,62.68,63.17,61.64,62.60,4467033,62.41
2013/01/22,62.26,65.77,62.03,63.69,12734990,63.90
2013/01/23,63.46,64.11,62.42,63.59,6596027,63.27
2013/01/24,63.59,66.58,63.20,63.72,12654284,64.89
2013/01/25,63.85,67.36,63.85,66.53,14637232,65.61
2013/01/28,66.40,68.53,66.06,67.75,10569486,67.30
2013/01/29,67.80,69.15,66.84,67.41,8762212,68.00
2013/01/30,66.97,69.36,66.97,68.04,7788056,68.16
2013/01/31,68.66,71.75,68.43,70.69,11335550,70.09
2013/02/01,69.57,71.05,68.95,69.99,7798417,70.00
2013/02/04,69.99,71.47,67.49,69.49,9283899,69.48
2013/02/05,68.40,70.32,68.06,69.08,4636265,69.19
2013/02/06,68.97,70.74,68.97,69.18,4503473,69.85
2013/02/07,68.92,69.41,67.91,69.00,4608209,68.66
2013/02/08,69.02,73.05,68.82,72.09,7705080,70.93
2013/02/18,72.25,72.51,69.86,70.35,5168300,71.19
2013/02/19,70.14,71.21,68.71,69.65,4624595,69.96
2013/02/20,69.65,70.17,68.82,69.78,3200304,69.49
2013/02/21,68.87,68.92,65.28,65.41,8400626,67.10
2013/02/22,65.38,67.67,64.06,65.93,6987676,65.87
2013/02/25,65.36,65.90,64.50,64.76,4480028,65.20
2013/02/26,64.63,65.67,63.72,64.37,3815062,64.70
2013/02/27,67.57,68.14,65.98,66.19,7896852,67.06
2013/02/28,66.06,68.66,66.06,68.22,5527236,67.36
2013/03/01,67.88,68.09,66.71,67.41,4841761,67.40
2013/03/04,66.89,66.89,63.80,64.45,5382311,65.34
2013/03/05,64.37,66.06,64.37,65.67,3694035,65.22
2013/03/06,65.85,67.67,64.94,67.33,5442633,66.30
2013/03/07,66.79,69.65,66.32,68.27,7835475,67.98
2013/03/08,68.50,69.91,67.93,68.27,5415333,68.92
2013/03/11,67.91,69.36,67.36,67.65,4112911,68.36
2013/03/12,67.52,69.36,65.02,65.80,5345966,67.19
2013/03/13,66.03,67.70,66.01,66.45,4113861,66.86
2013/03/14,66.42,67.05,65.02,65.10,3385293,66.03
2013/03/15,65.18,68.22,65.02,66.32,3999206,66.62
2013/03/18,65.80,66.32,64.92,65.05,2781976,65.62
2013/03/19,66.81,67.62,65.57,67.49,6375796,66.59
2013/03/20,68.11,69.91,67.91,69.62,7300312,68.91
2013/03/21,69.96,70.19,68.84,69.67,5568419,69.52
2013/03/22,69.65,71.55,69.23,70.43,5937064,70.39
2013/03/25,70.43,71.42,69.78,70.53,4912936,70.60
2013/03/26,70.09,70.17,68.27,69.44,4029659,69.22
2013/03/27,69.28,70.38,68.84,69.65,3281792,69.61
2013/03/28,68.92,68.92,66.01,66.19,5390131,67.47
2013/03/29,65.67,66.84,65.07,65.80,3266379,65.95
2013/04/01,65.80,67.10,65.41,65.93,2177976,66.25
2013/04/02,65.93,67.41,65.80,66.19,2746063,66.60
2013/04/03,66.37,66.76,64.94,65.28,3168426,65.85
2013/04/08,63.95,65.07,61.85,64.92,2491395,63.46
2013/04/09,64.50,67.62,64.50,67.10,3618222,66.06
2013/04/10,67.10,69.02,66.63,67.91,5086905,67.82
2013/04/11,68.24,68.58,66.71,66.71,2391020,67.64
2013/04/12,67.78,69.60,67.52,68.61,4429000,68.56
2013/04/15,67.62,67.88,65.83,66.06,2926515,66.85
2013/04/16,64.89,66.84,62.94,66.48,3299310,64.89
2013/04/17,66.01,66.68,65.36,65.93,1836647,66.02
2013/04/18,65.18,67.07,64.50,66.27,1822653,65.78
2013/04/19,68.35,72.87,68.35,72.87,16175070,70.61
2013/04/22,72.56,73.99,71.81,73.34,10429113,72.90
2013/04/23,73.99,76.28,72.53,72.61,12163083,74.41
2013/04/24,73.21,75.37,72.69,74.51,9338754,74.03
2013/04/25,74.61,76.59,72.61,72.79,8922494,74.60
2013/04/26,72.35,73.55,69.65,69.83,6300860,71.60
2013/05/02,68.71,71.05,68.61,70.35,3466543,69.83
2013/05/03,72.04,74.90,72.04,74.67,7588214,73.47
2013/05/06,74.59,76.46,74.48,75.19,6638577,75.47
2013/05/07,75.13,79.35,74.51,77.01,8119103,76.93
2013/05/08,77.42,77.79,76.23,77.73,5493991,77.01
2013/05/09,77.92,78.07,75.26,76.12,6693269,76.66
2013/05/10,76.12,78.72,75.21,76.82,8809482,76.96
2013/05/13,78.02,79.06,74.90,77.76,16513295,76.98
2013/05/14,77.24,78.44,75.26,76.25,9515500,76.85
2013/05/15,76.04,80.26,76.04,79.84,16703728,78.15
2013/05/16,80.41,80.41,77.55,78.12,19204668,78.98
2013/05/17,77.86,79.42,75.63,79.27,18510688,77.52
2013/05/20,79.16,81.30,78.02,80.46,20734503,79.66
2013/05/21,80.62,83.12,79.94,82.54,19160152,81.53
2013/05/22,82.96,84.36,81.56,82.39,17615956,82.96
2013/05/23,81.61,82.28,79.68,80.00,14824984,80.98
2013/05/24,79.42,80.52,78.44,80.20,14398402,79.48
2013/05/27,79.37,80.15,78.18,78.75,14213803,79.17
2013/05/28,78.59,80.62,78.54,79.84,14272640,79.58
2013/05/29,79.84,80.46,78.07,78.38,15335243,79.26
2013/05/30,78.02,78.07,75.94,76.25,17360236,77.00
2013/05/31,76.25,76.98,75.84,75.99,9156477,76.41
2013/06/03,75.68,76.72,75.52,76.30,7598647,76.12
2013/06/04,76.88,76.98,72.40,72.92,12714548,74.69
2013/06/05,72.20,72.92,69.96,71.16,13107552,71.44
2013/06/06,70.69,71.47,68.61,68.92,10534168,70.04
2013/06/07,69.18,70.48,67.52,68.35,10994222,69.00
2013/06/13,67.57,67.57,64.45,65.49,9136722,66.01
2013/06/14,65.59,67.57,65.59,67.05,7994598,66.58
2013/06/17,66.79,68.24,65.85,68.04,7920755,67.04
2013/06/18,67.78,69.13,67.31,67.88,5855910,68.22
2013/06/19,67.93,68.66,66.68,68.35,5983637,67.67
2013/06/20,67.62,67.62,62.99,63.82,7281011,65.31
2013/06/21,61.12,62.89,60.08,62.42,8017250,61.48
2013/06/24,62.11,62.11,56.23,56.91,8831574,59.17
2013/06/25,56.44,57.69,51.50,55.14,12654321,54.59
2013/06/26,54.62,60.60,53.58,60.18,15837949,57.09
2013/06/27,59.30,61.07,58.42,58.78,13940541,59.75
2013/06/28,59.14,61.28,58.73,59.40,9948406,60.00
2013/07/01,59.40,60.60,58.73,60.50,5699044,59.66
2013/07/02,61.07,61.17,60.08,60.91,7644281,60.63
2013/07/03,60.91,60.91,57.79,59.46,9439037,59.35
2013/07/04,58.99,63.98,57.90,62.21,15732090,60.94
2013/07/05,61.80,65.54,61.12,63.46,18030202,63.33
2013/07/08,61.85,61.90,59.30,59.30,12795602,60.60
2013/07/09,59.61,60.60,58.94,59.46,6444722,59.77
2013/07/10,59.40,64.92,59.04,63.67,17359499,61.98
2013/07/11,63.56,67.83,63.56,66.48,27904720,65.70
2013/07/12,66.37,66.48,64.24,64.24,16273396,65.36
2013/07/15,64.34,67.00,64.29,65.80,12131949,65.65
2013/07/16,65.54,66.68,65.02,66.06,9307069,65.85
2013/07/17,66.32,67.41,64.66,64.97,10882547,66.03
2013/07/18,64.50,64.92,62.94,63.20,10394629,63.93
2013/07/19,63.15,63.93,59.82,59.92,9654355,61.88
2013/07/22,58.88,61.54,58.16,61.28,8613165,59.85
2013/07/23,61.43,65.59,61.38,64.34,12177206,63.49
2013/07/24,64.19,64.34,62.52,63.72,9609062,63.43
2013/07/25,63.46,65.02,63.30,63.62,7882438,64.16
2013/07/26,63.46,63.88,61.38,62.26,6598902,62.63
2013/07/29,61.69,62.32,59.98,60.13,6074541,61.15
2013/07/30,60.18,62.78,60.18,61.17,5854400,61.48
2013/07/31,62.68,63.93,62.11,62.21,7221529,63.02
2013/08/01,62.06,63.88,62.06,63.36,7684574,62.97
2013/08/02,64.29,64.60,63.51,63.56,9181011,64.05
2013/08/05,63.82,64.66,63.67,64.45,8652972,64.16
2013/08/06,64.66,65.75,63.20,65.33,12559495,64.48
2013/08/07,65.12,65.64,63.82,64.19,8886564,64.73
2013/08/08,64.40,65.49,64.40,64.86,8642489,64.95
2013/08/09,65.59,69.39,65.07,67.72,22852207,67.23
2013/08/12,67.98,74.43,66.84,73.60,50991381,70.64
2013/08/13,72.35,74.85,72.20,74.12,33090282,73.52
2013/08/14,74.28,74.74,71.62,72.30,20970111,73.18
2013/08/15,71.94,74.12,71.94,72.51,15152215,73.03
2013/08/16,71.83,74.33,69.54,69.80,20882411,71.94
2013/08/19,68.97,73.08,68.35,72.14,17132505,70.71
2013/08/20,71.42,72.35,69.80,70.22,13199487,71.07
2013/08/21,70.22,73.44,69.75,73.39,18705994,71.59
2013/08/22,73.34,73.76,71.16,71.36,18206791,72.46
2013/08/23,71.83,74.12,69.80,72.25,17738405,71.96
2013/08/26,73.08,73.29,71.94,73.13,13987100,72.62
2013/08/27,72.66,75.52,72.46,74.43,21425711,73.99
2013/08/28,74.33,76.10,73.39,75.21,29957787,74.74
2013/08/29,74.85,74.85,71.47,71.88,21509035,73.16
2013/08/30,72.30,72.40,68.76,69.28,16119214,70.58
2013/09/02,68.66,70.74,68.61,70.43,7876878,69.67
2013/09/03,70.58,70.95,69.80,70.84,7313293,70.38
2013/09/04,70.74,74.33,70.48,72.98,18940100,72.41
2013/09/05,73.08,73.65,72.04,72.25,9988669,72.85
2013/09/06,72.35,73.60,72.20,72.92,9658510,72.90
2013/09/09,73.13,75.37,72.51,74.85,20085795,73.94
2013/09/10,74.64,74.64,73.24,74.22,17190709,73.94
2013/09/11,74.02,76.88,73.08,73.34,25206726,74.98
2013/09/12,72.66,72.82,71.47,71.73,13605076,72.14
2013/09/13,71.78,74.12,71.57,72.72,9624554,72.84
2013/09/16,72.72,72.77,69.18,70.12,28287268,70.98
2013/09/17,69.18,71.00,68.35,69.86,21714344,69.67
2013/09/18,69.49,71.21,69.23,69.80,11110005,70.22
2013/09/23,70.22,70.64,69.44,70.01,10867224,70.04
2013/09/24,69.86,70.27,68.40,68.50,12522196,69.34
2013/09/25,68.56,69.02,67.15,67.36,12315509,68.09
2013/09/26,67.26,68.04,65.64,65.70,10941734,66.84
2013/09/27,65.70,66.68,65.54,65.85,5638091,66.11
2013/09/30,65.96,69.49,65.96,68.19,8870515,67.72
2013/10/08,67.46,68.97,66.58,68.40,8180711,67.77
2013/10/09,68.35,68.82,67.52,68.56,6889963,68.17
2013/10/10,68.40,69.08,67.88,68.45,9364408,68.48
2013/10/11,68.71,69.18,67.67,68.30,8267872,68.43
2013/10/14,68.09,68.45,66.94,67.10,8101239,67.70
2013/10/15,67.00,68.35,67.00,67.36,6346469,67.67
2013/10/16,67.41,67.78,64.60,64.76,8247161,66.19
2013/10/17,65.12,66.37,64.50,64.81,7008450,65.44
2013/10/18,64.86,65.49,64.76,64.97,4402677,65.13
2013/10/21,65.12,65.44,63.10,65.38,10935272,64.27
2013/10/22,65.38,65.38,64.03,64.55,6945599,64.70
2013/10/23,64.81,66.32,64.29,64.40,9133388,65.30
2013/10/24,64.50,64.92,64.03,64.08,4666280,64.48
2013/10/25,64.34,64.55,61.43,62.32,6238203,62.99
2013/10/28,62.89,63.41,62.21,62.63,3585126,62.81
2013/10/29,62.84,63.82,59.61,61.17,6402204,61.71
2013/10/30,61.17,62.32,60.91,62.11,3904164,61.61
2013/10/31,62.00,62.16,61.28,61.64,3837029,61.72
2013/11/01,61.43,63.10,61.43,62.47,4204568,62.27
2013/11/04,62.42,63.56,62.16,62.58,3302834,62.86
2013/11/05,62.42,62.52,61.22,62.47,4682235,61.87
2013/11/06,62.68,62.78,61.38,61.54,4825177,62.08
2013/11/07,61.28,61.38,60.08,60.08,5172673,60.73
2013/11/08,59.61,60.34,58.57,58.73,4016702,59.46
2013/11/11,58.52,59.25,58.16,58.57,3875994,58.70
2013/11/12,58.78,59.66,58.21,59.56,4046226,58.93
2013/11/13,59.14,59.14,58.26,58.31,3423325,58.70
2013/11/14,58.31,59.04,58.16,59.04,2734848,58.60
2013/11/15,59.20,61.17,58.88,60.55,6638573,60.03
2013/11/18,61.07,61.90,60.65,61.80,6217393,61.27
2013/11/19,61.85,62.42,61.48,61.95,4394031,61.95
2013/11/20,62.00,62.42,61.48,62.32,5286476,61.95
2013/11/21,62.26,62.26,61.28,61.54,4688100,61.77
2013/11/22,61.74,62.37,60.91,62.37,5769750,61.64
2013/11/25,62.37,62.37,61.38,61.43,4531410,61.88
2013/11/26,61.12,61.64,60.86,61.12,3130660,61.25
2013/11/27,61.07,62.11,60.91,61.80,3939914,61.51
2013/11/28,61.90,67.93,61.90,67.93,32906618,64.92
2013/11/29,69.60,72.72,67.93,71.26,55329094,70.33
2013/12/02,70.32,78.33,69.13,78.33,87838816,73.73
2013/12/03,76.98,80.10,74.38,80.10,64775369,77.24
2013/12/04,79.01,80.57,77.55,77.60,46282715,79.06
2013/12/05,76.20,77.24,73.65,73.96,56013793,75.45
2013/12/06,73.34,74.95,72.40,74.54,31685345,73.68
2013/12/09,74.38,74.80,73.39,74.17,19139253,74.09
2013/12/10,73.96,77.29,73.81,74.85,39611997,75.55
2013/12/11,73.29,73.29,70.79,70.84,28111167,72.04
2013/12/12,71.16,72.46,70.79,71.31,16847997,71.63
2013/12/13,70.74,72.56,70.22,71.52,13148981,71.39
2013/12/16,72.20,73.34,70.48,72.04,14095082,71.91
2013/12/17,72.14,73.34,70.90,72.61,17890793,72.12
2013/12/18,72.61,76.36,72.40,73.96,27929596,74.38
2013/12/19,73.96,75.16,70.74,71.21,19124452,72.95
2013/12/20,70.22,70.27,68.14,68.97,15363038,69.20
2013/12/23,68.56,69.18,66.53,67.52,9643390,67.86
2013/12/24,67.26,68.97,66.68,67.67,9762059,67.83
2013/12/25,67.10,68.82,66.84,68.71,9200607,67.83
2013/12/26,68.56,69.13,66.06,66.16,13187393,67.59
2013/12/27,66.01,70.22,65.75,68.61,14559517,67.98
2013/12/30,70.06,70.27,68.19,68.30,9817321,69.23
2013/12/31,68.45,70.74,68.24,69.39,13984863,69.49
2014/01/02,71.26,74.48,70.79,71.31,22386413,72.64
2014/01/03,71.62,72.82,70.22,71.16,15997988,71.52
2014/01/06,70.90,71.16,67.52,67.78,12929574,69.34
2014/01/07,67.31,69.49,66.58,68.56,8582150,68.03
2014/01/08,68.76,70.69,67.46,70.48,13949263,69.07
2014/01/09,69.49,71.05,68.56,68.61,10463596,69.80
2014/01/10,68.66,70.43,68.56,69.39,8645149,69.50
2014/01/13,69.44,73.34,69.44,71.78,20956791,71.39
2014/01/14,71.16,72.56,70.48,72.25,13782980,71.52
2014/01/15,72.20,72.77,70.58,71.42,12298439,71.67
2014/01/16,71.47,74.74,71.05,73.76,25100319,72.89
2014/01/17,73.34,73.44,71.68,71.78,14681726,72.56
2014/01/20,71.42,71.42,69.75,69.91,10157134,70.59
2014/01/21,69.70,71.52,69.70,71.47,7451116,70.61
2014/01/22,71.42,74.02,71.36,72.77,14898102,72.69
2014/01/23,73.03,73.34,72.04,72.46,11053864,72.69
2014/01/24,72.35,74.74,72.20,73.18,17629990,73.47
2014/01/27,72.46,74.07,72.20,72.72,11592698,73.13
2014/01/28,72.77,73.60,72.40,73.44,8063887,73.00
2014/01/29,73.86,75.32,73.65,73.91,13410659,74.48
2014/01/30,73.81,74.17,71.57,71.73,9532876,72.87
2014/02/07,71.36,73.13,70.22,73.08,10053373,71.67
2014/02/10,73.08,76.82,72.92,75.73,20519117,74.87
2014/02/11,75.94,77.76,74.48,76.77,23478817,76.12
2014/02/12,76.67,77.03,75.26,76.15,15628268,76.15
2014/02/13,76.15,78.49,75.58,76.04,23366552,77.03
2014/02/14,75.94,76.93,74.54,76.62,15432559,75.74
2014/02/17,77.66,77.92,75.94,76.56,15954575,76.93
2014/02/18,76.98,77.24,74.17,74.38,18984423,75.70
2014/02/19,74.43,75.94,74.33,74.59,12428624,75.13
2014/02/20,74.38,75.06,72.20,72.40,15320121,73.63
2014/02/21,72.35,74.33,72.20,72.92,12049947,73.27
2014/02/24,72.20,72.82,69.91,70.90,11944064,71.36
2014/02/25,71.00,71.68,67.10,67.98,13798318,69.39
2014/02/26,67.98,69.18,66.48,68.82,10476821,67.83
2014/02/27,68.56,69.13,66.06,66.42,11645955,67.59
2014/02/28,66.48,67.57,65.12,67.36,9157017,66.34
2014/03/03,67.36,68.61,66.48,68.56,8745143,67.55
2014/03/04,68.14,71.88,67.46,70.79,18676513,69.67
2014/03/05,70.27,70.79,69.08,69.44,9369090,69.94
2014/03/06,69.18,69.44,67.57,68.45,7437091,68.50
2014/03/07,68.56,71.26,68.30,70.43,13660915,69.78
2014/03/10,69.34,69.34,66.37,66.37,9392999,67.86
2014/03/11,66.06,66.84,64.76,65.38,8091949,65.80
2014/03/12,65.38,67.52,63.88,66.32,8772062,65.70
2014/03/13,66.06,66.74,65.59,66.42,5349956,66.16
2014/03/14,66.22,66.48,64.92,65.54,4335121,65.70
2014/03/17,65.96,66.68,65.54,66.58,4469955,66.11
2014/03/18,66.63,67.05,66.16,66.58,5605044,66.60
2014/03/19,66.11,66.32,64.66,65.38,5592400,65.49
2014/03/20,64.92,65.90,63.36,63.36,5960351,64.63
2014/03/21,62.94,65.44,61.95,65.28,7951028,63.70
2014/03/24,65.54,67.57,65.54,66.22,7711271,66.55
2014/03/25,65.90,68.92,65.75,67.52,9902689,67.34
2014/03/26,67.15,67.98,66.58,67.41,5939536,67.28
2014/03/27,66.53,67.10,65.38,65.49,6983681,66.24
2014/03/28,64.97,66.16,64.71,65.07,5637226,65.43
2014/03/31,64.92,65.70,64.03,64.08,4275118,64.87
2014/04/01,63.77,64.97,63.77,64.81,3249957,64.37
2014/04/02,64.66,65.49,64.45,64.81,3422739,64.97
2014/04/03,65.02,65.44,64.29,64.66,4090870,64.87
2014/04/04,64.34,66.37,64.29,66.01,6278653,65.33
2014/04/08,65.33,67.31,64.92,66.74,10450502,66.12
2014/04/09,66.68,67.83,66.01,66.27,9018775,66.92
2014/04/10,66.63,67.10,65.54,66.53,10437663,66.32
2014/04/11,66.11,66.22,64.92,65.33,8643594,65.57
2014/04/14,65.07,66.37,64.97,65.80,5410967,65.67
2014/04/15,65.80,66.06,64.55,64.66,7437299,65.30
2014/04/16,64.40,65.07,63.98,64.45,5302848,64.52
2014/04/17,64.55,64.92,64.40,64.66,4236905,64.66
2014/04/18,64.66,65.33,64.34,64.81,3458926,64.84
2014/04/21,64.60,64.66,62.00,62.42,10157538,63.33
2014/04/22,62.42,63.10,61.38,63.10,6355929,62.24
2014/04/23,62.94,63.04,61.43,62.06,6589346,62.23
2014/04/24,61.90,62.11,60.86,60.91,4571120,61.48
2014/04/25,60.86,61.28,59.46,59.56,5305253,60.37
2014/04/28,58.88,59.40,56.28,56.44,7338847,57.84
2014/04/29,56.44,57.58,56.34,57.43,4095803,56.96
2014/04/30,57.22,57.53,56.75,57.01,5447447,57.14
2014/05/05,57.32,58.94,57.01,58.94,5399340,57.97
2014/05/06,58.68,60.44,58.00,58.57,7279850,59.22
2014/05/07,58.10,60.34,57.69,59.46,8224821,59.02
2014/05/08,59.20,60.08,59.04,59.14,6324242,59.56
2014/05/09,59.35,64.55,59.25,62.00,16834736,61.90
2014/05/12,62.16,68.14,61.69,68.14,36636955,64.91
2014/05/13,68.09,68.09,63.30,64.19,38575134,65.70
2014/05/14,63.72,64.19,62.21,62.78,15567487,63.20
2014/05/15,61.95,62.73,61.22,62.11,12362792,61.97
2014/05/16,62.47,62.52,60.08,60.96,10178153,61.30
2014/05/19,60.91,61.54,59.82,61.07,7742502,60.68
2014/05/20,61.80,62.06,59.61,60.39,8440010,60.84
2014/05/21,59.87,61.48,59.25,61.33,8195614,60.36
2014/05/22,60.91,61.64,59.98,60.29,6336211,60.81
2014/05/23,60.24,60.70,59.56,60.13,5586125,60.13
2014/05/26,60.08,61.22,60.08,61.17,6772752,60.65
2014/05/27,61.07,61.17,60.13,60.13,5734577,60.65
2014/05/28,60.03,60.76,59.66,60.70,7567789,60.21
2014/05/29,60.55,60.96,59.87,59.87,5877570,60.41
2014/05/30,59.87,61.80,59.77,60.86,11356570,60.79
2014/06/03,60.76,63.20,60.70,61.69,14995836,61.95
2014/06/04,61.48,61.48,59.40,59.77,9085091,60.44
2014/06/05,59.77,60.55,59.51,60.24,4671966,60.03
2014/06/06,60.39,60.96,59.82,60.29,5526272,60.39
2014/06/09,60.24,61.17,59.66,59.82,4641932,60.41
2014/06/10,59.92,60.39,58.57,59.82,6451369,59.48
2014/06/11,59.61,60.86,59.25,60.34,7574648,60.05
2014/06/12,60.08,62.11,59.61,60.96,13303064,60.86
2014/06/13,60.60,61.95,60.24,61.48,11537037,61.10
2014/06/16,61.43,61.80,61.02,61.48,7718346,61.41
2014/06/17,61.28,62.58,60.70,60.86,9354885,61.64
2014/06/18,60.70,64.19,60.08,63.25,21224854,62.13
2014/06/19,62.58,64.19,60.91,61.59,19059005,62.55
2014/06/20,61.80,64.60,61.64,63.15,17588520,63.12
2014/06/23,62.84,66.84,62.58,65.23,27220160,64.71
2014/06/24,64.60,65.80,63.77,64.86,18781222,64.79
2014/06/25,64.29,64.55,62.68,62.99,12008179,63.61
2014/06/26,62.99,64.45,62.99,63.36,12090294,63.72
2014/06/27,63.25,63.98,62.73,63.15,10105955,63.35
2014/06/30,63.25,64.24,62.52,63.93,10356709,63.38
2014/07/01,64.03,66.74,63.93,64.97,18615511,65.33
2014/07/02,64.76,65.18,63.88,64.81,11197124,64.53
2014/07/03,65.85,67.20,65.18,65.44,14550062,66.19
2014/07/04,65.28,65.75,64.29,64.34,9447209,65.02
2014/07/07,64.40,65.02,63.72,64.03,7054643,64.37
2014/07/08,63.98,64.97,63.88,64.86,7857811,64.43
2014/07/09,64.71,66.06,64.03,64.08,14235460,65.05
2014/07/10,63.93,65.54,63.62,64.76,10999814,64.58
2014/07/11,64.55,66.74,64.45,65.75,15021273,65.59
2014/07/14,66.37,68.14,65.59,67.46,20338929,66.87
2014/07/15,68.19,69.13,66.48,67.10,17521554,67.80
2014/07/16,66.53,67.93,65.49,65.59,13737273,66.71
2014/07/17,65.85,67.57,65.38,66.37,12536021,66.47
2014/07/18,66.16,67.72,65.90,67.26,14637014,66.81
2014/07/21,67.52,67.52,64.03,64.45,15111900,65.77
2014/07/22,64.45,67.62,64.19,67.00,19293940,65.91
2014/07/23,67.05,69.75,66.42,67.41,25466091,68.09
2014/07/24,67.20,68.92,65.90,68.40,24103443,67.41
2014/07/25,68.09,73.76,67.88,70.64,48127773,70.82
2014/07/28,71.16,75.47,70.27,74.43,55634469,72.87
2014/07/29,73.70,76.51,72.92,73.91,43967319,74.72
2014/07/30,72.87,74.12,72.46,73.13,24076823,73.29
2014/07/31,73.13,75.73,72.98,74.74,28539439,74.36
2014/08/01,73.76,74.38,71.62,71.94,24475881,73.00
2014/08/04,72.30,74.74,71.99,74.54,23370513,73.36
2014/08/05,74.54,75.11,72.46,73.65,21601330,73.78
2014/08/06,73.03,75.32,71.99,74.43,24107319,73.65
2014/08/07,73.65,74.33,71.68,71.99,22375813,73.01
2014/08/08,71.88,72.98,71.62,72.30,11502148,72.30
2014/08/11,72.40,73.44,72.14,72.98,13521705,72.79
2014/08/12,72.92,74.12,72.35,73.76,14947344,73.23
2014/08/13,73.65,76.93,73.13,76.88,38745093,75.03
2014/08/14,76.25,76.51,74.02,74.33,25155772,75.27
2014/08/15,73.65,74.54,72.77,73.44,14705705,73.66
2014/08/18,73.65,74.28,73.34,73.91,12194156,73.81
2014/08/19,74.17,74.59,73.24,73.55,13334247,73.91
2014/08/20,73.39,73.86,71.52,71.73,20417558,72.69
2014/08/21,71.94,72.77,71.16,72.35,12499235,71.96
2014/08/22,72.35,72.61,71.78,72.09,11056343,72.20
2014/08/25,72.20,72.40,69.80,70.22,17477793,71.10
2014/08/26,70.27,71.42,69.54,70.06,11307679,70.48
2014/08/27,70.12,71.05,69.91,70.58,6770064,70.48
2014/08/28,70.48,71.99,70.32,70.58,10157540,71.15
2014/08/29,70.69,71.52,69.80,71.52,7871282,70.66
2014/09/01,71.52,72.09,71.31,71.88,8396210,71.70
2014/09/02,71.88,73.08,70.58,72.66,22281606,71.83
2014/09/03,72.40,73.50,72.25,72.77,19038116,72.88
2014/09/04,72.61,74.95,72.56,74.43,27154754,73.76
2014/09/05,75.16,75.47,73.55,74.43,25999136,74.51
2014/09/09,74.59,75.26,73.96,74.17,14797292,74.61
2014/09/10,73.65,74.74,72.92,74.33,17494133,73.83
2014/09/11,74.28,75.26,72.92,73.13,19684470,74.09
2014/09/12,73.13,73.65,71.68,73.34,15505718,72.67
2014/09/15,72.92,78.54,72.87,77.29,34075427,75.71
2014/09/16,76.51,77.76,74.28,74.33,31316034,76.02
2014/09/17,74.90,79.63,74.80,78.44,40894738,77.21
2014/09/18,77.50,78.59,76.62,77.81,18504013,77.61
2014/09/19,77.81,79.06,76.72,77.81,20634952,77.89
2014/09/22,77.81,78.28,74.95,75.11,18883271,76.62
2014/09/23,74.85,76.25,74.17,75.47,16591254,75.21
2014/09/24,74.59,75.42,73.55,75.06,28224732,74.48
2014/09/25,75.26,75.99,74.48,74.80,22150773,75.23
2014/09/26,74.59,75.58,74.07,74.43,12628341,74.82
2014/09/29,75.06,75.16,74.17,74.38,16054602,74.66
2014/09/30,74.54,75.89,74.43,75.32,17840223,75.16
2014/10/08,75.32,75.94,74.74,75.89,16751674,75.34
2014/10/09,76.04,77.81,75.58,77.19,28107970,76.70
2014/10/10,76.72,77.08,74.48,74.95,20303345,75.78
2014/10/13,74.95,78.38,74.74,78.07,33173409,76.56
2014/10/14,78.23,78.70,76.46,77.71,19280378,77.58
2014/10/15,77.60,77.81,75.37,76.82,13911561,76.59
2014/10/16,75.99,76.82,73.76,73.76,21965863,75.29
2014/10/17,73.65,73.96,70.12,71.83,24282401,72.04
2014/10/20,72.09,73.29,71.57,72.61,9623631,72.43
2014/10/21,72.35,72.35,70.74,71.05,11763538,71.54
2014/10/22,71.21,71.78,70.01,70.12,8437923,70.90
2014/10/23,70.17,70.58,68.45,69.49,10400042,69.52
2014/10/24,69.39,70.12,69.28,69.60,6181814,69.70
2014/10/27,69.49,71.00,69.39,70.64,7362006,70.20
2014/10/28,70.69,71.83,70.43,71.68,10125265,71.13
2014/10/29,71.88,73.55,71.21,72.61,16019816,72.38
2014/10/30,72.09,73.13,71.83,72.14,11896100,72.48
2014/10/31,72.25,73.60,71.62,73.08,15190202,72.61
2014/11/03,73.34,73.96,72.72,72.92,10866528,73.34
2014/11/04,72.98,74.28,72.77,73.86,13359277,73.52
2014/11/05,73.65,74.33,71.94,72.04,10142763,73.13
2014/11/06,72.09,72.35,70.95,72.35,10496433,71.65
2014/11/07,72.40,72.56,70.01,70.12,15002413,71.29
2014/11/10,70.12,71.94,70.12,71.57,11562877,71.03
2014/11/11,71.73,71.94,69.13,70.27,15245979,70.53
2014/11/12,69.91,71.21,69.75,71.16,8275392,70.48
2014/11/13,71.16,73.50,70.01,72.98,24156648,71.76
2014/11/14,72.61,72.61,71.05,71.68,12124186,71.83
2014/11/17,72.09,74.43,71.16,73.34,20061977,72.80
2014/11/18,73.08,73.81,72.61,73.18,13492473,73.21
2014/11/19,73.13,73.44,71.99,72.30,10076706,72.71
2014/11/20,72.25,73.91,71.68,72.98,14313100,72.80
2014/11/21,73.08,74.02,72.35,73.50,14442084,73.18
2014/11/24,74.43,75.84,73.24,74.69,29918968,74.54
2014/11/25,74.43,77.55,74.07,76.98,41385872,75.81
2014/11/26,76.98,77.60,75.26,76.30,29388382,76.43
2014/11/27,76.30,77.71,75.37,76.67,26237989,76.54
2014/11/28,76.25,76.30,74.28,74.95,24174390,75.29
2014/12/01,74.59,76.62,74.07,76.62,26391649,75.34
2014/12/02,76.77,77.81,76.56,76.82,28272654,77.19
2014/12/03,77.19,84.42,76.36,84.42,82288365,80.39
2014/12/04,85.87,88.00,84.31,86.96,69731934,86.16
2014/12/05,86.29,86.29,81.30,82.91,52681824,83.80
2014/12/08,81.71,85.72,80.98,83.95,38534359,83.35
2014/12/09,83.27,86.39,76.82,78.12,48577024,81.60
2014/12/10,77.29,80.41,77.29,80.05,30202402,78.85
2014/12/11,79.27,81.45,78.23,80.26,23230389,79.84
2014/12/12,80.26,82.80,80.15,81.71,26165905,81.48
2014/12/15,81.45,82.02,80.05,81.71,16906553,81.03
2014/12/16,81.19,82.80,79.94,82.13,23633477,81.37
2014/12/17,81.61,81.71,78.28,79.16,29562391,79.99
2014/12/18,78.85,81.71,78.54,79.11,22319348,80.13
2014/12/19,79.11,80.72,76.10,79.37,23661423,78.41
2014/12/22,79.48,81.45,77.19,78.23,21041530,79.32
2014/12/23,77.71,77.71,74.69,74.90,16281237,76.20
2014/12/24,75.11,76.15,74.59,75.94,12314051,75.37
2014/12/25,76.20,76.98,75.42,76.82,10115834,76.20
2014/12/26,76.88,78.18,76.30,77.34,19446188,77.24
2014/12/29,77.19,78.59,76.56,77.66,17093465,77.58
2014/12/30,77.66,78.64,76.67,77.08,16321519,77.66
2014/12/31,76.93,77.66,74.95,76.30,13840623,76.30
2015/01/05,76.25,82.65,75.63,81.50,38540504,79.14
2015/01/06,80.83,81.87,78.80,80.26,25637980,80.34
2015/01/07,80.26,82.49,79.63,80.31,21968915,81.06
2015/01/08,80.31,80.83,77.71,78.07,18605297,79.27
2015/01/09,77.50,79.27,76.25,76.25,13773322,77.76
2015/01/12,76.25,77.19,74.74,75.47,11360396,75.96
2015/01/13,75.68,76.88,75.47,76.30,9143637,76.17
2015/01/14,76.15,77.60,75.06,76.04,8907692,76.33
2015/01/15,76.30,76.77,75.32,76.72,7524854,76.04
2015/01/16,77.08,78.07,75.47,76.77,13581432,76.77
2015/01/19,74.17,75.73,70.27,71.57,19845131,73.00
2015/01/20,72.14,73.24,71.94,72.87,14208408,72.59
2015/01/21,72.98,75.99,72.98,75.16,17083567,74.48
2015/01/22,75.16,78.75,74.69,77.50,24041832,76.72
2015/01/23,78.75,79.27,76.72,76.98,19698778,77.99
2015/01/26,77.03,78.59,76.36,78.23,12338986,77.48
2015/01/27,77.81,80.31,77.08,79.89,27153355,78.70
2015/01/28,79.16,79.32,77.92,78.28,13559596,78.62
2015/01/29,77.40,79.37,77.08,77.71,13057019,78.23
2015/01/30,77.92,79.06,77.03,78.33,12886965,78.05
2015/02/02,77.92,80.67,77.29,80.15,23625184,78.98
2015/02/03,80.10,81.45,79.11,80.57,19977769,80.28
2015/02/04,80.83,81.66,79.16,79.16,16702540,80.41
2015/02/05,80.41,81.24,78.90,79.27,17669511,80.07
2015/02/06,79.37,80.00,77.08,77.29,12971988,78.54
2015/02/09,77.29,77.97,76.04,76.41,8126639,77.01
2015/02/10,76.77,79.11,76.15,79.06,12499173,77.63
2015/02/11,78.70,79.48,77.66,78.07,11925372,78.57
2015/02/12,78.23,79.58,78.07,78.44,10650326,78.82
2015/02/13,78.96,80.83,78.75,79.84,18196216,79.79
2015/02/16,79.84,80.62,79.53,80.41,16366935,80.08
2015/02/17,80.52,80.83,79.79,79.89,12464791,80.31
2015/02/25,79.84,81.35,79.68,80.78,16938463,80.52
2015/02/26,80.78,83.32,80.20,83.12,24863601,81.76
2015/02/27,83.27,83.79,81.97,82.70,22368861,82.88
2015/03/02,83.27,85.51,82.60,84.16,28273080,84.05
2015/03/03,83.95,89.04,83.01,85.09,40124205,86.03
2015/03/04,85.04,86.34,84.47,86.29,24982730,85.41
2015/03/05,86.13,87.02,85.35,86.08,19066332,86.18
2015/03/06,86.08,88.11,83.90,86.18,31273556,86.01
2015/03/09,85.56,85.61,84.05,85.51,16386611,84.83
2015/03/10,85.61,88.89,85.20,87.48,23732935,87.05
2015/03/11,87.43,88.32,86.29,86.76,14859802,87.30
2015/03/12,86.70,87.95,84.26,84.73,20681872,86.11
2015/03/13,84.78,86.65,84.42,85.30,14772145,85.54
2015/03/16,86.13,89.98,85.40,89.62,33502954,87.69
2015/03/17,89.62,91.64,88.37,89.67,34455770,90.01
2015/03/18,90.03,94.92,89.88,92.84,40813986,92.40
2015/03/19,92.84,94.50,91.49,93.05,29200028,92.99
2015/03/20,93.36,94.04,91.59,92.94,22264218,92.82
2015/03/23,93.36,96.79,93.36,94.97,27790356,95.08
2015/03/24,94.97,95.75,90.60,94.04,31621165,93.17
2015/03/25,94.04,94.14,91.80,92.84,21081602,92.97
2015/03/26,92.32,102.04,91.59,102.04,43481199,96.82
2015/03/27,104.23,109.95,102.04,108.91,48705867,106.00
2015/03/30,108.86,110.31,106.41,107.40,28551578,108.36
2015/03/31,107.40,110.99,104.80,107.56,35888476,107.89
2015/04/01,107.24,109.84,106.41,108.54,25158586,108.13
2015/04/02,109.01,110.94,106.93,110.78,31074515,108.94
2015/04/03,109.01,112.50,108.80,110.10,26880113,110.65
2015/04/07,110.05,112.55,109.53,111.61,24602705,111.04
2015/04/08,111.72,115.04,109.12,109.53,32281245,112.08
2015/04/09,109.43,109.43,101.21,103.71,34735546,105.32
2015/04/10,102.67,105.89,102.15,105.11,20457827,104.02
2015/04/13,105.63,107.45,103.76,105.68,22270547,105.61
2015/04/14,105.58,105.58,102.77,104.18,20581409,104.17
2015/04/15,104.23,107.30,102.25,106.31,28935541,104.77
2015/04/16,105.79,109.64,103.60,109.53,27362023,106.62
2015/04/17,110.21,114.47,108.49,108.49,31233200,111.48
2015/04/20,108.49,109.84,102.25,102.30,38483192,106.05
2015/04/21,101.89,105.16,100.54,104.70,22676515,102.85
2015/04/22,104.90,110.05,104.90,107.56,29967442,107.48
2015/04/23,107.97,114.47,106.67,110.94,46815820,110.57
2015/04/24,110.05,110.47,106.67,108.13,33493480,108.57
2015/04/27,108.18,111.72,106.05,107.30,29568420,108.88
2015/04/28,107.04,108.75,100.22,101.99,32984356,104.48
2015/04/29,101.73,106.72,100.74,105.27,26407770,103.73
2015/04/30,109.53,109.53,104.02,104.18,19732565,106.77
2015/05/04,103.29,106.15,102.77,104.90,14200946,104.46
2015/05/05,104.96,105.84,99.65,100.48,17148343,102.75
2015/05/06,101.58,102.10,97.99,98.61,18189706,100.04
2015/05/07,98.61,105.94,98.04,101.21,26746617,101.99
2015/05/08,102.51,105.22,101.89,105.06,22722761,103.55
2015/05/11,108.02,109.17,106.05,108.08,28233546,107.61
2015/05/12,108.13,110.88,107.04,109.95,29332794,108.96
2015/05/13,110.36,114.21,108.75,112.91,34991988,111.48
2015/05/14,111.77,114.99,109.27,113.95,30704165,112.13
2015/05/15,112.60,114.21,109.01,110.42,30054823,111.61
2015/05/18,110.05,112.50,108.54,109.22,20397480,110.52
2015/05/19,109.01,114.11,108.28,113.69,29770470,111.20
2015/05/20,114.63,119.31,112.96,113.12,37510069,116.13
2015/05/21,112.08,115.46,110.99,115.20,29992994,113.22
2015/05/22,116.24,118.27,113.33,118.16,54933030,115.80
2015/05/25,116.29,123.36,115.36,122.12,40018499,119.36
2015/05/26,122.53,123.94,119.52,122.74,35557220,121.73
2015/05/27,122.69,130.12,120.56,127.21,37234898,125.34
2015/05/28,127.47,131.84,115.15,117.64,39287799,123.50
2015/05/29,117.85,122.01,112.70,119.62,29977573,117.36
2015/06/01,119.93,126.90,117.75,126.85,30573635,122.33
2015/06/02,127.21,129.14,124.56,128.15,35342335,126.85
2015/06/03,127.89,127.89,122.17,125.34,31692943,125.03
2015/06/04,127.89,137.77,127.47,137.77,57748641,132.62
2015/06/05,145.72,151.44,144.63,151.44,37498447,148.03
2015/06/08,157.27,157.27,144.01,144.32,70128670,150.64
2015/06/09,140.42,150.04,140.42,144.53,46972535,145.23
2015/06/10,141.41,148.06,138.29,144.79,31003906,143.17
2015/06/11,144.89,150.61,144.01,150.14,32902993,147.31
2015/06/12,151.08,152.33,145.57,147.65,32194552,148.95
2015/06/15,146.87,146.87,140.78,141.36,26865551,143.83
2015/06/16,139.38,139.64,131.94,132.67,26406834,135.79
2015/06/17,132.72,145.83,131.53,145.83,29851710,138.68
2015/06/18,145.05,149.21,138.08,138.86,27718334,143.65
2015/06/19,137.77,149.68,134.70,139.38,42791268,142.19
2015/06/23,140.99,147.28,127.00,138.81,36250689,137.14
2015/06/24,138.29,152.59,137.30,152.59,66710875,144.95
2015/06/25,147.70,158.46,147.13,149.47,62218997,152.80
2015/06/26,141.41,145.72,134.65,134.65,40378844,140.19
2015/06/29,137.46,139.33,121.28,121.28,35727569,130.31
2015/06/30,114.37,127.16,109.27,123.26,43476272,118.21
2015/07/01,120.82,123.94,111.04,111.04,34121719,117.49
2015/07/02,107.61,110.68,100.02,100.02,32788536,105.35
2015/07/03,90.29,96.95,90.14,90.14,38588735,93.55
2015/07/06,98.77,98.77,81.24,81.24,51106232,90.00
2015/07/07,77.97,77.97,73.24,73.24,16056100,75.60
2015/07/08,77.97,77.97,73.24,73.24,0,75.60
2015/07/09,77.97,77.97,73.24,73.24,0,75.60
2015/07/10,77.97,77.97,73.24,73.24,0,75.60
2015/07/13,77.97,77.97,73.24,73.24,0,75.60
2015/07/14,77.97,77.97,73.24,73.24,0,75.60
2015/07/15,77.97,77.97,73.24,73.24,0,75.60
2015/07/16,77.97,77.97,73.24,73.24,0,75.60
2015/07/17,77.97,77.97,73.24,73.24,0,75.60
2015/07/20,80.46,80.46,80.46,80.46,480673,80.46
2015/07/21,88.42,88.42,88.42,88.42,2606595,88.42
2015/07/22,93.57,97.16,91.96,97.16,127447079,94.56
2015/07/23,96.43,99.81,93.67,98.25,102733725,96.74
2015/07/24,96.74,102.41,95.13,95.91,83155640,98.77
2015/07/27,94.50,97.73,86.44,86.44,55736664,92.09
2015/07/28,81.09,86.55,77.92,80.78,63509400,82.23
2015/07/29,82.96,85.82,74.64,85.61,44020300,80.23
2015/07/30,85.25,87.28,81.09,81.09,41089013,84.19
2015/07/31,79.48,82.54,79.48,80.46,27528652,81.01
2015/08/03,79.01,80.10,73.81,78.23,28208744,76.95
2015/08/04,80.41,85.98,80.00,85.98,44683632,82.99
2015/08/05,85.98,87.33,83.27,85.51,38061276,85.30
2015/08/06,83.43,89.36,82.75,87.80,34872367,86.05
2015/08/07,87.80,91.28,87.38,89.93,31975374,89.33
2015/08/10,91.28,94.35,88.89,93.52,41950381,91.62
2015/08/11,92.94,96.69,91.75,92.84,43164141,94.22
2015/08/12,90.92,93.05,88.52,88.73,32130352,90.78
2015/08/13,87.90,92.22,87.33,92.22,28325946,89.77
2015/08/14,94.40,94.87,91.28,91.64,33455730,93.08
2015/08/17,92.42,94.45,89.82,94.30,31181718,92.13
2015/08/18,94.50,94.50,84.99,84.99,34972371,89.74
2015/08/19,79.01,86.70,77.19,85.25,33153694,81.95
2015/08/20,84.21,89.41,82.13,83.69,29379044,85.77
2015/08/21,80.26,85.20,77.97,78.75,26358809,81.59
2015/08/24,75.89,76.93,71.00,71.00,19541540,73.97
2015/08/25,63.98,65.80,63.98,63.98,17641630,64.89
2015/08/26,64.24,65.70,57.69,57.69,35988200,61.70
2015/08/27,59.82,60.76,54.26,59.77,31546316,57.51
2015/08/28,60.70,65.23,60.60,64.86,37125436,62.92
2015/08/31,63.82,63.82,60.08,60.34,26342862,61.95
2015/09/01,59.87,59.87,54.41,54.52,23682194,57.14
2015/09/02,51.97,56.70,50.82,55.14,24518245,53.76
2015/09/07,55.50,58.10,55.50,56.39,17986902,56.80
2015/09/08,56.60,59.98,54.83,59.35,17253304,57.40
2015/09/09,59.72,63.41,59.35,63.15,29601269,61.38
2015/09/10,61.48,62.26,60.03,60.29,19233601,61.14
2015/09/11,60.03,61.48,58.68,60.34,16967961,60.08
2015/09/14,60.81,60.86,54.41,54.41,21315118,57.63
2015/09/15,52.44,54.00,49.06,49.37,21564187,51.53
2015/09/16,50.46,54.20,49.37,54.20,19883195,51.79
2015/09/17,54.26,58.10,53.53,54.46,30002245,55.82
2015/09/18,55.56,55.66,53.79,55.09,14723802,54.72
2015/09/21,53.89,57.43,53.58,57.32,19923891,55.50
2015/09/22,56.75,59.25,56.02,57.84,25745540,57.64
2015/09/23,56.13,57.22,55.40,55.56,18152346,56.31
2015/09/24,56.08,57.32,55.66,56.65,15321385,56.49
2015/09/25,56.44,57.84,54.05,54.88,18457066,55.95
2015/09/28,56.13,58.99,55.61,58.47,24173260,57.30
2015/09/29,56.91,57.58,55.45,56.49,15664721,56.52
2015/09/30,56.91,61.12,56.91,58.10,30963867,59.01
2015/10/08,60.29,62.32,59.35,61.38,31108615,60.84
2015/10/09,60.81,65.44,60.29,63.67,38874045,62.86
2015/10/12,64.24,69.23,63.67,67.57,44079489,66.45
2015/10/13,66.01,67.57,65.54,66.74,28761775,66.55
2015/10/14,66.32,68.50,65.54,65.75,28857487,67.02
2015/10/15,64.92,68.09,64.71,67.78,27487357,66.40
2015/10/16,67.98,70.43,67.20,69.65,37766889,68.82
2015/10/19,69.44,69.91,66.27,67.67,28035442,68.09
2015/10/20,68.04,69.39,63.41,68.92,25314218,66.40
2015/10/21,68.87,68.87,62.11,64.45,37992207,65.49
2015/10/22,63.93,66.89,63.04,66.32,27033822,64.96
2015/10/23,66.48,67.83,65.54,67.67,28257498,66.69
2015/10/26,68.66,70.90,67.36,69.54,38972613,69.13
2015/10/27,68.61,69.54,64.86,68.61,27044660,67.20
2015/10/28,68.09,71.57,67.78,69.44,41087508,69.67
2015/10/29,69.65,71.68,67.83,70.64,31778842,69.76
2015/10/30,69.60,70.01,67.72,68.30,23829331,68.87
2015/11/02,66.01,67.20,64.34,64.45,25467873,65.77
2015/11/03,64.45,65.49,63.77,64.40,15206760,64.63
2015/11/04,64.97,69.13,64.55,68.92,27291647,66.84
2015/11/05,68.92,72.87,68.09,71.10,43175059,70.48
2015/11/06,71.62,73.91,70.48,73.81,38304617,72.20
2015/11/09,72.77,76.88,71.26,74.80,38763393,74.07
2015/11/10,74.43,80.67,72.77,79.48,53835571,76.72
2015/11/11,77.97,80.62,77.45,78.23,37477756,79.04
2015/11/12,78.23,82.34,78.02,78.64,37143363,80.18
2015/11/13,77.71,77.71,73.03,74.17,29042962,75.37
2015/11/16,74.85,81.50,74.22,81.50,23353476,77.86
2015/11/17,86.86,89.56,83.17,89.56,57629573,86.37
2015/11/18,94.61,98.40,90.08,91.49,93706743,94.24
2015/11/19,90.97,93.57,87.85,92.84,60454343,90.71
2015/11/20,90.97,95.60,90.40,93.57,56344755,93.00
2015/11/23,92.58,93.00,86.86,88.00,34808722,89.93
2015/11/24,86.39,89.36,85.82,88.89,22299217,87.59
2015/11/25,90.45,92.48,89.41,89.67,24757061,90.95
2015/11/26,89.93,98.51,88.52,93.72,52797574,93.52
2015/11/27,91.75,92.32,84.47,84.47,31226064,88.39
2015/11/30,85.25,89.67,80.05,88.68,30385171,84.86
2015/12/01,87.85,91.75,84.62,85.82,22087407,88.19
2015/12/02,85.92,92.48,85.04,92.37,30177150,88.76
2015/12/03,91.12,93.78,89.72,93.46,25534670,91.75
2015/12/04,94.97,97.05,90.97,92.84,32760705,94.01
2015/12/07,93.15,94.61,90.97,92.11,22254460,92.79
2015/12/08,90.97,90.97,87.22,89.62,26665013,89.09
2015/12/09,88.89,95.65,88.42,93.57,34295107,92.04
2015/12/10,92.27,97.62,90.97,95.34,37473681,94.30
2015/12/11,94.61,104.12,94.09,100.54,43997446,99.11
2015/12/14,97.73,108.91,97.62,102.51,39044577,103.27
2015/12/15,101.26,104.54,100.07,102.41,24791107,102.30
2015/12/16,102.67,107.35,101.89,103.60,28056125,104.62
2015/12/17,105.89,107.09,100.95,104.49,46206499,104.02
2015/12/18,104.64,105.48,100.43,103.71,36950684,102.96
2015/12/21,102.51,104.85,99.86,102.77,40982179,102.35
2015/12/22,102.82,106.57,101.63,106.52,41710615,104.10
2015/12/23,105.94,109.17,103.45,105.84,31783983,106.31
2015/12/24,105.94,107.04,100.85,103.34,21910707,103.95
2015/12/25,105.68,110.99,104.54,107.04,31546331,107.77
2015/12/28,107.45,107.45,101.37,101.89,25110316,104.41
2015/12/29,101.37,103.92,100.90,102.30,14133757,102.41
2015/12/30,102.41,104.70,101.68,104.33,20504751,103.19
2015/12/31,103.92,106.72,103.71,106.46,27225143,105.21
2016/01/04,106.05,109.12,95.91,95.91,20309924,102.52
2016/01/05,88.94,94.35,87.33,91.18,26168772,90.84
2016/01/06,91.18,97.05,91.12,96.64,25902116,94.09
2016/01/07,94.09,94.24,87.07,87.07,4021800,90.65
2016/01/08,88.37,95.70,83.48,95.49,34879266,89.59
2016/01/11,93.83,102.93,89.20,94.40,34206754,96.07
2016/01/12,94.24,97.52,90.03,95.65,16779776,93.77
2016/01/13,95.86,98.72,94.71,96.22,23669860,96.71
2016/01/14,92.53,94.45,86.70,94.45,27381137,90.58
2016/01/15,93.57,96.17,89.51,91.44,18962657,92.84
2016/01/18,88.68,93.41,86.81,89.88,13630343,90.11
2016/01/19,89.98,96.79,89.98,96.79,21539210,93.39
2016/01/20,95.34,99.70,95.13,96.95,30050291,97.41
2016/01/21,95.86,104.80,94.61,99.50,32820873,99.70
2016/01/22,101.21,103.81,96.95,102.46,21640471,100.38
2016/01/25,104.90,105.53,100.07,103.08,21063649,102.80
2016/01/26,101.00,102.41,93.10,95.60,20696801,97.75
2016/01/27,94.61,97.21,86.13,88.37,31117097,91.67
2016/01/28,84.73,85.77,79.63,79.63,20053243,82.70
2016/01/29,76.82,81.56,72.04,79.16,21162553,76.80
2016/02/01,79.89,86.96,77.97,80.57,15160656,82.46
2016/02/02,81.66,85.09,80.10,84.10,13191389,82.59
2016/02/03,84.16,85.72,81.24,83.95,9205622,83.48
2016/02/04,85.09,90.29,84.52,89.10,18156882,87.41
2016/02/05,88.89,91.44,87.85,88.89,13907062,89.64
2016/02/15,85.87,96.90,85.77,96.12,20825367,91.34
2016/02/16,95.18,100.85,94.61,97.21,25947646,97.73
2016/02/17,98.09,99.60,96.12,98.56,22991854,97.86
2016/02/18,101.32,104.23,97.83,97.88,20213933,101.03
2016/02/19,98.72,99.60,95.65,98.61,13772773,97.63
2016/02/22,99.65,103.71,98.66,100.17,19988221,101.18
2016/02/23,100.69,100.69,96.69,98.82,13813365,98.69
2016/02/24,98.30,100.33,96.90,98.98,12772445,98.62
2016/02/25,99.65,101.21,89.20,91.75,24124893,95.20
2016/02/26,93.05,93.57,89.15,91.85,12301606,91.36
2016/02/29,90.71,94.61,82.75,86.03,18108819,88.68
2016/03/01,86.03,89.15,84.88,87.07,13274117,87.02
2016/03/02,88.26,95.08,86.34,94.56,22426640,90.71
2016/03/03,95.13,99.29,94.35,97.16,30729955,96.82
2016/03/04,98.40,99.29,92.53,94.35,25590875,95.91
2016/03/07,96.53,100.69,96.43,100.69,29599115,98.56
2016/03/08,102.41,102.77,95.02,99.29,25465671,98.89
2016/03/09,96.95,96.95,92.01,93.15,16403850,94.48
2016/03/10,94.24,95.65,90.71,92.68,12897674,93.18
2016/03/11,90.71,94.35,90.45,91.49,10551354,92.40
2016/03/14,93.31,97.16,91.75,96.48,20824693,94.45
2016/03/15,95.39,97.42,94.66,95.91,17238793,96.04
2016/03/16,96.38,96.74,92.11,92.63,11481473,94.42
2016/03/17,94.09,97.21,92.74,97.05,17984259,94.97
2016/03/18,97.73,101.78,96.17,100.48,31013622,98.98
2016/03/21,101.32,103.71,99.34,102.30,34065447,101.52
2016/03/22,101.11,104.90,100.33,103.24,30880033,102.62
2016/03/23,104.38,105.94,101.37,103.92,28491063,103.66
2016/03/24,103.45,103.45,99.29,100.33,28609849,101.37
2016/03/25,100.33,102.30,99.34,101.63,14590909,100.82
2016/03/28,102.25,103.97,97.10,99.81,25597870,100.53
2016/03/29,99.55,102.36,97.68,102.25,25861090,100.02
2016/03/30,103.50,105.79,102.20,105.79,35437883,104.00
2016/03/31,106.67,106.67,98.87,100.85,40498606,102.77
2016/04/01,99.55,102.20,97.73,99.86,20829323,99.97
2016/04/05,99.60,99.60,94.14,97.83,41239456,96.87
2016/04/06,99.08,99.08,94.50,95.86,37358511,96.79
2016/04/07,95.91,96.06,92.32,92.48,31529385,94.19
2016/04/08,91.64,94.35,90.86,93.46,26579119,92.60
2016/04/11,93.93,95.80,93.83,94.61,26674047,94.81
2016/04/12,96.48,96.48,91.18,92.32,24353115,93.83
2016/04/13,94.09,99.03,93.36,97.05,53180031,96.20
2016/04/14,96.90,97.21,94.50,95.65,26646521,95.85
2016/04/15,95.65,96.48,94.04,94.35,16624129,95.26
2016/04/18,93.57,93.83,89.25,89.25,29580254,91.54
2016/04/19,90.45,90.81,88.21,88.99,21675075,89.51
2016/04/20,89.30,90.34,81.09,85.09,28624024,85.72
2016/04/21,84.73,89.72,83.27,86.34,26676235,86.49
2016/04/22,84.26,85.46,83.38,84.94,16169434,84.42
2016/04/25,84.73,84.73,81.61,83.01,12219353,83.17
2016/04/26,82.91,84.68,82.65,83.95,10290660,83.67
2016/04/27,84.42,84.68,82.13,82.54,12436697,83.41
2016/04/28,82.91,83.32,79.58,81.09,14868637,81.45
2016/04/29,80.62,82.02,80.57,81.04,8749878,81.29
2016/05/03,81.09,83.90,80.88,83.64,14044525,82.39
2016/05/04,83.17,83.58,82.39,82.86,11937566,82.98
2016/05/05,82.86,85.35,82.44,84.99,16956572,83.89
2016/05/06,84.99,85.66,79.53,79.53,22706273,82.59
2016/05/09,79.37,79.37,73.03,73.81,19054942,76.20
2016/05/10,73.81,74.59,72.66,73.29,10215321,73.63
2016/05/11,73.76,74.69,71.99,72.14,10576759,73.34
2016/05/12,71.57,72.56,68.71,72.51,12936308,70.63
2016/05/13,72.40,73.34,71.73,72.35,10048436,72.54
2016/05/16,71.78,74.38,71.36,74.38,12971999,72.87
2016/05/17,74.59,75.63,73.70,73.76,12838568,74.66
2016/05/18,73.18,73.18,70.32,70.79,12094797,71.75
2016/05/19,70.90,73.18,70.84,72.82,11709370,72.01
2016/05/20,71.94,74.48,71.52,74.38,11341186,73.00
2016/05/23,73.70,74.80,73.18,73.91,12945288,73.99
2016/05/24,73.91,73.96,72.20,72.66,8151228,73.08
2016/05/25,73.91,73.96,71.68,71.99,8183559,72.82
2016/05/26,71.57,72.35,69.65,71.68,10274488,71.00
2016/05/27,71.68,77.50,71.16,75.16,24036528,74.33
2016/05/30,74.07,75.78,73.44,74.64,12542297,74.61
2016/05/31,74.90,78.28,74.90,77.81,18871649,76.59
2016/06/01,78.12,82.08,77.81,80.15,26216758,79.95
2016/06/02,79.42,83.84,79.27,82.70,26604162,81.55
2016/06/03,82.91,85.14,80.88,81.61,24324755,83.01
2016/06/06,82.18,84.21,80.78,81.35,18487044,82.49
2016/06/07,81.24,84.62,78.85,83.90,30126534,81.73
2016/06/08,83.06,84.78,82.65,82.70,24803944,83.72
2016/06/13,81.87,84.26,77.76,78.07,18681719,81.01
2016/06/14,78.02,79.63,77.60,78.80,10380966,78.61
2016/06/15,77.86,86.55,77.60,85.61,44819600,82.07
2016/06/16,87.48,93.05,86.34,89.82,69074409,89.70
2016/06/17,89.20,91.54,87.80,90.55,45361396,89.67
2016/06/20,90.86,93.93,89.41,90.97,40460519,91.67
2016/06/21,92.53,96.17,92.22,96.12,69481639,94.20
2016/06/22,94.71,97.26,94.24,96.32,40021148,95.75
2016/06/23,95.80,95.80,91.02,91.64,34129862,93.41
2016/06/24,92.16,93.62,85.04,90.97,33870623,89.33
2016/06/27,91.12,95.60,90.50,94.56,23137316,93.05
2016/06/28,94.24,95.96,91.80,92.22,22575082,93.88
2016/06/29,92.94,93.05,88.84,89.10,36087594,90.95
2016/06/30,90.34,91.70,88.73,90.50,27581581,90.22
2016/07/01,90.50,92.53,88.94,91.18,22061225,90.73
2016/07/04,93.31,97.62,92.68,95.60,44904210,95.15
2016/07/05,94.76,96.74,93.62,95.02,27876032,95.18
2016/07/06,94.50,98.09,93.41,95.80,37685984,95.75
2016/07/07,94.82,100.74,94.19,98.92,60931318,97.46
2016/07/08,97.05,97.42,93.67,93.98,40185846,95.55
2016/07/11,93.26,97.88,93.00,94.56,32237565,95.44
2016/07/12,93.72,95.86,91.64,94.50,26757497,93.75
2016/07/13,94.76,97.31,93.20,96.38,30543897,95.26
2016/07/14,96.06,96.38,94.14,94.87,17094052,95.26
2016/07/15,95.39,95.39,90.76,91.23,31031904,93.08
2016/07/18,90.34,90.60,86.44,87.07,30603546,88.52
2016/07/19,87.48,88.32,86.03,88.26,19965128,87.17
2016/07/20,90.14,91.90,89.46,89.56,36960003,90.68
2016/07/21,89.67,90.86,88.26,89.51,19031504,89.56
2016/07/22,89.46,90.34,89.04,89.04,13705478,89.69
2016/07/25,88.06,89.10,86.44,87.07,17257716,87.77
2016/07/26,86.65,89.15,86.65,88.84,12173300,87.90
2016/07/27,88.63,89.36,80.10,85.04,28117200,84.73
2016/07/28,84.83,84.83,80.98,82.80,18472100,82.91
2016/07/29,81.61,82.44,80.15,80.26,20077872,81.30
2016/08/01,79.84,81.45,78.12,79.79,16116011,79.79
2016/08/02,79.63,80.88,79.16,80.83,8707920,80.02
2016/08/03,80.67,80.67,79.37,79.89,12120751,80.02
2016/08/04,79.58,80.52,79.22,80.52,9790415,79.87
2016/08/05,80.20,80.46,79.42,79.79,10063292,79.94
2016/08/08,79.63,81.19,78.49,80.98,12881632,79.84
