Date, SZ002315.Open, SZ002315.High, SZ002315.Low, SZ002315.Close, SZ002315.Volume, SZ002315.Adjusted
2009/12/09,78.55,81.00,71.30,72.18,16405785,76.36
2009/12/10,72.00,76.84,72.00,75.11,8784550,74.77
2009/12/11,77.00,79.92,74.51,77.57,8746787,76.96
2009/12/14,80.00,82.50,77.67,78.59,7868146,80.09
2009/12/15,77.95,78.00,73.52,73.70,5514159,75.41
2009/12/16,73.01,73.50,70.88,72.75,4192345,71.91
2009/12/17,72.51,73.50,66.20,66.76,4081474,69.52
2009/12/18,65.26,66.44,62.60,64.60,3249140,64.19
2009/12/21,64.90,66.00,64.01,65.00,1601897,64.87
2009/12/22,64.50,65.00,62.21,63.45,2103919,63.20
2009/12/23,63.40,67.38,63.10,65.68,1844978,65.45
2009/12/24,65.00,68.49,64.46,67.51,2279534,66.79
2009/12/25,67.15,69.84,65.71,68.61,2034943,68.09
2009/12/28,68.50,71.50,68.50,69.94,1473020,70.43
2009/12/29,69.55,70.99,67.53,68.63,1528165,69.14
2009/12/30,68.65,69.27,67.26,68.05,1392516,68.13
2009/12/31,68.09,69.94,68.09,69.18,937739,69.26
2010/01/04,69.36,73.37,69.00,72.17,1399895,72.24
2010/01/05,72.50,72.50,70.50,71.77,1284164,71.46
2010/01/06,72.00,74.59,71.75,72.00,1515607,73.33
2010/01/07,72.00,72.80,71.00,72.71,1448634,72.00
2010/01/08,73.00,73.97,71.03,71.85,1205948,72.24
2010/01/11,71.94,72.00,70.33,71.40,1043160,71.32
2010/01/12,71.41,74.21,71.41,74.21,1828654,73.35
2010/01/13,73.60,75.49,72.70,74.74,1769270,74.15
2010/01/14,74.72,78.46,74.56,78.09,1627918,77.62
2010/01/15,78.09,78.79,76.52,78.50,1223026,77.53
2010/01/18,77.90,78.99,77.00,77.90,834640,77.79
2010/01/19,77.87,77.87,74.68,75.51,1230069,75.66
2010/01/20,75.21,76.65,67.96,67.96,2563449,70.14
2010/01/21,67.90,68.40,65.35,67.10,1133952,66.68
2010/01/22,66.00,67.93,65.00,65.80,1339817,66.52
2010/01/25,66.18,67.99,65.05,67.44,722711,67.16
2010/01/26,67.80,72.18,67.60,70.98,1431044,69.34
2010/01/27,71.25,71.89,69.30,70.00,1124565,70.41
2010/01/28,65.00,67.50,64.51,65.05,2051222,65.42
2010/01/29,66.05,69.05,66.01,67.80,1553858,67.72
2010/02/01,68.77,71.49,67.72,67.80,1408993,69.52
2010/02/02,66.00,68.96,65.99,68.00,844699,67.94
2010/02/03,68.27,68.76,64.55,66.13,967864,65.90
2010/02/04,66.25,67.25,65.00,65.55,818620,65.95
2010/02/05,64.41,64.41,63.30,63.81,978266,63.64
2010/02/08,63.01,64.17,63.01,63.53,553906,63.61
2010/02/09,63.50,64.30,63.02,63.81,449835,63.79
2010/02/10,63.95,65.83,63.95,65.00,680380,65.14
2010/02/11,65.09,67.97,64.70,67.00,874805,66.71
2010/02/12,67.00,68.50,66.49,68.10,678624,67.90
2010/02/22,67.35,68.71,66.52,66.78,608372,67.25
2010/02/23,66.78,66.78,64.54,65.81,573095,65.43
2010/02/24,66.78,66.78,64.54,65.81,0,65.66
2010/02/25,68.61,70.24,67.62,69.01,1779204,69.09
2010/02/26,68.07,69.68,67.82,69.00,1139184,68.84
2010/03/01,68.80,69.58,68.60,69.27,975269,69.28
2010/03/02,69.31,71.00,69.31,70.07,1078374,70.53
2010/03/03,70.01,71.30,69.11,70.08,1017474,69.82
2010/03/04,70.43,70.43,68.18,69.45,1109601,69.28
2010/03/05,69.29,69.88,68.70,69.00,934488,69.21
2010/03/08,68.90,68.98,67.98,68.41,1261470,67.93
2010/03/09,67.80,71.13,67.65,69.21,3577796,68.98
2010/03/10,68.98,69.39,66.98,68.08,1865306,67.70
2010/03/11,67.71,68.35,67.00,67.48,1057257,66.97
2010/03/12,68.40,74.17,67.61,72.10,5444416,72.43
2010/03/15,70.33,72.20,69.48,70.57,2332816,69.71
2010/03/16,71.10,71.10,68.46,68.78,2242925,68.65
2010/03/17,68.78,70.57,68.40,70.34,1610484,69.17
2010/03/18,70.48,72.48,70.17,71.59,1573888,70.79
2010/03/19,72.45,72.45,70.60,71.84,941579,70.90
2010/03/22,72.30,73.96,71.76,73.08,1125863,72.43
2010/03/23,73.26,73.83,72.02,73.83,846541,72.06
2010/03/24,73.82,75.90,73.24,75.50,1560729,74.27
2010/03/25,75.48,75.60,73.98,74.70,1025235,74.37
2010/03/26,74.40,74.90,72.17,73.89,1143929,72.95
2010/03/29,73.90,74.99,72.61,73.60,1380008,73.02
2010/03/30,74.10,76.00,73.50,75.60,1153664,74.39
2010/03/31,75.58,77.27,74.90,75.39,1119186,75.33
2010/04/01,75.60,78.93,75.60,76.73,1638366,76.75
2010/04/02,76.96,76.96,75.48,75.85,1089623,75.41
2010/04/06,75.50,76.88,75.40,76.31,931717,75.43
2010/04/07,76.30,78.58,75.72,77.15,1048343,76.60
2010/04/08,77.50,84.81,77.50,84.81,3771631,82.85
2010/04/09,82.70,85.10,82.70,84.28,2113685,83.32
2010/04/12,84.94,89.25,83.66,85.80,2232912,85.98
2010/04/13,85.60,85.77,77.60,80.36,2774661,80.26
2010/04/14,80.10,82.08,78.83,80.30,1069003,80.11
2010/04/15,80.61,81.60,74.48,76.40,1357269,77.14
2010/04/16,75.88,79.10,75.70,79.10,854460,77.58
2010/04/19,78.99,81.65,78.28,79.15,1130489,79.54
2010/04/20,78.79,80.60,75.60,80.60,820583,77.97
2010/04/21,80.09,83.39,79.61,82.85,857351,81.84
2010/04/22,84.08,91.08,82.86,90.80,2109851,88.24
2010/04/23,89.60,90.98,87.77,88.92,1205993,88.79
2010/04/26,90.60,97.60,88.98,92.60,1752046,92.86
2010/04/27,90.60,95.60,85.80,94.09,1628550,90.08
2010/04/28,90.90,93.48,86.60,90.58,1182300,89.42
2010/04/29,90.80,90.80,84.00,84.00,1064107,86.15
2010/04/30,82.10,85.60,79.60,84.10,1097349,81.23
2010/05/04,82.59,86.10,81.12,84.36,920972,83.46
2010/05/05,83.40,87.90,81.79,87.90,1449556,84.82
2010/05/06,86.91,88.17,83.10,85.20,1415267,84.50
2010/05/07,83.15,84.60,79.20,81.60,1742820,81.25
2010/05/10,81.40,81.40,76.10,78.60,1467441,77.14
2010/05/11,80.60,80.65,76.63,77.25,817033,77.99
2010/05/12,76.80,78.36,74.71,75.60,1002829,75.72
2010/05/13,76.10,77.36,75.10,77.28,676344,75.74
2010/05/14,77.05,77.05,73.90,75.59,999140,74.55
2010/05/17,73.71,74.60,71.91,73.50,1179290,72.87
2010/05/18,73.48,73.95,70.38,72.81,899087,72.14
2010/05/19,72.39,76.68,71.63,73.75,1052023,73.70
2010/05/20,73.40,75.25,72.60,72.86,610091,73.30
2010/05/21,70.60,76.10,69.60,75.65,798755,73.53
2010/05/24,75.65,78.60,75.65,77.90,1238112,77.13
2010/05/25,77.20,78.58,75.62,76.80,679244,76.19
2010/05/26,76.80,77.10,74.62,76.40,474382,75.29
2010/05/27,75.20,77.99,73.69,77.88,769766,75.74
2010/05/28,78.12,80.79,78.12,80.15,1028301,79.07
2010/05/31,79.60,80.60,78.18,78.30,602915,78.53
2010/06/01,77.80,77.81,71.98,76.60,617840,74.87
2010/06/02,75.60,77.60,74.10,77.60,348558,75.28
2010/06/03,77.60,79.60,76.66,77.39,614851,77.71
2010/06/04,76.60,77.38,73.60,75.60,951868,74.49
2010/06/07,73.50,75.70,72.91,75.10,780942,74.09
2010/06/08,75.48,76.56,74.26,75.08,654795,74.92
2010/06/09,76.11,78.78,76.11,78.59,1145547,76.88
2010/06/10,78.60,81.00,78.50,80.50,1264765,79.77
2010/06/11,80.21,80.70,79.44,80.55,559185,79.46
2010/06/17,82.09,82.60,77.50,77.52,657735,79.00
2010/06/18,77.52,77.60,71.90,72.48,826991,73.48
2010/06/21,72.10,74.06,70.72,74.04,390709,72.53
2010/06/22,73.90,74.65,72.91,73.85,295255,73.34
2010/06/23,73.60,75.48,72.85,74.19,277071,73.58
2010/06/24,74.19,76.10,73.37,76.10,434879,74.19
2010/06/25,75.80,75.80,73.28,74.60,298232,73.85
2010/06/28,73.85,75.00,73.28,74.60,275961,73.59
2010/06/29,74.08,74.40,67.20,67.20,905318,68.51
2010/06/30,65.60,67.00,64.81,66.39,480988,65.18
2010/07/01,68.20,70.11,66.86,67.00,779790,67.88
2010/07/02,66.40,68.10,63.10,67.85,680118,65.20
2010/07/05,66.60,67.84,65.63,67.30,280583,66.30
2010/07/06,67.28,70.80,67.20,70.48,691573,69.14
2010/07/07,70.59,71.40,68.90,70.50,344232,69.37
2010/07/08,71.30,71.30,68.98,70.53,567332,69.61
2010/07/09,69.98,72.88,69.70,72.31,750467,71.25
2010/07/12,72.60,74.10,71.40,72.90,813211,72.44
2010/07/13,73.08,73.08,69.71,71.10,649774,70.12
2010/07/14,71.56,73.30,70.68,71.40,803940,71.47
2010/07/15,71.60,72.50,70.00,70.40,651467,70.85
2010/07/16,70.48,70.48,65.91,67.83,1002299,66.86
2010/07/19,67.47,69.70,66.15,69.00,631213,67.64
2010/07/20,68.30,71.67,68.30,71.60,854024,69.46
2010/07/21,71.44,73.25,70.80,71.26,785886,71.47
2010/07/22,70.85,72.07,69.75,71.23,1170593,70.08
2010/07/23,71.10,71.50,70.26,70.61,1054195,70.12
2010/07/26,71.10,72.01,69.90,71.40,1280079,70.46
2010/07/27,71.40,71.56,70.43,70.90,721728,70.13
2010/07/28,70.70,73.80,70.33,73.40,1471325,71.80
2010/07/29,73.50,73.80,72.03,73.59,859088,72.32
2010/07/30,73.19,74.08,72.61,73.58,670753,72.69
2010/08/02,73.80,74.58,72.97,74.22,822075,73.30
2010/08/03,74.60,77.26,74.23,74.24,1579000,75.20
2010/08/04,73.60,75.02,72.83,74.99,863285,73.15
2010/08/05,74.98,76.59,74.26,75.20,810238,74.67
2010/08/06,74.62,76.20,74.40,76.11,575335,75.08
2010/08/09,76.13,78.00,75.71,77.75,728211,76.61
2010/08/10,77.51,77.90,74.13,74.29,925840,75.32
2010/08/11,74.29,75.09,73.40,74.12,739165,73.58
2010/08/12,73.20,75.10,73.12,73.42,631292,73.51
2010/08/13,73.61,74.76,72.75,74.58,589951,73.33
2010/08/16,74.80,76.80,74.10,76.40,912057,75.23
2010/08/17,76.30,77.89,75.62,77.89,1156880,76.07
2010/08/18,77.90,78.10,76.10,77.20,1652562,76.29
2010/08/19,77.47,79.60,76.15,78.42,2061304,77.29
2010/08/20,77.60,77.89,75.05,75.20,1072807,75.76
2010/08/23,75.01,75.84,73.48,73.61,1142831,73.78
2010/08/24,73.65,74.77,71.74,74.48,1432387,72.45
2010/08/25,73.60,74.05,71.89,72.50,920258,72.41
2010/08/26,72.81,73.40,71.71,72.42,453428,71.88
2010/08/27,71.91,73.80,71.90,73.67,697155,72.77
2010/08/30,73.90,75.12,73.58,74.70,844280,73.98
2010/08/31,74.60,75.80,73.41,75.78,1049006,73.83
2010/09/01,75.59,79.10,75.20,76.59,1684635,76.53
2010/09/02,77.10,78.60,76.61,77.98,1304125,77.08
2010/09/03,78.59,80.60,77.20,79.82,1714250,78.59
2010/09/06,79.91,82.26,77.80,79.30,1585067,79.25
2010/09/07,80.00,82.20,78.56,81.90,1600464,80.22
2010/09/08,81.80,81.80,80.40,81.20,769717,80.35
2010/09/09,81.42,81.59,77.44,77.50,1450282,78.21
2010/09/10,77.65,78.48,76.80,78.28,932281,77.06
2010/09/13,78.25,79.48,77.40,79.28,1002474,77.84
2010/09/14,79.98,80.21,77.27,77.60,1053222,77.94
2010/09/15,77.58,77.58,74.60,74.91,825373,75.61
2010/09/16,75.10,75.59,73.96,74.50,731624,74.10
2010/09/17,74.91,75.40,73.60,74.71,518128,73.86
2010/09/20,75.10,75.38,73.32,73.43,708992,73.38
2010/09/21,73.31,73.70,71.12,71.60,919977,71.56
2010/09/27,71.82,72.20,70.40,72.10,968530,70.96
2010/09/28,72.11,73.09,71.90,72.18,962793,71.84
2010/09/29,72.18,72.35,68.10,69.10,1295580,69.91
2010/09/30,68.38,70.60,67.64,69.51,494530,68.95
2010/10/08,70.59,71.40,69.72,69.90,847919,70.11
2010/10/11,70.59,71.10,69.60,71.10,1132906,69.43
2010/10/12,70.59,71.18,69.80,70.61,796225,70.18
2010/10/13,70.75,70.85,69.50,70.69,708048,69.54
2010/10/14,71.08,71.08,67.70,67.93,1635085,68.55
2010/10/15,68.00,69.09,66.71,67.23,1029386,67.17
2010/10/18,67.18,67.18,64.76,65.90,1040621,64.78
2010/10/19,65.70,70.80,65.60,70.78,1691763,68.82
2010/10/20,69.90,72.34,69.45,70.61,1128568,70.30
2010/10/21,70.30,70.30,68.50,69.15,892239,68.47
2010/10/22,69.16,71.57,69.15,71.32,945249,70.34
2010/10/25,73.10,75.60,72.60,72.69,1714670,73.28
2010/10/26,73.12,73.90,71.60,72.48,1056800,71.77
2010/10/27,72.54,73.05,71.80,71.90,690783,71.71
2010/10/28,72.10,73.97,71.71,72.22,1032773,71.93
2010/10/29,72.58,74.09,72.23,73.38,1048502,72.82
2010/11/01,73.51,75.90,73.51,74.80,1473375,74.44
2010/11/02,75.60,75.68,72.10,72.10,1559820,73.63
2010/11/03,71.97,72.09,69.40,69.42,1682847,69.88
2010/11/04,69.46,71.40,69.46,70.29,1429047,70.11
2010/11/05,70.71,72.19,69.60,72.11,1484658,70.27
2010/11/08,71.94,77.30,71.41,76.61,2580738,74.20
2010/11/09,76.40,80.50,76.40,80.02,3264491,78.28
2010/11/10,80.21,80.28,78.20,79.95,1396807,78.75
2010/11/11,79.59,81.46,77.70,77.74,1498289,79.11
2010/11/12,77.37,79.09,73.12,73.65,1825941,75.53
2010/11/15,74.82,77.26,74.10,77.25,1394545,75.18
2010/11/16,77.60,78.56,74.12,75.10,1569532,75.62
2010/11/17,74.10,78.29,74.10,75.15,1872923,75.75
2010/11/18,75.68,80.10,75.68,79.96,2640743,77.38
2010/11/19,80.70,81.40,78.48,81.40,2955241,79.65
2010/11/22,80.95,84.20,80.19,81.09,2771752,81.51
2010/11/23,80.60,82.65,78.82,82.60,1712012,80.14
2010/11/24,81.60,85.10,80.82,84.49,1710733,82.78
2010/11/25,84.52,85.00,80.70,81.02,1642988,81.74
2010/11/26,81.50,81.90,79.61,81.02,1029523,80.10
2010/11/29,80.60,86.20,80.40,86.20,1966832,83.33
2010/11/30,85.60,86.96,81.20,83.82,1698135,83.28
2010/12/01,83.90,84.10,81.60,82.18,946671,81.90
2010/12/02,83.11,84.60,81.70,81.88,790186,82.65
2010/12/03,81.70,82.17,77.98,78.93,1455841,78.71
2010/12/06,78.90,79.10,75.44,75.82,1420042,75.88
2010/12/07,75.66,77.56,75.66,77.02,911868,75.91
2010/12/08,77.02,78.69,76.26,76.80,780559,76.79
2010/12/09,77.58,78.58,76.60,76.60,700231,76.93
2010/12/10,76.60,80.10,76.50,79.78,1062668,78.62
2010/12/13,82.10,83.18,80.60,81.80,1707986,81.42
2010/12/14,81.30,84.18,81.30,83.37,1774201,82.19
2010/12/15,84.50,86.00,83.10,83.58,2137838,84.02
2010/12/16,83.55,87.40,83.41,84.94,1912776,85.38
2010/12/17,84.90,84.90,82.60,84.09,1255335,82.82
2010/12/20,84.30,85.27,80.05,83.29,1537658,81.99
2010/12/21,83.29,83.55,81.96,82.59,970310,82.13
2010/12/22,82.98,83.80,81.31,82.90,1001092,81.95
2010/12/23,82.10,82.86,81.00,81.75,614928,81.17
2010/12/24,82.10,82.86,81.00,81.75,0,81.93
2010/12/27,80.75,81.60,75.61,76.58,1369545,78.63
2010/12/28,76.40,77.00,74.80,75.50,571707,75.73
2010/12/29,75.80,76.55,75.19,76.55,630480,75.37
2010/12/30,76.58,77.56,75.95,76.70,641716,76.09
2010/12/31,76.70,77.60,76.60,77.55,781078,76.50
2011/01/04,77.80,80.49,77.66,79.46,1034112,78.94
2011/01/05,79.54,80.46,78.71,78.97,615483,78.91
2011/01/06,79.02,80.60,79.02,79.20,893877,79.16
2011/01/07,79.30,79.58,75.90,76.79,866375,77.06
2011/01/10,76.79,77.85,75.61,75.81,833344,76.15
2011/01/11,75.61,75.62,73.80,74.05,740653,73.89
2011/01/12,74.10,75.03,73.12,74.78,515541,73.55
2011/01/13,76.50,76.50,74.50,74.81,683683,74.42
2011/01/14,74.78,74.78,71.61,71.80,878118,71.91
2011/01/17,71.80,72.53,68.28,68.51,748019,69.58
2011/01/18,68.53,69.39,68.16,69.07,527152,68.12
2011/01/19,69.08,70.29,68.72,70.25,784177,69.04
2011/01/20,70.17,70.17,67.65,67.65,605082,68.37
2011/01/21,67.66,69.80,67.63,68.99,402574,68.03
2011/01/24,69.10,69.90,67.43,67.43,488564,67.90
2011/01/25,67.40,67.76,65.97,67.30,436063,66.09
2011/01/26,67.12,68.56,67.12,67.97,491060,67.39
2011/01/27,67.97,69.40,67.49,69.26,637973,68.13
2011/01/28,69.15,70.11,68.55,69.55,780121,68.60
2011/01/31,69.40,70.55,69.10,70.34,447842,69.41
2011/02/01,70.55,70.55,69.78,70.10,265744,69.48
2011/02/09,69.60,70.55,68.78,69.60,443062,69.35
2011/02/10,70.09,71.46,69.45,71.38,625505,69.97
2011/02/11,71.55,72.60,70.50,72.10,639996,71.00
2011/02/14,72.10,73.30,71.75,72.40,734050,71.98
2011/02/15,72.40,73.32,71.71,71.71,727869,71.85
2011/02/16,71.85,74.37,71.40,74.15,959442,72.23
2011/02/17,74.42,75.08,73.60,74.10,834705,73.52
2011/02/18,74.48,74.48,73.00,73.16,632289,72.84
2011/02/21,72.73,76.29,72.73,76.08,884481,74.89
2011/02/22,75.55,75.55,72.48,72.72,1470380,73.30
2011/02/23,72.60,75.07,71.40,74.73,1201471,72.39
2011/02/24,73.31,73.60,71.44,71.85,1751356,71.42
2011/02/25,72.10,72.18,71.48,71.80,624265,71.22
2011/02/28,71.62,72.20,70.65,71.92,633803,70.78
2011/03/01,72.08,72.27,71.27,71.48,1077091,71.21
2011/03/02,71.36,72.29,68.78,69.10,1698637,68.89
2011/03/03,69.20,69.39,67.48,68.26,1865996,67.74
2011/03/04,68.26,69.07,68.10,68.98,690228,68.07
2011/03/07,69.18,69.87,69.18,69.80,842693,68.96
2011/03/08,69.99,70.13,68.98,69.40,685335,68.78
2011/03/09,69.70,69.87,69.23,69.67,620262,69.01
2011/03/10,69.93,71.38,69.85,70.24,876300,69.98
2011/03/11,70.10,71.68,69.82,71.33,1704266,70.42
2011/03/14,71.10,71.10,70.30,70.83,713212,70.01
2011/03/15,70.63,70.70,68.63,69.15,857962,68.70
2011/03/16,69.47,69.99,68.88,69.91,610605,68.72
2011/03/17,69.60,69.60,67.60,68.39,669733,67.97
2011/03/18,68.63,69.00,68.35,68.69,427024,68.05
2011/03/21,68.69,69.49,68.15,68.87,380925,68.40
2011/03/22,68.94,69.44,68.42,69.22,332222,68.35
2011/03/23,69.57,70.10,69.29,69.66,479781,69.07
2011/03/24,69.85,70.09,69.60,69.84,375529,69.20
2011/03/25,70.00,70.00,69.28,69.86,445495,68.99
2011/03/28,69.91,70.09,68.40,68.72,876478,68.61
2011/03/29,68.43,68.99,66.81,67.26,887975,66.80
2011/03/30,65.60,65.60,60.60,62.37,2568085,62.12
2011/03/31,62.33,62.33,61.20,61.90,709126,61.06
2011/04/01,61.91,62.47,61.31,62.33,524076,61.46
2011/04/06,62.10,62.50,61.35,61.46,663246,61.11
2011/04/07,61.46,61.46,60.64,61.17,472594,60.39
2011/04/08,61.20,62.23,61.00,62.02,462778,61.28
2011/04/11,62.10,62.40,61.43,61.59,654430,61.20
2011/04/12,62.00,62.90,61.68,62.24,647495,61.88
2011/04/13,62.25,62.50,61.50,62.43,564413,61.40
2011/04/14,62.59,62.61,62.01,62.26,466448,61.71
2011/04/15,62.37,62.55,61.10,61.29,644201,61.11
2011/04/18,61.28,61.28,60.20,60.23,927812,60.01
2011/04/19,60.05,60.05,57.60,58.43,1026774,57.71
2011/04/20,58.11,59.87,58.11,59.60,555994,58.60
2011/04/21,59.81,59.98,58.79,58.93,579420,58.69
2011/04/22,58.60,59.68,58.60,59.22,434895,58.75
2011/04/25,58.60,59.68,58.60,59.22,0,59.14
2011/04/26,57.49,57.50,56.36,56.76,678179,56.10
2011/04/27,56.80,57.16,56.50,57.08,723903,56.21
2011/04/28,57.18,57.28,55.61,55.70,470181,56.03
2011/04/29,56.10,56.10,53.90,54.66,987109,54.27
2011/05/03,54.70,55.33,54.45,55.30,434220,54.42
2011/05/04,55.27,55.57,54.58,54.60,594539,54.44
2011/05/05,54.85,55.45,54.62,55.30,462395,54.47
2011/05/06,54.89,56.00,54.41,55.98,637439,53.95
2011/05/09,56.40,57.16,56.00,57.00,544558,55.22
2011/05/10,57.14,57.14,55.40,56.70,389919,55.16
2011/05/11,56.55,56.63,56.20,56.60,387628,54.98
2011/05/12,56.35,56.35,55.42,55.49,466744,54.32
2011/05/13,55.40,55.90,54.55,55.45,439304,53.79
2011/05/16,55.46,55.79,55.08,55.20,308258,53.97
2011/05/17,55.20,55.20,53.78,54.69,425914,53.12
2011/05/18,54.55,55.60,54.20,55.26,206150,53.65
2011/05/19,55.17,55.65,54.46,54.85,320630,53.84
2011/05/20,54.65,55.25,54.42,54.58,211103,53.38
2011/05/23,54.28,54.40,52.39,52.41,673998,51.78
2011/05/24,51.92,52.70,50.50,52.41,562493,50.51
2011/05/25,52.20,52.20,50.81,50.86,390765,49.81
2011/05/26,51.30,51.58,48.91,49.89,463036,49.31
2011/05/27,49.87,50.10,49.11,49.13,420965,48.07
2011/05/30,48.90,49.88,48.51,48.88,294199,47.77
2011/05/31,49.39,49.98,48.99,49.90,319184,48.15
2011/06/01,50.19,50.29,49.60,49.98,366318,48.51
2011/06/02,49.45,49.70,48.46,48.97,468372,47.55
2011/06/03,48.90,50.16,48.89,49.73,333059,48.33
2011/06/07,49.90,51.19,49.48,50.42,508752,49.09
2011/06/08,50.40,50.70,49.76,50.09,291739,48.63
2011/06/09,49.92,50.18,49.12,49.13,207437,48.22
2011/06/10,49.13,49.19,48.51,49.00,300789,47.33
2011/06/13,48.89,48.89,47.95,48.75,246628,47.08
2011/06/14,48.75,49.60,48.62,49.38,345364,47.92
2011/06/15,49.12,49.20,48.41,48.60,377087,47.46
2011/06/16,48.18,48.26,47.00,47.03,430638,46.19
2011/06/17,46.98,47.37,46.12,46.37,292754,45.38
2011/06/20,45.93,46.37,45.67,46.05,245020,44.52
2011/06/21,46.05,46.60,46.05,46.30,237505,44.89
2011/06/22,46.59,46.60,46.00,46.00,178715,44.87
2011/06/23,45.90,47.90,45.76,47.70,641458,45.81
2011/06/24,47.70,49.40,47.40,49.02,801134,47.08
2011/06/27,49.00,49.98,48.92,49.30,697211,48.12
2011/06/28,49.45,49.68,48.91,49.45,349820,47.86
2011/06/29,49.51,50.78,49.17,49.30,490297,48.62
2011/06/30,49.05,50.26,49.05,49.87,446486,48.41
2011/07/01,49.90,50.60,49.90,50.16,429931,48.93
2011/07/04,50.18,52.34,50.18,51.87,690862,50.10
2011/07/05,51.90,52.00,51.22,51.60,456495,50.05
2011/07/06,51.41,51.87,51.31,51.68,340413,50.21
2011/07/07,51.69,53.50,51.69,52.22,926792,51.23
2011/07/08,52.22,52.65,51.64,52.43,488297,50.79
2011/07/11,52.35,52.88,51.60,52.75,438113,50.90
2011/07/12,52.29,52.29,51.02,51.02,686018,50.11
2011/07/13,51.08,52.03,50.92,51.85,579237,50.01
2011/07/14,51.86,52.78,51.85,52.77,566195,51.01
2011/07/15,52.77,53.96,52.59,53.70,803079,52.18
2011/07/18,53.39,53.77,52.43,52.77,905825,51.63
2011/07/19,52.88,52.88,51.10,51.38,690034,50.17
2011/07/20,51.75,51.90,51.18,51.85,474694,50.13
2011/07/21,51.70,51.97,50.93,51.00,368021,49.89
2011/07/22,51.02,51.78,51.02,51.40,340868,50.08
2011/07/25,51.06,53.28,51.06,51.20,1032861,50.82
2011/07/26,51.39,51.40,49.45,50.10,619125,48.52
2011/07/27,50.09,52.28,50.08,52.19,604361,50.00
2011/07/28,51.85,55.93,51.47,55.76,2437784,53.01
2011/07/29,55.70,55.70,53.96,54.28,1341583,53.20
2011/08/01,54.26,55.68,54.05,54.05,1067811,53.29
2011/08/02,52.25,52.25,49.40,50.71,2495905,48.89
2011/08/03,49.84,50.88,49.40,50.12,844361,48.92
2011/08/04,50.17,50.98,50.16,50.37,519049,49.12
2011/08/05,48.60,49.70,47.40,48.99,553755,47.56
2011/08/08,48.00,48.00,44.97,45.43,1084656,45.09
2011/08/09,44.05,45.79,43.58,45.37,732908,43.14
2011/08/10,45.92,46.80,45.92,46.20,599936,45.02
2011/08/11,45.01,47.28,45.01,47.27,535313,44.93
2011/08/12,47.61,48.39,47.44,47.56,574992,46.54
2011/08/15,49.19,49.96,48.30,49.91,902512,48.01
2011/08/16,49.75,50.01,48.68,48.80,850001,47.78
2011/08/17,48.46,48.80,47.90,48.35,619740,46.89
2011/08/18,48.40,49.05,47.92,48.17,400922,46.88
2011/08/19,46.90,48.94,46.90,48.78,454679,46.45
2011/08/22,48.95,50.25,48.78,49.68,664332,48.14
2011/08/23,49.58,50.35,49.46,50.18,607598,48.59
2011/08/24,50.37,50.70,49.90,50.05,563705,48.82
2011/08/25,49.50,50.70,49.20,50.40,716141,48.55
2011/08/26,50.38,50.68,49.80,50.58,488231,48.97
2011/08/29,50.25,50.80,49.98,50.05,511825,49.03
2011/08/30,50.11,51.11,49.10,49.10,691647,48.81
2011/08/31,48.92,49.35,47.70,47.90,528507,47.00
2011/09/01,47.98,48.95,47.70,48.05,367031,47.03
2011/09/02,47.75,48.23,47.24,47.55,270360,46.19
2011/09/05,47.85,47.90,46.75,46.90,303687,45.78
2011/09/06,46.78,47.17,46.40,46.90,193681,45.26
2011/09/07,47.18,48.20,47.01,47.90,265239,46.22
2011/09/08,48.11,48.27,47.26,47.30,200267,46.32
2011/09/09,47.38,47.70,46.73,46.75,212343,45.78
2011/09/13,46.16,46.70,45.93,46.70,172014,44.76
2011/09/14,46.68,46.86,46.00,46.86,177429,45.08
2011/09/15,47.00,47.35,46.87,47.13,176770,45.72
2011/09/16,47.17,47.38,46.45,46.48,302758,45.51
2011/09/19,46.37,46.37,45.08,45.12,309336,44.01
2011/09/20,45.00,45.67,45.00,45.30,159981,43.88
2011/09/21,45.11,46.85,45.11,46.48,401850,44.76
2011/09/22,46.08,46.68,45.46,45.46,378794,44.56
2011/09/23,44.40,45.09,44.05,44.95,235805,43.36
2011/09/26,44.20,45.33,44.10,44.20,219860,43.26
2011/09/27,44.90,45.15,44.00,44.36,262966,43.04
2011/09/28,44.79,44.98,44.00,44.31,281985,43.21
2011/09/29,43.97,44.62,43.88,43.88,334823,42.64
2011/09/30,43.88,46.01,43.88,44.60,436350,43.53
2011/10/10,44.71,46.46,41.40,46.22,967473,43.33
2011/10/11,46.50,47.40,45.70,45.95,982122,45.32
2011/10/12,45.76,46.90,44.40,46.60,851675,44.68
2011/10/13,46.38,47.36,46.02,46.94,898249,45.54
2011/10/14,47.02,47.29,46.20,46.59,454883,45.21
2011/10/17,46.60,47.18,45.92,46.31,473015,45.17
2011/10/18,45.81,46.82,45.05,45.06,495627,44.59
2011/10/19,45.06,45.50,43.76,44.25,505944,42.89
2011/10/20,44.25,44.73,42.70,43.19,484325,41.91
2011/10/21,43.01,43.52,42.89,43.41,364322,41.88
2011/10/24,43.61,44.78,43.46,44.68,513534,42.95
2011/10/25,44.68,46.20,44.35,46.05,915469,44.16
2011/10/26,45.67,47.39,45.43,46.70,863287,45.22
2011/10/27,46.70,46.78,45.92,46.05,654696,44.80
2011/10/28,46.57,47.56,46.06,47.50,1047521,45.37
2011/10/31,47.50,47.85,46.89,47.70,715587,46.01
2011/11/01,47.21,48.13,47.10,47.45,630670,46.18
2011/11/02,46.72,50.40,46.51,49.94,1398119,47.25
2011/11/03,49.96,51.70,49.96,50.04,1940605,49.47
2011/11/04,50.40,51.30,49.93,50.94,1140762,49.20
2011/11/07,51.40,52.40,50.40,50.41,1212238,50.14
2011/11/08,50.08,50.40,49.32,49.40,736149,48.48
2011/11/09,49.83,51.70,49.55,51.66,1112259,49.29
2011/11/10,51.28,51.77,50.70,50.73,1050912,49.70
2011/11/11,50.89,50.90,49.62,49.88,620580,48.80
2011/11/14,50.38,52.34,50.30,52.25,1157898,50.16
2011/11/15,52.20,52.39,51.72,51.88,670311,50.56
2011/11/16,51.91,53.15,50.55,50.90,1117788,50.46
2011/11/17,51.16,53.20,51.05,51.70,1364292,50.63
2011/11/18,51.35,51.35,49.68,49.85,1085674,48.96
2011/11/21,49.85,50.25,49.05,49.84,565059,48.31
2011/11/22,49.82,49.91,48.82,49.83,530880,48.06
2011/11/23,49.95,51.64,49.95,51.16,1189583,49.72
2011/11/24,50.70,52.38,50.51,51.70,1084155,50.15
2011/11/25,51.75,52.98,51.27,51.73,1013262,50.82
2011/11/28,51.89,52.17,50.61,50.75,712627,49.92
2011/11/29,51.42,51.68,50.20,51.08,767108,49.31
2011/11/30,51.10,51.10,47.90,48.41,926372,47.70
2011/12/01,49.85,50.60,48.99,48.99,855408,48.49
2011/12/02,48.94,48.94,48.00,48.39,440164,47.01
2011/12/05,48.29,48.39,46.01,46.15,661894,45.63
2011/12/06,45.75,47.24,45.75,47.05,441026,45.29
2011/12/07,46.90,47.65,46.75,47.45,383437,46.01
2011/12/08,47.60,48.37,46.43,47.95,537792,46.25
2011/12/09,47.41,48.19,47.21,47.30,324028,46.29
2011/12/12,47.55,47.86,47.15,47.30,252557,46.12
2011/12/13,47.05,47.22,45.92,46.00,430478,45.00
2011/12/14,46.18,46.50,45.78,46.10,285084,44.77
2011/12/15,46.02,47.55,46.02,46.79,664678,45.36
2011/12/16,46.70,48.25,46.05,48.00,536873,45.43
2011/12/19,47.60,48.91,46.42,48.86,569024,46.35
2011/12/20,48.40,49.26,48.01,48.23,458384,47.42
2011/12/21,48.70,49.21,47.66,47.71,542677,47.23
2011/12/22,47.30,47.30,44.56,46.28,747733,44.37
2011/12/23,45.76,46.87,45.73,45.90,349261,44.87
2011/12/26,46.31,46.75,45.71,45.71,264385,44.90
2011/12/27,45.46,45.56,43.70,43.70,403803,43.20
2011/12/28,42.94,43.58,42.20,43.09,418654,41.39
2011/12/29,43.07,43.68,42.72,43.10,346627,41.74
2011/12/30,43.65,43.88,43.25,43.80,347786,42.26
2012/01/04,43.80,44.16,41.95,41.95,436423,41.80
2012/01/05,41.41,41.42,39.46,39.53,648459,38.80
2012/01/06,39.49,40.40,39.20,40.28,301759,38.34
2012/01/09,40.30,42.09,39.80,41.90,484736,39.69
2012/01/10,41.99,43.16,41.66,42.80,656945,41.11
2012/01/11,42.43,44.10,42.43,42.95,549442,41.90
2012/01/12,42.80,43.24,42.25,42.45,339993,41.33
2012/01/13,42.40,42.70,40.12,40.35,584245,39.52
2012/01/16,42.40,42.70,40.12,40.35,0,41.41
2012/01/17,39.27,41.94,38.89,41.75,699080,39.06
2012/01/18,41.50,41.99,39.18,39.33,498016,39.26
2012/01/19,39.39,40.61,38.98,40.17,342019,38.65
2012/01/20,40.40,40.90,39.97,40.65,338186,39.19
2012/01/30,40.79,41.59,40.40,41.20,456063,39.64
2012/01/31,39.24,39.90,39.21,39.78,746436,38.13
2012/02/01,39.44,40.19,39.44,39.64,422785,38.29
2012/02/02,39.88,40.25,39.51,40.20,348780,38.43
2012/02/03,40.10,41.25,39.98,41.00,614980,39.26
2012/02/06,41.39,41.75,41.01,41.25,771048,40.01
2012/02/07,41.20,41.20,39.98,40.26,503220,39.04
2012/02/08,40.39,41.55,40.09,41.49,614912,39.58
2012/02/09,41.40,42.23,41.30,41.75,819632,40.35
2012/02/10,41.41,41.95,41.30,41.64,562101,40.28
2012/02/13,41.37,42.39,41.18,42.15,726847,40.61
2012/02/14,42.09,42.34,41.87,41.92,517569,40.67
2012/02/15,42.00,42.87,41.74,42.73,728577,41.02
2012/02/16,42.73,43.56,42.65,43.18,1084867,41.76
2012/02/17,43.30,43.77,42.68,43.51,868796,41.85
2012/02/20,43.85,45.30,43.80,44.22,2206600,43.23
2012/02/21,44.10,44.88,43.28,44.79,1268305,42.70
2012/02/22,45.10,46.35,45.03,45.46,1946909,44.36
2012/02/23,45.51,45.80,44.92,45.35,1088113,43.86
2012/02/24,45.31,45.45,44.89,45.27,955521,43.69
2012/02/27,45.28,45.65,44.90,45.10,1039734,43.85
2012/02/28,44.89,45.10,43.95,44.50,936717,43.09
2012/02/29,44.35,44.69,43.92,44.33,403687,42.83
2012/03/01,44.12,44.52,44.01,44.27,582004,42.87
2012/03/02,44.15,45.00,44.15,45.00,627681,43.34
2012/03/05,45.04,45.18,44.55,44.65,566805,43.42
2012/03/06,44.70,44.70,43.33,43.60,791054,42.37
2012/03/07,43.30,43.82,43.01,43.17,555948,41.96
2012/03/08,43.22,43.86,43.22,43.71,583550,42.23
2012/03/09,43.88,44.78,43.71,44.75,743157,42.92
2012/03/12,44.75,45.07,44.42,44.90,567132,43.37
2012/03/13,44.90,45.35,44.51,45.33,791060,43.65
2012/03/14,46.33,46.33,42.90,43.47,1299046,43.52
2012/03/15,43.47,43.70,41.98,42.32,821241,41.24
2012/03/16,42.45,43.09,42.45,43.05,643331,41.40
2012/03/19,43.08,44.05,42.73,44.04,624066,41.92
2012/03/20,43.90,43.90,42.70,42.70,480018,41.85
2012/03/21,43.00,43.09,41.71,42.31,488100,40.88
2012/03/22,42.15,42.64,42.01,42.30,312646,40.85
2012/03/23,42.01,42.36,41.80,41.85,303459,40.64
2012/03/26,41.85,41.97,41.50,41.72,193973,40.33
2012/03/27,41.90,43.87,41.80,42.53,1038976,41.64
2012/03/28,42.70,42.70,40.80,40.84,791949,40.20
2012/03/29,40.79,40.79,39.78,40.40,487902,38.84
2012/03/30,40.68,40.69,39.70,39.90,349764,38.62
2012/04/05,39.90,40.80,39.90,40.67,336518,39.15
2012/04/06,40.70,41.39,40.30,41.33,577267,39.52
2012/04/09,40.95,41.78,40.60,40.60,413587,39.76
2012/04/10,40.35,41.04,39.81,41.03,372282,38.94
2012/04/11,40.68,41.26,40.45,41.14,269562,39.55
2012/04/12,41.40,41.85,40.91,41.80,407048,40.15
2012/04/13,41.80,42.26,41.75,41.95,481057,40.60
2012/04/16,42.15,42.15,41.14,41.35,418242,40.03
2012/04/17,41.40,41.53,40.80,40.95,219240,39.69
2012/04/18,41.08,42.00,40.90,41.88,394546,40.21
2012/04/19,41.78,42.26,41.78,42.06,382930,40.70
2012/04/20,41.78,42.64,41.78,42.50,385025,40.94
2012/04/23,42.50,42.70,41.17,41.39,501393,40.45
2012/04/24,41.21,41.25,39.75,40.72,518722,39.11
2012/04/25,39.91,40.63,39.43,40.13,727893,38.45
2012/04/26,39.89,39.90,38.00,38.24,1530850,37.33
2012/04/27,38.25,38.66,38.07,38.40,476065,36.93
2012/05/02,38.71,38.85,37.90,38.60,735663,36.98
2012/05/03,38.68,38.68,38.22,38.64,463036,37.13
2012/05/04,38.49,39.38,38.49,39.27,613838,37.77
2012/05/07,39.19,39.33,38.77,38.97,921857,37.54
2012/05/08,38.97,39.69,38.97,39.45,791684,37.92
2012/05/09,39.26,39.27,38.61,38.64,527474,37.42
2012/05/10,38.61,39.09,38.61,38.78,507933,37.49
2012/05/11,38.78,38.99,38.70,38.76,326112,37.42
2012/05/14,39.08,39.16,38.72,38.89,406256,37.56
2012/05/15,38.84,38.84,38.04,38.38,459801,36.84
2012/05/16,38.22,38.33,37.60,37.65,435344,36.55
2012/05/17,38.22,38.33,37.60,37.65,0,37.96
2012/05/18,37.90,38.03,37.50,37.67,480897,36.34
2012/05/21,37.65,37.90,37.42,37.76,254598,36.26
2012/05/22,37.99,38.26,37.78,38.09,304753,36.58
2012/05/23,38.09,38.31,37.48,37.70,301849,36.47
2012/05/24,37.60,38.31,37.40,38.10,496042,36.48
2012/05/25,38.75,38.76,38.01,38.39,619354,36.98
2012/05/28,38.29,38.40,36.40,38.20,577586,36.14
2012/05/29,38.45,38.45,37.75,38.32,676404,36.85
2012/05/30,38.32,38.39,37.51,38.08,461593,36.65
2012/05/31,38.00,38.86,37.90,38.80,719783,37.20
2012/06/01,38.86,39.15,38.55,38.89,550426,37.40
2012/06/04,38.59,38.59,37.52,37.53,488974,36.66
2012/06/05,37.82,37.97,37.40,37.61,275365,36.26
2012/06/06,37.70,37.89,37.33,37.82,336596,36.19
2012/06/07,38.20,38.20,36.90,36.93,629848,35.17
2012/06/08,37.22,37.48,36.26,37.35,612434,34.60
2012/06/11,37.18,37.86,36.84,37.69,637658,35.30
2012/06/12,37.55,37.55,37.07,37.07,349974,35.03
2012/06/13,37.20,37.46,36.85,37.33,316105,35.05
2012/06/14,37.10,37.68,36.90,37.48,318812,35.18
2012/06/15,37.49,38.50,37.08,38.49,1326077,35.73
2012/06/18,38.50,39.09,38.05,38.80,1194071,36.43
2012/06/19,39.18,39.18,38.43,38.51,729656,36.58
2012/06/20,38.62,38.96,38.45,38.51,535320,36.47
2012/06/21,38.68,38.68,37.66,38.52,576384,35.93
2012/06/25,38.35,38.71,37.48,37.80,353332,35.99
2012/06/26,37.70,37.70,36.62,37.00,361335,34.76
2012/06/27,37.11,37.65,36.65,37.18,410745,35.10
2012/06/28,37.10,37.23,36.26,36.90,538399,34.56
2012/06/29,36.79,36.91,35.99,36.85,461049,34.22
2012/07/02,36.90,37.13,36.53,37.04,281186,34.74
2012/07/03,37.02,37.27,36.90,37.19,430655,34.91
2012/07/04,37.20,38.50,37.01,37.94,812856,35.52
2012/07/05,38.38,38.38,37.22,37.22,626096,35.59
2012/07/06,37.36,37.51,36.40,37.50,622636,34.96
2012/07/09,37.21,37.47,36.50,36.50,366577,34.75
2012/07/10,36.31,36.50,35.38,35.41,456525,33.48
2012/07/11,35.36,35.61,35.23,35.40,252922,33.23
2012/07/12,35.39,36.50,34.88,35.74,515980,33.24
2012/07/13,35.41,35.90,34.81,34.89,381356,33.02
2012/07/16,34.81,34.82,32.08,32.10,642304,31.12
2012/07/17,32.20,32.36,31.82,32.28,288860,29.98
2012/07/18,32.28,32.95,31.90,32.89,302369,30.22
2012/07/19,32.89,33.08,32.53,32.75,387575,30.62
2012/07/20,32.61,32.87,32.31,32.36,211820,30.39
2012/07/23,32.19,32.19,31.40,31.51,277783,29.33
2012/07/24,31.17,31.79,31.17,31.60,243951,29.36
2012/07/25,31.32,31.68,31.32,31.43,173960,29.30
2012/07/26,31.35,31.70,31.35,31.41,146898,29.30
2012/07/27,31.50,31.71,31.33,31.71,271076,29.30
2012/07/30,31.48,31.89,31.35,31.43,223499,29.40
2012/07/31,31.46,31.68,30.36,30.42,264279,28.45
2012/08/01,30.80,31.05,30.44,30.70,171227,28.53
2012/08/02,30.46,31.17,30.46,30.79,291965,28.60
2012/08/03,30.71,31.38,30.50,31.35,338743,28.92
2012/08/06,31.29,32.09,31.10,32.05,436591,29.51
2012/08/07,32.00,32.14,31.75,31.90,284268,29.72
2012/08/08,32.15,32.15,31.79,31.94,157488,29.74
2012/08/09,31.94,32.38,31.87,32.29,252554,29.97
2012/08/10,32.30,33.13,32.00,32.93,442300,30.36
2012/08/13,32.88,32.88,31.82,31.87,292767,30.03
2012/08/14,31.88,32.06,31.02,31.91,269823,29.26
2012/08/15,31.79,32.18,31.24,31.92,260897,29.59
2012/08/16,31.82,32.68,31.38,32.59,515538,30.02
2012/08/17,32.09,33.00,32.00,32.89,651112,30.40
2012/08/20,32.30,33.10,31.66,32.90,542796,30.20
2012/08/21,32.80,34.12,32.60,33.81,1160384,31.32
2012/08/22,33.69,34.08,33.16,33.45,680500,31.33
2012/08/23,33.45,34.29,33.25,33.78,684450,31.76
2012/08/24,33.62,34.06,32.64,32.64,666466,31.32
2012/08/27,32.64,32.64,31.75,31.75,285463,29.77
2012/08/28,31.75,32.48,31.72,32.22,225871,29.95
2012/08/29,32.05,32.40,31.70,31.83,257306,29.85
2012/08/30,31.85,32.09,31.02,31.67,258031,29.34
2012/08/31,31.50,31.75,31.25,31.50,173445,29.30
2012/09/03,31.50,32.20,31.20,32.10,198053,29.58
2012/09/04,32.08,32.50,31.88,32.02,199801,29.97
2012/09/05,32.10,33.19,31.70,32.88,504692,30.43
2012/09/06,33.10,33.10,32.61,32.86,350395,30.61
2012/09/07,33.10,34.02,32.91,33.69,754463,31.32
2012/09/10,33.38,33.97,33.21,33.76,475166,31.52
2012/09/11,33.77,34.20,33.45,33.90,605548,31.70
2012/09/12,33.76,34.30,33.30,33.70,429880,31.43
2012/09/13,33.55,34.18,33.51,33.93,713385,31.80
2012/09/14,34.14,34.80,33.33,33.93,816067,31.84
2012/09/17,34.90,34.90,33.01,33.07,626695,31.60
2012/09/18,32.89,33.66,32.72,33.07,383252,30.91
2012/09/19,32.73,33.17,32.73,32.95,251586,30.76
2012/09/20,32.95,32.98,31.10,31.18,576309,29.55
2012/09/21,31.08,31.47,30.20,30.46,576009,28.63
2012/09/24,30.26,30.73,30.09,30.50,238583,28.11
2012/09/25,30.79,30.79,30.03,30.20,191308,28.02
2012/09/26,30.18,30.22,29.32,29.35,230806,27.60
2012/09/27,29.38,30.18,29.37,29.97,253032,27.57
2012/09/28,29.80,30.30,29.20,30.30,308130,27.85
2012/10/08,30.38,30.47,29.98,30.10,174138,27.95
2012/10/09,30.38,31.17,29.79,31.13,372140,28.54
2012/10/10,31.00,31.69,30.86,31.48,469396,29.20
2012/10/11,31.44,31.66,30.80,30.85,398000,29.08
2012/10/12,31.10,31.60,30.22,31.51,481169,28.71
2012/10/15,31.20,31.49,30.60,30.93,353684,28.82
2012/10/16,31.00,31.08,30.76,30.78,167207,28.69
2012/10/17,31.04,31.04,30.51,30.97,175462,28.53
2012/10/18,30.96,31.56,30.77,31.29,269928,29.04
2012/10/19,31.33,31.53,31.06,31.28,253819,29.12
2012/10/22,31.20,31.50,30.80,31.32,226244,28.95
2012/10/23,31.20,31.33,30.83,30.83,159671,28.82
2012/10/24,30.71,30.90,30.65,30.80,144917,28.58
2012/10/25,30.60,31.03,30.34,30.34,229192,28.47
2012/10/26,30.32,30.32,29.50,29.73,325190,27.55
2012/10/29,29.49,29.94,29.49,29.61,103385,27.57
2012/10/30,29.87,30.19,29.55,30.08,271717,27.83
2012/10/31,30.50,31.17,30.15,30.75,555342,28.47
2012/11/01,30.23,31.10,30.23,30.89,448786,28.49
2012/11/02,30.70,31.10,30.70,30.92,238308,28.71
2012/11/05,31.00,31.19,30.52,30.61,181239,28.59
2012/11/06,30.53,30.68,29.70,30.13,163204,27.86
2012/11/07,29.98,30.15,29.79,30.10,101883,27.73
2012/11/08,29.80,29.89,29.56,29.58,187532,27.47
2012/11/09,29.51,29.75,29.51,29.68,94564,27.40
2012/11/12,29.94,30.70,29.94,30.50,276176,28.27
2012/11/13,30.21,30.79,29.52,30.58,535904,28.21
2012/11/14,30.69,32.23,30.58,31.86,1651239,29.32
2012/11/15,31.26,31.50,30.76,31.10,788782,28.87
2012/11/16,30.99,32.20,29.73,32.20,583197,30.97
2012/11/19,31.17,31.59,30.85,31.43,586145,29.05
2012/11/20,31.45,31.64,30.81,31.18,356184,29.02
2012/11/21,30.93,31.20,30.20,30.92,321904,28.52
2012/11/22,30.89,30.98,30.33,30.34,252454,28.39
2012/11/23,30.86,32.57,30.63,31.75,1717819,29.55
2012/11/26,31.29,31.70,31.10,31.61,877230,29.17
2012/11/27,31.40,31.50,29.89,29.89,813664,28.31
2012/11/28,29.50,29.50,28.30,28.45,695063,26.49
2012/11/29,28.45,28.61,27.55,27.60,680339,25.71
2012/11/30,27.50,29.08,27.33,28.35,578046,25.81
2012/12/03,28.18,28.99,27.65,27.73,559925,26.08
2012/12/04,27.95,28.17,27.18,27.75,543806,25.39
2012/12/05,27.27,28.67,27.27,28.45,837313,26.08
2012/12/06,28.45,28.59,27.80,27.96,621369,25.93
2012/12/07,27.83,28.49,27.46,28.38,749868,25.96
2012/12/10,28.24,29.55,28.24,29.27,997840,26.88
2012/12/11,29.00,29.60,28.98,29.06,601134,27.04
2012/12/12,29.06,29.34,28.56,28.87,468924,26.66
2012/12/13,28.90,28.99,28.55,28.58,219630,26.51
2012/12/14,28.65,29.75,28.50,29.60,719781,27.16
2012/12/17,29.90,29.90,29.28,29.60,627438,27.30
2012/12/18,29.24,29.70,29.20,29.42,636360,27.29
2012/12/19,29.35,29.76,29.20,29.72,448322,27.28
2012/12/20,29.53,30.20,29.30,29.96,584672,27.59
2012/12/21,30.09,30.75,29.79,30.54,893276,28.10
2012/12/24,30.59,32.06,30.58,31.90,1763454,29.31
2012/12/25,32.14,32.40,31.61,32.19,1715083,29.82
2012/12/26,32.40,34.20,32.20,33.56,2176705,31.04
2012/12/27,33.59,33.80,32.19,32.25,1708600,30.63
2012/12/28,32.24,32.50,31.56,32.15,1344393,29.93
2012/12/31,32.18,32.50,31.84,31.93,979045,29.84
2013/01/04,32.36,33.20,32.02,32.60,1339175,30.48
2013/01/07,32.50,33.90,32.50,33.85,1574167,31.18
2013/01/08,33.55,33.92,33.00,33.72,1325182,31.30
2013/01/09,33.80,34.10,33.25,33.44,971176,31.39
2013/01/10,33.53,34.87,33.46,34.04,1341455,31.93
2013/01/11,34.09,34.58,32.80,33.09,1345796,31.61
2013/01/14,32.98,34.74,32.70,34.58,1616905,31.95
2013/01/15,34.56,35.67,34.41,34.71,1791158,32.77
2013/01/16,34.75,34.86,33.86,34.21,1005028,32.11
2013/01/17,34.21,34.40,33.41,33.59,801336,31.58
2013/01/18,33.61,34.00,33.46,33.76,739496,31.51
2013/01/21,33.77,33.98,33.51,33.89,653556,31.53
2013/01/22,33.89,33.95,32.80,32.81,1038332,31.20
2013/01/23,32.62,33.14,32.40,33.05,588190,30.63
2013/01/24,33.05,33.50,32.08,32.18,805722,30.52
2013/01/25,32.06,32.39,31.91,32.19,338653,29.98
2013/01/28,32.18,32.85,32.18,32.82,644830,30.45
2013/01/29,32.82,33.08,32.64,32.91,536802,30.69
2013/01/30,32.91,33.70,32.91,33.53,762405,31.21
2013/01/31,33.65,33.65,32.99,33.10,497582,30.94
2013/02/01,33.00,33.87,32.80,33.43,567982,31.21
2013/02/04,33.50,33.64,32.90,32.90,537290,30.94
2013/02/05,32.72,33.30,32.72,33.25,385443,30.91
2013/02/06,33.26,34.04,33.08,33.73,701372,31.55
2013/02/07,33.55,33.94,33.40,33.81,408267,31.52
2013/02/08,33.76,34.75,33.76,34.65,909383,32.26
2013/02/18,34.70,36.53,34.70,36.04,1719324,33.59
2013/02/19,36.07,36.07,35.25,35.56,913460,33.43
2013/02/20,35.52,37.11,35.42,36.90,1302916,34.49
2013/02/21,36.78,36.84,35.90,36.51,969576,34.17
2013/02/22,36.55,36.63,35.21,35.80,1225296,33.60
2013/02/25,35.70,36.57,35.61,35.93,939418,33.96
2013/02/26,34.16,34.20,33.08,33.08,2594798,31.38
2013/02/27,33.11,33.20,32.56,32.80,924646,30.61
2013/02/28,32.80,33.18,32.80,33.13,865139,30.80
2013/03/01,33.10,33.46,33.01,33.44,768615,31.03
2013/03/04,33.38,33.38,32.32,32.54,782011,30.63
2013/03/05,32.53,33.40,32.40,33.25,511517,30.81
2013/03/06,33.29,33.95,33.22,33.82,934740,31.50
2013/03/07,33.99,33.99,33.05,33.10,756033,31.23
2013/03/08,33.38,33.45,33.11,33.13,439765,31.06
2013/03/11,32.72,33.08,32.68,32.83,447750,30.60
2013/03/12,32.88,33.07,31.14,31.42,702224,29.68
2013/03/13,31.42,31.45,30.76,30.98,391938,28.80
2013/03/14,30.98,31.35,30.70,30.81,308595,28.77
2013/03/15,30.78,31.35,30.62,30.99,336576,28.91
2013/03/18,30.71,30.95,30.60,30.60,324655,28.52
2013/03/19,30.60,30.91,30.50,30.89,282957,28.55
2013/03/20,30.79,31.50,30.79,31.45,327850,29.07
2013/03/21,31.50,31.86,31.38,31.74,414882,29.41
2013/03/22,31.49,31.69,31.21,31.50,307308,29.25
2013/03/25,31.50,31.77,31.20,31.51,238832,29.27
2013/03/26,31.12,31.50,30.80,31.05,403995,28.86
2013/03/27,31.00,31.78,30.85,31.16,395086,29.14
2013/03/28,31.08,31.08,30.08,30.16,406945,28.34
2013/03/29,30.12,30.30,30.00,30.14,344346,27.98
2013/04/01,30.12,30.72,30.12,30.62,326735,28.34
2013/04/02,30.52,30.89,30.29,30.32,360374,28.37
2013/04/03,30.24,30.52,30.24,30.36,205706,28.16
2013/04/08,30.43,30.78,29.82,30.75,260528,28.12
2013/04/09,31.05,31.52,30.70,31.48,575154,29.00
2013/04/10,31.60,31.60,30.03,31.04,483556,30.82
2013/04/11,31.04,31.04,30.64,30.79,213531,27.77
2013/04/12,31.19,31.40,30.68,31.00,192267,31.04
2013/04/15,30.70,31.00,29.89,30.08,299578,27.17
2013/04/16,29.83,30.26,29.47,30.26,180156,29.87
2013/04/17,30.19,30.37,30.01,30.34,226980,30.19
2013/04/18,30.20,30.42,30.17,30.33,206007,30.30
2013/04/19,30.28,30.90,30.19,30.78,391158,27.71
2013/04/22,30.52,31.87,30.28,31.70,859883,31.08
2013/04/23,31.70,31.70,30.50,30.56,540767,27.93
2013/04/24,30.66,31.58,30.32,31.29,577873,30.95
2013/04/25,31.28,32.31,31.22,31.74,1113418,28.93
2013/04/26,31.70,31.70,30.92,31.14,456303,28.23
2013/05/02,30.95,31.58,30.65,31.56,292781,31.11
2013/05/03,31.56,32.19,31.50,32.10,748375,28.96
2013/05/06,32.10,33.50,32.10,32.94,1339281,29.97
2013/05/07,32.94,33.24,32.40,32.56,830857,29.81
2013/05/08,32.73,33.65,32.58,33.50,1091947,30.37
2013/05/09,33.40,34.78,33.31,34.65,2222187,31.19
2013/05/10,34.60,34.60,33.68,34.35,1305861,31.14
2013/05/13,34.34,34.50,33.50,33.80,850353,30.86
2013/05/14,33.57,33.68,32.80,32.93,848399,30.05
2013/05/15,33.07,33.56,32.85,33.50,547359,30.22
2013/05/16,33.52,34.40,33.20,33.99,1256092,31.04
2013/05/17,33.90,33.99,33.30,33.84,954199,30.71
2013/05/20,34.00,35.36,34.00,34.99,4342882,31.89
2013/05/21,34.79,36.40,34.53,35.75,3445895,32.50
2013/05/22,35.74,36.30,35.02,35.43,2229450,32.52
2013/05/23,35.30,35.58,34.70,35.00,1460011,32.15
2013/05/24,34.98,36.37,34.92,36.16,2525688,32.84
2013/05/27,36.13,37.09,35.70,35.87,2846110,33.22
2013/05/28,35.63,35.87,34.50,34.85,1993931,32.02
2013/05/29,34.87,35.75,34.87,35.20,2183228,32.32
2013/05/30,35.00,35.38,34.61,34.73,1846657,31.88
2013/05/31,34.88,35.35,34.53,34.60,1910782,31.94
2013/06/03,34.85,34.90,33.48,33.53,1883549,30.86
2013/06/04,33.50,33.59,32.73,33.01,1178459,30.14
2013/06/05,33.31,33.81,32.86,33.23,745435,30.14
2013/06/06,33.10,33.24,32.79,32.85,584256,29.99
2013/06/07,32.83,33.10,32.26,32.55,925245,29.71
2013/06/13,32.47,32.47,30.71,31.70,1330864,31.59
2013/06/14,31.95,33.66,31.71,33.18,1902870,29.92
2013/06/17,33.37,36.20,33.31,33.98,3018741,31.62
2013/06/18,34.20,35.70,33.53,35.65,3285371,34.62
2013/06/19,35.00,35.25,34.41,35.08,2667711,31.82
2013/06/20,34.87,36.02,34.26,34.35,3380064,32.38
2013/06/21,33.40,35.20,32.60,35.05,2320967,33.90
2013/06/24,34.69,36.00,34.30,35.15,3990645,32.24
2013/06/25,34.60,35.60,31.94,34.60,4292115,33.77
2013/06/26,34.25,37.76,33.90,37.76,7333568,34.23
2013/06/27,38.99,39.33,36.89,37.13,10197342,35.21
2013/06/28,36.37,38.29,35.51,37.80,5620226,36.90
2013/07/01,37.05,39.28,37.03,38.98,5413972,35.25
2013/07/02,38.68,40.28,38.26,38.57,6933251,36.09
2013/07/03,37.60,39.45,37.01,39.20,6464496,38.23
2013/07/04,39.00,39.20,37.81,37.82,4412442,35.37
2013/07/05,37.70,38.99,36.22,36.38,4499484,34.76
2013/07/08,35.60,37.38,34.88,36.35,3357774,33.19
2013/07/09,36.75,38.40,36.22,38.23,4598247,37.31
2013/07/10,37.88,38.88,37.60,37.91,4370969,35.13
2013/07/11,37.60,39.06,37.50,38.96,4421650,35.54
2013/07/12,39.01,42.56,39.01,41.90,8461235,38.73
2013/07/15,42.01,44.14,41.71,43.20,7061473,39.87
2013/07/16,42.98,43.20,42.02,42.80,4068950,39.61
2013/07/17,43.00,46.63,42.70,44.80,5049538,41.91
2013/07/18,44.40,46.78,44.15,45.83,4932029,42.73
2013/07/19,45.00,47.28,43.45,43.50,5231636,42.65
2013/07/22,43.00,47.55,42.98,46.33,5097942,42.92
2013/07/23,46.38,46.88,45.12,46.44,3692323,42.84
2013/07/24,46.44,47.98,45.63,45.88,4780820,43.55
2013/07/25,45.40,45.73,41.72,41.84,5401883,40.40
2013/07/26,41.87,42.98,40.75,41.98,3302101,38.83
2013/07/29,41.95,42.63,41.30,41.39,1804272,38.86
2013/07/30,41.34,41.84,39.11,39.95,2808743,36.97
2013/07/31,39.83,40.62,39.52,40.00,1883055,37.15
2013/08/01,40.28,43.30,40.02,42.85,3533599,38.89
2013/08/02,43.00,46.80,42.70,45.03,5130583,41.72
2013/08/05,44.80,45.68,44.00,44.72,2599993,41.64
2013/08/06,44.82,45.84,44.32,45.11,2259487,42.00
2013/08/07,44.95,44.98,42.03,42.32,3321961,40.09
2013/08/08,41.97,42.96,41.80,42.37,1852774,39.39
2013/08/09,42.54,43.37,41.00,41.78,2286145,39.23
2013/08/12,41.50,42.11,40.58,42.10,2719108,38.38
2013/08/13,41.88,43.33,41.50,42.89,2488839,39.65
2013/08/14,42.89,44.99,41.53,44.15,4236896,40.50
2013/08/15,44.19,45.72,43.80,44.40,3985309,41.64
2013/08/16,43.80,44.57,41.25,41.42,3552829,39.93
2013/08/19,41.42,43.10,41.04,43.02,2424237,39.41
2013/08/20,42.90,44.37,42.63,43.10,2269784,40.41
2013/08/21,42.70,42.70,41.85,42.40,3032311,39.22
2013/08/22,42.41,44.92,42.40,43.99,4628475,40.77
2013/08/23,44.20,45.46,43.35,44.60,5162677,41.50
2013/08/26,44.79,46.68,44.78,45.95,4193647,42.82
2013/08/27,45.88,50.25,45.33,50.25,6941082,45.63
2013/08/28,52.10,53.70,50.30,50.70,10607095,48.89
2013/08/29,50.10,52.88,49.81,50.77,6115934,48.53
2013/08/30,51.80,51.80,45.99,45.99,6682374,44.77
2013/09/02,44.85,47.26,44.10,46.40,3573097,42.89
2013/09/03,46.15,48.41,45.24,48.25,4813452,44.12
2013/09/04,47.69,48.29,47.16,47.26,3659201,44.76
2013/09/05,46.99,50.23,46.60,49.25,4161508,45.85
2013/09/06,49.15,51.48,48.75,51.40,3731926,47.62
2013/09/09,51.19,53.00,49.31,50.56,3675704,47.89
2013/09/10,50.19,51.26,48.87,49.33,2508537,46.81
2013/09/11,49.00,49.23,46.02,46.50,2707575,44.04
2013/09/12,46.60,48.10,46.50,47.76,1955041,44.49
2013/09/13,47.59,49.48,46.73,49.03,2433558,45.30
2013/09/16,48.52,53.63,48.50,52.40,4234891,48.65
2013/09/17,52.25,53.12,50.80,50.83,2818411,48.75
2013/09/18,50.60,55.61,50.60,55.61,5296019,51.67
2013/09/23,56.06,57.80,54.30,57.10,5044267,53.06
2013/09/24,56.56,57.39,55.30,56.38,3520627,53.38
2013/09/25,55.89,58.08,55.00,56.68,4636127,53.67
2013/09/26,56.05,58.10,55.31,55.88,3478993,53.99
2013/09/27,56.22,56.40,53.98,55.37,2863715,52.36
2013/09/30,55.60,57.32,55.21,56.80,1702203,53.63
2013/10/08,56.90,58.38,55.52,57.04,2216620,54.28
2013/10/09,56.57,58.57,55.70,57.72,2596585,54.31
2013/10/10,57.66,58.99,54.04,54.55,2917303,53.21
2013/10/11,55.48,55.95,53.30,54.90,3130041,51.58
2013/10/14,55.07,56.50,53.50,55.61,2416698,52.40
2013/10/15,55.11,57.28,53.89,53.99,2982184,52.66
2013/10/16,53.80,53.80,48.89,49.02,3579538,47.45
2013/10/17,49.80,49.96,48.00,48.30,1703097,46.00
2013/10/18,48.31,49.50,48.31,49.20,1178851,46.10
2013/10/21,49.33,50.99,49.33,50.58,1498350,47.43
2013/10/22,50.49,50.49,46.29,46.59,2830195,45.26
2013/10/23,46.20,47.16,45.34,46.33,1703806,43.01
2013/10/24,46.00,47.08,46.00,46.33,1088313,43.68
2013/10/25,46.59,47.00,43.00,44.21,2010221,41.85
2013/10/28,44.21,45.18,44.00,45.03,1397111,41.61
2013/10/29,45.00,45.00,41.02,42.60,2819999,39.82
2013/10/30,42.49,43.18,41.70,42.40,4479305,39.56
2013/10/31,42.30,42.30,40.26,40.81,2535952,37.96
2013/11/01,40.85,42.20,39.88,41.15,2833876,37.78
2013/11/04,41.20,41.65,40.49,40.98,2036445,38.10
2013/11/05,41.00,42.55,40.58,42.45,2962881,39.00
2013/11/06,42.16,42.55,41.24,41.30,2369296,38.98
2013/11/07,41.00,42.25,40.70,41.37,1645142,38.46
2013/11/08,41.05,41.55,40.18,40.96,1414194,37.90
2013/11/11,41.05,42.12,40.28,41.80,1566787,38.38
2013/11/12,41.60,42.47,41.45,42.20,1952283,39.06
2013/11/13,42.10,42.39,41.01,41.01,1767139,38.92
2013/11/14,40.92,43.30,40.30,43.01,3617047,39.30
2013/11/15,42.70,44.78,42.63,44.60,4145126,41.01
2013/11/18,44.68,45.50,44.35,44.92,3473851,41.88
2013/11/19,44.79,45.86,44.46,44.66,2337244,42.01
2013/11/20,44.41,44.85,43.58,44.35,2159042,41.05
2013/11/21,44.17,45.99,43.72,45.99,3444714,41.97
2013/11/22,46.01,46.39,44.93,45.10,2313244,42.47
2013/11/25,44.95,46.07,44.50,45.40,2093030,42.42
2013/11/26,45.47,46.49,44.80,46.14,2711436,42.78
2013/11/27,46.00,47.09,45.81,46.45,2661332,43.56
2013/11/28,46.59,47.66,46.31,47.22,2536625,44.13
2013/11/29,47.59,51.64,47.59,50.40,5692737,47.23
2013/12/02,47.00,47.75,45.66,45.66,4451004,43.25
2013/12/03,44.00,45.49,42.00,44.95,3064282,41.01
2013/12/04,44.75,46.37,44.53,45.25,2773855,42.78
2013/12/05,45.08,45.46,43.50,43.50,2725297,41.20
2013/12/06,43.01,44.23,42.96,43.78,1283373,40.79
2013/12/09,43.71,44.98,43.70,44.91,1465100,41.55
2013/12/10,44.91,45.15,44.04,44.37,1219174,41.51
2013/12/11,44.30,45.09,43.85,44.37,1311209,41.62
2013/12/12,44.08,45.86,44.08,45.59,2270376,42.29
2013/12/13,45.30,45.96,44.98,45.28,1715191,42.50
2013/12/16,44.89,45.30,43.01,43.70,1966930,41.29
2013/12/17,43.70,43.90,43.10,43.43,1213909,40.48
2013/12/18,43.25,43.48,41.86,42.01,1701707,39.36
2013/12/19,42.41,43.13,42.02,42.23,896531,39.64
2013/12/20,42.39,43.47,42.36,42.78,1217344,39.89
2013/12/23,42.70,42.70,40.90,41.92,1062745,38.75
2013/12/24,42.20,43.29,42.11,42.89,1180938,39.88
2013/12/25,43.15,45.96,43.10,45.90,3527819,42.25
2013/12/26,45.61,46.95,45.33,45.33,3446847,43.07
2013/12/27,45.00,46.41,44.77,46.22,2088832,43.08
2013/12/30,46.52,49.28,46.52,47.15,3029482,44.94
2013/12/31,46.62,48.78,46.25,47.90,2915124,44.56
2014/01/02,47.40,48.10,46.93,47.60,2114524,44.58
2014/01/03,47.54,47.54,46.25,47.00,2506296,43.74
2014/01/06,46.52,46.86,43.68,43.68,2687505,41.99
2014/01/07,43.20,44.59,42.86,44.43,1443354,40.97
2014/01/08,44.35,46.28,43.93,45.80,2331258,42.43
2014/01/09,46.50,48.50,45.81,46.06,4150661,44.30
2014/01/10,46.10,47.30,45.46,46.30,2300409,43.55
2014/01/13,46.50,47.81,46.32,47.30,2404817,44.11
2014/01/14,47.65,47.65,45.70,47.17,2296415,43.67
2014/01/15,46.90,48.78,46.80,48.70,3293481,45.07
2014/01/16,48.85,49.18,47.45,47.50,2775184,45.06
2014/01/17,47.31,48.43,47.00,47.38,2158453,44.89
2014/01/20,47.59,47.60,45.76,45.90,2291422,43.55
2014/01/21,45.80,48.27,45.64,48.15,2627926,44.39
2014/01/22,48.08,49.15,47.82,49.08,3114816,45.53
2014/01/23,49.10,51.20,48.78,50.56,4304809,47.33
2014/01/24,50.00,53.55,49.98,52.90,5292821,48.67
2014/01/27,52.30,55.97,52.03,52.86,4653664,50.87
2014/01/28,53.18,53.65,51.00,53.50,3202715,49.42
2014/01/29,53.01,58.55,52.98,57.49,5428298,53.47
2014/01/30,57.30,58.50,55.77,56.40,4101852,54.22
2014/02/07,55.80,61.74,55.80,61.74,6026171,56.82
2014/02/10,62.38,63.39,61.32,62.00,6139953,59.09
2014/02/11,61.99,62.30,59.05,60.74,5333829,57.46
2014/02/12,61.00,61.50,59.06,60.07,3519831,57.39
2014/02/13,59.89,59.89,55.00,55.90,4346543,54.81
2014/02/14,56.20,57.47,55.53,57.00,2868494,53.70
2014/02/17,57.04,58.88,56.13,58.47,3517974,54.77
2014/02/18,58.89,60.98,57.30,57.67,4069909,55.97
2014/02/19,57.96,58.00,55.80,56.85,3027759,53.73
2014/02/20,57.01,57.93,55.40,56.00,2678984,53.71
2014/02/21,56.01,57.50,56.01,57.15,2106964,53.84
2014/02/24,57.40,60.67,57.00,59.75,3861866,56.27
2014/02/25,60.28,60.75,54.08,54.08,4900459,54.12
2014/02/26,54.00,54.00,50.10,51.99,3469842,48.90
2014/02/27,52.00,53.68,50.21,50.61,2756346,49.00
2014/02/28,51.20,51.79,50.41,51.63,1959087,48.16
2014/03/03,51.66,53.17,51.01,53.16,2084382,48.94
2014/03/04,52.56,52.85,51.60,52.04,1603504,49.25
2014/03/05,52.40,54.94,52.40,54.13,2674495,50.85
2014/03/06,53.95,55.96,53.31,54.46,2924807,51.83
2014/03/07,54.30,55.28,51.78,52.49,2474063,50.59
2014/03/10,51.90,52.07,50.32,50.41,1636360,48.09
2014/03/11,50.38,51.40,50.06,51.01,1437450,47.75
2014/03/12,50.84,50.95,49.10,50.01,1473758,47.00
2014/03/13,50.10,52.05,49.51,51.89,1864057,48.09
2014/03/14,51.07,52.07,50.50,51.18,1435281,48.32
2014/03/17,51.12,52.89,51.12,52.64,1603682,49.22
2014/03/18,52.71,54.10,52.40,52.87,1717302,50.37
2014/03/19,52.60,52.89,51.28,52.10,1299218,48.98
2014/03/20,52.08,54.19,51.50,51.89,2298258,50.09
2014/03/21,51.51,53.80,50.77,53.24,1850451,49.77
2014/03/24,52.89,53.43,51.98,52.50,1233397,49.60
2014/03/25,52.12,53.75,52.11,53.05,1258553,50.13
2014/03/26,53.00,54.24,52.69,53.66,1432647,50.57
2014/03/27,53.50,53.66,49.50,49.57,3143169,47.71
2014/03/28,48.90,49.38,46.81,47.03,1895401,44.72
2014/03/31,47.30,47.79,46.42,47.13,986095,44.24
2014/04/01,47.11,48.03,46.64,47.85,762705,44.75
2014/04/02,47.99,48.20,46.05,46.70,1325110,43.92
2014/04/03,46.64,47.68,46.25,47.10,931069,44.01
2014/04/04,46.90,47.54,46.55,47.50,931526,44.11
2014/04/08,46.90,47.54,46.51,47.50,859762,44.17
2014/04/09,47.97,48.77,47.53,48.24,942728,45.27
2014/04/10,48.50,49.30,48.30,48.48,1443963,45.85
2014/04/11,47.80,48.09,47.51,47.94,907097,44.81
2014/04/14,47.96,48.88,47.95,48.53,787908,45.52
2014/04/15,48.49,48.86,47.82,48.10,877355,45.13
2014/04/16,47.90,48.38,47.84,48.10,540404,45.14
2014/04/17,48.10,48.77,48.06,48.38,661976,45.54
2014/04/18,48.80,48.94,48.21,48.69,679113,45.65
2014/04/21,48.60,48.90,47.56,47.56,927840,45.38
2014/04/22,47.61,47.79,45.50,46.88,1140263,43.37
2014/04/23,46.00,46.46,44.50,45.05,1974270,42.23
2014/04/24,44.83,44.99,43.30,43.92,1468897,41.10
2014/04/25,43.66,43.98,42.68,42.80,1147935,40.28
2014/04/28,42.74,42.74,41.29,41.86,1030672,39.01
2014/04/29,40.95,41.08,39.90,40.90,1813548,37.57
2014/04/30,40.83,41.88,40.69,41.80,1083013,38.48
2014/05/05,41.84,42.26,41.23,42.26,722411,38.70
2014/05/06,42.18,42.99,41.80,42.28,1012645,39.53
2014/05/07,42.25,42.28,41.00,41.00,759906,38.51
2014/05/08,40.93,41.72,40.63,41.09,812276,38.25
2014/05/09,40.99,41.17,40.18,40.32,809577,37.56
2014/05/12,40.71,41.60,40.71,41.57,990455,38.23
2014/05/13,41.48,42.48,41.30,42.00,940808,39.05
2014/05/14,41.91,42.15,41.51,41.70,595980,38.73
2014/05/15,41.80,42.12,40.64,40.65,732632,38.33
2014/05/16,40.74,40.87,39.68,40.09,892646,37.11
2014/05/19,39.92,40.68,39.81,40.26,579737,37.18
2014/05/20,40.68,41.25,40.47,40.74,717053,37.88
2014/05/21,40.74,41.06,40.03,41.06,586261,37.64
2014/05/22,41.15,42.16,41.07,41.54,1331529,38.76
2014/05/23,41.59,43.06,41.31,43.05,1471009,39.27
2014/05/26,43.00,43.33,42.51,43.17,1503548,39.92
2014/05/27,43.22,43.38,42.51,42.54,825301,39.88
2014/05/28,42.80,43.80,42.21,43.52,1727910,40.19
2014/05/29,43.58,43.69,42.21,42.40,1331262,39.96
2014/05/30,42.49,43.20,42.46,42.77,961797,39.85
2014/06/03,42.77,42.89,42.40,42.40,767630,39.62
2014/06/04,42.36,42.49,41.48,41.74,699873,38.81
2014/06/05,41.93,43.24,41.57,43.18,1470556,39.70
2014/06/06,43.02,43.50,42.65,43.14,1223359,40.03
2014/06/09,43.08,43.49,42.70,42.77,870731,40.11
2014/06/10,43.00,43.56,42.25,43.42,1082847,40.06
2014/06/11,43.38,44.03,43.21,43.83,1200023,40.73
2014/06/12,43.70,43.88,43.22,43.40,1037401,40.48
2014/06/13,43.52,44.10,42.96,43.98,1398586,40.64
2014/06/16,44.08,44.97,44.08,44.68,1370160,41.52
2014/06/17,44.50,44.67,43.80,44.15,1154858,41.19
2014/06/18,44.15,44.35,43.36,43.40,945720,40.81
2014/06/19,43.45,43.80,40.90,41.26,1358084,39.15
2014/06/20,41.36,41.89,41.20,41.80,728909,38.56
2014/06/23,41.80,43.65,41.80,43.01,1560102,40.07
2014/06/24,43.00,43.36,42.63,43.00,786350,39.94
2014/06/25,42.91,43.14,42.43,42.65,739105,39.66
2014/06/26,42.87,44.40,42.75,44.28,1973284,40.94
2014/06/27,44.50,46.34,44.07,45.95,3174832,42.77
2014/06/30,45.85,46.20,44.98,45.66,2144038,42.53
2014/07/01,45.60,46.49,45.30,45.97,1851107,43.02
2014/07/02,46.08,46.50,45.00,45.70,1630245,42.56
2014/07/03,45.61,46.08,45.40,45.81,1400398,42.77
2014/07/04,45.62,45.93,45.32,45.49,861146,42.57
2014/07/07,45.49,45.95,45.39,45.72,929616,42.68
2014/07/08,45.78,46.65,45.30,46.62,1462773,43.12
2014/07/09,46.45,47.35,45.30,45.32,1606958,43.36
2014/07/10,45.20,45.35,44.61,44.88,1279877,41.89
2014/07/11,44.88,45.20,44.48,44.60,959703,41.88
2014/07/14,44.51,45.18,44.47,45.10,787581,41.91
2014/07/15,45.29,46.53,45.29,45.59,1652906,42.87
2014/07/16,45.36,45.83,44.50,44.98,893856,42.10
2014/07/17,44.88,44.96,44.12,44.55,642829,41.51
2014/07/18,44.38,44.74,44.33,44.47,424389,41.53
2014/07/21,44.55,44.55,43.10,43.79,689971,40.62
2014/07/22,43.90,44.88,43.80,44.88,586323,41.51
2014/07/23,44.88,45.00,43.95,43.98,609454,41.52
2014/07/24,43.96,44.43,43.46,44.00,595970,40.92
2014/07/25,44.11,45.08,43.90,44.94,625139,41.74
2014/07/28,45.18,46.17,45.18,45.89,990688,42.71
2014/07/29,46.00,46.38,45.77,46.26,1557579,43.08
2014/07/30,46.26,46.39,45.51,46.18,1031330,41.92
2014/07/31,46.10,46.50,46.00,46.25,905527,42.19
2014/08/01,46.20,46.68,45.70,45.86,1065695,42.12
2014/08/04,45.80,46.27,45.80,46.25,953208,42.03
2014/08/05,46.11,46.88,46.05,46.88,1566707,42.53
2014/08/06,46.60,47.10,46.46,46.69,1222638,42.68
2014/08/07,46.70,47.25,46.50,46.65,1338745,42.88
2014/08/08,46.62,49.34,46.62,48.49,2949389,44.43
2014/08/11,48.55,48.67,48.03,48.55,1685857,44.39
2014/08/12,48.50,50.17,48.30,49.44,2507754,45.56
2014/08/13,49.44,49.60,48.16,48.68,1623890,44.69
2014/08/14,48.54,50.00,48.41,48.65,1755962,45.32
2014/08/15,48.60,50.17,48.11,49.80,2000405,45.54
2014/08/18,49.90,52.35,49.90,51.65,2870375,47.42
2014/08/19,51.24,51.78,50.33,50.89,2215721,47.09
2014/08/20,50.02,50.10,48.68,49.16,2923452,45.16
2014/08/21,49.18,49.69,48.79,49.69,1561318,45.23
2014/08/22,49.63,50.85,49.28,50.41,2211121,46.37
2014/08/25,50.55,50.55,49.03,49.36,1469317,45.56
2014/08/26,49.08,49.55,47.80,47.99,1464290,44.64
2014/08/27,48.10,49.16,47.81,48.55,1283137,44.52
2014/08/28,48.22,48.88,47.80,48.19,954889,44.30
2014/08/29,48.00,48.95,47.86,48.92,831048,44.60
2014/09/01,49.02,49.87,48.70,49.87,1232037,45.52
2014/09/02,49.99,50.34,49.68,50.12,1599255,45.95
2014/09/03,50.49,50.98,49.82,50.68,2354799,46.51
2014/09/04,51.24,52.30,51.00,51.01,2769434,47.51
2014/09/05,51.60,52.25,51.03,51.28,2450096,47.38
2014/09/09,51.28,51.28,50.40,51.07,2068082,46.80
2014/09/10,50.70,53.28,50.37,52.58,3285519,48.07
2014/09/11,52.38,52.78,51.60,51.73,2483626,48.06
2014/09/12,51.74,52.54,51.60,52.00,1786762,48.02
2014/09/15,52.36,52.36,51.65,52.00,1666361,48.03
2014/09/16,52.02,52.18,49.82,49.84,2336198,46.95
2014/09/17,50.00,50.34,49.52,50.15,1267800,45.99
2014/09/18,50.15,50.77,49.31,50.68,1430199,46.10
2014/09/19,50.68,51.52,50.41,51.39,1609786,47.18
2014/09/22,51.45,51.45,49.80,50.06,1542971,46.40
2014/09/23,49.95,50.78,49.78,50.59,999890,46.36
2014/09/24,50.40,51.24,50.11,51.15,1434340,46.91
2014/09/25,51.27,51.84,51.00,51.18,1571313,47.48
2014/09/26,50.80,51.00,50.11,50.68,1350703,46.57
2014/09/29,50.93,52.14,50.75,51.76,2134571,47.61
2014/09/30,51.70,52.36,51.66,52.05,1574161,48.10
2014/10/08,52.00,52.53,51.41,52.53,1876398,48.03
2014/10/09,52.40,52.77,51.15,52.16,2340712,47.91
2014/10/10,52.01,52.60,51.41,51.62,1442520,47.86
2014/10/13,51.35,51.58,50.46,51.11,1284807,46.83
2014/10/14,51.15,51.62,50.47,50.94,1154350,47.14
2014/10/15,50.91,51.44,50.70,51.23,1298006,47.05
2014/10/16,50.95,51.28,50.30,50.30,1404394,46.79
2014/10/17,50.32,50.50,49.00,49.80,1643854,45.72
2014/10/20,49.80,50.35,49.55,50.30,1200325,46.10
2014/10/21,50.34,52.16,50.18,51.77,3430818,47.52
2014/10/22,51.76,52.47,51.18,51.19,2197491,47.87
2014/10/23,51.10,52.66,51.00,52.29,3490257,48.12
2014/10/24,52.39,54.80,51.90,53.94,5120793,49.66
2014/10/27,53.54,54.49,52.68,54.20,2875368,49.78
2014/10/28,54.10,54.75,53.30,54.63,3010142,50.09
2014/10/29,54.38,54.55,53.92,54.40,2956579,50.23
2014/10/30,54.41,57.15,54.39,55.39,3966355,51.96
2014/10/31,55.00,55.33,53.50,54.14,3005644,50.24
2014/11/03,54.14,58.26,53.88,58.20,4727810,52.67
2014/11/04,57.90,61.87,57.40,59.41,5679034,55.39
2014/11/05,59.00,62.51,58.18,61.90,4168282,56.40
2014/11/06,61.72,62.45,60.65,61.68,2923577,57.39
2014/11/07,61.68,64.50,60.00,61.42,4381371,58.26
2014/11/10,60.93,61.97,59.01,61.89,3441610,56.24
2014/11/11,61.50,61.60,56.70,57.65,4058720,54.76
2014/11/12,57.16,59.01,57.00,58.76,2411284,54.38
2014/11/13,58.86,58.86,56.50,56.55,2511234,53.41
2014/11/14,56.30,57.37,56.03,56.66,1772646,52.78
2014/11/17,56.30,59.50,55.49,58.58,2392545,54.30
2014/11/18,58.41,59.20,57.10,57.46,1861455,53.88
2014/11/19,57.70,62.29,57.33,60.70,5169901,56.16
2014/11/20,60.15,60.15,58.70,59.33,2740891,55.18
2014/11/21,59.39,63.88,59.31,61.50,4049110,57.76
2014/11/24,62.00,66.60,61.01,65.97,4744587,60.05
2014/11/25,65.88,66.18,64.30,65.80,3860162,61.04
2014/11/26,65.80,65.80,63.70,64.50,3351761,60.61
2014/11/27,64.88,67.75,63.22,63.41,3771176,61.00
2014/11/28,63.58,69.35,63.55,69.35,5570113,63.33
2014/12/01,63.58,69.35,63.55,69.35,0,66.45
2014/12/02,68.50,70.55,67.00,69.00,4983416,64.77
2014/12/03,68.40,68.70,64.50,66.72,4240621,62.21
2014/12/04,66.00,72.00,66.00,70.08,4427134,65.30
2014/12/05,69.80,73.55,65.00,71.52,6587246,65.65
2014/12/08,70.80,74.99,70.00,72.48,4156616,68.78
2014/12/09,70.90,71.80,65.63,65.63,4242168,64.35
2014/12/10,66.01,68.06,64.88,66.70,2272886,62.59
2014/12/11,65.99,67.89,65.20,67.77,1808031,62.41
2014/12/12,67.01,69.28,66.68,68.27,2688244,63.94
2014/12/15,67.57,73.39,66.62,71.88,3465853,66.94
2014/12/16,71.45,73.00,70.12,71.81,1934776,67.38
2014/12/17,71.03,73.50,70.10,72.80,2308903,67.81
2014/12/18,72.70,76.21,71.83,71.85,2475322,69.89
2014/12/19,71.50,71.50,67.28,70.95,3053276,65.39
2014/12/22,69.11,69.39,64.26,64.26,2372141,61.58
2014/12/23,62.90,63.74,59.79,60.01,2761542,57.34
2014/12/24,60.59,62.19,59.90,61.75,2417540,57.33
2014/12/25,61.80,63.57,61.35,62.85,1752189,58.50
2014/12/26,62.55,63.00,61.30,62.99,1723389,58.16
2014/12/29,62.20,62.50,57.24,58.20,2473525,55.11
2014/12/30,58.00,58.99,56.01,58.85,1537129,53.84
2014/12/31,58.85,59.50,57.59,58.80,1069680,54.57
2015/01/05,59.20,59.20,54.00,56.80,1696144,52.01
2015/01/06,56.00,59.65,55.65,59.55,1821168,54.04
2015/01/07,59.54,59.54,57.77,58.14,1243690,54.25
2015/01/08,58.14,59.50,57.53,58.23,1057642,54.71
2015/01/09,57.90,59.39,57.32,57.32,1175458,54.36
2015/01/12,56.89,58.86,55.50,57.20,1101198,53.25
2015/01/13,57.42,61.20,56.75,60.90,2643231,55.76
2015/01/14,60.37,60.38,58.85,59.59,1485234,55.51
2015/01/15,59.71,61.39,59.60,59.87,1162690,56.29
2015/01/16,59.66,63.30,59.00,62.34,2741181,57.87
2015/01/19,61.00,66.25,60.50,63.46,3641916,59.91
2015/01/20,63.45,67.68,62.00,67.60,3375022,61.73
2015/01/21,66.98,69.00,66.21,67.16,2762932,63.44
2015/01/22,67.01,69.34,66.98,67.60,2652905,64.04
2015/01/23,67.50,67.54,64.58,64.79,2695804,61.68
2015/01/26,65.59,67.99,65.10,67.99,2285407,62.91
2015/01/27,68.00,69.33,66.88,68.38,2174071,64.01
2015/01/28,67.50,69.27,66.20,68.78,2340039,64.04
2015/01/29,67.62,73.46,67.55,71.70,3398685,67.33
2015/01/30,72.01,72.32,68.90,68.91,2175972,66.32
2015/02/02,67.45,71.18,66.70,69.05,1628132,64.92
2015/02/03,69.01,74.35,69.00,72.52,5336849,68.80
2015/02/04,72.50,79.37,72.50,79.37,5840076,73.26
2015/02/05,79.38,85.28,77.88,81.20,8534995,78.32
2015/02/06,81.30,82.50,75.40,76.30,4085315,73.67
2015/02/09,75.02,78.92,72.80,73.82,4161307,71.39
2015/02/10,72.70,76.78,71.40,76.70,3598476,69.57
2015/02/11,76.00,79.56,75.61,77.45,3826407,73.97
2015/02/12,76.71,78.55,74.36,75.20,3187165,71.53
2015/02/13,76.26,82.32,76.25,82.32,6404996,77.39
2015/02/16,83.89,85.35,81.51,83.50,5969871,79.51
2015/02/17,83.00,83.30,80.20,80.66,3778731,77.48
2015/02/25,80.14,80.66,74.45,74.92,4753848,72.63
2015/02/26,74.61,76.01,72.40,74.11,5083809,70.03
2015/02/27,74.08,75.49,72.65,75.49,4695900,70.13
2015/03/02,74.70,78.26,73.69,77.13,5772527,71.61
2015/03/03,76.46,76.98,73.80,73.80,3870063,71.27
2015/03/04,73.70,76.37,73.60,75.78,3168296,71.16
2015/03/05,75.60,76.60,73.78,74.76,2538907,70.85
2015/03/06,74.20,74.52,70.05,71.19,3654505,67.72
2015/03/09,70.46,73.18,70.00,72.16,2752670,67.98
2015/03/10,72.46,75.48,72.40,74.18,3046670,70.30
2015/03/11,73.60,77.00,72.79,75.19,4379037,71.25
2015/03/12,74.86,75.89,71.70,73.00,2704040,69.36
2015/03/13,72.98,76.50,72.51,75.40,2951600,70.91
2015/03/16,77.22,82.00,77.22,79.65,5746046,75.49
2015/03/17,79.68,81.38,78.10,79.88,4220436,75.39
2015/03/18,79.80,84.58,78.51,82.65,5886929,78.23
2015/03/19,81.90,86.77,81.41,86.51,5715242,79.87
2015/03/20,88.50,89.89,84.80,86.46,5284241,82.89
2015/03/23,86.88,94.70,86.35,94.06,5899959,86.17
2015/03/24,92.02,103.07,90.21,103.07,7471116,96.64
2015/03/25,104.50,112.98,100.80,104.58,7061855,103.76
2015/03/26,99.00,102.77,94.52,94.52,6425322,93.65
2015/03/27,93.50,95.80,91.00,93.30,3770621,89.53
2015/03/30,93.51,94.22,87.55,90.30,4845159,86.33
2015/03/31,89.49,93.85,89.44,92.80,3909833,88.22
2015/04/01,92.58,97.80,91.61,96.33,4415175,91.05
2015/04/02,99.29,104.00,97.50,99.70,5320676,96.81
2015/04/03,97.36,100.18,97.28,98.94,3547986,94.52
2015/04/07,100.31,107.95,100.31,106.90,4852922,101.42
2015/04/08,107.30,111.99,102.03,108.64,4373966,102.37
2015/04/09,108.69,108.69,98.50,104.01,3761192,98.46
2015/04/10,102.10,106.93,101.53,104.32,2679088,100.73
2015/04/13,103.00,104.00,100.30,102.83,3238173,98.37
2015/04/14,103.90,108.98,102.01,106.17,3757219,100.81
2015/04/15,105.18,106.00,95.95,95.95,3559652,95.74
2015/04/16,91.01,99.00,91.01,93.22,3711019,90.34
2015/04/17,92.50,95.30,92.24,92.58,2621373,89.24
2015/04/20,92.49,93.40,87.00,87.40,2913149,86.60
2015/04/21,88.00,92.60,87.90,92.60,2815649,87.01
2015/04/22,94.50,96.50,93.10,94.71,2965060,90.65
2015/04/23,94.70,97.60,94.00,95.65,3168110,92.35
2015/04/24,93.80,95.99,92.39,94.00,2799175,89.80
2015/04/27,95.00,98.69,93.50,96.92,4283060,92.68
2015/04/28,96.30,96.30,89.00,89.88,4061341,87.33
2015/04/29,89.00,93.47,88.21,92.49,2486357,87.68
2015/04/30,93.88,99.87,92.02,95.28,5920221,91.69
2015/05/04,94.39,94.41,90.61,91.45,3129027,88.12
2015/05/05,91.00,92.30,88.44,89.40,2688109,86.01
2015/05/06,89.49,93.49,89.38,90.27,3301937,87.85
2015/05/07,89.35,93.21,88.24,91.10,2650927,87.13
2015/05/08,96.00,99.81,96.00,99.81,3496754,95.10
2015/05/11,107.00,109.39,104.35,109.39,7611460,104.34
2015/05/12,110.00,117.00,106.21,112.80,10251157,107.22
2015/05/13,107.11,120.11,107.00,113.68,8229273,109.30
2015/05/14,111.78,124.65,111.00,118.99,6671030,116.39
2015/05/15,115.00,127.00,114.10,120.49,5543931,117.01
2015/05/18,119.28,129.00,119.00,126.98,5398664,120.30
2015/05/19,126.00,128.00,119.50,122.20,5455101,118.13
2015/05/20,122.00,129.30,120.00,123.02,6501714,119.81
2015/05/21,124.00,129.59,121.60,125.62,5433724,121.93
2015/05/22,127.05,129.28,113.50,118.20,6726715,116.55
2015/05/25,115.00,121.66,112.27,118.70,5005529,113.50
2015/05/26,118.70,130.17,117.95,130.17,6566089,120.71
2015/05/27,131.75,133.90,119.00,126.00,6017027,123.10
2015/05/28,125.40,133.99,121.64,123.18,8785351,124.16
2015/05/29,125.50,135.10,120.00,135.10,4551653,125.65
2015/06/01,147.99,147.99,140.20,144.00,7174731,140.18
2015/06/02,145.49,158.00,142.52,158.00,6024839,147.06
2015/06/03,162.00,171.11,154.25,163.98,6957033,158.62
2015/06/04,159.19,161.00,147.98,147.98,6609364,148.16
2015/06/05,151.98,153.93,143.03,148.60,5362330,145.74
2015/06/08,144.66,149.00,139.70,146.79,3929940,139.60
2015/06/09,145.90,161.07,145.87,155.00,5477294,152.57
2015/06/10,151.00,162.50,150.10,158.30,4212744,153.84
2015/06/11,164.10,167.00,155.59,156.88,4204550,157.35
2015/06/12,157.77,157.77,150.80,151.10,3472123,148.73
2015/06/15,151.30,151.46,140.40,140.70,3484037,138.76
2015/06/16,139.80,139.80,129.80,133.62,2864231,129.81
2015/06/17,135.70,140.80,132.49,140.05,2941859,132.18
2015/06/18,138.68,138.69,126.53,126.53,2975015,128.52
2015/06/19,121.80,129.80,117.69,119.80,2742624,116.93
2015/06/23,121.67,126.28,115.20,125.80,3243252,117.21
2015/06/24,126.30,129.68,122.32,125.85,3148442,121.56
2015/06/25,127.80,129.30,115.75,117.44,3363014,118.56
2015/06/26,111.80,111.80,106.18,106.18,2723854,103.10
2015/06/29,104.60,107.80,96.04,96.04,3031263,93.70
2015/06/30,91.80,102.50,86.92,100.80,5053472,94.71
2015/07/01,97.91,103.12,91.20,91.20,4127587,93.17
2015/07/02,88.10,91.60,82.56,82.56,3273841,80.97
2015/07/03,79.18,84.78,74.78,74.78,5136725,72.31
2015/07/06,81.78,81.78,67.78,68.80,6773805,67.80
2015/07/07,65.80,67.58,62.40,62.40,2501631,59.10
2015/07/08,56.64,65.40,56.64,65.30,12760678,61.02
2015/07/09,65.30,71.35,62.63,71.35,4923553,66.99
2015/07/10,77.00,78.01,73.80,78.01,1443788,72.48
2015/07/13,83.78,85.33,81.85,85.33,3678059,79.62
2015/07/14,86.91,93.38,84.80,93.38,7421497,85.90
2015/07/15,86.52,92.40,84.52,84.52,4344891,82.09
2015/07/16,84.52,89.78,76.60,84.69,4481417,79.31
2015/07/17,85.35,92.00,84.79,90.80,3582183,83.80
2015/07/20,90.68,94.80,88.61,93.28,4665604,87.14
2015/07/21,90.30,94.78,89.32,92.87,3839811,87.30
2015/07/22,89.70,92.19,88.46,90.70,5450219,85.15
2015/07/23,89.80,93.60,88.24,92.82,5624626,86.16
2015/07/24,93.70,100.51,92.61,93.80,7536638,91.08
2015/07/27,94.00,99.96,87.66,87.66,8619411,91.49
2015/07/28,81.81,91.77,79.40,86.00,5803024,80.13
2015/07/29,87.30,89.68,77.88,89.33,5946467,83.78
2015/07/30,86.80,88.25,81.60,82.30,4969367,81.54
2015/07/31,80.75,81.56,76.28,77.30,3818477,74.01
2015/08/03,74.80,74.80,70.05,70.05,3765361,66.49
2015/08/04,70.90,76.58,70.80,76.58,3595348,69.32
2015/08/05,77.80,79.80,75.10,75.80,3864432,72.69
2015/08/06,73.60,77.07,72.80,75.87,2597751,70.25
2015/08/07,77.39,81.88,76.90,81.78,4037855,75.27
2015/08/10,82.80,87.68,80.80,86.75,4634299,79.24
2015/08/11,85.80,89.49,84.98,86.80,4727313,82.67
2015/08/12,84.41,86.80,82.80,82.80,3429912,79.96
2015/08/13,81.60,86.50,80.90,86.30,3468633,79.49
2015/08/14,86.58,88.40,85.60,85.95,3566898,81.97
2015/08/17,84.70,85.68,81.80,84.15,2611754,78.59
2015/08/18,83.81,86.30,76.22,76.22,3935376,77.26
2015/08/19,73.80,79.26,70.80,78.61,3345290,75.03
2015/08/20,77.01,78.98,74.31,74.41,2385672,71.89
2015/08/21,72.60,74.29,70.80,70.82,2208598,67.47
2015/08/24,66.80,67.68,64.22,64.22,2503563,60.00
2015/08/25,58.88,62.80,58.28,58.28,2603059,54.95
2015/08/26,59.75,62.37,54.81,58.82,4019506,54.86
2015/08/27,60.79,62.80,58.81,62.80,2929984,60.80
2015/08/28,63.93,67.56,63.80,67.26,3239894,65.68
2015/08/31,65.30,66.54,61.90,62.00,2400779,59.30
2015/09/01,60.85,60.92,57.80,57.80,2069353,54.44
2015/09/02,54.82,63.10,54.60,62.67,5617379,56.66
2015/09/07,63.82,66.78,61.85,63.07,4578824,59.33
2015/09/08,61.80,66.68,60.65,66.29,2850493,63.67
2015/09/09,65.90,69.78,65.20,68.15,3817089,62.90
2015/09/10,66.80,67.48,65.73,65.80,2287831,61.80
2015/09/11,65.52,67.80,65.20,66.40,2079048,61.77
2015/09/14,66.00,66.79,60.24,60.24,2079123,58.17
2015/09/15,57.80,58.80,54.77,55.48,2131270,52.19
2015/09/16,56.30,60.55,55.91,60.55,2031509,58.23
2015/09/17,61.00,63.40,59.90,60.29,2883355,56.90
2015/09/18,60.82,62.08,59.30,61.60,1982467,56.09
2015/09/21,60.81,66.13,59.97,65.60,2933209,63.05
2015/09/22,65.30,67.67,63.83,65.82,3252019,60.91
2015/09/23,63.90,66.43,63.90,65.20,2552382,60.30
2015/09/24,66.18,69.70,65.85,67.00,3080710,62.84
2015/09/25,66.38,67.15,61.69,62.77,2734292,59.27
2015/09/28,63.00,67.33,62.00,67.02,3352593,60.56
2015/09/29,65.78,66.95,64.81,65.38,2035811,60.83
2015/09/30,65.59,66.25,63.50,64.78,1786918,59.88
2015/10/08,67.60,69.35,66.33,68.73,2665541,63.39
2015/10/09,68.20,70.10,67.83,69.50,2640828,64.07
2015/10/12,69.91,74.85,69.45,73.93,3671334,68.04
2015/10/13,72.90,75.79,72.71,75.23,3383390,69.77
2015/10/14,74.49,75.29,72.90,73.80,2856132,69.09
2015/10/15,74.58,80.70,73.90,80.70,5233789,73.33
2015/10/16,82.10,83.80,80.80,82.80,5508076,77.56
2015/10/19,82.51,82.80,79.40,81.00,3487094,76.07
2015/10/20,80.96,88.09,80.96,84.51,4489609,80.37
2015/10/21,83.92,87.59,76.92,77.80,5794041,77.89
2015/10/22,78.21,84.00,78.21,83.17,4938044,76.61
2015/10/23,83.26,86.18,82.20,84.73,5315058,79.39
2015/10/26,85.80,86.70,80.98,83.30,4971333,78.93
2015/10/27,83.39,85.28,77.10,84.71,4912353,77.45
2015/10/28,83.11,84.71,80.70,80.88,3314171,77.72
2015/10/29,81.70,83.94,80.50,82.20,3331496,77.46
2015/10/30,82.18,85.31,79.40,83.53,3585548,78.03
2015/11/02,81.70,88.90,79.83,85.06,4685615,80.33
2015/11/03,85.11,90.73,85.11,89.79,5311900,83.32
2015/11/04,89.91,95.60,88.80,93.98,5844768,87.15
2015/11/05,92.82,95.16,90.60,91.73,5537248,87.66
2015/11/06,91.45,95.40,91.40,93.30,3996853,89.07
2015/11/09,92.79,97.48,90.32,96.09,5711443,89.35
2015/11/10,94.81,96.80,92.70,93.91,3870541,89.86
2015/11/11,96.30,100.10,93.92,98.80,4934723,92.26
2015/11/12,98.35,98.65,95.80,97.40,4621396,92.21
2015/11/13,95.58,96.70,90.30,91.56,4180016,88.33
2015/11/16,88.52,93.45,88.10,93.42,3173406,86.40
2015/11/17,94.39,96.45,90.93,91.12,4861439,89.43
2015/11/18,90.80,92.24,88.56,88.69,3529355,85.29
2015/11/19,89.31,93.80,89.11,93.80,3394351,86.52
2015/11/20,96.90,99.10,94.58,97.89,6982976,92.57
2015/11/23,97.80,107.20,96.60,104.40,8632054,98.83
2015/11/24,105.30,108.80,101.61,108.80,7269128,100.52
2015/11/25,108.30,109.30,106.29,107.58,5524285,102.89
2015/11/26,108.68,112.80,104.79,106.90,5934237,103.47
2015/11/27,104.93,108.80,99.81,100.93,5560072,99.55
2015/11/30,102.18,110.54,100.73,110.54,6709802,100.48
2015/12/01,110.74,115.06,103.30,105.36,7167616,105.09
2015/12/02,103.80,104.81,96.12,100.50,4950971,95.52
2015/12/03,100.80,104.79,100.58,104.68,3632895,98.33
2015/12/04,103.80,105.95,101.80,102.85,3584359,99.36
2015/12/07,102.68,108.00,101.10,106.40,4165560,100.37
2015/12/08,105.80,106.29,102.35,103.55,3327398,99.07
2015/12/09,102.50,104.47,101.18,103.75,3495432,97.90
2015/12/10,103.70,111.58,103.70,108.20,6678912,103.56
2015/12/11,107.75,108.17,103.50,103.60,3917743,100.77
2015/12/14,102.24,107.68,101.80,107.29,3619315,100.38
2015/12/15,108.65,111.40,107.45,107.70,3791030,104.43
2015/12/16,108.00,117.05,105.70,112.99,6067487,106.33
2015/12/17,114.63,120.70,113.00,118.60,5606475,113.00
2015/12/18,117.60,117.60,112.80,114.14,4489761,110.10
2015/12/21,113.30,115.80,112.35,114.58,2393131,109.11
2015/12/22,114.00,116.79,112.98,114.68,2429936,109.81
2015/12/23,113.80,114.28,109.31,109.85,4110901,106.58
2015/12/24,110.30,112.30,109.55,111.97,1924896,106.46
2015/12/25,112.30,113.97,109.08,110.30,2818964,107.02
2015/12/28,109.98,111.24,103.50,103.50,4295270,102.40
2015/12/29,103.21,104.76,101.70,104.11,2391779,98.48
2015/12/30,104.31,106.68,104.31,105.07,2026108,100.42
2015/12/31,104.80,105.78,100.61,100.81,2836564,97.54
2016/01/04,100.38,100.48,91.21,91.21,2568998,90.03
2016/01/05,85.00,91.20,83.80,87.88,3493830,83.11
2016/01/06,88.70,91.40,87.03,91.10,2916464,84.77
2016/01/07,88.80,89.59,82.47,82.47,925700,81.28
2016/01/08,84.70,86.27,77.85,82.67,3281849,78.29
2016/01/11,80.79,80.79,74.88,74.88,3419204,73.02
2016/01/12,75.20,77.99,73.95,76.90,2970829,71.47
2016/01/13,77.29,77.60,71.68,72.29,2763082,70.34
2016/01/14,69.80,79.04,69.80,79.04,3946207,74.42
2016/01/15,78.50,80.08,76.31,77.00,3580323,73.42
2016/01/18,75.35,83.64,75.26,80.94,3528835,75.01
2016/01/19,80.87,83.50,79.35,83.06,3754306,76.80
2016/01/20,81.91,83.29,80.38,81.15,2952853,77.02
2016/01/21,79.81,83.02,76.85,76.85,3177481,75.79
2016/01/22,78.27,80.69,76.06,80.19,2436379,73.74
2016/01/25,80.05,82.31,79.68,80.80,2399145,76.16
2016/01/26,79.70,79.87,73.30,73.60,3013354,71.97
2016/01/27,74.10,75.77,68.61,75.76,3296546,68.19
2016/01/28,74.30,75.63,69.81,70.78,2186498,68.54
2016/01/29,70.99,76.08,70.82,74.56,2347829,68.73
2016/02/01,73.90,75.70,73.20,74.53,2028469,69.80
2016/02/02,75.79,79.30,75.06,77.92,2659304,73.01
2016/02/03,76.60,78.27,75.93,77.93,2122698,72.14
2016/02/04,78.14,81.00,78.14,79.54,2851406,74.99
2016/02/05,77.30,78.10,74.23,74.95,5398752,71.08
2016/02/15,71.40,74.80,70.82,73.24,2430716,67.50
2016/02/16,73.69,76.80,73.69,76.30,3301398,70.90
2016/02/17,76.35,78.95,74.20,78.30,4429913,71.42
2016/02/18,78.60,78.88,76.88,77.20,3769165,73.05
2016/02/19,76.95,80.99,76.80,80.23,5464741,74.54
2016/02/22,81.80,81.80,79.49,81.15,4364436,75.81
2016/02/23,81.23,81.25,78.65,79.93,3172721,75.04
2016/02/24,79.59,80.00,76.81,78.90,2992595,73.46
2016/02/25,78.70,80.25,71.50,71.91,4385660,71.84
2016/02/26,72.41,74.27,70.00,72.36,3389436,67.78
2016/02/29,71.00,71.54,65.60,65.60,3354676,61.98
2016/03/01,66.30,67.30,62.56,66.47,2517840,60.72
2016/03/02,66.11,69.42,65.80,69.22,2716285,62.96
2016/03/03,69.30,71.50,68.67,68.72,2635210,64.80
2016/03/04,68.09,68.58,63.61,64.55,2651839,61.22
2016/03/07,65.16,67.68,65.16,65.96,1753214,61.72
2016/03/08,66.10,66.20,62.69,66.13,1999529,59.56
2016/03/09,64.81,67.77,63.41,66.60,1997359,61.50
2016/03/10,66.59,66.96,64.75,64.77,1499824,60.76
2016/03/11,64.28,65.34,63.40,64.57,1006069,59.64
2016/03/14,65.80,68.41,65.16,67.80,2810947,62.68
2016/03/15,67.79,68.29,66.11,66.73,1719247,62.45
2016/03/16,67.80,68.29,65.30,65.81,1572954,61.76
2016/03/17,66.20,69.80,66.10,68.97,3204770,63.48
2016/03/18,69.30,73.25,69.00,72.86,4490231,66.76
2016/03/21,74.25,78.59,73.60,75.83,4558226,70.60
2016/03/22,74.80,75.38,74.05,74.69,2643117,69.98
2016/03/23,74.71,76.35,74.71,76.31,2949376,70.79
2016/03/24,75.49,75.89,73.80,74.30,3017618,70.10
2016/03/25,73.80,74.81,73.31,74.01,1949010,69.16
2016/03/28,74.20,76.90,74.10,74.97,3230146,71.08
2016/03/29,74.58,75.05,71.68,72.02,2137691,68.20
2016/03/30,72.80,75.68,72.77,75.60,2557432,69.50
2016/03/31,74.25,75.60,73.68,74.65,4617439,69.66
2016/04/01,73.31,73.50,71.40,72.52,3024048,67.54
2016/04/05,72.52,75.47,72.10,74.69,2584417,69.30
2016/04/06,74.80,76.14,74.45,75.62,2884488,70.59
2016/04/07,76.80,77.18,73.84,73.94,2483327,69.99
2016/04/08,73.30,73.35,72.32,73.04,1909283,68.07
2016/04/11,73.07,75.90,73.07,75.15,2532389,70.16
2016/04/12,75.10,76.26,74.52,76.19,2856605,70.71
2016/04/13,77.30,82.66,76.31,79.28,6161546,74.24
2016/04/14,79.50,81.68,79.40,81.30,4300225,75.66
2016/04/15,81.32,81.34,79.10,79.41,2248315,75.04
2016/04/18,78.45,78.55,76.40,78.40,2569508,72.43
2016/04/19,78.90,79.07,76.55,77.16,2158009,72.68
2016/04/20,76.10,76.79,70.31,71.46,3765689,68.95
2016/04/21,70.94,71.12,69.00,69.10,1826788,65.58
2016/04/22,68.58,70.19,67.80,70.09,1371153,64.53
2016/04/25,69.00,69.65,67.41,68.60,1130039,63.65
2016/04/26,68.78,69.78,68.30,69.75,1251436,64.27
2016/04/27,69.75,69.98,68.61,68.77,1311313,64.59
2016/04/28,68.71,69.18,66.81,68.78,1443955,63.19
2016/04/29,68.50,69.27,66.80,67.60,1185041,63.18
2016/05/03,67.59,70.09,66.91,70.07,1949708,64.19
2016/05/04,69.68,70.68,69.30,69.46,1440430,65.21
2016/05/05,69.50,74.79,69.49,74.45,4205248,68.11
2016/05/06,73.30,73.79,69.44,69.48,3461698,66.82
2016/05/09,67.70,67.72,64.82,65.10,2053682,61.26
2016/05/10,65.10,66.26,64.96,65.70,1039205,60.88
2016/05/11,65.92,66.46,64.80,65.19,1478837,60.69
2016/05/12,64.71,65.00,62.88,64.36,1247251,59.18
2016/05/13,64.51,65.19,63.83,64.00,786556,59.70
2016/05/16,63.32,65.15,63.32,64.91,861471,59.58
2016/05/17,65.10,66.30,64.42,65.63,1376514,60.62
2016/05/18,64.80,64.90,62.55,62.70,1495676,58.54
2016/05/19,63.08,65.69,62.70,63.83,2001896,60.00
2016/05/20,63.31,64.89,62.82,64.47,1232278,59.46
2016/05/23,65.75,66.07,64.90,65.30,1418031,60.57
2016/05/24,65.80,65.80,64.62,65.30,1081720,60.22
2016/05/25,65.60,66.39,65.10,65.64,1649640,61.06
2016/05/26,65.04,66.20,63.92,66.17,1435604,60.14
2016/05/27,66.10,66.10,65.02,65.39,1279934,59.70
2016/05/30,64.69,65.20,63.98,64.32,880570,58.75
2016/05/31,64.80,69.42,64.50,68.80,3131664,66.96
2016/06/01,68.41,69.30,68.32,69.06,1792169,62.96
2016/06/02,68.78,69.15,68.31,69.09,1462919,62.91
2016/06/03,69.12,72.24,68.38,70.25,2650840,64.03
2016/06/06,70.68,72.69,69.71,70.65,2188392,65.23
2016/06/07,70.46,70.46,68.30,69.90,1623600,63.94
2016/06/08,69.97,70.59,69.23,69.92,1381324,64.23
2016/06/13,68.61,69.30,65.40,65.48,1584518,61.96
2016/06/14,64.02,66.30,64.02,65.33,1064693,59.52
2016/06/15,64.70,67.79,64.41,67.23,1317800,61.02
2016/06/16,66.92,67.38,66.30,66.45,1045200,60.96
2016/06/17,66.50,68.50,66.50,67.46,1149260,61.93
2016/06/20,67.59,69.30,66.65,69.00,1616137,62.51
2016/06/21,69.40,70.39,67.01,67.40,1422056,63.15
2016/06/22,66.88,68.78,66.80,68.75,1009620,62.39
2016/06/23,68.70,69.44,67.81,68.71,1159824,62.92
2016/06/24,68.60,69.63,65.60,67.51,1555827,62.23
2016/06/27,66.95,70.18,66.86,69.67,1810019,63.26
2016/06/28,69.90,71.06,68.93,69.71,3373365,63.93
2016/06/29,70.20,70.95,69.80,70.14,2176113,64.48
2016/06/30,70.90,74.66,70.14,73.26,4887278,66.94
2016/07/01,72.80,73.18,71.32,71.86,3673708,66.36
2016/07/04,71.56,72.99,71.35,72.40,2465393,66.50
2016/07/05,72.72,73.00,71.96,72.80,2216813,66.72
2016/07/06,72.30,75.94,72.28,74.73,3989613,68.88
2016/07/07,74.68,74.68,73.30,74.10,2113233,68.04
2016/07/08,73.80,74.19,72.92,73.00,1616576,67.65
2016/07/11,73.20,73.80,71.20,71.50,1900040,67.03
2016/07/12,71.60,72.77,70.02,72.70,1890491,65.59
2016/07/13,72.84,73.80,71.88,73.02,1942378,67.06
2016/07/14,73.00,74.73,73.00,73.76,2315504,68.20
2016/07/15,73.61,74.30,72.84,72.96,1328748,67.64
2016/07/18,72.96,73.80,72.08,73.07,1297700,67.21
2016/07/19,73.06,73.71,72.46,73.71,1184529,67.27
2016/07/20,74.10,74.79,73.50,73.99,1849896,68.43
2016/07/21,74.12,75.57,73.99,74.25,2365322,69.18
2016/07/22,74.13,76.30,73.95,75.87,3064525,69.70
2016/07/25,75.79,76.09,74.70,75.25,1761550,69.43
2016/07/26,75.45,76.16,74.83,75.58,1560200,69.65
2016/07/27,75.55,75.80,70.09,70.40,2966900,66.89
2016/07/28,70.68,70.99,68.75,69.51,1561300,63.98
2016/07/29,69.80,70.22,68.75,68.97,1000630,63.44
2016/08/01,68.93,68.93,66.01,67.20,1091300,61.11
2016/08/02,67.26,67.80,67.26,67.69,560738,61.75
2016/08/03,67.23,68.27,67.20,67.89,726868,61.99
2016/08/04,67.89,68.46,67.31,68.01,661632,62.06
2016/08/05,68.04,68.05,66.89,66.92,905842,61.60
2016/08/08,67.10,67.98,66.60,67.98,611872,61.63
