Date, SZ002661.Open, SZ002661.High, SZ002661.Low, SZ002661.Close, SZ002661.Volume, SZ002661.Adjusted
2012/03/16,34.10,34.50,27.00,27.00,5415615,30.75
2012/03/19,25.60,29.12,25.60,27.59,10250475,26.82
2012/03/20,26.80,26.80,25.26,25.36,6162027,25.96
2012/03/21,25.38,25.63,23.85,24.50,4379632,24.83
2012/03/22,24.56,25.60,24.37,24.90,3794203,25.14
2012/03/23,24.80,25.55,24.00,25.38,3263966,24.91
2012/03/26,25.01,26.00,25.01,25.88,3414431,25.63
2012/03/27,25.63,25.87,25.31,25.63,2299007,25.57
2012/03/28,25.60,25.60,23.66,23.80,2712522,24.56
2012/03/29,23.60,23.64,22.00,22.00,2391306,22.74
2012/03/30,22.15,22.32,21.50,21.68,1468386,21.99
2012/04/05,21.74,22.51,21.53,22.32,1497855,22.03
2012/04/06,22.48,23.87,22.22,23.38,2259919,23.18
2012/04/09,23.20,25.72,23.01,25.72,4689143,24.98
2012/04/10,25.60,26.40,24.70,26.15,3747272,25.63
2012/04/11,25.87,26.50,25.62,25.89,2962373,25.99
2012/04/12,26.02,26.50,25.53,26.34,2576987,25.99
2012/04/13,26.02,26.50,25.53,26.34,0,26.02
2012/04/16,26.00,26.66,25.15,26.50,2539650,26.02
2012/04/17,26.30,27.66,25.70,27.28,3117120,26.78
2012/04/18,27.20,29.28,26.90,27.86,3833707,27.97
2012/04/19,27.60,30.60,27.55,30.19,4435998,29.25
2012/04/20,29.72,29.98,28.86,29.10,3892120,29.27
2012/04/23,28.95,29.15,27.60,28.61,3555850,28.27
2012/04/24,28.25,29.05,26.30,27.50,3333191,27.27
2012/04/25,27.49,28.26,26.80,27.60,2299114,27.02
2012/04/26,27.43,28.58,26.81,28.58,2890491,27.21
2012/04/27,28.30,29.98,28.12,28.50,3046571,28.60
2012/05/02,28.50,29.45,27.86,28.69,2287530,28.24
2012/05/03,28.41,29.93,28.41,29.26,2439710,28.61
2012/05/04,29.23,29.41,28.46,28.63,2030614,28.41
2012/05/07,28.30,28.98,27.68,28.97,1711590,27.79
2012/05/08,28.90,29.30,28.63,29.02,1712787,28.50
2012/05/09,28.88,28.88,27.91,27.95,1610457,27.77
2012/05/10,27.80,28.27,27.71,27.82,1086002,27.47
2012/05/11,27.75,27.81,27.23,27.55,1396251,27.00
2012/05/14,27.79,27.90,27.39,27.59,845369,27.16
2012/05/15,27.41,28.88,27.25,28.80,1652791,27.72
2012/05/16,28.69,29.77,28.52,29.16,2181817,28.68
2012/05/17,29.06,29.40,28.64,29.21,1460614,28.48
2012/05/18,29.08,31.01,28.90,30.16,3079202,29.44
2012/05/21,29.83,31.05,29.50,29.90,2568351,29.75
2012/05/22,29.80,31.86,29.52,31.39,3376142,30.59
2012/05/23,31.11,32.20,30.60,31.60,2304674,30.89
2012/05/24,31.37,31.69,29.82,29.96,2482847,30.03
2012/05/25,29.78,30.18,29.10,29.24,1485249,28.97
2012/05/28,29.20,29.89,28.40,29.86,1658518,28.69
2012/05/29,29.78,30.27,29.25,30.04,1593142,29.30
2012/05/30,30.05,30.05,29.31,29.32,1331467,29.05
2012/05/31,29.03,29.46,28.56,29.27,974776,28.52
2012/06/01,29.25,30.10,29.03,29.61,927002,29.18
2012/06/04,29.40,29.40,28.66,28.82,1045393,28.50
2012/06/05,28.85,28.99,28.18,28.18,989888,28.02
2012/06/06,28.20,28.69,27.88,28.50,627649,27.87
2012/06/07,28.83,29.37,28.56,29.10,844501,28.49
2012/06/08,29.28,29.39,28.77,28.95,526094,28.52
2012/06/11,28.95,29.83,28.71,29.80,920491,28.78
2012/06/12,29.69,30.47,29.51,30.30,1163309,29.58
2012/06/13,30.35,30.79,30.30,30.50,1983926,29.99
2012/06/14,30.31,30.85,29.38,29.54,1115746,29.74
2012/06/15,29.50,29.70,28.71,29.20,984091,28.79
2012/06/18,29.50,32.07,29.20,31.36,2432007,29.95
2012/06/19,31.20,31.25,30.51,30.70,1414761,30.39
2012/06/20,30.89,32.36,30.80,32.12,2920972,31.23
2012/06/21,32.00,32.18,31.15,31.75,1283996,31.15
2012/06/25,31.51,32.00,30.66,31.70,1208996,30.88
2012/06/26,31.51,33.28,31.00,32.29,2516251,31.92
2012/06/27,32.00,33.42,31.61,32.69,1971904,32.19
2012/06/28,32.69,33.96,32.40,32.88,1988764,32.93
2012/06/29,32.21,33.60,32.01,33.20,1387193,32.32
2012/07/02,33.10,35.45,32.89,34.83,2902980,33.80
2012/07/03,34.70,34.89,34.00,34.40,1787841,33.87
2012/07/04,34.40,34.77,33.51,33.70,1448247,33.50
2012/07/05,33.53,34.50,33.30,33.91,1207533,33.49
2012/07/06,33.80,34.97,33.11,34.74,1486684,33.48
2012/07/09,34.60,34.89,32.36,32.40,1983795,33.18
2012/07/10,32.40,33.09,32.10,32.50,1106628,32.15
2012/07/11,32.35,33.23,31.56,33.14,1115201,31.96
2012/07/12,32.80,34.51,32.80,34.45,1287500,33.45
2012/07/13,34.33,34.74,33.80,34.43,827090,33.70
2012/07/16,34.30,34.47,31.81,32.28,1154812,32.43
2012/07/17,32.00,32.57,31.38,32.45,761394,31.39
2012/07/18,32.23,33.13,32.08,32.84,576299,32.15
2012/07/19,32.55,33.30,32.55,33.03,578990,32.52
2012/07/20,33.03,33.62,32.70,33.25,606315,32.79
2012/07/23,33.20,33.65,32.50,32.71,353537,32.41
2012/07/24,32.31,33.03,32.30,32.36,405487,32.19
2012/07/25,32.36,32.70,31.60,31.92,523615,31.62
2012/07/26,32.09,32.10,31.31,31.63,490945,31.17
2012/07/27,31.40,31.75,31.03,31.43,290932,30.90
2012/07/30,31.50,32.00,29.52,29.85,563030,30.43
2012/07/31,29.39,29.70,28.55,28.65,678483,28.62
2012/08/01,28.80,29.98,28.70,29.96,575900,29.04
2012/08/02,29.66,30.40,29.64,30.30,350302,29.63
2012/08/03,30.40,31.95,30.01,31.74,631526,30.72
2012/08/06,31.68,32.47,31.10,32.02,441291,31.31
2012/08/07,31.96,32.46,31.61,32.22,531956,31.61
2012/08/08,32.28,32.58,31.90,32.43,354960,31.73
2012/08/09,32.01,33.09,32.00,32.89,726797,32.16
2012/08/10,32.40,32.88,30.00,32.30,891426,31.55
2012/08/13,32.20,32.24,30.50,30.80,480789,31.04
2012/08/14,31.02,31.62,30.11,31.26,530504,30.34
2012/08/15,31.16,31.69,30.61,31.59,491156,30.74
2012/08/16,31.18,31.67,30.60,31.18,346802,30.64
2012/08/17,31.08,31.48,30.51,31.30,184569,30.54
2012/08/20,31.32,31.48,30.81,31.30,117732,30.68
2012/08/21,31.31,32.50,31.30,32.26,473594,31.56
2012/08/22,32.17,32.68,31.36,31.38,501386,31.26
2012/08/23,31.10,31.67,31.10,31.65,297108,30.88
2012/08/24,31.35,31.65,30.91,30.93,271222,30.66
2012/08/27,30.82,31.08,29.90,30.10,238307,29.82
2012/08/28,29.92,31.18,29.90,30.87,222281,30.09
2012/08/29,31.00,31.00,30.24,30.66,206107,30.14
2012/08/30,30.59,30.59,29.01,29.78,353458,29.09
2012/08/31,29.60,29.98,29.24,29.51,243000,29.23
2012/09/03,29.42,30.85,29.25,30.49,365412,29.76
2012/09/04,30.60,30.80,30.30,30.50,236221,30.06
2012/09/05,30.48,30.62,30.11,30.53,241416,29.88
2012/09/06,30.53,30.80,29.70,30.09,560806,29.50
2012/09/07,30.20,31.30,30.20,31.00,748738,30.34
2012/09/10,31.01,31.48,30.71,31.28,433812,30.70
2012/09/11,31.02,31.19,30.51,30.65,577893,30.36
2012/09/12,30.69,30.95,30.50,30.75,524684,30.14
2012/09/13,30.80,30.92,30.42,30.44,333949,30.18
2012/09/14,30.60,30.78,30.11,30.49,467747,29.88
2012/09/17,30.50,30.81,30.18,30.40,280123,30.00
2012/09/18,30.45,30.60,30.05,30.35,119399,29.77
2012/09/19,30.79,30.79,30.06,30.57,235108,29.91
2012/09/20,30.49,30.49,29.70,30.08,293758,29.49
2012/09/21,30.03,30.03,28.50,29.37,446127,28.95
2012/09/24,29.10,29.70,28.52,29.70,478241,28.44
2012/09/25,28.80,29.39,28.55,29.05,205073,28.58
2012/09/26,28.85,29.38,27.50,27.80,500917,27.59
2012/09/27,27.80,28.30,27.35,27.99,918831,27.45
2012/09/28,27.99,28.10,27.50,28.10,634800,27.40
2012/10/08,28.10,28.30,27.60,27.75,376549,27.37
2012/10/09,27.79,28.78,27.66,28.70,1017389,27.55
2012/10/10,28.51,28.88,28.30,28.87,494605,28.11
2012/10/11,28.79,28.94,28.00,28.49,429184,28.01
2012/10/12,28.37,28.61,28.13,28.33,318054,27.79
2012/10/15,28.40,28.75,28.10,28.37,213790,27.86
2012/10/16,28.55,29.29,28.37,29.27,666354,28.46
2012/10/17,29.30,29.58,28.80,29.19,323872,28.75
2012/10/18,28.90,29.70,28.90,29.50,563942,28.92
2012/10/19,29.32,29.55,28.92,29.06,263101,28.71
2012/10/22,29.40,29.97,29.30,29.50,341962,29.12
2012/10/23,29.43,29.69,28.42,28.48,477866,28.47
2012/10/24,28.18,28.67,28.15,28.16,569319,27.77
2012/10/25,28.19,28.58,28.02,28.05,270273,27.80
2012/10/26,28.08,28.24,27.51,27.60,213471,27.24
2012/10/29,27.51,28.25,27.51,27.96,300965,27.41
2012/10/30,27.82,28.31,27.81,28.01,185971,27.50
2012/10/31,28.00,28.50,27.88,28.48,312451,27.78
2012/11/01,28.68,29.09,28.28,28.80,567674,28.08
2012/11/02,28.80,28.98,28.49,28.57,318064,28.10
2012/11/05,28.53,28.75,28.22,28.61,219025,28.05
2012/11/06,28.50,28.70,28.22,28.70,244512,27.91
2012/11/07,28.41,28.72,28.41,28.48,177502,28.08
2012/11/08,28.10,28.41,27.50,27.50,233136,27.41
2012/11/09,27.70,27.79,27.40,27.51,185101,27.10
2012/11/12,27.54,27.76,27.43,27.73,191689,27.13
2012/11/13,27.54,27.54,26.62,26.65,402644,26.40
2012/11/14,26.66,27.40,26.54,27.07,334984,26.36
2012/11/15,26.81,26.95,26.33,26.75,262304,26.13
2012/11/16,26.66,26.82,26.19,26.81,162638,25.98
2012/11/19,26.63,26.78,26.26,26.76,158491,26.06
2012/11/20,26.76,26.93,26.61,26.76,113899,26.29
2012/11/21,26.90,27.30,26.56,27.28,303095,26.38
2012/11/22,27.02,27.28,26.80,27.15,167369,26.49
2012/11/23,26.86,27.24,26.86,27.13,153083,26.58
2012/11/26,27.06,27.12,26.62,26.76,137165,26.28
2012/11/27,26.60,26.68,25.90,26.17,280424,25.78
2012/11/28,26.05,26.25,24.62,25.08,720209,24.60
2012/11/29,24.68,25.68,24.53,24.79,106772,24.37
2012/11/30,24.50,25.48,22.50,24.80,1234279,23.51
2012/12/03,24.35,24.80,23.65,24.38,451486,23.81
2012/12/04,24.10,25.01,24.10,24.94,279283,24.22
2012/12/05,24.96,25.89,24.96,25.80,310517,25.13
2012/12/06,25.75,25.95,25.31,25.50,131185,25.03
2012/12/07,25.42,26.50,25.40,26.49,319601,25.59
2012/12/10,26.28,27.08,26.28,26.70,684754,26.23
2012/12/11,26.71,26.75,26.21,26.60,269465,26.02
2012/12/12,26.60,26.79,26.40,26.60,465138,26.03
2012/12/13,26.50,26.50,26.13,26.29,108415,25.80
2012/12/14,26.44,27.25,26.15,27.09,396292,26.43
2012/12/17,27.04,27.28,26.90,27.10,272955,26.54
2012/12/18,27.10,27.40,27.01,27.27,310623,26.70
2012/12/19,27.27,28.35,27.02,28.20,747317,27.45
2012/12/20,28.21,29.60,27.97,29.35,834105,28.59
2012/12/21,29.30,30.74,28.94,30.09,1047017,29.27
2012/12/24,29.83,30.65,29.83,30.31,787452,29.75
2012/12/25,30.32,30.64,29.71,30.35,890063,29.78
2012/12/26,30.19,31.50,30.10,31.35,1501486,30.42
2012/12/27,31.99,31.99,30.71,31.30,1187398,30.71
2012/12/28,31.17,32.46,30.91,31.90,981880,31.11
2012/12/31,30.50,32.30,30.50,32.30,1329821,30.98
2013/01/04,32.19,32.30,31.08,31.80,1156837,31.11
2013/01/07,31.10,31.50,30.62,31.26,927566,30.60
2013/01/08,31.24,32.30,30.78,31.40,1034299,31.02
2013/01/09,31.25,31.40,30.91,31.15,548328,30.63
2013/01/10,30.96,31.80,30.96,31.28,831754,31.01
2013/01/11,31.80,31.80,30.97,31.03,526762,30.94
2013/01/14,31.15,32.26,31.04,32.10,1138375,31.22
2013/01/15,32.16,32.88,31.82,32.44,1340808,31.89
2013/01/16,32.30,32.43,31.78,32.16,614468,31.50
2013/01/17,32.21,32.39,31.00,31.30,718989,31.13
2013/01/18,31.44,32.01,31.27,31.95,484251,31.19
2013/01/21,32.29,32.85,31.90,32.80,970245,32.11
2013/01/22,32.95,32.95,31.51,31.90,678082,31.79
2013/01/23,31.84,32.85,31.78,32.67,843607,31.91
2013/01/24,32.90,32.90,30.60,31.41,1231287,31.20
2013/01/25,31.09,31.50,30.84,30.94,693862,30.56
2013/01/28,30.91,31.50,30.60,31.36,543317,30.80
2013/01/29,31.41,31.74,31.00,31.58,557856,30.96
2013/01/30,31.69,31.79,30.90,31.25,433380,30.71
2013/01/31,31.25,31.44,31.05,31.35,316269,30.72
2013/02/01,31.40,31.46,31.11,31.34,291260,30.85
2013/02/04,31.59,31.59,30.37,30.37,503684,30.13
2013/02/05,30.20,30.85,30.10,30.54,465337,29.96
2013/02/06,30.59,31.30,30.30,31.11,271092,30.49
2013/02/07,30.92,32.29,30.90,32.08,718896,31.24
2013/02/08,31.81,34.00,31.81,32.49,747668,32.34
2013/02/18,32.56,33.00,32.18,33.00,1302619,32.08
2013/02/19,33.00,33.75,32.75,33.10,834678,32.85
2013/02/20,33.30,35.13,33.01,34.90,1204571,33.86
2013/02/21,34.90,36.95,34.21,36.36,2258756,35.35
2013/02/22,35.30,36.68,33.80,35.50,1200341,35.22
2013/02/25,35.70,36.68,35.15,36.42,632914,35.77
2013/02/26,36.46,36.46,34.60,34.83,817897,35.07
2013/02/27,34.74,35.57,33.50,33.68,740696,33.49
2013/02/28,33.87,34.83,33.40,34.65,560982,33.82
2013/03/01,34.55,34.88,33.71,34.51,413779,33.89
2013/03/04,34.46,36.45,33.83,36.02,1072141,35.20
2013/03/05,35.70,36.92,35.52,36.37,1045555,36.03
2013/03/06,36.40,38.50,34.70,36.30,1209628,36.17
2013/03/07,35.85,38.10,35.50,38.05,644531,36.17
2013/03/08,37.51,38.00,36.50,36.75,923684,36.75
2013/03/11,36.35,36.60,35.36,35.90,424684,35.28
2013/03/12,35.87,36.00,33.60,33.90,987965,34.02
2013/03/13,33.50,33.81,33.00,33.30,541689,32.94
2013/03/14,33.22,34.27,32.80,32.80,667781,33.09
2013/03/15,31.50,33.94,31.27,32.85,941735,32.10
2013/03/18,32.51,32.87,32.25,32.50,397921,32.00
2013/03/19,32.21,35.00,32.18,34.93,573382,33.10
2013/03/20,34.48,35.55,34.01,35.40,564442,34.41
2013/03/21,35.29,35.99,34.81,35.25,700750,34.85
2013/03/22,34.71,35.24,33.85,33.92,764279,33.79
2013/03/25,33.83,34.27,33.00,33.05,634105,32.84
2013/03/26,32.81,35.59,32.72,35.50,1021875,33.87
2013/03/27,35.50,36.21,35.07,35.68,1155922,35.10
2013/03/28,35.33,36.00,34.03,34.70,630629,34.53
2013/03/29,34.69,35.56,34.21,34.40,498889,34.34
2013/04/01,34.77,34.77,33.85,34.40,430401,33.66
2013/04/02,34.40,34.65,33.18,33.20,587171,33.24
2013/04/03,33.00,33.92,31.82,32.35,702953,31.96
2013/04/08,32.00,32.98,31.50,32.77,538442,31.82
2013/04/09,32.52,32.89,32.43,32.66,314211,32.09
2013/04/10,32.52,32.74,31.30,31.49,791726,31.21
2013/04/11,32.07,32.07,31.25,31.50,649056,31.09
2013/04/12,31.50,32.80,31.16,32.27,622677,31.75
2013/04/15,32.30,32.30,31.65,31.99,444551,31.41
2013/04/16,32.04,32.38,31.50,32.20,244569,31.54
2013/04/17,32.40,33.00,32.02,32.87,498026,32.14
2013/04/18,32.80,33.00,32.30,32.60,320099,31.60
2013/04/19,32.70,33.40,32.60,33.22,520400,32.01
2013/04/22,33.22,33.50,32.18,33.32,1265112,31.71
2013/04/23,33.27,33.29,31.70,31.78,696970,31.36
2013/04/24,31.88,32.61,31.42,32.30,732499,31.12
2013/04/25,32.30,32.48,31.58,31.65,507393,30.93
2013/04/26,31.27,31.61,30.59,30.59,505890,30.02
2013/05/02,30.30,30.46,29.58,30.05,491754,28.98
2013/05/03,30.17,31.12,30.11,30.81,474412,29.82
2013/05/06,30.92,31.59,30.89,31.38,292011,30.37
2013/05/07,31.10,32.10,31.05,31.89,522904,30.82
2013/05/08,31.95,32.34,31.73,32.20,316989,31.04
2013/05/09,32.20,32.30,31.48,31.80,363852,30.76
2013/05/10,31.83,32.25,31.68,31.96,205105,30.94
2013/05/13,31.96,32.06,31.63,31.70,219834,30.78
2013/05/14,31.70,32.65,31.70,32.46,734180,31.29
2013/05/15,32.44,32.57,31.80,32.37,394617,31.06
2013/05/16,32.35,32.83,31.89,32.78,474722,31.45
2013/05/17,32.69,32.88,32.57,32.72,554810,31.74
2013/05/20,32.75,33.10,32.25,33.08,973079,31.63
2013/05/21,33.00,33.08,32.68,32.99,596493,31.89
2013/05/22,33.00,33.66,32.30,32.40,865524,31.91
2013/05/23,32.30,32.42,31.80,32.15,408464,31.08
2013/05/24,32.11,32.40,32.00,32.36,315129,31.23
2013/05/27,32.36,33.88,32.36,33.72,1349766,32.07
2013/05/28,34.00,34.40,32.90,33.50,917720,32.55
2013/05/29,33.40,33.80,33.21,33.44,437433,32.44
2013/05/30,33.38,33.63,32.85,32.93,605855,32.08
2013/05/31,32.91,33.27,32.42,32.66,487436,31.96
2013/06/03,32.66,32.90,32.25,32.37,471263,31.46
2013/06/04,32.30,32.65,31.16,31.37,424353,30.71
2013/06/05,31.16,31.64,31.16,31.58,210193,30.44
2013/06/06,31.38,31.54,30.80,30.81,294772,30.10
2013/06/07,30.81,31.17,30.02,30.35,327875,29.52
2013/06/13,29.36,30.20,29.20,29.50,311107,28.49
2013/06/14,29.69,30.25,29.49,30.07,336982,28.76
2013/06/17,30.11,30.12,29.25,29.69,494411,28.60
2013/06/18,29.77,29.83,29.48,29.79,359807,28.65
2013/06/19,29.62,29.79,29.11,29.46,412907,28.35
2013/06/20,29.39,29.47,28.78,28.80,342656,28.09
2013/06/21,28.15,28.51,27.44,28.38,556626,26.79
2013/06/24,28.25,28.44,27.10,27.55,423811,26.84
2013/06/25,27.70,28.12,26.22,27.76,903342,25.84
2013/06/26,27.98,29.00,27.98,28.74,776770,27.58
2013/06/27,28.76,29.35,28.55,28.76,572239,27.99
2013/06/28,28.34,29.27,28.34,28.73,399557,27.90
2013/07/01,28.73,28.87,28.20,28.75,478971,27.63
2013/07/02,28.68,30.48,28.59,29.77,1447536,28.33
2013/07/03,29.73,30.55,29.43,30.26,1135012,29.12
2013/07/04,30.30,30.30,29.80,29.90,465069,29.05
2013/07/05,29.82,30.19,28.75,29.05,523942,28.53
2013/07/08,28.85,29.30,27.41,28.65,859222,27.28
2013/07/09,28.40,28.94,28.22,28.49,280491,27.59
2013/07/10,28.84,29.56,28.52,29.26,360502,28.07
2013/07/11,29.15,30.15,29.10,30.01,562003,28.77
2013/07/12,29.96,30.58,29.66,30.02,679941,29.26
2013/07/15,30.03,30.90,30.03,30.49,397491,29.57
2013/07/16,30.25,30.67,30.10,30.47,387273,29.32
2013/07/17,30.36,30.37,29.55,29.65,343254,28.96
2013/07/18,29.90,30.05,29.46,29.88,303191,28.72
2013/07/19,29.73,29.92,29.60,29.64,371499,28.72
2013/07/22,29.02,30.45,29.02,30.40,560020,28.81
2013/07/23,31.58,31.58,30.60,30.85,693171,30.15
2013/07/24,30.85,32.15,30.58,32.10,1143157,30.22
2013/07/25,31.99,32.69,31.66,31.99,828056,31.31
2013/07/26,32.90,32.90,31.41,31.85,275771,30.76
2013/07/29,31.82,31.82,30.86,30.86,468329,30.03
2013/07/30,30.75,30.90,29.88,30.30,466020,29.38
2013/07/31,30.30,30.77,30.00,30.00,279429,29.37
2013/08/01,30.06,31.50,30.06,31.36,532017,30.03
2013/08/02,31.42,31.65,31.05,31.25,617339,30.23
2013/08/05,31.31,31.75,31.08,31.75,340332,30.47
2013/08/06,31.75,32.38,31.51,31.93,476678,31.06
2013/08/07,31.83,32.13,31.33,31.43,250457,30.61
2013/08/08,31.29,33.50,31.29,33.50,1061254,31.61
2013/08/09,33.78,33.98,33.10,33.60,1546541,32.63
2013/08/12,33.58,34.25,33.49,33.85,1442319,32.86
2013/08/13,34.09,34.50,33.39,33.39,1937358,32.98
2013/08/14,33.10,33.28,32.55,32.88,907158,31.83
2013/08/15,32.70,33.19,32.55,32.57,605213,31.77
2013/08/16,32.41,33.14,31.68,31.97,615233,31.41
2013/08/19,31.70,32.55,31.50,32.51,315781,31.11
2013/08/20,32.49,32.55,31.88,32.49,429582,31.30
2013/08/21,32.16,32.85,32.16,32.72,261902,31.60
2013/08/22,32.41,33.09,32.41,32.69,272405,31.83
2013/08/23,32.60,33.36,32.59,32.93,597739,31.92
2013/08/26,33.27,33.60,32.80,33.18,659911,32.15
2013/08/27,33.14,33.14,31.45,31.78,1714773,30.93
2013/08/28,31.78,32.08,31.50,31.50,634536,30.70
2013/08/29,31.51,31.78,31.50,31.60,531830,30.57
2013/08/30,31.56,31.60,30.18,30.20,800722,29.89
2013/09/02,30.20,30.47,29.90,30.41,397413,29.18
2013/09/03,30.32,31.09,30.31,30.97,337817,29.82
2013/09/04,30.81,31.19,30.67,30.72,242572,29.87
2013/09/05,30.70,31.10,30.47,30.85,462109,29.76
2013/09/06,30.85,31.12,30.66,30.99,327233,29.87
2013/09/09,30.90,31.29,30.90,30.93,396033,30.02
2013/09/10,31.09,31.19,30.65,31.00,478868,29.89
2013/09/11,30.91,30.94,30.63,30.72,309424,29.73
2013/09/12,30.65,30.83,30.20,30.26,484992,29.55
2013/09/13,30.27,30.96,30.27,30.84,350288,29.64
2013/09/16,31.00,31.80,31.00,31.30,704674,30.38
2013/09/17,31.22,31.80,30.85,31.13,441047,30.37
2013/09/18,31.13,32.09,31.13,31.78,589935,30.79
2013/09/23,31.70,32.26,31.58,32.10,726105,31.00
2013/09/24,32.12,33.30,32.12,32.82,1651899,31.89
2013/09/25,32.78,33.32,32.50,33.29,796161,31.94
2013/09/26,33.18,34.50,33.00,33.81,1591180,33.09
2013/09/27,33.71,35.90,33.18,35.39,1217840,33.68
2013/09/30,35.39,35.49,34.61,34.91,585056,33.99
2013/10/08,34.98,36.20,34.65,35.51,717036,34.26
2013/10/09,35.50,36.26,34.81,35.65,1408873,34.84
2013/10/10,35.75,37.36,35.12,36.72,1116631,35.54
2013/10/11,36.77,37.08,36.00,37.06,605565,35.50
2013/10/14,36.90,37.30,36.03,36.41,758795,35.82
2013/10/15,36.15,36.75,35.81,36.24,591611,35.32
2013/10/16,36.24,36.38,35.00,35.27,433017,34.53
2013/10/17,35.25,35.60,34.71,34.90,499783,34.07
2013/10/18,34.93,35.50,34.50,35.17,330818,34.22
2013/10/21,35.24,36.00,35.01,35.99,386902,34.72
2013/10/22,36.28,36.48,35.60,35.98,402863,34.93
2013/10/23,35.95,36.25,33.63,33.99,410680,33.45
2013/10/24,33.70,33.80,32.60,32.99,760386,32.05
2013/10/25,33.07,33.07,32.01,32.29,540528,31.39
2013/10/28,32.18,32.80,32.05,32.45,419879,31.32
2013/10/29,32.45,32.53,31.22,31.90,426198,30.92
2013/10/30,31.53,33.15,31.53,33.03,614680,31.65
2013/10/31,33.03,33.42,32.55,32.78,464764,31.93
2013/11/01,32.78,32.78,31.68,31.78,674928,31.04
2013/11/04,31.89,32.16,31.70,31.96,497128,30.87
2013/11/05,31.83,31.91,31.00,31.75,773049,30.36
2013/11/06,31.69,31.69,30.00,30.18,2037614,29.95
2013/11/07,30.03,30.17,29.09,29.49,1086275,28.59
2013/11/08,29.43,29.76,29.31,29.69,471821,28.55
2013/11/11,29.75,30.45,29.66,30.37,705797,29.17
2013/11/12,30.29,30.76,30.11,30.40,673070,29.46
2013/11/13,30.22,30.66,29.80,30.26,556645,29.18
2013/11/14,30.18,32.38,30.10,32.38,2104277,30.68
2013/11/15,32.50,33.28,32.08,32.71,1481392,31.65
2013/11/18,32.80,33.79,32.77,33.02,1282217,32.11
2013/11/19,33.02,33.45,32.62,32.92,1151187,32.02
2013/11/20,32.99,33.19,32.11,32.77,1054843,31.54
2013/11/21,32.63,32.66,32.15,32.59,907694,31.39
2013/11/22,32.59,34.16,32.35,33.08,1444793,32.38
2013/11/25,33.00,34.19,32.92,33.85,1507000,32.79
2013/11/26,33.94,34.85,33.71,34.29,1917801,33.48
2013/11/27,34.21,34.75,34.06,34.40,1579201,33.39
2013/11/28,34.39,35.49,34.21,35.39,1730578,34.08
2013/11/29,35.55,37.79,35.40,35.91,3670634,35.57
2013/12/02,32.90,34.49,32.42,32.42,3081729,32.22
2013/12/03,31.85,34.97,31.83,34.91,2692827,32.49
2013/12/04,34.49,37.19,34.36,35.89,3166688,34.92
2013/12/05,35.50,38.77,35.11,37.49,3744081,36.12
2013/12/06,37.30,38.00,35.20,35.20,3006640,35.36
2013/12/09,35.53,38.62,35.52,38.62,3596609,36.27
2013/12/10,35.53,38.62,35.52,38.62,0,37.07
2013/12/11,37.80,38.18,36.31,37.98,3782517,36.32
2013/12/12,37.70,41.68,37.20,40.70,4989245,38.71
2013/12/13,39.70,41.63,39.40,39.83,3549099,39.24
2013/12/16,40.00,41.50,38.38,38.59,3015894,38.71
2013/12/17,38.60,39.90,38.23,39.40,2543293,37.99
2013/12/18,39.35,39.35,36.44,37.20,2794886,36.30
2013/12/19,37.20,37.77,36.70,37.30,1557467,36.30
2013/12/20,37.05,37.60,35.99,36.06,1258308,35.86
2013/12/23,36.12,36.98,35.36,36.70,1221085,35.38
2013/12/24,36.77,38.20,36.76,37.67,1790234,36.62
2013/12/25,38.20,39.93,38.15,39.07,2474606,38.14
2013/12/26,39.10,40.16,38.28,38.36,2418665,38.22
2013/12/27,38.16,39.78,38.05,39.48,2104330,38.24
2013/12/30,39.90,40.67,39.37,39.80,1863484,38.95
2013/12/31,39.80,39.80,38.03,38.29,1770511,37.66
2014/01/02,38.01,39.27,38.00,38.62,1152341,37.77
2014/01/03,38.62,38.84,37.48,37.51,1425214,37.00
2014/01/06,37.05,37.24,35.38,35.48,1677096,34.97
2014/01/07,35.58,36.10,35.48,35.80,847157,34.79
2014/01/08,35.98,36.58,35.66,36.10,1362980,35.11
2014/01/09,35.70,36.22,34.80,34.90,1431089,34.54
2014/01/10,34.68,34.70,33.88,34.09,1047098,33.12
2014/01/13,34.18,35.39,34.18,35.39,1176108,33.76
2014/01/14,35.26,36.00,35.18,35.88,1247058,34.72
2014/01/15,35.78,36.19,35.42,35.78,852866,34.88
2014/01/16,35.95,36.46,35.52,36.08,1104572,35.17
2014/01/17,36.00,36.17,35.00,35.00,844679,34.30
2014/01/20,34.97,35.46,34.11,34.36,679029,33.68
2014/01/21,34.65,35.18,34.20,35.06,589569,33.86
2014/01/22,35.01,35.86,35.01,35.83,1105221,34.59
2014/01/23,35.86,36.14,35.61,35.89,957207,34.86
2014/01/24,35.89,36.67,35.60,36.55,1171879,35.41
2014/01/27,36.50,36.60,35.88,36.22,785431,35.21
2014/01/28,36.23,36.36,35.12,35.77,790121,34.61
2014/01/29,35.98,36.27,35.60,36.21,723748,34.93
2014/01/30,36.40,36.40,35.60,35.69,563745,34.88
2014/02/07,35.48,35.85,34.20,35.65,494701,34.32
2014/02/10,35.65,37.30,35.56,37.30,1408968,35.73
2014/02/11,37.06,37.50,36.53,37.20,1066375,36.04
2014/02/12,37.38,37.99,36.78,37.90,1278887,36.44
2014/02/13,37.88,37.98,36.58,36.74,1053550,36.38
2014/02/14,36.85,37.82,36.80,37.80,1050438,36.47
2014/02/17,37.98,38.20,37.48,38.11,1231375,36.84
2014/02/18,38.05,38.18,37.26,37.36,1195218,36.53
2014/02/19,37.36,37.71,36.80,37.03,1267288,36.15
2014/02/20,37.29,37.29,35.40,35.40,1462522,35.11
2014/02/21,35.52,35.95,35.06,35.90,825545,34.58
2014/02/24,35.85,35.93,35.10,35.79,579951,34.58
2014/02/25,35.73,35.94,33.50,33.90,1057199,33.89
2014/02/26,33.60,33.84,32.55,33.29,665878,32.19
2014/02/27,33.39,33.98,32.60,32.81,854549,32.30
2014/02/28,33.00,33.45,32.49,33.37,595115,32.04
2014/03/03,33.55,34.35,33.54,34.08,693049,33.05
2014/03/04,34.08,34.08,33.44,33.82,539654,32.76
2014/03/05,33.82,35.08,33.60,34.92,1005010,33.50
2014/03/06,34.74,34.82,33.82,34.46,669718,33.33
2014/03/07,34.44,34.94,33.60,33.85,705959,33.24
2014/03/10,33.40,33.50,32.64,32.90,569098,32.08
2014/03/11,32.90,33.20,32.75,33.02,473064,32.04
2014/03/12,32.99,34.08,32.81,34.02,685946,32.49
2014/03/13,32.50,32.87,32.00,32.52,1716000,31.50
2014/03/14,32.39,32.60,31.15,31.47,1375475,30.70
2014/03/17,31.69,32.52,31.53,32.50,1119565,31.12
2014/03/18,32.21,32.60,32.16,32.20,738531,31.32
2014/03/19,32.25,32.47,31.50,31.76,594704,30.87
2014/03/20,31.78,31.96,31.30,31.32,434285,30.69
2014/03/21,31.02,31.76,30.71,31.57,617929,30.23
2014/03/24,31.59,31.95,31.15,31.60,924390,30.49
2014/03/25,31.59,31.87,31.50,31.86,683172,30.71
2014/03/26,31.84,32.27,31.70,31.98,658908,31.02
2014/03/27,31.98,32.00,31.18,31.30,572712,30.57
2014/03/28,31.10,31.49,30.80,30.90,529129,30.19
2014/03/31,30.90,31.23,30.72,30.95,259004,29.98
2014/04/01,30.95,31.49,30.95,31.46,307522,30.30
2014/04/02,31.46,31.57,31.28,31.31,237207,30.38
2014/04/03,31.41,31.85,31.27,31.70,438552,30.62
2014/04/04,31.70,31.87,31.51,31.70,399837,30.71
2014/04/08,31.75,32.26,31.65,32.06,448855,30.98
2014/04/09,32.06,32.28,31.85,32.08,398084,31.03
2014/04/10,32.38,32.38,31.91,31.93,411655,31.05
2014/04/11,31.93,31.93,31.47,31.58,475110,30.60
2014/04/14,31.50,32.24,31.42,32.22,384968,30.96
2014/04/15,32.30,32.30,31.82,31.83,379960,30.98
2014/04/16,31.78,32.17,31.65,32.11,398844,30.94
2014/04/17,32.22,32.34,31.95,31.96,506441,30.62
2014/04/18,32.22,32.34,31.95,31.96,0,32.15
2014/04/21,32.22,32.34,31.95,31.96,0,32.15
2014/04/22,32.41,32.86,31.88,32.20,1198203,30.99
2014/04/23,32.55,33.68,32.23,33.29,1411211,31.70
2014/04/24,33.43,33.57,33.00,33.41,684476,31.73
2014/04/25,33.45,34.42,32.81,32.83,520899,31.78
2014/04/28,32.73,32.73,30.41,30.43,736431,29.90
2014/04/29,30.38,31.21,30.11,31.13,403575,29.39
2014/04/30,31.12,32.10,30.83,32.02,502526,30.16
2014/05/05,32.00,32.57,31.71,32.55,439651,30.84
2014/05/06,32.72,33.37,32.31,32.50,468334,31.27
2014/05/07,32.41,32.50,31.85,31.90,295923,30.67
2014/05/08,31.55,32.47,31.52,32.32,304315,30.79
2014/05/09,32.32,32.34,31.84,32.05,317524,30.59
2014/05/12,32.10,32.80,32.10,32.67,352802,31.08
2014/05/13,32.77,33.25,32.53,33.23,533791,31.48
2014/05/14,33.24,33.45,33.01,33.20,309471,31.80
2014/05/15,32.83,32.96,32.35,32.35,326310,31.12
2014/05/16,32.16,32.69,32.13,32.39,145352,30.82
2014/05/19,32.17,32.28,31.70,32.17,199012,30.54
2014/05/20,32.22,32.79,32.20,32.42,248488,31.02
2014/05/21,32.41,33.36,32.03,33.30,604350,31.51
2014/05/22,33.30,33.39,32.76,32.82,457791,31.61
2014/05/23,32.78,33.45,32.78,33.39,570993,31.83
2014/05/26,33.37,34.03,33.37,33.67,645216,32.21
2014/05/27,33.80,34.00,33.43,33.50,279468,32.13
2014/05/28,33.50,33.78,33.21,33.76,305399,32.03
2014/05/29,33.65,34.12,33.32,33.40,493050,32.38
2014/05/30,33.50,34.14,33.38,34.08,423247,32.32
2014/06/03,34.08,34.47,33.83,34.01,429261,32.61
2014/06/04,34.01,34.09,33.63,33.89,481026,32.36
2014/06/05,33.76,34.07,33.60,34.05,582206,32.30
2014/06/06,34.07,34.18,33.30,33.48,380866,32.12
2014/06/09,33.40,33.58,33.11,33.30,226129,31.84
2014/06/10,33.30,33.76,33.19,33.56,399299,32.05
2014/06/11,33.62,34.10,33.45,33.90,493256,32.39
2014/06/12,33.92,34.38,33.76,34.38,642648,32.62
2014/06/13,34.21,35.17,34.11,34.92,620323,33.32
2014/06/16,35.05,35.11,34.50,35.00,463335,33.32
2014/06/17,34.99,34.99,34.58,34.79,515791,33.18
2014/06/18,34.80,35.72,34.21,34.27,476629,33.41
2014/06/19,33.95,34.39,32.93,33.38,312526,32.16
2014/06/20,33.48,34.33,33.22,34.31,342748,32.34
2014/06/23,34.62,35.73,34.51,35.48,981700,33.82
2014/06/24,35.50,37.77,35.21,36.40,1423884,35.21
2014/06/25,36.22,36.24,35.53,36.10,755630,34.38
2014/06/26,36.16,38.50,35.90,38.08,1608163,35.72
2014/06/27,37.56,38.30,37.00,37.13,1276237,36.05
2014/06/30,37.20,37.40,36.41,37.02,1188455,35.18
2014/07/01,36.95,37.10,36.60,36.90,602335,35.32
2014/07/02,36.94,36.97,36.23,36.56,788119,35.07
2014/07/03,36.56,37.59,36.51,37.59,1320985,35.70
2014/07/04,37.31,38.50,36.85,36.95,924571,35.75
2014/07/07,36.95,36.95,36.00,36.03,810806,34.70
2014/07/08,36.12,36.76,36.10,36.75,819068,34.92
2014/07/09,36.51,37.39,35.85,35.88,866740,34.76
2014/07/10,35.89,36.25,35.58,35.89,420387,34.43
2014/07/11,35.90,36.48,35.80,36.18,432488,34.69
2014/07/14,36.17,36.39,35.42,36.34,753307,34.37
2014/07/15,36.24,36.24,35.51,35.72,605016,34.30
2014/07/16,35.62,35.72,34.79,34.83,784007,33.69
2014/07/17,34.64,35.09,34.50,35.03,350874,33.26
2014/07/18,35.03,35.19,34.75,34.76,370608,33.48
2014/07/21,34.76,34.92,34.28,34.72,610076,33.06
2014/07/22,34.80,35.33,34.59,35.02,709252,33.54
2014/07/23,35.16,35.23,34.20,34.69,598165,33.10
2014/07/24,34.50,35.16,34.50,35.15,717190,33.30
2014/07/25,35.17,35.24,34.71,35.06,528202,33.52
2014/07/28,35.10,35.65,35.10,35.60,676818,33.91
2014/07/29,35.52,35.93,35.44,35.75,743947,34.18
2014/07/30,35.95,36.05,35.47,35.75,511984,34.21
2014/07/31,35.63,35.80,35.49,35.80,423005,34.14
2014/08/01,35.65,36.16,35.60,35.81,635893,34.41
2014/08/04,35.69,36.45,35.60,36.38,576996,34.68
2014/08/05,36.20,36.50,36.10,36.39,412666,34.88
2014/08/06,36.37,36.37,36.00,36.20,393931,34.64
2014/08/07,36.20,36.20,35.55,35.57,536382,34.30
2014/08/08,35.58,35.96,35.41,35.84,750353,34.18
2014/08/11,35.83,36.05,35.70,35.98,455201,34.38
2014/08/12,35.98,35.98,35.60,35.79,469175,34.22
2014/08/13,35.84,36.91,35.71,36.89,1358741,34.86
2014/08/14,36.80,36.99,36.38,36.45,615818,35.17
2014/08/15,36.47,36.89,36.32,36.72,486308,35.09
2014/08/18,36.61,36.99,36.55,36.64,791366,35.21
2014/08/19,36.62,36.96,36.50,36.96,835498,35.29
2014/08/20,36.85,36.97,36.60,36.70,535624,35.22
2014/08/21,36.64,36.90,36.41,36.86,600946,35.23
2014/08/22,36.91,37.29,36.80,36.92,515475,35.56
2014/08/25,36.91,37.49,36.75,37.24,901789,35.78
2014/08/26,37.20,37.69,35.90,36.09,1001242,35.28
2014/08/27,35.50,35.70,34.70,35.05,1339397,33.59
2014/08/28,35.03,35.18,34.38,34.60,657928,33.28
2014/08/29,34.60,35.05,34.60,34.96,445367,33.34
2014/09/01,35.00,35.60,34.88,35.45,748478,33.78
2014/09/02,35.46,36.08,35.40,35.87,978382,34.34
2014/09/03,36.03,36.10,35.62,35.99,691102,34.38
2014/09/04,35.91,36.55,35.56,36.20,1071535,34.67
2014/09/05,36.16,36.40,35.92,36.20,558399,34.63
2014/09/09,36.21,36.74,36.06,36.73,692467,34.98
2014/09/10,36.62,36.99,36.30,36.97,1261345,35.36
2014/09/11,36.73,37.29,36.42,36.68,785948,35.30
2014/09/12,36.64,37.16,36.52,37.10,1111570,35.44
2014/09/15,37.38,37.76,37.31,37.75,1410483,36.00
2014/09/16,37.70,37.70,36.33,36.33,1132942,35.51
2014/09/17,36.49,37.00,36.28,37.00,762848,35.19
2014/09/18,36.99,37.10,36.60,36.96,432517,35.36
2014/09/19,36.96,37.75,36.96,37.20,602649,35.80
2014/09/22,37.15,37.23,36.61,36.85,405478,35.30
2014/09/23,36.89,37.25,36.71,36.94,881176,35.49
2014/09/24,36.98,37.59,36.84,37.55,1057166,35.81
2014/09/25,37.61,37.87,37.10,37.24,963865,36.04
2014/09/26,37.20,37.54,36.51,37.00,1030426,35.54
2014/09/29,37.05,38.47,37.05,38.34,1362628,36.28
2014/09/30,38.29,39.05,38.03,39.00,1326846,37.14
2014/10/08,39.00,39.54,38.66,39.30,1301856,37.61
2014/10/09,39.30,39.48,38.62,39.15,920522,37.43
2014/10/10,38.97,39.00,38.30,38.70,787362,37.15
2014/10/13,38.54,40.50,38.18,40.38,1818876,38.27
2014/10/14,40.30,42.30,39.75,42.05,2775835,39.98
2014/10/15,41.98,41.98,41.00,41.31,1195862,39.83
2014/10/16,41.50,43.10,41.25,42.35,2400534,40.83
2014/10/17,42.35,43.46,41.18,43.30,2724782,40.93
2014/10/20,43.02,43.51,42.70,43.15,1493702,41.64
2014/10/21,43.10,43.35,41.50,42.42,1586048,41.12
2014/10/22,42.08,42.20,41.42,41.49,1270481,40.37
2014/10/23,41.51,42.98,41.51,42.35,1789767,40.77
2014/10/24,41.34,43.33,41.02,42.35,1982654,40.97
2014/10/27,41.89,42.20,41.30,41.57,1064715,40.19
2014/10/28,41.50,43.50,41.50,43.19,2648655,41.46
2014/10/29,43.28,44.91,42.95,44.32,2833348,42.52
2014/10/30,44.17,44.68,43.80,44.61,1316125,42.78
2014/10/31,44.50,45.48,44.15,44.28,1479680,43.10
2014/11/03,44.68,44.93,44.01,44.53,1129969,42.86
2014/11/04,44.53,44.60,43.40,43.65,1476693,42.38
2014/11/05,43.65,44.65,43.55,43.96,1407984,42.52
2014/11/06,43.90,44.50,43.00,44.47,1469222,42.25
2014/11/07,44.49,44.77,42.50,42.80,1882918,42.15
2014/11/10,42.60,42.75,41.61,42.72,1068207,40.85
2014/11/11,42.44,42.70,40.50,41.31,1673013,40.16
2014/11/12,41.45,42.52,41.02,42.47,1206712,40.65
2014/11/13,42.03,42.43,40.58,40.69,1277587,39.63
2014/11/14,40.70,41.14,40.11,40.99,987549,39.05
2014/11/17,40.94,42.41,40.15,41.78,1153233,39.93
2014/11/18,41.62,41.85,41.15,41.38,543314,39.97
2014/11/19,41.11,41.62,41.02,41.30,695218,39.84
2014/11/20,41.20,41.97,41.00,41.90,564273,39.99
2014/11/21,41.98,42.19,41.68,41.80,855724,40.36
2014/11/24,42.20,42.29,41.63,42.03,1014393,40.46
2014/11/25,42.10,42.20,41.36,42.09,1056764,40.35
2014/11/26,42.09,42.35,41.50,42.10,813577,40.48
2014/11/27,42.00,42.10,41.63,41.77,988032,40.27
2014/11/28,41.78,43.46,41.78,43.08,2150961,41.35
2014/12/01,43.10,43.13,41.46,41.75,1305144,40.58
2014/12/02,41.75,42.42,41.60,42.27,941098,40.64
2014/12/03,42.42,43.12,41.30,43.10,1516904,40.87
2014/12/04,42.88,43.38,42.73,43.02,1247421,41.50
2014/12/05,43.02,43.03,40.89,41.30,1429532,40.12
2014/12/08,41.20,41.20,40.02,40.04,1322489,38.84
2014/12/09,40.02,40.35,38.31,38.32,1349358,37.84
2014/12/10,38.50,40.02,38.45,39.54,811088,37.77
2014/12/11,39.50,40.10,39.30,40.06,626631,38.08
2014/12/12,40.06,40.15,39.50,40.05,483307,38.31
2014/12/15,40.08,40.64,39.70,40.58,796653,38.79
2014/12/16,40.67,40.67,40.03,40.27,561694,38.78
2014/12/17,40.36,40.49,39.00,39.20,657851,37.85
2014/12/18,38.83,39.36,38.80,38.97,407243,37.56
2014/12/19,39.05,39.05,37.80,38.11,742611,36.68
2014/12/22,38.10,38.10,36.48,36.69,825624,35.29
2014/12/23,36.69,37.50,36.51,36.80,494060,35.48
2014/12/24,37.16,38.47,37.02,38.47,897391,36.27
2014/12/25,38.48,38.63,37.95,38.44,498689,36.82
2014/12/26,38.35,38.50,38.04,38.22,340083,36.73
2014/12/29,38.19,38.19,36.92,37.09,597091,35.75
2014/12/30,37.20,37.34,36.46,36.98,572344,35.32
2014/12/31,36.98,37.35,36.71,37.35,434069,35.57
2015/01/05,37.30,38.19,36.85,38.05,570536,36.08
2015/01/06,38.08,38.50,37.81,38.45,637941,36.73
2015/01/07,38.45,38.55,37.34,37.70,688518,36.33
2015/01/08,37.79,37.97,37.09,37.55,418692,36.12
2015/01/09,37.55,38.23,37.30,37.52,578059,36.27
2015/01/12,37.58,37.58,36.60,36.84,374170,35.41
2015/01/13,37.05,37.35,36.63,37.31,445458,35.59
2015/01/14,37.28,37.98,36.94,37.73,501735,36.01
2015/01/15,37.75,38.06,37.38,37.60,385507,36.17
2015/01/16,37.61,38.15,37.61,38.02,567276,36.45
2015/01/19,37.50,38.93,36.95,37.15,1089750,36.55
2015/01/20,37.15,38.60,37.15,38.55,760785,36.55
2015/01/21,38.55,39.25,38.48,38.80,1064184,37.32
2015/01/22,38.61,39.48,38.61,39.35,847684,37.70
2015/01/23,39.35,39.35,38.61,38.68,674221,37.41
2015/01/26,37.48,38.97,37.13,38.90,1403740,36.55
2015/01/27,38.50,41.38,38.31,41.17,1961796,38.05
2015/01/28,40.30,41.09,40.10,40.15,2322012,39.00
2015/01/29,39.60,39.60,38.68,38.97,987706,37.59
2015/01/30,39.40,39.40,38.39,38.40,559430,37.15
2015/02/02,38.11,38.90,38.10,38.53,407096,37.11
2015/02/03,38.67,38.94,38.58,38.64,589738,37.23
2015/02/04,38.80,38.94,38.50,38.54,374353,37.20
2015/02/05,38.92,39.10,38.40,38.50,426892,37.17
2015/02/06,38.50,38.60,37.13,37.16,574190,36.05
2015/02/09,37.13,37.44,37.03,37.19,263035,35.76
2015/02/10,37.38,37.38,37.00,37.31,341537,35.64
2015/02/11,37.32,37.48,37.12,37.48,290399,35.86
2015/02/12,37.60,37.90,37.49,37.90,286000,36.25
2015/02/13,38.04,38.47,38.00,38.14,502699,36.73
2015/02/16,38.18,39.59,37.90,39.21,742862,37.34
2015/02/17,39.64,39.64,38.86,38.94,438581,37.58
2015/02/25,38.76,39.17,38.76,39.10,365394,37.53
2015/02/26,39.08,39.27,38.82,39.21,562763,37.56
2015/02/27,39.05,39.20,38.85,38.98,566932,37.48
2015/03/02,39.01,39.47,38.80,39.40,828714,37.64
2015/03/03,39.22,39.47,38.90,38.98,737049,37.61
2015/03/04,38.95,39.60,38.92,39.50,810083,37.77
2015/03/05,39.50,40.07,39.30,40.03,1137133,38.35
2015/03/06,40.10,40.10,39.28,39.43,718812,38.04
2015/03/09,39.18,39.78,38.81,39.60,545310,37.82
2015/03/10,39.61,40.49,39.60,40.34,999384,38.68
2015/03/11,40.34,40.49,40.04,40.13,577587,38.73
2015/03/12,40.13,40.35,39.24,39.32,682462,38.20
2015/03/13,39.51,40.27,39.11,39.91,635094,38.25
2015/03/16,39.36,40.68,39.28,40.48,1669748,38.47
2015/03/17,40.39,41.20,40.16,40.81,2090095,39.12
2015/03/18,40.87,41.16,40.71,41.13,1366004,39.46
2015/03/19,41.10,41.96,40.75,41.16,1237741,39.64
2015/03/20,41.31,41.31,40.70,40.90,1366118,39.40
2015/03/23,40.65,41.95,40.64,41.91,2865468,39.69
2015/03/24,41.84,41.88,40.20,41.50,3519306,39.95
2015/03/25,41.50,41.93,41.01,41.90,3870211,39.96
2015/03/26,41.80,43.29,41.22,42.84,2701343,40.95
2015/03/27,42.75,43.45,42.31,42.80,1397374,41.41
2015/03/30,42.70,43.43,42.27,42.27,1749211,41.21
2015/03/31,42.11,43.39,41.92,43.35,3427197,41.25
2015/04/01,43.08,47.54,43.08,47.54,6306860,44.36
2015/04/02,47.50,50.79,47.06,49.65,3976449,47.43
2015/04/03,49.10,50.47,48.27,49.64,2287535,47.65
2015/04/07,49.55,52.00,49.35,49.99,3123983,48.89
2015/04/08,50.00,50.79,47.30,48.56,2922928,47.25
2015/04/09,48.30,48.90,45.24,47.46,2858405,45.46
2015/04/10,47.38,50.00,47.01,50.00,2708025,47.39
2015/04/13,50.05,51.70,49.26,51.50,2617285,49.30
2015/04/14,51.60,53.50,49.75,51.09,2238792,50.00
2015/04/15,50.01,52.01,48.30,48.51,2266463,49.12
2015/04/16,47.52,49.97,47.52,49.08,866783,47.31
2015/04/17,49.15,49.98,48.17,49.03,1280513,47.34
2015/04/20,48.55,48.55,46.51,47.49,1469902,46.29
2015/04/21,47.00,48.70,47.00,48.69,989591,46.48
2015/04/22,48.66,49.77,48.51,49.35,1772460,47.62
2015/04/23,49.50,50.68,48.70,50.50,2158978,48.16
2015/04/24,49.76,50.23,48.80,49.79,1692270,47.97
2015/04/27,49.79,49.99,48.72,48.96,1663055,47.87
2015/04/28,48.73,48.98,45.52,46.40,2010332,45.33
2015/04/29,45.51,47.61,45.51,45.87,1579848,45.13
2015/04/30,45.87,47.49,45.60,46.64,1337536,45.32
2015/05/04,46.64,48.20,46.10,48.10,2895598,45.57
2015/05/05,48.05,49.30,46.63,46.80,3078648,46.78
2015/05/06,46.80,47.77,45.57,45.74,1426958,45.11
2015/05/07,45.34,45.65,44.40,44.40,1337991,43.31
2015/05/08,44.80,46.60,44.70,45.94,1468169,44.02
2015/05/11,46.01,47.36,45.40,47.00,2623684,44.90
2015/05/12,47.00,48.77,46.60,48.66,3049478,45.98
2015/05/13,48.00,50.15,47.88,49.70,2918154,47.72
2015/05/14,49.38,50.45,48.96,49.00,1697189,48.08
2015/05/15,48.81,53.75,47.64,53.20,4763061,49.05
2015/05/18,48.81,53.75,47.64,53.20,0,50.70
2015/05/19,48.81,53.75,47.64,53.20,0,50.70
2015/05/20,48.81,53.75,47.64,53.20,0,50.70
2015/05/21,48.81,53.75,47.64,53.20,0,50.70
2015/05/22,48.81,53.75,47.64,53.20,0,50.70
2015/05/25,48.81,53.75,47.64,53.20,0,50.70
2015/05/26,48.81,53.75,47.64,53.20,0,50.70
2015/05/27,48.81,53.75,47.64,53.20,0,50.70
2015/05/28,48.81,53.75,47.64,53.20,0,50.70
2015/05/29,48.81,53.75,47.64,53.20,0,50.70
2015/06/01,48.81,53.75,47.64,53.20,0,50.70
2015/06/02,48.81,53.75,47.64,53.20,0,50.70
2015/06/03,58.32,58.32,58.32,58.32,1370999,56.32
2015/06/04,58.95,63.95,55.60,63.95,5124480,60.27
2015/06/05,66.97,70.15,63.95,66.02,6497816,64.47
2015/06/08,65.00,67.00,59.98,66.00,4591969,60.54
2015/06/09,63.98,66.64,63.00,64.50,3564962,62.76
2015/06/10,63.00,65.30,62.05,62.96,5257154,61.51
2015/06/11,62.90,64.20,61.40,62.27,3779479,60.43
2015/06/12,62.90,64.97,62.39,62.78,3551984,61.44
2015/06/15,63.44,64.83,61.20,63.10,3231000,60.89
2015/06/16,61.30,61.96,59.02,59.51,2679134,58.18
2015/06/17,59.00,60.35,56.65,60.23,1827809,56.69
2015/06/18,59.90,60.61,57.00,57.00,1845744,57.42
2015/06/19,55.80,56.89,52.70,52.71,2374914,52.35
2015/06/23,53.30,54.98,50.92,54.46,1896118,51.33
2015/06/24,54.99,56.28,54.80,56.08,2181431,53.56
2015/06/25,56.10,56.49,53.03,53.30,1588335,52.96
2015/06/26,52.06,54.80,49.30,49.55,2708252,50.55
2015/06/29,51.49,52.02,45.03,49.00,3446310,47.13
2015/06/30,48.90,53.20,45.80,52.65,3427884,47.43
2015/07/01,51.01,52.82,48.85,49.05,2724169,49.27
2015/07/02,48.00,49.29,44.35,44.35,3378046,44.35
2015/07/03,42.30,45.20,40.12,40.12,4338234,39.62
2015/07/06,43.93,43.93,36.31,39.10,4267013,37.06
2015/07/07,36.80,37.60,35.39,35.39,2114535,33.85
2015/07/08,32.05,37.68,32.05,36.60,6314450,34.86
2015/07/09,34.66,40.06,34.66,40.06,2552115,36.74
2015/07/10,41.50,43.87,41.50,43.87,1303954,41.29
2015/07/13,46.58,48.06,43.87,48.06,4494075,44.40
2015/07/14,46.35,50.00,46.00,46.61,3828087,45.90
2015/07/15,45.12,45.71,42.20,42.89,2795345,41.88
2015/07/16,42.89,46.50,40.07,44.67,2093511,42.24
2015/07/17,44.70,47.53,44.67,46.95,1535650,44.46
2015/07/20,48.00,48.50,45.71,46.77,1170500,45.18
2015/07/21,46.45,47.60,45.00,46.47,1156523,44.82
2015/07/22,46.51,48.30,45.15,46.63,1517297,44.98
2015/07/23,46.20,48.35,46.07,47.88,1602520,45.45
2015/07/24,47.99,49.69,47.17,47.86,2006427,46.16
2015/07/27,47.80,49.50,43.38,43.78,2288332,45.65
2015/07/28,41.10,46.23,39.78,41.90,2678029,40.83
2015/07/29,41.97,45.20,41.20,45.11,2053237,41.09
2015/07/30,44.33,46.54,43.40,43.51,1808012,42.79
2015/07/31,43.00,44.24,42.13,42.97,821491,41.14
2015/08/03,42.80,43.77,41.78,41.98,926211,40.64
2015/08/04,42.78,45.00,42.12,44.98,969096,41.73
2015/08/05,44.40,45.80,43.72,44.20,959003,42.73
2015/08/06,43.40,45.50,43.24,44.29,912778,42.36
2015/08/07,44.29,45.90,44.29,45.71,935670,43.44
2015/08/10,46.28,47.96,45.11,47.58,1589537,45.05
2015/08/11,47.52,48.00,47.00,47.62,1297831,45.56
2015/08/12,47.65,49.40,46.71,47.00,885402,45.56
2015/08/13,46.63,47.80,46.58,47.76,871300,45.31
2015/08/14,48.13,48.18,46.98,47.17,965867,45.61
2015/08/17,46.71,47.45,45.10,47.38,893392,44.64
2015/08/18,47.15,48.50,42.85,43.49,1495467,44.50
2015/08/19,42.24,45.19,41.30,44.92,951913,41.45
2015/08/20,44.45,49.00,43.31,48.64,2355773,46.16
2015/08/21,47.10,50.27,44.00,50.20,2737382,46.18
2015/08/24,47.00,48.88,45.38,45.38,2905081,44.68
2015/08/25,41.04,42.48,41.04,41.04,1303888,39.15
2015/08/26,40.03,42.01,37.14,37.14,2163087,36.91
2015/08/27,38.36,38.89,35.89,38.00,1483431,35.61
2015/08/28,39.23,40.88,37.76,40.50,1949324,36.61
2015/08/31,39.50,40.20,37.67,37.68,1513019,36.57
2015/09/01,37.10,37.60,34.11,34.11,1999525,32.89
2015/09/02,33.00,35.50,32.00,33.15,1164882,31.62
2015/09/07,33.40,35.63,33.40,34.27,1168910,32.74
2015/09/08,34.30,36.45,33.48,36.16,1165603,33.01
2015/09/09,36.28,37.75,36.01,37.55,1365915,35.04
2015/09/10,36.81,37.55,36.80,37.18,758959,35.14
2015/09/11,37.01,39.98,36.65,37.18,802394,35.57
2015/09/14,37.26,37.69,33.69,33.74,1022451,33.36
2015/09/15,33.50,34.62,33.11,33.56,824111,31.85
2015/09/16,33.22,36.72,33.22,36.15,1206735,32.60
2015/09/17,35.81,36.71,34.74,35.10,1045543,33.82
2015/09/18,35.02,35.95,34.50,35.11,726260,33.21
2015/09/21,34.40,36.43,34.35,36.15,877589,33.71
2015/09/22,36.09,36.80,35.90,36.20,933854,34.28
2015/09/23,36.10,36.78,35.35,36.29,857333,34.24
2015/09/24,36.30,36.96,36.10,36.82,905261,34.56
2015/09/25,36.63,37.46,35.13,35.42,686356,34.16
2015/09/28,35.42,36.16,35.01,36.00,560926,33.78
2015/09/29,35.35,36.00,35.20,35.45,526701,33.54
2015/09/30,35.57,36.68,35.42,36.17,591726,34.00
2015/10/08,37.30,37.64,36.85,37.41,813151,35.34
2015/10/09,37.10,39.08,37.08,38.90,1055658,36.30
2015/10/12,38.90,40.49,38.53,40.10,1052154,37.77
2015/10/13,39.90,42.99,39.38,42.96,2061321,41.19
2015/10/14,41.95,43.86,40.91,41.44,2666972,40.12
2015/10/15,41.00,42.98,40.50,42.28,1399343,39.57
2015/10/16,42.20,42.95,41.31,41.78,912137,39.99
2015/10/19,42.19,42.45,41.08,41.45,917792,39.80
2015/10/20,41.00,41.84,40.67,41.78,833856,39.26
2015/10/21,41.77,42.43,39.00,39.00,1320055,38.84
2015/10/22,39.05,40.50,38.96,40.16,1256417,37.72
2015/10/23,40.11,41.12,39.90,40.80,1022577,38.45
2015/10/26,41.21,41.78,40.48,41.28,1235543,39.00
2015/10/27,41.10,41.18,39.58,41.00,875984,38.44
2015/10/28,41.00,42.19,40.61,41.17,1581985,39.20
2015/10/29,41.51,42.58,41.10,42.22,2055272,40.07
2015/10/30,42.54,44.28,42.01,43.38,1557859,41.27
2015/11/02,42.10,45.00,42.10,44.70,1978634,42.20
2015/11/03,44.99,47.85,44.71,46.52,2332876,44.31
2015/11/04,46.40,47.65,45.02,47.42,1817828,44.89
2015/11/05,46.88,48.48,45.80,46.86,2833688,44.59
2015/11/06,46.50,47.48,46.50,47.38,1802968,45.05
2015/11/09,47.00,48.45,46.63,47.62,2119551,45.43
2015/11/10,47.38,48.46,46.83,47.64,2227873,45.52
2015/11/11,47.38,50.47,47.00,49.52,2585694,46.71
2015/11/12,49.55,49.79,47.92,49.20,3241891,46.79
2015/11/13,48.35,50.95,48.20,48.80,2660507,47.54
2015/11/16,47.63,50.39,47.50,50.30,2205928,47.37
2015/11/17,50.61,52.40,48.60,50.36,3675022,48.87
2015/11/18,49.60,50.87,48.51,48.80,1835660,47.68
2015/11/19,49.49,50.26,48.90,50.05,1456555,47.68
2015/11/20,50.44,51.50,49.77,51.45,3141101,48.56
2015/11/23,51.39,51.88,49.72,50.80,2758644,48.91
2015/11/24,50.61,55.68,50.00,55.35,4549765,51.42
2015/11/25,54.49,55.86,54.01,55.20,2478491,52.78
2015/11/26,54.80,58.00,54.30,54.90,2828540,54.08
2015/11/27,54.70,57.44,52.50,54.59,3385692,53.47
2015/11/30,55.00,59.62,54.50,59.11,3625233,54.75
2015/12/01,58.00,60.30,55.70,58.59,3333094,56.36
2015/12/02,57.89,58.80,54.50,57.00,2437683,54.82
2015/12/03,56.58,59.10,56.30,58.08,1869337,55.78
2015/12/04,58.06,58.54,55.01,56.29,2468222,54.70
2015/12/07,56.33,56.40,54.10,55.23,2057743,53.08
2015/12/08,54.99,56.00,54.50,55.30,1457323,53.41
2015/12/09,54.67,55.25,53.31,53.57,1461045,52.13
2015/12/10,53.70,54.30,52.98,53.38,1288274,51.59
2015/12/11,53.35,55.20,53.35,54.10,1453593,52.38
2015/12/14,54.05,55.00,52.25,54.99,1939838,51.69
2015/12/15,54.56,55.93,54.50,54.53,1765495,53.18
2015/12/16,55.00,56.97,54.63,56.65,2073433,54.17
2015/12/17,56.66,57.99,56.66,57.88,2176817,55.34
2015/12/18,57.50,57.90,56.41,57.30,1657965,55.03
2015/12/21,57.00,57.55,56.68,57.43,1079002,55.13
2015/12/22,57.42,58.54,57.24,58.20,1345991,56.00
2015/12/23,58.48,58.48,56.85,57.57,1433180,55.61
2015/12/24,57.16,57.40,55.60,57.10,1346403,54.39
2015/12/25,57.00,57.55,56.21,57.16,1383984,54.95
2015/12/28,56.77,57.86,55.87,56.00,1386262,54.88
2015/12/29,56.58,57.00,55.51,56.90,1026000,54.43
2015/12/30,56.90,58.20,56.56,57.90,1460356,55.34
2015/12/31,57.80,58.50,55.68,55.70,1373500,55.16
2016/01/04,55.35,55.40,50.33,50.33,1550259,50.16
2016/01/05,48.87,50.93,46.41,49.88,1953407,47.23
2016/01/06,49.60,54.67,49.59,54.67,2799700,50.09
2016/01/07,53.00,53.60,49.40,49.59,565859,49.12
2016/01/08,51.28,54.35,47.60,54.10,2636605,50.48
2016/01/11,52.99,53.75,48.89,49.90,2176874,48.86
2016/01/12,49.88,51.77,48.90,51.20,1346578,48.38
2016/01/13,51.19,51.28,46.50,48.30,1814369,47.28
2016/01/14,46.20,48.60,45.30,48.29,1822188,44.97
2016/01/15,48.10,48.10,45.40,46.00,1085776,44.68
2016/01/18,45.88,48.29,45.00,47.20,1270436,45.33
2016/01/19,47.50,50.79,47.20,49.75,1476795,46.95
2016/01/20,49.66,50.50,48.66,49.75,1192391,47.66
2016/01/21,48.81,50.55,48.60,49.01,1029391,47.67
2016/01/22,49.10,49.88,47.50,49.16,1105434,46.61
2016/01/25,49.78,51.04,49.50,49.98,1171850,48.39
2016/01/26,49.71,49.95,47.70,48.20,1234932,46.68
2016/01/27,49.00,49.00,46.25,48.00,1250222,45.41
2016/01/28,47.50,47.76,44.50,45.10,1267993,44.06
2016/01/29,45.00,46.35,43.42,45.87,1095390,43.43
2016/02/01,45.88,46.31,45.00,45.50,517862,43.68
2016/02/02,45.60,47.00,45.30,46.57,869850,44.48
2016/02/03,46.00,46.36,45.00,46.09,946795,43.60
2016/02/04,46.08,47.49,46.00,46.96,1084132,44.91
2016/02/05,47.35,47.36,46.88,47.00,767719,45.06
2016/02/15,45.90,46.85,45.39,46.85,509463,44.20
2016/02/16,46.86,48.48,46.53,48.05,1228411,45.85
2016/02/17,48.05,48.96,47.74,48.96,1200307,46.48
2016/02/18,48.97,50.19,48.50,49.50,1228409,47.23
2016/02/19,49.40,49.88,48.46,49.75,888462,46.93
2016/02/22,50.00,50.88,49.10,50.48,1390586,47.93
2016/02/23,50.20,50.40,49.30,50.01,787337,47.80
2016/02/24,49.87,50.20,48.02,49.90,1081294,47.06
2016/02/25,49.59,49.59,46.00,46.80,1268299,45.55
2016/02/26,47.07,47.48,46.50,47.17,606909,44.94
2016/02/29,47.17,47.24,43.20,44.15,1382200,42.63
2016/03/01,44.10,44.96,42.80,44.11,1312222,41.62
2016/03/02,44.00,46.20,44.00,46.00,998505,43.02
2016/03/03,45.98,46.45,45.52,45.85,800520,44.01
2016/03/04,45.84,45.90,43.68,44.50,831372,42.73
2016/03/07,44.65,45.39,44.04,44.80,952477,42.73
2016/03/08,44.99,44.99,42.50,44.70,756314,41.82
2016/03/09,44.17,44.79,43.31,44.30,646170,41.93
2016/03/10,44.00,44.44,43.60,44.29,600278,42.12
2016/03/11,44.00,45.38,43.77,45.00,872268,42.68
2016/03/14,49.30,49.30,48.00,49.30,3937493,47.03
2016/03/15,48.03,49.30,47.60,48.86,2354184,46.69
2016/03/16,49.12,49.13,45.97,46.00,4101548,44.96
2016/03/17,45.90,47.65,45.71,47.65,2739656,44.76
2016/03/18,47.25,49.50,47.25,49.29,3325251,46.66
2016/03/21,49.98,50.14,49.13,49.74,3133866,47.57
2016/03/22,49.41,53.50,49.13,52.49,3432295,49.33
2016/03/23,52.10,54.01,51.78,53.89,3354715,50.90
2016/03/24,53.50,57.90,53.20,56.22,4528852,53.98
2016/03/25,56.00,56.55,54.19,55.79,3079182,53.26
2016/03/28,56.50,59.50,56.00,57.70,5801736,56.19
2016/03/29,57.00,57.65,55.00,55.28,3164397,53.89
2016/03/30,55.99,60.61,55.50,60.61,5143516,56.75
2016/03/31,61.88,63.18,60.00,60.00,6198062,59.52
2016/04/01,59.47,62.20,58.90,61.51,3794432,58.84
2016/04/05,61.60,63.00,61.10,62.13,3494017,60.00
2016/04/06,61.36,65.00,61.36,64.07,4022079,61.23
2016/04/07,63.76,64.54,62.40,63.50,3317517,61.31
2016/04/08,62.30,63.00,59.79,61.21,3361516,59.22
2016/04/11,61.48,63.19,61.47,61.85,2274461,60.26
2016/04/12,61.50,61.99,58.00,58.78,2930015,57.22
2016/04/13,58.99,61.19,58.99,59.67,2421471,58.14
2016/04/14,60.70,60.89,59.30,60.67,1854546,58.08
2016/04/15,60.99,62.10,60.60,61.31,1861047,59.44
2016/04/18,61.22,61.23,58.98,60.50,1576288,57.88
2016/04/19,60.70,62.99,60.70,61.84,2563269,60.00
2016/04/20,61.96,62.50,57.50,58.54,2995791,57.47
2016/04/21,58.40,59.20,56.70,56.95,1565678,56.29
2016/04/22,57.85,62.45,57.48,62.45,4215672,58.72
2016/04/25,63.00,64.88,61.51,62.60,4338649,61.10
2016/04/26,62.99,63.00,59.80,61.52,3335282,58.76
2016/04/27,60.56,61.52,59.61,59.75,2832514,58.30
2016/04/28,59.20,59.20,55.90,57.85,7062685,57.55
2016/04/29,57.25,60.28,56.56,57.85,6949866,58.42
2016/05/03,57.40,58.93,55.33,58.30,7895805,57.13
2016/05/04,58.06,59.47,57.88,58.18,6417116,58.68
2016/05/05,58.00,63.76,56.80,63.76,19346401,60.28
2016/05/06,64.57,64.57,59.56,59.62,18124356,62.06
2016/05/09,58.03,58.03,53.95,54.34,11487829,55.99
2016/05/10,54.43,56.20,53.80,55.57,6502274,55.00
2016/05/11,56.17,58.15,55.00,56.38,8459156,56.57
2016/05/12,55.18,55.24,52.36,54.13,6367101,53.80
2016/05/13,54.07,54.67,52.90,53.26,4426334,53.79
2016/05/16,52.45,53.68,52.33,53.47,4023913,53.00
2016/05/17,53.47,53.92,52.75,52.93,3667251,53.34
2016/05/18,52.33,52.42,49.63,50.56,5080254,51.03
2016/05/19,50.59,51.94,50.56,50.83,3217355,51.25
2016/05/20,50.95,51.55,49.90,51.28,3434171,50.72
2016/05/23,51.22,52.45,51.04,52.00,3380246,51.75
2016/05/24,51.49,51.76,50.50,50.83,3236442,51.13
2016/05/25,51.40,51.43,50.53,50.65,2538575,50.98
2016/05/26,50.74,51.04,49.33,50.32,3126201,50.18
2016/05/27,50.32,50.68,49.93,50.20,2309530,50.30
2016/05/30,50.50,50.50,49.36,49.78,1903585,49.93
2016/05/31,49.78,51.79,49.78,51.58,5890149,50.79
2016/06/01,51.58,53.14,51.28,52.03,5317681,52.21
2016/06/02,52.24,53.05,51.88,52.33,5207675,52.46
2016/06/03,52.09,53.50,51.70,53.29,7146357,52.60
2016/06/06,53.32,53.80,52.33,52.63,4394245,53.06
2016/06/07,52.45,53.20,52.45,52.57,3930732,52.83
2016/06/08,52.69,52.84,51.40,52.00,3616831,52.12
2016/06/13,51.25,51.31,49.33,49.33,4272210,50.32
2016/06/14,49.00,49.72,48.28,48.55,3493980,49.00
2016/06/15,48.52,50.11,48.25,49.87,3735400,49.18
2016/06/16,49.66,50.05,48.70,48.79,3386793,49.38
2016/06/17,49.30,51.85,49.21,50.74,4922417,50.53
2016/06/20,50.95,51.01,49.96,50.50,2643155,50.48
2016/06/21,50.59,51.64,50.14,50.44,3270922,50.89
2016/06/22,50.74,51.76,50.50,51.61,3747262,51.13
2016/06/23,51.70,51.70,50.35,51.01,2912727,51.03
2016/06/24,50.74,51.25,48.40,49.99,3263855,49.82
2016/06/27,49.60,50.86,49.45,50.71,2568611,50.16
2016/06/28,50.29,51.49,50.23,51.34,3579086,50.86
2016/06/29,51.34,52.24,50.98,52.24,4164016,51.61
2016/06/30,52.36,52.57,51.64,51.73,3160924,52.11
2016/07/01,51.88,53.14,51.76,52.87,4726770,52.45
2016/07/04,52.30,53.80,52.00,53.50,5723225,52.90
2016/07/05,53.50,53.65,52.60,53.08,3818031,53.13
2016/07/06,52.63,54.10,52.60,54.07,4267146,53.35
2016/07/07,53.92,56.20,53.74,55.18,7299653,54.97
2016/07/08,55.03,56.14,54.43,54.79,4395965,55.29
2016/07/11,54.82,55.84,54.25,54.79,4227626,55.05
2016/07/12,54.76,55.36,54.49,55.18,4897509,54.93
2016/07/13,55.45,55.75,54.85,55.21,4590099,55.30
2016/07/14,55.00,55.06,54.40,54.58,3010146,54.73
2016/07/15,54.58,54.94,53.83,54.58,2647369,54.38
2016/07/18,54.73,54.76,53.20,53.77,2741824,53.98
2016/07/19,53.80,54.25,53.47,54.19,2198372,53.86
2016/07/20,54.16,54.40,53.95,54.22,1897749,54.18
2016/07/21,54.13,54.49,53.74,53.80,2361952,54.12
2016/07/22,53.80,53.95,52.90,52.96,2257018,53.43
2016/07/25,52.81,53.89,52.81,53.41,2330170,53.35
2016/07/26,53.20,54.76,53.20,54.64,2859500,53.98
2016/07/27,54.64,54.85,49.93,51.49,4875400,52.39
2016/07/28,51.10,51.94,50.80,51.85,2860300,51.37
2016/07/29,51.88,52.15,51.25,51.85,2138234,51.70
2016/08/01,51.76,54.31,51.13,53.05,4038723,52.72
2016/08/02,53.17,53.17,52.06,52.54,2772000,52.62
2016/08/03,52.21,52.30,51.28,51.58,3106616,51.79
2016/08/04,51.55,51.85,50.95,51.40,2184434,51.40
2016/08/05,51.40,51.70,51.13,51.40,1533154,51.42
2016/08/08,51.22,51.85,51.01,51.67,1437990,51.43
