Date, SZ002379.Open, SZ002379.High, SZ002379.Low, SZ002379.Close, SZ002379.Volume, SZ002379.Adjusted
2010/03/31,53.00,53.00,49.51,50.00,11508119,50.42
2010/04/01,49.70,55.00,49.70,53.00,9279487,53.13
2010/04/02,51.32,51.98,49.99,50.98,5456066,50.86
2010/04/06,51.00,51.38,50.00,51.22,2801692,50.61
2010/04/07,51.11,54.19,50.62,53.68,5498088,52.60
2010/04/08,53.04,53.98,51.30,51.46,3527104,52.55
2010/04/09,51.19,51.76,50.36,51.18,1944626,51.11
2010/04/12,51.17,51.99,50.65,50.90,1969723,51.20
2010/04/13,50.90,51.38,45.85,46.97,3531409,48.22
2010/04/14,46.97,46.97,45.80,46.00,1594192,46.07
2010/04/15,46.06,46.83,43.01,44.12,1969388,45.07
2010/04/16,44.11,44.80,43.02,44.26,1266872,43.81
2010/04/19,44.00,45.19,43.50,44.31,1301391,44.61
2010/04/20,44.33,44.90,41.12,43.01,1251374,42.54
2010/04/21,42.90,45.98,42.60,45.90,1586764,44.33
2010/04/22,45.30,46.65,45.13,46.32,1882262,46.20
2010/04/23,46.08,47.38,45.36,45.45,1936148,46.62
2010/04/26,45.40,46.40,44.50,44.50,1200156,44.89
2010/04/27,44.51,44.51,42.03,42.41,874887,42.68
2010/04/28,41.90,42.88,41.30,42.69,578279,42.31
2010/04/29,42.69,43.39,40.80,40.80,862031,42.07
2010/04/30,40.50,40.50,38.33,38.88,1001638,39.06
2010/05/04,38.12,39.30,38.12,39.09,472160,38.87
2010/05/05,38.80,40.59,38.60,40.40,710219,39.74
2010/05/06,40.41,40.69,38.40,38.40,746068,39.78
2010/05/07,37.60,38.86,37.00,37.16,751413,37.69
2010/05/10,37.20,37.79,35.05,35.89,812083,36.16
2010/05/11,36.45,36.93,33.54,33.98,742925,35.35
2010/05/12,33.49,34.35,33.03,33.16,735851,33.34
2010/05/13,33.09,34.65,32.78,34.49,835127,33.71
2010/05/14,34.01,34.78,33.66,34.46,593223,34.31
2010/05/17,34.00,34.18,33.08,33.20,681075,33.58
2010/05/18,33.10,34.88,33.00,34.73,1050391,34.18
2010/05/19,34.47,36.78,34.26,35.78,1526300,35.70
2010/05/20,34.47,36.78,34.26,35.78,0,35.52
2010/05/21,33.95,36.79,33.50,36.77,1321140,35.57
2010/05/24,37.04,40.44,37.00,39.00,1722253,38.74
2010/05/25,38.78,39.40,38.12,39.10,1125395,38.64
2010/05/26,38.88,39.50,38.20,38.45,703727,38.64
2010/05/27,38.40,39.69,37.50,39.40,1112802,38.84
2010/05/28,40.00,40.16,38.50,39.32,1346309,39.41
2010/05/31,39.29,39.29,36.80,36.80,902156,38.07
2010/06/01,36.53,37.14,34.81,35.50,1006874,35.73
2010/06/02,35.00,36.20,34.91,36.13,481202,35.65
2010/06/03,36.41,37.58,36.13,37.15,1019501,36.92
2010/06/04,36.78,38.58,36.51,38.40,818094,37.57
2010/06/07,37.51,39.43,37.38,39.18,1045884,38.81
2010/06/08,39.02,39.99,38.31,39.12,847426,39.21
2010/06/09,39.49,41.10,39.49,40.98,2523408,40.55
2010/06/10,41.60,42.66,39.00,41.50,2614611,41.43
2010/06/11,41.99,42.54,40.84,42.08,2299473,41.81
2010/06/17,42.36,42.36,39.74,39.78,1205703,40.78
2010/06/18,39.30,39.90,37.08,37.17,873091,38.35
2010/06/21,36.81,39.00,36.51,38.86,576368,38.00
2010/06/22,38.86,39.30,38.60,38.91,475109,38.97
2010/06/23,38.70,39.25,37.79,38.30,583645,38.26
2010/06/24,38.30,39.86,38.29,39.50,767026,39.18
2010/06/25,39.60,39.61,38.40,38.55,376346,38.84
2010/06/28,38.81,39.59,38.61,38.80,600786,39.13
2010/06/29,38.49,39.30,36.50,36.50,729871,37.48
2010/06/30,34.50,35.40,32.98,34.50,1935318,34.03
2010/07/01,34.40,34.40,33.27,33.70,1797760,33.66
2010/07/02,33.33,34.60,32.78,34.34,1218823,33.72
2010/07/05,33.66,34.34,33.00,33.98,788104,33.71
2010/07/06,33.83,35.68,33.77,35.52,1361534,34.90
2010/07/07,35.48,35.88,34.70,35.16,1082475,35.12
2010/07/08,35.51,35.86,34.90,35.62,1061787,35.46
2010/07/09,35.51,36.40,34.60,35.96,1753557,35.64
2010/07/12,36.30,36.88,35.96,36.00,1442639,36.42
2010/07/13,35.95,35.95,34.75,35.08,1073407,35.16
2010/07/14,35.19,35.99,34.97,35.33,1056238,35.50
2010/07/15,35.20,35.30,34.18,34.20,901782,34.69
2010/07/16,33.99,34.83,33.53,34.61,610246,34.17
2010/07/19,34.18,35.75,34.18,35.56,1015239,35.23
2010/07/20,35.78,36.57,35.35,36.47,1395682,36.00
2010/07/21,36.45,37.10,36.21,36.30,1592554,36.54
2010/07/22,36.30,36.70,36.03,36.53,1019467,36.41
2010/07/23,36.53,36.75,35.89,36.30,929289,36.28
2010/07/26,36.36,37.38,36.36,36.85,1293213,36.94
2010/07/27,36.80,36.97,36.40,36.60,797393,36.69
2010/07/28,36.51,37.28,36.50,37.27,997603,37.01
2010/07/29,37.30,37.50,36.70,37.14,1215363,37.06
2010/07/30,37.14,38.29,37.10,37.90,1656490,37.83
2010/08/02,37.81,38.63,37.62,38.53,1202535,38.25
2010/08/03,38.64,38.78,37.58,37.58,1186623,38.06
2010/08/04,37.58,37.78,36.90,37.75,977559,37.29
2010/08/05,37.70,38.25,37.50,37.80,766934,37.89
2010/08/06,37.75,38.85,37.52,38.70,1110634,38.22
2010/08/09,38.60,39.25,38.50,39.15,1082092,38.88
2010/08/10,39.15,39.39,37.50,37.50,1350354,38.38
2010/08/11,37.58,38.28,37.50,37.83,957437,37.92
2010/08/12,37.59,38.18,37.35,37.69,795203,37.87
2010/08/13,37.42,38.80,37.42,38.59,978196,38.29
2010/08/16,38.58,39.49,38.40,39.38,1351665,39.11
2010/08/17,39.25,39.50,38.85,39.44,1241980,39.25
2010/08/18,38.60,38.70,37.88,38.49,2849613,38.29
2010/08/19,38.18,38.54,37.91,38.24,1421945,38.23
2010/08/20,38.25,38.38,36.70,36.74,1686849,37.43
2010/08/23,36.81,37.14,36.30,36.41,873094,36.61
2010/08/24,36.41,37.03,36.35,36.76,620324,36.76
2010/08/25,40.00,40.00,37.40,37.40,2780849,38.68
2010/08/26,37.76,41.14,37.70,41.14,2561043,40.08
2010/08/27,42.94,42.94,40.20,40.36,3584623,41.43
2010/08/30,41.90,44.40,41.90,44.40,6539279,44.04
2010/08/31,43.50,45.80,43.40,45.11,5128929,44.66
2010/09/01,44.83,44.91,43.10,43.85,2822533,44.02
2010/09/02,44.48,44.50,43.21,44.13,2003374,43.98
2010/09/03,43.98,45.77,43.00,44.87,2229042,44.15
2010/09/06,44.60,44.66,42.66,43.26,1565288,43.62
2010/09/07,43.01,43.68,42.90,43.55,803671,43.40
2010/09/08,43.55,44.50,42.80,44.30,1621074,43.49
2010/09/09,44.20,44.55,42.98,43.00,1235631,43.59
2010/09/10,44.20,44.55,42.98,43.00,0,43.76
2010/09/13,43.16,43.96,42.20,42.86,1112908,42.89
2010/09/14,43.06,43.69,42.99,43.10,828382,43.28
2010/09/15,42.38,43.10,41.00,41.27,1400530,42.04
2010/09/16,41.04,41.90,39.61,39.99,903240,40.29
2010/09/17,40.00,40.88,39.70,40.60,600138,40.36
2010/09/20,40.49,40.66,38.80,39.56,670326,39.75
2010/09/21,39.56,39.94,39.36,39.56,331955,39.64
2010/09/27,39.80,40.99,39.70,40.69,805425,40.61
2010/09/28,40.72,40.91,39.65,39.70,557111,40.17
2010/09/29,40.72,40.91,39.65,39.70,0,40.28
2010/09/30,38.95,39.89,38.70,39.74,622114,39.47
2010/10/08,40.03,41.98,40.03,41.50,877032,41.44
2010/10/11,41.88,42.98,41.07,41.16,1073060,41.84
2010/10/12,41.21,42.68,41.21,42.22,959024,42.09
2010/10/13,42.08,42.08,40.39,40.71,930223,41.05
2010/10/14,40.59,40.80,39.40,39.43,1091808,39.80
2010/10/15,39.50,40.33,39.21,39.32,780083,39.66
2010/10/18,39.04,39.06,37.10,37.39,997715,37.57
2010/10/19,37.51,38.98,37.51,38.91,644428,38.52
2010/10/20,37.80,39.10,37.31,38.80,937106,38.43
2010/10/21,38.80,39.48,38.52,39.05,803138,39.04
2010/10/22,39.06,39.58,38.11,39.13,855766,38.98
2010/10/25,39.00,40.70,38.90,40.45,1157396,40.18
2010/10/26,40.40,41.49,39.80,40.34,1045301,40.56
2010/10/27,40.44,41.39,39.91,39.91,846978,40.52
2010/10/28,39.86,39.86,38.91,39.18,794900,39.18
2010/10/29,39.30,40.80,39.10,40.80,974761,39.88
2010/11/01,41.00,42.48,40.93,41.60,1494185,41.82
2010/11/02,41.80,43.00,40.82,42.28,1979617,42.00
2010/11/03,41.99,42.24,40.10,40.10,1073252,41.15
2010/11/04,40.00,41.00,39.51,40.57,668533,40.31
2010/11/05,41.18,41.39,40.20,40.35,812741,40.49
2010/11/08,40.45,41.50,39.52,41.47,1298990,40.56
2010/11/09,41.19,41.38,40.85,41.15,828173,41.03
2010/11/10,41.02,42.50,41.01,41.95,1468789,41.90
2010/11/11,41.96,42.71,41.02,41.14,1813179,42.19
2010/11/12,41.96,42.71,41.02,41.14,0,41.87
2010/11/15,38.81,40.48,38.81,40.16,1101640,39.50
2010/11/16,40.09,41.00,38.89,39.00,976941,40.01
2010/11/17,38.71,39.76,36.81,37.22,730735,38.37
2010/11/18,37.60,37.98,37.00,37.80,523157,37.39
2010/11/19,37.85,39.10,37.85,39.08,667509,38.43
2010/11/22,39.00,40.16,39.00,39.67,856855,39.62
2010/11/23,39.70,39.90,37.97,38.60,787726,38.52
2010/11/24,38.49,39.53,38.10,39.44,653654,39.17
2010/11/25,39.60,40.30,39.38,39.97,616522,39.90
2010/11/26,39.98,40.10,39.12,39.56,527125,39.62
2010/11/29,39.20,40.48,39.20,40.29,765100,40.09
2010/11/30,40.18,40.66,38.00,39.25,675731,39.37
2010/12/01,39.12,39.58,38.67,39.14,319854,39.04
2010/12/02,39.50,40.48,39.33,39.94,799418,40.07
2010/12/03,39.91,40.72,39.90,40.44,734067,40.34
2010/12/06,40.50,40.61,39.00,39.04,580487,39.49
2010/12/07,39.00,39.28,38.35,39.21,327036,38.88
2010/12/08,39.21,39.43,38.60,38.68,276801,38.97
2010/12/09,38.62,38.80,37.80,37.81,378074,38.28
2010/12/10,37.83,38.66,37.83,38.49,206005,38.40
2010/12/13,38.97,39.39,38.63,39.30,565099,39.06
2010/12/14,39.45,39.59,39.05,39.52,508585,39.32
2010/12/15,39.52,39.96,39.32,39.38,641329,39.56
2010/12/16,39.25,39.60,39.20,39.48,436137,39.46
2010/12/17,39.49,40.67,39.41,40.30,905181,40.25
2010/12/20,40.47,40.47,38.55,39.29,744463,39.51
2010/12/21,39.29,39.85,39.00,39.78,391978,39.55
2010/12/22,39.78,40.49,39.52,40.01,670195,40.16
2010/12/23,40.01,41.05,39.80,40.32,1102812,40.59
2010/12/24,39.81,39.99,38.50,38.71,604122,38.94
2010/12/27,38.21,39.28,37.51,37.60,533473,38.36
2010/12/28,37.55,38.00,37.40,37.55,255405,37.64
2010/12/29,37.74,38.38,37.55,38.26,153053,37.95
2010/12/30,38.15,38.26,37.63,37.93,265309,37.93
2010/12/31,38.38,38.88,37.93,38.47,264916,38.31
2011/01/04,38.47,39.52,38.19,39.48,630765,39.05
2011/01/05,39.60,39.60,38.89,39.15,374901,39.08
2011/01/06,38.89,39.50,38.86,39.02,352556,39.12
2011/01/07,39.02,40.60,39.01,39.11,933149,39.72
2011/01/10,39.08,39.98,38.62,38.96,501568,39.54
2011/01/11,38.32,38.90,38.03,38.15,351361,38.32
2011/01/12,38.13,38.58,37.85,38.31,221295,38.16
2011/01/13,38.74,38.74,38.04,38.25,174151,38.29
2011/01/14,38.25,38.29,37.25,37.25,305900,37.63
2011/01/17,37.39,37.50,36.34,36.65,277508,36.97
2011/01/18,36.65,37.28,36.65,36.91,110507,36.94
2011/01/19,36.82,37.61,36.82,37.61,120345,37.26
2011/01/20,37.40,38.40,37.40,37.54,315272,37.90
2011/01/21,37.40,38.40,37.40,37.54,0,37.90
2011/01/24,37.40,38.18,36.00,36.10,230431,36.71
2011/01/25,35.60,36.00,34.14,34.16,310470,34.66
2011/01/26,34.50,34.80,34.00,34.51,151380,34.30
2011/01/27,34.35,35.10,34.02,34.81,155549,34.71
2011/01/28,34.98,35.00,34.56,34.90,127413,34.81
2011/01/31,34.91,35.77,34.91,35.16,185790,35.14
2011/02/01,35.05,35.45,35.01,35.33,153108,35.24
2011/02/09,34.60,35.42,34.60,34.91,232338,35.00
2011/02/10,34.89,35.91,34.74,35.91,227680,35.35
2011/02/11,35.78,39.26,35.78,38.90,767477,37.78
2011/02/14,38.68,39.09,37.60,38.69,994979,38.29
2011/02/15,38.50,39.30,38.00,38.70,665153,38.80
2011/02/16,38.68,39.06,38.41,39.00,419407,38.79
2011/02/17,39.11,40.35,39.05,39.75,1135024,39.96
2011/02/18,39.76,40.05,38.50,38.80,643696,39.22
2011/02/21,38.38,39.06,38.29,39.06,459394,38.60
2011/02/22,39.20,39.30,37.30,37.50,526106,37.98
2011/02/23,37.35,37.96,36.99,37.55,453038,37.27
2011/02/24,37.50,37.97,37.10,37.50,278894,37.53
2011/02/25,37.50,38.15,37.31,37.83,352419,37.78
2011/02/28,37.81,39.00,37.61,38.80,322134,38.10
2011/03/01,39.15,39.15,38.20,38.31,316669,38.43
2011/03/02,38.20,38.20,37.20,37.98,198099,37.79
2011/03/03,37.60,37.98,37.34,37.94,343334,37.54
2011/03/04,37.50,37.98,37.28,37.90,203851,37.65
2011/03/07,37.92,40.89,37.66,40.25,687709,38.93
2011/03/08,39.66,39.66,38.95,39.18,904896,39.18
2011/03/09,39.13,39.40,38.58,38.79,285237,38.82
2011/03/10,38.75,38.95,38.60,38.71,359398,38.77
2011/03/11,38.71,39.15,38.61,38.70,292581,38.85
2011/03/14,38.57,38.71,38.11,38.45,268273,38.35
2011/03/15,38.31,38.73,37.90,37.96,319680,38.21
2011/03/16,37.96,38.66,37.88,38.46,295596,38.18
2011/03/17,38.40,38.40,37.20,37.25,297414,37.78
2011/03/18,37.35,37.90,37.32,37.70,163433,37.57
2011/03/21,37.70,37.70,37.26,37.39,157028,37.47
2011/03/22,37.14,37.92,37.14,37.47,141219,37.46
2011/03/23,37.30,38.47,37.30,38.27,269184,38.04
2011/03/24,38.28,38.88,38.16,38.27,344061,38.65
2011/03/25,38.31,38.68,38.10,38.19,265661,38.23
2011/03/28,38.10,38.79,38.10,38.39,354826,38.33
2011/03/29,38.06,38.39,36.56,36.70,496029,37.20
2011/03/30,36.70,36.94,35.36,35.80,525276,35.82
2011/03/31,35.82,36.19,35.82,36.08,237025,35.99
2011/04/01,36.08,36.58,35.82,36.58,194218,36.21
2011/04/06,36.58,36.90,36.18,36.70,193157,36.60
2011/04/07,36.69,37.82,36.58,37.60,399519,37.43
2011/04/08,37.79,39.77,37.79,38.78,1220572,38.97
2011/04/11,38.51,39.16,37.82,38.17,469819,38.34
2011/04/12,38.30,38.55,37.50,37.57,301564,37.99
2011/04/13,37.46,37.85,37.23,37.74,168204,37.45
2011/04/14,37.70,37.93,37.50,37.61,168347,37.68
2011/04/15,37.88,37.88,37.03,37.16,189841,37.31
2011/04/18,37.30,37.30,36.49,36.65,234591,36.75
2011/04/19,36.66,37.18,36.30,36.80,267100,36.74
2011/04/20,36.80,37.28,36.66,37.00,237905,36.96
2011/04/21,37.00,37.19,36.74,36.91,284456,36.93
2011/04/22,36.90,37.08,36.31,36.52,293970,36.55
2011/04/25,36.53,36.65,36.00,36.05,233244,36.17
2011/04/26,36.28,36.28,35.38,35.77,192258,35.74
2011/04/27,36.36,36.36,35.66,35.79,188609,35.89
2011/04/28,36.36,36.36,35.66,35.79,0,36.01
2011/04/29,32.69,34.89,32.51,34.52,326903,33.89
2011/05/03,34.40,35.20,33.85,34.52,93610,34.43
2011/05/04,34.51,34.51,33.60,33.60,147451,33.96
2011/05/05,33.59,33.87,33.00,33.56,67599,33.65
2011/05/06,33.30,33.59,33.01,33.40,141295,33.20
2011/05/09,34.20,34.20,33.32,33.78,95080,33.67
2011/05/10,33.33,34.25,33.33,34.25,140661,33.97
2011/05/11,34.01,34.40,33.80,33.82,128001,33.95
2011/05/12,34.01,34.40,33.80,33.82,0,34.10
2011/05/13,33.50,33.80,33.18,33.55,150194,33.40
2011/05/16,33.80,33.81,33.33,33.60,282369,33.49
2011/05/17,33.23,35.01,33.23,34.78,354236,34.27
2011/05/18,34.78,35.15,34.03,34.28,177590,34.47
2011/05/19,34.28,34.64,34.00,34.01,96174,34.34
2011/05/20,34.00,34.17,33.60,33.66,102479,33.77
2011/05/23,33.56,33.92,31.98,32.12,261590,32.56
2011/05/24,32.00,32.00,30.50,31.77,251670,31.16
2011/05/25,32.10,32.10,30.00,30.80,371513,30.85
2011/05/26,30.80,31.47,29.00,29.14,392195,30.01
2011/05/27,29.50,29.50,28.22,28.95,340382,28.89
2011/05/30,29.00,31.42,28.55,30.79,485762,30.59
2011/05/31,30.79,31.40,29.88,30.61,286784,30.54
2011/06/01,30.10,30.66,29.10,30.28,382962,29.88
2011/06/02,29.90,30.26,29.12,29.12,344602,29.69
2011/06/03,29.30,29.68,28.84,29.58,245284,29.26
2011/06/07,29.60,29.80,29.06,29.10,572160,29.43
2011/06/08,29.10,29.60,29.04,29.38,805746,29.32
2011/06/09,29.50,32.08,29.40,30.78,1625080,30.74
2011/06/10,30.12,30.88,29.74,30.40,754096,30.31
2011/06/13,30.30,30.70,29.80,30.44,601347,30.25
2011/06/14,30.46,31.10,30.46,30.82,654721,30.78
2011/06/15,31.10,31.10,30.10,30.30,545781,30.60
2011/06/16,29.60,30.02,28.70,29.10,552008,29.36
2011/06/17,29.08,29.50,28.02,28.50,496700,28.76
2011/06/20,27.54,28.80,27.12,27.86,225467,27.96
2011/06/21,28.10,28.26,27.74,28.18,207282,28.00
2011/06/22,28.50,28.50,27.90,28.50,217824,28.20
2011/06/23,28.50,28.98,27.32,28.82,527673,28.15
2011/06/24,28.50,29.58,28.40,29.46,786005,28.99
2011/06/27,29.48,30.10,29.02,29.66,647881,29.56
2011/06/28,30.00,32.62,29.68,32.62,4508974,31.15
2011/06/29,33.70,33.96,32.70,32.98,6073595,33.33
2011/06/30,32.70,32.70,31.66,32.48,2477042,32.18
2011/07/01,32.38,32.50,31.86,31.98,1820467,32.18
2011/07/04,32.14,32.90,31.86,32.46,1788581,32.38
2011/07/05,32.50,32.88,31.88,32.28,1404642,32.38
2011/07/06,32.24,32.70,31.72,32.66,1663114,32.21
2011/07/07,32.46,33.90,32.16,33.40,2782030,33.03
2011/07/08,33.36,33.70,32.84,33.02,1518780,33.27
2011/07/11,32.86,33.06,31.86,32.74,1025518,32.46
2011/07/12,32.50,32.50,31.46,32.00,847647,31.98
2011/07/13,31.90,33.06,31.82,32.82,1020131,32.44
2011/07/14,32.82,33.12,32.28,32.44,1437438,32.70
2011/07/15,32.82,33.12,32.28,32.44,0,32.70
2011/07/18,32.50,33.36,32.14,32.58,1680673,32.75
2011/07/19,32.58,32.74,31.50,32.06,1601433,32.12
2011/07/20,32.60,32.68,31.82,32.58,1050024,32.25
2011/07/21,33.08,33.10,31.00,31.10,1660627,32.05
2011/07/22,31.38,31.70,30.10,30.42,1484231,30.90
2011/07/25,30.46,30.46,28.00,28.14,1567297,29.23
2011/07/26,28.18,28.70,28.00,28.52,575580,28.35
2011/07/27,28.64,30.40,28.22,29.68,1060308,29.31
2011/07/28,29.40,29.54,28.90,29.26,641047,29.22
2011/07/29,29.30,29.52,28.56,28.88,567630,29.04
2011/08/01,28.26,29.70,28.26,29.36,802897,28.98
2011/08/02,29.36,29.70,27.70,29.40,1200581,28.70
2011/08/03,29.00,30.90,29.00,30.08,1434033,29.95
2011/08/04,30.10,30.40,29.50,29.80,699487,29.95
2011/08/05,28.42,29.22,28.10,28.82,621754,28.66
2011/08/08,28.26,28.50,26.00,26.46,1184801,27.25
2011/08/09,25.70,26.02,24.16,25.72,976824,25.09
2011/08/10,26.30,26.58,25.12,25.70,1340289,25.85
2011/08/11,25.00,25.98,24.50,25.86,900825,25.24
2011/08/12,26.34,26.52,25.96,26.34,893255,26.24
2011/08/15,26.46,27.08,26.30,27.00,1135046,26.69
2011/08/16,27.00,27.18,26.46,26.64,712908,26.82
2011/08/17,26.78,27.10,26.48,27.02,947939,26.79
2011/08/18,26.78,26.96,26.04,26.06,627112,26.50
2011/08/19,25.50,25.76,24.56,24.96,1017811,25.16
2011/08/22,25.50,25.76,24.56,24.96,0,25.16
2011/08/23,24.94,27.30,24.86,26.76,1727049,26.08
2011/08/24,26.48,27.02,26.28,26.34,1070767,26.65
2011/08/25,26.34,27.00,26.26,26.90,993170,26.63
2011/08/26,26.82,27.54,26.70,27.50,1271061,27.12
2011/08/29,27.30,27.32,26.76,26.80,875954,27.04
2011/08/30,27.30,27.44,26.70,27.00,1092923,27.07
2011/08/31,27.18,27.18,25.74,25.86,1020262,26.46
2011/09/01,25.92,26.30,25.46,25.72,637224,25.88
2011/09/02,25.70,26.18,25.50,25.90,548627,25.84
2011/09/05,25.90,25.90,25.10,25.14,463235,25.50
2011/09/06,25.04,25.40,24.50,24.88,315358,24.95
2011/09/07,25.12,25.82,24.94,25.76,529604,25.38
2011/09/08,25.62,28.06,25.62,26.46,1518073,26.84
2011/09/09,26.72,27.00,25.86,26.04,791965,26.43
2011/09/13,25.78,25.78,25.00,25.12,619339,25.39
2011/09/14,25.30,25.60,24.94,25.52,509462,25.27
2011/09/15,25.60,26.04,25.46,25.52,448287,25.75
2011/09/16,25.76,25.90,25.46,25.56,377835,25.68
2011/09/19,25.42,25.46,25.10,25.20,267027,25.28
2011/09/20,24.98,25.70,24.96,25.66,317766,25.33
2011/09/21,25.60,26.44,25.42,26.42,666849,25.93
2011/09/22,26.12,26.28,25.12,25.48,573551,25.70
2011/09/23,24.82,25.46,24.82,25.36,291239,25.14
2011/09/26,25.00,25.84,25.00,25.22,245156,25.42
2011/09/27,25.32,25.70,25.16,25.32,338154,25.43
2011/09/28,25.54,25.74,24.80,24.82,326090,25.27
2011/09/29,24.82,24.82,23.12,23.18,523758,23.97
2011/09/30,23.30,23.70,23.08,23.46,259255,23.39
2011/10/10,23.64,23.76,23.10,23.20,225196,23.43
2011/10/11,23.86,23.88,23.08,23.22,297886,23.48
2011/10/12,23.10,23.94,22.56,23.84,570055,23.25
2011/10/13,23.80,24.50,23.50,24.14,1528233,24.00
2011/10/14,24.04,24.04,23.54,23.78,702484,23.79
2011/10/17,23.88,23.94,23.40,23.46,782377,23.67
2011/10/18,23.46,23.46,22.58,22.64,704321,23.02
2011/10/19,22.90,22.90,22.34,22.46,485513,22.62
2011/10/20,22.34,22.48,21.10,21.20,801049,21.79
2011/10/21,21.40,21.40,20.46,20.52,545199,20.93
2011/10/24,20.80,21.24,20.38,21.18,848588,20.81
2011/10/25,21.08,21.90,20.98,21.62,691077,21.44
2011/10/26,21.48,22.08,21.22,21.76,704846,21.65
2011/10/27,21.66,21.90,21.50,21.74,553646,21.70
2011/10/28,22.02,22.40,21.90,22.30,977446,22.15
2011/10/31,22.36,22.60,22.14,22.60,827384,22.37
2011/11/01,22.18,22.76,22.12,22.48,941910,22.44
2011/11/02,22.10,23.10,21.78,23.02,1320854,22.44
2011/11/03,22.98,24.08,22.98,23.38,2038735,23.53
2011/11/04,23.46,25.70,23.44,25.70,2057196,24.57
2011/11/07,26.30,28.26,26.16,27.90,10726951,27.21
2011/11/08,27.40,27.40,26.10,26.28,5212202,26.75
2011/11/09,26.20,26.96,25.72,26.74,3625580,26.34
2011/11/10,26.14,26.90,26.02,26.32,2988901,26.46
2011/11/11,26.32,27.28,26.32,26.88,3549448,26.80
2011/11/14,27.08,27.88,26.42,27.42,3744503,27.15
2011/11/15,27.30,27.50,26.70,27.20,2552556,27.10
2011/11/16,27.10,27.14,25.50,25.66,2223816,26.32
2011/11/17,27.10,27.14,25.50,25.66,0,26.32
2011/11/18,25.00,25.40,24.06,24.66,2113602,24.73
2011/11/21,24.54,25.16,24.18,25.12,1406419,24.67
2011/11/22,24.46,25.08,24.26,24.96,959035,24.67
2011/11/23,24.96,25.20,24.50,24.60,683551,24.85
2011/11/24,24.50,24.50,23.42,23.86,1152266,23.96
2011/11/25,23.56,24.20,23.44,23.44,765881,23.82
2011/11/28,23.30,23.72,22.82,23.34,766483,23.27
2011/11/29,23.58,25.66,23.42,25.66,1893004,24.54
2011/11/30,26.00,26.68,24.44,26.38,6354995,25.56
2011/12/01,27.10,28.00,26.30,26.90,7092164,27.15
2011/12/02,26.44,27.46,25.80,26.96,4062740,26.63
2011/12/05,26.58,26.86,24.44,24.54,2632550,25.65
2011/12/06,24.14,24.14,22.44,23.14,2497289,23.29
2011/12/07,23.02,25.44,22.70,25.44,2705670,24.07
2011/12/08,25.98,27.08,25.50,26.70,6720406,26.29
2011/12/09,26.34,27.26,26.10,26.50,5081688,26.68
2011/12/12,26.26,27.64,26.16,26.90,5994324,26.90
2011/12/13,26.34,26.80,24.60,25.66,3885199,25.70
2011/12/14,25.52,28.22,25.52,28.22,7314687,26.87
2011/12/15,28.42,29.78,27.12,27.44,15827894,28.45
2011/12/16,26.70,30.18,26.16,30.18,12669590,28.17
2011/12/19,30.30,33.18,29.30,32.24,14344078,31.24
2011/12/20,31.44,32.46,30.52,31.08,9309331,31.49
2011/12/21,31.12,31.78,29.74,29.90,7669937,30.76
2011/12/22,29.20,32.00,27.80,31.08,10181537,29.90
2011/12/23,30.10,31.08,29.70,30.28,6608884,30.39
2011/12/26,29.94,31.68,28.82,28.90,6194116,30.25
2011/12/27,28.12,28.68,26.02,26.14,6976535,27.35
2011/12/28,25.40,26.48,23.84,26.40,6402434,25.16
2011/12/29,25.70,27.06,25.70,25.70,5146985,26.38
2011/12/30,25.62,26.84,25.38,26.40,4760022,26.11
2012/01/04,26.70,28.28,26.52,26.70,5899123,27.40
2012/01/05,25.96,27.72,25.42,26.74,5625472,26.57
2012/01/06,26.14,27.70,25.70,27.64,5273414,26.70
2012/01/09,27.76,30.08,27.32,29.54,7897610,28.70
2012/01/10,29.36,30.88,29.04,30.26,8115944,29.96
2012/01/11,30.00,31.08,29.54,30.48,6687452,30.31
2012/01/12,30.10,30.86,29.70,29.92,5110563,30.28
2012/01/13,29.34,29.78,28.40,29.10,4381876,29.09
2012/01/16,28.88,31.00,28.20,30.14,6992427,29.60
2012/01/17,29.94,33.14,29.08,32.86,10058642,31.11
2012/01/18,33.04,34.70,31.10,31.62,9949579,32.90
2012/01/19,31.10,32.00,30.30,31.18,4482353,31.15
2012/01/20,30.92,31.18,28.10,28.10,7668083,29.64
2012/01/30,30.92,31.18,28.10,28.10,0,29.64
2012/01/31,27.50,29.46,26.70,29.46,6045494,28.08
2012/02/01,28.66,29.42,28.26,28.68,3849219,28.84
2012/02/02,28.28,29.28,28.28,29.28,3375819,28.78
2012/02/03,29.36,29.68,28.50,29.36,6049062,29.09
2012/02/06,29.56,32.10,29.56,31.10,9199224,30.83
2012/02/07,30.66,31.80,30.46,31.58,8199208,31.13
2012/02/08,31.60,33.10,30.90,32.42,7986034,32.00
2012/02/09,32.16,32.88,31.58,31.82,7672424,32.23
2012/02/10,31.66,32.28,31.10,31.78,5436544,31.69
2012/02/13,31.40,34.68,31.38,32.94,9566398,33.03
2012/02/14,32.70,33.86,32.14,33.54,6815965,33.00
2012/02/15,33.38,33.90,32.90,33.58,6184483,33.40
2012/02/16,33.22,33.58,32.14,32.50,6201677,32.86
2012/02/17,32.50,33.86,32.00,33.22,7639694,32.93
2012/02/20,33.32,33.68,32.60,32.64,5859473,33.14
2012/02/21,32.34,32.70,31.54,32.68,5113959,32.12
2012/02/22,32.48,33.08,32.16,32.88,5089467,32.62
2012/02/23,33.10,34.70,33.10,33.52,9137770,33.90
2012/02/24,33.28,33.52,32.32,33.14,6015916,32.92
2012/02/27,33.10,33.94,32.76,32.78,6140511,33.35
2012/02/28,32.42,32.76,31.40,31.70,5115685,32.08
2012/02/29,31.84,32.46,31.68,31.72,3695726,32.07
2012/03/01,31.62,32.24,31.12,31.96,2782293,31.68
2012/03/02,32.10,32.60,32.10,32.50,3282287,32.35
2012/03/05,32.60,32.78,32.10,32.16,3087710,32.44
2012/03/06,32.08,32.08,31.02,31.10,3627046,31.55
2012/03/07,30.76,32.06,30.28,31.60,3582492,31.17
2012/03/08,32.10,32.20,31.68,32.00,2131791,31.94
2012/03/09,32.24,32.24,31.46,32.08,2542939,31.85
2012/03/12,32.26,33.68,31.94,33.26,6820453,32.81
2012/03/13,33.10,33.44,32.52,33.42,4249344,32.98
2012/03/14,33.42,33.62,30.14,30.74,6082469,31.88
2012/03/15,30.70,31.20,29.00,29.50,4078159,30.10
2012/03/16,29.46,30.08,29.10,29.88,2897663,29.59
2012/03/19,29.90,30.10,29.30,30.10,2716593,29.70
2012/03/20,30.10,30.10,28.64,28.66,2584517,29.37
2012/03/21,28.66,29.76,28.66,29.60,3142665,29.21
2012/03/22,29.66,29.66,28.96,29.10,1751489,29.31
2012/03/23,29.00,29.60,28.86,29.10,1781367,29.23
2012/03/26,29.22,29.50,28.76,29.30,1110176,29.13
2012/03/27,29.56,29.84,29.38,29.84,1998614,29.61
2012/03/28,29.84,29.86,27.70,28.00,2217863,28.78
2012/03/29,27.72,27.98,25.22,25.46,3705475,26.60
2012/03/30,25.26,25.66,24.40,24.74,2031438,25.03
2012/04/05,24.70,25.50,23.66,25.48,2551711,24.58
2012/04/06,25.40,25.66,24.92,25.28,1980086,25.29
2012/04/09,25.20,25.30,24.14,24.24,1580462,24.72
2012/04/10,24.08,24.70,23.10,24.70,2215803,23.90
2012/04/11,24.18,24.80,23.86,24.34,1412757,24.33
2012/04/12,24.50,25.20,24.22,25.02,2382094,24.71
2012/04/13,24.92,26.10,24.92,25.86,2908665,25.51
2012/04/16,25.64,26.06,25.40,25.70,1633747,25.73
2012/04/17,25.40,25.80,24.94,24.94,1792707,25.37
2012/04/18,24.94,25.92,24.86,25.80,1843911,25.39
2012/04/19,25.66,25.78,25.20,25.36,1353449,25.49
2012/04/20,25.10,25.78,25.10,25.46,1970526,25.44
2012/04/23,25.36,25.62,23.48,23.64,3418081,24.55
2012/04/24,23.62,24.10,22.70,23.30,2046994,23.40
2012/04/25,23.30,23.70,22.90,23.42,1607261,23.30
2012/04/26,23.60,24.80,23.32,24.36,2387935,24.06
2012/04/27,24.14,24.24,23.62,23.64,1352740,23.93
2012/05/02,24.26,24.48,23.76,24.08,1680362,24.12
2012/05/03,24.26,24.48,23.76,24.08,0,24.12
2012/05/04,24.00,24.78,23.92,24.38,1406553,24.35
2012/05/07,24.30,24.30,23.76,24.10,1593464,24.03
2012/05/08,24.04,24.56,23.50,24.48,1984502,24.03
2012/05/09,24.38,24.38,23.76,23.90,1242977,24.07
2012/05/10,23.80,24.08,23.58,23.86,1196928,23.83
2012/05/11,23.86,24.00,23.58,23.62,1015902,23.79
2012/05/14,23.80,23.88,23.40,23.42,965256,23.64
2012/05/15,23.30,23.30,22.62,23.00,1376656,22.96
2012/05/16,22.92,22.92,22.60,22.60,1002719,22.76
2012/05/17,22.56,23.10,22.54,23.04,999139,22.82
2012/05/18,23.02,23.44,22.76,23.26,1331045,23.10
2012/05/21,23.26,23.70,23.08,23.38,1231903,23.39
2012/05/22,23.36,23.70,23.26,23.42,968555,23.48
2012/05/23,23.30,23.50,22.68,22.82,1157012,23.09
2012/05/24,22.80,23.10,22.72,22.86,636343,22.91
2012/05/25,22.88,22.92,22.14,22.32,821183,22.53
2012/05/28,22.32,22.54,21.50,22.52,1054964,22.02
2012/05/29,22.66,23.38,22.34,23.22,1658200,22.86
2012/05/30,23.06,23.94,22.90,23.68,2219607,23.42
2012/05/31,23.70,23.78,23.14,23.38,1435535,23.46
2012/06/01,23.60,24.76,23.30,24.30,3708083,24.03
2012/06/04,23.86,24.68,22.76,23.10,2825396,23.72
2012/06/05,22.84,23.10,22.32,22.52,1425653,22.71
2012/06/06,22.52,23.12,22.50,22.68,730944,22.81
2012/06/07,23.00,23.30,22.40,22.70,833668,22.85
2012/06/08,23.02,23.02,22.34,22.48,1031889,22.68
2012/06/11,22.30,22.80,22.30,22.80,833027,22.55
2012/06/12,22.72,22.72,22.24,22.28,734995,22.48
2012/06/13,22.48,22.70,22.20,22.66,831427,22.45
2012/06/14,22.56,22.78,22.40,22.42,764815,22.59
2012/06/15,22.54,23.30,22.40,23.30,2473275,22.85
2012/06/18,23.50,23.66,22.98,23.22,1599978,23.32
2012/06/19,23.10,23.16,22.72,22.78,1125329,22.94
2012/06/20,22.76,23.22,22.70,22.84,925277,22.96
2012/06/21,22.72,22.98,22.26,22.34,996830,22.62
2012/06/25,22.30,22.30,21.10,21.10,1082639,21.70
2012/06/26,21.10,21.18,20.54,21.14,944726,20.86
2012/06/27,21.20,21.30,20.60,20.70,677879,20.95
2012/06/28,20.90,20.90,20.44,20.44,670223,20.67
2012/06/29,20.10,21.20,20.02,20.82,710509,20.61
2012/07/02,20.98,21.66,20.80,21.00,683375,21.23
2012/07/03,21.20,21.30,20.50,20.72,725423,20.90
2012/07/04,20.76,21.04,20.50,20.84,679675,20.77
2012/07/05,20.82,20.82,19.86,20.10,816907,20.34
2012/07/06,20.26,20.70,19.96,20.60,968865,20.33
2012/07/09,20.30,20.66,20.04,20.12,793369,20.35
2012/07/10,20.00,20.30,19.90,20.16,481331,20.10
2012/07/11,20.12,20.36,19.72,20.30,756965,20.04
2012/07/12,20.30,20.98,20.00,20.74,1027180,20.49
2012/07/13,20.54,20.78,20.32,20.36,622096,20.55
2012/07/16,20.42,20.42,19.48,19.50,849671,19.95
2012/07/17,19.48,19.68,19.30,19.52,519771,19.49
2012/07/18,19.34,19.70,19.20,19.62,501420,19.45
2012/07/19,19.48,20.04,19.48,20.04,843039,19.76
2012/07/20,19.90,20.20,19.86,19.90,491961,20.03
2012/07/23,19.80,19.90,19.36,19.46,489396,19.63
2012/07/24,19.44,21.40,19.42,21.40,1422527,20.41
2012/07/25,21.44,22.06,20.98,21.14,4176804,21.52
2012/07/26,20.90,21.80,20.54,21.04,2186736,21.17
2012/07/27,20.74,21.60,20.74,21.18,1407906,21.17
2012/07/30,21.28,21.28,20.46,20.74,1271419,20.87
2012/07/31,20.72,20.72,18.68,18.88,1913808,19.70
2012/08/01,18.80,19.82,18.70,19.32,1039598,19.26
2012/08/02,19.28,19.36,18.90,19.32,797109,19.13
2012/08/03,19.32,19.92,19.20,19.82,1486947,19.56
2012/08/06,19.56,21.80,19.56,21.80,2199563,20.68
2012/08/07,22.40,23.96,22.34,23.24,8606960,23.15
2012/08/08,22.74,25.20,22.70,24.14,8289568,23.95
2012/08/09,23.80,24.50,22.98,23.98,4767733,23.74
2012/08/10,23.70,23.98,23.08,23.28,3274162,23.53
2012/08/13,23.24,23.58,22.74,23.24,3124266,23.16
2012/08/14,23.14,23.50,22.10,23.50,2983683,22.80
2012/08/15,23.30,23.42,22.84,22.90,1726216,23.13
2012/08/16,22.74,23.18,22.20,22.34,1571995,22.69
2012/08/17,22.64,23.10,22.24,23.10,2105352,22.67
2012/08/20,22.90,23.26,22.42,23.08,1542996,22.84
2012/08/21,22.94,23.34,22.82,23.10,2281375,23.08
2012/08/22,23.50,23.88,22.54,22.80,2339983,23.21
2012/08/23,22.60,23.50,22.34,23.18,2501791,22.92
2012/08/24,23.08,23.18,21.82,21.94,2034851,22.50
2012/08/27,21.70,21.70,19.78,20.20,2808715,20.74
2012/08/28,20.10,20.80,20.04,20.56,1536873,20.42
2012/08/29,20.56,20.90,20.10,20.90,1465494,20.50
2012/08/30,20.92,21.04,19.76,20.34,1578147,20.40
2012/08/31,20.02,20.46,20.02,20.22,870805,20.24
2012/09/03,20.12,21.46,20.08,21.00,1872442,20.77
2012/09/04,20.94,21.12,20.62,20.74,1361451,20.87
2012/09/05,20.56,20.84,20.10,20.76,1329981,20.47
2012/09/06,20.78,21.08,20.56,20.92,1031691,20.82
2012/09/07,21.08,22.50,21.00,21.66,3002105,21.75
2012/09/10,21.72,23.70,21.60,22.94,4536240,22.65
2012/09/11,22.58,22.76,22.14,22.52,1813309,22.45
2012/09/12,22.74,23.58,22.58,23.10,2441268,23.08
2012/09/13,22.92,23.02,22.26,22.34,1479219,22.64
2012/09/14,23.10,23.26,22.30,22.68,2285604,22.78
2012/09/17,22.48,22.66,21.70,21.74,1485911,22.18
2012/09/18,21.46,21.46,20.64,21.32,1261850,21.05
2012/09/19,21.12,22.66,21.12,22.58,1920757,21.89
2012/09/20,22.46,22.86,21.56,21.56,1603859,22.21
2012/09/21,21.20,22.26,21.10,21.38,1348707,21.68
2012/09/24,21.20,22.10,20.76,21.72,998448,21.43
2012/09/25,21.40,21.74,20.90,21.02,804047,21.32
2012/09/26,21.12,21.24,19.70,20.22,1576218,20.47
2012/09/27,20.20,21.00,19.90,20.50,3196609,20.45
2012/09/28,20.90,22.48,20.70,21.84,3071102,21.59
2012/10/08,21.72,23.76,21.70,23.20,5881548,22.73
2012/10/09,22.72,23.68,22.62,23.46,5260623,23.15
2012/10/10,23.08,24.60,23.08,23.28,5660136,23.84
2012/10/11,23.10,23.10,22.32,22.58,3800664,22.71
2012/10/12,22.72,23.04,22.18,22.88,3008716,22.61
2012/10/15,22.70,23.64,22.28,23.62,4003615,22.96
2012/10/16,23.50,23.68,23.00,23.12,2579734,23.34
2012/10/17,23.22,23.26,22.44,23.12,2261765,22.85
2012/10/18,23.12,23.44,22.80,23.34,3384598,23.12
2012/10/19,23.12,23.40,22.70,22.88,2200498,23.05
2012/10/22,22.60,22.92,22.50,22.90,1481303,22.71
2012/10/23,23.00,23.00,22.32,22.42,1636565,22.66
2012/10/24,22.08,22.40,21.98,22.12,1688694,22.19
2012/10/25,22.10,23.10,21.98,23.10,2675534,22.54
2012/10/26,22.96,23.62,22.72,22.96,4500459,23.17
2012/10/29,22.76,22.94,22.14,22.92,2083907,22.54
2012/10/30,23.00,24.06,22.86,23.90,5772761,23.46
2012/10/31,23.80,24.26,23.40,24.00,4104055,23.83
2012/11/01,23.88,24.50,23.62,24.08,5385108,24.06
2012/11/02,24.08,24.38,23.54,23.62,3852121,23.96
2012/11/05,23.44,24.88,23.28,24.48,5500819,24.08
2012/11/06,24.20,24.38,23.32,23.70,3004592,23.85
2012/11/07,23.66,26.06,23.62,26.06,7442104,24.84
2012/11/08,26.10,27.10,25.10,25.18,12337340,26.10
2012/11/09,24.80,25.78,24.70,24.88,5832811,25.24
2012/11/12,24.62,25.68,24.46,25.56,5415407,25.07
2012/11/13,25.20,25.46,23.02,23.02,6691965,24.24
2012/11/14,22.80,22.80,21.74,22.54,4448329,22.27
2012/11/15,22.24,22.54,21.70,21.80,2496881,22.12
2012/11/16,21.80,22.20,21.28,22.10,1908863,21.74
2012/11/19,22.08,22.18,21.42,21.90,1816359,21.80
2012/11/20,22.06,22.50,21.84,21.86,1929916,22.17
2012/11/21,21.84,22.40,20.90,21.88,2215776,21.65
2012/11/22,21.66,22.02,21.32,21.40,1336707,21.67
2012/11/23,21.30,21.74,21.30,21.30,1026918,21.52
2012/11/26,21.30,21.76,21.30,21.60,1192627,21.53
2012/11/27,21.60,21.60,20.36,20.44,1399969,20.98
2012/11/28,20.44,20.44,19.76,19.94,890781,20.10
2012/11/29,20.28,20.38,19.30,19.42,897102,19.84
2012/11/30,19.70,19.80,18.70,19.12,1491372,19.25
2012/12/03,19.12,19.24,17.30,17.64,2012465,18.27
2012/12/04,17.54,18.08,17.22,17.98,1278773,17.65
2012/12/05,17.88,19.00,17.88,18.66,2393422,18.44
2012/12/06,18.66,18.96,18.50,18.60,1272817,18.73
2012/12/07,18.46,19.46,18.44,19.08,1850705,18.95
2012/12/10,19.08,20.42,18.86,20.26,2933366,19.64
2012/12/11,20.18,20.80,19.54,19.86,2793863,20.17
2012/12/12,19.66,19.96,19.50,19.74,1453600,19.73
2012/12/13,19.50,19.98,19.10,19.12,969238,19.54
2012/12/14,19.24,20.06,19.16,19.94,1881552,19.61
2012/12/17,19.90,20.76,19.80,20.32,2908479,20.28
2012/12/18,20.32,20.66,20.00,20.10,1975409,20.33
2012/12/19,20.06,20.44,19.94,20.12,1205412,20.19
2012/12/20,20.10,20.70,19.84,20.62,2162977,20.27
2012/12/21,20.62,20.76,19.90,20.10,2188095,20.33
2012/12/24,20.10,20.62,20.02,20.56,1921092,20.32
2012/12/25,20.40,21.08,20.32,21.04,3545256,20.70
2012/12/26,20.90,21.20,20.80,21.06,2239285,21.00
2012/12/27,21.06,21.48,20.56,20.92,2537436,21.02
2012/12/28,20.66,21.18,20.66,20.88,1743022,20.92
2012/12/31,20.88,21.20,20.86,20.94,1763496,21.03
2013/01/04,21.10,21.26,20.58,20.72,2000214,20.92
2013/01/07,20.62,20.80,20.30,20.70,1531534,20.55
2013/01/08,20.68,21.14,20.40,21.14,2875711,20.77
2013/01/09,21.16,21.86,20.94,21.66,4504646,21.40
2013/01/10,21.64,22.02,21.34,21.68,2731218,21.68
2013/01/11,21.74,21.86,20.70,20.90,2298043,21.28
2013/01/14,20.90,21.70,20.70,21.70,2348323,21.20
2013/01/15,21.70,22.26,21.70,22.08,3328298,21.98
2013/01/16,21.92,22.76,21.70,22.02,3436743,22.23
2013/01/17,21.80,22.26,21.44,21.82,2295171,21.85
2013/01/18,21.94,22.74,21.72,22.54,3734282,22.23
2013/01/21,22.52,23.02,22.40,22.88,3243474,22.71
2013/01/22,22.88,23.88,22.42,22.58,3210386,23.15
2013/01/23,22.46,22.98,21.76,22.92,2624814,22.37
2013/01/24,22.88,23.60,21.80,22.62,4363804,22.70
2013/01/25,22.56,23.64,22.22,23.28,4674260,22.93
2013/01/28,23.10,23.96,22.72,23.78,4154810,23.34
2013/01/29,23.68,24.16,23.40,23.76,3498246,23.78
2013/01/30,23.54,23.96,23.26,23.48,2866107,23.61
2013/01/31,23.48,25.10,23.38,24.20,5119340,24.24
2013/02/01,23.96,24.28,23.36,24.04,2651658,23.82
2013/02/04,24.10,24.38,22.94,23.14,3983049,23.66
2013/02/05,22.80,23.18,22.80,22.84,2754467,22.99
2013/02/06,22.82,23.08,22.72,22.96,1762061,22.90
2013/02/07,23.04,23.04,22.46,22.60,1776460,22.75
2013/02/08,22.68,23.14,22.56,23.00,1559096,22.85
2013/02/18,23.14,23.18,22.90,23.10,1516465,23.04
2013/02/19,23.22,23.24,22.36,22.36,1963853,22.80
2013/02/20,22.46,23.16,21.74,23.12,3922217,22.45
2013/02/21,22.86,22.88,22.12,22.12,3032556,22.50
2013/02/22,22.12,22.50,21.90,22.14,1191321,22.20
2013/02/25,22.16,22.32,21.76,21.88,1486690,22.04
2013/02/26,21.74,22.10,21.52,21.56,1289354,21.81
2013/02/27,21.52,21.88,21.46,21.66,808037,21.67
2013/02/28,22.04,22.18,21.62,22.12,1188589,21.90
2013/03/01,22.10,22.28,21.86,22.10,1285719,22.07
2013/03/04,22.00,22.00,20.70,20.88,1691488,21.35
2013/03/05,21.00,21.30,20.82,21.26,1129988,21.06
2013/03/06,21.30,21.78,21.28,21.70,1251277,21.53
2013/03/07,21.60,22.20,21.60,21.88,1762232,21.90
2013/03/08,21.98,22.06,21.72,21.92,1005262,21.89
2013/03/11,21.80,22.10,21.76,22.02,986790,21.93
2013/03/12,21.92,22.26,21.32,21.56,1505490,21.79
2013/03/13,21.20,21.62,21.06,21.52,851251,21.34
2013/03/14,21.48,21.48,21.16,21.18,1003519,21.32
2013/03/15,21.18,21.38,20.80,20.92,1050128,21.09
2013/03/18,20.90,22.26,20.88,21.98,2050591,21.57
2013/03/19,21.98,22.60,21.48,22.50,2681329,22.04
2013/03/20,22.30,23.14,22.00,22.42,3541710,22.57
2013/03/21,22.26,22.84,22.16,22.80,3289703,22.50
2013/03/22,22.74,22.78,22.32,22.62,1729993,22.55
2013/03/25,22.52,22.62,22.10,22.30,1401700,22.36
2013/03/26,22.18,22.38,21.30,21.56,1807576,21.84
2013/03/27,21.54,21.92,21.40,21.48,1154535,21.66
2013/03/28,23.62,23.62,22.44,23.62,10896662,23.03
2013/03/29,23.10,23.70,22.74,22.82,7285905,23.22
2013/04/01,22.60,23.90,22.60,23.36,6126869,23.25
2013/04/02,23.30,23.50,22.84,23.08,4154153,23.17
2013/04/03,22.90,24.08,22.34,23.90,6278813,23.21
2013/04/08,23.40,24.28,23.14,24.24,5263459,23.71
2013/04/09,24.12,24.32,23.74,23.96,3827627,24.03
2013/04/10,23.98,24.48,23.44,23.74,3473794,23.96
2013/04/11,23.66,23.78,23.22,23.30,2905898,23.50
2013/04/12,23.20,23.60,23.12,23.16,1742148,23.36
2013/04/15,22.96,23.38,22.80,23.20,1396250,23.09
2013/04/16,23.00,23.68,22.84,23.62,2126299,23.26
2013/04/17,23.68,23.78,23.32,23.62,2085139,23.55
2013/04/18,23.40,24.20,23.02,24.16,3926667,23.61
2013/04/19,24.14,24.70,23.98,24.46,4549648,24.34
2013/04/22,24.36,24.66,23.98,24.62,3287867,24.32
2013/04/23,24.78,25.46,23.90,24.18,5664152,24.68
2013/04/24,24.30,25.16,23.88,25.12,4870059,24.52
2013/04/25,25.16,26.26,24.90,25.48,6476433,25.58
2013/04/26,25.30,25.30,24.28,24.60,4293343,24.79
2013/05/02,24.30,24.46,23.46,24.00,2585143,23.96
2013/05/03,24.02,24.58,23.34,24.10,6128972,23.96
2013/05/06,24.02,24.34,23.50,23.94,7849070,23.92
2013/05/07,23.86,26.34,23.42,26.34,18005998,24.88
2013/05/08,26.34,26.42,25.38,26.02,14508712,25.90
2013/05/09,25.66,26.78,25.42,26.22,14389544,26.10
2013/05/10,25.94,26.34,25.30,25.98,8049904,25.82
2013/05/13,25.74,25.94,25.22,25.66,5425878,25.58
2013/05/14,25.58,25.74,24.70,24.94,5621229,25.22
2013/05/15,24.82,25.46,24.82,25.38,3596229,25.14
2013/05/16,25.30,26.02,24.86,25.98,7742216,25.44
2013/05/17,25.82,26.02,25.14,25.78,8390294,25.58
2013/05/20,25.74,26.26,25.34,26.06,8479758,25.80
2013/05/21,26.02,26.70,25.78,26.10,8432810,26.24
2013/05/22,26.14,28.34,25.78,27.70,19795065,27.06
2013/05/23,27.22,27.66,26.54,27.22,11297056,27.10
2013/05/24,26.94,27.38,26.70,27.10,6747635,27.04
2013/05/27,27.14,27.86,26.50,26.94,6714932,27.18
2013/05/28,26.90,27.10,26.26,26.98,5719819,26.68
2013/05/29,27.06,27.06,26.50,26.78,4201700,26.78
2013/05/30,26.74,26.82,26.26,26.70,4567118,26.54
2013/05/31,26.94,27.02,26.26,26.34,4340274,26.64
2013/06/03,26.30,26.42,25.50,25.54,4613548,25.96
2013/06/04,25.54,25.54,24.54,24.90,4393506,25.04
2013/06/05,24.70,25.26,24.62,25.22,2480529,24.94
2013/06/06,25.70,26.06,24.70,24.70,4197556,25.38
2013/06/07,24.42,25.46,24.38,24.62,2970124,24.92
2013/06/13,24.34,24.34,22.18,22.78,3559621,23.26
2013/06/14,22.82,23.22,22.70,22.86,2983300,22.96
2013/06/17,22.94,23.14,22.22,22.62,2009345,22.68
2013/06/18,22.62,23.10,22.58,22.82,1952348,22.84
2013/06/19,22.82,23.26,22.34,23.06,2651065,22.80
2013/06/20,23.22,23.22,22.34,22.34,2099215,22.78
2013/06/21,22.02,22.10,21.38,21.82,1947646,21.74
2013/06/24,21.82,21.82,19.66,19.70,2943461,20.74
2013/06/25,19.58,19.58,17.74,19.46,3874442,18.66
2013/06/26,19.46,20.26,19.10,19.98,2590694,19.68
2013/06/27,20.10,20.38,19.38,19.42,2464146,19.88
2013/06/28,19.30,19.90,18.90,19.42,1536617,19.40
2013/07/01,19.46,20.18,19.42,20.06,1637632,19.80
2013/07/02,19.94,20.34,19.78,20.22,2513193,20.06
2013/07/03,20.22,20.22,19.50,19.90,1897544,19.86
2013/07/04,19.90,20.86,19.50,20.34,3142082,20.18
2013/07/05,20.42,20.82,20.18,20.22,2811539,20.50
2013/07/08,19.94,19.94,18.90,18.98,2223487,19.42
2013/07/09,18.90,19.58,18.70,19.42,1255968,19.14
2013/07/10,19.58,20.30,19.26,20.22,1986351,19.78
2013/07/11,20.22,21.66,20.18,20.98,4952797,20.92
2013/07/12,20.98,21.62,20.54,20.62,2874974,21.08
2013/07/15,20.62,21.02,20.62,20.86,1850885,20.82
2013/07/16,20.90,21.26,20.66,21.18,2553789,20.96
2013/07/17,21.02,21.14,20.30,20.42,2619400,20.72
2013/07/18,20.38,20.54,20.02,20.14,1653202,20.28
2013/07/19,20.10,20.38,19.70,19.70,1832357,20.04
2013/07/22,19.50,20.10,19.22,19.98,1282356,19.66
2013/07/23,19.98,20.62,19.90,20.58,2450990,20.26
2013/07/24,20.50,20.66,20.06,20.46,2025926,20.36
2013/07/25,20.46,20.62,20.10,20.22,2095836,20.36
2013/07/26,20.22,20.30,19.78,19.98,1278817,20.04
2013/07/29,20.02,20.02,19.14,19.26,2048476,19.58
2013/07/30,19.26,19.70,19.10,19.50,1329963,19.40
2013/07/31,19.66,19.86,19.34,19.38,1268868,19.60
2013/08/01,19.50,19.98,19.38,19.94,2041817,19.68
2013/08/02,20.02,20.42,19.70,20.30,2873587,20.06
2013/08/05,20.30,20.66,20.18,20.66,2336963,20.42
2013/08/06,20.66,20.82,20.34,20.74,2342477,20.58
2013/08/07,20.78,20.94,20.46,20.54,2060995,20.70
2013/08/08,20.42,20.82,20.42,20.74,2629484,20.62
2013/08/09,20.70,22.82,20.70,22.82,8094994,21.76
2013/08/12,23.74,25.10,23.34,25.10,26488775,24.22
2013/08/13,25.62,27.50,25.30,26.50,35172429,26.40
2013/08/14,26.50,26.50,25.50,26.10,20801399,26.00
2013/08/15,25.70,25.86,25.06,25.30,15190281,25.46
2013/08/16,24.90,25.74,24.18,24.38,13574792,24.96
2013/08/19,24.10,24.86,24.10,24.78,13733029,24.48
2013/08/20,24.50,25.10,24.22,24.66,15190903,24.66
2013/08/21,24.66,25.90,24.30,25.86,19730142,25.10
2013/08/22,25.62,25.98,24.14,24.54,20363810,25.06
2013/08/23,24.38,25.26,23.74,24.46,12355799,24.50
2013/08/26,24.38,24.90,23.98,24.86,8878070,24.44
2013/08/27,24.82,24.98,24.46,24.70,7493062,24.72
2013/08/28,24.42,24.66,24.10,24.30,8276875,24.38
2013/08/29,24.14,24.62,23.70,23.78,7620009,24.16
2013/08/30,23.54,23.86,22.66,23.02,8960002,23.26
2013/09/02,22.98,23.70,22.90,23.62,4946664,23.30
2013/09/03,23.74,23.78,23.38,23.66,3964668,23.58
2013/09/04,23.66,24.14,23.42,23.74,5868850,23.78
2013/09/05,23.58,23.90,23.02,23.10,5526472,23.46
2013/09/06,23.10,23.50,22.94,23.38,4535669,23.22
2013/09/09,23.30,24.78,23.14,24.50,12609964,23.96
2013/09/10,24.42,24.82,24.14,24.62,9929161,24.48
2013/09/11,24.22,25.38,24.22,24.34,8982981,24.80
2013/09/12,24.02,24.14,23.22,23.66,6611279,23.68
2013/09/13,23.50,23.62,23.18,23.50,3535598,23.40
2013/09/16,23.58,23.78,23.34,23.58,3330114,23.56
2013/09/17,23.58,23.70,22.74,22.78,3266096,23.22
2013/09/18,22.50,23.38,22.50,23.18,2293032,22.94
2013/09/23,23.34,23.54,23.18,23.46,2546243,23.36
2013/09/24,23.46,23.54,22.86,23.06,2809542,23.20
2013/09/25,23.10,23.82,23.02,23.62,5509062,23.42
2013/09/26,23.70,23.74,22.82,22.90,3638504,23.28
2013/09/27,22.82,23.62,22.54,23.18,4179904,23.08
2013/09/30,23.30,23.70,23.22,23.66,5141785,23.46
2013/10/08,23.50,23.86,23.30,23.70,4553111,23.58
2013/10/09,23.70,24.46,23.50,24.34,6613276,23.98
2013/10/10,24.18,24.90,23.86,24.54,7644538,24.38
2013/10/11,24.62,26.50,24.34,25.82,18294714,25.42
2013/10/14,25.54,25.82,25.10,25.62,8482457,25.46
2013/10/15,25.50,25.70,25.18,25.54,4829381,25.44
2013/10/16,25.62,25.66,24.10,24.22,7847200,24.88
2013/10/17,24.22,24.70,24.10,24.26,4543907,24.40
2013/10/18,24.14,24.42,23.54,23.94,3787535,23.98
2013/10/21,24.30,24.50,23.94,24.50,5561009,24.22
2013/10/22,24.42,24.82,24.02,24.58,4625529,24.42
2013/10/23,24.58,25.82,24.42,25.46,11906516,25.12
2013/10/24,25.30,25.62,24.42,24.66,5586588,25.02
2013/10/25,24.66,24.78,23.50,24.26,3989538,24.14
2013/10/28,24.02,24.22,23.30,23.34,3704483,23.76
2013/10/29,23.62,23.66,21.30,22.02,3805105,22.48
2013/10/30,22.02,22.26,21.70,22.14,2541063,21.98
2013/10/31,22.10,22.50,21.90,22.22,1595076,22.20
2013/11/01,22.14,22.50,21.82,22.22,2068603,22.16
2013/11/04,22.06,22.54,22.06,22.30,1432748,22.30
2013/11/05,22.22,22.34,21.66,22.34,2373798,22.00
2013/11/06,22.34,23.30,22.02,22.50,4068238,22.66
2013/11/07,22.54,23.14,22.50,22.66,2908515,22.82
2013/11/08,22.90,24.90,22.82,24.90,7204609,23.86
2013/11/11,25.34,26.42,24.22,25.30,21473478,25.32
2013/11/12,25.30,25.30,24.42,24.62,10729280,24.86
2013/11/13,24.46,24.46,23.58,23.70,8190421,24.02
2013/11/14,23.22,23.66,22.50,23.42,6946908,23.08
2013/11/15,23.22,23.86,23.18,23.38,6908482,23.52
2013/11/18,23.26,24.66,23.06,24.50,9377308,23.86
2013/11/19,24.34,24.70,23.90,24.66,6903710,24.30
2013/11/20,24.62,24.74,24.18,24.58,4628722,24.46
2013/11/21,24.38,24.46,23.86,24.18,4786979,24.16
2013/11/22,24.18,25.10,23.94,24.90,10004097,24.52
2013/11/25,24.90,25.02,24.30,24.38,4808896,24.66
2013/11/26,24.30,24.62,24.14,24.30,3064272,24.38
2013/11/27,24.34,24.50,23.98,24.50,3862081,24.24
2013/11/28,24.42,25.06,24.38,24.50,7460510,24.72
2013/11/29,24.50,24.54,24.02,24.18,5288035,24.28
2013/12/02,23.62,23.62,21.78,21.78,14088377,22.70
2013/12/03,21.38,22.14,21.30,21.90,6765516,21.72
2013/12/04,21.90,22.14,21.70,21.90,10206187,21.92
2013/12/05,21.98,22.06,21.82,21.98,6377346,21.94
2013/12/06,21.94,22.02,21.74,21.86,4402797,21.88
2013/12/09,21.94,22.22,21.82,22.10,5248941,22.02
2013/12/10,22.10,22.34,22.06,22.22,4557954,22.20
2013/12/11,22.30,22.34,21.74,22.06,4580613,22.04
2013/12/12,22.06,22.42,21.82,22.30,4841836,22.12
2013/12/13,22.30,23.02,22.14,22.94,8891390,22.58
2013/12/16,22.94,23.10,22.42,22.50,5392161,22.76
2013/12/17,22.62,22.66,22.26,22.46,3222698,22.46
2013/12/18,22.42,22.90,22.30,22.90,3883266,22.60
2013/12/19,23.06,23.10,22.22,22.22,3568525,22.66
2013/12/20,22.22,22.42,21.38,21.62,5095098,21.90
2013/12/23,21.70,21.74,20.82,21.26,2951042,21.28
2013/12/24,21.54,23.10,21.54,21.98,6134033,22.32
2013/12/25,21.74,22.30,21.54,22.06,2534063,21.92
2013/12/26,22.10,22.10,21.54,21.58,2322346,21.82
2013/12/27,21.58,22.02,21.34,21.98,2500672,21.68
2013/12/30,22.10,22.82,21.94,22.70,6483798,22.38
2013/12/31,22.54,22.86,22.42,22.50,3905267,22.64
2014/01/02,22.58,23.38,22.54,23.38,7628898,22.96
2014/01/03,25.70,25.70,25.70,25.70,62539908,25.70
2014/01/06,25.78,27.38,25.54,26.06,95667694,26.46
2014/01/07,25.70,26.70,24.82,24.98,57615169,25.76
2014/01/08,24.66,25.34,24.46,24.74,33834736,24.90
2014/01/09,24.62,25.10,23.50,23.62,31590050,24.30
2014/01/10,23.62,23.86,23.14,23.50,18206728,23.50
2014/01/13,23.50,24.26,23.30,23.90,21537679,23.78
2014/01/14,23.90,24.22,23.42,24.22,20112880,23.82
2014/01/15,24.02,24.38,23.90,24.26,16899593,24.14
2014/01/16,24.22,25.06,23.74,24.58,31251640,24.40
2014/01/17,24.30,24.38,23.58,23.62,19046276,23.98
2014/01/20,23.70,23.74,22.70,22.78,15118081,23.22
2014/01/21,22.78,23.26,22.66,23.18,10391482,22.96
2014/01/22,23.22,23.82,23.10,23.66,13170180,23.46
2014/01/23,23.74,25.06,23.54,24.94,29926012,24.30
2014/01/24,24.46,25.70,24.38,25.26,44694205,25.04
2014/01/27,24.90,26.90,24.82,26.10,43553460,25.86
2014/01/28,26.02,26.30,25.38,25.98,20785373,25.84
2014/01/29,25.86,26.62,25.82,26.30,21270409,26.22
2014/01/30,26.18,26.22,25.30,25.38,16898276,25.76
2014/02/07,25.38,27.90,25.14,27.90,41098722,26.52
2014/02/10,28.98,30.42,28.30,29.70,60177539,29.36
2014/02/11,29.30,31.18,29.18,29.50,66303610,30.18
2014/02/12,29.38,31.14,29.34,30.50,52526208,30.24
2014/02/13,30.30,31.26,29.42,29.54,41064412,30.34
2014/02/14,29.54,30.62,29.14,30.50,32605293,29.88
2014/02/17,30.82,32.06,30.58,31.50,42242028,31.32
2014/02/18,31.50,31.50,30.62,31.30,30841891,31.06
2014/02/19,31.10,31.14,29.98,30.34,30915003,30.56
2014/02/20,30.30,30.58,29.38,29.62,20419425,29.98
2014/02/21,29.46,30.26,29.14,30.26,18753141,29.70
2014/02/24,30.26,30.78,29.58,29.94,19492004,30.18
2014/02/25,29.78,30.06,27.30,27.70,45053292,28.68
2014/02/26,27.38,28.78,26.94,28.46,28521657,27.86
2014/02/27,28.54,28.70,26.98,27.18,25041493,27.84
2014/02/28,27.06,27.54,26.34,27.34,19183625,26.94
2014/03/03,27.22,28.98,26.70,28.82,26568286,27.84
2014/03/04,28.50,28.74,27.82,28.50,17732677,28.28
2014/03/05,28.54,28.70,27.94,27.98,12833766,28.32
2014/03/06,27.82,28.30,27.34,28.18,11328900,27.82
2014/03/07,28.14,28.46,27.42,27.66,10808011,27.94
2014/03/10,27.30,27.50,26.10,26.22,14870581,26.80
2014/03/11,26.34,26.82,26.14,26.54,10066771,26.48
2014/03/12,26.50,27.26,25.78,26.94,11581700,26.52
2014/03/13,26.94,27.26,26.70,27.06,10377703,26.98
2014/03/14,26.78,27.10,26.54,26.94,6906983,26.82
2014/03/17,26.90,27.62,26.74,27.58,9982274,27.18
2014/03/18,27.54,28.06,27.38,27.54,11682903,27.72
2014/03/19,27.58,27.86,27.10,27.70,9946708,27.48
2014/03/20,27.54,27.98,26.82,26.82,9023813,27.40
2014/03/21,26.62,27.58,26.34,27.42,10803131,26.96
2014/03/24,27.46,28.26,27.26,28.10,13067983,27.76
2014/03/25,28.10,28.30,27.70,27.98,8793554,28.00
2014/03/26,27.86,28.22,27.66,27.94,9146533,27.94
2014/03/27,27.90,27.94,27.02,27.10,9543801,27.48
2014/03/28,27.10,27.22,26.10,26.10,10049176,26.66
2014/03/31,26.14,26.50,25.82,25.90,5369831,26.16
2014/04/01,26.06,26.54,25.86,26.46,4173490,26.20
2014/04/02,26.50,26.58,26.26,26.42,3773366,26.42
2014/04/03,26.34,26.70,26.26,26.38,4376968,26.48
2014/04/04,26.34,26.86,26.30,26.70,4638544,26.58
2014/04/08,26.62,27.06,26.54,27.02,5942794,26.80
2014/04/09,26.98,27.30,26.90,27.10,5464402,27.10
2014/04/10,27.22,27.70,26.94,27.46,9881913,27.32
2014/04/11,27.34,27.54,27.10,27.38,5713166,27.32
2014/04/14,27.50,27.78,27.38,27.62,6061474,27.58
2014/04/15,27.74,27.98,27.54,27.78,9713030,27.76
2014/04/16,27.78,28.82,27.66,28.46,19858732,28.24
2014/04/17,28.42,28.70,27.98,28.14,12232558,28.34
2014/04/18,28.10,28.14,27.38,27.70,13507522,27.76
2014/04/21,27.18,27.18,26.10,26.10,18819814,26.64
2014/04/22,26.14,26.26,25.38,25.98,10147230,25.82
2014/04/23,25.94,26.22,25.78,26.06,4528379,26.00
2014/04/24,26.10,26.38,25.86,26.18,5930319,26.12
2014/04/25,26.18,26.26,24.70,24.74,7160989,25.48
2014/04/28,24.50,24.54,23.50,23.58,8475510,24.02
2014/04/29,23.54,23.98,23.50,23.98,5108477,23.74
2014/04/30,23.98,24.38,23.82,24.18,4650696,24.10
2014/05/05,24.14,24.34,23.74,24.30,3498390,24.04
2014/05/06,24.30,24.54,24.10,24.34,4051989,24.32
2014/05/07,24.30,24.30,23.86,24.06,4924108,24.08
2014/05/08,24.06,24.62,23.94,24.30,5222678,24.28
2014/05/09,24.38,24.66,24.06,24.38,4618802,24.36
2014/05/12,24.50,25.22,24.34,25.14,8287080,24.78
2014/05/13,25.02,25.26,24.50,24.86,7242741,24.88
2014/05/14,24.78,24.90,24.58,24.90,3373593,24.74
2014/05/15,24.90,24.98,24.18,24.26,4925344,24.58
2014/05/16,24.26,24.38,23.86,24.38,3854715,24.12
2014/05/19,24.22,24.30,24.02,24.26,2563962,24.16
2014/05/20,24.38,24.62,24.10,24.34,3429251,24.36
2014/05/21,24.26,24.54,23.94,24.54,2975981,24.24
2014/05/22,24.46,24.74,24.34,24.38,4499629,24.54
2014/05/23,24.30,24.46,24.18,24.46,2666869,24.32
2014/05/26,24.50,24.74,24.42,24.70,5109926,24.58
2014/05/27,24.70,24.70,24.46,24.62,3321857,24.58
2014/05/28,24.54,24.82,24.42,24.78,4291140,24.62
2014/05/29,24.74,24.78,24.26,24.30,4967836,24.52
2014/05/30,24.34,24.46,24.18,24.42,3346067,24.32
2014/06/03,24.46,25.02,24.38,24.66,5756554,24.70
2014/06/04,24.50,24.70,24.26,24.62,4780700,24.48
2014/06/05,24.66,24.78,24.42,24.78,4219887,24.60
2014/06/06,25.74,26.30,25.06,25.18,20246232,25.68
2014/06/09,24.86,25.54,24.82,25.26,6758487,25.18
2014/06/10,25.22,25.58,25.02,25.50,7647257,25.30
2014/06/11,25.42,26.42,25.38,26.06,15390982,25.90
2014/06/12,26.10,26.22,25.74,26.02,10055243,25.98
2014/06/13,27.66,27.82,26.42,26.50,26159285,27.12
2014/06/16,26.38,26.70,25.74,25.82,30823320,26.22
2014/06/17,25.82,25.82,25.02,25.18,23887612,25.42
2014/06/18,25.10,25.18,24.62,24.78,16019354,24.90
2014/06/19,24.70,25.18,23.50,23.98,19851771,24.34
2014/06/20,23.74,24.54,23.74,24.14,10207304,24.14
2014/06/23,24.22,24.94,24.22,24.70,12976538,24.58
2014/06/24,24.54,24.70,24.30,24.46,10347424,24.50
2014/06/25,24.54,24.70,24.30,24.54,8288608,24.50
2014/06/26,24.54,24.86,24.38,24.62,13410260,24.62
2014/06/27,24.62,27.10,24.54,27.10,41798284,25.82
2014/06/30,27.82,29.74,26.54,29.02,135996699,28.14
2014/07/01,28.38,29.26,27.98,28.46,64038690,28.62
2014/07/02,28.38,28.54,27.42,27.82,42927398,27.98
2014/07/03,27.90,28.54,27.66,27.74,39074141,28.10
2014/07/04,27.58,27.90,27.18,27.50,28707398,27.54
2014/07/07,27.58,27.90,27.26,27.74,18257216,27.58
2014/07/08,27.66,27.82,27.26,27.74,19477893,27.54
2014/07/09,27.74,27.74,26.62,26.62,24891339,27.18
2014/07/10,26.62,26.86,26.46,26.46,14302042,26.66
2014/07/11,26.46,27.26,26.38,26.94,15372924,26.82
2014/07/14,26.86,27.50,26.78,27.42,16008298,27.14
2014/07/15,27.10,27.10,26.62,26.86,21284815,26.86
2014/07/16,26.78,27.18,26.70,27.10,15326308,26.94
2014/07/17,27.02,27.90,26.78,27.50,30344412,27.34
2014/07/18,27.50,27.74,27.18,27.26,17606900,27.46
2014/07/21,27.10,27.26,26.54,26.70,15963690,26.90
2014/07/22,26.54,27.82,26.38,27.42,27444546,27.10
2014/07/23,27.26,27.58,26.70,26.86,17614739,27.14
2014/07/24,26.62,27.02,26.46,26.86,13704176,26.74
2014/07/25,26.86,27.66,26.70,27.58,30539947,27.18
2014/07/28,27.66,28.70,27.50,28.14,44321576,28.10
2014/07/29,28.06,30.94,27.82,30.94,71046679,29.38
2014/07/30,31.42,33.66,30.86,31.82,174940564,32.26
2014/07/31,31.02,31.74,29.98,31.50,99017641,30.86
2014/08/01,30.94,31.34,30.14,30.14,56610622,30.74
2014/08/04,30.06,30.86,29.90,30.70,36363820,30.38
2014/08/05,30.86,31.18,30.30,30.78,37756959,30.74
2014/08/06,30.70,32.38,30.30,31.74,68978385,31.34
2014/08/07,31.58,31.74,30.94,31.02,37448784,31.34
2014/08/08,30.94,31.58,30.94,31.26,24005114,31.26
2014/08/11,31.10,31.58,31.10,31.42,27132708,31.34
2014/08/12,31.42,32.46,31.34,32.14,48144485,31.90
2014/08/13,32.14,32.30,31.10,31.66,36540506,31.70
2014/08/14,31.66,31.74,30.78,30.86,32167042,31.26
2014/08/15,30.86,31.26,30.70,31.18,19820032,30.98
2014/08/18,31.18,31.74,31.18,31.58,23750850,31.46
2014/08/19,31.58,34.22,31.26,33.02,80275306,32.74
2014/08/20,32.78,32.86,32.22,32.46,43886038,32.54
2014/08/21,32.38,33.42,32.30,33.02,42810197,32.86
2014/08/22,33.02,33.34,32.70,33.18,32262705,33.02
2014/08/25,33.18,33.34,32.22,32.46,30329416,32.78
2014/08/26,32.62,32.86,30.94,31.18,40816854,31.90
2014/08/27,30.94,34.30,30.94,34.30,128294236,32.62
2014/08/28,35.10,36.78,33.42,33.90,193556135,35.10
2014/08/29,32.94,33.42,31.90,33.02,77585684,32.66
2014/09/01,33.02,33.82,32.54,33.74,52282306,33.18
2014/09/02,33.98,33.98,33.34,33.98,52445932,33.66
2014/09/03,33.98,35.58,33.74,34.46,70529969,34.66
2014/09/04,34.54,36.14,34.06,35.42,71235683,35.10
2014/09/05,35.26,35.90,34.70,35.42,48047764,35.30
2014/09/09,35.26,36.54,35.10,36.14,55382391,35.82
2014/09/10,36.14,39.10,35.50,38.06,89034317,37.30
2014/09/11,37.66,38.30,36.78,37.26,71382680,37.54
2014/09/12,37.26,37.66,36.54,37.26,39728523,37.10
2014/09/15,37.26,38.06,36.78,37.74,38562742,37.42
2014/09/16,37.74,37.98,35.26,35.50,57520146,36.62
2014/09/17,35.58,36.06,34.78,36.06,37966647,35.42
2014/09/18,36.06,36.46,35.58,36.14,29576784,36.02
2014/09/19,36.30,37.50,36.14,36.86,36092257,36.82
2014/09/22,36.62,36.62,35.58,35.82,27348446,36.10
2014/09/23,35.66,36.14,35.66,36.14,19807178,35.90
2014/09/24,35.98,36.78,35.74,36.70,30801954,36.26
2014/09/25,36.70,38.54,36.54,37.26,57771648,37.54
2014/09/26,37.02,37.74,36.86,37.18,28659156,37.30
2014/09/29,37.10,37.90,37.10,37.58,33587142,37.50
2014/09/30,37.58,37.98,37.18,37.42,27104500,37.58
2014/10/08,37.50,38.38,37.10,38.14,49197575,37.74
2014/10/09,37.98,39.98,37.82,39.34,78904701,38.90
2014/10/10,39.34,39.66,38.62,38.86,44571901,39.14
2014/10/13,38.62,38.78,37.90,38.54,30660691,38.34
2014/10/14,38.54,38.78,37.74,38.14,30692008,38.26
2014/10/15,37.66,37.66,36.54,37.10,46741803,37.10
2014/10/16,36.94,37.58,36.62,36.70,28787085,37.10
2014/10/17,36.54,36.78,33.82,35.34,45495696,35.30
2014/10/20,35.26,35.90,35.10,35.74,18282721,35.50
2014/10/21,35.98,35.98,35.10,35.10,19033566,35.54
2014/10/22,35.10,36.38,35.02,35.26,25942056,35.70
2014/10/23,35.10,35.34,33.90,33.98,23116977,34.62
2014/10/24,33.90,34.38,33.34,33.50,17091638,33.86
2014/10/27,33.26,33.50,32.14,33.34,17398914,32.82
2014/10/28,33.42,34.38,33.42,34.38,20198694,33.90
2014/10/29,34.46,37.34,34.22,35.90,48764751,35.78
2014/10/30,35.66,36.94,35.10,36.06,45844383,36.02
2014/10/31,35.98,36.46,35.34,36.06,34612109,35.90
2014/11/03,36.14,36.86,35.90,36.54,32009065,36.38
2014/11/04,36.46,36.54,35.82,35.98,23930401,36.18
2014/11/05,36.06,36.54,35.34,36.22,31152832,35.94
2014/11/06,35.98,36.14,35.42,35.90,19740300,35.78
2014/11/07,35.82,36.46,35.18,35.34,27044679,35.82
2014/11/10,35.34,35.82,35.18,35.58,17421742,35.50
2014/11/11,35.66,35.74,33.02,33.50,36169348,34.38
2014/11/12,33.66,34.14,33.26,33.98,14755233,33.70
2014/11/13,33.98,34.30,32.78,33.98,24260926,33.54
2014/11/14,34.22,34.22,33.50,33.82,14795987,33.86
2014/11/17,33.74,34.30,33.34,33.82,14140993,33.82
2014/11/18,33.82,34.14,33.66,34.06,10463710,33.90
2014/11/19,33.98,34.14,33.74,33.98,11901142,33.94
2014/11/20,34.06,34.06,33.66,33.74,10514615,33.86
2014/11/21,33.74,33.98,33.42,33.90,14649996,33.70
2014/11/24,34.14,34.46,33.90,34.30,24325819,34.18
2014/11/25,34.22,35.50,34.14,35.18,35322349,34.82
2014/11/26,35.02,35.58,34.70,35.18,26708637,35.14
2014/11/27,35.18,35.82,35.02,35.82,36270511,35.42
2014/11/28,35.90,36.38,35.18,35.66,35936118,35.78
2014/12/01,35.66,35.74,34.54,34.78,27914371,35.14
2014/12/02,34.62,35.82,34.62,35.34,32016857,35.22
2014/12/03,35.18,37.34,35.02,36.62,77584613,36.18
2014/12/04,36.46,37.26,36.14,37.26,70388632,36.70
2014/12/05,37.26,37.26,34.38,35.34,48914052,35.82
2014/12/08,35.02,35.66,34.54,35.26,33998107,35.10
2014/12/09,35.02,35.10,32.94,32.94,47173056,34.02
2014/12/10,32.94,34.46,32.86,34.30,26165553,33.66
2014/12/11,34.38,35.66,34.14,35.50,37626834,34.90
2014/12/12,35.58,37.26,35.42,36.54,62285607,36.34
2014/12/15,36.14,36.62,35.66,36.38,37029082,36.14
2014/12/16,36.38,36.94,35.98,36.54,35418158,36.46
2014/12/17,36.46,36.46,35.02,35.90,33188127,35.74
2014/12/18,35.74,36.70,35.50,36.06,35171286,36.10
2014/12/19,35.74,36.14,34.46,35.26,37556752,35.30
2014/12/22,35.10,35.18,33.50,33.74,29001548,34.34
2014/12/23,33.74,34.38,33.58,33.58,16028215,33.98
2014/12/24,33.66,34.46,33.66,34.38,16316602,34.06
2014/12/25,34.46,34.70,34.14,34.62,16758491,34.42
2014/12/26,34.62,34.78,33.82,34.38,18247099,34.30
2014/12/29,34.54,34.62,33.66,33.82,18927911,34.14
2014/12/30,33.90,34.06,33.10,33.26,16139869,33.58
2014/12/31,33.42,33.66,33.10,33.58,12714451,33.38
2015/01/05,33.74,34.38,32.94,34.38,26230839,33.66
2015/01/06,34.54,34.86,33.82,34.78,26559166,34.34
2015/01/07,34.46,35.26,34.30,34.54,22918723,34.78
2015/01/08,34.54,34.54,33.74,33.82,17323387,34.14
2015/01/09,33.74,34.06,33.50,33.74,13851505,33.78
2015/01/12,33.34,33.66,32.94,33.10,13446918,33.30
2015/01/13,33.26,33.34,33.02,33.26,8567918,33.18
2015/01/14,33.10,33.26,32.94,33.18,9279189,33.10
2015/01/15,33.10,33.66,32.94,33.42,11483806,33.30
2015/01/16,33.50,33.98,33.34,33.58,11572560,33.66
2015/01/19,33.10,33.50,31.66,32.22,19103625,32.58
2015/01/20,32.30,32.94,32.22,32.94,13528734,32.58
2015/01/21,33.02,33.58,33.02,33.50,16233217,33.30
2015/01/22,33.66,34.38,33.42,34.22,25719315,33.90
2015/01/23,34.22,34.22,33.50,33.66,20260716,33.86
2015/01/26,33.58,34.30,33.42,34.30,16632113,33.86
2015/01/27,34.22,34.30,33.66,34.22,17961228,33.98
2015/01/28,34.14,34.14,33.74,33.98,12985189,33.94
2015/01/29,33.90,33.90,33.58,33.66,10882354,33.74
2015/01/30,33.58,33.82,33.02,33.10,16478222,33.42
2015/02/02,32.86,32.86,32.30,32.62,11167068,32.58
2015/02/03,32.78,33.18,32.78,33.10,8474596,32.98
2015/02/04,33.18,33.42,32.70,32.78,10057511,33.06
2015/02/05,32.94,33.18,32.54,32.62,9558120,32.86
2015/02/06,32.54,32.70,31.98,32.14,11661722,32.34
2015/02/09,32.06,32.38,31.90,32.14,7870560,32.14
2015/02/10,32.14,32.30,31.98,32.14,6470869,32.14
2015/02/11,32.14,32.46,32.14,32.46,6576585,32.30
2015/02/12,32.54,32.70,32.38,32.62,6680206,32.54
2015/02/13,32.78,33.18,32.62,33.02,10553563,32.90
2015/02/16,33.10,33.42,32.94,33.42,10149868,33.18
2015/02/17,33.42,33.58,33.18,33.50,9964051,33.38
2015/02/25,33.58,33.74,33.18,33.50,9846286,33.46
2015/02/26,33.50,36.86,33.34,36.86,94821505,35.10
2015/02/27,36.86,36.86,35.82,36.22,103028307,36.34
2015/03/02,36.54,38.46,36.54,37.42,115056554,37.50
2015/03/03,37.58,40.54,36.78,38.86,121611680,38.66
2015/03/04,38.54,38.78,37.58,38.62,66128749,38.18
2015/03/05,38.54,39.50,38.14,38.54,60607658,38.82
2015/03/06,38.54,39.10,37.10,37.66,45607432,38.10
2015/03/09,37.42,37.98,36.94,37.82,30223149,37.46
2015/03/10,37.82,38.22,37.50,37.66,32086323,37.86
2015/03/11,37.58,37.66,36.94,37.10,33652831,37.30
2015/03/12,37.02,37.66,36.94,37.18,27356361,37.30
2015/03/13,37.26,37.66,37.10,37.50,22781137,37.38
2015/03/16,37.82,39.34,37.82,38.86,52789826,38.58
2015/03/17,38.94,40.54,38.62,40.06,85627352,39.58
2015/03/18,40.14,43.26,39.58,41.82,88997485,41.42
2015/03/19,41.74,42.62,40.94,41.50,72599857,41.78
2015/03/20,41.42,42.14,41.18,41.74,46741639,41.66
2015/03/23,41.74,44.78,41.66,43.58,78777426,43.22
2015/03/24,43.66,44.70,41.58,43.98,85154809,43.14
2015/03/25,43.82,45.10,43.02,44.22,67519257,44.06
2015/03/26,44.14,44.14,42.54,42.62,53451380,43.34
2015/03/27,42.62,43.42,42.62,42.94,29805726,43.02
2015/03/30,42.94,43.42,42.78,43.26,39164569,43.10
2015/03/31,43.26,43.26,41.74,42.06,57624338,42.50
2015/04/01,42.06,44.62,41.98,43.66,67345838,43.30
2015/04/02,44.14,46.46,43.82,45.74,90481377,45.14
2015/04/03,45.34,46.78,44.62,46.06,69027736,45.70
2015/04/07,46.06,48.54,45.82,48.06,83571297,47.18
2015/04/08,47.90,48.14,45.42,47.02,70371557,46.78
2015/04/09,46.86,46.94,44.54,45.58,50225192,45.74
2015/04/10,45.50,47.02,44.70,46.70,45695624,45.86
2015/04/13,46.94,47.74,46.54,47.34,56289740,47.14
2015/04/14,47.26,48.62,46.54,47.74,63971925,47.58
2015/04/15,47.50,47.50,45.02,45.58,48049969,46.26
2015/04/16,44.94,46.54,43.74,45.90,38640282,45.14
2015/04/17,45.98,47.26,45.98,46.46,58204142,46.62
2015/04/20,46.30,46.94,44.54,44.94,66571998,45.74
2015/04/21,44.70,46.94,44.38,46.94,51751468,45.66
2015/04/22,47.34,51.34,47.26,50.22,105483560,49.30
2015/04/23,50.30,52.62,49.18,51.58,99658912,50.90
2015/04/24,51.42,52.14,49.74,50.78,65724469,50.94
2015/04/27,50.86,52.86,50.70,51.74,58281330,51.78
2015/04/28,51.74,51.90,49.18,49.66,57049814,50.54
2015/04/29,49.58,50.94,48.70,50.78,45997388,49.82
2015/04/30,50.94,51.58,49.74,49.74,38022927,50.66
2015/05/04,49.74,51.02,49.66,50.38,36545238,50.34
2015/05/05,50.30,50.38,47.58,48.30,41882376,48.98
2015/05/06,48.30,50.06,47.34,47.82,42240117,48.70
2015/05/07,47.90,48.78,44.62,44.86,40261417,46.70
2015/05/08,45.34,46.54,45.10,46.54,35000375,45.82
2015/05/11,47.34,48.94,46.62,48.86,41204285,47.78
2015/05/12,48.94,50.30,48.62,49.34,45470850,49.46
2015/05/13,49.42,50.54,48.62,49.74,51162072,49.58
2015/05/14,49.66,51.90,49.18,51.90,79354245,50.54
2015/05/15,52.14,52.46,49.34,49.82,61992818,50.90
2015/05/18,49.34,52.94,48.62,52.86,82765844,50.78
2015/05/19,52.86,56.38,51.58,55.74,104949081,53.98
2015/05/20,55.66,61.34,55.02,61.34,61725966,58.18
2015/05/21,66.94,67.50,64.14,67.50,40199800,65.82
2015/05/22,66.94,67.50,64.14,67.50,0,65.82
2015/05/25,66.94,67.50,64.14,67.50,0,65.82
2015/05/26,66.94,67.50,64.14,67.50,0,65.82
2015/05/27,66.94,67.50,64.14,67.50,0,65.82
2015/05/28,66.94,67.50,64.14,67.50,0,65.82
2015/05/29,66.94,67.50,64.14,67.50,0,65.82
2015/06/01,66.94,67.50,64.14,67.50,0,65.82
2015/06/02,66.94,67.50,64.14,67.50,0,65.82
2015/06/03,66.94,67.50,64.14,67.50,0,65.82
2015/06/04,66.94,67.50,64.14,67.50,0,65.82
2015/06/05,66.94,67.50,64.14,67.50,0,65.82
2015/06/08,66.94,67.50,64.14,67.50,0,65.82
2015/06/09,66.94,67.50,64.14,67.50,0,65.82
2015/06/10,66.94,67.50,64.14,67.50,0,65.82
2015/06/11,66.94,67.50,64.14,67.50,0,65.82
2015/06/12,66.94,67.50,64.14,67.50,0,65.82
2015/06/15,66.94,67.50,64.14,67.50,0,65.82
2015/06/16,66.94,67.50,64.14,67.50,0,65.82
2015/06/17,66.94,67.50,64.14,67.50,0,65.82
2015/06/18,66.94,67.50,64.14,67.50,0,65.82
2015/06/19,66.94,67.50,64.14,67.50,0,65.82
2015/06/23,66.94,67.50,64.14,67.50,0,65.82
2015/06/24,66.94,67.50,64.14,67.50,0,65.82
2015/06/25,66.94,67.50,64.14,67.50,0,65.82
2015/06/26,66.94,67.50,64.14,67.50,0,65.82
2015/06/29,66.94,67.50,64.14,67.50,0,65.82
2015/06/30,66.94,67.50,64.14,67.50,0,65.82
2015/07/01,66.94,67.50,64.14,67.50,0,65.82
2015/07/02,66.94,67.50,64.14,67.50,0,65.82
2015/07/03,66.94,67.50,64.14,67.50,0,65.82
2015/07/06,66.94,67.50,64.14,67.50,0,65.82
2015/07/07,66.94,67.50,64.14,67.50,0,65.82
2015/07/08,66.94,67.50,64.14,67.50,0,65.82
2015/07/09,66.94,67.50,64.14,67.50,0,65.82
2015/07/10,66.94,67.50,64.14,67.50,0,65.82
2015/07/13,66.94,67.50,64.14,67.50,0,65.82
2015/07/14,60.78,60.78,60.78,60.78,15923100,60.78
2015/07/15,54.70,54.70,54.70,54.70,5702200,54.70
2015/07/16,49.26,53.74,49.26,49.66,176401998,51.50
2015/07/17,47.74,52.06,46.54,50.62,133650035,49.30
2015/07/20,49.74,50.38,47.42,48.70,104457285,48.90
2015/07/21,47.50,50.54,46.54,50.30,81236466,48.54
2015/07/22,50.14,50.94,48.22,49.58,63023755,49.58
2015/07/23,49.50,50.54,48.54,50.30,74997732,49.54
2015/07/24,50.54,55.34,50.54,55.34,151993992,52.94
2015/07/27,55.82,60.22,52.14,53.66,209054254,56.18
2015/07/28,49.74,53.34,48.30,48.78,114523508,50.82
2015/07/29,49.26,51.90,46.78,51.90,81999620,49.34
2015/07/30,51.82,51.82,47.82,48.06,75517443,49.82
2015/07/31,46.54,47.66,43.50,44.62,66598459,45.58
2015/08/03,43.34,43.74,40.14,40.54,62170608,41.94
2015/08/04,40.86,44.54,40.78,44.46,54559075,42.66
2015/08/05,44.46,45.42,41.90,42.78,59592044,43.66
2015/08/06,41.98,43.26,41.34,42.46,31280210,42.30
2015/08/07,43.02,44.30,42.86,43.74,40220195,43.58
2015/08/10,44.94,46.86,44.22,46.06,51282812,45.54
2015/08/11,45.98,47.66,45.34,46.38,56644083,46.50
2015/08/12,45.42,46.70,45.34,45.50,40494058,46.02
2015/08/13,45.34,46.70,44.62,46.46,44652023,45.66
2015/08/14,46.70,48.06,46.22,47.26,58739632,47.14
2015/08/17,47.10,50.54,46.70,49.74,68193441,48.62
2015/08/18,49.66,49.66,44.78,44.78,69632789,47.22
2015/08/19,42.94,46.86,41.02,46.70,55864819,43.94
2015/08/20,45.02,47.10,44.54,44.86,37488549,45.82
2015/08/21,43.74,44.70,41.58,41.82,29568793,43.14
2015/08/24,40.06,40.86,37.66,37.66,33958580,39.26
2015/08/25,34.06,35.42,33.90,33.90,29051530,34.66
2015/08/26,34.22,35.42,31.18,32.38,38846407,33.30
2015/08/27,33.42,34.30,31.74,33.98,28122780,33.02
2015/08/28,34.22,37.18,34.14,37.18,36673021,35.66
2015/08/31,36.94,36.94,34.94,35.98,28662388,35.94
2015/09/01,35.58,35.58,32.86,33.18,25610798,34.22
2015/09/02,32.14,34.46,31.26,32.22,26467134,32.86
2015/09/07,32.94,34.30,32.78,33.42,22167460,33.54
2015/09/08,32.78,35.34,32.70,34.94,22010909,34.02
2015/09/09,35.10,36.46,34.62,36.06,35270847,35.54
2015/09/10,35.42,35.82,34.62,34.86,23980993,35.22
2015/09/11,34.78,35.34,34.30,35.10,17409676,34.82
2015/09/14,35.18,35.50,31.58,31.58,27810377,33.54
2015/09/15,31.26,32.14,29.58,30.46,24559351,30.86
2015/09/16,30.86,33.42,30.54,33.18,25215460,31.98
2015/09/17,33.02,33.58,31.98,32.14,27724100,32.78
2015/09/18,32.06,32.70,31.74,32.38,15920416,32.22
2015/09/21,31.82,33.66,31.66,33.58,19970479,32.66
2015/09/22,33.42,34.14,32.94,33.50,24302870,33.54
2015/09/23,33.02,33.50,32.54,32.86,17886397,33.02
2015/09/24,32.94,33.74,32.94,33.66,17605244,33.34
2015/09/25,33.58,34.06,32.06,32.78,20164795,33.06
2015/09/28,32.62,33.26,32.30,33.10,11730555,32.78
2015/09/29,32.54,32.78,32.06,32.30,12118910,32.42
2015/09/30,32.46,32.70,32.30,32.46,7055800,32.50
2015/10/08,33.34,34.30,33.34,33.90,23644474,33.82
2015/10/09,33.90,34.70,33.74,34.46,20951227,34.22
2015/10/12,34.62,36.54,34.46,36.14,31391089,35.50
2015/10/13,35.90,36.94,35.26,36.54,28753072,36.10
2015/10/14,36.22,37.02,35.66,35.66,24838717,36.34
2015/10/15,35.58,38.14,35.42,37.42,36820143,36.78
2015/10/16,37.50,39.10,36.78,37.90,47998401,37.94
2015/10/19,37.98,37.98,36.62,37.10,32293859,37.30
2015/10/20,36.86,38.22,36.70,38.14,27932622,37.46
2015/10/21,38.22,38.30,34.54,34.86,35886979,36.42
2015/10/22,38.22,38.30,34.54,34.86,0,36.42
2015/10/23,38.22,38.30,34.54,34.86,0,36.42
2015/10/26,38.22,38.30,34.54,34.86,0,36.42
2015/10/27,38.22,38.30,34.54,34.86,0,36.42
2015/10/28,38.22,38.30,34.54,34.86,0,36.42
2015/10/29,38.22,38.30,34.54,34.86,0,36.42
2015/10/30,38.22,38.30,34.54,34.86,0,36.42
2015/11/02,38.22,38.30,34.54,34.86,0,36.42
2015/11/03,38.22,38.30,34.54,34.86,0,36.42
2015/11/04,38.22,38.30,34.54,34.86,0,36.42
2015/11/05,38.22,38.30,34.54,34.86,0,36.42
2015/11/06,38.22,38.30,34.54,34.86,0,36.42
2015/11/09,38.22,38.30,34.54,34.86,0,36.42
2015/11/10,38.22,38.30,34.54,34.86,0,36.42
2015/11/11,38.22,38.30,34.54,34.86,0,36.42
2015/11/12,38.22,38.30,34.54,34.86,0,36.42
2015/11/13,38.22,38.30,34.54,34.86,0,36.42
2015/11/16,38.22,38.30,34.54,34.86,0,36.42
2015/11/17,38.22,38.30,34.54,34.86,0,36.42
2015/11/18,38.22,38.30,34.54,34.86,0,36.42
2015/11/19,38.22,38.30,34.54,34.86,0,36.42
2015/11/20,38.22,38.30,34.54,34.86,0,36.42
2015/11/23,38.22,38.30,34.54,34.86,0,36.42
2015/11/24,38.22,38.30,34.54,34.86,0,36.42
2015/11/25,38.22,38.30,34.54,34.86,0,36.42
2015/11/26,38.22,38.30,34.54,34.86,0,36.42
2015/11/27,38.22,38.30,34.54,34.86,0,36.42
2015/11/30,38.22,38.30,34.54,34.86,0,36.42
2015/12/01,38.22,38.30,34.54,34.86,0,36.42
2015/12/02,38.22,38.30,34.54,34.86,0,36.42
2015/12/03,38.22,38.30,34.54,34.86,0,36.42
2015/12/04,38.22,38.30,34.54,34.86,0,36.42
2015/12/07,38.22,38.30,34.54,34.86,0,36.42
2015/12/08,38.22,38.30,34.54,34.86,0,36.42
2015/12/09,38.22,38.30,34.54,34.86,0,36.42
2015/12/10,38.22,38.30,34.54,34.86,0,36.42
2015/12/11,38.22,38.30,34.54,34.86,0,36.42
2015/12/14,38.22,38.30,34.54,34.86,0,36.42
2015/12/15,38.22,38.30,34.54,34.86,0,36.42
2015/12/16,38.22,38.30,34.54,34.86,0,36.42
2015/12/17,38.22,38.30,34.54,34.86,0,36.42
2015/12/18,38.22,38.30,34.54,34.86,0,36.42
2015/12/21,38.22,38.30,34.54,34.86,0,36.42
2015/12/22,38.22,38.30,34.54,34.86,0,36.42
2015/12/23,38.22,38.30,34.54,34.86,0,36.42
2015/12/24,38.22,38.30,34.54,34.86,0,36.42
2015/12/25,38.22,38.30,34.54,34.86,0,36.42
2015/12/28,38.22,38.30,34.54,34.86,0,36.42
2015/12/29,38.22,38.30,34.54,34.86,0,36.42
2015/12/30,38.22,38.30,34.54,34.86,0,36.42
2015/12/31,38.22,38.30,34.54,34.86,0,36.42
2016/01/04,38.22,38.30,34.54,34.86,0,36.42
2016/01/05,38.22,38.30,34.54,34.86,0,36.42
2016/01/06,38.22,38.30,34.54,34.86,0,36.42
2016/01/07,38.22,38.30,34.54,34.86,0,36.42
2016/01/08,38.22,38.30,34.54,34.86,0,36.42
2016/01/11,38.22,38.30,34.54,34.86,0,36.42
2016/01/12,38.22,38.30,34.54,34.86,0,36.42
2016/01/13,38.22,38.30,34.54,34.86,0,36.42
2016/01/14,38.22,38.30,34.54,34.86,0,36.42
2016/01/15,38.22,38.30,34.54,34.86,0,36.42
2016/01/18,38.22,38.30,34.54,34.86,0,36.42
2016/01/19,38.22,38.30,34.54,34.86,0,36.42
2016/01/20,38.22,38.30,34.54,34.86,0,36.42
2016/01/21,38.22,38.30,34.54,34.86,0,36.42
2016/01/22,38.22,38.30,34.54,34.86,0,36.42
2016/01/25,38.22,38.30,34.54,34.86,0,36.42
2016/01/26,38.22,38.30,34.54,34.86,0,36.42
2016/01/27,38.22,38.30,34.54,34.86,0,36.42
2016/01/28,38.22,38.30,34.54,34.86,0,36.42
2016/01/29,38.22,38.30,34.54,34.86,0,36.42
2016/02/01,38.22,38.30,34.54,34.86,0,36.42
2016/02/02,38.22,38.30,34.54,34.86,0,36.42
2016/02/03,38.22,38.30,34.54,34.86,0,36.42
2016/02/04,38.22,38.30,34.54,34.86,0,36.42
2016/02/05,38.22,38.30,34.54,34.86,0,36.42
2016/02/15,38.22,38.30,34.54,34.86,0,36.42
2016/02/16,38.22,38.30,34.54,34.86,0,36.42
2016/02/17,38.22,38.30,34.54,34.86,0,36.42
2016/02/18,38.22,38.30,34.54,34.86,0,36.42
2016/02/19,38.22,38.30,34.54,34.86,0,36.42
2016/02/22,38.22,38.30,34.54,34.86,0,36.42
2016/02/23,38.22,38.30,34.54,34.86,0,36.42
2016/02/24,38.22,38.30,34.54,34.86,0,36.42
2016/02/25,38.22,38.30,34.54,34.86,0,36.42
2016/02/26,38.22,38.30,34.54,34.86,0,36.42
2016/02/29,38.22,38.30,34.54,34.86,0,36.42
2016/03/01,38.22,38.30,34.54,34.86,0,36.42
2016/03/02,38.22,38.30,34.54,34.86,0,36.42
2016/03/03,38.22,38.30,34.54,34.86,0,36.42
2016/03/04,38.22,38.30,34.54,34.86,0,36.42
2016/03/07,38.22,38.30,34.54,34.86,0,36.42
2016/03/08,38.22,38.30,34.54,34.86,0,36.42
2016/03/09,38.22,38.30,34.54,34.86,0,36.42
2016/03/10,38.22,38.30,34.54,34.86,0,36.42
2016/03/11,38.22,38.30,34.54,34.86,0,36.42
2016/03/14,38.22,38.30,34.54,34.86,0,36.42
2016/03/15,38.22,38.30,34.54,34.86,0,36.42
2016/03/16,38.22,38.30,34.54,34.86,0,36.42
2016/03/17,38.22,38.30,34.54,34.86,0,36.42
2016/03/18,38.22,38.30,34.54,34.86,0,36.42
2016/03/21,38.22,38.30,34.54,34.86,0,36.42
2016/03/22,38.22,38.30,34.54,34.86,0,36.42
2016/03/23,38.22,38.30,34.54,34.86,0,36.42
2016/03/24,38.22,38.30,34.54,34.86,0,36.42
2016/03/25,38.22,38.30,34.54,34.86,0,36.42
2016/03/28,38.22,38.30,34.54,34.86,0,36.42
2016/03/29,38.22,38.30,34.54,34.86,0,36.42
2016/03/30,38.22,38.30,34.54,34.86,0,36.42
2016/03/31,38.22,38.30,34.54,34.86,0,36.42
2016/04/01,38.22,38.30,34.54,34.86,0,36.42
2016/04/05,38.22,38.30,34.54,34.86,0,36.42
2016/04/06,38.22,38.30,34.54,34.86,0,36.42
2016/04/07,38.22,38.30,34.54,34.86,0,36.42
2016/04/08,38.22,38.30,34.54,34.86,0,36.42
2016/04/11,38.22,38.30,34.54,34.86,0,36.42
2016/04/12,38.22,38.30,34.54,34.86,0,36.42
2016/04/13,38.22,38.30,34.54,34.86,0,36.42
2016/04/14,38.22,38.30,34.54,34.86,0,36.42
2016/04/15,38.22,38.30,34.54,34.86,0,36.42
2016/04/18,38.22,38.30,34.54,34.86,0,36.42
2016/04/19,38.22,38.30,34.54,34.86,0,36.42
2016/04/20,38.22,38.30,34.54,34.86,0,36.42
2016/04/21,38.22,38.30,34.54,34.86,0,36.42
2016/04/22,38.22,38.30,34.54,34.86,0,36.42
2016/04/25,38.22,38.30,34.54,34.86,0,36.42
2016/04/26,38.22,38.30,34.54,34.86,0,36.42
2016/04/27,38.22,38.30,34.54,34.86,0,36.42
2016/04/28,38.22,38.30,34.54,34.86,0,36.42
2016/04/29,38.22,38.30,34.54,34.86,0,36.42
2016/05/03,38.22,38.30,34.54,34.86,0,36.42
2016/05/04,36.62,36.62,36.62,36.62,5805648,36.62
2016/05/05,38.46,38.46,37.34,38.46,23784440,37.90
2016/05/06,39.98,40.06,36.54,36.54,58241340,38.30
2016/05/09,35.34,35.82,34.70,34.70,16528291,35.26
2016/05/10,33.26,33.90,32.94,32.94,22146975,33.42
2016/05/11,32.30,32.86,31.34,31.34,25024101,32.10
2016/05/12,30.06,30.46,29.82,29.82,22139175,30.14
2016/05/13,29.66,31.34,29.66,30.78,18554707,30.50
2016/05/16,29.66,31.34,29.66,30.78,0,30.50
2016/05/17,29.66,31.34,29.66,30.78,0,30.50
2016/05/18,29.66,31.34,29.66,30.78,0,30.50
2016/05/19,29.66,31.34,29.66,30.78,0,30.50
2016/05/20,29.66,31.34,29.66,30.78,0,30.50
2016/05/23,29.66,31.34,29.66,30.78,0,30.50
2016/05/24,29.66,31.34,29.66,30.78,0,30.50
2016/05/25,29.66,31.34,29.66,30.78,0,30.50
2016/05/26,29.66,31.34,29.66,30.78,0,30.50
2016/05/27,29.66,31.34,29.66,30.78,0,30.50
2016/05/30,29.66,31.34,29.66,30.78,0,30.50
2016/05/31,29.66,31.34,29.66,30.78,0,30.50
2016/06/01,29.66,31.34,29.66,30.78,0,30.50
2016/06/02,29.66,31.34,29.66,30.78,0,30.50
2016/06/03,29.66,31.34,29.66,30.78,0,30.50
2016/06/06,29.66,31.34,29.66,30.78,0,30.50
2016/06/07,29.66,31.34,29.66,30.78,0,30.50
2016/06/08,29.66,31.34,29.66,30.78,0,30.50
2016/06/13,29.66,31.34,29.66,30.78,0,30.50
2016/06/14,29.66,31.34,29.66,30.78,0,30.50
2016/06/15,29.66,31.34,29.66,30.78,0,30.50
2016/06/16,29.66,31.34,29.66,30.78,0,30.50
2016/06/17,29.66,31.34,29.66,30.78,0,30.50
2016/06/20,29.66,31.34,29.66,30.78,0,30.50
2016/06/21,29.66,31.34,29.66,30.78,0,30.50
2016/06/22,29.66,31.34,29.66,30.78,0,30.50
2016/06/23,29.66,31.34,29.66,30.78,0,30.50
2016/06/24,29.66,31.34,29.66,30.78,0,30.50
2016/06/27,29.66,31.34,29.66,30.78,0,30.50
2016/06/28,29.66,31.34,29.66,30.78,0,30.50
2016/06/29,29.66,31.34,29.66,30.78,0,30.50
2016/06/30,29.66,31.34,29.66,30.78,0,30.50
2016/07/01,29.66,31.34,29.66,30.78,0,30.50
2016/07/04,29.66,31.34,29.66,30.78,0,30.50
2016/07/05,29.66,31.34,29.66,30.78,0,30.50
2016/07/06,29.66,31.34,29.66,30.78,0,30.50
2016/07/07,29.66,31.34,29.66,30.78,0,30.50
2016/07/08,29.66,31.34,29.66,30.78,0,30.50
2016/07/11,29.66,31.34,29.66,30.78,0,30.50
2016/07/12,29.66,31.34,29.66,30.78,0,30.50
2016/07/13,29.66,31.34,29.66,30.78,0,30.50
2016/07/14,29.66,31.34,29.66,30.78,0,30.50
2016/07/15,29.66,31.34,29.66,30.78,0,30.50
2016/07/18,29.66,31.34,29.66,30.78,0,30.50
2016/07/19,29.66,31.34,29.66,30.78,0,30.50
2016/07/20,29.66,31.34,29.66,30.78,0,30.50
2016/07/21,29.66,31.34,29.66,30.78,0,30.50
2016/07/22,29.66,31.34,29.66,30.78,0,30.50
2016/07/25,29.66,31.34,29.66,30.78,0,30.50
2016/07/26,29.66,31.34,29.66,30.78,0,30.50
2016/07/27,29.66,31.34,29.66,30.78,0,30.50
2016/07/28,29.66,31.34,29.66,30.78,0,30.50
2016/07/29,29.66,31.34,29.66,30.78,0,30.50
2016/08/01,29.66,31.34,29.66,30.78,0,30.50
2016/08/02,29.66,31.34,29.66,30.78,0,30.50
2016/08/03,29.66,31.34,29.66,30.78,0,30.50
2016/08/04,29.66,31.34,29.66,30.78,0,30.50
2016/08/05,29.66,31.34,29.66,30.78,0,30.50
2016/08/08,29.66,31.34,29.66,30.78,0,30.50
