Date, SZ300453.Open, SZ300453.High, SZ300453.Low, SZ300453.Close, SZ300453.Volume, SZ300453.Adjusted
2015/05/15,16.98,18.53,16.98,18.53,8000,18.43
2015/05/18,20.38,20.38,20.38,20.38,2700,20.38
2015/05/19,22.42,22.42,22.42,22.42,1500,22.42
2015/05/20,24.66,24.66,24.66,24.66,2000,24.66
2015/05/21,27.13,27.13,27.13,27.13,2800,27.13
2015/05/22,29.84,29.84,29.84,29.84,3500,29.84
2015/05/25,32.82,32.82,32.82,32.82,2500,32.82
2015/05/26,36.10,36.10,36.10,36.10,3100,36.10
2015/05/27,39.71,39.71,39.71,39.71,3800,39.71
2015/05/28,43.68,43.68,43.68,43.68,11200,43.68
2015/05/29,48.05,48.05,48.05,48.05,19500,48.05
2015/06/01,52.86,52.86,52.86,52.86,7300,52.86
2015/06/02,58.15,58.15,58.15,58.15,7800,58.15
2015/06/03,63.97,63.97,63.97,63.97,31700,63.97
2015/06/04,70.37,70.37,70.37,70.37,67800,70.37
2015/06/05,77.41,77.41,77.41,77.41,39200,77.41
2015/06/08,85.15,85.15,85.15,85.15,125800,85.15
2015/06/09,80.00,85.14,76.64,76.77,9754114,78.14
2015/06/10,72.61,84.45,72.21,84.45,6112397,79.16
2015/06/11,86.55,92.90,85.72,92.90,5550517,91.56
2015/06/12,102.18,102.19,85.68,87.00,11229170,95.67
2015/06/15,78.31,80.92,78.30,78.30,6487702,78.54
2015/06/16,74.99,78.00,71.51,75.00,4992815,73.97
2015/06/17,74.26,75.80,68.00,73.40,4128589,71.95
2015/06/18,73.00,73.00,66.06,67.06,3070707,69.42
2015/06/19,64.60,68.55,62.80,64.00,2792244,65.36
2015/06/23,64.39,68.85,64.00,68.20,3524684,66.77
2015/06/24,68.41,69.49,66.18,67.80,3461154,67.69
2015/06/25,67.00,67.20,63.19,64.31,1936146,65.91
2015/06/26,61.00,61.94,57.88,57.88,1930848,59.55
2015/06/29,58.20,59.90,52.09,52.09,1947540,53.31
2015/06/30,50.18,55.00,46.88,54.40,2520086,50.76
2015/07/01,52.78,57.65,49.00,50.20,3081661,54.60
2015/07/02,49.50,52.30,46.00,46.60,1738895,49.02
2015/07/03,44.50,49.58,41.95,44.32,2207724,45.25
2015/07/06,48.75,48.75,41.00,43.48,2748179,45.85
2015/07/07,43.00,43.00,39.13,39.13,1146700,39.93
2015/07/08,35.22,37.95,35.22,35.23,2238385,35.47
2015/07/09,34.90,38.75,34.90,38.75,3468651,38.23
2015/07/10,42.00,42.63,41.18,42.63,1126389,42.32
2015/07/13,46.89,46.89,44.89,46.89,2071461,46.82
2015/07/14,49.00,51.58,47.00,51.58,4706461,50.68
2015/07/15,49.00,50.45,46.42,46.42,2501494,47.47
2015/07/16,42.01,48.84,42.00,46.20,2382303,45.92
2015/07/17,46.39,50.25,46.25,49.85,2339424,48.38
2015/07/20,49.16,52.05,48.96,49.80,2805164,50.12
2015/07/21,48.58,53.50,48.05,52.86,3338054,50.79
2015/07/22,52.20,53.80,51.43,52.77,3445792,52.27
2015/07/23,52.62,58.05,51.75,58.05,3247621,55.15
2015/07/24,59.02,62.50,55.41,56.49,5029058,59.41
2015/07/27,54.28,60.78,50.84,50.91,4022646,55.81
2015/07/28,48.51,54.50,46.10,51.50,4027039,50.55
2015/07/29,52.99,56.65,48.01,56.65,3937027,52.34
2015/07/30,55.90,60.00,55.00,55.20,5078888,57.27
2015/07/31,53.50,59.10,52.60,56.40,3857191,55.75
2015/08/03,54.10,58.40,51.40,54.01,3333419,54.71
2015/08/04,54.00,59.33,50.50,59.30,4924708,54.83
2015/08/05,57.93,62.50,57.07,60.01,5336985,59.58
2015/08/06,57.30,59.25,55.72,57.00,3211596,57.84
2015/08/07,56.65,61.87,56.60,61.75,4187701,59.18
2015/08/10,62.60,66.20,60.75,66.20,3987201,63.35
2015/08/11,65.00,66.85,63.30,63.99,4097282,64.65
2015/08/12,63.00,64.66,60.28,63.37,2626807,62.54
2015/08/13,62.00,64.24,60.81,64.24,2196487,62.66
2015/08/14,64.40,64.50,62.52,63.49,1998456,63.56
2015/08/17,62.80,62.80,59.36,62.65,2243727,60.81
2015/08/18,61.60,62.00,56.39,56.39,1858250,59.12
2015/08/19,54.00,57.00,50.75,56.00,2483075,53.08
2015/08/20,54.42,56.13,51.80,55.30,2924236,54.62
2015/08/21,53.00,54.48,50.95,51.05,1196329,52.73
2015/08/24,47.00,50.03,45.95,45.95,1308500,46.28
2015/08/25,41.40,45.80,41.36,41.36,5543062,42.57
2015/08/26,42.00,45.18,39.00,39.30,4389668,42.01
2015/08/27,40.23,42.10,36.88,40.20,3197187,39.57
2015/08/28,41.00,43.00,39.51,42.80,3314910,41.17
2015/08/31,42.00,42.00,38.52,38.52,2203117,40.21
2015/09/01,37.01,37.50,34.67,34.67,2296166,35.57
2015/09/02,32.45,37.78,31.67,33.40,2441082,34.80
2015/09/07,34.50,36.00,34.00,34.71,1404598,35.13
2015/09/08,34.70,38.18,34.02,37.99,2200741,36.48
2015/09/09,38.27,40.05,37.90,39.78,2393299,39.24
2015/09/10,38.81,40.58,38.51,39.35,1822559,39.66
2015/09/11,39.01,40.60,38.72,39.91,1501640,39.68
2015/09/14,39.95,39.95,35.92,35.92,1755286,37.48
2015/09/15,34.50,35.76,32.68,32.90,1577378,34.10
2015/09/16,33.53,36.19,33.00,36.19,1589637,34.67
2015/09/17,36.19,38.00,35.40,35.70,1689504,36.74
2015/09/18,35.80,37.20,35.08,36.88,1340539,36.36
2015/09/21,36.00,40.57,35.60,40.57,3220877,39.34
2015/09/22,41.60,42.60,40.01,41.49,3741358,41.33
2015/09/23,40.39,41.99,40.05,41.08,2507092,41.14
2015/09/24,41.40,42.32,40.85,41.60,2257222,41.56
2015/09/25,41.50,42.38,38.85,39.01,2335206,40.72
2015/09/28,39.29,42.09,38.34,41.80,2033711,40.41
2015/09/29,41.00,41.59,39.88,40.90,1673511,40.82
2015/09/30,41.25,41.44,39.63,40.36,1038659,40.54
2015/10/08,42.78,43.28,41.34,42.15,1927422,42.42
2015/10/09,42.30,42.86,41.85,42.51,1490576,42.35
2015/10/12,43.00,45.64,42.87,45.02,2521200,44.49
2015/10/13,44.41,45.29,44.35,45.25,1760083,44.91
2015/10/14,45.36,47.05,44.71,45.27,2323612,45.94
2015/10/15,45.00,49.80,44.50,49.80,3411407,47.36
2015/10/16,50.21,51.20,49.79,50.61,2982028,50.27
2015/10/19,49.98,50.33,48.61,49.00,2144634,49.40
2015/10/20,49.49,50.50,49.00,50.37,1791858,49.90
2015/10/21,50.00,50.80,45.33,45.33,2860064,48.11
2015/10/22,45.61,49.86,45.61,49.86,4977565,49.18
2015/10/23,54.85,54.85,54.85,54.85,1177649,54.85
2015/10/26,57.99,60.00,54.85,59.98,6810528,57.65
2015/10/27,56.88,63.60,54.98,61.40,5734758,59.11
2015/10/28,60.35,65.08,58.00,60.40,4988999,61.49
2015/10/29,60.50,62.08,58.51,60.60,3222663,60.41
2015/10/30,60.09,61.45,56.89,59.10,3195718,59.21
2015/11/02,57.13,65.00,56.10,60.77,3290015,61.84
2015/11/03,61.09,66.35,61.09,64.00,3862781,63.54
2015/11/04,63.05,68.50,62.60,67.64,3627368,65.74
2015/11/05,67.31,72.83,66.80,67.81,3822238,69.38
2015/11/06,68.08,71.06,68.08,70.01,2681281,69.80
2015/11/09,68.98,74.36,67.32,73.00,3117761,71.21
2015/11/10,72.00,74.26,70.06,72.41,2278235,72.34
2015/11/11,72.00,79.65,71.01,79.65,3362358,76.53
2015/11/12,81.60,86.00,78.32,82.40,3698028,81.54
2015/11/13,80.00,81.53,74.16,74.16,3819363,75.98
2015/11/16,70.50,73.37,70.02,72.78,2570246,71.89
2015/11/17,74.10,74.98,66.75,69.30,2465056,72.14
2015/11/18,69.60,71.98,67.06,67.99,1703787,69.08
2015/11/19,68.98,74.79,68.51,74.79,2761072,72.02
2015/11/20,75.10,78.50,73.50,76.28,2746775,75.52
2015/11/23,75.19,79.00,72.71,73.50,2168895,75.81
2015/11/24,74.01,80.85,73.00,80.85,3252630,78.23
2015/11/25,80.81,85.80,80.01,81.86,3459791,82.67
2015/11/26,81.40,84.87,79.06,80.31,2416483,81.95
2015/11/27,78.70,82.30,73.50,76.90,2718265,78.16
2015/11/30,77.60,82.37,75.30,82.18,3615805,80.08
2015/12/01,81.99,82.10,73.96,75.30,2906620,78.60
2015/12/02,73.30,75.42,67.80,75.35,2547723,72.11
2015/12/03,73.99,80.45,73.98,79.80,2158866,77.82
2015/12/04,79.77,83.05,78.00,81.20,2566398,80.29
2015/12/07,81.51,82.10,78.68,81.77,1970792,80.69
2015/12/08,81.20,86.99,80.50,82.40,2612665,83.99
2015/12/09,81.81,82.70,76.80,77.72,1877261,79.11
2015/12/10,76.95,78.60,74.57,75.80,1168420,76.50
2015/12/11,75.50,77.97,75.20,75.35,761380,76.37
2015/12/14,73.99,77.50,73.01,77.50,889096,75.81
2015/12/15,77.48,79.25,74.91,75.70,2075637,76.36
2015/12/16,75.90,78.50,75.70,76.29,1415592,76.96
2015/12/17,77.00,79.70,76.69,79.38,2350847,77.72
2015/12/18,78.70,79.12,76.03,76.76,1488143,77.37
2015/12/21,76.70,76.80,74.02,76.07,1008332,75.53
2015/12/22,75.88,77.00,75.61,76.38,835740,76.42
2015/12/23,76.38,78.50,75.60,77.56,1576488,77.12
2015/12/24,77.88,80.60,77.05,79.60,2631726,79.14
2015/12/25,79.78,81.49,76.50,76.93,2239750,78.87
2015/12/28,76.25,76.35,69.51,70.40,2652977,73.54
2015/12/29,70.40,71.58,69.70,71.21,1010585,70.84
2015/12/30,71.97,71.97,70.09,70.68,888232,70.65
2015/12/31,70.98,73.50,68.08,68.58,1129282,69.89
2016/01/04,68.90,68.90,61.72,61.73,1101592,64.51
2016/01/05,58.55,61.85,56.40,60.30,1272801,59.75
2016/01/06,60.55,64.20,60.13,63.47,1230368,61.82
2016/01/07,61.00,61.80,57.25,57.27,424740,58.81
2016/01/08,57.72,60.91,53.11,60.08,1530223,58.49
2016/01/11,58.10,61.55,55.00,57.00,1512532,58.50
2016/01/12,57.00,61.86,56.60,61.83,2700361,59.99
2016/01/13,61.00,61.75,59.30,59.50,2009120,60.55
2016/01/14,56.98,63.35,54.00,62.40,2205793,59.13
2016/01/15,61.01,61.95,57.00,57.50,1972444,59.97
2016/01/18,57.00,59.69,55.80,58.32,1388381,58.28
2016/01/19,58.01,60.48,57.17,60.24,1496344,58.86
2016/01/20,59.69,62.83,59.04,62.33,2222797,61.43
2016/01/21,61.00,62.49,57.70,57.70,1783792,60.61
2016/01/22,58.50,59.44,56.20,58.70,1148468,57.81
2016/01/25,59.40,60.25,58.50,59.20,958931,59.55
2016/01/26,57.30,58.48,53.28,53.28,1283777,56.07
2016/01/27,53.28,53.94,48.05,51.60,1345149,50.49
2016/01/28,50.50,50.57,46.44,46.44,893416,48.33
2016/01/29,46.10,49.60,45.55,48.96,1268743,48.01
2016/02/01,48.40,49.44,46.60,48.36,724797,48.23
2016/02/02,48.40,50.78,48.36,50.10,845479,49.92
2016/02/03,49.05,49.94,48.68,49.74,622392,49.25
2016/02/04,49.76,52.35,49.75,51.59,911837,51.30
2016/02/05,52.19,52.47,50.05,50.45,724320,51.30
2016/02/15,47.89,51.48,47.50,51.18,652306,50.29
2016/02/16,51.50,53.87,51.50,53.48,1011087,53.08
2016/02/17,53.17,54.34,52.65,54.06,1002428,53.65
2016/02/18,54.80,56.98,54.75,55.03,1542902,55.64
2016/02/19,55.56,60.53,55.18,60.28,2729176,59.32
2016/02/22,60.30,62.36,59.33,62.25,2585403,60.75
2016/02/23,61.55,62.20,59.20,61.25,1664542,60.82
2016/02/24,61.14,61.98,56.61,57.90,2266409,58.51
2016/02/25,57.00,57.00,52.11,52.11,2501372,54.28
2016/02/26,51.56,52.95,49.50,50.06,1251530,51.13
2016/02/29,50.09,50.42,45.05,45.08,1315718,46.06
2016/03/01,45.35,47.33,42.82,46.38,1185194,45.35
2016/03/02,46.06,49.78,45.98,49.00,1169752,47.63
2016/03/03,49.30,50.65,48.59,48.66,1084964,49.81
2016/03/04,48.44,48.93,43.98,44.55,1156472,46.49
2016/03/07,45.68,49.01,45.35,49.01,1416060,47.65
2016/03/08,48.52,50.67,45.01,50.21,1597752,48.50
2016/03/09,49.11,51.98,47.27,48.60,1302983,49.43
2016/03/10,48.60,49.46,47.07,47.31,888593,48.29
2016/03/11,47.05,47.99,46.66,47.63,674294,47.37
2016/03/14,48.30,51.95,48.30,50.64,1343318,50.71
2016/03/15,49.90,51.40,49.90,50.20,866233,50.59
2016/03/16,51.50,51.70,48.56,49.50,1054067,50.06
2016/03/17,49.70,52.55,49.59,52.18,1298712,51.43
2016/03/18,52.33,56.60,52.00,55.50,1982795,54.57
2016/03/21,57.00,59.07,55.50,58.38,2237022,56.74
2016/03/22,57.55,61.87,57.44,60.60,2276960,59.86
2016/03/23,59.79,63.50,59.13,63.24,2402533,61.07
2016/03/24,62.50,65.25,61.55,61.81,2884382,63.24
2016/03/25,61.81,62.03,57.26,59.90,2138055,59.89
2016/03/28,61.90,64.80,61.11,62.80,2644342,63.02
2016/03/29,63.01,63.66,59.21,61.80,2093950,61.63
2016/03/30,62.66,67.98,62.61,67.98,2875127,65.85
2016/03/31,72.88,74.78,70.50,74.78,8498607,73.61
2016/04/01,73.20,73.20,67.32,69.22,13814126,70.26
2016/04/05,68.54,71.00,67.22,69.20,9138021,69.11
2016/04/06,68.80,71.74,67.70,70.64,8794354,69.72
2016/04/07,71.60,71.60,66.20,66.24,9377289,68.90
2016/04/08,64.80,64.92,61.60,63.14,6204452,63.26
2016/04/11,64.24,65.70,63.62,65.14,4736663,64.66
2016/04/12,64.84,65.00,59.86,61.46,6115773,62.43
2016/04/13,61.00,63.36,61.00,62.08,5012914,62.18
2016/04/14,62.40,64.40,61.92,64.10,4831818,63.16
2016/04/15,64.32,65.62,63.70,64.02,4359613,64.66
2016/04/18,62.90,65.98,61.78,65.64,6192694,63.88
2016/04/19,65.10,65.64,63.22,64.20,3931880,64.43
2016/04/20,64.00,64.40,58.00,58.36,5279241,61.20
2016/04/21,58.20,59.20,56.60,57.40,2960034,57.90
2016/04/22,57.40,59.06,56.64,58.46,2273932,57.85
2016/04/25,57.84,58.12,56.66,57.64,1855682,57.39
2016/04/26,58.06,58.80,57.60,58.78,1735246,58.20
2016/04/27,58.92,59.16,57.20,57.40,1979953,58.18
2016/04/28,57.02,60.56,57.00,60.00,4178386,58.78
2016/04/29,59.20,61.20,57.96,59.30,4509941,59.58
2016/05/03,59.34,60.18,57.86,60.00,3574185,59.02
2016/05/04,59.80,60.16,58.98,59.12,3067414,59.57
2016/05/05,58.96,62.00,58.96,61.40,4971684,60.48
2016/05/06,61.78,61.78,56.44,57.00,4832932,59.11
2016/05/09,56.10,56.10,51.56,51.80,3072406,53.83
2016/05/10,53.20,54.34,52.36,52.60,2530444,53.35
2016/05/11,52.76,53.02,50.76,51.86,2164326,51.89
2016/05/12,50.64,51.10,48.64,51.02,1670788,49.87
2016/05/13,50.22,51.58,50.00,50.24,1411616,50.79
2016/05/16,50.30,51.98,50.22,51.66,1329941,51.10
2016/05/17,52.20,55.00,51.60,53.22,2665682,53.30
2016/05/18,51.80,51.86,48.86,50.00,2438050,50.36
2016/05/19,50.00,51.32,49.80,49.88,1856255,50.56
2016/05/20,49.68,50.90,48.62,50.80,1640635,49.76
2016/05/23,51.14,51.72,50.86,51.46,1877812,51.29
2016/05/24,50.72,51.44,50.06,50.42,1637746,50.75
2016/05/25,50.70,51.68,49.84,50.20,1899824,50.76
2016/05/26,50.12,50.30,48.10,49.76,2730092,49.20
2016/05/27,49.92,49.92,48.86,49.20,2139847,49.39
2016/05/30,48.60,49.00,47.94,48.40,2388477,48.47
2016/05/31,48.56,51.20,48.50,51.16,4111459,49.85
2016/06/01,51.28,51.90,50.88,51.40,4440077,51.39
2016/06/02,51.18,55.00,50.94,54.08,7036871,52.97
2016/06/03,53.90,54.18,52.54,53.50,4870573,53.36
2016/06/06,53.52,53.80,52.52,53.20,3001807,53.16
2016/06/07,53.60,55.96,53.22,55.12,5173918,54.59
2016/06/08,54.56,54.58,52.72,53.10,3871481,53.65
2016/06/13,51.70,52.08,47.98,48.18,4152407,50.03
2016/06/14,47.56,48.96,47.56,48.92,2216551,48.26
2016/06/15,48.20,50.90,47.80,50.34,2653400,49.35
2016/06/16,50.40,50.70,49.26,49.42,2577779,49.98
2016/06/17,49.50,51.42,49.50,50.58,3074950,50.46
2016/06/20,50.36,51.12,49.58,50.68,2222093,50.35
2016/06/21,51.20,51.70,49.80,49.92,2514369,50.75
2016/06/22,49.60,51.40,49.32,51.32,2576039,50.36
2016/06/23,51.48,51.48,50.06,50.52,2338635,50.77
2016/06/24,50.70,51.40,47.58,49.90,2790485,49.49
2016/06/27,49.60,52.06,49.00,52.00,4640942,50.53
2016/06/28,51.98,53.48,51.42,52.84,5590928,52.45
2016/06/29,53.10,53.40,52.26,52.44,3768994,52.83
2016/06/30,52.24,53.02,52.16,52.58,3447577,52.59
2016/07/01,53.00,54.00,52.36,52.50,3964050,53.18
2016/07/04,51.80,53.80,51.60,53.58,4232566,52.70
2016/07/05,53.78,54.16,53.36,53.80,3998898,53.76
2016/07/06,53.80,55.00,53.52,54.70,4137782,54.26
2016/07/07,54.90,56.70,54.60,55.80,7817568,55.65
2016/07/08,56.02,56.16,54.96,55.30,3849893,55.56
2016/07/11,55.12,55.72,53.62,53.62,3777994,54.67
2016/07/12,53.80,55.10,52.70,55.06,3713842,53.90
2016/07/13,55.14,57.00,55.14,55.84,5047657,56.07
2016/07/14,55.60,55.80,54.62,55.28,2915512,55.21
2016/07/15,55.18,55.62,54.52,54.84,1797351,55.07
2016/07/18,54.20,54.20,52.82,53.24,3361927,53.51
2016/07/19,53.00,54.18,52.90,54.16,2335829,53.54
2016/07/20,53.80,54.58,53.78,54.18,2254540,54.18
2016/07/21,53.90,54.70,53.82,53.90,1921452,54.26
2016/07/22,54.54,54.54,52.90,52.94,2028070,53.72
2016/07/25,52.86,53.66,52.82,53.20,1320860,53.24
2016/07/26,53.28,54.32,53.28,54.16,1694400,53.80
2016/07/27,54.50,54.50,48.86,50.26,4862700,51.68
2016/07/28,50.20,50.54,48.96,49.84,2247100,49.75
2016/07/29,49.92,50.50,48.82,49.58,1426270,49.66
2016/08/01,49.56,50.58,47.66,49.86,2053685,49.12
2016/08/02,49.62,50.12,49.42,50.04,1013125,49.77
2016/08/03,50.10,50.10,49.60,49.90,888312,49.85
2016/08/04,49.98,50.38,49.60,49.92,1157856,49.99
2016/08/05,49.82,50.04,49.12,49.12,1055693,49.58
2016/08/08,48.86,49.98,48.26,49.82,1123217,49.12
