Date, SZ300164.Open, SZ300164.High, SZ300164.Low, SZ300164.Close, SZ300164.Volume, SZ300164.Adjusted
2011/01/13,56.31,59.53,55.00,58.59,10825154,57.86
2011/01/14,56.02,56.18,52.73,52.73,6344591,53.23
2011/01/17,50.88,52.30,49.51,50.99,3279010,50.58
2011/01/18,50.00,50.00,48.01,48.99,2287376,49.01
2011/01/19,48.99,50.05,48.88,49.90,1615372,49.41
2011/01/20,49.80,49.80,47.78,47.99,1357977,48.82
2011/01/21,47.03,48.87,47.03,47.72,1345482,47.80
2011/01/24,47.81,48.59,45.80,45.80,1069737,47.13
2011/01/25,45.81,46.37,45.33,45.99,645705,45.86
2011/01/26,46.01,47.80,46.01,46.78,816859,47.00
2011/01/27,46.90,48.35,46.70,47.70,586211,47.57
2011/01/28,47.56,47.85,46.84,47.30,611752,47.28
2011/01/31,47.01,50.15,47.01,50.01,1664934,49.09
2011/02/01,49.62,49.66,48.70,48.91,730422,49.10
2011/02/09,48.00,48.59,47.30,48.00,642516,48.02
2011/02/10,48.25,49.51,47.68,49.45,779164,48.75
2011/02/11,49.52,49.85,49.04,49.80,739327,49.43
2011/02/14,50.00,50.27,49.23,50.07,773193,49.87
2011/02/15,49.96,51.43,49.83,49.97,900866,50.54
2011/02/16,49.84,50.95,49.60,50.78,621280,50.29
2011/02/17,50.90,51.50,50.48,51.50,863373,51.09
2011/02/18,52.26,52.28,50.61,50.83,1049700,51.32
2011/02/21,50.90,51.65,50.90,51.38,854054,51.27
2011/02/22,52.08,52.60,49.70,49.71,1002683,50.97
2011/02/23,49.52,50.33,49.51,49.90,434711,49.91
2011/02/24,50.20,50.24,49.01,49.89,650255,49.62
2011/02/25,49.90,50.00,48.99,49.60,393738,49.38
2011/02/28,49.50,50.28,49.21,50.05,494280,49.81
2011/03/01,50.29,50.87,49.73,50.00,652782,50.22
2011/03/02,50.10,50.66,49.90,50.48,563397,50.27
2011/03/03,50.30,51.48,49.90,50.93,1275054,50.84
2011/03/04,51.01,51.48,50.42,51.16,706559,50.92
2011/03/07,51.59,52.35,50.66,52.30,1298036,51.34
2011/03/08,52.40,53.99,52.40,53.01,2005820,53.29
2011/03/09,52.68,52.95,52.01,52.28,625491,52.33
2011/03/10,52.07,52.84,51.60,51.65,565841,52.19
2011/03/11,51.63,52.22,51.20,51.48,450544,51.60
2011/03/14,51.35,52.16,51.21,52.07,367178,51.79
2011/03/15,52.22,52.22,50.50,51.10,684621,51.24
2011/03/16,50.81,51.39,50.73,51.27,276342,51.18
2011/03/17,50.78,51.69,50.51,50.66,409621,51.15
2011/03/18,51.00,51.20,50.61,50.68,207282,50.77
2011/03/21,50.69,51.66,50.51,51.25,329782,51.29
2011/03/22,51.25,51.25,50.23,50.39,348601,50.45
2011/03/23,50.63,50.83,50.16,50.70,205343,50.53
2011/03/24,50.75,51.40,50.53,50.99,404507,51.07
2011/03/25,50.75,51.45,50.51,51.10,301287,51.07
2011/03/28,51.10,51.16,48.90,48.98,714494,49.95
2011/03/29,48.97,48.97,46.90,47.08,723041,47.73
2011/03/30,47.00,47.35,46.42,46.85,230952,46.76
2011/03/31,46.60,47.70,46.52,47.46,307367,47.37
2011/04/01,47.50,47.80,47.16,47.79,141827,47.54
2011/04/06,47.65,47.87,47.02,47.48,182070,47.51
2011/04/07,47.58,48.44,47.51,48.03,193560,48.08
2011/04/08,48.03,48.33,47.84,48.20,166115,48.16
2011/04/11,48.25,48.55,47.92,48.00,224709,48.21
2011/04/12,47.50,47.99,47.00,47.02,188139,47.17
2011/04/13,47.20,47.78,47.03,47.69,176749,47.48
2011/04/14,47.88,47.88,46.88,46.89,161680,47.19
2011/04/15,46.89,47.16,46.68,47.00,152931,46.91
2011/04/18,46.80,47.69,46.70,47.48,170606,47.30
2011/04/19,47.15,47.30,45.88,46.30,412657,46.33
2011/04/20,46.51,46.51,45.45,46.21,383709,45.73
2011/04/21,46.18,46.30,45.00,45.30,647259,45.49
2011/04/22,44.50,44.50,40.85,41.28,2296185,42.16
2011/04/25,41.05,41.47,40.65,41.00,785276,41.12
2011/04/26,40.90,41.20,40.34,40.65,330449,40.77
2011/04/27,40.95,41.30,40.05,40.43,241323,40.73
2011/04/28,40.43,40.58,38.86,38.86,485550,39.44
2011/04/29,39.13,39.39,37.00,39.27,409101,38.46
2011/05/03,39.28,39.60,38.88,39.52,246661,39.25
2011/05/04,39.00,39.19,38.10,38.36,188249,38.65
2011/05/05,38.13,38.67,38.00,38.35,200005,38.32
2011/05/06,37.73,38.29,37.46,37.94,357242,37.85
2011/05/09,37.95,38.58,37.81,38.27,184678,38.33
2011/05/10,38.19,38.64,38.18,38.62,140309,38.38
2011/05/11,38.62,38.98,38.21,38.78,171986,38.59
2011/05/12,38.41,38.77,37.90,37.95,203348,38.31
2011/05/13,37.97,38.30,37.41,38.22,182051,37.80
2011/05/16,38.20,38.34,38.00,38.04,95899,38.12
2011/05/17,38.32,38.32,37.80,38.00,118570,38.05
2011/05/18,38.19,38.19,37.82,38.10,93900,38.10
2011/05/19,38.12,38.30,37.81,37.90,115565,38.02
2011/05/20,38.00,38.19,37.46,37.46,156683,37.62
2011/05/23,37.40,37.41,35.60,35.94,344763,36.18
2011/05/24,35.51,36.90,35.00,36.44,358966,35.97
2011/05/25,35.51,36.90,35.00,36.44,0,35.95
2011/05/26,35.70,35.91,35.01,35.23,268958,35.41
2011/05/27,35.25,35.25,34.50,34.66,184378,34.76
2011/05/30,34.60,35.22,34.20,34.44,224900,34.72
2011/05/31,34.50,35.41,34.46,35.00,125859,34.77
2011/06/01,34.80,35.35,34.80,35.35,139439,35.16
2011/06/02,35.00,35.35,34.40,35.26,149929,34.90
2011/06/03,35.25,35.80,35.23,35.61,125666,35.56
2011/06/07,35.33,35.70,35.33,35.61,65349,35.55
2011/06/08,35.68,35.68,35.01,35.58,65660,35.28
2011/06/09,35.58,35.70,35.14,35.19,224055,35.29
2011/06/10,35.25,35.25,34.12,34.68,114038,34.68
2011/06/13,34.46,34.88,33.98,34.82,195215,34.43
2011/06/14,34.46,34.94,34.46,34.82,93810,34.70
2011/06/15,34.71,34.87,34.46,34.64,140029,34.66
2011/06/16,34.58,34.58,33.46,33.60,265671,34.02
2011/06/17,33.62,33.84,33.01,33.12,73749,33.43
2011/06/20,33.12,33.57,32.91,33.16,110820,33.24
2011/06/21,33.50,33.81,33.04,33.57,133459,33.43
2011/06/22,33.51,33.56,32.90,32.95,72831,33.23
2011/06/23,33.14,34.53,32.95,34.38,337421,33.74
2011/06/24,34.32,35.14,34.11,35.05,333929,34.63
2011/06/27,35.16,36.32,34.75,35.96,444088,35.54
2011/06/28,35.34,35.95,35.34,35.80,172497,35.65
2011/06/29,35.96,36.45,35.68,35.94,352884,36.07
2011/06/30,35.58,36.86,35.40,36.84,301003,36.13
2011/07/01,36.36,37.45,36.36,37.09,304845,36.91
2011/07/04,36.36,37.45,36.36,37.09,0,36.91
2011/07/05,37.94,38.24,37.36,37.58,429611,37.80
2011/07/06,37.39,37.93,37.11,37.70,229260,37.52
2011/07/07,37.53,38.77,37.38,37.89,530876,38.08
2011/07/08,37.70,38.06,37.58,37.80,220660,37.82
2011/07/11,37.76,37.76,36.97,37.51,470542,37.36
2011/07/12,37.34,38.35,36.75,37.86,636027,37.55
2011/07/13,38.40,38.76,37.87,38.49,451728,38.31
2011/07/14,38.54,39.36,38.54,39.30,443403,38.95
2011/07/15,39.37,39.78,38.79,39.34,278838,39.29
2011/07/18,40.04,40.50,38.90,38.97,487734,39.70
2011/07/19,38.91,39.10,38.22,38.34,427063,38.66
2011/07/20,38.42,39.50,38.42,39.42,504827,38.96
2011/07/21,39.48,41.90,39.15,41.79,1049632,40.52
2011/07/22,41.18,41.79,40.64,41.18,713451,41.21
2011/07/25,41.14,41.40,39.98,40.09,869255,40.69
2011/07/26,40.09,40.10,38.60,39.21,363529,39.35
2011/07/27,39.16,40.46,38.68,40.20,301877,39.57
2011/07/28,39.56,40.60,39.50,40.41,276051,40.05
2011/07/29,40.45,40.56,39.63,39.94,196719,40.10
2011/08/01,39.18,40.39,39.18,40.09,272872,39.79
2011/08/02,40.26,40.28,38.92,40.27,254033,39.60
2011/08/03,40.02,40.75,39.76,40.58,192211,40.25
2011/08/04,40.77,40.77,40.14,40.58,273192,40.46
2011/08/05,39.62,41.29,39.02,41.10,500876,40.16
2011/08/08,40.15,40.98,38.37,40.26,598017,39.67
2011/08/09,39.02,40.05,37.22,39.42,305551,38.63
2011/08/10,39.42,41.30,39.42,40.76,636320,40.36
2011/08/11,40.66,42.72,40.24,42.51,651206,41.48
2011/08/12,42.74,42.81,41.85,41.91,509033,42.33
2011/08/15,41.78,42.60,41.40,42.01,758650,42.00
2011/08/16,42.24,42.30,41.46,41.66,255760,41.88
2011/08/17,41.96,41.96,41.36,41.72,384015,41.66
2011/08/18,41.92,41.92,40.94,41.20,276260,41.43
2011/08/19,39.57,41.05,39.26,40.58,526932,40.15
2011/08/22,40.58,42.00,40.58,41.11,403149,41.29
2011/08/23,41.31,41.92,40.82,41.72,180953,41.37
2011/08/24,42.14,43.76,42.14,43.34,857399,42.95
2011/08/25,43.33,43.52,42.26,42.74,467686,42.89
2011/08/26,42.74,43.33,42.26,43.22,205214,42.79
2011/08/29,42.74,44.23,42.74,43.87,502828,43.48
2011/08/30,44.25,44.30,42.26,42.82,314811,43.28
2011/08/31,42.49,42.98,41.42,41.77,366862,42.20
2011/09/01,42.48,42.48,41.30,41.66,177144,41.89
2011/09/02,41.36,41.42,40.86,41.36,112061,41.14
2011/09/05,40.94,41.90,40.72,41.16,253603,41.31
2011/09/06,41.25,41.54,40.94,41.23,113061,41.24
2011/09/07,41.54,42.50,41.28,42.48,143399,41.89
2011/09/08,42.50,42.91,41.37,42.01,115000,42.14
2011/09/09,41.49,42.33,40.70,41.12,190174,41.52
2011/09/13,40.58,41.01,39.18,39.96,141106,40.09
2011/09/14,40.10,40.51,39.14,40.10,148146,39.82
2011/09/15,40.10,40.68,39.80,39.85,109588,40.24
2011/09/16,40.22,40.34,39.84,39.97,59480,40.09
2011/09/19,39.88,39.88,39.26,39.26,69020,39.57
2011/09/20,39.49,40.68,39.26,40.32,150600,39.97
2011/09/21,39.81,41.36,39.81,41.07,342101,40.59
2011/09/22,41.18,41.18,39.20,39.62,191561,40.19
2011/09/23,39.15,39.15,37.70,38.60,367435,38.43
2011/09/26,37.95,38.74,37.26,38.06,415419,38.00
2011/09/27,38.07,38.24,37.24,37.46,249891,37.74
2011/09/28,37.81,38.14,36.72,36.87,110842,37.43
2011/09/29,36.50,36.82,34.72,36.82,319197,35.77
2011/09/30,35.89,36.49,35.30,36.42,143820,35.89
2011/10/10,36.32,36.32,35.30,35.30,84839,35.81
2011/10/11,36.48,36.48,34.94,35.26,68780,35.71
2011/10/12,34.62,36.72,34.62,36.16,259599,35.67
2011/10/13,36.46,37.98,36.39,37.40,307870,37.18
2011/10/14,37.48,37.69,36.55,37.12,123073,37.12
2011/10/17,37.92,37.92,36.76,37.29,62620,37.34
2011/10/18,37.22,37.22,36.30,36.58,107430,36.76
2011/10/19,36.93,36.96,35.90,36.26,94720,36.43
2011/10/20,35.94,36.50,35.73,36.24,202691,36.11
2011/10/21,36.13,36.26,34.92,35.30,165870,35.59
2011/10/24,35.66,36.09,35.07,36.02,199792,35.58
2011/10/25,36.26,37.45,36.02,37.15,222905,36.74
2011/10/26,37.68,37.68,36.33,37.34,515440,37.00
2011/10/27,36.92,37.34,36.54,36.79,227490,36.94
2011/10/28,37.21,37.40,36.62,37.04,260888,37.01
2011/10/31,37.56,37.57,37.14,37.53,203381,37.36
2011/11/01,36.98,37.68,36.72,37.34,179350,37.20
2011/11/02,36.98,38.30,36.54,38.30,551793,37.42
2011/11/03,38.30,40.64,38.18,39.40,911941,39.41
2011/11/04,39.50,40.03,39.20,39.73,290587,39.62
2011/11/07,40.02,40.64,38.30,39.78,398243,39.47
2011/11/08,39.84,40.57,39.51,39.98,429358,40.04
2011/11/09,40.03,41.60,40.03,41.56,673417,40.82
2011/11/10,41.07,41.54,40.60,40.88,501639,41.07
2011/11/11,41.23,41.23,40.32,40.76,348785,40.77
2011/11/14,41.16,41.73,40.72,41.65,413556,41.22
2011/11/15,41.76,42.73,41.31,42.44,515371,42.02
2011/11/16,42.34,42.43,40.74,41.34,390282,41.59
2011/11/17,41.06,42.39,40.95,41.94,336202,41.67
2011/11/18,41.94,41.94,39.58,40.68,308568,40.76
2011/11/21,40.57,40.69,39.50,40.20,184149,40.09
2011/11/22,40.04,40.32,39.14,39.67,470889,39.73
2011/11/23,39.80,40.03,39.46,39.74,284300,39.75
2011/11/24,38.78,39.92,38.30,39.72,232669,39.11
2011/11/25,39.68,40.05,39.37,39.72,180576,39.71
2011/11/28,39.72,40.04,39.27,39.87,126466,39.66
2011/11/29,40.09,40.27,39.56,40.27,201856,39.92
2011/11/30,39.99,40.46,38.00,38.82,362172,39.23
2011/12/01,39.57,40.14,38.97,39.08,284390,39.55
2011/12/02,39.02,39.33,38.30,39.07,182533,38.81
2011/12/05,39.01,39.85,37.70,38.06,129283,38.78
2011/12/06,37.63,38.58,36.57,38.26,117690,37.57
2011/12/07,38.42,38.54,37.70,38.16,73431,38.12
2011/12/08,37.77,38.88,37.76,38.60,106430,38.32
2011/12/09,38.59,38.59,37.20,37.87,142200,37.90
2011/12/12,38.06,38.06,36.63,36.63,117330,37.35
2011/12/13,35.92,36.43,34.70,34.70,311264,35.57
2011/12/14,34.93,34.93,33.09,33.26,497062,34.01
2011/12/15,32.95,33.46,32.60,33.03,224140,33.03
2011/12/16,33.08,34.16,32.90,34.15,222893,33.53
2011/12/19,34.06,34.14,33.12,33.98,233262,33.63
2011/12/20,33.72,34.45,33.61,34.10,140049,34.03
2011/12/21,34.33,34.76,33.20,33.20,184700,33.98
2011/12/22,33.20,33.44,31.23,32.35,336939,32.33
2011/12/23,32.08,33.12,32.08,32.79,116686,32.60
2011/12/26,32.36,33.22,32.30,32.72,152336,32.76
2011/12/27,31.63,32.77,31.63,31.68,94977,32.20
2011/12/28,31.05,32.23,30.72,31.29,125501,31.47
2011/12/29,31.54,32.14,31.54,31.82,130221,31.84
2011/12/30,31.83,32.48,31.80,32.12,161022,32.14
2012/01/04,32.66,33.80,32.00,32.00,218519,32.90
2012/01/05,31.86,32.65,30.26,31.56,279020,31.46
2012/01/06,31.16,31.70,30.74,31.53,104488,31.22
2012/01/09,31.83,32.71,30.88,32.52,376670,31.79
2012/01/10,32.12,33.38,32.12,33.32,482619,32.75
2012/01/11,32.89,34.57,32.89,34.08,607813,33.73
2012/01/12,33.84,34.12,33.15,33.24,440915,33.63
2012/01/13,33.62,35.06,33.03,33.24,738859,34.05
2012/01/16,31.83,33.21,31.56,31.56,385518,32.38
2012/01/17,31.10,32.66,28.88,32.53,700149,30.77
2012/01/18,32.98,35.30,31.10,32.89,752764,33.20
2012/01/19,32.16,32.76,30.54,31.22,883371,31.65
2012/01/20,31.23,31.26,30.16,31.14,799175,30.71
2012/01/30,31.16,32.30,30.92,31.87,895847,31.61
2012/01/31,31.58,31.84,31.12,31.60,235166,31.48
2012/02/01,31.60,32.44,31.34,31.70,381111,31.89
2012/02/02,31.44,32.30,31.44,32.26,308678,31.87
2012/02/03,32.26,33.56,32.06,33.42,573549,32.81
2012/02/06,33.14,34.58,33.14,34.10,736655,33.86
2012/02/07,34.04,34.04,33.14,33.45,421953,33.59
2012/02/08,33.51,34.46,33.51,34.34,445380,33.98
2012/02/09,34.24,34.82,32.91,34.10,896765,33.86
2012/02/10,33.86,34.70,33.75,34.64,513676,34.23
2012/02/13,34.24,36.45,34.14,35.86,834069,35.30
2012/02/14,35.90,36.14,35.42,35.76,382676,35.78
2012/02/15,35.56,36.10,35.56,35.80,466422,35.83
2012/02/16,35.96,36.03,34.52,35.14,1019920,35.28
2012/02/17,35.14,35.29,34.22,35.12,510038,34.75
2012/02/20,35.54,35.76,35.06,35.36,691653,35.41
2012/02/21,35.42,36.38,35.37,36.37,943745,35.88
2012/02/22,36.52,37.56,36.50,37.14,1021693,37.03
2012/02/23,37.29,38.08,37.16,37.40,999892,37.62
2012/02/24,37.26,38.42,37.23,37.92,814126,37.82
2012/02/27,38.24,39.61,37.94,39.08,1499291,38.77
2012/02/28,38.90,39.49,38.42,38.92,1056945,38.96
2012/02/29,38.95,39.09,37.57,37.69,993562,38.33
2012/03/01,37.82,38.76,37.33,38.43,977123,38.04
2012/03/02,38.76,38.76,37.10,38.18,2585899,37.93
2012/03/05,37.84,38.30,37.44,37.63,1649975,37.87
2012/03/06,37.46,37.98,37.40,37.66,951843,37.69
2012/03/07,37.20,37.88,37.09,37.14,828954,37.49
2012/03/08,37.14,37.70,37.14,37.58,629530,37.42
2012/03/09,37.92,37.96,37.39,37.94,687307,37.68
2012/03/12,38.01,38.18,37.57,38.17,955952,37.88
2012/03/13,38.18,38.34,37.86,38.29,704505,38.10
2012/03/14,38.49,38.86,35.36,36.32,1527070,37.11
2012/03/15,36.50,36.94,36.04,36.40,646395,36.49
2012/03/16,36.40,37.90,36.40,37.77,961432,37.15
2012/03/19,39.50,40.10,37.92,39.32,2619740,39.01
2012/03/20,39.49,39.60,38.40,38.49,1678015,39.00
2012/03/21,38.49,39.72,38.07,39.67,1691523,38.89
2012/03/22,39.62,41.04,39.15,40.52,2489627,40.09
2012/03/23,40.46,40.46,38.66,39.09,1088533,39.56
2012/03/26,38.76,39.09,38.30,38.78,477957,38.70
2012/03/27,39.06,39.26,38.30,38.44,472263,38.78
2012/03/28,39.06,39.26,38.30,38.44,0,38.78
2012/03/29,36.02,36.28,34.70,34.70,1091608,35.49
2012/03/30,34.14,34.70,32.31,33.30,1143998,33.51
2012/04/05,33.37,34.58,33.21,34.58,658989,33.89
2012/04/06,34.74,34.92,34.32,34.64,448061,34.62
2012/04/09,34.52,35.48,33.51,34.46,493067,34.49
2012/04/10,34.12,34.56,33.24,34.52,335033,33.90
2012/04/11,34.28,34.58,33.33,34.23,217105,33.95
2012/04/12,34.42,35.26,34.38,35.19,559614,34.82
2012/04/13,35.06,35.90,34.96,35.88,640969,35.43
2012/04/16,35.90,35.90,35.32,35.48,269124,35.61
2012/04/17,35.40,36.02,34.93,35.04,396085,35.48
2012/04/18,35.24,36.03,35.24,36.00,280550,35.64
2012/04/19,36.00,37.56,35.70,36.96,1262419,36.63
2012/04/20,36.78,37.39,36.74,37.11,494088,37.07
2012/04/23,36.50,36.84,35.90,36.15,649455,36.37
2012/04/24,35.30,37.00,34.71,35.38,430983,35.86
2012/04/25,35.30,35.76,35.05,35.54,291708,35.40
2012/04/26,35.62,35.76,35.16,35.17,324169,35.46
2012/04/27,35.30,36.32,34.96,35.72,278224,35.64
2012/05/02,36.92,36.98,35.72,36.57,527625,36.35
2012/05/03,36.02,36.97,36.02,36.27,512918,36.50
2012/05/04,36.33,37.66,36.24,37.42,422158,36.95
2012/05/07,37.46,38.29,36.66,38.12,721502,37.47
2012/05/08,38.05,39.62,37.52,38.44,1050896,38.57
2012/05/09,38.44,38.54,37.48,37.94,432458,38.01
2012/05/10,38.62,38.62,37.94,38.22,348730,38.28
2012/05/11,38.06,38.25,37.54,37.72,270210,37.89
2012/05/14,37.94,38.54,37.48,38.24,336368,38.01
2012/05/15,37.56,38.25,37.53,38.20,364771,37.89
2012/05/16,38.41,38.41,37.66,38.24,453860,38.03
2012/05/17,37.72,38.78,37.72,38.37,899814,38.25
2012/05/18,38.20,38.32,36.14,36.84,897487,37.23
2012/05/21,36.67,37.65,36.62,37.36,562467,37.13
2012/05/22,37.10,37.75,37.10,37.36,362096,37.43
2012/05/23,37.39,37.70,36.74,37.20,361800,37.22
2012/05/24,36.91,37.22,36.67,36.84,421291,36.95
2012/05/25,36.84,36.86,35.13,35.13,676600,36.00
2012/05/28,34.70,35.90,34.00,35.66,470107,34.95
2012/05/29,35.54,36.12,35.42,36.00,589523,35.77
2012/05/30,35.97,36.07,35.59,35.73,185350,35.83
2012/05/31,35.44,36.12,35.25,35.97,518909,35.68
2012/06/01,36.00,38.06,35.71,36.38,307908,36.89
2012/06/04,35.56,35.56,34.75,35.06,261497,35.16
2012/06/05,34.94,35.40,34.34,34.48,272140,34.87
2012/06/06,35.13,35.42,33.98,34.29,220600,34.70
2012/06/07,34.46,34.60,34.00,34.17,152101,34.30
2012/06/08,33.98,34.70,33.98,34.56,301215,34.34
2012/06/11,34.46,35.61,34.46,35.06,262800,35.04
2012/06/12,34.82,35.52,33.84,35.42,649357,34.68
2012/06/13,35.28,36.76,34.89,36.72,445499,35.82
2012/06/14,36.72,37.22,35.66,36.31,470801,36.44
2012/06/15,36.07,36.91,35.90,36.48,176224,36.40
2012/06/18,36.48,37.99,36.48,37.29,1017583,37.23
2012/06/19,37.29,38.01,36.88,37.10,297327,37.45
2012/06/20,36.88,37.80,36.79,37.15,916022,37.29
2012/06/21,37.10,37.10,36.26,36.76,398399,36.68
2012/06/25,36.48,36.48,35.16,35.78,365027,35.82
2012/06/26,34.75,36.81,34.72,36.14,538954,35.77
2012/06/27,36.26,39.67,36.24,38.66,6171389,37.96
2012/06/28,37.99,38.25,36.40,36.40,3105700,37.32
2012/06/29,36.57,36.60,34.94,35.92,1529521,35.77
2012/07/02,36.36,36.60,35.66,35.92,1105804,36.13
2012/07/03,36.16,38.08,35.97,38.08,3319666,37.02
2012/07/04,38.54,38.73,36.60,36.86,2086091,37.66
2012/07/05,37.20,37.70,36.28,37.22,939160,36.99
2012/07/06,37.94,37.94,35.49,37.22,1254597,36.71
2012/07/09,37.00,37.00,35.04,35.06,1323762,36.02
2012/07/10,34.94,35.35,34.08,34.10,695493,34.71
2012/07/11,34.24,34.70,34.03,34.68,469873,34.37
2012/07/12,34.46,35.56,34.20,35.20,368619,34.88
2012/07/13,35.20,35.85,35.20,35.28,419281,35.53
2012/07/16,36.14,36.74,34.46,35.30,953924,35.60
2012/07/17,34.60,36.45,34.58,36.14,790079,35.52
2012/07/18,35.76,38.06,35.20,37.36,2169480,36.63
2012/07/19,37.29,38.64,36.93,38.25,1653236,37.79
2012/07/20,38.13,39.74,37.58,38.32,1964490,38.66
2012/07/23,37.60,38.80,37.24,37.89,961755,38.02
2012/07/24,37.58,39.50,37.51,38.97,1178544,38.50
2012/07/25,38.59,40.41,38.18,39.74,1904984,39.29
2012/07/26,40.34,40.34,37.84,38.35,1644758,39.09
2012/07/27,38.66,38.88,37.84,38.13,596444,38.36
2012/07/30,37.80,38.90,37.24,37.58,946173,38.07
2012/07/31,37.58,37.58,36.74,36.98,657533,37.16
2012/08/01,37.39,39.93,37.29,39.93,1647134,38.61
2012/08/02,39.26,40.00,39.07,39.67,1451541,39.54
2012/08/03,39.67,42.52,39.62,41.68,3904716,41.07
2012/08/06,41.42,43.05,40.94,42.64,2617039,41.99
2012/08/07,42.50,44.40,42.14,43.63,3820472,43.27
2012/08/08,43.24,43.58,42.38,42.91,1294267,42.98
2012/08/09,42.81,45.69,42.74,44.95,2966114,44.21
2012/08/10,44.66,46.70,44.66,45.57,2457979,45.68
2012/08/13,45.45,45.45,43.36,43.39,2072419,44.41
2012/08/14,43.39,45.98,43.10,45.21,3660846,44.54
2012/08/15,45.19,46.10,43.77,43.92,2469287,44.94
2012/08/16,43.29,43.70,42.86,42.88,969886,43.28
2012/08/17,42.57,43.89,42.12,42.91,2173562,43.00
2012/08/20,42.38,44.25,42.04,44.01,1340768,43.14
2012/08/21,43.94,45.62,43.53,44.20,2819151,44.57
2012/08/22,44.25,46.60,44.06,46.03,3102621,45.33
2012/08/23,45.26,45.98,44.35,44.88,2125046,45.16
2012/08/24,44.59,44.59,42.98,42.98,1669174,43.79
2012/08/27,43.00,44.73,42.02,42.62,2155798,43.38
2012/08/28,42.04,43.77,42.02,43.41,1000624,42.90
2012/08/29,43.29,44.30,42.60,42.79,537004,43.45
2012/08/30,42.79,42.79,39.43,40.12,2504568,41.11
2012/08/31,40.03,41.37,40.03,40.99,951826,40.70
2012/09/03,40.99,43.10,40.70,43.03,1036619,41.90
2012/09/04,43.03,44.28,42.52,42.52,731392,43.40
2012/09/05,42.14,43.58,42.02,42.64,524045,42.80
2012/09/06,43.03,43.77,42.14,42.67,666942,42.96
2012/09/07,43.22,45.02,42.81,44.52,2038190,43.92
2012/09/10,43.58,46.05,43.29,45.72,2684248,44.67
2012/09/11,45.84,46.46,44.01,44.42,2174385,45.23
2012/09/12,44.42,45.02,44.08,44.59,1457345,44.55
2012/09/13,44.59,45.74,44.06,44.56,1705838,44.90
2012/09/14,45.21,45.62,42.16,43.03,1869930,43.89
2012/09/17,43.20,43.24,41.76,41.90,960617,42.50
2012/09/18,41.68,42.31,41.49,41.90,530880,41.90
2012/09/19,42.64,43.08,41.85,42.33,728869,42.46
2012/09/20,42.36,42.40,40.24,40.58,830851,41.32
2012/09/21,40.46,41.30,38.92,39.02,1088612,40.11
2012/09/24,38.83,39.67,38.83,39.48,922425,39.25
2012/09/25,39.04,40.10,39.04,39.67,422622,39.57
2012/09/26,39.67,39.67,37.08,37.87,1442999,38.38
2012/09/27,37.72,39.16,37.32,39.02,1400791,38.24
2012/09/28,38.76,39.26,38.35,39.21,849291,38.80
2012/10/08,39.14,41.16,38.83,40.96,1343889,39.99
2012/10/09,40.92,42.43,40.75,41.42,1013531,41.59
2012/10/10,41.01,42.09,40.96,41.78,816771,41.53
2012/10/11,41.78,41.78,40.36,40.56,906390,41.07
2012/10/12,40.89,41.61,40.63,41.49,407194,41.12
2012/10/15,40.99,41.16,39.31,40.32,638003,40.23
2012/10/16,40.36,41.06,40.03,41.06,646588,40.55
2012/10/17,40.89,41.18,40.12,40.70,814697,40.65
2012/10/18,40.82,41.56,40.82,41.44,659859,41.19
2012/10/19,41.44,41.90,41.30,41.80,591284,41.60
2012/10/22,41.66,43.08,41.20,42.38,1366600,42.14
2012/10/23,42.60,42.76,41.66,41.80,646613,42.21
2012/10/24,40.96,41.97,39.04,39.12,1098727,40.50
2012/10/25,39.48,39.96,39.07,39.28,696875,39.52
2012/10/26,39.14,39.28,37.32,38.73,701620,38.30
2012/10/29,38.73,39.72,38.73,39.33,399304,39.22
2012/10/30,39.86,41.32,39.14,41.11,708547,40.23
2012/10/31,41.18,41.18,39.48,39.81,721860,40.33
2012/11/01,40.17,40.41,39.33,40.05,555722,39.87
2012/11/02,39.98,40.32,39.69,40.20,368636,40.00
2012/11/05,39.69,40.22,39.43,39.62,360168,39.82
2012/11/06,40.34,41.37,40.12,40.70,2055852,40.74
2012/11/07,40.72,40.82,40.00,40.68,563039,40.41
2012/11/08,40.22,40.65,38.78,39.43,573488,39.71
2012/11/09,39.21,39.79,38.97,39.28,136742,39.38
2012/11/12,38.88,40.03,38.88,39.98,266605,39.46
2012/11/13,40.15,40.15,38.47,38.73,205640,39.31
2012/11/14,37.53,38.76,37.53,38.54,476108,38.14
2012/11/15,38.06,39.55,37.70,38.76,430780,38.63
2012/11/16,39.21,39.86,38.11,38.92,300636,38.98
2012/11/19,39.04,39.43,38.42,38.78,236499,38.93
2012/11/20,39.00,39.14,38.61,38.85,269702,38.88
2012/11/21,38.97,38.97,37.96,38.37,330209,38.46
2012/11/22,38.66,38.90,37.82,38.28,209911,38.36
2012/11/23,38.30,39.48,37.82,37.94,294347,38.65
2012/11/26,37.29,38.06,36.19,36.21,339957,37.13
2012/11/27,35.90,35.90,34.46,34.51,628001,35.18
2012/11/28,34.10,35.16,33.26,34.22,318813,34.21
2012/11/29,34.10,34.80,33.02,33.21,235602,33.91
2012/11/30,33.38,34.46,33.38,34.24,453712,33.92
2012/12/03,34.46,34.46,33.26,33.33,172100,33.86
2012/12/04,33.50,33.98,32.92,33.93,378207,33.45
2012/12/05,33.93,35.44,33.50,34.94,656114,34.47
2012/12/06,34.58,35.16,34.15,34.36,378399,34.65
2012/12/07,34.70,34.94,34.12,34.75,897305,34.53
2012/12/10,35.01,35.90,34.65,35.71,1742104,35.27
2012/12/11,35.06,35.42,34.84,34.99,619227,35.13
2012/12/12,34.94,35.49,34.51,35.23,694744,35.00
2012/12/13,34.96,35.13,33.84,34.00,1002186,34.49
2012/12/14,33.98,35.52,33.93,35.44,1362170,34.73
2012/12/17,35.47,36.12,35.18,35.97,952125,35.65
2012/12/18,36.02,36.76,35.68,36.50,939467,36.22
2012/12/19,36.26,37.96,36.14,36.91,1020748,37.05
2012/12/20,36.60,37.70,35.97,37.22,753613,36.84
2012/12/21,37.22,38.04,36.91,37.75,926657,37.47
2012/12/24,37.58,38.18,37.12,37.27,649468,37.65
2012/12/25,37.32,38.20,36.74,38.04,1550148,37.47
2012/12/26,37.87,39.50,37.87,39.14,789068,38.68
2012/12/27,39.74,40.05,38.73,39.02,824479,39.39
2012/12/28,38.78,39.02,37.60,38.42,1267485,38.31
2012/12/31,38.42,38.76,37.20,37.82,2108677,37.98
2013/01/04,38.06,38.47,37.68,38.35,928725,38.07
2013/01/07,38.13,39.02,37.80,38.88,544960,38.41
2013/01/08,38.73,39.74,38.54,39.62,1060113,39.14
2013/01/09,39.64,40.41,38.83,39.02,1818238,39.62
2013/01/10,39.04,39.26,38.04,38.32,1253960,38.65
2013/01/11,38.76,39.52,37.17,37.46,1921438,38.35
2013/01/14,37.48,39.64,37.05,39.40,5407610,38.34
2013/01/15,39.26,40.56,39.02,39.91,3841656,39.79
2013/01/16,39.76,39.98,38.71,39.07,2036785,39.34
2013/01/17,39.26,41.71,39.24,41.01,4788550,40.48
2013/01/18,41.52,41.52,40.10,41.23,2719127,40.81
2013/01/21,41.06,41.44,40.53,41.11,1855432,40.98
2013/01/22,41.08,42.74,40.12,40.29,3485845,41.43
2013/01/23,40.34,41.37,39.98,40.80,1906229,40.67
2013/01/24,40.41,40.94,39.02,39.07,1620973,39.98
2013/01/25,39.16,40.29,38.92,39.96,765804,39.61
2013/01/28,36.86,39.64,36.86,39.00,5095059,38.25
2013/01/29,38.83,40.36,38.59,39.52,2296642,39.48
2013/01/30,39.74,41.30,39.74,40.65,2661226,40.52
2013/01/31,40.46,40.58,39.40,40.34,1104577,39.99
2013/02/01,40.44,42.48,39.98,42.07,3699337,41.23
2013/02/04,40.44,42.48,39.98,42.07,0,41.23
2013/02/05,40.44,42.48,39.98,42.07,0,41.23
2013/02/06,40.44,42.48,39.98,42.07,0,41.23
2013/02/07,40.44,42.48,39.98,42.07,0,41.23
2013/02/08,40.44,42.48,39.98,42.07,0,41.23
2013/02/18,40.44,42.48,39.98,42.07,0,41.23
2013/02/19,40.44,42.48,39.98,42.07,0,41.23
2013/02/20,40.44,42.48,39.98,42.07,0,41.23
2013/02/21,40.44,42.48,39.98,42.07,0,41.23
2013/02/22,40.44,42.48,39.98,42.07,0,41.23
2013/02/25,40.44,42.48,39.98,42.07,0,41.23
2013/02/26,40.44,42.48,39.98,42.07,0,41.23
2013/02/27,40.44,42.48,39.98,42.07,0,41.23
2013/02/28,40.44,42.48,39.98,42.07,0,41.23
2013/03/01,40.44,42.48,39.98,42.07,0,41.23
2013/03/04,40.44,42.48,39.98,42.07,0,41.23
2013/03/05,40.44,42.48,39.98,42.07,0,41.23
2013/03/06,40.44,42.48,39.98,42.07,0,41.23
2013/03/07,40.44,42.48,39.98,42.07,0,41.23
2013/03/08,40.44,42.48,39.98,42.07,0,41.23
2013/03/11,40.44,42.48,39.98,42.07,0,41.23
2013/03/12,40.44,42.48,39.98,42.07,0,41.23
2013/03/13,40.44,42.48,39.98,42.07,0,41.23
2013/03/14,40.44,42.48,39.98,42.07,0,41.23
2013/03/15,40.44,42.48,39.98,42.07,0,41.23
2013/03/18,40.44,42.48,39.98,42.07,0,41.23
2013/03/19,40.44,42.48,39.98,42.07,0,41.23
2013/03/20,40.44,42.48,39.98,42.07,0,41.23
2013/03/21,40.44,42.48,39.98,42.07,0,41.23
2013/03/22,40.44,42.48,39.98,42.07,0,41.23
2013/03/25,40.44,42.48,39.98,42.07,0,41.23
2013/03/26,40.44,42.48,39.98,42.07,0,41.23
2013/03/27,40.44,42.48,39.98,42.07,0,41.23
2013/03/28,40.44,42.48,39.98,42.07,0,41.23
2013/03/29,40.44,42.48,39.98,42.07,0,41.23
2013/04/01,40.44,42.48,39.98,42.07,0,41.23
2013/04/02,40.44,42.48,39.98,42.07,0,41.23
2013/04/03,40.44,42.48,39.98,42.07,0,41.23
2013/04/08,40.44,42.48,39.98,42.07,0,41.23
2013/04/09,40.44,42.48,39.98,42.07,0,41.23
2013/04/10,40.44,42.48,39.98,42.07,0,41.23
2013/04/11,40.44,42.48,39.98,42.07,0,41.23
2013/04/12,40.44,42.48,39.98,42.07,0,41.23
2013/04/15,40.44,42.48,39.98,42.07,0,41.23
2013/04/16,40.44,42.48,39.98,42.07,0,41.23
2013/04/17,40.44,42.48,39.98,42.07,0,41.23
2013/04/18,40.44,42.48,39.98,42.07,0,41.23
2013/04/19,40.44,42.48,39.98,42.07,0,41.23
2013/04/22,40.44,42.48,39.98,42.07,0,41.23
2013/04/23,40.44,42.48,39.98,42.07,0,41.23
2013/04/24,40.44,42.48,39.98,42.07,0,41.23
2013/04/25,40.44,42.48,39.98,42.07,0,41.23
2013/04/26,40.44,42.48,39.98,42.07,0,41.23
2013/05/02,40.44,42.48,39.98,42.07,0,41.23
2013/05/03,40.44,42.48,39.98,42.07,0,41.23
2013/05/06,40.44,42.48,39.98,42.07,0,41.23
2013/05/07,40.44,42.48,39.98,42.07,0,41.23
2013/05/08,40.44,42.48,39.98,42.07,0,41.23
2013/05/09,40.44,42.48,39.98,42.07,0,41.23
2013/05/10,40.44,42.48,39.98,42.07,0,41.23
2013/05/13,40.44,42.48,39.98,42.07,0,41.23
2013/05/14,40.44,42.48,39.98,42.07,0,41.23
2013/05/15,40.44,42.48,39.98,42.07,0,41.23
2013/05/16,40.44,42.48,39.98,42.07,0,41.23
2013/05/17,40.44,42.48,39.98,42.07,0,41.23
2013/05/20,40.44,42.48,39.98,42.07,0,41.23
2013/05/21,40.44,42.48,39.98,42.07,0,41.23
2013/05/22,40.44,42.48,39.98,42.07,0,41.23
2013/05/23,40.44,42.48,39.98,42.07,0,41.23
2013/05/24,40.44,42.48,39.98,42.07,0,41.23
2013/05/27,40.44,42.48,39.98,42.07,0,41.23
2013/05/28,40.44,42.48,39.98,42.07,0,41.23
2013/05/29,40.44,42.48,39.98,42.07,0,41.23
2013/05/30,40.44,42.48,39.98,42.07,0,41.23
2013/05/31,40.44,42.48,39.98,42.07,0,41.23
2013/06/03,46.12,46.12,46.12,46.12,281256,46.12
2013/06/04,50.59,50.59,50.59,50.59,626860,50.59
2013/06/05,55.52,55.52,55.52,55.52,4481742,55.52
2013/06/06,57.14,59.98,56.53,59.44,27615650,58.25
2013/06/07,58.69,60.70,57.43,58.04,16566423,59.07
2013/06/13,56.28,56.28,52.39,54.66,10026845,54.34
2013/06/14,54.48,58.00,54.04,57.14,8271250,56.02
2013/06/17,56.53,57.79,55.77,56.96,6063282,56.78
2013/06/18,56.28,56.96,52.75,53.58,5676928,54.86
2013/06/19,53.54,53.58,50.66,52.82,3892297,52.12
2013/06/20,52.10,53.86,50.84,52.82,4207277,52.35
2013/06/21,51.38,54.84,50.70,53.83,3389834,52.77
2013/06/24,53.50,53.50,48.57,50.66,5443639,51.04
2013/06/25,49.90,51.52,45.80,51.38,4708409,48.66
2013/06/26,50.88,56.38,50.30,55.34,5908156,53.34
2013/06/27,54.98,56.06,52.82,55.77,3636909,54.44
2013/06/28,55.23,56.71,51.31,54.73,2657080,54.01
2013/07/01,53.94,55.34,53.18,54.76,2566835,54.26
2013/07/02,55.02,55.63,54.26,54.62,2398962,54.95
2013/07/03,54.48,54.55,51.09,52.39,2904439,52.82
2013/07/04,51.96,52.42,49.94,51.38,4028045,51.18
2013/07/05,51.02,53.79,50.59,51.85,3249910,52.19
2013/07/08,50.70,51.06,47.60,49.04,2445048,49.33
2013/07/09,48.97,50.12,48.86,49.76,1189235,49.49
2013/07/10,49.69,52.46,49.18,51.52,2238654,50.82
2013/07/11,51.06,54.91,51.06,53.97,2480975,52.98
2013/07/12,53.65,55.34,53.18,54.33,2616540,54.26
2013/07/15,54.19,58.33,53.90,57.82,5155485,56.11
2013/07/16,57.82,60.67,57.14,59.12,3181012,58.91
2013/07/17,58.22,58.90,56.60,57.14,3571507,57.75
2013/07/18,57.32,57.32,55.45,56.78,1815672,56.39
2013/07/19,56.42,58.15,55.59,56.71,3219301,56.87
2013/07/22,58.22,60.34,56.78,60.02,4539785,58.56
2013/07/23,60.02,63.62,58.58,62.50,7032788,61.10
2013/07/24,61.82,63.12,61.06,61.96,3350710,62.09
2013/07/25,61.46,62.40,57.14,58.65,4111677,59.77
2013/07/26,57.43,58.80,55.66,57.79,1988470,57.23
2013/07/29,57.50,58.69,56.10,56.78,1338568,57.39
2013/07/30,57.21,57.21,52.57,55.23,1999554,54.89
2013/07/31,55.34,56.42,54.80,55.45,1153898,55.61
2013/08/01,57.79,60.85,56.82,59.05,7129749,58.84
2013/08/02,57.57,58.90,56.85,58.11,3878730,57.88
2013/08/05,57.50,58.40,55.70,57.82,2515960,57.05
2013/08/06,56.89,58.65,56.64,58.11,2295554,57.64
2013/08/07,58.11,58.11,55.81,57.64,2864199,56.96
2013/08/08,57.61,58.80,56.71,57.61,1985354,57.75
2013/08/09,57.18,58.00,55.74,57.00,1704674,56.87
2013/08/12,56.78,57.86,55.41,56.96,2321119,56.63
2013/08/13,56.92,56.92,55.70,56.06,1123970,56.31
2013/08/14,56.20,56.35,54.62,56.06,1908523,55.48
2013/08/15,55.70,57.03,55.70,56.17,1687520,56.37
2013/08/16,56.17,56.67,53.72,53.76,2951265,55.20
2013/08/19,53.47,54.94,51.56,54.30,1926500,53.25
2013/08/20,53.90,56.20,53.83,56.06,2186631,55.02
2013/08/21,55.84,57.25,55.59,57.07,1240750,56.42
2013/08/22,56.42,57.75,55.95,56.42,733102,56.85
2013/08/23,56.28,57.72,55.95,56.89,2022208,56.84
2013/08/26,57.64,58.76,56.89,58.15,2345262,57.82
2013/08/27,57.50,58.54,56.96,57.75,1426890,57.75
2013/08/28,57.07,57.86,55.88,57.14,1939222,56.87
2013/08/29,56.49,57.72,56.35,56.85,1136769,57.04
2013/08/30,57.14,57.68,54.91,55.70,1349185,56.29
2013/09/02,55.34,55.34,52.75,53.83,3718604,54.05
2013/09/03,53.83,54.58,53.36,54.58,1883044,53.97
2013/09/04,54.08,55.05,54.04,54.94,1025756,54.54
2013/09/05,54.62,55.88,54.30,55.81,1277482,55.09
2013/09/06,55.34,56.10,54.44,54.98,1097360,55.27
2013/09/09,55.02,55.45,54.19,55.05,2160561,54.82
2013/09/10,55.23,57.18,53.00,55.59,2669507,55.09
2013/09/11,55.63,56.42,53.79,54.48,1558473,55.11
2013/09/12,54.44,55.27,53.36,53.94,1265950,54.32
2013/09/13,53.94,54.73,53.68,54.26,680164,54.20
2013/09/16,54.30,54.80,53.72,53.97,1140457,54.26
2013/09/17,54.62,54.80,53.18,53.76,565556,53.99
2013/09/18,53.50,54.22,53.50,54.22,648383,53.86
2013/09/23,54.58,56.24,54.58,55.74,2188263,55.41
2013/09/24,55.41,56.24,55.05,55.59,1262152,55.64
2013/09/25,55.45,58.94,55.27,58.36,4096979,57.11
2013/09/26,58.22,64.05,57.50,64.05,12082576,60.77
2013/09/27,64.34,65.92,60.85,62.58,9936201,63.39
2013/09/30,61.28,63.80,60.38,61.86,5123832,62.09
2013/10/08,61.75,66.10,60.88,64.30,5315001,63.49
2013/10/09,63.55,70.60,62.94,68.23,8311226,66.77
2013/10/10,67.80,68.66,64.34,67.58,7098184,66.50
2013/10/11,67.00,72.98,66.14,70.53,6469065,69.56
2013/10/14,70.39,77.44,69.06,77.44,10500502,73.25
2013/10/15,76.15,77.66,72.22,74.06,6684497,74.94
2013/10/16,72.62,74.60,66.79,70.75,5557764,70.70
2013/10/17,71.07,72.22,67.76,67.83,6715731,69.99
2013/10/18,67.54,69.02,65.49,67.58,5330382,67.25
2013/10/21,67.22,72.80,66.46,70.96,4844662,69.63
2013/10/22,70.03,76.54,69.74,73.34,7813414,73.14
2013/10/23,72.48,72.98,67.22,69.38,5461394,70.10
2013/10/24,68.62,71.54,67.29,69.38,2073145,69.42
2013/10/25,68.48,70.39,67.44,68.08,2005770,68.91
2013/10/28,67.22,69.92,64.88,66.14,2843823,67.40
2013/10/29,66.21,69.74,64.34,68.98,4131637,67.04
2013/10/30,69.02,74.71,68.95,72.22,5541754,71.83
2013/10/31,73.09,73.09,67.58,68.26,2780646,70.34
2013/11/01,67.00,68.95,64.99,68.48,3549099,66.97
2013/11/04,68.77,74.06,67.94,71.83,4578545,71.00
2013/11/05,70.82,76.11,70.28,73.30,4139030,73.20
2013/11/06,72.62,78.74,72.08,75.43,6613744,75.41
2013/11/07,73.92,76.04,71.86,74.20,5063532,73.95
2013/11/08,73.70,74.17,69.74,71.72,2579201,71.95
2013/11/11,69.81,76.72,68.01,75.72,4088733,72.37
2013/11/12,75.68,75.86,72.91,74.78,3737453,74.38
2013/11/13,73.56,73.56,71.14,71.32,1546698,72.35
2013/11/14,71.54,75.14,71.54,74.24,3494769,73.34
2013/11/15,72.62,74.49,69.31,70.03,11981647,71.90
2013/11/18,69.02,70.28,65.78,69.02,9189654,68.03
2013/11/19,68.30,69.63,67.22,68.37,4842290,68.42
2013/11/20,67.94,68.80,66.54,67.40,3094682,67.67
2013/11/21,66.14,67.22,64.41,65.20,6542616,65.81
2013/11/22,58.98,60.34,58.83,58.83,8893118,59.59
2013/11/25,56.82,59.08,56.53,58.22,9310636,57.80
2013/11/26,57.68,58.90,57.50,58.72,3578798,58.20
2013/11/27,58.58,62.47,58.44,60.67,8309892,60.45
2013/11/28,60.67,61.24,59.26,60.56,5855029,60.25
2013/11/29,60.31,61.28,60.06,60.45,5895097,60.67
2013/12/02,57.86,57.86,54.55,54.69,7385208,56.20
2013/12/03,54.08,55.92,51.24,55.74,5625151,53.58
2013/12/04,55.27,56.38,54.80,55.45,2909501,55.59
2013/12/05,55.52,55.70,53.61,53.68,3228336,54.66
2013/12/06,53.72,54.40,53.11,54.19,2446483,53.75
2013/12/09,54.08,54.62,53.72,54.37,1622592,54.17
2013/12/10,54.80,54.87,53.36,53.58,2108765,54.11
2013/12/11,53.65,58.22,53.65,57.50,7669861,55.93
2013/12/12,57.36,59.73,56.82,58.15,5314460,58.27
2013/12/13,57.14,58.83,56.96,58.47,2863660,57.89
2013/12/16,58.15,58.15,56.96,57.75,2296718,57.55
2013/12/17,57.72,57.75,56.10,56.13,1825126,56.93
2013/12/18,56.13,59.52,56.06,57.97,4661600,57.79
2013/12/19,57.57,58.18,57.14,57.21,1639856,57.66
2013/12/20,57.07,58.51,56.82,57.86,1510647,57.66
2013/12/23,57.86,58.83,56.60,58.22,3530157,57.71
2013/12/24,57.79,59.77,57.72,58.80,3596147,58.75
2013/12/25,58.80,60.02,57.54,59.44,3514922,58.78
2013/12/26,59.52,59.84,57.68,57.68,2439283,58.76
2013/12/27,57.28,59.41,56.82,59.05,2065784,58.11
2013/12/30,58.87,60.96,58.62,60.85,3963156,59.79
2013/12/31,60.31,62.22,59.77,60.78,4038867,61.00
2014/01/02,60.20,61.82,58.94,59.70,4263358,60.38
2014/01/03,59.98,63.19,59.59,62.54,6131775,61.39
2014/01/06,61.93,66.10,61.82,63.80,6505104,63.96
2014/01/07,62.54,66.50,62.00,66.10,3926477,64.25
2014/01/08,66.14,68.66,65.96,68.59,5245921,67.31
2014/01/09,68.44,71.54,66.68,67.40,4626282,69.11
2014/01/10,66.14,66.75,64.77,65.85,3075440,65.76
2014/01/13,65.85,67.40,64.30,64.30,1847566,65.85
2014/01/14,63.08,68.48,63.08,68.30,3050376,65.78
2014/01/15,69.02,71.54,67.58,68.12,2654793,69.56
2014/01/16,67.58,69.74,66.90,67.94,2089782,68.32
2014/01/17,67.90,69.38,66.93,68.44,1049622,68.16
2014/01/20,68.70,68.73,66.36,67.00,812569,67.55
2014/01/21,66.50,69.02,66.50,67.65,1012560,67.76
2014/01/22,67.40,69.49,67.40,68.19,2652388,68.45
2014/01/23,68.30,69.34,67.76,69.20,1591493,68.55
2014/01/24,69.24,69.63,66.86,67.40,3753827,68.24
2014/01/27,67.15,67.87,64.70,64.99,2534573,66.29
2014/01/28,64.99,70.78,64.99,69.81,3320184,67.88
2014/01/29,67.94,70.42,67.87,68.55,2667768,69.15
2014/01/30,68.12,70.10,68.12,68.55,1907876,69.11
2014/02/07,70.64,70.64,68.44,69.24,1689188,69.54
2014/02/10,69.27,73.52,69.27,73.16,5332310,71.39
2014/02/11,72.69,76.98,71.97,76.51,3970909,74.48
2014/02/12,75.86,78.70,74.38,77.05,3981466,76.54
2014/02/13,75.86,77.59,74.49,75.86,3283917,76.04
2014/02/14,74.78,76.80,73.95,74.78,2526529,75.38
2014/02/17,74.82,76.04,72.73,74.82,3322549,74.39
2014/02/18,74.74,75.64,73.70,75.64,2356340,74.67
2014/02/19,75.39,78.60,75.10,76.62,1737265,76.85
2014/02/20,80.54,84.14,80.54,81.33,7455497,82.34
2014/02/21,78.74,81.15,77.16,79.24,3911459,79.16
2014/02/24,77.16,83.67,76.69,82.77,4591854,80.18
2014/02/25,82.88,90.91,81.66,86.05,10182798,86.28
2014/02/26,82.88,90.91,81.66,86.05,0,86.28
2014/02/27,82.88,90.91,81.66,86.05,0,86.28
2014/02/28,82.88,90.91,81.66,86.05,0,86.28
2014/03/03,82.88,90.91,81.66,86.05,0,86.28
2014/03/04,94.15,94.51,89.32,89.76,8557130,91.91
2014/03/05,85.94,91.95,84.32,90.91,5888963,88.13
2014/03/06,89.11,90.55,82.88,83.42,5075995,86.71
2014/03/07,84.21,87.31,83.13,85.94,2850331,85.22
2014/03/10,84.50,86.66,80.22,84.43,2355732,83.44
2014/03/11,84.43,86.80,81.48,86.08,1599577,84.14
2014/03/12,85.69,87.74,82.74,85.58,1527790,85.24
2014/03/13,85.83,93.72,83.78,93.68,5406556,88.75
2014/03/14,93.14,93.14,88.06,89.90,1970456,90.60
2014/03/17,89.83,92.24,88.17,90.12,2162315,90.20
2014/03/18,88.53,90.62,88.53,88.86,1558693,89.58
2014/03/19,88.82,89.47,80.58,85.33,2971596,85.02
2014/03/20,84.82,85.18,81.37,81.44,2029502,83.28
2014/03/21,81.12,84.14,80.65,83.06,916831,82.40
2014/03/24,83.49,85.04,82.34,83.35,915328,83.69
2014/03/25,83.35,86.12,83.06,83.35,2430331,84.59
2014/03/26,83.31,84.25,82.48,84.07,860742,83.37
2014/03/27,83.67,84.03,79.03,79.82,1817678,81.53
2014/03/28,79.17,79.17,71.97,76.22,2688609,75.57
2014/03/31,73.74,78.70,72.91,75.14,1792319,75.80
2014/04/01,75.00,77.88,73.81,75.32,1169642,75.84
2014/04/02,75.68,78.63,75.14,75.21,1362345,76.88
2014/04/03,74.85,77.19,74.85,75.46,676098,76.02
2014/04/04,75.68,78.31,74.74,76.18,985255,76.52
2014/04/08,75.61,78.20,75.14,76.76,785003,76.67
2014/04/09,77.19,80.07,76.98,79.46,1298043,78.52
2014/04/10,79.21,83.06,78.56,81.91,2008780,80.81
2014/04/11,81.26,82.34,80.50,82.20,1227112,81.42
2014/04/14,82.30,84.97,81.94,84.79,1888890,83.45
2014/04/15,84.75,84.75,81.26,82.20,1889688,83.01
2014/04/16,82.20,83.20,80.94,82.48,712802,82.07
2014/04/17,82.66,85.54,82.66,83.85,847272,84.10
2014/04/18,83.20,85.94,82.92,85.76,1353310,84.43
2014/04/21,85.40,85.94,82.70,83.35,1649925,84.32
2014/04/22,82.70,82.70,77.01,80.54,2177905,79.86
2014/04/23,79.82,80.72,78.81,80.29,513443,79.77
2014/04/24,80.29,80.90,79.46,80.18,354602,80.18
2014/04/25,79.60,81.55,79.14,80.86,1530655,80.34
2014/04/28,80.86,80.86,77.55,78.38,1184397,79.20
2014/04/29,77.80,78.27,74.24,76.04,932016,76.25
2014/04/30,75.82,78.02,75.14,76.65,1093453,76.58
2014/05/05,76.65,77.12,75.54,76.22,1071439,76.33
2014/05/06,75.64,77.26,75.32,76.18,1157005,76.29
2014/05/07,76.18,76.33,74.17,74.71,776799,75.25
2014/05/08,74.71,76.11,73.34,76.11,792803,74.73
2014/05/09,76.11,76.80,68.66,76.26,1687387,72.73
2014/05/12,76.11,76.47,73.34,75.86,801591,74.91
2014/05/13,75.68,80.32,75.50,76.08,1858585,77.91
2014/05/14,75.82,76.76,73.77,75.14,830997,75.27
2014/05/15,74.56,76.76,72.62,73.23,906564,74.69
2014/05/16,72.91,74.53,69.74,72.87,2345561,72.13
2014/05/19,71.97,74.31,70.17,73.70,1215987,72.24
2014/05/20,74.56,77.55,72.94,74.56,1498332,75.24
2014/05/21,73.75,74.96,73.06,73.06,1408979,74.01
2014/05/22,73.06,74.21,72.54,73.35,1484506,73.38
2014/05/23,73.29,74.56,72.37,74.56,1044947,73.47
2014/05/26,74.38,76.34,73.52,74.67,2175596,74.93
2014/05/27,73.81,74.73,72.83,73.23,1277024,73.78
2014/05/28,73.17,75.08,72.48,74.61,1479241,73.78
2014/05/29,74.73,76.57,74.38,75.02,1453562,75.47
2014/05/30,75.25,75.82,74.27,74.38,776545,75.04
2014/06/03,74.96,76.40,74.56,75.65,1278038,75.48
2014/06/04,75.65,76.05,72.71,75.31,1515694,74.38
2014/06/05,75.25,81.41,73.06,80.43,3067287,77.23
2014/06/06,79.86,83.31,78.30,82.16,3120950,80.80
2014/06/09,82.16,83.72,79.91,83.31,3803836,81.81
2014/06/10,83.31,85.50,81.35,82.91,4196250,83.42
2014/06/11,83.20,83.43,81.87,83.31,1512490,82.65
2014/06/12,82.85,85.73,82.74,84.46,1638013,84.23
2014/06/13,84.92,85.04,83.77,84.92,1134654,84.41
2014/06/16,86.65,93.28,86.65,93.22,9985298,89.97
2014/06/17,91.32,93.22,88.21,90.51,7263440,90.71
2014/06/18,90.51,90.68,86.77,87.92,3381021,88.73
2014/06/19,87.80,90.05,84.46,86.13,1915022,87.25
2014/06/20,86.13,87.86,83.95,86.25,1849445,85.91
2014/06/23,86.42,89.19,86.31,88.21,2122579,87.75
2014/06/24,87.40,89.01,86.36,87.92,1670330,87.69
2014/06/25,86.94,88.67,86.54,88.09,802028,87.61
2014/06/26,88.15,89.65,88.09,89.24,1577893,88.87
2014/06/27,88.67,91.49,88.44,91.38,1802565,89.96
2014/06/30,91.38,96.50,91.32,95.41,3723440,93.91
2014/07/01,94.66,94.83,92.53,93.10,2370901,93.68
2014/07/02,93.10,95.00,91.95,93.33,2138506,93.48
2014/07/03,93.33,93.33,90.80,90.80,2368417,92.06
2014/07/04,91.26,91.55,87.06,90.22,5440637,89.30
2014/07/07,89.76,89.76,86.19,87.29,3128008,87.98
2014/07/08,87.29,88.44,86.48,88.44,1124630,87.46
2014/07/09,87.92,89.65,87.92,88.67,2212805,88.79
2014/07/10,88.78,89.01,87.11,88.67,899398,88.06
2014/07/11,87.52,89.59,87.34,89.24,1056145,88.47
2014/07/14,88.50,89.01,85.10,86.13,3625966,87.05
2014/07/15,85.04,85.04,77.67,77.67,7066454,81.36
2014/07/16,77.67,77.67,73.87,76.92,6554578,75.77
2014/07/17,76.23,76.92,74.84,75.82,3631565,75.88
2014/07/18,75.65,76.28,74.44,76.11,2806507,75.36
2014/07/21,75.31,78.93,75.31,77.84,2747873,77.12
2014/07/22,78.07,80.72,77.21,79.16,2809210,78.96
2014/07/23,79.16,79.16,76.17,76.80,1869119,77.66
2014/07/24,76.46,76.46,73.87,75.71,1743020,75.16
2014/07/25,75.77,77.72,74.10,77.72,2772834,75.91
2014/07/28,76.98,78.82,76.11,78.01,3668659,77.46
2014/07/29,77.67,79.40,76.98,78.82,2916156,78.19
2014/07/30,81.64,86.54,81.64,83.37,12289818,84.09
2014/07/31,80.78,83.20,79.28,82.91,5416878,81.24
2014/08/01,80.78,82.16,79.57,80.32,4439358,80.86
2014/08/04,80.72,81.93,80.03,81.58,2903811,80.98
2014/08/05,81.58,82.74,80.32,81.76,3628243,81.53
2014/08/06,81.47,82.74,80.32,82.16,3225630,81.53
2014/08/07,81.81,85.73,81.58,82.62,4492981,83.66
2014/08/08,82.62,83.20,80.72,82.10,3773842,81.96
2014/08/11,82.39,82.39,79.74,80.60,5701184,81.06
2014/08/12,80.60,80.89,79.63,80.66,3812764,80.26
2014/08/13,80.66,80.78,79.63,80.32,3133214,80.20
2014/08/14,80.20,80.32,79.57,79.57,2309196,79.94
2014/08/15,79.34,81.12,79.34,80.78,2993964,80.23
2014/08/18,80.95,81.93,80.14,81.64,4032617,81.04
2014/08/19,81.47,83.08,80.72,82.16,4714565,81.90
2014/08/20,82.28,82.68,81.07,81.76,3613283,81.88
2014/08/21,81.76,81.93,80.43,81.41,2704929,81.18
2014/08/22,81.35,81.99,81.01,81.76,2899466,81.50
2014/08/25,82.04,83.43,80.72,81.47,3689510,82.08
2014/08/26,81.47,82.91,79.74,79.86,3733681,81.32
2014/08/27,79.91,79.97,76.69,76.98,6084102,78.33
2014/08/28,76.98,78.65,76.46,76.63,4114889,77.55
2014/08/29,76.63,77.09,74.04,75.25,4204930,75.57
2014/09/01,75.25,77.44,75.08,77.44,3988195,76.26
2014/09/02,77.55,78.36,77.44,78.24,3212888,77.90
2014/09/03,78.30,78.59,77.49,78.30,4325464,78.04
2014/09/04,78.65,79.57,78.07,78.76,6071297,78.82
2014/09/05,79.22,79.57,77.03,78.30,6534411,78.30
2014/09/09,78.76,78.76,77.55,78.36,3457098,78.16
2014/09/10,78.13,80.09,77.49,79.91,6682233,78.79
2014/09/11,80.03,80.26,78.42,79.86,5894213,79.34
2014/09/12,79.57,80.89,79.05,80.43,6482717,79.97
2014/09/15,80.43,82.74,80.14,80.84,10551719,81.44
2014/09/16,81.07,81.12,76.46,76.86,6777440,78.79
2014/09/17,76.98,79.80,75.48,79.51,4452111,77.64
2014/09/18,79.68,80.72,78.36,79.86,6733026,79.54
2014/09/19,79.74,79.86,78.19,78.93,3355776,79.02
2014/09/22,78.93,78.93,77.38,78.42,3222412,78.16
2014/09/23,78.24,79.51,78.01,78.99,4463480,78.76
2014/09/24,79.05,80.26,78.13,79.97,5985699,79.20
2014/09/25,79.97,81.93,79.57,81.24,8893664,80.75
2014/09/26,81.01,81.81,80.60,81.01,5967651,81.20
2014/09/29,76.92,80.84,74.67,80.26,16897250,77.76
2014/09/30,78.53,81.18,78.19,80.20,9496417,79.69
2014/10/08,79.86,82.33,79.74,81.76,9239619,81.03
2014/10/09,81.87,84.12,81.47,83.54,9975870,82.80
2014/10/10,83.48,84.81,81.99,82.16,8393152,83.40
2014/10/13,81.64,82.22,79.86,81.35,6914154,81.04
2014/10/14,81.64,84.46,81.64,83.60,8724519,83.05
2014/10/15,83.48,84.29,82.28,83.89,8401209,83.29
2014/10/16,83.66,84.18,81.12,82.79,6108766,82.65
2014/10/17,82.39,82.97,78.47,81.24,6008479,80.72
2014/10/20,81.24,81.70,80.55,81.64,2472144,81.13
2014/10/21,81.47,81.99,79.86,79.97,1519901,80.92
2014/10/22,81.47,81.99,79.86,79.97,0,80.92
2014/10/23,81.47,81.99,79.86,79.97,0,80.92
2014/10/24,81.47,81.99,79.86,79.97,0,80.92
2014/10/27,80.95,80.95,73.52,74.84,10760686,77.23
2014/10/28,74.27,76.40,74.10,76.40,5193623,75.25
2014/10/29,76.40,76.69,74.56,75.08,11368691,75.63
2014/10/30,75.08,76.98,74.44,76.23,7447277,75.71
2014/10/31,76.28,76.34,74.73,75.31,5844836,75.54
2014/11/03,75.02,76.00,74.56,75.54,3998514,75.28
2014/11/04,75.54,75.54,73.81,74.73,6536682,74.68
2014/11/05,74.67,75.36,73.69,75.02,4956550,74.52
2014/11/06,75.19,75.25,74.38,74.79,2896601,74.81
2014/11/07,74.79,75.48,74.79,74.90,4969220,75.14
2014/11/10,74.96,75.42,74.84,75.25,3320893,75.13
2014/11/11,75.25,76.40,72.43,73.98,5824225,74.42
2014/11/12,73.52,73.81,72.66,72.89,5456614,73.23
2014/11/13,72.94,72.94,66.03,66.49,13737929,69.48
2014/11/14,65.74,66.67,63.32,66.03,11356453,65.00
2014/11/17,65.23,66.20,64.13,65.28,9520861,65.16
2014/11/18,65.34,65.69,63.84,64.25,7474189,64.77
2014/11/19,64.25,65.23,63.96,64.82,9954264,64.60
2014/11/20,64.88,65.51,64.53,64.82,5312639,65.02
2014/11/21,64.82,66.61,64.59,65.51,8201597,65.60
2014/11/24,65.74,66.03,63.73,64.13,15353032,64.88
2014/11/25,64.02,65.97,63.09,65.86,18739335,64.53
2014/11/26,65.40,67.47,64.59,67.30,21170833,66.03
2014/11/27,67.70,68.34,66.03,67.76,21125435,67.19
2014/11/28,66.55,68.80,66.20,67.82,21397322,67.50
2014/12/01,67.82,67.82,66.09,66.44,10500998,66.95
2014/12/02,66.72,67.07,66.44,66.61,8530546,66.75
2014/12/03,66.61,67.13,64.76,66.32,11826053,65.95
2014/12/04,66.38,70.29,66.32,69.37,22749113,68.30
2014/12/05,69.60,71.10,65.80,68.80,22393712,68.45
2014/12/08,68.85,69.95,65.92,66.38,23256551,67.94
2014/12/09,65.34,65.34,60.62,60.62,23844959,62.98
2014/12/10,59.41,63.73,59.41,63.44,12659553,61.57
2014/12/11,62.17,63.15,61.77,62.40,6694772,62.46
2014/12/12,62.40,62.92,61.65,62.46,8756136,62.29
2014/12/15,62.46,64.59,62.23,64.07,8442527,63.41
2014/12/16,63.50,64.65,63.32,64.30,8325789,63.99
2014/12/17,64.30,64.30,62.58,63.15,6420690,63.44
2014/12/18,63.15,64.48,62.46,64.48,8498536,63.47
2014/12/19,63.84,64.59,62.58,63.15,5842043,63.59
2014/12/22,61.02,62.69,58.60,58.72,6967480,60.64
2014/12/23,58.89,58.89,56.87,57.39,4298893,57.88
2014/12/24,58.20,59.12,57.56,58.83,5378087,58.34
2014/12/25,58.60,59.00,58.14,58.60,3998994,58.57
2014/12/26,58.60,58.77,58.14,58.26,3730952,58.46
2014/12/29,58.66,58.72,55.43,55.78,7077718,57.07
2014/12/30,55.78,55.78,52.84,53.01,7079756,54.31
2014/12/31,52.78,53.71,52.78,53.42,4678968,53.25
2015/01/05,53.30,56.12,51.06,55.32,11212350,53.59
2015/01/06,54.22,57.16,53.42,56.30,10083318,55.29
2015/01/07,55.61,56.64,55.15,55.95,4877390,55.89
2015/01/08,55.72,59.12,55.43,57.05,10600123,57.27
2015/01/09,56.47,58.08,55.84,55.84,5914118,56.96
2015/01/12,55.72,55.72,53.24,53.65,6022585,54.48
2015/01/13,53.30,54.68,52.96,54.28,4121187,53.82
2015/01/14,54.28,54.74,53.71,53.94,3497931,54.23
2015/01/15,54.28,54.74,53.71,53.94,0,54.23
2015/01/16,54.28,54.74,53.71,53.94,0,54.23
2015/01/19,54.28,54.74,53.71,53.94,0,54.23
2015/01/20,54.28,54.74,53.71,53.94,0,54.23
2015/01/21,54.28,54.74,53.71,53.94,0,54.23
2015/01/22,59.18,59.18,59.18,59.18,634027,59.18
2015/01/23,63.73,64.88,61.14,64.02,28845678,63.01
2015/01/26,62.00,63.61,61.71,62.86,12379208,62.66
2015/01/27,62.58,62.63,60.62,61.08,10599691,61.63
2015/01/28,61.25,62.58,60.79,61.71,6490431,61.68
2015/01/29,61.42,62.12,60.85,61.65,4257198,61.48
2015/01/30,60.96,62.40,60.85,60.91,4908590,61.63
2015/02/02,61.08,63.44,60.33,61.37,7165565,61.88
2015/02/03,61.42,65.17,61.42,64.88,17440740,63.30
2015/02/04,65.51,68.11,63.73,63.84,14032673,65.92
2015/02/05,63.73,63.73,62.00,62.00,7974481,62.86
2015/02/06,61.83,62.69,61.08,61.31,4527895,61.88
2015/02/09,61.54,62.63,60.56,60.91,4044163,61.60
2015/02/10,61.37,61.71,60.44,61.60,2678147,61.07
2015/02/11,61.54,62.29,61.19,61.71,3656073,61.74
2015/02/12,61.77,62.29,60.44,62.23,7010820,61.36
2015/02/13,62.35,64.25,62.00,62.92,8205164,63.13
2015/02/16,63.21,65.40,62.75,64.48,7214924,64.08
2015/02/17,64.53,65.17,63.90,64.53,5038663,64.54
2015/02/25,64.88,65.46,63.73,63.84,5538722,64.59
2015/02/26,63.96,64.59,63.15,64.42,4366866,63.87
2015/02/27,64.30,65.11,63.50,64.59,6622687,64.30
2015/03/02,64.42,65.57,63.61,65.34,8621679,64.59
2015/03/03,64.94,65.40,64.02,64.07,7527103,64.71
2015/03/04,64.07,65.05,63.61,65.05,8941844,64.33
2015/03/05,65.80,67.64,65.23,67.18,12601854,66.44
2015/03/06,67.76,67.76,64.94,65.34,7849133,66.35
2015/03/09,65.46,65.97,63.79,65.51,4514317,64.88
2015/03/10,65.80,66.55,65.46,66.03,6469806,66.00
2015/03/11,66.03,66.38,64.07,64.48,7010843,65.22
2015/03/12,64.59,65.23,63.44,63.73,6165128,64.34
2015/03/13,64.19,64.76,63.50,64.71,5477740,64.13
2015/03/16,64.76,66.20,64.13,66.20,10615865,65.16
2015/03/17,67.53,68.05,65.80,67.64,16956116,66.92
2015/03/18,67.18,73.64,66.95,71.27,22686580,70.30
2015/03/19,70.87,73.52,69.89,72.77,19345337,71.70
2015/03/20,71.85,72.43,70.70,71.33,16079761,71.57
2015/03/23,71.50,73.40,70.99,72.77,18831132,72.20
2015/03/24,72.71,72.71,68.74,71.22,16906352,70.72
2015/03/25,71.16,73.17,70.06,72.60,16796898,71.62
2015/03/26,71.79,76.75,70.99,74.67,26732234,73.87
2015/03/27,74.21,77.84,74.21,75.77,23407378,76.02
2015/03/30,75.71,75.71,73.40,74.96,13761880,74.55
2015/03/31,74.90,76.52,73.52,75.08,13310967,75.02
2015/04/01,74.61,75.82,74.38,75.59,11637692,75.10
2015/04/02,76.17,78.30,75.02,77.38,17246202,76.66
2015/04/03,76.46,78.36,76.11,76.98,13529495,77.23
2015/04/07,77.32,84.52,77.32,82.39,27996381,80.92
2015/04/08,82.45,83.66,77.49,80.43,20173602,80.57
2015/04/09,79.57,80.14,72.94,77.15,19951136,76.54
2015/04/10,76.34,78.42,75.54,77.49,14262919,76.98
2015/04/13,77.61,80.66,77.15,78.65,15129047,78.91
2015/04/14,78.47,78.47,76.11,77.32,11793783,77.29
2015/04/15,76.98,79.74,74.61,74.73,19755310,77.17
2015/04/16,74.61,77.26,73.46,75.42,16011049,75.36
2015/04/17,76.17,78.36,75.54,76.69,18448224,76.95
2015/04/20,75.59,76.75,74.67,75.54,15382046,75.71
2015/04/21,75.82,79.11,75.71,78.47,17653313,77.41
2015/04/22,78.47,80.37,78.47,79.74,17439082,79.42
2015/04/23,79.80,83.54,78.70,81.24,20943958,81.12
2015/04/24,79.86,86.19,78.93,84.69,26161945,82.56
2015/04/27,84.98,90.80,83.60,87.06,29817545,87.20
2015/04/28,85.90,85.90,79.57,80.60,19391351,82.73
2015/04/29,81.12,83.43,80.20,81.99,12626341,81.82
2015/04/30,82.74,83.54,81.01,81.18,12461263,82.28
2015/05/04,80.37,81.41,78.13,80.37,12991060,79.77
2015/05/05,78.93,82.68,76.52,77.67,15150763,79.60
2015/05/06,78.07,78.93,75.25,75.54,11115940,77.09
2015/05/07,76.23,76.40,71.22,71.50,11173280,73.81
2015/05/08,72.37,73.98,71.04,73.46,12353099,72.51
2015/05/11,73.98,76.69,73.46,76.46,12767850,75.07
2015/05/12,77.15,79.80,76.98,77.72,14831956,78.39
2015/05/13,76.69,80.09,75.31,79.45,17817888,77.70
2015/05/14,79.28,81.41,77.15,80.55,17706584,79.28
2015/05/15,79.40,82.04,78.76,81.47,14912023,80.40
2015/05/18,81.53,85.44,80.03,84.58,26480584,82.73
2015/05/19,83.95,85.90,81.12,84.64,19171098,83.51
2015/05/20,83.83,87.92,83.83,86.77,24811864,85.88
2015/05/21,86.65,89.65,85.04,87.69,22228691,87.35
2015/05/22,88.27,90.22,84.41,86.19,24247126,87.31
2015/05/25,84.64,89.53,83.89,89.53,25563544,86.71
2015/05/26,90.11,93.33,89.07,92.64,23720890,91.20
2015/05/27,92.64,101.74,90.11,100.30,36095404,95.92
2015/05/28,92.64,101.74,90.11,100.30,0,95.92
2015/05/29,92.64,101.74,90.11,100.30,0,95.92
2015/06/01,92.64,101.74,90.11,100.30,0,95.92
2015/06/02,92.64,101.74,90.11,100.30,0,95.92
2015/06/03,92.64,101.74,90.11,100.30,0,95.92
2015/06/04,92.64,101.74,90.11,100.30,0,95.92
2015/06/05,92.64,101.74,90.11,100.30,0,95.92
2015/06/08,92.64,101.74,90.11,100.30,0,95.92
2015/06/09,92.64,101.74,90.11,100.30,0,95.92
2015/06/10,92.64,101.74,90.11,100.30,0,95.92
2015/06/11,92.64,101.74,90.11,100.30,0,95.92
2015/06/12,92.64,101.74,90.11,100.30,0,95.92
2015/06/15,92.64,101.74,90.11,100.30,0,95.92
2015/06/16,92.64,101.74,90.11,100.30,0,95.92
2015/06/17,92.64,101.74,90.11,100.30,0,95.92
2015/06/18,92.64,101.74,90.11,100.30,0,95.92
2015/06/19,92.64,101.74,90.11,100.30,0,95.92
2015/06/23,92.64,101.74,90.11,100.30,0,95.92
2015/06/24,92.64,101.74,90.11,100.30,0,95.92
2015/06/25,92.64,101.74,90.11,100.30,0,95.92
2015/06/26,92.64,101.74,90.11,100.30,0,95.92
2015/06/29,92.64,101.74,90.11,100.30,0,95.92
2015/06/30,92.64,101.74,90.11,100.30,0,95.92
2015/07/01,92.64,101.74,90.11,100.30,0,95.92
2015/07/02,92.64,101.74,90.11,100.30,0,95.92
2015/07/03,92.64,101.74,90.11,100.30,0,95.92
2015/07/06,92.64,101.74,90.11,100.30,0,95.92
2015/07/07,92.64,101.74,90.11,100.30,0,95.92
2015/07/08,92.64,101.74,90.11,100.30,0,95.92
2015/07/09,92.64,101.74,90.11,100.30,0,95.92
2015/07/10,92.64,101.74,90.11,100.30,0,95.92
2015/07/13,92.64,101.74,90.11,100.30,0,95.92
2015/07/14,92.64,101.74,90.11,100.30,0,95.92
2015/07/15,92.64,101.74,90.11,100.30,0,95.92
2015/07/16,92.64,101.74,90.11,100.30,0,95.92
2015/07/17,92.64,101.74,90.11,100.30,0,95.92
2015/07/20,92.64,101.74,90.11,100.30,0,95.92
2015/07/21,92.64,101.74,90.11,100.30,0,95.92
2015/07/22,92.64,101.74,90.11,100.30,0,95.92
2015/07/23,92.64,101.74,90.11,100.30,0,95.92
2015/07/24,92.64,101.74,90.11,100.30,0,95.92
2015/07/27,92.64,101.74,90.11,100.30,0,95.92
2015/07/28,92.64,101.74,90.11,100.30,0,95.92
2015/07/29,92.64,101.74,90.11,100.30,0,95.92
2015/07/30,92.64,101.74,90.11,100.30,0,95.92
2015/07/31,92.64,101.74,90.11,100.30,0,95.92
2015/08/03,92.64,101.74,90.11,100.30,0,95.92
2015/08/04,92.64,101.74,90.11,100.30,0,95.92
2015/08/05,92.64,101.74,90.11,100.30,0,95.92
2015/08/06,92.64,101.74,90.11,100.30,0,95.92
2015/08/07,92.64,101.74,90.11,100.30,0,95.92
2015/08/10,92.64,101.74,90.11,100.30,0,95.92
2015/08/11,92.64,101.74,90.11,100.30,0,95.92
2015/08/12,92.64,101.74,90.11,100.30,0,95.92
2015/08/13,92.64,101.74,90.11,100.30,0,95.92
2015/08/14,92.64,101.74,90.11,100.30,0,95.92
2015/08/17,92.64,101.74,90.11,100.30,0,95.92
2015/08/18,92.64,101.74,90.11,100.30,0,95.92
2015/08/19,92.64,101.74,90.11,100.30,0,95.92
2015/08/20,92.64,101.74,90.11,100.30,0,95.92
2015/08/21,92.64,101.74,90.11,100.30,0,95.92
2015/08/24,92.64,101.74,90.11,100.30,0,95.92
2015/08/25,92.64,101.74,90.11,100.30,0,95.92
2015/08/26,92.64,101.74,90.11,100.30,0,95.92
2015/08/27,92.64,101.74,90.11,100.30,0,95.92
2015/08/28,92.64,101.74,90.11,100.30,0,95.92
2015/08/31,92.64,101.74,90.11,100.30,0,95.92
2015/09/01,92.64,101.74,90.11,100.30,0,95.92
2015/09/02,92.64,101.74,90.11,100.30,0,95.92
2015/09/07,92.64,101.74,90.11,100.30,0,95.92
2015/09/08,92.64,101.74,90.11,100.30,0,95.92
2015/09/09,92.64,101.74,90.11,100.30,0,95.92
2015/09/10,92.64,101.74,90.11,100.30,0,95.92
2015/09/11,92.64,101.74,90.11,100.30,0,95.92
2015/09/14,92.64,101.74,90.11,100.30,0,95.92
2015/09/15,92.64,101.74,90.11,100.30,0,95.92
2015/09/16,92.64,101.74,90.11,100.30,0,95.92
2015/09/17,92.64,101.74,90.11,100.30,0,95.92
2015/09/18,92.64,101.74,90.11,100.30,0,95.92
2015/09/21,92.64,101.74,90.11,100.30,0,95.92
2015/09/22,92.64,101.74,90.11,100.30,0,95.92
2015/09/23,92.64,101.74,90.11,100.30,0,95.92
2015/09/24,92.64,101.74,90.11,100.30,0,95.92
2015/09/25,92.64,101.74,90.11,100.30,0,95.92
2015/09/28,92.64,101.74,90.11,100.30,0,95.92
2015/09/29,92.64,101.74,90.11,100.30,0,95.92
2015/09/30,92.64,101.74,90.11,100.30,0,95.92
2015/10/08,92.64,101.74,90.11,100.30,0,95.92
2015/10/09,92.64,101.74,90.11,100.30,0,95.92
2015/10/12,92.64,101.74,90.11,100.30,0,95.92
2015/10/13,90.45,90.45,90.45,90.45,107500,90.45
2015/10/14,81.58,81.58,81.58,81.58,109100,81.58
2015/10/15,73.58,73.58,73.58,73.58,1180700,73.58
2015/10/16,71.33,75.65,69.14,70.12,69315778,72.40
2015/10/19,70.06,70.52,67.53,70.12,41535629,69.02
2015/10/20,69.26,70.06,68.57,69.78,25457229,69.31
2015/10/21,70.12,72.31,63.96,64.25,35133178,68.14
2015/10/22,63.90,67.24,62.69,66.95,21787077,64.96
2015/10/23,66.95,68.34,65.74,67.53,18469523,67.04
2015/10/26,68.39,68.68,66.32,66.67,15274889,67.50
2015/10/27,66.72,69.37,65.80,68.80,20627058,67.59
2015/10/28,68.39,68.39,65.51,65.63,16107909,66.95
2015/10/29,66.15,66.84,65.40,65.69,10167351,66.12
2015/10/30,65.69,67.70,64.71,67.30,13597155,66.20
2015/11/02,66.09,67.36,64.94,65.17,11536307,66.15
2015/11/03,65.46,65.69,62.40,62.75,11271767,64.04
2015/11/04,62.92,65.34,62.92,65.17,11164299,64.13
2015/11/05,65.40,65.86,64.59,65.46,12625375,65.23
2015/11/06,65.00,66.67,65.00,66.26,13969272,65.84
2015/11/09,65.46,67.64,65.23,67.07,14340971,66.44
2015/11/10,66.84,68.05,66.26,67.47,15937187,67.16
2015/11/11,67.64,69.32,66.90,69.14,18165752,68.11
2015/11/12,68.97,70.70,68.11,70.12,20148628,69.41
2015/11/13,69.43,70.47,67.41,67.59,14051139,68.94
2015/11/16,66.09,67.47,65.28,67.47,14022901,66.38
2015/11/17,67.64,69.72,67.01,67.18,17430038,68.37
2015/11/18,66.95,68.51,65.57,66.90,11926846,67.04
2015/11/19,67.13,69.20,66.84,68.85,14600430,68.02
2015/11/20,68.62,69.95,67.93,68.97,14166630,68.94
2015/11/23,69.26,70.24,68.39,69.60,17881451,69.31
2015/11/24,69.32,70.52,68.39,70.18,15287688,69.45
2015/11/25,70.87,71.22,69.83,70.76,17074412,70.52
2015/11/26,70.70,71.04,68.45,68.68,16147793,69.75
2015/11/27,68.97,69.55,62.06,63.27,15757542,65.80
2015/11/30,63.04,64.13,57.33,61.02,16341822,60.73
2015/12/01,61.08,61.77,59.75,61.02,9918966,60.76
2015/12/02,60.96,61.65,58.49,60.27,9815980,60.07
2015/12/03,60.27,62.06,60.27,62.06,11631180,61.17
2015/12/04,62.06,63.09,61.02,61.54,11424115,62.06
2015/12/07,61.65,62.63,61.19,62.63,9601339,61.91
2015/12/08,62.17,62.29,59.98,60.16,8499059,61.13
2015/12/09,59.75,61.19,59.06,60.33,8211085,60.13
2015/12/10,59.87,60.85,59.29,59.41,7172576,60.07
2015/12/11,59.35,59.64,57.51,58.37,8362978,58.57
2015/12/14,57.39,59.87,56.87,59.87,9110780,58.37
2015/12/15,59.70,60.33,59.41,59.93,8259082,59.87
2015/12/16,60.21,61.88,59.98,60.96,13946332,60.93
2015/12/17,60.73,62.92,60.62,62.06,18839132,61.77
2015/12/18,61.94,62.81,61.14,61.48,12029019,61.98
2015/12/21,61.54,62.92,61.19,62.52,9924617,62.05
2015/12/22,62.81,67.76,62.23,67.01,25577048,65.00
2015/12/23,65.97,67.47,64.30,64.65,14882059,65.88
2015/12/24,64.65,65.46,62.52,64.19,9297768,63.99
2015/12/25,64.30,65.57,64.25,65.11,8046777,64.91
2015/12/28,65.28,66.49,63.84,65.51,14331703,65.16
2015/12/29,65.17,66.32,64.48,65.80,13091763,65.40
2015/12/30,65.74,65.86,63.79,64.65,10658164,64.82
2015/12/31,64.65,65.17,63.04,63.38,8289455,64.11
2016/01/04,63.32,63.56,57.22,57.22,9731786,60.39
2016/01/05,53.07,56.18,51.80,54.11,14132995,53.99
2016/01/06,54.45,56.07,54.34,55.84,8572711,55.21
2016/01/07,54.80,54.80,50.48,50.71,2073700,52.64
2016/01/08,51.86,52.73,48.12,51.80,10952260,50.42
2016/01/11,50.60,51.00,46.79,46.79,11190127,48.89
2016/01/12,46.97,47.60,45.07,46.22,10975822,46.34
2016/01/13,46.22,47.02,44.20,44.78,7412742,45.61
2016/01/14,43.57,46.68,42.47,45.70,9611387,44.57
2016/01/15,45.24,46.22,42.76,43.63,9407837,44.49
2016/01/18,42.19,44.89,41.55,44.14,9149318,43.22
2016/01/19,44.20,45.87,43.91,45.70,9998763,44.89
2016/01/20,45.12,46.45,44.49,45.30,12664830,45.47
2016/01/21,44.72,47.31,44.26,44.32,12777927,45.79
2016/01/22,45.01,45.30,42.88,45.07,9306613,44.09
2016/01/25,45.64,47.95,45.41,46.79,15232797,46.68
2016/01/26,45.76,46.16,42.30,42.30,13675220,44.23
2016/01/27,42.88,42.99,40.00,42.36,9591784,41.50
2016/01/28,41.49,42.07,39.59,40.05,6616425,40.83
2016/01/29,40.46,42.99,40.46,42.30,9675978,41.73
2016/02/01,40.46,42.99,40.46,42.30,0,41.73
2016/02/02,40.46,42.99,40.46,42.30,0,41.73
2016/02/03,40.46,42.99,40.46,42.30,0,41.73
2016/02/04,40.46,42.99,40.46,42.30,0,41.73
2016/02/05,40.46,42.99,40.46,42.30,0,41.73
2016/02/15,40.46,42.99,40.46,42.30,0,41.73
2016/02/16,40.46,42.99,40.46,42.30,0,41.73
2016/02/17,40.46,42.99,40.46,42.30,0,41.73
2016/02/18,40.46,42.99,40.46,42.30,0,41.73
2016/02/19,40.46,42.99,40.46,42.30,0,41.73
2016/02/22,40.46,42.99,40.46,42.30,0,41.73
2016/02/23,40.46,42.99,40.46,42.30,0,41.73
2016/02/24,40.46,42.99,40.46,42.30,0,41.73
2016/02/25,40.46,42.99,40.46,42.30,0,41.73
2016/02/26,40.46,42.99,40.46,42.30,0,41.73
2016/02/29,40.46,42.99,40.46,42.30,0,41.73
2016/03/01,40.46,42.99,40.46,42.30,0,41.73
2016/03/02,40.46,42.99,40.46,42.30,0,41.73
2016/03/03,40.46,42.99,40.46,42.30,0,41.73
2016/03/04,40.46,42.99,40.46,42.30,0,41.73
2016/03/07,40.46,42.99,40.46,42.30,0,41.73
2016/03/08,40.46,42.99,40.46,42.30,0,41.73
2016/03/09,40.46,42.99,40.46,42.30,0,41.73
2016/03/10,40.46,42.99,40.46,42.30,0,41.73
2016/03/11,40.46,42.99,40.46,42.30,0,41.73
2016/03/14,40.46,42.99,40.46,42.30,0,41.73
2016/03/15,40.46,42.99,40.46,42.30,0,41.73
2016/03/16,40.46,42.99,40.46,42.30,0,41.73
2016/03/17,40.46,42.99,40.46,42.30,0,41.73
2016/03/18,40.46,42.99,40.46,42.30,0,41.73
2016/03/21,40.46,42.99,40.46,42.30,0,41.73
2016/03/22,40.46,42.99,40.46,42.30,0,41.73
2016/03/23,40.46,42.99,40.46,42.30,0,41.73
2016/03/24,40.46,42.99,40.46,42.30,0,41.73
2016/03/25,40.46,42.99,40.46,42.30,0,41.73
2016/03/28,46.39,46.39,46.39,46.39,663088,46.39
2016/03/29,50.88,50.88,48.23,48.58,42535798,49.55
2016/03/30,48.23,49.33,46.85,49.21,26968147,48.09
2016/03/31,48.75,49.04,47.66,48.00,15887334,48.35
2016/04/01,47.83,48.23,46.56,47.48,11524461,47.39
2016/04/05,47.66,48.29,47.02,48.18,12396376,47.66
2016/04/06,47.83,48.75,47.72,48.46,15202556,48.23
2016/04/07,48.64,49.10,47.43,47.66,13153459,48.27
2016/04/08,47.48,47.48,45.99,46.79,9910214,46.73
2016/04/11,47.14,47.89,46.85,47.66,12118542,47.37
2016/04/12,47.66,48.12,46.79,48.00,10032191,47.45
2016/04/13,48.46,50.36,48.35,48.92,19279422,49.36
2016/04/14,48.98,49.39,48.52,49.33,11553846,48.96
2016/04/15,49.16,50.25,48.98,49.73,13280862,49.61
2016/04/18,48.92,48.98,47.66,48.06,12784270,48.32
2016/04/19,48.41,49.56,47.89,49.44,12493267,48.73
2016/04/20,49.79,49.90,45.53,47.08,14631634,47.71
2016/04/21,49.79,49.90,45.53,47.08,0,47.71
2016/04/22,49.79,49.90,45.53,47.08,0,47.71
2016/04/25,49.79,49.90,45.53,47.08,0,47.71
2016/04/26,49.79,49.90,45.53,47.08,0,47.71
2016/04/27,49.79,49.90,45.53,47.08,0,47.71
2016/04/28,49.79,49.90,45.53,47.08,0,47.71
2016/04/29,46.74,48.75,46.74,48.29,10524261,47.75
2016/05/03,47.66,49.16,47.54,49.10,10204943,48.35
2016/05/04,48.69,49.50,48.58,48.87,8221142,49.04
2016/05/05,48.87,49.21,48.41,49.10,6212127,48.81
2016/05/06,49.21,49.50,46.62,46.68,10857398,48.06
2016/05/09,46.45,46.45,43.22,43.51,8326641,44.84
2016/05/10,43.11,43.80,43.11,43.57,4014654,43.45
2016/05/11,43.80,44.20,43.05,43.45,4350350,43.63
2016/05/12,42.99,44.09,42.30,44.03,5808709,43.20
2016/05/13,43.57,43.97,42.47,42.99,3709911,43.22
2016/05/16,42.53,43.80,42.47,43.63,4488143,43.13
2016/05/17,43.86,45.12,43.63,44.49,6415887,44.38
2016/05/18,44.03,44.20,42.76,42.99,6691805,43.48
2016/05/19,42.93,43.74,42.76,43.11,5149187,43.25
2016/05/20,42.59,43.57,42.47,43.57,3486145,43.02
2016/05/23,43.34,44.26,43.34,44.09,4612784,43.80
2016/05/24,43.91,44.03,43.16,43.51,2908700,43.59
2016/05/25,43.74,44.14,43.22,43.40,3060725,43.68
2016/05/26,43.57,43.97,42.19,43.91,5366869,43.08
2016/05/27,43.63,44.03,43.40,43.68,3743272,43.71
2016/05/30,43.45,43.86,43.05,43.40,2812472,43.45
2016/05/31,43.28,45.30,43.28,45.01,8104420,44.29
2016/06/01,45.07,46.39,44.89,46.16,8875917,45.64
2016/06/02,46.22,46.85,45.12,46.33,8715270,45.98
2016/06/03,45.87,46.68,45.76,46.28,5364884,46.22
2016/06/06,46.33,46.79,45.87,46.68,4606911,46.33
2016/06/07,46.97,47.20,46.04,46.10,4171121,46.62
2016/06/08,46.51,48.29,46.22,47.20,8960726,47.25
2016/06/13,46.22,46.28,43.91,44.89,8526800,45.09
2016/06/14,44.72,44.78,43.91,44.37,4349458,44.34
2016/06/15,43.97,46.10,43.80,45.93,5208500,44.95
2016/06/16,45.53,45.81,45.07,45.30,6152736,45.44
2016/06/17,45.53,46.51,45.47,46.22,5361664,45.99
2016/06/20,46.28,46.45,45.30,45.93,5037155,45.88
2016/06/21,46.45,46.56,44.55,44.84,7246969,45.55
2016/06/22,44.95,46.04,44.66,45.81,5403160,45.35
2016/06/23,45.76,46.33,45.12,45.76,5020583,45.72
2016/06/24,45.81,46.28,43.86,44.78,8421812,45.07
2016/06/27,44.55,46.45,44.49,46.33,8845324,45.47
2016/06/28,46.16,46.74,45.76,46.74,7056727,46.25
2016/06/29,46.91,48.69,46.51,47.66,12695219,47.60
2016/06/30,47.60,47.83,47.02,47.43,6434977,47.43
2016/07/01,47.43,47.66,46.79,47.08,4369429,47.22
2016/07/04,46.51,48.41,46.39,48.18,7035411,47.40
2016/07/05,48.18,48.41,47.72,48.29,6204254,48.06
2016/07/06,48.06,48.52,47.48,48.18,6554392,48.00
2016/07/07,48.23,48.81,47.66,48.58,7193315,48.23
2016/07/08,48.41,48.64,47.77,48.18,5519879,48.21
2016/07/11,48.12,48.46,47.72,47.83,5598360,48.09
2016/07/12,47.72,52.44,47.14,49.96,14498039,49.79
2016/07/13,50.25,50.77,49.50,49.79,8073860,50.14
2016/07/14,49.56,51.80,48.98,50.48,11336223,50.39
2016/07/15,50.42,50.94,49.96,50.65,7571171,50.45
2016/07/18,50.36,50.54,49.10,49.10,6886479,49.82
2016/07/19,48.98,49.27,48.41,48.98,6039421,48.84
2016/07/20,49.04,49.50,48.75,48.87,4234465,49.13
2016/07/21,48.69,50.13,48.52,48.98,6642661,49.33
2016/07/22,48.92,49.33,48.75,48.81,4503756,49.04
2016/07/25,48.81,49.04,48.23,48.52,3909717,48.63
2016/07/26,48.46,48.98,48.29,48.92,4519900,48.63
2016/07/27,49.04,49.21,45.07,45.76,9219900,47.14
2016/07/28,45.76,45.93,44.72,44.95,7627500,45.32
2016/07/29,45.12,45.30,44.26,44.60,4592183,44.78
2016/08/01,43.86,44.43,43.11,43.91,4704241,43.77
2016/08/02,44.14,44.32,43.68,44.32,3750718,44.00
2016/08/03,44.32,44.66,43.97,44.43,2975365,44.31
2016/08/04,44.78,46.85,44.49,45.53,7750775,45.67
2016/08/05,45.07,45.41,44.78,45.01,4002036,45.09
2016/08/08,44.72,46.04,44.26,45.53,3806319,45.15
