Date, SZ300296.Open, SZ300296.High, SZ300296.Low, SZ300296.Close, SZ300296.Volume, SZ300296.Adjusted
2012/03/15,22.20,24.98,22.18,24.98,12063503,23.74
2012/03/16,23.20,23.97,22.48,23.00,10905261,22.85
2012/03/19,22.18,22.98,22.00,22.31,6404512,22.45
2012/03/20,22.21,22.30,20.20,20.28,6915852,20.98
2012/03/21,20.00,20.01,18.52,19.05,4945315,19.15
2012/03/22,18.89,19.32,18.80,18.94,2844142,19.04
2012/03/23,18.89,19.48,18.70,19.33,3470939,19.15
2012/03/26,19.34,19.35,18.61,18.76,2510711,18.91
2012/03/27,18.91,18.95,18.50,18.54,2039565,18.70
2012/03/28,18.29,18.29,16.69,16.69,3314103,17.20
2012/03/29,16.51,16.78,16.12,16.43,2468066,16.47
2012/03/30,16.45,16.70,15.94,16.11,2024174,16.38
2012/04/05,16.28,16.74,16.03,16.69,1975918,16.47
2012/04/06,16.68,16.94,16.52,16.74,2046923,16.74
2012/04/09,16.73,16.75,16.27,16.29,1528610,16.50
2012/04/10,16.19,17.92,16.15,17.85,4241320,17.24
2012/04/11,17.40,17.85,17.25,17.76,3138677,17.53
2012/04/12,17.58,17.73,17.16,17.61,2663001,17.45
2012/04/13,17.63,18.00,17.44,17.58,2550932,17.71
2012/04/16,17.41,17.45,17.10,17.19,1478233,17.25
2012/04/17,17.25,17.35,16.72,17.08,1668404,17.04
2012/04/18,17.13,17.49,16.95,17.40,1727192,17.26
2012/04/19,17.39,17.65,17.30,17.56,2102210,17.51
2012/04/20,17.61,18.25,17.60,18.10,3757262,17.93
2012/04/23,17.80,18.00,16.29,16.32,3462662,17.05
2012/04/24,16.25,16.73,15.56,16.29,1976822,16.13
2012/04/25,16.29,16.29,15.82,16.01,1360478,16.07
2012/04/26,16.04,16.29,15.93,16.09,1016233,16.10
2012/04/27,16.04,16.66,16.00,16.44,1545236,16.38
2012/05/02,16.69,16.97,16.51,16.70,1143810,16.73
2012/05/03,16.66,16.92,16.55,16.90,991415,16.79
2012/05/04,16.80,17.23,16.80,17.09,1319406,17.06
2012/05/07,17.03,17.16,16.83,17.14,1415687,16.99
2012/05/08,17.20,17.22,16.93,17.09,1234538,17.07
2012/05/09,16.98,16.98,16.46,16.46,1211694,16.64
2012/05/10,16.41,16.67,16.41,16.55,825480,16.56
2012/05/11,16.54,16.70,16.30,16.30,826845,16.48
2012/05/14,16.40,16.49,16.20,16.21,732193,16.34
2012/05/15,16.02,16.46,16.00,16.40,813150,16.18
2012/05/16,16.40,16.44,16.21,16.27,568701,16.35
2012/05/17,16.40,17.57,16.40,17.43,3201673,17.06
2012/05/18,17.03,17.49,16.88,16.90,2158684,17.13
2012/05/21,16.85,17.34,16.85,17.17,1456539,17.16
2012/05/22,17.20,17.43,17.08,17.25,1306999,17.24
2012/05/23,17.29,17.36,16.74,17.01,1224205,17.01
2012/05/24,16.83,17.27,16.82,16.87,1128698,17.02
2012/05/25,16.92,17.32,16.85,16.97,1033003,17.03
2012/05/28,16.92,16.92,15.64,16.23,1926349,15.99
2012/05/29,16.07,16.50,16.07,16.37,1036569,16.27
2012/05/30,16.37,16.76,16.20,16.53,1286252,16.40
2012/05/31,16.38,17.53,16.38,17.20,2301692,16.98
2012/06/01,17.18,17.55,16.89,17.29,1615228,17.09
2012/06/04,16.91,17.07,16.51,16.52,1331010,16.75
2012/06/05,16.52,16.69,16.20,16.27,841067,16.25
2012/06/06,16.36,16.49,16.22,16.35,515101,16.25
2012/06/07,16.54,16.60,16.02,16.02,728817,16.20
2012/06/08,16.24,16.26,15.99,16.09,517918,16.06
2012/06/11,16.07,16.65,16.02,16.55,726242,16.38
2012/06/12,16.55,16.61,16.28,16.43,675516,16.39
2012/06/13,16.54,17.05,16.46,16.95,1396171,16.81
2012/06/14,16.87,17.18,16.74,16.94,1440281,16.90
2012/06/15,16.93,17.12,16.49,16.67,1540265,16.65
2012/06/18,16.67,17.51,16.65,17.39,3753532,17.13
2012/06/19,17.33,17.54,17.05,17.20,2347469,17.17
2012/06/20,17.25,18.10,17.15,17.62,4097350,17.58
2012/06/21,17.50,17.65,16.86,17.29,2462654,17.13
2012/06/25,17.08,17.22,16.69,16.87,1347000,16.86
2012/06/26,16.74,16.85,16.26,16.84,1373468,16.49
2012/06/27,16.77,17.77,16.68,17.37,3078530,17.27
2012/06/28,17.37,18.25,17.17,17.72,4457810,17.74
2012/06/29,17.55,18.57,17.33,18.39,4087503,18.11
2012/07/02,18.46,18.63,18.12,18.37,3891445,18.29
2012/07/03,18.34,18.86,18.15,18.55,3275610,18.40
2012/07/04,18.45,18.64,17.78,17.84,3003764,18.03
2012/07/05,17.77,17.77,17.26,17.57,2576205,17.38
2012/07/06,17.57,18.01,17.14,17.96,2563618,17.55
2012/07/09,17.73,17.93,17.05,17.05,2056791,17.40
2012/07/10,16.85,16.85,15.57,15.86,2904570,16.14
2012/07/11,15.86,15.94,15.67,15.86,1173558,15.72
2012/07/12,15.92,16.30,15.70,16.20,1628376,15.97
2012/07/13,16.20,16.27,14.87,14.88,2859124,15.45
2012/07/16,14.78,14.78,13.40,13.42,2808510,13.93
2012/07/17,13.42,13.66,13.22,13.61,1323260,13.45
2012/07/18,13.47,13.63,13.15,13.60,1239731,13.29
2012/07/19,13.56,14.06,13.52,13.83,1715105,13.81
2012/07/20,13.96,13.96,13.69,13.77,904468,13.71
2012/07/23,13.59,13.96,13.30,13.83,675336,13.67
2012/07/24,13.72,14.09,13.60,13.95,711594,13.85
2012/07/25,14.01,14.47,13.80,14.06,1299730,14.13
2012/07/26,14.07,14.17,13.79,13.79,886145,13.88
2012/07/27,13.87,13.95,13.67,13.77,647172,13.72
2012/07/30,13.89,13.95,13.32,13.37,746971,13.50
2012/07/31,13.33,13.47,13.05,13.14,620994,13.12
2012/08/01,13.18,13.72,13.15,13.49,677273,13.43
2012/08/02,13.52,13.60,13.33,13.47,343916,13.40
2012/08/03,13.52,13.92,13.48,13.87,754317,13.71
2012/08/06,13.76,14.27,13.68,14.23,1030516,13.98
2012/08/07,14.22,14.45,14.09,14.34,1020939,14.21
2012/08/08,14.34,14.37,13.97,14.16,802513,14.07
2012/08/09,14.14,14.56,13.98,14.46,1364013,14.24
2012/08/10,14.47,14.47,14.18,14.20,852531,14.22
2012/08/13,14.05,14.07,13.59,13.61,1453948,13.79
2012/08/14,13.59,13.80,13.35,13.76,853908,13.48
2012/08/15,13.67,13.67,13.46,13.48,695904,13.46
2012/08/16,13.48,13.62,13.38,13.47,366512,13.43
2012/08/17,13.47,13.84,13.41,13.68,1025185,13.62
2012/08/20,13.66,13.93,13.53,13.87,858518,13.66
2012/08/21,13.94,14.45,13.76,14.24,1714154,14.08
2012/08/22,14.26,14.50,14.03,14.19,1464497,14.19
2012/08/23,14.08,14.50,14.03,14.50,1542758,14.23
2012/08/24,14.46,14.54,14.07,14.07,1371067,14.18
2012/08/27,13.97,13.97,13.59,13.61,682772,13.67
2012/08/28,13.58,13.97,13.55,13.94,588644,13.74
2012/08/29,13.97,14.45,13.87,14.20,1481804,14.21
2012/08/30,14.22,14.29,13.35,13.81,1445536,13.77
2012/08/31,13.67,13.90,13.59,13.83,527940,13.70
2012/09/03,13.72,14.21,13.67,14.10,699422,13.90
2012/09/04,14.10,14.47,14.09,14.13,1308830,14.22
2012/09/05,13.97,14.74,13.88,14.53,2070825,14.40
2012/09/06,14.65,14.93,14.51,14.78,2365339,14.68
2012/09/07,14.95,15.30,14.75,15.05,3109126,14.94
2012/09/10,15.12,15.45,14.99,15.05,1688975,15.08
2012/09/11,15.09,15.15,14.82,14.95,1211300,14.87
2012/09/12,15.12,15.22,14.69,14.90,1219731,14.85
2012/09/13,14.97,15.06,14.64,14.70,1224474,14.81
2012/09/14,14.80,14.90,14.35,14.61,1199906,14.54
2012/09/17,14.54,14.74,14.08,14.14,880337,14.38
2012/09/18,14.14,14.36,14.05,14.17,506623,14.16
2012/09/19,14.21,14.45,14.17,14.37,769304,14.20
2012/09/20,14.27,14.35,13.23,13.29,1733502,13.52
2012/09/21,13.29,13.38,13.02,13.04,837200,13.17
2012/09/24,12.92,13.15,12.77,13.04,632608,12.85
2012/09/25,13.04,13.16,12.87,12.95,426838,12.94
2012/09/26,13.01,13.01,12.40,12.45,736886,12.54
2012/09/27,12.45,12.90,12.44,12.73,547113,12.60
2012/09/28,12.63,13.16,12.63,13.03,693690,12.90
2012/10/08,13.05,13.12,12.90,12.96,334003,12.90
2012/10/09,12.82,13.39,12.82,13.38,656016,13.23
2012/10/10,13.37,13.51,13.33,13.42,534429,13.35
2012/10/11,13.36,13.45,13.08,13.12,579860,13.20
2012/10/12,13.18,13.34,13.04,13.25,605623,13.15
2012/10/15,13.24,13.24,12.69,12.88,601052,12.82
2012/10/16,12.88,13.05,12.78,12.91,249421,12.89
2012/10/17,13.04,13.08,12.81,13.04,409270,12.90
2012/10/18,13.04,13.77,13.02,13.49,1414558,13.44
2012/10/19,13.57,13.60,13.30,13.44,497810,13.39
2012/10/22,13.34,13.61,13.27,13.56,424491,13.38
2012/10/23,13.57,13.69,13.30,13.30,638085,13.41
2012/10/24,13.13,14.01,13.13,13.54,1137292,13.56
2012/10/25,13.56,13.67,13.34,13.38,438544,13.41
2012/10/26,13.42,13.42,12.85,13.05,588622,13.00
2012/10/29,13.11,13.15,12.99,13.02,256500,13.00
2012/10/30,13.02,13.24,13.00,13.00,204889,13.02
2012/10/31,13.07,13.16,12.87,13.05,235863,12.98
2012/11/01,13.12,13.47,13.06,13.41,531206,13.25
2012/11/02,13.41,13.52,13.24,13.35,427549,13.29
2012/11/05,13.35,13.43,13.24,13.38,315513,13.24
2012/11/06,13.35,13.35,12.92,13.12,439453,13.01
2012/11/07,13.02,13.25,13.00,13.11,230406,13.02
2012/11/08,13.04,13.04,12.75,12.75,263150,12.85
2012/11/09,12.87,12.87,12.47,12.49,553962,12.52
2012/11/12,12.59,12.72,12.50,12.62,273517,12.52
2012/11/13,12.54,12.56,12.34,12.37,340903,12.35
2012/11/14,12.37,12.51,12.22,12.41,404759,12.24
2012/11/15,12.32,12.41,12.07,12.14,255107,12.18
2012/11/16,11.95,12.14,11.21,11.86,387678,11.73
2012/11/19,11.65,12.06,11.65,12.00,251701,11.81
2012/11/20,12.01,12.22,11.89,11.92,295853,11.96
2012/11/21,11.93,12.17,11.81,12.17,291909,11.92
2012/11/22,12.17,12.17,12.02,12.09,188351,12.00
2012/11/23,11.92,12.32,11.91,12.30,454669,12.09
2012/11/26,12.21,12.32,12.00,12.17,217213,12.10
2012/11/27,11.96,11.99,11.46,11.64,377690,11.61
2012/11/28,11.61,11.81,11.30,11.49,284323,11.36
2012/11/29,11.33,11.71,11.10,11.27,252700,11.27
2012/11/30,11.09,11.52,11.09,11.45,301055,11.25
2012/12/03,11.45,11.49,11.14,11.14,503709,11.17
2012/12/04,11.03,11.20,10.69,11.08,798757,10.84
2012/12/05,11.08,11.54,10.14,11.37,786016,11.25
2012/12/06,11.27,11.41,11.19,11.22,374903,11.21
2012/12/07,11.20,11.51,11.17,11.47,493382,11.30
2012/12/10,11.57,11.82,11.49,11.75,711055,11.63
2012/12/11,11.77,11.89,11.60,11.64,498229,11.72
2012/12/12,11.57,11.79,11.54,11.73,563654,11.58
2012/12/13,11.63,11.71,11.29,11.34,388737,11.43
2012/12/14,11.33,11.86,11.30,11.79,685611,11.64
2012/12/17,11.93,12.16,11.77,12.00,989531,11.92
2012/12/18,12.13,12.13,11.88,11.96,605329,11.95
2012/12/19,11.97,12.05,11.83,12.01,382292,11.91
2012/12/20,12.11,12.42,12.01,12.28,1074109,12.16
2012/12/21,12.44,12.92,12.22,12.77,1717988,12.49
2012/12/24,12.79,13.17,12.78,12.94,1460893,12.90
2012/12/25,13.01,13.37,12.93,13.37,1768335,13.10
2012/12/26,13.47,14.65,13.45,14.25,2924475,14.12
2012/12/27,14.33,14.87,13.85,13.85,2676919,14.24
2012/12/28,13.70,14.51,13.70,14.38,2260798,14.08
2012/12/31,15.81,15.81,15.41,15.81,5534478,15.71
2013/01/04,15.95,16.63,15.59,15.97,7257549,15.96
2013/01/07,15.71,15.86,15.37,15.77,3010389,15.59
2013/01/08,15.87,16.55,15.82,15.96,3818199,16.14
2013/01/09,15.67,16.17,15.41,15.92,3023753,15.65
2013/01/10,15.92,16.35,15.70,15.85,2200040,15.91
2013/01/11,15.77,15.85,15.39,15.54,2927283,15.52
2013/01/14,15.61,16.23,15.42,16.00,3002529,15.85
2013/01/15,15.92,16.34,15.77,16.07,2698702,15.94
2013/01/16,16.02,17.01,15.78,17.01,4755149,16.31
2013/01/17,16.73,16.76,15.97,16.03,2916084,16.28
2013/01/18,15.92,16.15,15.51,15.75,2120325,15.69
2013/01/21,15.95,16.12,15.67,15.80,1314244,15.82
2013/01/22,15.76,15.92,15.48,15.91,1638583,15.63
2013/01/23,15.86,15.86,14.90,15.25,1834268,15.25
2013/01/24,15.23,15.37,14.33,14.43,2237311,14.77
2013/01/25,14.42,14.66,14.38,14.44,902406,14.42
2013/01/28,14.50,14.90,14.50,14.87,1001587,14.63
2013/01/29,14.94,15.11,14.77,14.84,982815,14.86
2013/01/30,14.90,14.94,14.47,14.65,962661,14.57
2013/01/31,14.69,14.69,14.15,14.27,1215563,14.24
2013/02/01,14.28,14.53,14.17,14.40,974530,14.31
2013/02/04,14.53,14.60,14.05,14.13,836195,14.17
2013/02/05,14.13,14.48,14.06,14.36,881173,14.24
2013/02/06,14.47,14.81,14.37,14.66,949251,14.60
2013/02/07,14.75,14.97,14.59,14.79,795653,14.73
2013/02/08,14.73,14.97,14.68,14.92,840478,14.80
2013/02/18,15.04,15.25,14.90,15.20,1281006,15.04
2013/02/19,15.21,15.27,14.48,14.60,1103311,14.71
2013/02/20,14.57,14.85,14.47,14.82,789794,14.61
2013/02/21,14.76,14.76,14.42,14.48,929070,14.48
2013/02/22,14.49,14.81,14.49,14.54,674060,14.57
2013/02/25,14.54,14.83,14.50,14.75,722788,14.60
2013/02/26,14.75,15.22,14.62,14.77,1128496,14.89
2013/02/27,14.77,15.14,14.67,14.92,978953,14.78
2013/02/28,14.86,15.66,14.82,15.62,2747724,15.26
2013/03/01,15.58,15.64,15.35,15.61,1516635,15.42
2013/03/04,15.38,15.46,14.84,14.87,1602658,15.10
2013/03/05,14.89,15.11,14.59,15.11,966811,14.86
2013/03/06,15.08,15.66,15.08,15.55,1405556,15.41
2013/03/07,15.47,15.71,15.07,15.18,1406255,15.35
2013/03/08,15.10,15.35,15.09,15.22,700808,15.13
2013/03/11,15.12,15.47,15.12,15.27,450953,15.25
2013/03/12,15.29,15.62,14.23,14.40,1890879,14.77
2013/03/13,14.32,14.35,13.83,13.88,1315599,13.89
2013/03/14,13.80,14.02,13.78,13.87,479700,13.84
2013/03/15,13.94,14.28,13.76,13.96,733385,14.00
2013/03/18,13.97,14.12,13.63,13.67,475168,13.78
2013/03/19,13.69,13.85,13.39,13.85,692423,13.57
2013/03/20,13.83,14.30,13.77,14.26,843372,14.00
2013/03/21,14.27,14.45,14.21,14.34,687655,14.27
2013/03/22,14.27,14.37,14.18,14.27,745508,14.21
2013/03/25,14.30,14.34,14.13,14.23,417911,14.17
2013/03/26,14.17,14.26,13.87,13.95,506785,13.89
2013/03/27,14.04,14.15,13.89,14.03,468936,13.96
2013/03/28,13.78,13.79,13.57,13.60,639438,13.62
2013/03/29,13.51,13.77,13.51,13.63,263996,13.62
2013/04/01,13.69,13.79,13.44,13.71,268457,13.59
2013/04/02,13.72,13.89,13.42,13.52,456913,13.61
2013/04/03,13.52,13.53,13.15,13.17,509863,13.20
2013/04/08,12.82,12.87,12.53,12.81,718475,12.63
2013/04/09,12.82,12.92,12.69,12.87,341799,12.77
2013/04/10,12.82,12.92,12.69,12.87,0,12.80
2013/04/11,12.82,12.92,12.69,12.87,0,12.80
2013/04/12,14.09,14.15,13.37,13.37,1592230,13.64
2013/04/15,13.08,13.15,12.80,12.87,469349,12.93
2013/04/16,12.77,13.16,12.62,13.13,466361,12.88
2013/04/17,13.23,13.23,13.02,13.21,233738,13.07
2013/04/18,13.16,13.42,13.03,13.41,480876,13.19
2013/04/19,13.57,13.97,13.55,13.82,955229,13.72
2013/04/22,13.76,14.19,13.75,14.18,1015568,13.98
2013/04/23,14.10,15.14,14.10,14.50,2385569,14.57
2013/04/24,14.42,15.02,14.27,14.97,1856006,14.69
2013/04/25,15.18,16.30,15.17,15.67,4776950,15.74
2013/04/26,15.72,16.12,15.47,15.47,2562592,15.77
2013/05/02,15.47,15.64,14.97,15.46,1669633,15.20
2013/05/03,15.35,16.11,15.28,15.92,1791758,15.84
2013/05/06,15.87,17.10,15.79,16.79,2469174,16.53
2013/05/07,16.72,17.21,16.43,16.66,1128810,16.73
2013/05/08,16.81,17.06,16.61,17.06,1226731,16.81
2013/05/09,16.93,17.11,16.28,17.07,1189408,16.65
2013/05/10,16.87,17.01,16.40,16.58,750313,16.56
2013/05/13,16.52,17.31,16.31,16.92,980536,16.67
2013/05/14,17.06,17.06,16.27,16.37,1026794,16.42
2013/05/15,16.37,17.37,16.09,17.14,1321237,16.91
2013/05/16,17.27,17.84,16.76,16.95,1789718,17.17
2013/05/17,17.05,18.64,16.56,18.64,3859774,17.92
2013/05/20,18.74,19.66,18.14,19.54,7719077,18.90
2013/05/21,18.98,20.20,18.97,19.69,5301934,19.58
2013/05/22,19.30,19.57,18.29,18.38,3711686,18.93
2013/05/23,18.22,18.55,17.84,18.01,2576962,18.20
2013/05/24,17.96,19.49,17.96,19.13,3587187,18.72
2013/05/27,19.42,19.42,18.61,18.76,2313654,19.02
2013/05/28,18.53,18.89,17.63,17.92,2093026,18.26
2013/05/29,17.92,18.22,17.80,18.01,1943825,18.01
2013/05/30,17.93,18.14,17.56,17.80,2785507,17.85
2013/05/31,17.86,18.04,17.56,17.62,1936690,17.80
2013/06/03,17.56,17.75,17.12,17.17,1513061,17.44
2013/06/04,17.17,17.32,16.70,16.79,1558148,17.01
2013/06/05,16.81,17.24,16.78,17.15,1108630,17.01
2013/06/06,17.02,17.20,16.42,16.51,1104846,16.81
2013/06/07,16.64,16.96,16.46,16.88,1108959,16.71
2013/06/13,16.94,17.02,16.13,16.90,1646430,16.57
2013/06/14,16.96,17.71,16.96,17.44,2048128,17.34
2013/06/17,17.26,18.04,17.17,17.66,2550096,17.61
2013/06/18,17.68,17.68,16.91,17.17,1664708,17.29
2013/06/19,17.06,17.30,16.72,17.15,1106603,17.01
2013/06/20,17.12,17.50,16.57,16.66,1306835,17.04
2013/06/21,16.39,17.17,15.98,16.96,1177371,16.58
2013/06/24,17.12,17.17,15.97,16.24,1249872,16.57
2013/06/25,15.98,16.46,14.66,16.27,1095440,15.56
2013/06/26,16.31,17.08,16.13,16.93,1307192,16.60
2013/06/27,16.93,17.84,16.76,17.54,3381748,17.30
2013/06/28,17.92,18.37,17.41,17.80,4513735,17.89
2013/07/01,17.62,18.55,17.02,18.47,4017506,17.79
2013/07/02,18.23,18.79,18.08,18.64,3633324,18.43
2013/07/03,18.38,18.94,18.25,18.62,2285697,18.60
2013/07/04,18.55,18.55,17.99,17.99,2698575,18.27
2013/07/05,17.69,18.29,17.03,17.18,1757120,17.66
2013/07/08,16.87,16.87,16.19,16.34,1565766,16.53
2013/07/09,16.12,16.52,16.12,16.37,628070,16.32
2013/07/10,16.49,16.87,16.36,16.87,747039,16.62
2013/07/11,16.81,17.38,16.72,17.24,895908,17.05
2013/07/12,17.41,18.49,17.39,17.89,2618236,17.94
2013/07/15,17.92,18.80,17.92,18.64,2452441,18.36
2013/07/16,19.03,19.10,18.52,18.68,1813862,18.81
2013/07/17,18.70,20.53,18.70,19.99,5403431,19.62
2013/07/18,19.79,21.89,19.58,21.19,5172674,20.73
2013/07/19,21.05,22.54,20.92,21.50,4235143,21.73
2013/07/22,21.13,22.19,20.92,21.88,2356399,21.56
2013/07/23,22.12,23.09,21.79,22.22,3534695,22.44
2013/07/24,22.94,23.12,22.24,22.97,2649781,22.68
2013/07/25,22.82,23.02,20.69,21.52,2809462,21.86
2013/07/26,22.69,23.65,21.97,23.65,6267202,22.81
2013/07/29,24.59,24.67,23.02,23.17,5873884,23.85
2013/07/30,23.33,25.46,23.27,25.46,5592497,24.37
2013/07/31,26.15,27.98,25.81,27.98,4508021,26.89
2013/08/01,29.62,30.76,29.32,30.76,5585826,30.04
2013/08/02,33.82,33.82,33.82,33.82,2464423,33.82
2013/08/05,36.67,36.82,33.37,34.03,15697687,35.09
2013/08/06,33.67,35.47,33.53,34.99,9703567,34.50
2013/08/07,34.69,36.37,33.52,33.52,10126620,34.95
2013/08/08,32.87,33.37,31.72,32.60,8724531,32.54
2013/08/09,32.21,32.75,31.06,31.91,4989340,31.90
2013/08/12,31.66,32.17,29.86,31.19,5836496,31.02
2013/08/13,31.03,32.09,30.70,31.70,4887927,31.40
2013/08/14,31.51,32.03,30.22,31.61,5223174,31.13
2013/08/15,31.72,33.73,31.25,33.37,8801119,32.49
2013/08/16,32.84,33.58,30.07,30.08,6529177,31.82
2013/08/19,29.48,31.58,29.33,31.28,3537051,30.45
2013/08/20,30.98,34.39,30.83,33.74,9327112,32.61
2013/08/21,33.37,33.59,32.18,32.32,5843743,32.89
2013/08/22,32.17,33.67,31.75,33.16,5175617,32.71
2013/08/23,33.20,36.46,32.93,35.00,9516747,34.70
2013/08/26,34.57,35.77,33.67,35.09,5221293,34.72
2013/08/27,34.75,37.87,34.42,35.47,6036275,36.14
2013/08/28,34.76,35.39,33.68,34.27,4837183,34.54
2013/08/29,34.09,34.70,33.56,33.67,3273072,34.13
2013/08/30,33.23,34.54,30.91,30.91,5009683,32.72
2013/09/02,30.37,31.54,28.72,30.79,4057941,30.13
2013/09/03,30.77,31.57,30.22,31.48,3582450,30.89
2013/09/04,31.18,32.54,30.82,31.34,2943823,31.68
2013/09/05,31.12,32.45,30.22,31.57,4405032,31.34
2013/09/06,31.21,31.42,29.89,30.08,4859213,30.66
2013/09/09,30.19,30.52,28.36,28.91,5404184,29.44
2013/09/10,28.87,29.45,28.66,29.00,2663405,29.05
2013/09/11,28.93,28.99,27.10,27.50,3733741,28.04
2013/09/12,27.46,27.94,26.92,27.80,3115039,27.43
2013/09/13,27.97,30.19,27.53,29.77,6934075,28.86
2013/09/16,29.62,30.82,29.32,29.57,4006597,30.07
2013/09/17,29.57,29.62,27.71,27.74,2988845,28.67
2013/09/18,27.71,29.09,27.23,28.87,2807958,28.16
2013/09/23,28.64,29.47,28.24,29.17,2901517,28.85
2013/09/24,28.93,29.00,27.74,28.85,3339224,28.37
2013/09/25,28.84,29.05,28.16,28.24,2529275,28.61
2013/09/26,27.98,29.03,27.91,28.24,2349775,28.47
2013/09/27,27.98,29.03,27.91,28.24,0,28.47
2013/09/30,27.98,29.03,27.91,28.24,0,28.47
2013/10/08,27.98,29.03,27.91,28.24,0,28.47
2013/10/09,27.98,29.03,27.91,28.24,0,28.47
2013/10/10,27.98,29.03,27.91,28.24,0,28.47
2013/10/11,27.98,29.03,27.91,28.24,0,28.47
2013/10/14,27.98,29.03,27.91,28.24,0,28.47
2013/10/15,27.98,29.03,27.91,28.24,0,28.47
2013/10/16,27.98,29.03,27.91,28.24,0,28.47
2013/10/17,27.98,29.03,27.91,28.24,0,28.47
2013/10/18,27.98,29.03,27.91,28.24,0,28.47
2013/10/21,27.98,29.03,27.91,28.24,0,28.47
2013/10/22,27.98,29.03,27.91,28.24,0,28.47
2013/10/23,27.98,29.03,27.91,28.24,0,28.47
2013/10/24,27.98,29.03,27.91,28.24,0,28.47
2013/10/25,27.98,29.03,27.91,28.24,0,28.47
2013/10/28,27.98,29.03,27.91,28.24,0,28.47
2013/10/29,27.98,29.03,27.91,28.24,0,28.47
2013/10/30,27.98,29.03,27.91,28.24,0,28.47
2013/10/31,27.98,29.03,27.91,28.24,0,28.47
2013/11/01,27.98,29.03,27.91,28.24,0,28.47
2013/11/04,27.98,29.03,27.91,28.24,0,28.47
2013/11/05,27.98,29.03,27.91,28.24,0,28.47
2013/11/06,27.98,29.03,27.91,28.24,0,28.47
2013/11/07,27.98,29.03,27.91,28.24,0,28.47
2013/11/08,27.98,29.03,27.91,28.24,0,28.47
2013/11/11,27.98,29.03,27.91,28.24,0,28.47
2013/11/12,27.98,29.03,27.91,28.24,0,28.47
2013/11/13,27.98,29.03,27.91,28.24,0,28.47
2013/11/14,27.98,29.03,27.91,28.24,0,28.47
2013/11/15,27.98,29.03,27.91,28.24,0,28.47
2013/11/18,27.98,29.03,27.91,28.24,0,28.47
2013/11/19,27.98,29.03,27.91,28.24,0,28.47
2013/11/20,27.98,29.03,27.91,28.24,0,28.47
2013/11/21,27.98,29.03,27.91,28.24,0,28.47
2013/11/22,31.04,31.04,30.43,31.04,3344054,30.73
2013/11/25,32.92,32.92,29.93,30.14,7543432,31.43
2013/11/26,29.17,30.47,29.17,29.68,2570260,29.82
2013/11/27,29.32,29.72,28.84,28.99,2452301,29.28
2013/11/28,29.03,29.59,28.72,29.06,1968934,29.15
2013/11/29,29.17,30.35,29.08,30.19,2921516,29.71
2013/12/02,28.64,28.64,27.19,27.19,2900976,27.92
2013/12/03,25.69,26.54,24.73,26.15,1830751,25.63
2013/12/04,26.15,26.54,25.58,25.70,1739102,26.06
2013/12/05,25.70,26.09,25.27,25.27,992391,25.68
2013/12/06,25.27,25.58,25.07,25.40,866251,25.32
2013/12/09,25.40,25.91,25.40,25.78,731371,25.65
2013/12/10,26.15,26.17,25.31,25.57,809562,25.74
2013/12/11,25.51,26.06,25.27,25.72,816100,25.66
2013/12/12,25.81,25.96,25.46,25.72,839082,25.71
2013/12/13,25.58,26.26,25.12,25.84,1565311,25.69
2013/12/16,25.85,25.87,25.25,25.30,743128,25.56
2013/12/17,25.45,25.45,24.70,24.73,1038206,25.07
2013/12/18,24.68,25.91,24.68,25.13,1067750,25.29
2013/12/19,25.04,25.45,24.46,24.49,1090605,24.96
2013/12/20,24.34,24.91,24.25,24.37,728088,24.58
2013/12/23,24.37,24.65,23.47,23.65,728567,24.06
2013/12/24,23.62,24.35,23.54,24.29,1345467,23.95
2013/12/25,24.22,25.64,24.08,25.51,2489748,24.86
2013/12/26,25.52,25.96,24.73,25.27,1391917,25.35
2013/12/27,24.77,25.88,24.67,25.52,1702853,25.28
2013/12/30,25.64,26.63,25.34,26.54,2012777,25.98
2013/12/31,26.62,26.92,25.96,26.24,2189031,26.44
2014/01/02,26.03,28.30,26.03,27.89,2759673,27.17
2014/01/03,27.68,28.52,26.95,27.25,2253386,27.73
2014/01/06,27.52,29.95,27.52,29.17,5388810,28.73
2014/01/07,28.42,29.62,27.86,29.62,2881978,28.74
2014/01/08,29.83,30.83,29.14,30.07,3964629,29.98
2014/01/09,30.64,31.52,28.27,28.43,3244572,29.89
2014/01/10,29.62,30.19,28.60,28.87,2992693,29.40
2014/01/13,28.57,30.19,28.12,29.92,3942507,29.16
2014/01/14,29.92,30.74,29.23,30.67,2843817,29.98
2014/01/15,30.53,33.02,30.11,31.13,3541743,31.57
2014/01/16,31.42,32.99,30.98,31.40,3003919,31.99
2014/01/17,30.67,32.92,30.37,31.81,2499725,31.65
2014/01/20,32.02,33.52,31.75,32.84,3405126,32.64
2014/01/21,32.26,34.69,32.26,34.34,3754705,33.47
2014/01/22,35.11,36.71,34.34,35.09,5411311,35.53
2014/01/23,35.14,36.14,34.72,35.77,2567960,35.43
2014/01/24,35.54,35.96,34.55,34.85,3444733,35.25
2014/01/27,34.72,34.94,32.69,34.63,3660918,33.81
2014/01/28,34.25,34.82,33.29,33.68,1911090,34.05
2014/01/29,33.67,35.89,33.67,35.60,2328689,34.78
2014/01/30,35.17,36.20,34.43,34.45,1387344,35.32
2014/02/07,34.39,35.24,33.67,35.18,2082998,34.46
2014/02/10,35.32,36.67,35.32,36.13,2471779,36.00
2014/02/11,36.04,36.47,34.57,35.02,2332104,35.52
2014/02/12,35.02,35.02,33.37,34.45,2610625,34.20
2014/02/13,34.31,34.45,32.45,32.50,2028123,33.45
2014/02/14,32.39,33.52,31.75,33.46,1779723,32.64
2014/02/17,33.46,34.09,33.22,33.53,2080725,33.66
2014/02/18,33.89,34.40,32.84,34.06,2373893,33.62
2014/02/19,33.89,34.43,32.92,33.22,1698132,33.68
2014/02/20,33.89,34.43,32.92,33.22,0,33.68
2014/02/21,33.89,34.43,32.92,33.22,0,33.68
2014/02/24,33.89,34.43,32.92,33.22,0,33.68
2014/02/25,33.89,34.43,32.92,33.22,0,33.68
2014/02/26,33.89,34.43,32.92,33.22,0,33.68
2014/02/27,33.89,34.43,32.92,33.22,0,33.68
2014/02/28,29.93,31.99,29.93,31.24,1974122,30.96
2014/03/03,32.00,32.00,30.22,30.97,1650485,31.11
2014/03/04,30.92,31.57,30.53,31.42,961861,31.05
2014/03/05,31.42,32.17,31.19,31.54,907281,31.68
2014/03/06,30.98,31.88,30.97,31.46,1025121,31.42
2014/03/07,31.42,32.17,31.27,31.39,1033383,31.72
2014/03/10,31.57,32.92,31.27,32.65,2423520,32.10
2014/03/11,32.17,32.77,31.34,31.72,1385655,32.06
2014/03/12,31.42,31.42,29.72,29.78,1670244,30.57
2014/03/13,29.92,31.06,29.78,30.71,1008814,30.42
2014/03/14,30.22,32.60,30.22,31.91,1480044,31.41
2014/03/17,31.25,34.51,31.25,34.25,2679357,32.88
2014/03/18,33.94,36.95,33.94,36.07,4289233,35.45
2014/03/19,36.04,37.72,34.94,35.47,5680747,36.33
2014/03/20,35.47,36.73,34.64,34.69,4240591,35.68
2014/03/21,34.31,35.41,31.49,34.27,4024978,33.45
2014/03/24,33.88,34.96,32.84,33.47,2000733,33.90
2014/03/25,33.41,34.30,32.92,34.28,1440361,33.61
2014/03/26,34.31,37.69,34.30,37.69,4305637,35.99
2014/03/27,37.72,39.97,37.57,37.82,8366505,38.77
2014/03/28,37.57,39.19,36.38,39.16,5728726,37.79
2014/03/31,38.84,39.74,36.97,37.72,4605263,38.36
2014/04/01,36.97,41.47,36.61,41.47,4782883,39.04
2014/04/02,44.92,45.59,42.59,44.26,11734059,44.09
2014/04/03,43.72,45.52,43.09,43.88,8616726,44.31
2014/04/04,42.97,46.39,42.64,43.09,7395209,44.52
2014/04/08,42.04,44.92,41.06,44.92,6515565,42.99
2014/04/09,44.53,45.89,43.49,44.90,6121471,44.69
2014/04/10,45.22,48.91,44.02,44.17,8274632,46.46
2014/04/11,43.24,46.07,42.52,46.07,5401299,44.30
2014/04/14,45.89,48.50,45.32,46.70,4325568,46.91
2014/04/15,46.57,48.46,45.61,45.80,4361320,47.04
2014/04/16,45.04,50.36,44.50,50.36,6914111,47.43
2014/04/17,50.30,50.95,49.04,49.57,5136901,50.00
2014/04/18,49.96,50.74,48.67,49.64,3979464,49.71
2014/04/21,49.55,51.95,47.08,49.64,6812234,49.52
2014/04/22,48.67,49.97,45.44,47.69,4854388,47.70
2014/04/23,46.84,47.69,44.48,44.63,5246500,46.08
2014/04/24,44.63,49.07,44.32,48.71,5896936,46.70
2014/04/25,47.93,48.41,44.90,45.59,9290805,46.65
2014/04/28,44.87,45.11,41.09,41.09,8471734,43.10
2014/04/29,40.46,44.45,39.08,43.28,11072267,41.77
2014/04/30,42.50,42.86,41.48,41.48,6102680,42.17
2014/05/05,41.48,44.24,41.24,44.06,6798021,42.74
2014/05/06,43.64,47.48,43.52,45.86,10037293,45.50
2014/05/07,45.29,46.64,44.12,44.54,7409350,45.38
2014/05/08,43.91,45.05,42.20,42.44,7513248,43.63
2014/05/09,42.56,42.59,40.28,40.61,6444961,41.44
2014/05/12,41.24,42.38,40.04,42.23,7108214,41.21
2014/05/13,42.02,43.28,41.54,43.07,6434183,42.41
2014/05/14,43.07,45.98,42.44,45.14,10096912,44.21
2014/05/15,44.81,47.36,43.40,45.71,10402652,45.38
2014/05/16,45.89,48.92,45.44,48.50,10860298,47.18
2014/05/19,47.72,50.24,46.76,49.34,8866819,48.50
2014/05/20,49.19,50.81,47.54,47.84,8841890,49.18
2014/05/21,48.02,49.25,46.22,49.25,6882426,47.73
2014/05/22,49.10,51.02,48.62,49.49,7447369,49.82
2014/05/23,48.98,49.70,47.99,49.04,6700142,48.85
2014/05/26,49.19,52.67,48.47,52.34,9672854,50.57
2014/05/27,51.95,53.54,51.32,53.30,9858326,52.43
2014/05/28,52.94,53.84,51.89,52.31,8292589,52.87
2014/05/29,51.77,52.28,48.35,49.55,10961230,50.32
2014/05/30,49.49,50.51,48.02,48.89,10719148,49.27
2014/06/03,48.44,49.61,47.18,47.21,9580864,48.39
2014/06/04,47.21,48.35,44.54,47.48,12144492,46.45
2014/06/05,47.33,49.34,46.49,48.77,9866599,47.92
2014/06/06,48.80,49.55,48.23,48.86,6167049,48.89
2014/06/09,49.13,49.58,46.34,46.34,5336290,47.96
2014/06/10,46.34,48.08,44.93,46.88,5420710,46.50
2014/06/11,46.61,47.99,46.37,46.79,4187956,47.18
2014/06/12,46.64,49.43,46.31,48.83,7432249,47.87
2014/06/13,49.04,49.64,48.53,48.62,4822204,49.09
2014/06/16,48.74,49.61,48.44,49.31,4578720,49.02
2014/06/17,49.28,49.34,47.48,47.57,4594183,48.41
2014/06/18,47.27,48.23,46.85,47.24,3040472,47.54
2014/06/19,46.94,47.45,44.24,45.08,5023686,45.85
2014/06/20,45.08,45.44,44.39,45.02,2281318,44.91
2014/06/23,45.02,47.87,45.02,46.55,2724916,46.45
2014/06/24,46.79,47.78,46.67,47.36,2052217,47.23
2014/06/25,47.48,47.48,45.83,46.34,2002137,46.65
2014/06/26,46.34,48.02,46.34,47.87,3844864,47.18
2014/06/27,47.87,49.04,47.42,48.17,3790581,48.23
2014/06/30,48.11,50.45,47.57,50.18,5532143,49.01
2014/07/01,50.18,51.08,49.79,49.94,4183167,50.43
2014/07/02,49.97,53.99,49.97,52.19,6917175,51.98
2014/07/03,52.34,53.09,51.14,51.38,4312299,52.12
2014/07/04,51.59,52.34,50.24,50.36,4763428,51.29
2014/07/07,50.36,51.98,48.89,51.89,4718228,50.43
2014/07/08,52.07,52.58,50.87,51.59,3626902,51.72
2014/07/09,51.65,51.98,50.54,51.17,3263009,51.26
2014/07/10,51.35,51.62,48.62,48.80,4143227,50.12
2014/07/11,48.80,49.91,48.44,49.22,2724718,49.17
2014/07/14,48.92,49.64,48.89,49.55,2367859,49.27
2014/07/15,51.29,53.48,51.29,51.65,7320473,52.38
2014/07/16,51.14,52.28,50.03,50.24,2767475,51.16
2014/07/17,49.82,51.68,49.49,50.81,2591594,50.59
2014/07/18,50.54,52.97,50.06,52.55,5278726,51.52
2014/07/21,52.58,57.77,52.10,57.77,11467524,54.94
2014/07/22,58.31,62.24,57.44,60.59,14567670,59.84
2014/07/23,60.56,61.31,57.44,58.64,10393413,59.38
2014/07/24,58.07,58.46,55.94,56.33,7294148,57.20
2014/07/25,56.54,58.91,55.49,56.78,6964479,57.20
2014/07/28,56.57,57.44,54.77,57.44,6596567,56.11
2014/07/29,56.84,58.79,56.60,57.38,5925393,57.70
2014/07/30,57.38,61.07,56.54,60.05,8887765,58.80
2014/07/31,59.69,60.26,58.76,59.30,4296706,59.51
2014/08/01,58.82,60.38,56.87,56.90,5130578,58.63
2014/08/04,56.72,57.71,55.97,56.81,3545351,56.84
2014/08/05,56.96,59.48,56.27,59.30,4817217,57.88
2014/08/06,59.24,59.54,57.83,58.79,3491189,58.68
2014/08/07,58.76,63.29,58.37,61.58,9101946,60.83
2014/08/08,61.64,64.28,61.10,62.39,6305776,62.69
2014/08/11,62.87,63.98,61.58,62.42,4838319,62.78
2014/08/12,62.24,63.23,61.64,62.81,3214063,62.43
2014/08/13,62.90,63.14,60.29,61.31,4824111,61.71
2014/08/14,61.64,61.91,60.44,60.86,2418028,61.17
2014/08/15,60.89,64.58,60.89,64.22,5854013,62.73
2014/08/18,64.49,67.04,64.28,65.84,6053355,65.66
2014/08/19,66.11,66.89,64.52,66.23,3400307,65.70
2014/08/20,65.90,69.14,65.90,68.66,5637819,67.52
2014/08/21,69.74,75.14,68.93,73.85,8744658,72.04
2014/08/22,73.82,74.69,71.24,72.65,6091884,72.96
2014/08/25,71.84,76.25,71.84,74.21,5440402,74.05
2014/08/26,74.24,75.71,72.47,73.94,4298287,74.09
2014/08/27,75.50,75.56,72.44,72.68,4340676,74.00
2014/08/28,72.44,72.44,67.94,68.54,7245384,70.19
2014/08/29,68.60,71.72,68.60,70.46,3643679,70.16
2014/09/01,70.04,72.44,70.04,71.03,3878491,71.24
2014/09/02,71.03,74.54,71.03,72.35,7196559,72.79
2014/09/03,72.41,73.28,70.85,71.99,4152553,72.06
2014/09/04,72.50,72.50,71.30,72.08,3858159,71.90
2014/09/05,71.84,72.23,70.40,71.57,3656634,71.32
2014/09/09,71.12,73.64,69.59,73.64,5810577,71.62
2014/09/10,73.82,78.89,72.74,77.18,8049328,75.81
2014/09/11,77.03,77.96,74.27,75.41,4640821,76.11
2014/09/12,75.59,75.98,74.54,75.92,1976138,75.26
2014/09/15,76.94,77.84,74.24,74.84,4306512,76.04
2014/09/16,74.54,74.57,70.94,71.39,5672129,72.75
2014/09/17,71.33,72.23,70.34,70.49,3921046,71.29
2014/09/18,71.30,72.74,70.04,71.63,3841365,71.39
2014/09/19,71.84,71.84,69.29,70.64,4376234,70.57
2014/09/22,70.22,70.22,65.15,65.99,9462368,67.69
2014/09/23,66.14,67.82,66.14,67.07,5129159,66.98
2014/09/24,67.04,69.02,66.50,68.93,4648292,67.76
2014/09/25,68.99,71.36,68.99,69.83,4759399,70.17
2014/09/26,70.07,70.07,67.58,68.66,3162821,68.82
2014/09/29,70.07,70.07,67.58,68.66,0,68.82
2014/09/30,70.07,70.07,67.58,68.66,0,68.82
2014/10/08,70.07,70.07,67.58,68.66,0,68.82
2014/10/09,70.07,70.07,67.58,68.66,0,68.82
2014/10/10,70.07,70.07,67.58,68.66,0,68.82
2014/10/13,70.07,70.07,67.58,68.66,0,68.82
2014/10/14,70.07,70.07,67.58,68.66,0,68.82
2014/10/15,70.07,70.07,67.58,68.66,0,68.82
2014/10/16,70.07,70.07,67.58,68.66,0,68.82
2014/10/17,70.07,70.07,67.58,68.66,0,68.82
2014/10/20,70.07,70.07,67.58,68.66,0,68.82
2014/10/21,70.07,70.07,67.58,68.66,0,68.82
2014/10/22,70.07,70.07,67.58,68.66,0,68.82
2014/10/23,70.07,70.07,67.58,68.66,0,68.82
2014/10/24,70.07,70.07,67.58,68.66,0,68.82
2014/10/27,70.07,70.07,67.58,68.66,0,68.82
2014/10/28,70.07,70.07,67.58,68.66,0,68.82
2014/10/29,70.07,70.07,67.58,68.66,0,68.82
2014/10/30,70.07,70.07,67.58,68.66,0,68.82
2014/10/31,70.07,70.07,67.58,68.66,0,68.82
2014/11/03,70.07,70.07,67.58,68.66,0,68.82
2014/11/04,70.07,70.07,67.58,68.66,0,68.82
2014/11/05,70.07,70.07,67.58,68.66,0,68.82
2014/11/06,70.07,70.07,67.58,68.66,0,68.82
2014/11/07,70.07,70.07,67.58,68.66,0,68.82
2014/11/10,70.07,70.07,67.58,68.66,0,68.82
2014/11/11,70.07,70.07,67.58,68.66,0,68.82
2014/11/12,70.07,70.07,67.58,68.66,0,68.82
2014/11/13,70.07,70.07,67.58,68.66,0,68.82
2014/11/14,70.07,70.07,67.58,68.66,0,68.82
2014/11/17,70.07,70.07,67.58,68.66,0,68.82
2014/11/18,70.07,70.07,67.58,68.66,0,68.82
2014/11/19,70.07,70.07,67.58,68.66,0,68.82
2014/11/20,70.07,70.07,67.58,68.66,0,68.82
2014/11/21,70.07,70.07,67.58,68.66,0,68.82
2014/11/24,70.07,70.07,67.58,68.66,0,68.82
2014/11/25,70.07,70.07,67.58,68.66,0,68.82
2014/11/26,70.07,70.07,67.58,68.66,0,68.82
2014/11/27,70.07,70.07,67.58,68.66,0,68.82
2014/11/28,70.07,70.07,67.58,68.66,0,68.82
2014/12/01,70.07,70.07,67.58,68.66,0,68.82
2014/12/02,70.07,70.07,67.58,68.66,0,68.82
2014/12/03,70.07,70.07,67.58,68.66,0,68.82
2014/12/04,70.07,70.07,67.58,68.66,0,68.82
2014/12/05,70.07,70.07,67.58,68.66,0,68.82
2014/12/08,70.07,70.07,67.58,68.66,0,68.82
2014/12/09,70.07,70.07,67.58,68.66,0,68.82
2014/12/10,70.07,70.07,67.58,68.66,0,68.82
2014/12/11,70.07,70.07,67.58,68.66,0,68.82
2014/12/12,70.07,70.07,67.58,68.66,0,68.82
2014/12/15,70.07,70.07,67.58,68.66,0,68.82
2014/12/16,70.07,70.07,67.58,68.66,0,68.82
2014/12/17,70.07,70.07,67.58,68.66,0,68.82
2014/12/18,70.07,70.07,67.58,68.66,0,68.82
2014/12/19,70.07,70.07,67.58,68.66,0,68.82
2014/12/22,70.07,70.07,67.58,68.66,0,68.82
2014/12/23,70.07,70.07,67.58,68.66,0,68.82
2014/12/24,70.07,70.07,67.58,68.66,0,68.82
2014/12/25,70.07,70.07,67.58,68.66,0,68.82
2014/12/26,70.07,70.07,67.58,68.66,0,68.82
2014/12/29,70.07,70.07,67.58,68.66,0,68.82
2014/12/30,70.07,70.07,67.58,68.66,0,68.82
2014/12/31,70.07,70.07,67.58,68.66,0,68.82
2015/01/05,68.24,68.24,61.85,61.85,4723700,65.04
2015/01/06,55.73,64.28,55.70,60.38,13037913,59.99
2015/01/07,60.47,63.98,60.14,61.46,8832923,62.06
2015/01/08,61.97,67.55,61.16,67.55,6329229,64.35
2015/01/09,68.75,73.58,68.24,68.48,7635513,70.91
2015/01/12,67.94,70.34,65.87,66.68,3882628,68.11
2015/01/13,66.14,69.38,64.58,68.45,3759281,66.98
2015/01/14,68.24,69.02,66.17,66.71,2294989,67.59
2015/01/15,67.01,67.70,63.38,63.74,3585666,65.54
2015/01/16,63.68,66.38,63.59,64.43,3102884,64.98
2015/01/19,63.44,67.19,61.07,64.88,4140378,64.13
2015/01/20,64.49,67.58,64.43,67.10,5010117,66.01
2015/01/21,67.64,69.29,66.47,69.29,5039852,67.88
2015/01/22,70.28,72.32,69.05,69.53,4989111,70.68
2015/01/23,69.17,69.20,66.80,66.95,5172708,68.00
2015/01/26,66.95,68.18,65.69,67.79,4676238,66.94
2015/01/27,67.79,68.24,66.29,67.28,3475014,67.27
2015/01/28,67.13,69.32,66.50,68.99,4985627,67.91
2015/01/29,68.72,71.81,67.82,70.01,5333419,69.81
2015/01/30,69.86,70.31,67.64,67.79,2556295,68.98
2015/02/02,66.89,68.84,66.59,66.86,2478139,67.72
2015/02/03,67.04,68.99,66.74,68.18,3051980,67.86
2015/02/04,68.54,70.37,68.00,68.99,4654113,69.19
2015/02/05,69.02,71.48,68.99,70.49,5908962,70.23
2015/02/06,70.49,71.81,67.97,68.60,4915440,69.89
2015/02/09,67.64,68.75,65.54,66.02,4098028,67.15
2015/02/10,66.02,66.95,65.39,65.60,2649709,66.17
2015/02/11,65.78,66.98,64.52,65.57,2759905,65.75
2015/02/12,65.54,66.23,63.86,64.67,4659628,65.05
2015/02/13,67.67,71.09,67.10,71.09,4893554,69.09
2015/02/16,73.31,76.34,71.12,75.53,9719597,73.73
2015/02/17,75.83,76.31,74.09,75.74,5972273,75.20
2015/02/25,75.89,80.84,75.14,77.78,5256281,77.99
2015/02/26,79.34,79.94,75.92,77.24,4678702,77.93
2015/02/27,76.79,79.01,74.18,78.44,7789310,76.60
2015/03/02,78.38,79.52,77.24,78.17,5020544,78.38
2015/03/03,78.35,78.35,75.44,76.07,4851510,76.89
2015/03/04,75.98,76.91,75.47,76.13,3938297,76.19
2015/03/05,76.22,78.41,76.04,78.23,5304950,77.23
2015/03/06,78.44,79.19,75.32,75.35,4396614,77.25
2015/03/09,74.39,75.80,74.24,75.14,3354371,75.02
2015/03/10,75.08,77.54,75.08,76.64,3357968,76.31
2015/03/11,75.53,76.64,73.49,75.35,3614651,75.06
2015/03/12,77.57,82.13,75.74,76.37,5054803,78.93
2015/03/13,76.70,77.78,74.75,76.82,3887180,76.27
2015/03/16,77.18,79.34,76.64,79.10,8093245,77.99
2015/03/17,78.80,86.96,78.80,86.54,15180868,82.88
2015/03/18,84.83,86.24,83.42,85.94,6877306,84.83
2015/03/19,85.88,85.88,83.03,84.86,6259146,84.45
2015/03/20,84.95,88.64,84.23,87.17,6455082,86.44
2015/03/23,88.34,93.32,86.27,92.63,7345219,89.79
2015/03/24,92.42,92.54,88.79,92.15,7211803,90.67
2015/03/25,92.39,98.75,90.50,97.64,8610896,94.63
2015/03/26,95.30,101.84,93.47,98.57,11010805,97.66
2015/03/27,97.70,101.54,96.14,97.04,4922605,98.84
2015/03/30,96.53,97.94,92.57,94.13,4696871,95.25
2015/03/31,93.65,96.38,92.48,94.73,4797833,94.43
2015/04/01,94.67,99.14,94.19,97.67,5269952,96.66
2015/04/02,97.64,98.93,96.74,98.66,4713133,97.84
2015/04/03,98.00,104.75,96.74,103.76,7464553,100.74
2015/04/07,105.14,105.26,101.54,102.65,7656769,103.40
2015/04/08,103.31,103.43,97.07,100.04,7036797,100.25
2015/04/09,100.88,100.88,92.33,96.44,6776904,96.60
2015/04/10,94.91,101.42,94.34,100.22,5431959,97.88
2015/04/13,102.14,104.21,100.97,103.34,6298109,102.59
2015/04/14,106.04,106.79,101.27,102.35,6420163,104.03
2015/04/15,100.76,100.91,92.15,92.78,9443899,96.53
2015/04/16,91.64,93.95,86.21,90.35,4800941,90.08
2015/04/17,90.38,93.08,89.21,90.29,5820048,91.14
2015/04/20,90.44,91.79,87.86,89.78,5660266,89.83
2015/04/21,90.14,94.31,88.04,94.31,5450806,91.18
2015/04/22,94.79,98.09,94.34,98.03,6187430,96.22
2015/04/23,97.19,100.34,95.84,96.08,6012203,98.09
2015/04/24,93.29,96.02,91.64,95.21,5241106,93.83
2015/04/27,95.54,98.21,94.22,95.15,4509394,96.21
2015/04/28,94.64,95.18,86.03,89.12,6711840,90.61
2015/04/29,89.09,91.58,88.01,89.18,5272619,89.80
2015/04/30,88.91,90.98,88.34,89.36,4710260,89.66
2015/05/04,88.61,91.01,87.77,90.41,3406236,89.39
2015/05/05,89.54,90.68,86.87,87.44,4146974,88.78
2015/05/06,88.25,91.19,88.25,88.43,4087184,89.72
2015/05/07,90.08,90.20,88.34,89.12,2605673,89.27
2015/05/08,90.08,90.20,88.34,89.12,0,89.27
2015/05/11,90.08,90.20,88.34,89.12,0,89.27
2015/05/12,90.08,90.20,88.34,89.12,0,89.27
2015/05/13,90.08,90.20,88.34,89.12,0,89.27
2015/05/14,90.08,90.20,88.34,89.12,0,89.27
2015/05/15,90.08,90.20,88.34,89.12,0,89.27
2015/05/18,90.08,90.20,88.34,89.12,0,89.27
2015/05/19,90.08,90.20,88.34,89.12,0,89.27
2015/05/20,98.00,98.00,98.00,98.00,256198,98.00
2015/05/21,107.75,107.75,107.75,107.75,364730,107.75
2015/05/22,118.49,118.49,118.49,118.49,284744,118.49
2015/05/25,123.44,130.31,114.14,128.54,17105135,122.23
2015/05/26,124.76,140.24,123.47,138.74,13193904,131.86
2015/05/27,141.74,151.82,132.74,147.14,27731870,142.28
2015/05/28,144.74,150.56,132.50,132.50,26662951,141.53
2015/05/29,132.86,138.14,124.22,131.24,16884623,131.18
2015/06/01,130.34,137.24,130.34,136.94,17766494,133.79
2015/06/02,137.00,150.14,135.44,148.34,19936074,142.79
2015/06/03,148.34,151.34,138.80,142.10,17572308,145.07
2015/06/04,141.74,147.68,127.94,139.28,14458864,137.81
2015/06/05,141.50,144.98,135.14,138.62,12434575,140.06
2015/06/08,138.74,140.24,128.66,130.10,13403996,134.45
2015/06/09,130.64,133.82,129.74,131.48,8025248,131.78
2015/06/10,131.60,139.76,129.14,135.80,11017516,134.45
2015/06/11,138.26,142.82,134.42,142.34,13928010,138.62
2015/06/12,142.40,156.50,142.40,156.50,21087291,149.45
2015/06/15,160.94,168.50,149.90,151.10,25239049,159.20
2015/06/16,149.54,149.54,140.00,141.68,13792439,144.77
2015/06/17,141.26,153.38,138.74,151.94,12111845,146.06
2015/06/18,154.04,154.22,142.34,143.84,9844352,148.28
2015/06/19,135.74,142.28,130.28,130.28,8451517,136.28
2015/06/23,129.74,138.08,127.16,136.64,9632950,132.62
2015/06/24,138.62,145.34,137.06,143.54,11689783,141.20
2015/06/25,143.84,143.90,132.74,134.42,7519382,138.32
2015/06/26,130.46,132.62,121.04,121.04,7190298,126.83
2015/06/29,126.14,126.26,109.04,109.04,10379720,117.65
2015/06/30,103.34,117.50,98.24,112.34,14801488,107.87
2015/07/01,111.14,116.84,101.54,102.14,14405375,109.19
2015/07/02,103.22,106.64,92.18,93.08,16940541,99.41
2015/07/03,91.04,99.26,84.92,93.26,15785106,92.09
2015/07/06,102.50,102.50,87.08,96.74,16791548,94.79
2015/07/07,92.42,96.38,87.44,93.44,17329083,91.91
2015/07/08,84.20,90.08,84.20,85.22,19528083,87.14
2015/07/09,84.20,90.08,84.20,85.22,0,87.14
2015/07/10,84.20,90.08,84.20,85.22,0,87.14
2015/07/13,93.68,93.68,93.68,93.68,185340,93.68
2015/07/14,102.98,102.98,102.98,102.98,223920,102.98
2015/07/15,113.18,113.18,102.74,102.80,20014291,107.96
2015/07/16,102.80,113.00,97.82,111.74,16140237,105.41
2015/07/17,114.68,122.84,111.80,122.30,12278983,117.32
2015/07/20,123.62,128.54,119.54,124.82,13966323,124.04
2015/07/21,121.16,128.00,120.74,123.98,9582737,124.37
2015/07/22,122.54,126.14,121.34,123.56,6692770,123.74
2015/07/23,122.00,127.94,122.00,127.34,8120636,124.97
2015/07/24,129.14,130.22,121.70,122.06,12556124,125.96
2015/07/27,129.14,130.22,121.70,122.06,0,125.96
2015/07/28,129.14,130.22,121.70,122.06,0,125.96
2015/07/29,129.14,130.22,121.70,122.06,0,125.96
2015/07/30,129.14,130.22,121.70,122.06,0,125.96
2015/07/31,129.14,130.22,121.70,122.06,0,125.96
2015/08/03,129.14,130.22,121.70,122.06,0,125.96
2015/08/04,129.14,130.22,121.70,122.06,0,125.96
2015/08/05,129.14,130.22,121.70,122.06,0,125.96
2015/08/06,129.14,130.22,121.70,122.06,0,125.96
2015/08/07,129.14,130.22,121.70,122.06,0,125.96
2015/08/10,129.14,130.22,121.70,122.06,0,125.96
2015/08/11,129.14,130.22,121.70,122.06,0,125.96
2015/08/12,129.14,130.22,121.70,122.06,0,125.96
2015/08/13,129.14,130.22,121.70,122.06,0,125.96
2015/08/14,129.14,130.22,121.70,122.06,0,125.96
2015/08/17,129.14,130.22,121.70,122.06,0,125.96
2015/08/18,129.14,130.22,121.70,122.06,0,125.96
2015/08/19,129.14,130.22,121.70,122.06,0,125.96
2015/08/20,129.14,130.22,121.70,122.06,0,125.96
2015/08/21,129.14,130.22,121.70,122.06,0,125.96
2015/08/24,129.14,130.22,121.70,122.06,0,125.96
2015/08/25,129.14,130.22,121.70,122.06,0,125.96
2015/08/26,129.14,130.22,121.70,122.06,0,125.96
2015/08/27,129.14,130.22,121.70,122.06,0,125.96
2015/08/28,129.14,130.22,121.70,122.06,0,125.96
2015/08/31,129.14,130.22,121.70,122.06,0,125.96
2015/09/01,129.14,130.22,121.70,122.06,0,125.96
2015/09/02,129.14,130.22,121.70,122.06,0,125.96
2015/09/07,129.14,130.22,121.70,122.06,0,125.96
2015/09/08,129.14,130.22,121.70,122.06,0,125.96
2015/09/09,129.14,130.22,121.70,122.06,0,125.96
2015/09/10,129.14,130.22,121.70,122.06,0,125.96
2015/09/11,129.14,130.22,121.70,122.06,0,125.96
2015/09/14,129.14,130.22,121.70,122.06,0,125.96
2015/09/15,129.14,130.22,121.70,122.06,0,125.96
2015/09/16,129.14,130.22,121.70,122.06,0,125.96
2015/09/17,129.14,130.22,121.70,122.06,0,125.96
2015/09/18,129.14,130.22,121.70,122.06,0,125.96
2015/09/21,129.14,130.22,121.70,122.06,0,125.96
2015/09/22,129.14,130.22,121.70,122.06,0,125.96
2015/09/23,129.14,130.22,121.70,122.06,0,125.96
2015/09/24,129.14,130.22,121.70,122.06,0,125.96
2015/09/25,129.14,130.22,121.70,122.06,0,125.96
2015/09/28,129.14,130.22,121.70,122.06,0,125.96
2015/09/29,129.14,130.22,121.70,122.06,0,125.96
2015/09/30,129.14,130.22,121.70,122.06,0,125.96
2015/10/08,129.14,130.22,121.70,122.06,0,125.96
2015/10/09,129.14,130.22,121.70,122.06,0,125.96
2015/10/12,129.14,130.22,121.70,122.06,0,125.96
2015/10/13,129.14,130.22,121.70,122.06,0,125.96
2015/10/14,129.14,130.22,121.70,122.06,0,125.96
2015/10/15,129.14,130.22,121.70,122.06,0,125.96
2015/10/16,129.14,130.22,121.70,122.06,0,125.96
2015/10/19,129.14,130.22,121.70,122.06,0,125.96
2015/10/20,129.14,130.22,121.70,122.06,0,125.96
2015/10/21,129.14,130.22,121.70,122.06,0,125.96
2015/10/22,129.14,130.22,121.70,122.06,0,125.96
2015/10/23,129.14,130.22,121.70,122.06,0,125.96
2015/10/26,134.18,134.18,129.14,134.18,12806801,131.66
2015/10/27,138.74,140.78,123.74,137.54,26893649,132.26
2015/10/28,136.82,136.94,127.76,130.82,12442598,132.35
2015/10/29,130.82,135.74,127.94,130.22,9928313,131.84
2015/10/30,128.72,134.24,126.14,130.76,7723547,130.19
2015/11/02,126.86,132.50,125.54,128.48,5955782,129.02
2015/11/03,128.54,130.04,125.24,125.48,3509481,127.64
2015/11/04,125.48,131.72,125.48,131.72,4745097,128.60
2015/11/05,132.62,132.62,125.72,126.68,9107123,129.17
2015/11/06,127.76,130.82,126.80,128.54,6710997,128.81
2015/11/09,128.54,131.54,126.98,130.34,9337258,129.26
2015/11/10,131.54,136.64,130.94,136.52,12387482,133.79
2015/11/11,135.14,135.50,131.66,134.24,9358565,133.58
2015/11/12,135.56,135.56,129.74,130.94,9492894,132.65
2015/11/13,128.18,130.22,123.74,125.72,7549558,126.98
2015/11/16,125.18,129.56,123.44,129.44,6798625,126.50
2015/11/17,131.00,132.74,124.04,124.52,10500363,128.39
2015/11/18,125.36,127.82,123.26,123.44,4756706,125.54
2015/11/19,123.74,129.74,123.74,129.56,7482907,126.74
2015/11/20,130.82,135.68,130.04,134.24,12241616,132.86
2015/11/23,134.84,147.62,134.84,143.30,22721228,141.23
2015/11/24,142.94,147.14,141.02,143.06,12377562,144.08
2015/11/25,143.24,147.68,143.00,144.80,9343483,145.34
2015/11/26,145.22,151.22,142.88,143.48,13308393,147.05
2015/11/27,142.04,144.38,131.12,131.72,12407411,137.75
2015/11/30,133.40,135.68,125.54,133.46,8681812,130.61
2015/12/01,134.48,134.54,128.24,129.14,5896985,131.39
2015/12/02,129.14,129.14,120.74,125.96,5868244,124.94
2015/12/03,126.02,128.00,125.54,128.00,4022637,126.77
2015/12/04,127.22,128.72,122.42,124.58,5105570,125.57
2015/12/07,127.94,129.74,126.80,128.54,5027855,128.27
2015/12/08,128.60,130.64,127.04,127.76,4964939,128.84
2015/12/09,126.02,128.36,123.44,124.70,4048083,125.90
2015/12/10,126.68,130.76,126.08,128.48,6588389,128.42
2015/12/11,128.06,137.42,127.70,134.54,9719118,132.56
2015/12/14,134.54,136.16,130.34,134.90,5726120,133.25
2015/12/15,134.36,140.24,134.00,138.62,7357428,137.12
2015/12/16,140.54,146.90,136.94,143.42,12284733,141.92
2015/12/17,145.64,148.34,142.10,146.06,11802333,145.22
2015/12/18,146.12,146.18,141.14,141.56,7483493,143.66
2015/12/21,139.94,142.28,137.24,140.42,6407303,139.76
2015/12/22,140.54,148.82,138.74,145.88,10837200,143.78
2015/12/23,146.18,146.42,141.62,142.40,4507387,144.02
2015/12/24,141.44,143.42,138.74,143.42,5735187,141.08
2015/12/25,145.10,149.90,144.62,145.82,8998079,147.26
2015/12/28,145.34,145.82,136.22,137.72,7378781,141.02
2015/12/29,139.34,140.24,135.14,139.46,5109514,137.69
2015/12/30,140.00,140.54,137.66,139.52,3375024,139.10
2015/12/31,140.60,152.12,139.46,150.74,18084876,145.79
2016/01/04,148.94,150.14,135.74,135.74,9783762,142.94
2016/01/05,123.44,138.02,123.20,130.76,9652955,130.61
2016/01/06,133.64,136.34,130.94,134.30,7432722,133.64
2016/01/07,131.54,131.84,120.92,121.10,1553114,126.38
2016/01/08,124.94,129.74,112.34,124.52,8825932,121.04
2016/01/11,121.34,121.40,112.16,112.16,10723969,116.78
2016/01/12,111.62,114.68,102.74,108.20,6260839,108.71
2016/01/13,108.80,112.04,97.94,99.20,6342588,104.99
2016/01/14,96.74,109.04,94.94,109.04,8404667,101.99
2016/01/15,108.14,110.90,101.54,104.48,6103565,106.22
2016/01/18,102.50,112.16,99.74,109.16,7497659,105.95
2016/01/19,109.46,119.36,108.74,117.56,9115631,114.05
2016/01/20,116.36,122.84,113.90,119.66,7741456,118.37
2016/01/21,115.94,122.42,112.88,113.00,6766019,117.65
2016/01/22,115.22,115.82,110.36,113.72,3405779,113.09
2016/01/25,115.22,120.26,114.14,116.96,4874452,117.20
2016/01/26,115.52,116.60,106.94,108.32,4871214,111.77
2016/01/27,108.32,109.94,98.30,105.56,7459558,104.12
2016/01/28,105.26,108.32,102.44,104.24,5024954,105.38
2016/01/29,103.22,112.16,102.74,110.00,5170634,107.45
2016/02/01,108.74,111.62,107.24,109.76,3500423,109.43
2016/02/02,109.94,117.50,108.02,116.30,5407993,112.76
2016/02/03,118.94,122.54,117.14,120.14,6541238,119.84
2016/02/04,120.02,127.22,120.02,124.94,6912386,123.62
2016/02/05,124.94,126.38,120.20,120.20,3130385,123.29
2016/02/15,115.04,122.48,114.80,119.90,4245889,118.64
2016/02/16,121.88,125.12,121.04,123.98,3829396,123.08
2016/02/17,124.94,128.78,123.20,128.54,5508869,125.99
2016/02/18,128.48,128.66,125.24,126.32,3827431,126.95
2016/02/19,124.64,127.94,124.34,124.94,3680302,126.14
2016/02/22,126.14,127.70,122.18,125.36,3749219,124.94
2016/02/23,124.94,128.48,123.14,125.78,4352630,125.81
2016/02/24,124.40,125.90,119.78,122.42,5754037,122.84
2016/02/25,120.80,122.24,110.24,110.24,5573999,116.24
2016/02/26,110.90,113.24,106.10,110.42,4217479,109.67
2016/02/29,110.48,112.16,100.40,103.88,5907894,106.28
2016/03/01,104.24,106.16,98.54,105.32,5580618,102.35
2016/03/02,105.68,111.44,103.64,110.48,5914416,107.54
2016/03/03,110.48,112.22,108.80,109.16,2872682,110.51
2016/03/04,109.94,109.94,102.80,105.20,3180126,106.37
2016/03/07,105.62,109.64,105.62,107.72,3625713,107.63
2016/03/08,107.24,107.48,101.48,106.64,5034173,104.48
2016/03/09,104.84,108.38,103.34,104.72,2525243,105.86
2016/03/10,104.60,106.22,103.46,104.42,1509136,104.84
2016/03/11,103.04,106.34,103.04,106.28,2377372,104.69
2016/03/14,107.30,113.00,107.30,111.14,4562076,110.15
2016/03/15,111.14,122.18,109.58,117.02,6633884,115.88
2016/03/16,117.92,119.54,113.24,116.00,5065441,116.39
2016/03/17,115.94,126.02,115.70,122.78,7287512,120.86
2016/03/18,127.64,134.54,127.52,131.96,14038516,131.03
2016/03/21,132.44,142.22,132.44,134.90,10056191,137.33
2016/03/22,134.24,140.84,132.14,136.22,7964047,136.49
2016/03/23,146.24,149.78,142.34,146.72,27683440,146.06
2016/03/24,143.54,149.42,139.88,140.00,22415983,144.65
2016/03/25,138.20,144.26,137.54,142.22,10372182,140.90
2016/03/28,143.24,146.90,138.02,138.86,10770622,142.46
2016/03/29,140.54,140.60,135.74,137.96,6788638,138.17
2016/03/30,138.74,143.90,138.14,143.18,9341532,141.02
2016/03/31,146.78,146.78,140.00,143.12,8927188,143.39
2016/04/01,144.02,144.02,137.60,138.02,5402840,140.81
2016/04/05,139.94,145.64,137.54,144.44,9386942,141.59
2016/04/06,143.24,151.88,143.06,150.02,12824706,147.47
2016/04/07,150.74,152.90,146.54,148.04,11880325,149.72
2016/04/08,145.64,146.36,139.82,144.20,9626399,143.09
2016/04/11,146.42,153.02,144.80,151.64,8951554,148.91
2016/04/12,149.72,155.54,147.74,149.30,8318481,151.64
2016/04/13,149.72,159.74,149.60,154.22,13868965,154.67
2016/04/14,156.14,156.68,145.34,148.34,14910237,151.01
2016/04/15,148.52,149.90,145.28,148.58,8420483,147.59
2016/04/18,147.14,149.54,144.14,148.10,5255326,146.84
2016/04/19,149.00,153.14,148.70,151.64,8610976,150.92
2016/04/20,151.64,156.44,137.90,143.36,11195845,147.17
2016/04/21,141.14,146.84,141.14,141.68,6924817,143.99
2016/04/22,141.62,145.04,140.00,144.92,4383282,142.52
2016/04/25,145.52,151.10,144.02,151.04,8987961,147.56
2016/04/26,149.48,154.04,146.78,149.96,6270941,150.41
2016/04/27,149.84,156.80,149.42,155.00,9587598,153.11
2016/04/28,154.16,154.88,148.22,154.16,6757127,151.55
2016/04/29,152.36,157.76,149.66,157.04,7795505,153.71
2016/05/03,155.66,171.68,154.70,169.10,15541529,163.19
2016/05/04,168.56,174.86,166.76,169.04,13062973,170.81
2016/05/05,167.12,170.36,167.12,169.04,7607975,168.74
2016/05/06,168.80,169.76,158.96,159.38,10962292,164.36
2016/05/09,157.22,166.04,153.08,163.76,11877060,159.56
2016/05/10,161.96,164.72,160.46,161.48,4684266,162.59
2016/05/11,161.48,170.90,161.48,162.38,11062470,166.19
2016/05/12,156.56,170.36,155.12,170.12,9111106,162.74
2016/05/13,168.92,175.76,165.56,170.36,8351775,170.66
2016/05/16,169.88,176.00,168.56,176.00,9955009,172.28
2016/05/17,174.44,178.04,169.28,169.76,7678509,173.66
2016/05/18,167.42,173.18,164.36,168.68,8441657,168.77
2016/05/19,168.44,170.66,164.12,165.08,6382349,167.39
2016/05/20,163.16,169.16,160.16,167.60,5785954,164.66
2016/05/23,167.96,172.04,167.06,168.62,4418902,169.55
2016/05/24,166.94,169.40,164.84,166.16,3504682,167.12
2016/05/25,167.42,170.18,165.56,169.22,3571550,167.87
2016/05/26,170.30,170.90,162.68,168.56,5033335,166.79
2016/05/27,168.62,177.74,166.88,175.10,10993210,172.31
2016/05/30,173.24,174.50,169.22,170.78,5694679,171.86
2016/05/31,171.02,182.30,170.36,180.08,8811328,176.33
2016/06/01,179.24,182.72,177.08,180.80,7062696,179.90
2016/06/02,181.94,198.74,180.32,198.74,14868324,189.53
2016/06/03,196.70,199.16,193.04,194.36,8702052,196.10
2016/06/06,195.38,202.76,193.76,196.46,6044118,198.26
2016/06/07,198.56,200.84,194.36,197.72,4666087,197.60
2016/06/08,197.96,200.72,192.56,193.34,5772046,196.64
2016/06/13,188.66,195.32,182.36,182.36,7079084,188.84
2016/06/14,182.96,197.96,182.66,197.36,8450842,190.31
2016/06/15,193.88,209.36,193.22,208.46,8093600,201.29
2016/06/16,206.96,210.98,204.50,205.58,5245368,207.74
2016/06/17,204.50,209.18,202.52,204.26,3812866,205.85
2016/06/20,205.04,211.16,204.86,208.16,5354349,208.01
2016/06/21,210.26,210.86,191.06,194.96,15929697,200.96
2016/06/22,193.16,197.90,189.44,196.52,5848488,193.67
2016/06/23,196.64,198.92,192.26,195.92,4779974,195.59
2016/06/24,196.34,199.88,188.36,197.96,7002172,194.12
2016/06/27,196.52,199.58,193.82,197.54,5615742,196.70
2016/06/28,197.96,201.44,195.26,199.16,5034163,198.35
2016/06/29,200.42,201.32,192.38,192.56,8680372,196.85
2016/06/30,192.86,197.12,188.36,191.12,7668066,192.74
2016/07/01,190.10,190.76,183.44,186.14,12626785,187.10
2016/07/04,187.10,192.92,186.74,190.76,8200274,189.83
2016/07/05,190.76,191.66,188.96,190.76,5038974,190.31
2016/07/06,189.92,190.88,188.06,189.02,5401493,189.47
2016/07/07,188.60,188.78,181.10,183.44,14991962,184.94
2016/07/08,183.14,183.50,179.18,183.02,7694397,181.34
2016/07/11,187.04,194.66,183.56,191.66,15251057,189.11
2016/07/12,193.16,197.78,184.88,189.50,9337772,191.33
2016/07/13,193.16,195.80,187.34,193.70,8904696,191.57
2016/07/14,198.44,200.24,191.96,192.56,8629330,196.10
2016/07/15,193.16,193.58,185.72,187.04,7720592,189.65
2016/07/18,187.16,189.86,184.22,187.52,5086005,187.04
2016/07/19,187.04,190.70,185.96,190.46,6101146,188.33
2016/07/20,189.56,191.72,184.64,184.82,10740358,188.18
2016/07/21,184.76,186.26,181.52,183.86,5915627,183.89
2016/07/22,184.04,186.02,180.86,183.38,5347022,183.44
2016/07/25,184.76,194.36,183.86,191.36,10621949,189.11
2016/07/26,190.34,192.08,187.52,191.84,8378800,189.80
2016/07/27,191.24,196.04,184.16,185.36,10059200,190.10
2016/07/28,185.36,191.06,183.86,189.56,8454100,187.46
2016/07/29,187.52,193.88,183.92,191.54,9135995,188.90
2016/08/01,190.16,190.16,184.70,187.52,4050039,187.43
2016/08/02,187.52,190.76,185.48,189.98,4001694,188.12
2016/08/03,192.26,199.10,190.64,194.06,11659938,194.87
2016/08/04,192.20,193.94,190.16,193.16,4350829,192.05
2016/08/05,193.16,198.26,192.38,194.96,6231738,195.32
2016/08/08,193.34,195.98,190.64,194.84,3658685,193.31
