Date, SZ300489.Open, SZ300489.High, SZ300489.Low, SZ300489.Close, SZ300489.Volume, SZ300489.Adjusted
2015/07/01,23.18,25.29,23.18,25.29,3000,24.94
2015/07/02,27.82,27.82,27.82,27.82,4900,27.82
2015/07/03,30.60,30.60,30.60,30.60,19300,30.60
2015/07/06,33.66,33.66,33.66,33.66,31983,33.66
2015/07/07,37.03,37.03,37.03,37.03,350197,37.03
2015/07/08,34.28,40.73,33.52,40.73,7245041,37.04
2015/07/09,41.00,44.80,41.00,44.80,1156408,44.00
2015/07/10,49.28,49.28,49.28,49.28,7900,49.28
2015/07/13,54.21,54.21,54.21,54.21,18557,54.21
2015/07/14,59.63,59.63,59.63,59.63,23500,59.63
2015/07/15,65.59,65.59,64.36,65.59,5794069,65.55
2015/07/16,59.03,71.77,59.03,62.66,6319907,64.35
2015/07/17,59.99,67.88,57.01,65.58,4944810,62.82
2015/07/20,63.50,66.49,60.21,62.33,3831449,63.49
2015/07/21,60.10,68.56,60.10,68.56,2170461,65.95
2015/07/22,72.00,75.42,69.82,70.66,5337657,73.27
2015/07/23,68.92,77.73,68.69,77.73,3489297,73.64
2015/07/24,82.50,85.50,78.60,83.31,5877854,84.31
2015/07/27,77.71,86.00,74.98,74.98,4294328,80.56
2015/07/28,67.50,79.00,67.48,70.52,4132944,70.65
2015/07/29,73.00,77.57,63.91,77.57,3913381,71.24
2015/07/30,75.50,84.80,74.01,75.51,4229261,79.34
2015/07/31,72.30,80.18,70.89,75.54,3618711,76.10
2015/08/03,73.50,75.20,68.13,70.78,2997509,71.89
2015/08/04,71.02,75.88,68.50,74.01,3178986,72.56
2015/08/05,71.69,78.48,71.22,76.20,3494317,75.34
2015/08/06,74.16,79.99,73.73,73.98,3024831,76.70
2015/08/07,73.60,77.00,72.00,76.21,2629729,74.84
2015/08/10,76.21,83.83,76.21,83.83,2013585,82.01
2015/08/11,85.58,92.21,85.58,92.21,1610937,89.90
2015/08/12,96.00,100.00,90.00,91.00,4929443,94.91
2015/08/13,88.18,90.00,82.09,88.00,3367247,86.53
2015/08/14,88.02,90.97,85.12,86.15,2372568,88.30
2015/08/17,83.85,83.85,77.54,77.65,2634067,79.83
2015/08/18,78.04,84.99,73.56,76.10,2409868,79.82
2015/08/19,73.18,78.00,69.16,76.80,2173549,74.20
2015/08/20,73.50,74.90,69.58,69.64,1625973,72.35
2015/08/21,67.62,67.67,62.68,62.68,1654799,65.33
2015/08/24,59.02,60.00,56.41,56.41,1288395,57.28
2015/08/25,51.28,62.05,51.28,56.90,3935849,57.98
2015/08/26,57.75,62.59,56.00,60.89,4096119,59.95
2015/08/27,60.01,62.80,55.50,59.80,3084597,59.01
2015/08/28,60.11,65.00,60.11,64.13,2540614,61.84
2015/08/31,62.00,62.80,57.72,57.72,1767051,59.64
2015/09/01,55.50,55.52,51.95,51.95,1662050,53.05
2015/09/02,48.61,54.40,46.78,46.78,1781843,50.28
2015/09/07,48.00,51.46,48.00,51.46,2242761,51.06
2015/09/08,50.44,56.61,50.44,56.61,3077572,54.47
2015/09/09,57.00,61.00,55.90,58.68,3053824,58.44
2015/09/10,56.57,62.00,55.75,59.12,2478338,59.60
2015/09/11,58.59,60.40,57.58,59.58,1721795,58.98
2015/09/14,59.08,59.45,53.62,53.62,1294220,56.38
2015/09/15,50.90,52.19,48.28,48.79,1470639,49.97
2015/09/16,49.94,53.67,49.76,53.67,1680492,51.95
2015/09/17,53.86,56.30,52.07,52.72,1999706,54.15
2015/09/18,52.78,53.97,52.00,53.60,1135992,53.15
2015/09/21,55.80,58.96,54.01,58.96,734849,57.73
2015/09/22,64.86,64.86,64.86,64.86,196269,64.86
2015/09/23,71.35,71.35,69.00,71.35,2995641,71.26
2015/09/24,72.51,75.63,68.65,69.71,4961174,71.70
2015/09/25,68.50,72.00,63.55,65.00,3264704,68.02
2015/09/28,65.56,71.50,64.88,71.50,3789903,69.79
2015/09/29,69.00,70.50,66.11,67.66,2673800,68.42
2015/09/30,68.12,74.43,68.12,70.27,2933569,71.47
2015/10/08,72.38,76.50,70.80,73.00,2847092,73.56
2015/10/09,71.50,73.69,71.40,72.63,1809960,72.38
2015/10/12,74.00,77.98,73.47,75.72,2250070,75.53
2015/10/13,75.50,75.58,73.10,74.94,2054751,74.64
2015/10/14,74.80,77.89,73.01,73.68,1984932,75.41
2015/10/15,72.21,75.62,72.21,75.27,2003544,74.11
2015/10/16,75.50,77.72,73.33,75.02,1777571,75.25
2015/10/19,75.30,82.20,75.30,78.97,2789724,78.97
2015/10/20,77.00,78.68,75.65,77.95,1955846,76.87
2015/10/21,77.95,78.00,70.16,70.16,2714640,73.63
2015/10/22,69.80,71.81,67.70,71.81,2089023,70.24
2015/10/23,72.02,73.88,70.50,73.00,1758173,71.95
2015/10/26,73.01,73.48,71.00,71.85,1196216,72.05
2015/10/27,71.00,72.00,67.89,71.90,1447968,70.01
2015/10/28,71.89,73.38,70.58,70.97,1227020,72.15
2015/10/29,70.84,71.95,69.69,71.40,1150798,70.96
2015/10/30,71.55,75.58,69.81,73.60,1914355,73.25
2015/11/02,73.00,80.96,72.31,80.96,2463657,79.41
2015/11/03,85.12,89.06,85.10,89.06,4803309,88.13
2015/11/04,89.19,93.00,86.66,91.11,4990651,89.51
2015/11/05,89.10,94.55,88.00,90.40,3641520,90.49
2015/11/06,89.48,97.69,89.45,95.35,3342005,93.52
2015/11/09,94.50,101.89,91.78,96.60,3324041,96.62
2015/11/10,94.05,97.99,92.02,94.58,2564758,94.82
2015/11/11,94.59,104.04,92.50,104.04,1925896,99.88
2015/11/12,111.30,114.44,111.30,114.44,2464809,113.98
2015/11/13,118.00,119.98,103.00,103.00,4670869,108.31
2015/11/16,100.03,112.88,100.03,107.01,3133849,106.52
2015/11/17,106.70,112.01,101.00,102.21,3055059,106.12
2015/11/18,102.34,103.47,93.10,95.40,2111339,97.64
2015/11/19,95.80,102.78,95.80,100.95,2175937,98.30
2015/11/20,100.50,103.60,97.03,99.70,2062970,99.72
2015/11/23,98.22,101.90,95.05,95.37,1900663,97.82
2015/11/24,96.00,104.91,95.66,104.91,2009181,102.51
2015/11/25,111.05,111.97,105.00,106.29,3360817,108.15
2015/11/26,105.50,114.88,104.01,108.33,2858157,109.99
2015/11/27,106.00,119.16,105.02,114.49,4126656,116.26
2015/11/30,117.00,125.94,115.13,125.94,2977311,120.96
2015/12/01,129.00,132.80,113.35,114.18,4239030,120.27
2015/12/02,112.18,116.53,104.00,113.69,2526741,110.65
2015/12/03,113.20,119.97,111.00,116.05,1934126,115.79
2015/12/04,116.16,121.60,112.06,113.80,2207578,117.11
2015/12/07,111.00,114.83,110.02,112.47,1356947,111.92
2015/12/08,112.90,119.80,110.01,115.99,2085697,116.17
2015/12/09,113.00,113.66,106.00,110.22,1829851,110.25
2015/12/10,107.00,110.22,105.95,106.40,1268488,107.25
2015/12/11,105.68,108.97,104.00,104.97,1008150,106.65
2015/12/14,102.00,107.90,99.82,107.47,1129649,103.28
2015/12/15,107.00,108.78,105.20,106.19,889048,106.83
2015/12/16,106.99,116.02,106.66,110.00,1635266,111.71
2015/12/17,112.20,115.80,111.28,114.79,1652812,113.49
2015/12/18,112.90,114.98,110.16,111.09,1073528,112.08
2015/12/21,110.00,111.97,108.70,111.30,757834,110.52
2015/12/22,111.52,115.89,111.30,114.00,1106668,113.78
2015/12/23,115.00,122.22,112.80,114.50,2014464,117.02
2015/12/24,115.00,119.98,111.58,118.58,1942495,116.34
2015/12/25,115.50,117.50,112.00,114.00,1398873,114.86
2015/12/28,113.48,113.48,102.60,102.60,1926426,107.84
2015/12/29,103.20,104.49,100.07,103.40,948535,102.41
2015/12/30,103.81,103.81,101.19,102.60,743039,102.55
2015/12/31,103.88,103.88,97.60,98.95,912359,100.70
2016/01/04,98.96,99.97,89.06,89.06,920097,92.16
2016/01/05,82.25,90.98,82.25,89.20,1480284,87.68
2016/01/06,90.05,93.50,87.50,92.67,1196420,90.77
2016/01/07,89.10,89.89,83.40,83.40,334200,86.22
2016/01/08,86.40,86.66,76.25,83.00,1039840,83.76
2016/01/11,80.89,82.92,74.70,74.76,1148271,78.31
2016/01/12,74.70,78.96,74.21,77.87,1084566,77.03
2016/01/13,76.99,79.50,72.34,73.38,1009700,77.00
2016/01/14,71.00,78.68,69.51,78.45,1222298,74.75
2016/01/15,77.00,79.50,73.80,74.43,903498,76.62
2016/01/18,72.00,81.73,72.00,79.79,1281674,78.39
2016/01/19,78.20,82.60,77.50,82.12,1220803,79.91
2016/01/20,80.98,81.97,78.60,80.50,1138542,80.45
2016/01/21,78.50,81.70,76.00,76.00,968617,79.29
2016/01/22,77.98,79.99,75.90,79.55,828333,78.00
2016/01/25,80.53,80.99,78.42,79.12,652899,79.90
2016/01/26,78.03,78.35,71.21,71.21,824211,74.00
2016/01/27,71.21,72.40,64.50,69.86,1052240,68.29
2016/01/28,68.87,68.87,64.01,64.70,740333,66.63
2016/01/29,64.00,68.50,63.05,67.62,832143,66.44
2016/02/01,66.13,67.79,63.31,65.10,680865,66.14
2016/02/02,65.95,69.48,65.48,69.08,927003,68.40
2016/02/03,67.52,69.98,67.52,69.78,564495,68.38
2016/02/04,69.68,74.25,69.68,72.90,810281,72.51
2016/02/05,72.83,73.80,70.00,70.00,583401,72.00
2016/02/15,67.00,71.20,66.01,70.59,687012,68.48
2016/02/16,71.00,75.66,70.77,74.70,1005003,73.73
2016/02/17,74.70,76.46,73.64,76.08,1140161,74.97
2016/02/18,77.22,78.00,74.18,75.68,1380215,75.80
2016/02/19,75.71,76.53,74.90,76.00,806197,75.77
2016/02/22,77.56,77.60,75.56,76.88,1009130,76.58
2016/02/23,76.60,77.00,74.09,75.01,992042,75.35
2016/02/24,74.27,75.50,70.62,72.85,1078618,72.62
2016/02/25,73.00,73.00,65.57,65.57,1205289,68.88
2016/02/26,65.80,67.03,64.18,65.82,765550,66.01
2016/02/29,66.02,66.02,59.24,59.24,701587,60.27
2016/03/01,59.00,61.90,57.02,61.10,732199,59.58
2016/03/02,60.87,64.50,59.63,64.12,898164,61.93
2016/03/03,64.15,66.95,63.50,64.10,873470,65.36
2016/03/04,64.12,64.55,58.79,59.51,811360,61.29
2016/03/07,62.01,63.30,60.80,61.30,586400,62.12
2016/03/08,61.26,62.35,56.80,62.16,778464,59.78
2016/03/09,60.50,62.28,59.11,60.58,545200,60.77
2016/03/10,60.77,61.49,59.47,59.94,426810,60.52
2016/03/11,59.98,62.45,59.00,62.08,690937,61.10
2016/03/14,63.70,67.30,63.00,65.80,1028820,65.57
2016/03/15,65.70,65.70,63.11,63.89,852641,64.44
2016/03/16,65.03,65.84,60.70,61.88,701596,63.17
2016/03/17,62.07,65.88,62.07,65.33,960954,64.30
2016/03/18,65.50,70.83,65.35,70.10,1427351,68.20
2016/03/21,70.10,72.86,69.18,71.38,1299446,70.75
2016/03/22,70.47,75.60,69.68,72.43,1289268,73.16
2016/03/23,72.05,74.44,72.00,73.45,980567,73.04
2016/03/24,73.80,77.50,72.20,73.69,1510589,75.06
2016/03/25,73.24,73.78,70.18,71.68,1014877,71.73
2016/03/28,72.45,74.08,70.25,70.65,962334,72.36
2016/03/29,70.01,70.65,67.60,68.50,770143,68.81
2016/03/30,69.35,72.00,68.88,71.95,839491,70.49
2016/03/31,73.50,79.15,73.50,79.15,984621,77.67
2016/04/01,81.48,84.50,79.00,79.20,3052385,81.41
2016/04/05,79.81,81.27,77.00,80.50,1991538,78.97
2016/04/06,79.21,82.18,78.80,81.88,1622932,80.36
2016/04/07,81.95,81.95,78.78,78.89,1447109,79.96
2016/04/08,77.99,78.47,76.51,77.81,892047,77.58
2016/04/11,78.25,80.88,77.80,80.69,1163770,79.56
2016/04/12,80.64,80.64,76.89,77.82,983057,78.48
2016/04/13,78.20,81.50,78.10,80.00,1378757,80.26
2016/04/14,80.49,83.00,80.05,82.63,1430988,81.09
2016/04/15,82.70,83.50,80.50,81.78,1234874,81.76
2016/04/18,80.15,81.47,78.00,80.85,921213,79.60
2016/04/19,82.00,82.00,79.78,81.65,920833,81.30
2016/04/20,82.17,85.18,77.49,80.80,2152655,82.14
2016/04/21,79.51,80.70,73.13,73.66,1335901,77.65
2016/04/22,73.99,74.48,68.23,72.13,1414881,71.95
2016/04/25,71.20,71.99,69.50,71.33,649729,70.66
2016/04/26,70.26,72.93,70.19,72.57,675723,71.67
2016/04/27,72.50,72.99,71.58,71.86,529508,72.35
2016/04/28,71.86,71.99,69.17,71.69,579856,70.58
2016/04/29,71.16,72.88,70.00,71.37,437404,71.93
2016/05/03,71.81,74.69,70.70,74.30,761460,73.22
2016/05/04,74.00,75.68,73.81,74.96,796924,74.99
2016/05/05,74.26,77.20,74.26,77.20,896597,75.84
2016/05/06,77.69,77.99,73.12,73.13,1216976,75.44
2016/05/09,72.22,72.30,70.12,71.09,657948,71.19
2016/05/10,70.91,71.71,70.73,71.12,304215,71.24
2016/05/11,71.89,71.96,69.48,69.48,390650,70.51
2016/05/12,68.68,68.89,64.10,67.30,504173,66.69
2016/05/13,67.30,68.58,66.80,67.32,412339,67.90
2016/05/16,67.50,70.30,66.02,70.20,550163,68.89
2016/05/17,71.00,73.10,70.00,71.91,639647,71.96
2016/05/18,70.70,71.87,67.10,68.50,529641,69.19
2016/05/19,68.88,70.96,68.00,69.86,508999,69.94
2016/05/20,69.80,71.20,68.10,71.20,496047,69.99
2016/05/23,71.80,76.80,71.63,75.90,1285620,74.21
2016/05/24,74.66,75.27,73.00,73.70,979428,73.96
2016/05/25,74.40,75.67,73.58,74.47,860684,74.58
2016/05/26,74.40,75.50,71.47,75.48,908127,73.98
2016/05/27,75.00,78.50,74.90,77.19,1485182,77.26
2016/05/30,75.10,76.80,74.53,75.00,903840,75.45
2016/05/31,75.47,79.18,75.00,78.32,1443717,77.78
2016/06/01,78.11,82.13,77.35,80.22,1618259,80.35
2016/06/02,80.22,83.88,79.90,83.70,1855554,81.72
2016/06/03,83.20,85.20,81.58,84.80,2040535,83.41
2016/06/06,85.87,91.87,85.53,87.98,2138452,88.60
2016/06/07,87.99,94.98,86.02,94.00,2044468,89.70
2016/06/08,92.34,98.50,91.15,92.22,2350239,93.74
2016/06/13,89.00,90.25,83.00,83.00,1926384,86.44
2016/06/14,80.33,83.50,80.33,81.71,935943,81.97
2016/06/15,81.90,87.70,81.00,86.96,1303900,86.08
2016/06/16,88.80,95.66,88.80,95.66,2149275,93.44
2016/06/17,99.75,99.83,92.88,94.30,3040894,95.97
2016/06/20,94.26,101.53,94.00,98.04,2377660,97.96
2016/06/21,97.00,98.90,91.00,91.35,2257766,94.85
2016/06/22,90.67,93.85,90.20,93.60,1371824,92.34
2016/06/23,93.03,93.24,90.50,91.23,1026693,91.65
2016/06/24,92.10,93.20,86.78,90.70,1275140,90.57
2016/06/27,90.00,96.58,89.15,95.59,1700031,94.48
2016/06/28,94.32,99.59,94.32,97.20,1847606,97.70
2016/06/29,96.94,97.80,92.70,95.80,1852541,94.89
2016/06/30,93.81,95.65,91.00,91.30,1562490,92.09
2016/07/01,89.10,94.16,89.10,92.61,1211846,92.52
2016/07/04,92.00,95.99,90.16,95.32,1892595,93.10
2016/07/05,94.15,95.93,93.85,94.61,1934857,94.96
2016/07/06,93.97,94.59,91.50,91.70,1811312,93.07
2016/07/07,91.70,93.88,91.20,92.20,1624657,92.56
2016/07/08,91.99,95.06,91.05,94.10,1631401,93.71
2016/07/11,94.10,97.78,92.20,92.88,2126201,94.99
2016/07/12,91.20,91.60,85.58,91.00,2489610,88.93
2016/07/13,91.00,91.36,88.63,90.06,1021717,89.89
2016/07/14,90.50,92.61,88.78,90.10,1103446,89.98
2016/07/15,90.29,90.55,87.73,88.52,1388611,88.87
2016/07/18,86.96,89.98,85.82,88.95,1125326,87.96
2016/07/19,88.85,89.30,87.27,89.13,750702,88.59
2016/07/20,89.13,89.70,88.21,88.30,824639,88.80
2016/07/21,88.89,88.89,84.47,86.35,2250912,86.68
2016/07/22,85.69,86.23,83.29,83.61,1921694,84.76
2016/07/25,83.11,85.09,82.99,83.67,1098942,84.04
2016/07/26,83.33,84.61,83.33,83.93,1705000,83.97
2016/07/27,84.11,84.43,75.55,75.55,4074000,79.99
2016/07/28,75.69,76.47,72.71,75.77,2225300,74.59
2016/07/29,75.91,75.91,73.59,74.33,1163956,74.75
2016/08/01,74.11,74.11,70.53,71.95,1556305,72.32
2016/08/02,71.93,73.27,71.71,72.95,995504,72.49
2016/08/03,72.49,74.51,72.43,73.71,1133600,73.47
2016/08/04,73.89,75.09,73.13,74.33,989596,74.11
2016/08/05,74.65,74.67,72.63,73.13,861644,73.65
2016/08/08,72.13,77.35,71.39,77.35,2199354,74.37
