Date, SZ300194.Open, SZ300194.High, SZ300194.Low, SZ300194.Close, SZ300194.Volume, SZ300194.Adjusted
2011/03/22,39.80,40.84,39.52,40.11,4930370,40.11
2011/03/23,40.02,40.80,40.01,40.23,1937606,40.25
2011/03/24,40.10,40.18,39.81,39.90,1407297,39.96
2011/03/25,39.75,39.90,39.55,39.80,1110923,39.68
2011/03/28,39.82,39.94,39.40,39.44,1070460,39.55
2011/03/29,39.44,39.44,38.60,38.61,1029539,38.82
2011/03/30,38.60,38.61,38.00,38.10,634094,38.26
2011/03/31,38.20,38.56,38.12,38.30,331874,38.35
2011/04/01,38.35,38.57,38.35,38.53,231930,38.45
2011/04/06,38.45,38.45,38.11,38.17,334621,38.21
2011/04/07,38.22,38.57,38.22,38.33,273231,38.38
2011/04/08,38.40,38.48,38.19,38.42,238746,38.35
2011/04/11,38.50,38.55,38.12,38.13,356700,38.31
2011/04/12,38.13,38.36,38.11,38.13,220741,38.18
2011/04/13,38.10,38.38,38.01,38.38,196758,38.27
2011/04/14,38.48,38.48,38.09,38.11,205959,38.22
2011/04/15,38.06,38.22,38.06,38.13,236669,38.10
2011/04/18,38.13,38.20,38.00,38.05,226050,38.07
2011/04/19,38.01,38.01,37.60,37.74,412349,37.76
2011/04/20,37.74,37.98,37.60,37.91,258317,37.75
2011/04/21,38.06,38.33,37.91,38.14,289752,38.17
2011/04/22,38.14,38.15,37.80,37.82,260767,37.86
2011/04/25,37.82,37.87,37.61,37.66,207947,37.69
2011/04/26,37.60,37.65,37.16,37.19,265977,37.40
2011/04/27,37.25,37.45,36.55,36.60,277249,36.92
2011/04/28,36.89,36.99,35.23,35.35,453215,35.84
2011/04/29,35.35,35.60,35.04,35.39,226027,35.26
2011/05/03,35.20,36.00,35.20,35.60,130288,35.51
2011/05/04,35.60,35.75,35.02,35.08,199500,35.20
2011/05/05,35.58,35.58,35.03,35.33,114995,35.34
2011/05/06,35.33,35.74,35.08,35.54,207642,35.54
2011/05/09,35.60,35.89,35.51,35.60,157321,35.72
2011/05/10,35.80,35.81,35.50,35.62,95705,35.57
2011/05/11,35.62,35.98,35.45,35.81,158085,35.64
2011/05/12,35.81,35.82,35.41,35.57,101799,35.56
2011/05/13,35.36,35.60,35.28,35.40,126390,35.42
2011/05/16,35.40,35.76,35.40,35.50,75300,35.61
2011/05/17,35.42,35.64,35.20,35.49,97139,35.39
2011/05/18,35.40,35.56,35.16,35.41,75000,35.38
2011/05/19,35.66,35.66,35.17,35.20,93600,35.41
2011/05/20,35.16,35.37,35.11,35.11,75859,35.16
2011/05/23,35.04,35.11,33.79,33.80,367525,34.16
2011/05/24,33.55,34.16,33.34,33.98,184859,33.73
2011/05/25,34.01,34.35,33.33,33.35,94700,33.68
2011/05/26,33.38,33.75,32.60,32.61,160499,33.05
2011/05/27,32.63,32.99,31.58,31.71,252493,31.90
2011/05/30,31.66,32.10,31.20,31.21,170110,31.75
2011/05/31,31.20,31.50,31.09,31.50,136900,31.35
2011/06/01,31.48,31.79,31.31,31.68,115790,31.62
2011/06/02,31.47,31.47,31.09,31.18,147618,31.16
2011/06/03,31.12,31.55,31.12,31.55,137865,31.47
2011/06/07,31.54,32.36,31.54,32.18,234281,32.16
2011/06/08,31.98,32.09,31.69,32.00,108416,31.85
2011/06/09,31.71,31.96,31.33,31.33,110667,31.58
2011/06/10,31.30,31.52,31.20,31.42,113449,31.36
2011/06/13,31.35,31.42,31.01,31.40,83661,31.24
2011/06/14,31.40,31.80,31.39,31.70,154449,31.63
2011/06/15,31.77,31.80,31.34,31.34,117750,31.50
2011/06/16,31.77,31.80,31.34,31.34,0,31.57
2011/06/17,31.01,31.35,30.50,30.50,231301,30.76
2011/06/20,30.47,30.50,29.87,29.87,149650,30.04
2011/06/21,29.86,30.27,29.55,29.80,103739,29.78
2011/06/22,29.65,29.70,28.20,28.20,1331998,28.60
2011/06/23,28.33,28.78,27.65,28.72,1128023,28.23
2011/06/24,28.41,29.45,28.30,29.39,1036055,29.05
2011/06/27,29.39,29.95,29.31,29.65,527154,29.66
2011/06/28,29.50,29.64,29.21,29.55,399894,29.37
2011/06/29,29.30,29.65,29.20,29.26,339735,29.45
2011/06/30,29.22,29.60,29.22,29.49,290816,29.48
2011/07/01,29.50,29.89,29.38,29.70,449025,29.70
2011/07/04,29.80,30.19,29.80,30.19,527276,30.04
2011/07/05,30.28,30.40,30.06,30.31,429784,30.25
2011/07/06,30.31,30.94,30.13,30.90,626940,30.55
2011/07/07,31.00,32.38,30.91,31.85,1287292,31.83
2011/07/08,31.80,31.99,31.51,31.68,545000,31.68
2011/07/11,31.58,31.98,31.35,31.98,367589,31.87
2011/07/12,31.75,31.76,30.78,30.80,787377,31.14
2011/07/13,30.71,31.50,30.71,31.43,550021,31.26
2011/07/14,31.60,32.30,31.27,32.30,982261,32.04
2011/07/15,32.31,33.67,32.30,33.30,1869433,33.30
2011/07/18,33.35,34.55,33.35,33.41,1422938,33.81
2011/07/19,33.39,33.39,32.50,32.50,929526,32.82
2011/07/20,32.70,33.22,32.22,32.80,645660,32.78
2011/07/21,32.78,32.95,32.35,32.38,443018,32.61
2011/07/22,32.41,33.30,32.41,32.96,675054,33.05
2011/07/25,32.86,33.68,31.82,31.93,1019162,32.78
2011/07/26,31.99,32.29,31.80,32.16,300413,32.02
2011/07/27,32.13,33.30,31.97,33.30,733733,32.93
2011/07/28,32.88,33.68,32.60,33.35,893683,33.17
2011/07/29,33.35,33.95,32.80,32.94,715596,33.28
2011/08/01,32.94,33.61,32.56,33.40,627630,33.11
2011/08/02,33.33,33.33,32.46,33.29,634411,32.81
2011/08/03,32.88,33.80,32.60,33.59,941326,33.50
2011/08/04,33.60,34.00,33.13,33.58,653263,33.45
2011/08/05,32.65,33.03,32.39,32.53,703428,32.73
2011/08/08,32.40,32.40,29.31,29.85,1115148,30.64
2011/08/09,29.05,30.47,28.60,30.34,541037,29.85
2011/08/10,30.93,31.05,30.35,30.41,516626,30.79
2011/08/11,29.99,30.93,29.80,30.92,393096,30.53
2011/08/12,31.24,31.48,31.00,31.23,380288,31.31
2011/08/15,31.50,31.68,31.22,31.62,290738,31.54
2011/08/16,31.80,31.80,31.32,31.48,283131,31.47
2011/08/17,31.63,31.64,31.05,31.15,262100,31.24
2011/08/18,31.16,31.26,30.62,30.62,263797,30.97
2011/08/19,30.30,30.32,29.72,30.32,345454,30.02
2011/08/22,30.30,30.32,29.72,30.32,0,30.02
2011/08/23,30.00,31.48,29.90,31.42,537915,30.77
2011/08/24,31.43,32.28,31.32,31.74,941714,31.91
2011/08/25,31.73,31.94,31.41,31.91,663056,31.70
2011/08/26,31.80,32.74,31.64,32.50,1103918,32.47
2011/08/29,32.50,32.60,32.16,32.22,496690,32.36
2011/08/30,32.28,32.50,31.36,31.36,609349,31.98
2011/08/31,31.31,31.57,30.85,31.06,258363,31.14
2011/09/01,31.01,31.35,30.75,30.86,267028,31.01
2011/09/02,30.94,30.96,30.23,30.38,348954,30.46
2011/09/05,30.20,30.73,30.20,30.35,274360,30.49
2011/09/06,30.34,30.51,29.88,29.92,245241,30.02
2011/09/07,30.13,30.50,29.96,30.47,147199,30.23
2011/09/08,30.70,30.70,30.00,30.10,148850,30.44
2011/09/09,30.15,30.48,29.91,29.99,136035,30.14
2011/09/13,30.00,30.00,29.50,29.98,152951,29.75
2011/09/14,29.89,30.15,29.70,30.15,104486,29.95
2011/09/15,30.36,30.48,30.20,30.33,134579,30.36
2011/09/16,30.56,30.57,30.30,30.33,88780,30.34
2011/09/19,30.02,30.03,29.75,29.82,90499,29.87
2011/09/20,29.82,30.24,29.75,29.97,81449,29.95
2011/09/21,30.01,30.68,30.00,30.61,208390,30.49
2011/09/22,30.50,30.60,29.88,29.89,177390,30.16
2011/09/23,29.68,30.15,29.35,29.88,153800,29.72
2011/09/26,29.88,30.00,29.43,29.49,107500,29.75
2011/09/27,29.56,29.99,29.31,29.47,85700,29.54
2011/09/28,29.52,29.84,29.20,29.21,126102,29.51
2011/09/29,29.52,29.84,29.20,29.21,0,29.52
2011/09/30,28.80,29.30,28.66,28.76,145435,28.87
2011/10/10,28.79,29.29,28.71,28.84,74335,28.88
2011/10/11,29.10,29.60,28.08,28.16,168254,28.71
2011/10/12,28.40,29.19,27.78,29.01,195271,28.68
2011/10/13,28.90,29.46,28.90,29.18,203930,29.27
2011/10/14,29.11,29.30,29.01,29.29,96975,29.14
2011/10/17,29.35,29.37,29.00,29.28,118054,29.21
2011/10/18,29.28,29.37,28.61,28.61,120910,28.87
2011/10/19,28.75,28.80,28.50,28.58,58019,28.64
2011/10/20,28.48,28.49,27.18,27.30,483888,27.60
2011/10/21,27.30,27.70,27.06,27.18,109980,27.33
2011/10/24,27.48,27.48,27.05,27.41,125794,27.27
2011/10/25,27.45,27.95,27.28,27.90,322861,27.62
2011/10/26,27.61,28.16,27.30,27.78,428969,27.79
2011/10/27,28.00,28.00,27.64,27.66,215465,27.79
2011/10/28,27.79,28.10,27.74,28.06,275904,27.91
2011/10/31,28.10,28.35,27.99,28.27,234689,28.21
2011/11/01,28.01,28.37,27.97,28.34,214899,28.23
2011/11/02,27.89,28.86,27.72,28.73,308474,28.22
2011/11/03,28.90,29.19,28.75,28.75,549657,28.94
2011/11/04,28.91,29.05,28.70,28.88,279996,28.86
2011/11/07,29.02,29.10,28.80,28.84,235040,28.93
2011/11/08,28.90,28.94,28.40,28.44,177695,28.67
2011/11/09,28.48,28.86,28.42,28.82,145288,28.62
2011/11/10,28.76,29.29,28.46,29.06,519845,28.97
2011/11/11,29.17,29.57,28.93,29.22,532959,29.26
2011/11/14,29.33,29.90,29.33,29.74,431638,29.65
2011/11/15,29.74,29.80,29.36,29.50,273286,29.55
2011/11/16,29.37,29.64,28.46,28.67,432184,28.89
2011/11/17,28.67,29.30,28.67,29.02,261783,28.97
2011/11/18,28.76,29.29,28.40,28.45,356612,28.81
2011/11/21,28.57,28.57,27.88,28.09,223688,28.13
2011/11/22,27.26,27.88,27.26,27.64,179082,27.59
2011/11/23,27.65,27.98,27.50,27.60,186558,27.68
2011/11/24,27.55,27.85,27.32,27.70,108957,27.59
2011/11/25,27.86,28.10,27.60,27.90,181821,27.96
2011/11/28,27.79,28.10,27.79,27.90,130847,27.89
2011/11/29,28.18,28.19,27.88,28.09,123672,27.98
2011/11/30,28.09,28.09,26.89,27.11,374525,27.33
2011/12/01,27.55,27.88,27.47,27.60,230353,27.70
2011/12/02,27.50,27.62,26.88,26.99,148803,27.12
2011/12/05,26.99,26.99,26.41,26.42,210600,26.63
2011/12/06,26.41,26.69,26.35,26.59,71462,26.47
2011/12/07,26.69,26.77,26.59,26.63,46600,26.66
2011/12/08,26.60,26.85,26.37,26.65,64886,26.61
2011/12/09,26.65,26.73,26.30,26.40,78810,26.45
2011/12/12,26.31,26.58,26.28,26.33,67711,26.37
2011/12/13,26.28,26.28,25.53,25.65,133439,25.76
2011/12/14,25.53,25.79,25.30,25.31,72449,25.52
2011/12/15,25.40,25.40,24.61,24.70,139298,24.84
2011/12/16,24.50,25.02,24.47,25.02,126244,24.73
2011/12/19,24.80,25.10,24.30,25.01,122702,24.69
2011/12/20,24.80,25.09,24.52,24.97,122385,24.90
2011/12/21,25.06,25.10,24.42,24.44,131300,24.89
2011/12/22,24.44,24.44,23.56,23.79,146300,23.74
2011/12/23,23.61,24.10,23.60,23.79,188414,23.81
2011/12/26,23.72,23.90,23.60,23.60,56300,23.73
2011/12/27,23.58,23.58,22.55,22.65,235300,22.99
2011/12/28,22.60,22.64,21.50,21.86,285600,21.84
2011/12/29,21.70,21.94,21.65,21.81,106876,21.84
2011/12/30,22.00,22.13,21.86,22.00,110964,22.01
2012/01/04,22.11,22.38,21.60,21.76,112700,22.07
2012/01/05,21.69,21.69,20.68,20.83,148150,21.23
2012/01/06,20.68,20.68,19.69,20.05,222168,20.05
2012/01/09,20.24,20.70,19.50,20.70,384062,20.16
2012/01/10,20.43,21.69,20.43,21.68,375424,21.15
2012/01/11,21.70,22.12,21.51,21.80,237401,21.81
2012/01/12,21.80,21.93,21.38,21.50,197330,21.63
2012/01/13,21.58,21.59,20.32,20.44,263977,20.68
2012/01/16,20.35,20.54,19.95,19.95,124400,20.14
2012/01/17,19.90,20.85,19.80,20.80,190840,20.46
2012/01/18,20.80,20.80,20.00,20.05,405040,20.43
2012/01/19,20.00,20.31,19.74,19.98,381502,19.93
2012/01/20,19.97,20.17,19.82,20.12,360373,20.02
2012/01/30,20.20,20.27,19.90,20.13,220610,20.12
2012/01/31,20.08,20.08,19.60,19.67,313100,19.71
2012/02/01,19.65,20.03,19.63,19.76,241031,19.84
2012/02/02,19.71,20.28,19.71,20.27,382672,20.08
2012/02/03,20.27,20.80,20.27,20.80,722783,20.61
2012/02/06,20.81,21.50,20.80,21.27,836553,21.27
2012/02/07,21.28,21.28,20.50,20.70,432599,20.86
2012/02/08,20.60,21.34,20.55,21.30,399452,21.05
2012/02/09,21.38,21.57,21.22,21.40,555069,21.42
2012/02/10,21.40,21.60,21.25,21.32,404957,21.43
2012/02/13,21.10,21.69,21.00,21.54,513911,21.46
2012/02/14,21.50,21.70,21.30,21.38,410147,21.45
2012/02/15,21.38,21.67,21.20,21.67,663267,21.49
2012/02/16,21.62,22.20,21.62,21.84,922990,21.86
2012/02/17,21.85,21.97,21.46,21.60,424892,21.63
2012/02/20,21.85,22.00,21.67,21.71,482521,21.79
2012/02/21,21.66,21.90,21.34,21.87,318185,21.66
2012/02/22,21.86,22.59,21.82,22.54,1074355,22.29
2012/02/23,22.60,22.94,22.48,22.79,899534,22.71
2012/02/24,22.60,22.94,22.48,22.79,0,22.71
2012/02/27,22.98,22.99,22.51,22.56,1026039,22.73
2012/02/28,22.45,22.45,21.83,22.03,754819,22.12
2012/02/29,22.00,22.25,21.85,21.90,400767,22.00
2012/03/01,21.90,22.11,21.75,21.92,348572,21.99
2012/03/02,22.10,22.20,21.92,22.19,427169,22.12
2012/03/05,22.21,22.30,22.13,22.25,421924,22.24
2012/03/06,22.18,22.20,21.81,21.91,291905,21.95
2012/03/07,21.79,22.06,21.70,21.86,328457,21.93
2012/03/08,21.82,22.25,21.82,22.16,352028,22.10
2012/03/09,22.20,22.74,22.20,22.72,770863,22.55
2012/03/12,22.78,22.96,22.49,22.73,580400,22.72
2012/03/13,22.80,22.94,22.63,22.92,613110,22.80
2012/03/14,24.88,25.21,24.88,25.21,4833528,25.19
2012/03/15,25.20,25.29,23.70,24.28,3892619,24.52
2012/03/16,24.08,24.80,23.80,24.43,2133421,24.23
2012/03/19,24.15,24.37,23.57,24.13,1601633,23.95
2012/03/20,24.05,24.05,23.07,23.18,1182048,23.45
2012/03/21,23.13,23.50,22.85,23.45,940490,23.21
2012/03/22,23.40,23.83,23.01,23.47,700678,23.52
2012/03/23,23.68,23.68,22.90,23.00,506310,23.10
2012/03/26,23.01,23.10,22.70,23.00,358135,22.96
2012/03/27,23.20,23.26,22.73,22.77,409611,22.89
2012/03/28,22.70,22.70,20.92,20.96,976998,21.62
2012/03/29,20.80,20.80,20.25,20.30,572039,20.46
2012/03/30,20.31,20.58,20.05,20.10,301458,20.26
2012/04/05,20.17,20.53,20.06,20.44,389364,20.33
2012/04/06,20.35,20.58,20.20,20.40,404460,20.41
2012/04/09,20.40,20.56,20.10,20.26,196394,20.41
2012/04/10,20.30,20.44,19.85,20.35,374071,20.11
2012/04/11,20.09,20.39,20.09,20.28,215223,20.24
2012/04/12,20.30,20.80,20.28,20.75,376981,20.55
2012/04/13,20.76,20.90,20.60,20.88,354202,20.81
2012/04/16,20.79,20.80,20.55,20.70,215248,20.65
2012/04/17,20.65,20.95,20.58,20.63,234590,20.75
2012/04/18,20.66,20.95,20.53,20.92,303812,20.77
2012/04/19,20.90,21.09,20.75,21.00,329413,20.93
2012/04/20,20.85,21.20,20.63,21.12,287720,20.98
2012/04/23,21.08,21.08,19.85,20.00,791846,20.22
2012/04/24,19.85,20.20,19.57,19.73,416095,19.83
2012/04/25,19.85,20.20,19.57,19.73,0,19.88
2012/04/26,20.00,20.46,20.00,20.15,349791,20.24
2012/04/27,20.15,20.21,20.01,20.16,180328,20.12
2012/05/02,20.20,20.63,20.20,20.49,353790,20.44
2012/05/03,20.50,20.80,20.44,20.68,213986,20.65
2012/05/04,20.73,20.85,20.71,20.79,243109,20.79
2012/05/07,20.49,20.97,20.40,20.88,372548,20.78
2012/05/08,20.88,21.20,20.70,21.01,385109,20.95
2012/05/09,21.00,21.00,20.58,20.63,291999,20.71
2012/05/10,20.64,21.64,20.63,21.00,428006,21.16
2012/05/11,21.04,21.38,20.70,21.30,546979,21.17
2012/05/14,21.50,21.96,21.11,21.71,777188,21.69
2012/05/15,21.61,21.69,21.15,21.25,367810,21.32
2012/05/16,21.05,21.37,21.02,21.05,243277,21.19
2012/05/17,20.96,21.25,20.96,21.23,233049,21.09
2012/05/18,21.23,21.25,20.10,20.35,412299,20.33
2012/05/21,20.52,20.54,20.25,20.29,224001,20.09
2012/05/22,20.41,20.78,20.41,20.66,167077,20.33
2012/05/23,20.50,20.67,20.30,20.46,205301,20.13
2012/05/24,20.33,20.59,20.33,20.38,170680,20.13
2012/05/25,20.38,20.43,20.11,20.15,206698,19.95
2012/05/28,20.15,20.16,19.82,20.15,275981,19.74
2012/05/29,20.20,20.46,20.20,20.45,205991,20.07
2012/05/30,20.47,20.58,20.35,20.52,220744,20.18
2012/05/31,20.40,20.80,20.40,20.68,260110,20.40
2012/06/01,20.81,20.81,20.58,20.64,167431,20.38
2012/06/04,20.48,20.48,20.13,20.13,215942,19.97
2012/06/05,20.10,20.39,20.10,20.20,153687,19.94
2012/06/06,20.19,20.37,20.06,20.08,127099,19.86
2012/06/07,20.29,20.29,19.98,20.02,170774,19.81
2012/06/08,20.07,20.20,19.96,19.98,108075,19.77
2012/06/11,20.08,20.40,19.98,20.36,158839,19.95
2012/06/12,20.20,20.58,20.20,20.45,196251,20.16
2012/06/13,20.60,20.89,20.42,20.74,345472,20.40
2012/06/14,20.85,20.85,20.46,20.54,243001,20.40
2012/06/15,20.70,21.27,20.58,21.04,655977,20.73
2012/06/18,21.05,21.74,20.97,21.60,1014468,21.16
2012/06/19,21.61,22.23,21.33,21.90,1598696,21.59
2012/06/20,21.90,21.90,21.31,21.35,830233,21.18
2012/06/21,21.30,21.33,20.89,21.08,444448,20.72
2012/06/25,21.18,21.80,20.92,20.96,447393,20.99
2012/06/26,20.90,20.95,20.36,20.66,369771,20.29
2012/06/27,20.66,21.22,20.66,20.67,350427,20.62
2012/06/28,20.67,21.06,20.67,20.74,328649,20.58
2012/06/29,20.60,21.59,20.57,21.54,716850,20.92
2012/07/02,21.50,22.05,21.50,21.75,923989,21.51
2012/07/03,21.61,22.00,21.61,21.82,588752,21.51
2012/07/04,21.82,21.83,21.45,21.47,492035,21.33
2012/07/05,21.40,22.00,21.18,21.99,774768,21.31
2012/07/06,22.01,22.83,21.86,22.45,1572125,22.04
2012/07/09,22.30,22.75,21.85,21.90,1269436,22.20
2012/07/10,21.80,21.87,21.36,21.36,510559,21.27
2012/07/11,21.19,21.70,21.06,21.65,469697,21.08
2012/07/12,21.65,22.18,21.42,22.05,679411,21.58
2012/07/13,21.84,21.84,21.09,21.30,1095457,21.08
2012/07/16,21.30,21.33,20.07,20.08,782031,20.29
2012/07/17,19.98,20.20,19.93,20.02,280409,19.76
2012/07/18,20.20,20.20,19.68,19.95,365596,19.52
2012/07/19,20.00,20.39,19.81,20.29,276225,19.98
2012/07/20,20.29,20.46,20.10,20.16,176255,19.94
2012/07/23,20.00,20.09,19.85,20.04,160041,19.64
2012/07/24,20.08,20.42,19.88,20.29,393008,19.93
2012/07/25,20.38,20.41,19.92,20.05,318634,19.92
2012/07/26,20.19,20.26,19.98,20.05,138038,19.82
2012/07/27,20.21,20.65,20.16,20.23,170562,19.98
2012/07/30,20.27,20.36,19.78,19.78,219951,19.59
2012/07/31,19.72,19.78,19.45,19.52,194222,19.23
2012/08/01,19.68,19.76,19.53,19.59,130131,19.33
2012/08/02,19.51,19.98,19.51,19.76,185270,19.50
2012/08/03,19.71,20.12,19.71,20.10,180108,19.68
2012/08/06,20.13,20.58,19.92,20.58,269628,19.97
2012/08/07,20.53,20.55,20.23,20.38,287748,20.06
2012/08/08,20.28,20.37,20.02,20.28,301853,19.87
2012/08/09,20.30,20.45,20.12,20.43,331652,20.05
2012/08/10,20.50,20.50,20.29,20.29,226333,20.08
2012/08/13,20.29,20.56,20.20,20.31,413840,20.12
2012/08/14,20.48,20.68,20.15,20.67,367254,20.12
2012/08/15,20.65,20.65,20.41,20.45,194903,20.21
2012/08/16,20.44,20.45,20.22,20.23,161235,20.01
2012/08/17,20.23,20.30,20.11,20.20,110408,19.89
2012/08/20,20.14,20.14,19.78,19.94,223021,19.63
2012/08/21,20.10,20.66,20.09,20.54,492827,20.19
2012/08/22,20.44,20.62,20.38,20.45,224121,20.18
2012/08/23,20.38,20.64,20.38,20.61,265478,20.25
2012/08/24,20.59,20.60,20.06,20.07,299481,20.02
2012/08/27,20.00,20.15,19.91,19.98,117970,19.71
2012/08/28,20.09,20.27,19.95,20.18,115101,19.79
2012/08/29,20.15,20.36,19.98,20.17,118601,19.90
2012/08/30,20.11,20.37,19.95,20.01,223591,19.88
2012/08/31,20.00,20.32,19.95,20.04,185656,19.87
2012/09/03,20.14,20.42,20.01,20.34,237382,20.04
2012/09/04,20.35,20.67,20.35,20.40,332955,20.21
2012/09/05,20.54,21.14,20.48,20.99,838253,20.59
2012/09/06,21.16,21.21,20.91,21.18,597625,20.79
2012/09/07,21.24,22.27,21.24,22.17,1100533,21.58
2012/09/10,22.16,22.35,21.65,22.32,931074,21.76
2012/09/11,22.18,22.24,21.80,22.20,559548,21.68
2012/09/12,22.19,22.31,22.04,22.30,459200,21.89
2012/09/13,22.30,22.58,22.11,22.21,703416,22.04
2012/09/14,22.24,22.29,22.05,22.25,546476,21.83
2012/09/17,22.11,22.68,22.05,22.20,961312,22.13
2012/09/18,22.00,22.70,21.55,21.87,1062654,21.72
2012/09/19,21.90,22.30,21.79,22.12,870615,21.81
2012/09/20,22.05,22.13,21.30,21.50,520241,21.38
2012/09/21,21.55,21.55,20.10,21.09,1511693,20.58
2012/09/24,20.79,20.88,20.27,20.51,1460793,20.23
2012/09/25,20.41,20.58,19.84,19.90,497358,19.79
2012/09/26,19.95,19.95,19.32,19.32,413064,19.33
2012/09/27,19.32,19.90,19.32,19.74,212312,19.35
2012/09/28,19.61,20.20,19.61,20.20,182788,19.69
2012/10/08,20.02,20.27,20.01,20.08,106798,19.83
2012/10/09,20.29,20.45,20.15,20.43,359804,20.04
2012/10/10,20.33,20.53,20.30,20.51,215674,20.10
2012/10/11,20.45,20.45,19.98,19.98,273345,19.92
2012/10/12,20.10,20.30,19.92,20.16,127813,19.80
2012/10/15,19.91,20.15,19.87,19.89,141193,19.64
2012/10/16,20.09,20.26,20.05,20.22,177806,19.88
2012/10/17,20.27,20.28,19.92,20.05,111276,19.77
2012/10/18,20.20,20.34,20.10,20.30,150105,19.94
2012/10/19,20.30,20.40,20.18,20.32,147515,20.01
2012/10/22,20.30,20.36,20.10,20.30,125828,19.91
2012/10/23,20.25,20.39,20.15,20.18,86850,19.95
2012/10/24,20.10,20.22,20.01,20.13,106200,19.81
2012/10/25,20.13,20.34,20.06,20.19,135350,19.89
2012/10/26,20.19,20.27,19.94,20.04,208700,19.76
2012/10/29,20.04,20.11,19.93,20.01,80829,19.74
2012/10/30,20.00,20.12,19.98,20.07,51600,19.74
2012/10/31,19.99,20.09,19.93,19.99,203538,19.66
2012/11/01,19.91,20.30,19.91,20.30,480948,19.81
2012/11/02,20.20,20.30,20.11,20.24,121485,19.93
2012/11/05,20.23,20.25,20.11,20.22,92338,19.90
2012/11/06,20.22,20.22,19.92,20.10,86900,19.72
2012/11/07,20.15,20.15,19.94,20.03,203698,19.71
2012/11/08,19.93,20.19,19.82,19.82,178983,19.72
2012/11/09,19.85,19.97,19.80,19.89,138450,19.57
2012/11/12,20.00,20.00,19.83,19.85,77200,19.60
2012/11/13,19.85,19.85,19.40,19.40,168100,19.33
2012/11/14,19.43,19.50,19.12,19.23,237071,18.97
2012/11/15,19.17,19.29,18.60,18.65,203217,18.64
2012/11/16,18.65,18.80,18.60,18.70,93980,18.36
2012/11/19,18.67,18.97,18.66,18.90,87550,18.49
2012/11/20,18.90,19.00,18.68,18.68,116500,18.51
2012/11/21,18.80,18.90,18.64,18.79,103184,18.48
2012/11/22,18.73,18.91,18.73,18.85,77003,18.54
2012/11/23,18.76,18.98,18.76,18.85,45533,18.58
2012/11/26,18.73,18.88,18.70,18.71,74600,18.46
2012/11/27,18.63,18.63,17.80,17.80,189622,17.83
2012/11/28,17.75,18.20,17.05,17.20,487164,17.31
2012/11/29,17.20,17.40,16.77,16.82,223690,16.80
2012/11/30,16.71,16.88,16.48,16.85,155511,16.40
2012/12/03,16.89,16.89,16.24,16.24,212500,16.17
2012/12/04,16.20,16.48,16.18,16.36,220212,16.00
2012/12/05,16.49,17.07,16.34,16.90,442911,16.56
2012/12/06,16.77,16.98,16.69,16.70,246965,16.51
2012/12/07,16.80,17.20,16.66,17.10,314055,16.66
2012/12/10,17.10,17.45,17.10,17.39,304790,16.98
2012/12/11,17.40,17.40,17.12,17.19,214349,16.91
2012/12/12,17.35,17.35,16.98,17.20,153203,16.80
2012/12/13,17.11,17.20,16.92,16.93,72818,16.74
2012/12/14,16.94,17.90,16.94,17.81,618290,17.34
2012/12/17,17.70,17.86,17.70,17.79,262945,17.45
2012/12/18,17.79,17.98,17.71,17.80,288129,17.56
2012/12/19,17.80,17.96,17.74,17.90,206454,17.58
2012/12/20,17.88,18.20,17.79,18.03,297223,17.67
2012/12/21,18.10,18.41,18.03,18.20,510493,17.95
2012/12/24,18.31,18.68,18.31,18.58,1000878,18.24
2012/12/25,18.60,19.13,18.51,19.05,1228772,18.49
2012/12/26,19.00,19.52,18.89,19.52,879833,18.97
2012/12/27,19.55,20.09,19.20,19.20,1329871,19.29
2012/12/28,19.18,19.90,19.03,19.57,935972,19.25
2012/12/31,19.56,19.70,19.29,19.34,710730,19.10
2013/01/04,19.45,19.59,18.92,19.13,632592,18.90
2013/01/07,19.13,19.49,19.10,19.47,614275,19.05
2013/01/08,19.51,19.76,19.49,19.70,777046,19.33
2013/01/09,19.68,19.68,19.34,19.40,512108,19.21
2013/01/10,19.45,19.59,19.40,19.51,345481,19.17
2013/01/11,19.58,19.85,19.39,19.45,778670,19.36
2013/01/14,19.59,20.57,19.35,20.51,1486461,19.88
2013/01/15,20.46,21.05,20.46,20.74,851821,20.42
2013/01/16,20.47,20.47,20.11,20.25,1012464,19.96
2013/01/17,20.29,20.39,20.16,20.24,405632,19.96
2013/01/18,20.12,20.41,20.04,20.31,546610,19.94
2013/01/21,20.31,20.40,20.14,20.33,514903,19.98
2013/01/22,20.30,20.30,19.83,19.89,603836,19.71
2013/01/23,19.80,20.00,19.76,19.94,257347,19.54
2013/01/24,19.80,20.00,19.20,19.33,702086,19.34
2013/01/25,19.58,19.58,19.31,19.41,208461,19.15
2013/01/28,19.57,19.96,19.38,19.96,323560,19.46
2013/01/29,19.98,20.28,19.95,20.20,459186,19.76
2013/01/30,20.12,20.36,20.00,20.20,379780,19.86
2013/01/31,20.27,20.28,20.03,20.10,219812,19.85
2013/02/01,20.11,20.28,20.03,20.25,305295,19.88
2013/02/04,20.27,20.30,19.85,19.98,270939,19.78
2013/02/05,19.83,20.27,19.83,20.13,204924,19.78
2013/02/06,20.19,20.46,20.12,20.38,435932,20.07
2013/02/07,20.29,21.92,20.29,21.82,2111168,20.91
2013/02/08,21.63,22.11,21.49,21.98,1280462,21.53
2013/02/18,21.90,22.74,21.80,22.61,1319938,22.10
2013/02/19,22.60,22.85,22.37,22.74,1230489,22.34
2013/02/20,22.72,23.77,22.54,23.56,1822659,23.11
2013/02/21,23.30,23.59,22.83,23.06,1131196,22.88
2013/02/22,22.91,23.74,22.80,23.43,985601,23.17
2013/02/25,23.45,23.78,23.45,23.57,760327,23.30
2013/02/26,23.50,23.69,22.86,22.86,1095399,22.92
2013/02/27,22.75,23.08,22.18,22.30,818932,22.26
2013/02/28,22.30,22.74,22.15,22.74,512513,22.24
2013/03/01,22.52,23.49,22.52,23.32,620314,22.74
2013/03/04,22.80,25.51,22.80,24.79,2517273,24.27
2013/03/05,24.79,26.15,24.50,26.11,2316458,25.34
2013/03/06,26.12,27.04,25.91,26.50,1635364,26.31
2013/03/07,26.45,26.65,26.11,26.25,925555,25.99
2013/03/08,26.26,26.52,25.82,26.10,563035,25.78
2013/03/11,26.10,26.15,25.55,25.65,463279,25.39
2013/03/12,25.60,25.98,24.41,24.62,853427,24.73
2013/03/13,24.55,24.62,24.04,24.60,446802,24.02
2013/03/14,24.42,24.91,24.31,24.79,357914,24.40
2013/03/15,24.67,26.19,24.30,25.69,689932,25.12
2013/03/18,25.20,26.10,25.20,25.59,544344,25.55
2013/03/19,25.69,25.80,24.53,25.10,300293,24.83
2013/03/20,25.10,26.15,24.85,26.12,509724,25.35
2013/03/21,26.15,26.21,25.80,26.13,431268,25.72
2013/03/22,26.10,26.10,25.40,25.82,444170,25.41
2013/03/25,25.60,25.78,25.38,25.40,435774,25.16
2013/03/26,25.34,25.52,24.92,25.35,593581,24.81
2013/03/27,25.26,25.65,25.11,25.43,363993,25.08
2013/03/28,25.25,25.25,24.80,24.80,388178,24.65
2013/03/29,24.10,24.11,23.31,23.48,1186110,23.48
2013/04/01,23.48,23.82,23.20,23.27,772151,23.25
2013/04/02,23.27,23.75,23.00,23.01,264242,22.91
2013/04/03,23.18,23.40,22.95,23.29,237194,22.88
2013/04/08,25.30,25.59,24.00,24.30,1646046,24.42
2013/04/09,24.51,24.83,23.55,23.77,627444,23.53
2013/04/10,23.30,23.60,23.21,23.29,309626,23.07
2013/04/11,23.29,23.31,23.10,23.13,191739,22.87
2013/04/12,23.05,23.19,22.67,22.68,250401,22.55
2013/04/15,22.87,22.87,22.10,22.30,240700,22.08
2013/04/16,22.13,23.20,21.61,22.92,357438,21.89
2013/04/17,22.66,23.00,22.60,22.90,155000,22.47
2013/04/18,22.95,22.96,22.55,22.57,168666,22.37
2013/04/19,22.57,24.15,22.57,23.89,1742683,23.32
2013/04/22,23.80,25.65,23.55,25.20,1786171,24.54
2013/04/23,24.92,25.20,24.00,24.30,514103,24.15
2013/04/24,24.30,24.80,24.30,24.36,552566,24.24
2013/04/25,24.03,24.60,24.02,24.05,415209,24.03
2013/04/26,23.92,24.30,23.21,23.21,423530,23.57
2013/05/02,23.22,23.49,22.91,23.06,214706,22.88
2013/05/03,23.86,24.29,23.41,24.18,602692,23.72
2013/05/06,24.20,25.38,23.90,25.18,1124630,24.68
2013/05/07,25.13,25.13,24.80,24.92,330250,24.63
2013/05/08,25.19,25.49,24.93,25.40,401896,25.01
2013/05/09,25.10,25.30,25.00,25.28,391179,24.88
2013/05/10,25.03,26.04,25.02,26.00,574802,25.19
2013/05/13,26.06,26.27,25.46,25.55,387337,25.46
2013/05/14,25.56,26.07,25.30,25.69,509275,25.69
2013/05/15,27.50,28.07,26.60,27.69,2038637,27.34
2013/05/16,27.33,27.84,27.12,27.81,1330949,27.48
2013/05/17,27.64,29.97,27.52,29.29,1856275,28.74
2013/05/20,28.98,29.32,27.98,29.29,973320,28.65
2013/05/21,28.81,29.90,28.68,29.72,733302,29.29
2013/05/22,29.72,29.72,28.76,28.82,685622,29.24
2013/05/23,28.82,29.79,28.76,29.08,1126635,29.28
2013/05/24,28.94,29.72,28.94,29.59,553338,29.33
2013/05/27,29.59,31.06,29.45,30.89,1063316,30.25
2013/05/28,30.89,31.15,30.06,30.25,990182,30.60
2013/05/29,30.21,30.72,30.11,30.33,415891,30.41
2013/05/30,30.37,30.96,30.25,30.66,601281,30.61
2013/05/31,30.86,30.86,30.27,30.31,472761,30.56
2013/06/03,30.21,30.37,29.20,29.34,555005,29.79
2013/06/04,29.20,29.64,28.82,29.64,326103,29.23
2013/06/05,29.66,29.69,29.08,29.45,141664,29.38
2013/06/06,29.27,29.30,28.55,28.71,188509,28.93
2013/06/07,28.81,28.93,28.20,28.33,133290,28.56
2013/06/13,28.17,28.17,26.87,27.76,309556,27.52
2013/06/14,28.23,29.20,27.38,29.17,388268,28.29
2013/06/17,29.03,30.25,28.55,28.68,607659,29.40
2013/06/18,28.81,28.93,28.17,28.78,387621,28.55
2013/06/19,28.68,29.85,28.68,28.77,264759,29.27
2013/06/20,29.06,29.06,27.54,27.91,490118,28.30
2013/06/21,29.06,29.06,27.54,27.91,0,28.30
2013/06/24,29.06,29.06,27.54,27.91,0,28.30
2013/06/25,29.06,29.06,27.54,27.91,0,28.30
2013/06/26,29.06,29.06,27.54,27.91,0,28.30
2013/06/27,29.06,29.06,27.54,27.91,0,28.30
2013/06/28,29.06,29.06,27.54,27.91,0,28.30
2013/07/01,29.06,29.06,27.54,27.91,0,28.30
2013/07/02,29.06,29.06,27.54,27.91,0,28.30
2013/07/03,29.06,29.06,27.54,27.91,0,28.30
2013/07/04,29.06,29.06,27.54,27.91,0,28.30
2013/07/05,29.06,29.06,27.54,27.91,0,28.30
2013/07/08,29.06,29.06,27.54,27.91,0,28.30
2013/07/09,29.06,29.06,27.54,27.91,0,28.30
2013/07/10,29.06,29.06,27.54,27.91,0,28.30
2013/07/11,29.06,29.06,27.54,27.91,0,28.30
2013/07/12,29.06,29.06,27.54,27.91,0,28.30
2013/07/15,29.06,29.06,27.54,27.91,0,28.30
2013/07/16,29.06,29.06,27.54,27.91,0,28.30
2013/07/17,29.06,29.06,27.54,27.91,0,28.30
2013/07/18,29.06,29.06,27.54,27.91,0,28.30
2013/07/19,29.06,29.06,27.54,27.91,0,28.30
2013/07/22,29.06,29.06,27.54,27.91,0,28.30
2013/07/23,29.06,29.06,27.54,27.91,0,28.30
2013/07/24,29.06,29.06,27.54,27.91,0,28.30
2013/07/25,29.06,29.06,27.54,27.91,0,28.30
2013/07/26,29.06,29.06,27.54,27.91,0,28.30
2013/07/29,29.06,29.06,27.54,27.91,0,28.30
2013/07/30,29.06,29.06,27.54,27.91,0,28.30
2013/07/31,29.06,29.06,27.54,27.91,0,28.30
2013/08/01,29.06,29.06,27.54,27.91,0,28.30
2013/08/02,29.06,29.06,27.54,27.91,0,28.30
2013/08/05,29.06,29.06,27.54,27.91,0,28.30
2013/08/06,29.06,29.06,27.54,27.91,0,28.30
2013/08/07,29.06,29.06,27.54,27.91,0,28.30
2013/08/08,29.06,29.06,27.54,27.91,0,28.30
2013/08/09,29.06,29.06,27.54,27.91,0,28.30
2013/08/12,29.06,29.06,27.54,27.91,0,28.30
2013/08/13,29.06,29.06,27.54,27.91,0,28.30
2013/08/14,29.06,29.06,27.54,27.91,0,28.30
2013/08/15,29.06,29.06,27.54,27.91,0,28.30
2013/08/16,29.06,29.06,27.54,27.91,0,28.30
2013/08/19,29.06,29.06,27.54,27.91,0,28.30
2013/08/20,29.06,29.06,27.54,27.91,0,28.30
2013/08/21,29.06,29.06,27.54,27.91,0,28.30
2013/08/22,29.06,29.06,27.54,27.91,0,28.30
2013/08/23,29.06,29.06,27.54,27.91,0,28.30
2013/08/26,29.06,29.06,27.54,27.91,0,28.30
2013/08/27,29.06,29.06,27.54,27.91,0,28.30
2013/08/28,29.06,29.06,27.54,27.91,0,28.30
2013/08/29,29.06,29.06,27.54,27.91,0,28.30
2013/08/30,29.06,29.06,27.54,27.91,0,28.30
2013/09/02,29.06,29.06,27.54,27.91,0,28.30
2013/09/03,29.06,29.06,27.54,27.91,0,28.30
2013/09/04,29.06,29.06,27.54,27.91,0,28.30
2013/09/05,29.06,29.06,27.54,27.91,0,28.30
2013/09/06,29.06,29.06,27.54,27.91,0,28.30
2013/09/09,29.06,29.06,27.54,27.91,0,28.30
2013/09/10,29.06,29.06,27.54,27.91,0,28.30
2013/09/11,27.74,27.74,25.18,25.53,3490246,26.46
2013/09/12,25.11,25.53,24.79,24.99,1288022,25.16
2013/09/13,25.01,25.35,24.81,24.96,1566757,25.08
2013/09/16,25.13,25.43,24.85,25.33,1064576,25.14
2013/09/17,25.31,25.40,24.81,25.11,748299,25.10
2013/09/18,25.16,25.48,24.46,25.46,1217622,24.97
2013/09/23,25.51,27.94,25.51,27.84,1886839,26.73
2013/09/24,27.71,30.02,27.71,28.91,2862719,28.87
2013/09/25,28.68,28.91,27.77,28.37,959529,28.34
2013/09/26,28.42,28.62,27.90,28.34,1087067,28.26
2013/09/27,28.38,29.66,28.32,29.14,1508877,28.99
2013/09/30,29.59,29.59,28.76,29.51,953515,29.18
2013/10/08,29.56,29.56,28.29,28.55,1041692,28.92
2013/10/09,28.30,28.75,28.03,28.60,580169,28.39
2013/10/10,28.30,28.80,28.29,28.36,727669,28.54
2013/10/11,28.39,28.55,27.94,28.13,605699,28.25
2013/10/14,28.12,29.08,28.12,28.94,992648,28.60
2013/10/15,28.94,29.58,28.49,29.32,1120342,29.03
2013/10/16,29.32,29.33,28.34,28.55,849378,28.83
2013/10/17,28.37,28.91,27.72,27.85,894503,28.31
2013/10/18,27.84,28.16,27.84,28.16,229103,28.00
2013/10/21,28.29,29.01,28.16,28.71,412626,28.59
2013/10/22,28.56,28.71,28.03,28.17,345323,28.37
2013/10/23,28.04,28.29,26.86,27.26,444236,27.57
2013/10/24,26.99,28.04,26.82,27.00,531150,27.43
2013/10/25,27.07,27.09,26.47,26.48,333298,26.78
2013/10/28,26.54,26.86,26.03,26.21,236929,26.45
2013/10/29,26.21,26.73,25.66,25.79,210597,26.20
2013/10/30,26.15,26.47,25.77,25.82,318829,26.12
2013/10/31,26.08,26.34,25.18,25.85,371928,25.76
2013/11/01,25.56,26.33,25.56,26.08,304199,25.94
2013/11/04,25.98,26.50,25.96,26.30,173301,26.23
2013/11/05,26.21,26.56,26.21,26.47,136950,26.38
2013/11/06,26.34,26.56,26.26,26.41,78520,26.41
2013/11/07,26.22,26.54,25.69,25.92,181088,26.12
2013/11/08,25.74,25.99,25.47,25.64,127904,25.73
2013/11/11,25.82,25.91,25.31,25.85,172014,25.61
2013/11/12,25.85,26.16,25.63,26.00,160272,25.89
2013/11/13,26.02,28.16,25.95,26.48,731925,27.05
2013/11/14,26.47,26.86,26.38,26.70,272536,26.62
2013/11/15,26.61,26.90,26.60,26.78,468057,26.75
2013/11/18,26.86,26.99,26.64,26.81,322331,26.81
2013/11/19,26.81,26.93,26.70,26.81,263335,26.81
2013/11/20,26.80,26.85,26.41,26.47,260999,26.63
2013/11/21,26.47,26.47,25.94,26.08,264316,26.21
2013/11/22,25.99,26.26,25.79,26.03,179000,26.03
2013/11/25,25.95,26.18,25.95,26.08,184210,26.06
2013/11/26,26.04,26.13,25.69,25.83,269891,25.91
2013/11/27,26.04,26.33,25.83,26.26,229331,26.08
2013/11/28,26.12,27.06,26.00,26.86,640169,26.53
2013/11/29,26.81,28.47,26.60,28.26,964864,27.54
2013/12/02,27.71,28.16,26.74,27.20,1006648,27.45
2013/12/03,27.12,27.51,26.64,27.38,462003,27.08
2013/12/04,27.35,27.84,27.06,27.51,319780,27.45
2013/12/05,27.77,27.77,27.11,27.12,300901,27.44
2013/12/06,27.11,27.51,26.87,27.16,188433,27.19
2013/12/09,27.11,27.90,27.11,27.89,347712,27.50
2013/12/10,28.03,28.39,27.71,27.72,419600,28.05
2013/12/11,27.65,27.85,27.25,27.42,122376,27.55
2013/12/12,27.32,27.51,27.32,27.32,190489,27.42
2013/12/13,27.32,27.52,27.13,27.52,121549,27.32
2013/12/16,27.28,27.73,27.22,27.32,140943,27.47
2013/12/17,27.32,27.32,26.57,26.60,229560,26.95
2013/12/18,26.86,26.86,26.34,26.46,152004,26.60
2013/12/19,26.55,26.70,26.05,26.20,261400,26.38
2013/12/20,25.95,26.21,25.82,25.89,130999,26.02
2013/12/23,26.08,27.20,25.77,27.06,377066,26.48
2013/12/24,27.11,27.11,26.60,26.89,160192,26.86
2013/12/25,26.74,27.22,26.70,26.98,196865,26.96
2013/12/26,26.86,26.86,26.44,26.63,290393,26.65
2013/12/27,26.85,27.09,26.51,27.02,266164,26.80
2013/12/30,27.06,28.00,26.90,27.71,559979,27.45
2013/12/31,27.54,27.87,27.28,27.30,189797,27.58
2014/01/02,27.38,27.95,27.26,27.86,669261,27.61
2014/01/03,28.03,29.84,28.00,29.66,1863595,28.92
2014/01/06,30.77,31.80,29.01,29.59,1728640,30.41
2014/01/07,29.20,29.50,28.82,29.27,528549,29.16
2014/01/08,29.19,30.23,29.19,29.88,1050954,29.71
2014/01/09,29.72,29.86,28.39,28.65,493307,29.13
2014/01/10,28.29,28.62,27.38,27.52,363279,28.00
2014/01/13,27.51,28.15,27.51,27.68,221413,27.83
2014/01/14,27.71,28.91,27.59,28.80,421920,28.25
2014/01/15,28.75,29.85,28.71,29.40,587879,29.28
2014/01/16,29.24,29.85,28.95,29.33,467677,29.40
2014/01/17,29.33,29.49,28.97,29.42,200814,29.23
2014/01/20,29.42,29.42,28.71,29.20,287575,29.07
2014/01/21,29.17,30.12,29.02,29.32,422359,29.57
2014/01/22,29.32,30.46,28.94,30.41,1005824,29.70
2014/01/23,30.41,30.62,30.11,30.41,541777,30.37
2014/01/24,30.50,30.83,30.12,30.70,527378,30.47
2014/01/27,30.60,30.60,29.95,30.02,530729,30.28
2014/01/28,30.02,30.31,29.93,30.20,319184,30.12
2014/01/29,30.37,31.09,30.11,30.99,414344,30.60
2014/01/30,30.97,32.84,30.64,32.52,1165441,31.74
2014/02/07,31.93,33.75,31.88,33.40,1145860,32.81
2014/02/10,33.39,33.44,32.45,33.09,694214,32.95
2014/02/11,33.09,34.66,32.58,34.27,1193582,33.62
2014/02/12,33.97,35.97,33.97,35.60,1274511,34.97
2014/02/13,35.70,36.31,34.61,35.10,749111,35.46
2014/02/14,34.73,37.60,34.40,37.49,1465310,36.00
2014/02/17,36.84,41.17,36.84,40.13,2752074,39.01
2014/02/18,40.90,40.90,38.57,38.60,1628026,39.73
2014/02/19,38.61,39.96,37.56,38.87,1496625,38.76
2014/02/20,38.33,38.57,36.81,37.03,1121924,37.69
2014/02/21,36.84,38.31,36.60,38.27,792237,37.46
2014/02/24,38.09,41.55,37.65,41.00,1678275,39.60
2014/02/25,41.10,42.85,38.14,38.69,2071614,40.50
2014/02/26,37.66,38.56,36.09,36.62,1342098,37.33
2014/02/27,36.65,37.91,35.34,35.51,818189,36.63
2014/02/28,35.51,35.58,33.78,35.17,787940,34.68
2014/03/03,34.67,36.73,34.67,36.40,533303,35.70
2014/03/04,36.49,36.64,35.45,35.84,395220,36.05
2014/03/05,35.93,36.39,35.74,35.75,231098,36.07
2014/03/06,36.21,37.74,36.21,37.39,937897,36.98
2014/03/07,37.82,37.86,36.10,36.94,363018,36.98
2014/03/10,36.69,36.69,34.47,34.60,362832,35.58
2014/03/11,34.76,34.88,33.28,33.85,258273,34.08
2014/03/12,33.56,35.02,33.56,34.09,433854,34.29
2014/03/13,34.08,35.18,34.08,35.13,220909,34.63
2014/03/14,34.50,35.60,34.50,35.35,316372,35.05
2014/03/17,35.67,38.11,35.67,37.96,687725,36.89
2014/03/18,37.96,38.30,37.65,38.18,495439,37.97
2014/03/19,37.83,39.83,37.83,38.48,748101,38.83
2014/03/20,38.50,39.02,36.74,36.74,340845,37.88
2014/03/21,36.79,36.79,34.15,35.80,932303,35.47
2014/03/24,35.18,35.64,34.21,34.41,491884,34.93
2014/03/25,34.41,35.96,34.39,34.66,431218,35.18
2014/03/26,34.92,35.82,34.62,35.64,383471,35.22
2014/03/27,35.82,35.82,34.92,34.97,255241,35.37
2014/03/28,34.50,34.86,31.80,31.89,826400,33.33
2014/03/31,31.93,33.07,31.89,32.50,400375,32.48
2014/04/01,32.88,34.37,32.48,34.04,364976,33.42
2014/04/02,34.39,34.63,32.31,32.58,534161,33.47
2014/04/03,32.58,33.11,32.57,33.05,171197,32.84
2014/04/04,33.49,34.47,32.29,34.27,519456,33.38
2014/04/08,34.04,34.45,33.83,34.26,150301,34.14
2014/04/09,34.65,34.92,34.14,34.62,176635,34.53
2014/04/10,34.96,34.96,33.96,34.56,328413,34.46
2014/04/11,36.32,36.32,34.78,35.57,1380321,35.55
2014/04/14,35.57,37.00,34.88,35.38,504804,35.94
2014/04/15,35.21,35.64,35.21,35.57,358701,35.43
2014/04/16,35.69,36.53,35.57,36.26,722906,36.05
2014/04/17,36.25,36.62,36.05,36.27,263838,36.33
2014/04/18,36.13,36.45,35.93,36.12,163568,36.19
2014/04/21,35.71,35.71,35.18,35.26,164615,35.45
2014/04/22,35.08,36.22,32.58,33.48,853072,34.40
2014/04/23,33.56,34.27,33.10,33.65,394651,33.69
2014/04/24,33.69,34.01,33.10,33.48,321392,33.55
2014/04/25,33.14,33.75,32.81,33.71,487472,33.28
2014/04/28,33.30,34.21,32.97,34.21,394323,33.59
2014/04/29,34.23,34.65,33.24,34.39,401221,33.95
2014/04/30,34.28,34.71,33.76,34.60,342993,34.23
2014/05/05,34.73,34.75,33.91,34.14,648922,34.33
2014/05/06,34.21,35.96,33.88,35.87,801504,34.92
2014/05/07,35.87,36.35,35.26,35.41,492559,35.80
2014/05/08,35.19,35.56,35.05,35.18,232696,35.30
2014/05/09,34.73,35.05,34.52,34.89,231845,34.79
2014/05/12,35.23,35.23,34.14,34.80,391964,34.68
2014/05/13,34.81,35.28,34.60,34.79,145695,34.94
2014/05/14,34.60,34.79,33.89,34.30,265802,34.34
2014/05/15,34.30,34.52,34.03,34.09,158706,34.28
2014/05/16,34.01,34.32,33.60,33.91,249072,33.96
2014/05/19,33.91,34.21,33.33,33.82,131065,33.77
2014/05/20,34.24,34.26,33.43,33.82,557859,33.84
2014/05/21,33.43,33.91,33.39,33.82,365717,33.65
2014/05/22,33.91,34.30,33.66,33.82,550402,33.98
2014/05/23,34.01,34.13,33.52,34.09,588956,33.83
2014/05/26,34.15,35.18,33.68,34.56,1199028,34.43
2014/05/27,34.60,35.12,34.07,34.58,401924,34.59
2014/05/28,34.89,34.99,34.17,34.44,535029,34.58
2014/05/29,34.46,34.97,34.21,34.97,639350,34.59
2014/05/30,34.65,35.24,34.54,34.77,338109,34.89
2014/06/03,34.48,35.02,34.01,34.79,859465,34.52
2014/06/04,34.36,35.16,34.36,35.16,423732,34.76
2014/06/05,35.16,36.53,34.89,36.27,993092,35.71
2014/06/06,36.64,36.64,35.57,36.19,593623,36.11
2014/06/09,36.25,38.09,35.61,36.95,1113519,36.85
2014/06/10,36.74,37.50,36.74,37.33,536062,37.12
2014/06/11,37.33,37.34,36.99,37.21,392524,37.17
2014/06/12,37.33,37.48,36.99,37.34,482376,37.23
2014/06/13,37.89,39.65,37.89,39.16,1685927,38.77
2014/06/16,39.47,39.57,37.91,38.67,1171847,38.74
2014/06/17,38.61,38.61,37.15,37.36,1054955,37.88
2014/06/18,37.23,37.66,36.94,37.25,431822,37.30
2014/06/19,37.31,38.12,36.37,36.86,660019,37.24
2014/06/20,36.64,37.52,36.64,37.46,394638,37.08
2014/06/23,37.42,38.65,37.36,38.07,522027,38.00
2014/06/24,37.91,38.46,37.68,38.34,314672,38.07
2014/06/25,38.11,38.40,37.25,37.83,272595,37.82
2014/06/26,37.83,38.48,37.54,37.93,330843,38.01
2014/06/27,38.01,38.67,37.52,38.57,631357,38.10
2014/06/30,38.61,41.03,38.61,40.33,1331039,39.82
2014/07/01,40.45,42.14,40.06,41.60,2374519,41.10
2014/07/02,41.46,42.01,41.03,41.58,814898,41.52
2014/07/03,41.15,41.81,40.74,41.38,593405,41.28
2014/07/04,41.40,41.42,40.31,40.99,663390,40.87
2014/07/07,41.03,41.97,40.29,40.58,558015,41.13
2014/07/08,40.27,40.64,39.14,39.86,976910,39.89
2014/07/09,39.86,40.52,39.51,40.41,533026,40.02
2014/07/10,40.41,40.64,40.06,40.29,517287,40.35
2014/07/11,40.46,40.60,39.86,40.43,518904,40.23
2014/07/14,40.68,41.56,40.02,41.36,372948,40.79
2014/07/15,41.50,41.75,40.84,41.23,319160,41.30
2014/07/16,40.91,41.24,40.80,40.91,360331,41.02
2014/07/17,40.91,41.21,39.49,39.84,565754,40.35
2014/07/18,39.65,40.82,38.59,40.76,1414263,39.71
2014/07/21,40.07,40.64,39.76,40.25,353280,40.20
2014/07/22,40.33,40.93,39.86,40.78,320138,40.39
2014/07/23,40.64,40.84,39.78,39.90,251441,40.31
2014/07/24,39.49,40.23,37.87,38.11,618890,39.05
2014/07/25,38.11,39.22,38.11,38.89,299182,38.66
2014/07/28,38.69,40.15,38.51,39.98,556961,39.33
2014/07/29,40.06,40.50,38.89,40.21,398490,39.70
2014/07/30,39.86,40.19,38.92,39.80,330316,39.55
2014/07/31,40.33,41.01,39.33,40.31,389846,40.17
2014/08/01,40.21,43.02,39.63,42.94,4060070,41.33
2014/08/04,40.21,43.02,39.63,42.94,0,41.33
2014/08/05,40.21,43.02,39.63,42.94,0,41.33
2014/08/06,40.21,43.02,39.63,42.94,0,41.33
2014/08/07,40.21,43.02,39.63,42.94,0,41.33
2014/08/08,40.21,43.02,39.63,42.94,0,41.33
2014/08/11,40.21,43.02,39.63,42.94,0,41.33
2014/08/12,40.21,43.02,39.63,42.94,0,41.33
2014/08/13,40.21,43.02,39.63,42.94,0,41.33
2014/08/14,40.21,43.02,39.63,42.94,0,41.33
2014/08/15,40.21,43.02,39.63,42.94,0,41.33
2014/08/18,40.21,43.02,39.63,42.94,0,41.33
2014/08/19,40.21,43.02,39.63,42.94,0,41.33
2014/08/20,40.21,43.02,39.63,42.94,0,41.33
2014/08/21,40.21,43.02,39.63,42.94,0,41.33
2014/08/22,40.21,43.02,39.63,42.94,0,41.33
2014/08/25,40.21,43.02,39.63,42.94,0,41.33
2014/08/26,40.21,43.02,39.63,42.94,0,41.33
2014/08/27,40.21,43.02,39.63,42.94,0,41.33
2014/08/28,40.21,43.02,39.63,42.94,0,41.33
2014/08/29,40.21,43.02,39.63,42.94,0,41.33
2014/09/01,40.21,43.02,39.63,42.94,0,41.33
2014/09/02,40.21,43.02,39.63,42.94,0,41.33
2014/09/03,40.21,43.02,39.63,42.94,0,41.33
2014/09/04,40.21,43.02,39.63,42.94,0,41.33
2014/09/05,40.21,43.02,39.63,42.94,0,41.33
2014/09/09,40.21,43.02,39.63,42.94,0,41.33
2014/09/10,40.21,43.02,39.63,42.94,0,41.33
2014/09/11,40.21,43.02,39.63,42.94,0,41.33
2014/09/12,40.21,43.02,39.63,42.94,0,41.33
2014/09/15,40.21,43.02,39.63,42.94,0,41.33
2014/09/16,40.21,43.02,39.63,42.94,0,41.33
2014/09/17,40.21,43.02,39.63,42.94,0,41.33
2014/09/18,40.21,43.02,39.63,42.94,0,41.33
2014/09/19,40.21,43.02,39.63,42.94,0,41.33
2014/09/22,40.21,43.02,39.63,42.94,0,41.33
2014/09/23,40.21,43.02,39.63,42.94,0,41.33
2014/09/24,40.21,43.02,39.63,42.94,0,41.33
2014/09/25,40.21,43.02,39.63,42.94,0,41.33
2014/09/26,40.21,43.02,39.63,42.94,0,41.33
2014/09/29,40.21,43.02,39.63,42.94,0,41.33
2014/09/30,40.21,43.02,39.63,42.94,0,41.33
2014/10/08,40.21,43.02,39.63,42.94,0,41.33
2014/10/09,40.21,43.02,39.63,42.94,0,41.33
2014/10/10,40.21,43.02,39.63,42.94,0,41.33
2014/10/13,40.21,43.02,39.63,42.94,0,41.33
2014/10/14,40.21,43.02,39.63,42.94,0,41.33
2014/10/15,40.21,43.02,39.63,42.94,0,41.33
2014/10/16,40.21,43.02,39.63,42.94,0,41.33
2014/10/17,40.21,43.02,39.63,42.94,0,41.33
2014/10/20,40.21,43.02,39.63,42.94,0,41.33
2014/10/21,40.21,43.02,39.63,42.94,0,41.33
2014/10/22,40.21,43.02,39.63,42.94,0,41.33
2014/10/23,40.21,43.02,39.63,42.94,0,41.33
2014/10/24,40.21,43.02,39.63,42.94,0,41.33
2014/10/27,40.21,43.02,39.63,42.94,0,41.33
2014/10/28,40.21,43.02,39.63,42.94,0,41.33
2014/10/29,40.21,43.02,39.63,42.94,0,41.33
2014/10/30,40.21,43.02,39.63,42.94,0,41.33
2014/10/31,40.21,43.02,39.63,42.94,0,41.33
2014/11/03,40.21,43.02,39.63,42.94,0,41.33
2014/11/04,40.21,43.02,39.63,42.94,0,41.33
2014/11/05,47.15,47.15,47.15,47.15,178855,47.15
2014/11/06,51.37,51.37,47.27,49.92,9736708,49.32
2014/11/07,47.86,50.86,47.74,48.79,4927290,49.30
2014/11/10,49.22,49.59,45.71,47.37,3903468,47.65
2014/11/11,46.84,47.25,44.85,45.59,3267979,46.05
2014/11/12,45.09,46.45,44.97,45.50,1490668,45.71
2014/11/13,45.71,45.71,43.57,44.79,2131833,44.64
2014/11/14,44.74,46.06,43.76,45.40,1246905,44.91
2014/11/17,45.52,46.96,44.60,46.16,2264333,45.78
2014/11/18,45.71,46.47,45.13,45.36,1753118,45.80
2014/11/19,45.44,46.41,44.91,45.61,1043062,45.66
2014/11/20,45.79,45.96,45.32,45.91,1232435,45.64
2014/11/21,45.91,46.30,44.77,45.42,1355211,45.54
2014/11/24,45.98,45.98,45.24,45.52,1472303,45.61
2014/11/25,45.67,45.85,44.99,45.81,2015302,45.42
2014/11/26,45.83,48.52,45.50,48.30,3254188,47.01
2014/11/27,48.26,48.26,46.82,47.62,2527052,47.54
2014/11/28,47.58,47.58,46.22,46.78,1774433,46.90
2014/12/01,46.78,46.88,45.05,45.67,1912170,45.96
2014/12/02,45.44,47.37,45.44,46.08,1233786,46.40
2014/12/03,45.92,47.60,45.32,47.31,2518597,46.46
2014/12/04,47.04,48.26,46.90,47.95,2002514,47.58
2014/12/05,47.95,47.95,45.75,47.29,2223345,46.85
2014/12/08,47.21,47.21,44.93,46.00,2492214,46.07
2014/12/09,45.48,45.52,43.08,44.15,2320386,44.30
2014/12/10,43.78,44.93,43.18,44.52,1199284,44.05
2014/12/11,44.35,45.03,43.78,44.50,1236150,44.41
2014/12/12,44.50,47.82,44.09,47.62,1661081,45.96
2014/12/15,49.67,49.96,46.82,48.26,2550642,48.39
2014/12/16,46.69,48.85,46.69,48.19,3252620,47.77
2014/12/17,48.19,52.93,47.19,52.93,4950101,50.06
2014/12/18,52.93,53.45,50.37,51.35,2897281,51.91
2014/12/19,50.94,51.35,47.08,48.60,3271576,49.21
2014/12/22,48.34,48.40,44.35,46.61,2543474,46.38
2014/12/23,45.75,47.27,43.53,43.76,1839354,45.40
2014/12/24,43.86,45.26,43.86,45.09,1011909,44.56
2014/12/25,45.67,46.53,44.46,44.83,1089378,45.50
2014/12/26,44.83,45.91,44.79,45.05,927961,45.35
2014/12/29,45.05,45.26,43.78,44.25,831338,44.52
2014/12/30,44.25,44.25,40.25,40.87,1836570,42.25
2014/12/31,40.25,41.03,39.18,40.48,2216599,40.11
2015/01/05,40.21,40.21,37.33,38.51,2117129,38.77
2015/01/06,38.59,40.78,38.11,40.66,1809810,39.45
2015/01/07,40.74,40.76,39.47,39.96,706253,40.11
2015/01/08,40.06,40.66,39.92,39.96,907417,40.29
2015/01/09,40.06,42.16,40.00,40.54,1426207,41.08
2015/01/12,40.46,42.79,40.46,41.52,1007353,41.63
2015/01/13,41.79,42.77,41.56,41.83,869570,42.17
2015/01/14,41.81,41.89,39.86,41.42,1106019,40.88
2015/01/15,40.93,41.67,40.54,40.70,559702,41.11
2015/01/16,41.24,41.62,40.50,40.72,739826,41.06
2015/01/19,40.64,41.42,38.50,40.19,1034315,39.96
2015/01/20,40.25,41.32,39.88,41.15,1331708,40.60
2015/01/21,41.62,44.15,41.42,43.27,2170748,42.79
2015/01/22,43.37,44.50,43.37,44.35,1189536,43.93
2015/01/23,44.74,44.74,42.59,42.80,1179439,43.67
2015/01/26,42.86,44.35,42.86,43.96,919139,43.61
2015/01/27,43.57,44.13,42.79,43.72,1070830,43.46
2015/01/28,43.76,44.74,43.31,44.74,1132281,44.03
2015/01/29,44.97,46.59,44.09,45.38,1844376,45.34
2015/01/30,45.77,46.33,42.90,43.47,1526424,44.61
2015/02/02,42.79,44.44,42.75,44.19,741970,43.59
2015/02/03,44.19,44.62,43.88,44.27,561696,44.25
2015/02/04,44.64,44.64,42.98,43.43,779230,43.81
2015/02/05,43.60,43.68,42.84,43.37,660013,43.26
2015/02/06,43.18,43.55,41.58,41.62,917028,42.56
2015/02/09,41.58,43.76,40.35,42.79,1163430,42.05
2015/02/10,42.20,42.59,41.44,41.81,794485,42.02
2015/02/11,42.51,42.71,41.63,41.93,766321,42.17
2015/02/12,41.87,42.96,41.81,41.93,853406,42.39
2015/02/13,41.83,43.57,37.83,43.18,1381122,40.70
2015/02/16,43.35,43.96,42.88,43.41,1736233,43.42
2015/02/17,43.43,43.96,42.69,43.08,1543221,43.32
2015/02/25,43.37,43.37,42.16,42.26,1164192,42.76
2015/02/26,42.18,42.77,41.71,41.79,1848495,42.24
2015/02/27,41.97,42.16,41.65,41.87,2029638,41.90
2015/03/02,42.04,43.12,41.77,43.12,3201043,42.45
2015/03/03,43.14,43.70,42.73,43.58,4542209,43.21
2015/03/04,43.76,44.93,43.57,44.79,4173217,44.25
2015/03/05,45.50,45.79,43.72,43.94,3886165,44.75
2015/03/06,43.96,44.74,43.37,43.88,2311613,44.05
2015/03/09,44.03,44.05,43.10,43.74,1923209,43.57
2015/03/10,43.76,44.72,43.33,44.23,2177771,44.02
2015/03/11,44.21,44.35,43.14,43.76,3010810,43.75
2015/03/12,43.96,44.07,42.40,42.43,2033760,43.23
2015/03/13,43.96,44.07,42.40,42.43,0,43.23
2015/03/16,43.96,44.07,42.40,42.43,0,43.23
2015/03/17,43.96,44.07,42.40,42.43,0,43.23
2015/03/18,43.96,44.07,42.40,42.43,0,43.23
2015/03/19,43.96,44.07,42.40,42.43,0,43.23
2015/03/20,43.96,44.07,42.40,42.43,0,43.23
2015/03/23,46.59,46.59,44.31,45.79,9678284,45.45
2015/03/24,45.83,50.27,45.81,50.27,11559983,48.04
2015/03/25,51.05,52.69,49.34,50.16,9508021,51.02
2015/03/26,50.10,50.10,47.47,47.78,5600454,48.79
2015/03/27,47.27,48.73,47.27,48.50,3012788,48.00
2015/03/30,47.48,47.56,46.37,46.86,5224876,46.96
2015/03/31,46.84,47.66,46.30,47.09,5514321,46.98
2015/04/01,47.37,48.03,46.90,47.91,5851732,47.46
2015/04/02,48.05,48.77,47.37,48.21,6962029,48.07
2015/04/03,48.01,48.77,47.66,48.77,6264539,48.21
2015/04/07,49.03,50.00,48.97,49.59,6410941,49.48
2015/04/08,49.63,50.10,46.90,47.72,5291977,48.50
2015/04/09,47.70,48.64,45.69,48.50,5372343,47.16
2015/04/10,47.99,50.12,47.95,50.10,6876360,49.04
2015/04/13,50.10,52.34,49.51,51.64,7570464,50.93
2015/04/14,51.54,54.04,50.74,51.91,6849990,52.39
2015/04/15,51.56,52.13,47.86,48.17,5016667,50.00
2015/04/16,47.06,49.79,45.77,48.09,3379178,47.78
2015/04/17,48.25,49.12,47.27,47.66,4542146,48.20
2015/04/20,48.07,49.18,47.68,48.25,4183490,48.43
2015/04/21,48.56,51.15,47.95,50.98,4651762,49.55
2015/04/22,51.21,52.54,50.82,51.33,5512804,51.68
2015/04/23,52.24,52.85,51.37,51.81,5631595,52.11
2015/04/24,51.17,51.77,49.22,49.77,5567067,50.50
2015/04/27,49.81,51.27,49.26,50.35,4894183,50.27
2015/04/28,50.23,50.59,47.50,47.66,4215405,49.05
2015/04/29,47.52,49.01,47.52,48.67,2972487,48.27
2015/04/30,48.81,49.67,47.66,47.66,4429646,48.66
2015/05/04,47.97,48.44,47.43,47.82,3700931,47.93
2015/05/05,47.82,49.51,47.58,48.87,5143902,48.54
2015/05/06,49.03,50.35,48.42,49.12,5038468,49.39
2015/05/07,48.81,49.42,46.53,46.69,3639123,47.98
2015/05/08,47.47,48.13,46.72,48.11,3889898,47.43
2015/05/11,48.25,51.48,48.25,50.88,6618730,49.86
2015/05/12,50.92,51.05,49.47,50.20,8827399,50.26
2015/05/13,49.45,55.11,49.04,55.11,8370655,52.07
2015/05/14,59.17,59.17,53.80,55.03,18513488,56.48
2015/05/15,54.78,56.28,53.22,54.91,9366956,54.75
2015/05/18,57.06,60.30,55.07,60.04,11606553,57.68
2015/05/19,58.97,60.30,57.41,59.75,7596270,58.85
2015/05/20,60.24,65.62,58.54,62.48,8078123,62.08
2015/05/21,62.48,68.62,62.01,68.02,8901446,65.32
2015/05/22,68.72,68.92,64.43,65.42,7582857,66.68
2015/05/25,64.43,67.32,62.15,66.73,6809415,64.73
2015/05/26,66.75,70.09,65.52,69.50,5855026,67.80
2015/05/27,69.50,72.97,66.54,68.74,6035811,69.76
2015/05/28,67.36,68.72,61.97,61.97,8143152,65.34
2015/05/29,59.75,62.48,55.91,59.56,9420359,59.19
2015/06/01,60.82,64.43,59.56,63.85,6971321,62.00
2015/06/02,64.04,66.38,62.48,65.29,5898361,64.43
2015/06/03,65.00,66.58,63.03,63.42,7452860,64.80
2015/06/04,63.46,63.90,57.22,59.75,8190411,60.56
2015/06/05,61.51,65.27,61.51,64.70,8518594,63.39
2015/06/08,64.49,69.29,63.51,66.87,8018262,66.40
2015/06/09,66.28,69.52,65.83,68.39,9777114,67.67
2015/06/10,68.33,71.26,66.77,69.66,6842311,69.02
2015/06/11,69.50,76.52,68.72,76.52,11430809,72.62
2015/06/12,77.22,79.06,73.24,73.99,11330553,76.15
2015/06/15,74.38,80.95,73.34,74.75,9967240,77.15
2015/06/16,72.44,73.60,67.61,70.30,5701366,70.60
2015/06/17,70.30,75.14,69.46,75.14,7550951,72.30
2015/06/18,76.91,77.83,71.20,71.24,5797987,74.52
2015/06/19,68.37,76.62,67.75,75.55,9188575,72.19
2015/06/23,74.28,75.16,68.10,71.94,6355652,71.63
2015/06/24,70.32,72.04,66.15,69.23,7392013,69.10
2015/06/25,69.23,70.38,63.16,63.18,5145365,66.77
2015/06/26,60.57,61.10,56.96,56.96,6334500,59.03
2015/06/29,58.00,58.00,51.37,51.37,6404802,54.68
2015/06/30,47.60,54.29,46.33,52.63,12189872,50.31
2015/07/01,49.81,55.07,47.48,47.48,8132253,51.27
2015/07/02,44.50,46.45,42.84,42.84,8319995,44.65
2015/07/03,38.67,41.75,38.67,38.67,10618800,40.21
2015/07/06,41.77,41.77,34.91,34.91,10529593,38.34
2015/07/07,31.51,31.51,31.51,31.51,1525300,31.51
2015/07/08,28.47,30.91,28.47,29.54,24673144,29.69
2015/07/09,29.33,32.39,28.55,32.39,6275721,30.47
2015/07/10,34.19,35.53,33.23,35.53,2827183,34.38
2015/07/13,38.98,38.98,37.01,38.98,8392259,37.99
2015/07/14,40.85,42.69,39.18,41.23,16000085,40.93
2015/07/15,39.08,40.06,37.21,37.21,8253948,38.64
2015/07/16,33.64,39.00,33.60,36.16,9919935,36.30
2015/07/17,36.16,39.67,35.49,39.00,10558833,37.58
2015/07/20,39.28,40.97,38.50,40.25,10525510,39.73
2015/07/21,39.82,41.15,38.73,40.87,7605146,39.94
2015/07/22,40.41,41.79,39.28,40.54,6942146,40.54
2015/07/23,41.01,44.50,40.82,44.50,9299893,42.66
2015/07/24,45.22,47.06,42.01,43.33,11698988,44.54
2015/07/27,41.81,44.72,39.10,39.10,11153311,41.91
2015/07/28,35.30,38.69,35.30,35.49,9978815,36.99
2015/07/29,36.37,38.18,34.21,38.11,6007711,36.20
2015/07/30,37.72,39.84,36.16,37.15,5575940,38.00
2015/07/31,36.74,40.64,36.16,38.65,6587126,38.40
2015/08/03,37.91,37.95,35.32,35.96,4235030,36.64
2015/08/04,36.31,38.83,35.75,38.65,5989557,37.29
2015/08/05,38.14,39.78,37.64,38.34,5354372,38.71
2015/08/06,37.52,38.69,36.25,37.60,3976194,37.47
2015/08/07,37.91,39.37,37.89,39.22,5030571,38.63
2015/08/10,39.61,41.95,39.28,41.58,5638006,40.62
2015/08/11,41.23,41.97,40.56,41.23,5899154,41.27
2015/08/12,40.64,42.43,40.48,41.62,5732825,41.45
2015/08/13,41.79,42.77,41.03,42.49,5362599,41.90
2015/08/14,43.02,43.82,42.36,43.04,5714907,43.09
2015/08/17,43.10,47.11,42.90,45.89,7188055,45.00
2015/08/18,45.53,47.04,41.40,41.40,6857788,44.22
2015/08/19,40.02,43.41,37.54,42.10,5558325,40.47
2015/08/20,41.03,42.10,39.04,39.47,5255337,40.57
2015/08/21,38.89,40.06,36.14,36.14,6138601,38.10
2015/08/24,33.09,34.13,32.63,32.63,4408400,33.38
2015/08/25,29.47,31.24,29.47,29.47,7043774,30.35
2015/08/26,29.92,31.67,28.36,29.53,8655071,30.02
2015/08/27,30.79,31.12,29.62,31.12,4183208,30.37
2015/08/28,32.26,34.01,31.71,33.99,4118148,32.86
2015/08/31,33.99,34.93,32.84,33.54,5825069,33.89
2015/09/01,33.97,33.97,30.29,30.29,4380260,32.13
2015/09/02,29.33,32.39,28.51,30.70,4042150,30.45
2015/09/07,31.28,33.66,29.29,30.23,12457355,31.47
2015/09/08,29.23,32.72,29.14,32.26,8374706,30.93
2015/09/09,32.26,33.82,32.02,33.66,12245225,32.92
2015/09/10,32.68,33.54,32.26,32.65,6038998,32.90
2015/09/11,32.65,33.04,32.26,32.74,4688717,32.65
2015/09/14,33.00,33.39,29.74,30.11,6020875,31.56
2015/09/15,29.06,30.58,28.67,29.10,5461723,29.63
2015/09/16,29.64,31.90,29.14,31.59,4312030,30.52
2015/09/17,31.63,32.80,31.03,31.28,5751528,31.91
2015/09/18,31.77,32.57,31.30,32.22,3776347,31.94
2015/09/21,31.96,33.93,31.67,33.83,5169688,32.80
2015/09/22,34.17,34.95,33.54,34.21,5845328,34.25
2015/09/23,33.93,34.50,33.25,33.89,4035741,33.88
2015/09/24,34.21,35.38,34.21,35.04,4472557,34.80
2015/09/25,35.14,35.53,33.43,34.17,4154312,34.48
2015/09/28,34.28,35.67,33.23,35.61,3900780,34.45
2015/09/29,34.99,35.77,34.56,35.57,3756904,35.17
2015/09/30,35.90,39.02,35.77,38.01,9419480,37.40
2015/10/08,35.90,39.02,35.77,38.01,0,37.40
2015/10/09,35.90,39.02,35.77,38.01,0,37.40
2015/10/12,35.90,39.02,35.77,38.01,0,37.40
2015/10/13,35.90,39.02,35.77,38.01,0,37.40
2015/10/14,35.90,39.02,35.77,38.01,0,37.40
2015/10/15,35.90,39.02,35.77,38.01,0,37.40
2015/10/16,35.90,39.02,35.77,38.01,0,37.40
2015/10/19,35.90,39.02,35.77,38.01,0,37.40
2015/10/20,35.90,39.02,35.77,38.01,0,37.40
2015/10/21,35.90,39.02,35.77,38.01,0,37.40
2015/10/22,35.90,39.02,35.77,38.01,0,37.40
2015/10/23,35.90,39.02,35.77,38.01,0,37.40
2015/10/26,35.90,39.02,35.77,38.01,0,37.40
2015/10/27,35.90,39.02,35.77,38.01,0,37.40
2015/10/28,35.90,39.02,35.77,38.01,0,37.40
2015/10/29,35.90,39.02,35.77,38.01,0,37.40
2015/10/30,35.90,39.02,35.77,38.01,0,37.40
2015/11/02,35.90,39.02,35.77,38.01,0,37.40
2015/11/03,35.90,39.02,35.77,38.01,0,37.40
2015/11/04,35.90,39.02,35.77,38.01,0,37.40
2015/11/05,35.90,39.02,35.77,38.01,0,37.40
2015/11/06,35.90,39.02,35.77,38.01,0,37.40
2015/11/09,35.90,39.02,35.77,38.01,0,37.40
2015/11/10,35.90,39.02,35.77,38.01,0,37.40
2015/11/11,35.90,39.02,35.77,38.01,0,37.40
2015/11/12,35.90,39.02,35.77,38.01,0,37.40
2015/11/13,35.90,39.02,35.77,38.01,0,37.40
2015/11/16,35.90,39.02,35.77,38.01,0,37.40
2015/11/17,35.90,39.02,35.77,38.01,0,37.40
2015/11/18,35.90,39.02,35.77,38.01,0,37.40
2015/11/19,35.90,39.02,35.77,38.01,0,37.40
2015/11/20,35.90,39.02,35.77,38.01,0,37.40
2015/11/23,35.90,39.02,35.77,38.01,0,37.40
2015/11/24,35.90,39.02,35.77,38.01,0,37.40
2015/11/25,35.90,39.02,35.77,38.01,0,37.40
2015/11/26,35.90,39.02,35.77,38.01,0,37.40
2015/11/27,35.90,39.02,35.77,38.01,0,37.40
2015/11/30,35.90,39.02,35.77,38.01,0,37.40
2015/12/01,35.90,39.02,35.77,38.01,0,37.40
2015/12/02,35.90,39.02,35.77,38.01,0,37.40
2015/12/03,35.90,39.02,35.77,38.01,0,37.40
2015/12/04,35.90,39.02,35.77,38.01,0,37.40
2015/12/07,35.90,39.02,35.77,38.01,0,37.40
2015/12/08,35.90,39.02,35.77,38.01,0,37.40
2015/12/09,35.90,39.02,35.77,38.01,0,37.40
2015/12/10,35.90,39.02,35.77,38.01,0,37.40
2015/12/11,35.90,39.02,35.77,38.01,0,37.40
2015/12/14,35.90,39.02,35.77,38.01,0,37.40
2015/12/15,35.90,39.02,35.77,38.01,0,37.40
2015/12/16,35.90,39.02,35.77,38.01,0,37.40
2015/12/17,35.90,39.02,35.77,38.01,0,37.40
2015/12/18,35.90,39.02,35.77,38.01,0,37.40
2015/12/21,35.90,39.02,35.77,38.01,0,37.40
2015/12/22,35.90,39.02,35.77,38.01,0,37.40
2015/12/23,35.90,39.02,35.77,38.01,0,37.40
2015/12/24,35.90,39.02,35.77,38.01,0,37.40
2015/12/25,35.90,39.02,35.77,38.01,0,37.40
2015/12/28,35.90,39.02,35.77,38.01,0,37.40
2015/12/29,35.90,39.02,35.77,38.01,0,37.40
2015/12/30,35.90,39.02,35.77,38.01,0,37.40
2015/12/31,35.90,39.02,35.77,38.01,0,37.40
2016/01/04,41.71,41.71,41.71,41.71,78240,41.71
2016/01/05,45.79,45.79,43.21,45.79,16528393,44.50
2016/01/06,45.03,49.69,42.59,46.45,20982475,46.14
2016/01/07,44.93,44.93,41.91,41.91,2973094,43.42
2016/01/08,42.02,42.98,37.83,39.67,14071720,40.40
2016/01/11,38.11,38.87,35.80,35.80,8021720,37.33
2016/01/12,34.79,38.30,34.67,37.31,7331171,36.48
2016/01/13,37.91,37.97,34.56,34.56,5126874,36.27
2016/01/14,33.23,36.45,32.02,35.90,5017257,34.24
2016/01/15,35.73,37.01,33.78,34.97,5832701,35.39
2016/01/18,33.64,36.60,33.64,36.27,4775736,35.12
2016/01/19,36.06,37.66,35.28,37.44,5759480,36.47
2016/01/20,37.25,38.81,36.70,37.81,6124728,37.76
2016/01/21,36.84,39.96,36.55,37.89,8125414,38.25
2016/01/22,38.11,38.79,35.61,37.91,5825198,37.20
2016/01/25,38.34,38.42,37.09,37.64,4370890,37.76
2016/01/26,36.64,37.03,33.97,33.97,5666068,35.50
2016/01/27,33.09,33.72,30.68,32.61,5692938,32.20
2016/01/28,32.14,32.43,30.89,31.16,3845036,31.66
2016/01/29,30.93,33.74,30.38,32.90,3016066,32.06
2016/02/01,32.80,32.96,31.83,32.18,2447390,32.39
2016/02/02,31.69,34.21,31.67,33.99,3213167,32.94
2016/02/03,33.23,33.91,32.80,33.64,2398258,33.35
2016/02/04,33.62,34.71,33.62,34.60,2803583,34.16
2016/02/05,34.42,34.69,33.66,34.01,1849752,34.17
2016/02/15,32.76,34.05,32.27,33.83,1588300,33.16
2016/02/16,33.91,35.77,33.91,35.67,2663792,34.84
2016/02/17,35.57,36.55,34.61,36.12,2619756,35.58
2016/02/18,36.08,37.66,35.96,35.96,3320876,36.81
2016/02/19,35.96,36.99,35.77,36.56,2556480,36.38
2016/02/22,37.13,38.11,36.53,36.99,2789034,37.32
2016/02/23,37.29,37.31,35.90,36.51,2647794,36.61
2016/02/24,37.11,37.11,35.77,37.01,2754356,36.44
2016/02/25,36.55,37.01,33.43,33.43,3353460,35.22
2016/02/26,33.15,34.24,32.26,33.27,2037804,33.25
2016/02/29,33.02,33.23,30.15,30.44,2319782,31.69
2016/03/01,31.24,31.65,30.36,30.40,2566633,31.00
2016/03/02,30.75,33.23,30.75,32.88,3596902,31.99
2016/03/03,32.66,33.39,32.49,32.74,2384470,32.94
2016/03/04,32.84,32.94,30.93,31.36,1867783,31.93
2016/03/07,31.85,34.17,31.85,33.82,3651472,33.01
2016/03/08,33.76,34.42,32.29,34.36,3104297,33.36
2016/03/09,33.43,34.03,32.84,33.23,1856649,33.44
2016/03/10,32.98,33.74,32.61,32.80,1274735,33.18
2016/03/11,32.43,33.29,32.41,33.04,1233368,32.85
2016/03/14,33.27,34.69,33.11,34.03,2486316,33.90
2016/03/15,34.03,34.77,33.82,34.13,1694786,34.30
2016/03/16,35.14,35.47,32.84,33.48,2028108,34.16
2016/03/17,33.62,34.83,33.56,34.69,2771294,34.20
2016/03/18,34.69,36.16,34.63,36.06,3694425,35.39
2016/03/21,36.53,36.68,35.98,36.64,4182590,36.33
2016/03/22,36.53,36.53,35.96,36.19,3234380,36.25
2016/03/23,36.12,36.37,35.71,36.27,2544355,36.04
2016/03/24,36.19,36.49,35.71,35.78,2973721,36.10
2016/03/25,35.47,36.06,35.28,35.78,1723905,35.67
2016/03/28,35.86,36.45,35.49,35.69,2268471,35.97
2016/03/29,35.71,36.00,34.81,35.06,1534217,35.41
2016/03/30,35.28,37.17,35.28,37.07,3873663,36.23
2016/03/31,38.09,38.50,37.33,37.46,4306746,37.91
2016/04/01,38.09,38.50,37.33,37.46,0,37.91
2016/04/05,38.09,38.50,37.33,37.46,0,37.91
2016/04/06,38.09,38.50,37.33,37.46,0,37.91
2016/04/07,38.09,38.50,37.33,37.46,0,37.91
2016/04/08,38.09,38.50,37.33,37.46,0,37.91
2016/04/11,38.09,38.50,37.33,37.46,0,37.91
2016/04/12,38.09,38.50,37.33,37.46,0,37.91
2016/04/13,39.08,39.35,37.75,37.91,5122229,38.55
2016/04/14,38.11,38.77,37.85,38.59,2791396,38.31
2016/04/15,38.69,40.25,37.72,40.19,5969320,38.98
2016/04/18,40.19,40.72,39.10,40.00,4984696,39.91
2016/04/19,40.09,40.37,39.33,39.98,2353339,39.85
2016/04/20,39.88,40.15,37.07,39.55,3485991,38.61
2016/04/21,39.08,39.08,37.13,38.28,3701072,38.11
2016/04/22,37.66,39.08,37.17,38.16,2334622,38.13
2016/04/25,38.30,38.48,37.52,38.32,2305561,38.00
2016/04/26,37.93,38.11,36.64,37.34,3653382,37.38
2016/04/27,37.46,37.97,37.03,37.68,2917788,37.50
2016/04/28,37.72,37.72,36.35,37.23,2368978,37.04
2016/04/29,37.13,37.66,36.74,36.90,1596979,37.20
2016/05/03,36.60,38.20,36.60,38.20,2780123,37.40
2016/05/04,38.30,38.87,37.81,38.11,3029086,38.34
2016/05/05,38.11,38.57,37.60,38.38,2459276,38.09
2016/05/06,38.57,38.57,36.23,36.47,3101072,37.40
2016/05/09,36.35,36.35,33.23,33.91,2644128,34.79
2016/05/10,34.19,34.19,33.35,33.70,2123516,33.77
2016/05/11,34.09,35.55,33.35,34.13,2653145,34.45
2016/05/12,33.91,34.09,32.51,34.01,1609792,33.30
2016/05/13,34.13,34.67,33.62,33.89,1208718,34.14
2016/05/16,33.62,35.26,33.62,35.22,2676800,34.44
2016/05/17,35.12,35.53,34.40,34.85,2027515,34.96
2016/05/18,34.71,34.71,33.02,33.62,2191975,33.87
2016/05/19,33.85,34.97,33.82,34.09,2114075,34.39
2016/05/20,33.54,35.14,33.54,34.91,1678349,34.34
2016/05/23,34.60,35.34,34.60,35.26,1743323,34.97
2016/05/24,35.08,35.30,34.52,35.10,1203346,34.91
2016/05/25,35.38,36.08,34.89,35.24,1540468,35.48
2016/05/26,34.89,35.63,34.40,35.47,1472476,35.02
2016/05/27,35.49,35.73,34.91,35.38,1228498,35.32
2016/05/30,35.34,35.88,34.60,35.34,1242844,35.24
2016/05/31,35.36,36.95,35.36,36.95,2628739,36.16
2016/06/01,37.05,37.48,36.64,36.76,2530956,37.06
2016/06/02,36.72,37.01,36.31,37.01,1980761,36.66
2016/06/03,37.03,38.01,36.68,37.62,3316118,37.34
2016/06/06,37.44,38.50,37.25,38.12,2888637,37.88
2016/06/07,38.30,38.30,37.52,37.79,1408693,37.91
2016/06/08,37.73,38.55,37.73,38.30,2222125,38.14
2016/06/13,37.58,37.83,35.73,35.77,2958743,36.78
2016/06/14,35.77,36.29,35.57,35.96,1892571,35.93
2016/06/15,35.77,37.52,35.45,37.07,2274700,36.49
2016/06/16,37.07,37.33,36.72,36.82,1963081,37.02
2016/06/17,36.92,38.01,36.84,37.15,1768537,37.43
2016/06/20,37.17,38.69,37.15,38.30,3854201,37.92
2016/06/21,38.59,38.69,37.42,37.81,3466958,38.05
2016/06/22,37.72,40.64,37.36,40.62,6164307,39.00
2016/06/23,40.93,41.46,40.02,41.24,5991218,40.74
2016/06/24,41.01,41.32,39.28,40.06,4499187,40.30
2016/06/27,40.29,41.71,40.29,40.99,4881945,41.00
2016/06/28,40.99,44.35,40.84,43.99,12326261,42.60
2016/06/29,44.93,44.93,42.04,43.06,6696602,43.48
2016/06/30,42.79,43.84,42.53,43.47,3432487,43.19
2016/07/01,43.49,44.01,42.49,42.65,3007009,43.25
2016/07/04,42.51,43.84,41.99,43.08,3666598,42.92
2016/07/05,45.13,47.27,43.99,44.83,19707349,45.63
2016/07/06,44.15,45.11,43.35,44.38,8381032,44.23
2016/07/07,43.76,44.74,43.08,44.29,6825616,43.91
2016/07/08,44.15,44.81,43.78,44.48,4295311,44.30
2016/07/11,44.54,46.24,44.52,46.00,8186305,45.38
2016/07/12,45.91,45.91,43.97,45.24,6161755,44.94
2016/07/13,45.75,46.98,45.71,46.39,6144032,46.34
2016/07/14,46.06,46.49,45.52,46.10,3360784,46.01
2016/07/15,46.12,46.53,45.13,45.61,2277118,45.83
2016/07/18,45.38,45.85,44.56,44.56,3226568,45.21
2016/07/19,44.33,44.72,43.39,44.62,3984105,44.05
2016/07/20,44.54,44.93,44.27,44.29,2075789,44.60
2016/07/21,44.35,46.41,44.35,45.79,5537643,45.38
2016/07/22,45.61,46.06,44.75,44.85,2975626,45.41
2016/07/25,44.60,45.03,44.35,44.54,1655053,44.69
2016/07/26,44.66,45.26,44.56,45.20,1926100,44.91
2016/07/27,45.26,45.40,42.79,43.43,3345400,44.09
2016/07/28,43.37,44.44,43.21,43.76,2099800,43.82
2016/07/29,43.76,44.13,42.80,43.00,1302210,43.46
2016/08/01,42.96,42.96,41.05,42.20,3337435,42.00
2016/08/02,42.75,42.88,41.23,42.24,3696242,42.05
2016/08/03,42.24,42.69,41.56,42.67,2122151,42.13
2016/08/04,42.32,42.90,42.22,42.59,1181176,42.56
2016/08/05,42.61,42.75,41.48,41.48,2551806,42.11
2016/08/08,41.42,42.47,41.26,42.43,1429097,41.86
