Date, SZ300163.Open, SZ300163.High, SZ300163.Low, SZ300163.Close, SZ300163.Volume, SZ300163.Adjusted
2011/01/13,35.90,36.80,28.70,28.70,10690631,31.48
2011/01/14,27.33,27.75,26.06,26.15,6099690,26.78
2011/01/17,25.60,25.60,24.69,24.90,3131872,25.12
2011/01/18,24.41,25.98,24.25,25.56,2881028,25.28
2011/01/19,25.45,25.95,25.13,25.89,1859725,25.52
2011/01/20,25.71,25.71,24.60,24.70,1642758,25.24
2011/01/21,24.47,25.18,24.38,24.75,848721,24.76
2011/01/24,24.80,25.10,24.00,24.00,963366,24.56
2011/01/25,23.61,24.08,23.30,24.00,922275,23.68
2011/01/26,23.91,25.00,23.91,24.70,963827,24.64
2011/01/27,24.55,24.99,24.13,24.89,890217,24.73
2011/01/28,24.92,25.47,24.65,25.19,924586,25.07
2011/01/31,25.10,25.45,24.80,25.24,944639,25.15
2011/02/01,25.46,25.46,24.82,25.10,619322,25.06
2011/02/09,24.88,25.30,24.69,24.98,621427,25.07
2011/02/10,25.00,26.58,24.80,26.45,2033850,26.15
2011/02/11,25.00,26.58,24.80,26.45,0,25.69
2011/02/14,26.60,26.90,26.05,26.82,1916895,26.55
2011/02/15,26.78,27.25,26.30,26.88,1628511,26.74
2011/02/16,26.75,27.34,26.51,27.11,1246431,27.03
2011/02/17,27.24,27.24,26.30,26.65,1228338,26.80
2011/02/18,26.26,28.50,26.26,28.30,3053825,27.68
2011/02/21,27.95,28.88,27.86,28.53,2292578,28.41
2011/02/22,28.17,28.30,26.90,26.90,1746996,27.59
2011/02/23,26.71,27.40,26.65,27.18,818579,27.03
2011/02/24,27.07,27.37,26.58,26.95,855010,26.88
2011/02/25,26.94,26.97,26.41,26.66,569086,26.61
2011/02/28,26.65,27.25,26.54,27.23,508343,26.97
2011/03/01,27.11,27.29,26.78,26.87,713064,26.98
2011/03/02,26.80,27.05,26.46,26.72,489497,26.69
2011/03/03,26.63,27.10,25.75,25.75,1023301,26.22
2011/03/04,25.96,26.15,25.55,26.03,543910,25.82
2011/03/07,26.11,26.39,26.04,26.25,728379,26.24
2011/03/08,26.20,26.90,26.13,26.81,744393,26.66
2011/03/09,26.51,26.83,26.30,26.75,634866,26.50
2011/03/10,26.17,26.68,26.17,26.65,947430,26.38
2011/03/11,26.38,27.54,26.37,27.13,1801992,27.17
2011/03/14,27.15,27.79,26.93,27.61,1186232,27.34
2011/03/15,27.53,27.54,26.30,27.12,1012740,26.90
2011/03/16,26.88,27.35,26.81,27.31,779708,27.08
2011/03/17,27.23,27.48,26.96,27.23,1115079,27.20
2011/03/18,27.26,27.58,26.88,27.20,663201,27.17
2011/03/21,27.18,27.19,26.60,26.61,566158,26.81
2011/03/22,26.61,27.30,26.38,26.89,712725,26.78
2011/03/23,26.80,27.18,26.80,27.04,550616,26.97
2011/03/24,27.16,27.16,26.75,26.86,550531,26.84
2011/03/25,26.80,26.93,26.52,26.64,439640,26.66
2011/03/28,26.45,26.80,26.12,26.46,691784,26.41
2011/03/29,26.57,26.57,25.37,25.42,815726,25.81
2011/03/30,25.49,25.60,24.60,24.61,511340,24.92
2011/03/31,24.60,24.96,24.55,24.68,312702,24.72
2011/04/01,24.84,25.38,24.73,25.00,578244,25.06
2011/04/06,24.74,25.14,24.40,24.79,387156,24.73
2011/04/07,25.03,25.06,24.66,24.80,280096,24.84
2011/04/08,24.90,25.07,24.80,24.93,336801,24.92
2011/04/11,25.00,25.03,24.44,24.45,439038,24.71
2011/04/12,24.44,24.68,24.24,24.43,303455,24.53
2011/04/13,24.39,25.13,24.39,25.06,923578,24.75
2011/04/14,24.81,24.93,24.61,24.80,364444,24.77
2011/04/15,24.81,24.93,24.61,24.80,0,24.77
2011/04/18,24.90,24.90,24.20,24.43,452352,24.45
2011/04/19,24.50,24.58,24.13,24.50,319758,24.28
2011/04/20,24.50,24.93,24.45,24.90,376304,24.68
2011/04/21,24.91,25.47,24.70,25.30,426790,25.07
2011/04/22,25.30,25.30,24.93,25.09,186050,25.08
2011/04/25,24.79,25.20,24.28,24.28,288478,24.18
2011/04/26,24.15,24.19,22.71,22.72,766113,22.97
2011/04/27,22.02,22.58,20.78,20.78,1388280,21.20
2011/04/28,20.76,20.95,20.29,20.37,820390,20.29
2011/04/29,20.29,20.62,20.29,20.59,354541,20.16
2011/05/03,20.70,21.60,20.60,21.59,719570,20.90
2011/05/04,21.54,21.54,21.19,21.41,414141,21.06
2011/05/05,21.30,22.15,21.25,21.69,284471,21.46
2011/05/06,21.41,22.13,21.41,21.78,193670,21.56
2011/05/09,21.82,21.86,21.63,21.69,206488,21.39
2011/05/10,21.69,21.77,21.45,21.77,166897,21.33
2011/05/11,21.54,21.94,21.52,21.80,267489,21.54
2011/05/12,21.62,21.82,21.30,21.32,159909,21.26
2011/05/13,21.62,21.82,21.30,21.32,0,21.56
2011/05/16,21.32,21.40,20.98,21.19,186710,20.93
2011/05/17,20.87,21.13,20.62,21.03,159157,20.61
2011/05/18,21.07,21.07,20.70,20.70,205553,20.54
2011/05/19,20.90,20.90,20.46,20.48,186309,20.27
2011/05/20,20.50,20.68,20.33,20.48,185802,20.17
2011/05/23,20.41,20.52,19.80,20.04,392280,19.97
2011/05/24,19.81,20.73,19.80,20.55,530865,19.99
2011/05/25,20.41,20.41,19.58,19.89,220049,19.63
2011/05/26,19.89,19.98,19.45,19.60,191887,19.33
2011/05/27,19.44,19.60,19.12,19.44,157700,19.00
2011/05/30,19.30,19.67,19.10,19.32,115675,19.20
2011/05/31,19.34,19.70,19.30,19.62,136050,19.16
2011/06/01,19.55,19.87,19.45,19.80,163371,19.46
2011/06/02,19.72,20.25,19.19,20.21,379218,19.48
2011/06/03,20.20,20.99,20.17,20.85,815439,20.46
2011/06/07,20.80,20.80,20.48,20.73,202711,20.31
2011/06/08,20.53,20.74,20.12,20.70,153475,20.06
2011/06/09,20.68,20.68,20.17,20.32,73621,20.01
2011/06/10,20.00,20.32,19.68,20.24,107175,19.66
2011/06/13,20.04,20.35,19.80,20.05,206462,19.75
2011/06/14,19.99,20.14,19.88,20.05,332516,19.66
2011/06/15,19.98,20.03,19.72,19.98,163202,19.51
2011/06/16,19.68,19.98,19.43,19.89,172850,19.37
2011/06/17,19.58,19.87,19.51,19.71,86500,19.30
2011/06/20,19.50,19.52,19.25,19.52,101720,19.09
2011/06/21,19.52,19.75,19.46,19.65,42810,19.28
2011/06/22,19.80,19.80,19.43,19.60,59550,19.29
2011/06/23,19.60,20.45,19.35,20.27,536473,19.77
2011/06/24,20.18,20.64,19.95,20.58,674669,20.09
2011/06/27,20.40,21.26,20.40,20.73,686535,20.59
2011/06/28,20.73,20.73,20.56,20.71,218796,20.34
2011/06/29,20.61,20.82,20.36,20.50,129236,20.27
2011/06/30,20.60,20.76,20.35,20.68,179221,20.36
2011/07/01,20.72,20.82,20.52,20.55,214768,20.37
2011/07/04,20.55,21.38,20.55,21.06,944352,20.67
2011/07/05,21.09,21.25,20.90,21.11,244005,20.74
2011/07/06,21.22,21.26,20.94,21.15,288142,20.81
2011/07/07,21.11,21.75,20.82,21.42,852596,21.10
2011/07/08,21.47,21.48,21.13,21.21,358310,20.96
2011/07/11,21.05,21.45,20.92,21.15,317732,20.80
2011/07/12,21.03,21.24,20.60,20.66,326121,20.61
2011/07/13,20.55,21.15,20.55,21.10,236200,20.63
2011/07/14,21.24,21.60,21.00,21.60,638183,21.03
2011/07/15,21.73,22.43,21.59,22.13,1262094,21.73
2011/07/18,22.13,22.27,21.89,21.96,763767,21.75
2011/07/19,21.79,21.95,21.43,21.76,281865,21.30
2011/07/20,21.79,21.95,21.43,21.76,0,21.69
2011/07/21,22.05,22.08,21.68,21.70,419058,21.56
2011/07/22,21.70,22.58,21.69,22.38,859572,21.99
2011/07/25,22.20,22.42,21.10,21.80,708547,21.53
2011/07/26,21.75,21.75,21.21,21.70,260722,21.21
2011/07/27,21.69,22.29,21.38,22.27,664294,21.73
2011/07/28,21.99,23.76,21.99,23.06,1324047,22.90
2011/07/29,23.05,23.20,22.40,22.49,705985,22.35
2011/08/01,22.42,23.07,22.40,22.82,573666,22.46
2011/08/02,22.88,23.55,22.63,23.54,916796,22.74
2011/08/03,23.32,24.08,23.14,23.75,1103602,23.38
2011/08/04,23.75,23.88,23.10,23.45,701200,23.13
2011/08/05,22.81,22.87,22.10,22.76,829456,22.29
2011/08/08,22.40,22.75,21.12,21.36,566926,21.47
2011/08/09,21.14,21.14,20.20,20.80,1498503,20.36
2011/08/10,21.14,21.30,20.67,20.70,704340,20.71
2011/08/11,20.20,21.06,19.82,21.06,625685,20.26
2011/08/12,21.21,21.55,21.01,21.12,548066,20.92
2011/08/15,21.18,21.69,21.12,21.61,465743,21.17
2011/08/16,21.59,21.65,20.90,21.17,667004,20.91
2011/08/17,21.23,21.40,20.89,21.23,309591,20.87
2011/08/18,21.23,21.40,20.89,21.23,0,21.14
2011/08/19,20.52,20.52,19.91,20.42,679994,19.87
2011/08/22,20.89,20.89,20.20,20.20,444189,20.19
2011/08/23,20.31,20.97,20.31,20.93,574212,20.28
2011/08/24,21.25,22.76,21.18,21.99,1650300,21.81
2011/08/25,21.75,22.04,21.40,22.02,1044872,21.40
2011/08/26,21.78,22.52,21.70,22.26,801993,21.91
2011/08/29,21.91,22.71,21.91,22.30,837244,22.13
2011/08/30,22.35,22.60,21.49,21.54,789662,21.64
2011/08/31,21.69,21.69,21.00,21.35,328719,21.02
2011/09/01,21.35,21.73,21.13,21.40,324734,21.15
2011/09/02,21.64,21.64,20.98,20.98,231860,20.82
2011/09/05,20.80,20.80,20.10,20.18,376019,20.05
2011/09/06,20.19,20.28,19.90,20.06,191400,19.76
2011/09/07,20.12,20.67,20.12,20.67,273022,20.19
2011/09/08,20.77,20.93,20.35,20.51,245421,20.40
2011/09/09,20.51,20.80,20.10,20.16,145340,20.01
2011/09/13,20.27,20.27,19.62,19.89,189154,19.59
2011/09/14,19.89,20.22,19.75,20.22,184563,19.65
2011/09/15,20.36,20.47,20.12,20.15,148004,19.99
2011/09/16,20.14,20.33,20.00,20.16,142449,19.86
2011/09/19,20.10,20.10,19.45,19.46,188549,19.38
2011/09/20,19.63,19.63,19.30,19.53,123960,19.16
2011/09/21,19.56,20.22,19.47,20.17,194778,19.71
2011/09/22,19.90,20.10,19.60,19.66,134296,19.55
2011/09/23,19.30,19.58,19.23,19.44,158128,19.08
2011/09/26,19.51,19.53,19.27,19.40,117246,19.10
2011/09/27,19.45,19.60,19.21,19.52,76490,19.14
2011/09/28,21.42,21.44,21.42,21.44,1114612,21.14
2011/09/29,21.45,23.54,21.40,22.45,3974937,21.83
2011/09/30,22.40,22.40,21.63,22.00,1997510,21.67
2011/10/10,22.25,22.49,21.50,22.05,1751446,21.71
2011/10/11,22.55,23.40,21.30,21.80,2134943,22.12
2011/10/12,21.21,23.49,21.21,23.30,2500902,22.34
2011/10/13,23.07,23.59,22.70,23.26,1943216,22.85
2011/10/14,23.20,24.00,22.90,23.78,2105487,23.23
2011/10/17,23.88,24.80,23.35,23.39,2926606,23.82
2011/10/18,22.98,24.29,22.95,23.12,2415376,23.42
2011/10/19,23.10,23.60,22.10,22.31,1712730,22.47
2011/10/20,22.30,22.70,21.71,22.63,1293111,21.99
2011/10/21,22.50,22.50,21.21,21.21,1192977,21.42
2011/10/24,21.25,21.94,20.10,21.79,1503663,20.64
2011/10/25,21.70,23.11,21.56,23.11,2066428,22.17
2011/10/26,22.70,23.30,22.40,22.68,1777548,22.50
2011/10/27,22.58,23.09,22.37,22.60,906627,22.34
2011/10/28,22.94,23.73,22.58,23.27,1907279,22.90
2011/10/31,23.30,24.28,23.11,24.03,2041982,23.30
2011/11/01,23.85,24.48,23.48,24.36,1819798,23.59
2011/11/02,23.82,24.55,23.30,24.38,1508264,23.66
2011/11/03,24.56,24.90,23.63,23.65,1724650,24.02
2011/11/04,23.74,23.82,23.20,23.50,1040275,23.21
2011/11/07,23.32,24.20,23.26,23.82,1233741,23.58
2011/11/08,23.78,23.94,22.86,22.98,999368,23.03
2011/11/09,23.05,23.65,22.56,23.56,1011553,22.91
2011/11/10,23.10,24.19,22.86,23.42,1355012,23.43
2011/11/11,23.48,23.60,22.69,22.95,847798,22.73
2011/11/14,23.12,24.10,23.12,24.00,1058447,23.50
2011/11/15,24.00,24.58,23.71,24.18,1029933,23.82
2011/11/16,24.18,24.18,22.80,22.85,1023840,23.13
2011/11/17,22.83,23.42,22.72,23.03,621190,22.72
2011/11/18,22.79,22.79,22.00,22.20,630435,22.01
2011/11/21,22.13,22.60,22.13,22.60,382183,22.05
2011/11/22,22.49,22.80,22.13,22.80,316155,22.16
2011/11/23,22.90,22.94,22.19,22.29,495764,22.21
2011/11/24,21.43,22.27,21.43,21.91,464044,21.54
2011/11/25,21.80,22.30,21.61,21.69,358706,21.67
2011/11/28,21.69,21.95,21.45,21.72,284235,21.38
2011/11/29,21.90,22.26,21.78,22.21,385706,21.77
2011/11/30,22.07,22.22,20.31,20.49,664377,20.79
2011/12/01,21.08,21.49,20.82,20.82,511810,20.86
2011/12/02,20.62,20.75,20.10,20.30,326137,20.05
2011/12/05,19.99,20.13,19.42,19.56,298774,19.48
2011/12/06,19.40,19.96,19.40,19.82,178605,19.42
2011/12/07,19.82,20.08,19.68,19.96,206573,19.62
2011/12/08,19.88,20.35,19.80,20.01,196957,19.81
2011/12/09,19.68,20.13,19.68,19.99,128180,19.65
2011/12/12,19.93,20.08,19.80,19.89,139316,19.65
2011/12/13,19.78,19.85,19.28,19.34,248318,19.15
2011/12/14,19.24,19.50,19.00,19.11,187843,19.04
2011/12/15,19.02,19.02,17.68,18.11,325489,18.13
2011/12/16,17.99,18.85,17.93,18.70,200214,18.04
2011/12/19,18.68,18.68,17.87,18.55,254744,18.00
2011/12/20,18.37,18.92,18.30,18.49,219467,18.36
2011/12/21,18.68,18.75,18.10,18.12,168284,18.15
2011/12/22,17.93,17.93,17.03,17.36,346718,17.07
2011/12/23,17.20,17.64,17.19,17.35,209726,17.08
2011/12/26,17.35,17.43,17.16,17.18,133805,17.00
2011/12/27,17.18,17.28,16.39,16.40,197589,16.36
2011/12/28,16.25,16.25,15.80,16.17,191059,15.68
2011/12/29,15.83,16.27,15.83,16.18,130038,15.88
2011/12/30,16.03,16.77,16.03,16.55,162231,16.28
2012/01/04,16.40,16.73,15.92,15.92,177588,15.99
2012/01/05,15.86,15.86,14.91,14.93,202853,15.00
2012/01/06,14.90,15.15,14.51,15.10,119918,14.53
2012/01/09,15.10,15.80,14.85,15.71,192112,15.13
2012/01/10,15.78,16.37,15.73,16.21,382713,15.81
2012/01/11,16.20,17.20,16.11,16.39,381215,16.21
2012/01/12,16.39,16.60,16.15,16.26,335520,16.07
2012/01/13,16.12,16.25,15.00,15.14,469645,15.18
2012/01/16,14.92,15.44,14.82,14.83,160950,14.68
2012/01/17,14.83,15.69,14.78,15.50,411601,14.93
2012/01/18,15.69,15.69,14.73,14.78,315800,14.96
2012/01/19,14.73,15.68,14.50,15.47,402286,14.87
2012/01/20,15.48,15.67,15.30,15.45,278499,15.18
2012/01/30,15.46,15.87,15.33,15.46,353132,15.26
2012/01/31,15.46,15.57,15.23,15.40,170841,15.08
2012/02/01,15.47,15.68,15.30,15.31,228514,15.19
2012/02/02,15.40,15.65,15.28,15.65,255326,15.15
2012/02/03,15.65,15.96,15.61,15.93,466046,15.52
2012/02/06,15.96,16.25,15.90,16.16,419583,15.76
2012/02/07,16.02,16.02,15.66,15.76,296626,15.51
2012/02/08,15.77,16.28,15.75,16.28,335845,15.75
2012/02/09,16.31,16.56,16.21,16.28,429355,16.11
2012/02/10,16.34,16.59,16.28,16.39,354842,16.13
2012/02/13,16.29,16.78,16.05,16.62,439606,16.26
2012/02/14,16.63,16.77,16.45,16.55,311091,16.23
2012/02/15,16.55,16.85,16.40,16.85,344562,16.37
2012/02/16,16.81,16.99,16.63,16.77,303341,16.52
2012/02/17,16.93,16.93,16.56,16.68,249110,16.42
2012/02/20,16.88,17.07,16.58,16.69,340960,16.46
2012/02/21,16.80,16.98,16.50,16.91,431542,16.43
2012/02/22,16.88,17.47,16.76,17.40,892217,16.91
2012/02/23,17.30,17.90,17.30,17.76,1049561,17.36
2012/02/24,17.30,17.90,17.30,17.76,0,17.60
2012/02/27,17.88,18.10,17.50,17.58,829432,17.46
2012/02/28,17.48,17.52,17.12,17.39,391228,17.07
2012/02/29,17.33,17.60,17.25,17.30,288150,17.13
2012/03/01,17.40,17.55,17.28,17.47,281798,17.14
2012/03/02,17.47,17.75,17.47,17.75,349263,17.31
2012/03/05,17.84,17.92,17.65,17.65,372109,17.49
2012/03/06,17.65,17.65,17.11,17.24,339312,17.01
2012/03/07,17.12,17.39,17.08,17.26,253033,16.96
2012/03/08,17.25,17.54,17.20,17.45,430455,17.09
2012/03/09,17.54,17.89,17.46,17.89,780402,17.39
2012/03/12,17.96,18.48,17.73,17.85,549469,17.65
2012/03/13,18.15,18.24,17.88,18.23,794764,17.80
2012/03/14,18.23,18.39,16.98,17.04,1051148,17.68
2012/03/15,17.10,17.20,16.79,17.01,397094,16.70
2012/03/16,17.15,17.47,16.99,17.46,399600,16.99
2012/03/19,17.45,17.72,17.35,17.71,386213,17.28
2012/03/20,17.79,17.79,17.20,17.21,439400,17.08
2012/03/21,17.34,17.39,16.90,17.11,354373,16.82
2012/03/22,17.05,17.25,17.00,17.13,178955,16.83
2012/03/23,17.10,17.25,16.83,16.95,127300,16.75
2012/03/26,16.80,16.97,16.80,16.96,117930,16.59
2012/03/27,17.07,17.40,16.90,16.92,163001,16.80
2012/03/28,16.90,16.90,15.86,15.99,305949,16.02
2012/03/29,15.90,15.90,15.40,15.47,199614,15.35
2012/03/30,15.60,15.60,15.23,15.58,317132,15.16
2012/04/05,15.29,15.95,15.29,15.88,174087,15.40
2012/04/06,15.85,15.95,15.70,15.88,104671,15.54
2012/04/09,15.80,15.92,15.51,15.59,58552,15.43
2012/04/10,15.77,15.77,15.13,15.68,102057,15.04
2012/04/11,15.59,15.70,15.41,15.69,93055,15.31
2012/04/12,15.69,16.24,15.69,16.10,243246,15.70
2012/04/13,16.12,16.34,15.90,16.23,209648,15.89
2012/04/16,16.12,16.34,15.90,16.23,0,16.12
2012/04/17,17.30,17.30,16.40,16.59,490467,16.43
2012/04/18,16.25,16.68,15.73,16.47,837550,15.81
2012/04/19,16.45,16.45,16.05,16.14,462624,15.85
2012/04/20,16.12,16.20,15.96,16.16,374475,15.81
2012/04/23,16.09,16.10,15.15,15.23,605589,15.25
2012/04/24,14.99,15.29,14.78,15.07,351424,14.79
2012/04/25,14.99,15.19,14.95,15.08,322798,14.73
2012/04/26,14.98,15.16,14.98,15.00,190738,14.75
2012/04/27,14.95,15.34,14.88,15.22,184150,14.81
2012/05/02,15.49,15.50,15.19,15.30,230780,14.96
2012/05/03,15.32,15.32,15.13,15.27,155361,14.94
2012/05/04,15.35,15.48,15.30,15.48,182136,15.13
2012/05/07,15.53,15.80,15.48,15.69,219702,15.36
2012/05/08,15.69,15.89,15.54,15.80,259659,15.46
2012/05/09,15.61,15.78,15.22,15.28,209809,15.18
2012/05/10,15.28,15.65,15.28,15.49,161685,15.19
2012/05/11,15.38,15.55,15.35,15.37,183999,15.12
2012/05/14,15.41,15.54,15.15,15.21,203847,15.09
2012/05/15,15.09,15.11,14.92,15.06,173415,14.69
2012/05/16,15.07,15.21,14.97,15.01,131952,14.81
2012/05/17,15.13,15.47,14.92,15.35,243520,14.88
2012/05/18,15.14,15.35,15.00,15.18,369160,14.54
2012/05/21,15.26,15.26,14.90,14.91,181326,14.46
2012/05/22,15.17,15.17,14.96,15.15,119528,14.48
2012/05/23,15.01,15.12,14.90,14.96,183297,14.38
2012/05/24,14.90,15.20,14.89,14.94,245734,14.43
2012/05/25,14.78,14.88,14.61,14.85,240444,14.16
2012/05/28,14.84,15.22,14.62,15.19,360481,14.38
2012/05/29,15.10,15.60,15.09,15.56,478498,14.78
2012/05/30,15.60,15.60,15.39,15.52,185958,14.88
2012/05/31,15.40,16.14,15.21,15.99,786509,15.32
2012/06/01,15.81,15.98,15.54,15.70,298100,15.10
2012/06/04,15.37,15.69,15.03,15.23,197300,14.72
2012/06/05,15.15,15.28,15.02,15.18,154215,14.50
2012/06/06,15.18,15.20,14.96,15.04,91909,14.48
2012/06/07,15.05,15.20,14.94,15.03,81100,14.44
2012/06/08,15.08,15.18,14.79,14.80,136600,14.34
2012/06/11,14.91,15.19,14.72,15.19,346638,14.37
2012/06/12,15.15,15.17,14.96,14.97,128281,14.41
2012/06/13,15.03,15.30,14.98,15.29,257108,14.58
2012/06/14,15.32,15.43,15.07,15.18,237200,14.68
2012/06/15,15.19,15.35,15.01,15.20,164231,14.60
2012/06/18,15.35,15.54,15.25,15.51,412717,14.82
2012/06/19,15.51,15.51,15.30,15.33,148073,14.77
2012/06/20,15.39,15.75,15.35,15.65,783751,14.96
2012/06/21,15.65,15.71,15.21,15.40,361322,14.78
2012/06/25,15.44,15.44,14.80,14.81,256993,14.49
2012/06/26,14.78,14.96,14.67,14.95,106352,14.24
2012/06/27,14.87,15.15,14.87,15.09,169800,14.44
2012/06/28,15.08,15.15,14.91,15.07,157020,14.44
2012/06/29,14.75,15.28,14.75,15.21,150918,14.55
2012/07/02,15.25,15.45,15.12,15.31,255230,14.67
2012/07/03,15.37,15.75,15.23,15.43,725415,14.92
2012/07/04,15.40,15.77,15.38,15.52,314300,14.92
2012/07/05,15.50,15.50,15.01,15.01,227106,14.60
2012/07/06,15.16,15.36,14.72,15.33,279272,14.39
2012/07/09,15.11,15.28,14.81,14.90,189500,14.51
2012/07/10,15.09,15.10,14.80,14.90,109265,14.32
2012/07/11,15.04,15.05,14.90,15.03,77806,14.37
2012/07/12,15.18,15.27,14.79,15.11,305482,14.39
2012/07/13,15.02,15.12,14.80,14.90,403648,14.28
2012/07/16,14.90,14.90,13.47,13.47,789800,13.22
2012/07/17,13.30,13.31,12.91,13.22,271083,12.52
2012/07/18,13.19,13.29,12.93,13.12,167749,12.50
2012/07/19,13.13,13.39,12.90,13.36,240215,12.66
2012/07/20,13.37,13.63,13.18,13.40,287584,12.82
2012/07/23,13.40,13.60,13.30,13.50,523198,12.88
2012/07/24,13.55,14.14,13.50,13.77,603098,13.20
2012/07/25,14.15,14.15,13.55,13.63,356579,13.17
2012/07/26,13.61,13.61,13.22,13.30,207097,12.80
2012/07/27,13.40,13.47,13.21,13.28,111856,12.68
2012/07/30,13.20,13.30,12.90,12.92,139550,12.48
2012/07/31,13.00,13.00,12.53,12.61,122400,12.13
2012/08/01,12.77,12.89,12.61,12.78,142677,12.15
2012/08/02,12.54,12.80,12.53,12.65,131100,12.02
2012/08/03,12.78,12.85,12.59,12.85,157354,12.10
2012/08/06,12.72,13.14,12.60,13.12,252337,12.36
2012/08/07,13.15,13.83,13.10,13.34,253025,12.85
2012/08/08,13.38,13.38,13.05,13.18,176981,12.60
2012/08/09,13.21,13.39,13.15,13.38,159989,12.70
2012/08/10,13.37,13.45,13.31,13.40,126333,12.76
2012/08/13,13.40,13.43,13.11,13.12,106674,12.61
2012/08/14,13.12,13.40,13.12,13.32,233286,12.70
2012/08/15,13.31,13.39,13.18,13.39,121335,12.70
2012/08/16,13.41,13.41,12.80,13.00,492471,12.35
2012/08/17,12.89,12.97,12.81,12.88,76440,12.27
2012/08/20,12.73,13.05,12.73,12.95,93600,12.27
2012/08/21,12.97,13.45,12.84,13.43,434143,12.67
2012/08/22,13.46,13.52,13.25,13.52,340614,12.80
2012/08/23,13.47,13.65,13.37,13.64,434905,12.93
2012/08/24,13.56,13.67,13.31,13.61,314200,12.84
2012/08/27,13.52,13.65,13.29,13.30,242690,12.76
2012/08/28,13.43,13.43,13.22,13.33,374812,12.72
2012/08/29,13.15,13.40,13.15,13.32,284059,12.73
2012/08/30,13.22,13.35,12.76,13.04,189370,12.41
2012/08/31,13.15,13.28,12.90,13.25,136500,12.52
2012/09/03,13.15,13.35,13.15,13.24,276100,12.67
2012/09/04,13.38,13.38,13.10,13.23,322306,12.67
2012/09/05,13.18,13.57,13.03,13.53,850968,12.81
2012/09/06,13.46,13.76,13.35,13.65,911771,12.95
2012/09/07,13.75,14.20,13.65,14.11,1662268,13.33
2012/09/10,14.01,14.20,13.93,14.08,625869,13.46
2012/09/11,14.34,14.87,14.18,14.30,1157846,13.81
2012/09/12,14.23,14.32,13.93,14.14,686822,13.52
2012/09/13,14.10,14.18,13.96,14.00,331925,13.48
2012/09/14,14.04,14.35,13.90,14.11,359462,13.51
2012/09/17,14.17,14.27,13.51,13.60,331716,13.13
2012/09/18,13.70,13.70,13.35,13.36,302707,12.88
2012/09/19,13.45,13.45,13.11,13.15,1050826,12.58
2012/09/20,13.15,13.16,12.58,12.60,407943,12.22
2012/09/21,12.60,12.76,12.51,12.53,340391,12.04
2012/09/24,12.46,12.64,12.24,12.53,209233,11.85
2012/09/25,12.49,12.58,12.40,12.42,129268,11.91
2012/09/26,12.41,12.42,11.90,11.98,254709,11.58
2012/09/27,12.04,12.28,11.94,12.17,204971,11.54
2012/09/28,12.10,12.65,12.00,12.60,538398,11.88
2012/10/08,12.57,12.64,12.30,12.40,290700,11.83
2012/10/09,12.47,12.72,12.42,12.69,1381310,11.99
2012/10/10,12.63,13.05,12.45,13.04,2853110,12.04
2012/10/11,12.86,12.90,12.51,12.55,1358431,12.12
2012/10/12,12.66,12.67,12.41,12.49,551279,11.94
2012/10/15,12.41,12.43,11.92,12.11,645974,11.53
2012/10/16,12.12,12.19,11.90,12.05,402671,11.49
2012/10/17,12.05,12.25,12.00,12.16,296294,11.53
2012/10/18,12.12,12.37,12.09,12.34,465497,11.69
2012/10/19,12.30,12.41,12.23,12.35,293982,11.75
2012/10/22,12.25,12.45,12.20,12.43,272801,11.75
2012/10/23,12.43,12.47,12.25,12.25,352495,11.76
2012/10/24,12.17,12.30,12.16,12.25,253010,11.64
2012/10/25,12.20,12.34,12.05,12.25,655025,11.62
2012/10/26,12.21,12.23,11.95,11.99,369769,11.46
2012/10/29,12.10,12.10,11.92,11.93,177888,11.42
2012/10/30,12.10,12.10,11.88,11.97,270540,11.33
2012/10/31,11.95,11.96,11.81,11.90,233869,11.27
2012/11/01,11.86,12.07,11.86,12.04,617449,11.40
2012/11/02,12.09,12.10,11.98,12.03,441249,11.43
2012/11/05,12.07,12.11,11.91,11.93,282100,11.39
2012/11/06,11.94,11.94,11.64,11.74,422912,11.13
2012/11/07,11.79,11.81,11.68,11.74,257512,11.15
2012/11/08,11.66,11.69,11.46,11.46,281899,10.99
2012/11/09,11.42,11.51,11.42,11.48,196574,10.87
2012/11/12,11.43,11.61,11.43,11.61,227559,10.97
2012/11/13,11.61,11.62,11.44,11.46,200971,10.92
2012/11/14,11.47,12.19,11.45,11.70,468102,11.10
2012/11/15,11.69,11.76,11.45,11.51,260060,11.04
2012/11/16,11.46,11.68,11.46,11.53,253048,10.94
2012/11/19,11.50,11.60,11.36,11.60,227866,10.89
2012/11/20,11.55,11.80,11.55,11.74,287283,11.08
2012/11/21,11.74,12.02,11.68,12.00,565473,11.27
2012/11/22,11.89,12.04,11.78,11.90,313855,11.28
2012/11/23,11.89,11.94,11.80,11.85,160500,11.26
2012/11/26,11.85,11.85,11.36,11.40,330815,11.01
2012/11/27,11.40,11.45,10.93,11.00,321947,10.49
2012/11/28,11.02,11.28,10.81,11.28,582469,10.52
2012/11/29,11.19,11.40,10.88,10.90,217456,10.55
2012/11/30,10.95,11.17,10.95,11.14,201186,10.48
2012/12/03,10.92,11.15,10.81,10.86,162449,10.35
2012/12/04,10.84,11.10,10.77,11.04,191922,10.32
2012/12/05,11.05,11.48,10.93,11.47,540923,10.72
2012/12/06,11.48,11.54,11.33,11.40,302226,10.83
2012/12/07,11.44,11.75,11.41,11.70,452954,11.03
2012/12/10,11.72,11.99,11.60,11.97,715421,11.22
2012/12/11,12.03,12.03,11.73,11.77,483575,11.24
2012/12/12,11.70,11.92,11.70,11.80,270750,11.21
2012/12/13,11.70,11.90,11.58,11.78,318740,11.16
2012/12/14,11.76,12.22,11.72,12.21,929734,11.49
2012/12/17,12.19,12.57,12.18,12.32,1027252,11.79
2012/12/18,12.38,12.46,12.22,12.29,535343,11.71
2012/12/19,12.23,12.35,12.23,12.29,308967,11.69
2012/12/20,12.19,12.55,12.18,12.41,508619,11.78
2012/12/21,12.57,12.57,12.20,12.43,866979,11.81
2012/12/24,12.42,12.70,12.42,12.67,825991,12.00
2012/12/25,12.60,12.98,12.53,12.93,1162086,12.20
2012/12/26,12.83,13.51,12.82,13.45,1332432,12.70
2012/12/27,13.38,13.63,13.17,13.19,1206100,12.74
2012/12/28,13.18,13.45,13.11,13.43,855217,12.73
2012/12/31,13.52,13.53,13.22,13.34,677816,12.74
2013/01/04,13.36,13.49,13.21,13.34,850849,12.73
2013/01/07,13.39,13.89,13.32,13.66,1144340,13.03
2013/01/08,13.52,13.88,13.50,13.68,1047448,13.08
2013/01/09,13.54,13.85,13.49,13.54,793481,13.06
2013/01/10,13.55,13.66,13.47,13.66,846394,12.97
2013/01/11,13.69,13.83,13.30,13.36,770995,12.97
2013/01/14,13.38,13.89,13.22,13.85,1225573,13.07
2013/01/15,13.85,14.17,13.79,14.11,1225793,13.39
2013/01/16,14.20,14.75,13.92,14.64,2336757,13.75
2013/01/17,14.80,15.60,14.29,14.84,2252885,14.19
2013/01/18,14.99,15.08,14.55,14.84,1797833,14.23
2013/01/21,14.72,14.89,14.40,14.75,1538928,14.05
2013/01/22,14.58,14.83,13.83,14.40,1816805,13.67
2013/01/23,14.41,14.80,14.14,14.35,1195304,13.80
2013/01/24,14.28,14.44,13.48,13.80,1674900,13.36
2013/01/25,13.84,13.84,13.59,13.72,563970,13.08
2013/01/28,13.76,13.85,13.61,13.80,1587937,13.15
2013/01/29,13.77,14.04,13.76,13.87,881944,13.28
2013/01/30,13.63,13.87,13.56,13.68,796565,13.09
2013/01/31,13.73,13.87,13.60,13.78,488118,13.15
2013/02/01,13.77,13.80,13.60,13.75,469289,13.09
2013/02/04,13.75,13.83,13.64,13.82,496788,13.15
2013/02/05,13.80,13.98,13.67,13.96,553386,13.26
2013/02/06,13.95,14.21,13.81,14.14,822440,13.49
2013/02/07,14.05,14.25,14.01,14.14,477580,13.55
2013/02/08,14.06,14.33,14.05,14.26,476584,13.62
2013/02/18,14.26,14.39,13.98,14.32,499227,13.70
2013/02/19,14.33,14.50,14.02,14.08,516729,13.64
2013/02/20,14.03,14.30,13.80,14.30,431055,13.50
2013/02/21,14.23,14.43,13.91,13.97,766658,13.59
2013/02/22,13.92,14.12,13.86,13.96,366130,13.38
2013/02/25,13.97,14.09,13.80,13.86,496970,13.30
2013/02/26,13.80,14.03,13.75,13.80,401718,13.33
2013/02/27,13.76,13.97,13.76,13.81,244016,13.25
2013/02/28,13.78,14.08,13.78,14.05,461498,13.38
2013/03/01,14.15,14.40,14.03,14.34,722147,13.65
2013/03/04,14.35,14.45,13.80,14.00,855801,13.61
2013/03/05,14.00,14.37,13.87,14.35,547366,13.55
2013/03/06,14.40,14.96,14.40,14.86,1470036,14.19
2013/03/07,14.78,14.92,14.52,14.74,1157698,14.14
2013/03/08,14.74,14.81,14.36,14.50,658065,13.89
2013/03/11,14.49,14.49,14.13,14.20,1025353,13.67
2013/03/12,14.17,14.27,13.57,13.67,650951,13.24
2013/03/13,13.70,13.77,13.32,13.65,333495,12.89
2013/03/14,13.66,13.73,13.48,13.60,190541,13.00
2013/03/15,13.60,14.13,13.60,13.70,669976,13.31
2013/03/18,13.66,13.75,13.11,13.17,618721,12.77
2013/03/19,13.35,13.35,12.91,13.16,240397,12.54
2013/03/20,13.06,14.05,13.06,13.57,496696,12.92
2013/03/21,13.45,13.85,13.45,13.85,590815,13.03
2013/03/22,13.85,14.20,13.67,13.74,520728,13.20
2013/03/25,13.72,13.80,13.58,13.67,354550,13.07
2013/03/26,13.62,13.69,13.30,13.31,449692,12.79
2013/03/27,13.33,13.45,13.25,13.36,286064,12.75
2013/03/28,13.26,13.34,12.85,12.89,396257,12.44
2013/03/29,12.88,12.98,12.50,12.60,504210,12.08
2013/04/01,12.57,12.70,12.42,12.67,271946,11.99
2013/04/02,12.72,13.09,12.60,13.04,700963,12.21
2013/04/03,13.10,13.28,12.50,12.62,641419,12.21
2013/04/08,11.97,12.00,11.59,11.91,808251,11.15
2013/04/09,11.84,12.16,11.80,12.07,364360,11.39
2013/04/10,12.06,12.15,11.86,11.95,252136,11.35
2013/04/11,12.09,12.09,11.91,11.96,348123,11.38
2013/04/12,11.97,11.99,11.74,11.74,161961,11.23
2013/04/15,11.78,11.78,11.48,11.58,200800,10.97
2013/04/16,11.57,11.76,11.43,11.73,276435,10.99
2013/04/17,11.66,11.80,11.60,11.80,273474,11.08
2013/04/18,11.76,11.90,11.62,11.85,138899,11.22
2013/04/19,11.87,12.11,11.87,12.09,319402,11.43
2013/04/22,12.25,12.25,12.04,12.13,254153,11.52
2013/04/23,12.13,12.23,11.65,11.80,319502,11.24
2013/04/24,11.85,12.08,11.73,12.02,243415,11.37
2013/04/25,11.96,12.06,11.81,12.00,291500,11.37
2013/04/26,11.95,11.95,11.71,11.71,173911,11.17
2013/05/02,11.62,11.77,11.60,11.72,227610,11.06
2013/05/03,11.77,12.70,11.76,11.96,369541,11.44
2013/05/06,11.96,12.27,11.96,12.18,380912,11.55
2013/05/07,12.12,12.32,12.10,12.29,322218,11.61
2013/05/08,12.29,12.43,12.23,12.40,364201,11.73
2013/05/09,12.47,12.52,12.29,12.48,420795,11.82
2013/05/10,12.50,12.50,12.35,12.45,407368,11.83
2013/05/13,12.42,12.50,12.38,12.44,305738,11.84
2013/05/14,12.40,12.49,12.11,12.27,217803,11.67
2013/05/15,12.29,12.58,12.23,12.58,443223,11.87
2013/05/16,12.59,12.68,12.43,12.51,670137,11.97
2013/05/17,12.58,12.73,12.50,12.70,550212,12.04
2013/05/20,12.70,12.99,12.67,12.97,589755,12.28
2013/05/21,13.01,13.19,12.89,13.16,538550,12.35
2013/05/22,13.18,13.18,12.85,12.91,485643,12.27
2013/05/23,12.84,13.14,12.83,12.93,421113,12.26
2013/05/24,12.91,13.38,12.91,13.35,737674,12.50
2013/05/27,13.33,13.57,13.26,13.37,524359,12.68
2013/05/28,13.43,13.43,12.99,13.10,486368,12.42
2013/05/29,13.20,13.30,13.03,13.29,458827,12.50
2013/05/30,13.26,13.45,13.21,13.42,560132,12.64
2013/05/31,13.45,13.45,13.17,13.19,510371,12.61
2013/06/03,13.19,13.20,12.94,13.01,488020,12.36
2013/06/04,13.36,13.36,12.78,12.89,613777,12.33
2013/06/05,12.87,12.98,12.74,12.91,312306,12.15
2013/06/06,12.86,12.88,12.63,12.70,422010,12.03
2013/06/07,12.70,12.88,12.41,12.49,286326,11.94
2013/06/13,12.42,12.42,11.81,12.17,243474,11.40
2013/06/14,12.17,12.55,12.17,12.45,403132,11.69
2013/06/17,12.39,12.67,12.32,12.62,469233,11.86
2013/06/18,12.59,13.16,12.57,13.14,1322856,12.18
2013/06/19,12.99,13.46,12.92,13.42,1820984,12.57
2013/06/20,13.37,13.50,13.13,13.23,1469618,12.60
2013/06/21,12.96,13.19,12.64,13.11,1185976,12.14
2013/06/24,12.92,12.96,11.87,12.62,1088742,11.81
2013/06/25,12.30,13.33,11.90,12.99,1257822,12.62
2013/06/26,12.66,13.36,12.53,13.33,2419318,12.20
2013/06/27,13.23,13.56,12.91,12.96,1648404,12.55
2013/06/28,12.71,12.91,12.22,12.32,1044375,11.83
2013/07/01,12.39,12.68,12.23,12.59,661955,11.76
2013/07/02,12.68,12.91,12.42,12.86,734502,12.02
2013/07/03,12.84,14.08,12.61,14.08,3139957,12.87
2013/07/04,14.01,14.57,13.74,14.44,3317976,13.62
2013/07/05,14.41,15.05,14.13,14.14,2789371,13.94
2013/07/08,13.77,13.79,13.35,13.47,2096732,12.85
2013/07/09,13.54,13.70,13.16,13.61,1688923,12.76
2013/07/10,13.52,13.79,13.42,13.75,2083842,12.89
2013/07/11,13.77,13.89,13.48,13.73,2033494,12.99
2013/07/12,13.73,14.39,13.57,13.94,2479566,13.34
2013/07/15,13.81,14.29,13.77,14.20,1652572,13.30
2013/07/16,14.11,14.19,13.80,13.84,1900364,13.22
2013/07/17,13.84,13.84,13.52,13.66,1532956,12.96
2013/07/18,13.57,14.11,13.57,14.11,1518866,13.25
2013/07/19,14.11,14.42,13.41,13.41,2479903,13.29
2013/07/22,13.20,13.69,13.03,13.65,979912,12.68
2013/07/23,13.65,13.99,13.61,13.95,1069467,13.13
2013/07/24,13.89,14.39,13.76,14.37,1963884,13.44
2013/07/25,14.32,14.39,13.86,13.99,1408689,13.35
2013/07/26,13.84,14.50,13.71,14.49,1548415,13.43
2013/07/29,14.45,14.96,14.15,14.17,2023735,13.85
2013/07/30,14.26,14.46,13.66,14.37,1179117,13.37
2013/07/31,14.30,14.57,14.14,14.20,894924,13.64
2013/08/01,14.22,14.88,14.06,14.74,1744745,13.93
2013/08/02,14.63,15.28,14.61,14.97,2264422,14.21
2013/08/05,14.94,15.04,14.76,15.00,1255081,14.19
2013/08/06,15.01,15.02,14.78,14.82,1017909,14.17
2013/08/07,14.76,14.86,14.09,14.18,1772250,13.65
2013/08/08,14.08,14.31,13.98,14.10,1225321,13.45
2013/08/09,14.11,14.30,13.90,14.09,931258,13.37
2013/08/12,14.03,14.42,14.03,14.27,1115718,13.57
2013/08/13,14.27,14.44,14.27,14.35,606648,13.64
2013/08/14,14.36,14.44,14.21,14.32,692928,13.63
2013/08/15,14.36,14.78,14.33,14.37,1061509,13.83
2013/08/16,14.32,14.50,13.74,13.80,1086861,13.41
2013/08/19,13.72,14.06,13.72,14.05,592328,13.21
2013/08/20,14.04,14.18,13.93,14.04,602555,13.34
2013/08/21,14.03,14.26,13.95,14.22,521000,13.43
2013/08/22,14.07,14.28,14.06,14.08,521985,13.43
2013/08/23,14.08,14.19,13.61,13.81,961862,13.14
2013/08/26,13.74,14.09,13.74,14.08,652831,13.25
2013/08/27,14.06,14.36,14.04,14.27,622315,13.50
2013/08/28,14.30,14.30,14.03,14.08,609498,13.44
2013/08/29,14.16,14.23,13.96,14.08,414246,13.34
2013/08/30,14.05,14.15,13.56,13.64,611379,13.16
2013/09/02,13.64,13.84,13.56,13.83,325881,12.97
2013/09/03,13.91,14.00,13.81,13.99,222790,13.24
2013/09/04,13.96,14.11,13.91,14.00,271446,13.31
2013/09/05,14.07,14.08,13.86,14.00,366713,13.30
2013/09/06,13.95,14.26,13.94,14.22,961000,13.42
2013/09/09,14.22,14.38,14.17,14.30,678290,13.57
2013/09/10,14.34,14.34,14.01,14.12,675998,13.43
2013/09/11,14.15,14.19,13.68,13.72,977370,13.15
2013/09/12,13.74,13.90,13.66,13.75,493925,13.04
2013/09/13,13.72,13.96,13.70,13.91,333139,13.12
2013/09/16,13.86,14.36,13.86,14.27,1106653,13.49
2013/09/17,14.20,14.41,14.10,14.20,798223,13.54
2013/09/18,14.23,14.58,14.19,14.50,867231,13.69
2013/09/23,14.58,14.75,14.46,14.62,1149810,13.88
2013/09/24,14.69,14.69,14.36,14.48,935000,13.76
2013/09/25,14.42,14.68,14.32,14.37,630418,13.77
2013/09/26,14.41,14.51,14.21,14.37,433725,13.69
2013/09/27,14.23,14.68,14.23,14.62,727111,13.79
2013/09/30,14.64,15.17,14.53,15.06,1619064,14.19
2013/10/08,15.06,15.15,14.81,15.11,816991,14.32
2013/10/09,15.03,15.20,14.96,15.15,699331,14.38
2013/10/10,15.15,15.64,14.84,14.91,1671080,14.62
2013/10/11,15.01,15.12,14.81,14.99,745949,14.25
2013/10/14,14.94,15.44,14.92,15.35,792233,14.53
2013/10/15,15.35,15.66,14.97,15.57,1876427,14.70
2013/10/16,15.57,15.57,14.82,14.88,1059859,14.43
2013/10/17,14.91,16.30,14.22,16.30,2810245,15.09
2013/10/18,16.82,16.97,15.51,15.57,4486333,15.52
2013/10/21,15.41,16.47,15.28,16.02,3321466,15.04
2013/10/22,15.81,16.35,15.51,15.61,1993473,15.17
2013/10/23,15.75,16.15,15.50,15.69,1718101,15.14
2013/10/24,15.51,15.69,15.21,15.31,1102649,14.67
2013/10/25,15.31,15.49,15.14,15.17,864071,14.59
2013/10/28,15.13,15.39,15.07,15.24,463528,14.52
2013/10/29,15.35,15.35,14.01,14.34,1332146,13.91
2013/10/30,14.34,14.70,14.21,14.61,714732,13.74
2013/10/31,14.57,16.00,14.51,16.00,2459915,15.05
2013/11/01,16.00,16.28,15.46,15.89,2718812,15.14
2013/11/04,15.90,16.31,15.58,16.07,2470711,15.18
2013/11/05,15.92,16.38,15.63,16.11,1987534,15.33
2013/11/06,15.99,16.78,15.91,16.00,2428419,15.61
2013/11/07,15.93,16.08,15.60,15.60,1536055,15.11
2013/11/08,15.50,15.56,14.94,15.21,1255368,14.56
2013/11/11,15.21,16.66,15.04,16.66,2504058,15.58
2013/11/12,17.62,18.26,17.61,18.26,2520686,17.31
2013/11/13,18.36,19.57,17.99,18.79,10325293,17.90
2013/11/14,18.60,20.60,18.31,20.60,11484284,18.97
2013/11/15,20.39,22.10,20.13,20.93,11792340,20.32
2013/11/18,20.42,21.03,20.03,20.45,8354416,19.67
2013/11/19,20.13,20.69,19.83,20.30,6608525,19.47
2013/11/20,20.22,20.88,20.03,20.51,6614706,19.73
2013/11/21,20.27,20.40,19.71,19.98,5027871,19.26
2013/11/22,20.11,21.11,20.11,20.29,7327063,19.96
2013/11/25,19.83,20.66,19.07,20.66,6003629,19.10
2013/11/26,20.41,22.40,20.33,21.05,8887247,20.78
2013/11/27,20.92,21.71,20.43,20.86,5851767,20.39
2013/11/28,20.73,22.49,20.72,22.19,7214532,20.91
2013/11/29,21.76,22.68,21.60,21.79,8431523,21.31
2013/12/02,19.68,20.07,19.68,19.68,2748928,19.00
2013/12/03,17.79,18.44,17.78,18.10,6589085,17.25
2013/12/04,17.93,18.74,17.51,17.51,5474755,17.46
2013/12/05,17.41,17.68,17.21,17.45,2758991,16.75
2013/12/06,17.44,17.83,17.42,17.60,1700977,16.93
2013/12/09,17.66,18.34,17.66,18.13,2587620,17.38
2013/12/10,18.21,18.40,17.51,17.66,2765947,17.12
2013/12/11,17.46,18.05,17.46,17.68,1683762,17.08
2013/12/12,17.61,18.18,17.56,17.90,1945288,17.22
2013/12/13,17.88,18.77,17.72,18.59,3994775,17.68
2013/12/16,18.41,18.69,17.96,18.03,2187431,17.57
2013/12/17,18.09,18.36,17.42,18.31,2631265,17.16
2013/12/18,18.07,18.28,17.61,17.78,1416148,17.15
2013/12/19,17.85,18.21,17.76,17.78,1557702,17.31
2013/12/20,17.69,17.93,17.43,17.47,1109371,16.92
2013/12/23,17.25,17.46,16.68,16.87,1437874,16.24
2013/12/24,16.91,17.65,16.85,17.36,1433213,16.65
2013/12/25,17.91,19.03,17.88,19.03,2253747,18.06
2013/12/26,19.22,20.81,19.21,20.00,9707520,19.34
2013/12/27,19.38,21.21,19.38,20.20,7674987,19.60
2013/12/30,20.21,20.70,19.63,19.71,5000873,19.37
2013/12/31,19.46,19.58,18.73,18.91,3588989,18.37
2014/01/02,18.87,19.49,18.73,19.42,2709374,18.52
2014/01/03,19.35,21.05,19.01,20.51,6383847,19.53
2014/01/06,20.16,20.30,18.53,18.53,3713359,18.48
2014/01/07,18.18,18.56,17.96,18.18,3250976,17.51
2014/01/08,18.31,18.88,18.31,18.80,3413033,17.94
2014/01/09,18.49,18.51,17.26,17.26,3544224,17.41
2014/01/10,17.29,17.80,17.26,17.56,2093454,16.76
2014/01/13,17.61,18.20,17.39,17.82,1546543,17.16
2014/01/14,17.82,18.30,17.61,18.21,1952388,17.28
2014/01/15,18.22,18.61,18.08,18.38,2394907,17.66
2014/01/16,18.29,18.76,18.29,18.46,2236781,17.79
2014/01/17,18.38,18.45,18.18,18.18,1569746,17.60
2014/01/20,18.20,18.35,17.32,17.34,1988422,16.92
2014/01/21,18.27,18.99,18.11,18.59,4295249,17.90
2014/01/22,18.29,19.29,18.24,19.09,3804199,18.11
2014/01/23,18.91,19.51,18.83,19.08,3354186,18.49
2014/01/24,19.01,19.61,18.90,19.33,2996041,18.66
2014/01/27,19.26,20.00,19.04,19.72,2964606,18.89
2014/01/28,19.71,19.71,19.04,19.31,2117337,18.61
2014/01/29,19.22,19.51,19.18,19.49,1474891,18.67
2014/01/30,19.41,19.42,18.97,19.28,1328917,18.50
2014/02/07,19.02,19.89,19.02,19.79,1943750,18.83
2014/02/10,19.99,20.30,19.72,20.14,2450113,19.32
2014/02/11,20.16,20.28,19.51,19.82,2839189,19.18
2014/02/12,19.91,20.86,19.58,20.79,3777009,19.46
2014/02/13,20.53,20.80,19.67,19.81,2931562,19.68
2014/02/14,19.90,21.14,19.81,20.97,3479699,19.91
2014/02/17,20.98,21.31,20.72,21.24,3302076,20.35
2014/02/18,21.22,21.22,20.67,20.81,2669726,20.17
2014/02/19,20.71,20.91,20.41,20.71,1928666,19.91
2014/02/20,20.55,20.76,19.91,19.99,1967230,19.45
2014/02/21,19.96,20.39,19.73,20.11,998026,19.32
2014/02/24,20.00,20.45,20.00,20.34,1442355,19.52
2014/02/25,20.36,20.79,18.71,18.91,2688742,19.27
2014/02/26,18.94,18.97,18.01,18.81,1597006,17.89
2014/02/27,18.96,19.17,17.91,18.02,2070202,17.85
2014/02/28,17.86,18.36,17.86,18.28,811065,17.37
2014/03/03,18.40,18.67,18.21,18.67,869713,17.83
2014/03/04,18.67,18.81,18.32,18.73,933229,17.90
2014/03/05,18.80,18.85,18.51,18.53,868535,17.99
2014/03/06,18.53,18.86,18.24,18.78,808308,17.94
2014/03/07,18.61,19.29,18.61,18.80,1000471,18.27
2014/03/10,18.80,18.80,17.97,18.20,1081275,17.65
2014/03/11,18.80,18.80,17.97,18.20,0,18.38
2014/03/12,18.80,18.80,17.97,18.20,0,18.38
2014/03/13,18.80,18.80,17.97,18.20,0,18.38
2014/03/14,18.80,18.80,17.97,18.20,0,18.38
2014/03/17,18.80,18.80,17.97,18.20,0,18.38
2014/03/18,18.80,18.80,17.97,18.20,0,18.38
2014/03/19,18.80,18.80,17.97,18.20,0,18.38
2014/03/20,18.80,18.80,17.97,18.20,0,18.38
2014/03/21,18.80,18.80,17.97,18.20,0,18.38
2014/03/24,18.80,18.80,17.97,18.20,0,18.38
2014/03/25,18.80,18.80,17.97,18.20,0,18.38
2014/03/26,18.80,18.80,17.97,18.20,0,18.38
2014/03/27,18.80,18.80,17.97,18.20,0,18.38
2014/03/28,18.80,18.80,17.97,18.20,0,18.38
2014/03/31,18.80,18.80,17.97,18.20,0,18.38
2014/04/01,18.80,18.80,17.97,18.20,0,18.38
2014/04/02,18.80,18.80,17.97,18.20,0,18.38
2014/04/03,18.80,18.80,17.97,18.20,0,18.38
2014/04/04,18.80,18.80,17.97,18.20,0,18.38
2014/04/08,18.80,18.80,17.97,18.20,0,18.38
2014/04/09,18.80,18.80,17.97,18.20,0,18.38
2014/04/10,18.80,18.80,17.97,18.20,0,18.38
2014/04/11,18.80,18.80,17.97,18.20,0,18.38
2014/04/14,18.80,18.80,17.97,18.20,0,18.38
2014/04/15,18.80,18.80,17.97,18.20,0,18.38
2014/04/16,18.80,18.80,17.97,18.20,0,18.38
2014/04/17,18.80,18.80,17.97,18.20,0,18.38
2014/04/18,18.80,18.80,17.97,18.20,0,18.38
2014/04/21,18.80,18.80,17.97,18.20,0,18.38
2014/04/22,18.80,18.80,17.97,18.20,0,18.38
2014/04/23,18.80,18.80,17.97,18.20,0,18.38
2014/04/24,18.80,18.80,17.97,18.20,0,18.38
2014/04/25,18.80,18.80,17.97,18.20,0,18.38
2014/04/28,18.80,18.80,17.97,18.20,0,18.38
2014/04/29,18.80,18.80,17.97,18.20,0,18.38
2014/04/30,18.80,18.80,17.97,18.20,0,18.38
2014/05/05,18.80,18.80,17.97,18.20,0,18.38
2014/05/06,18.80,18.80,17.97,18.20,0,18.38
2014/05/07,18.80,18.80,17.97,18.20,0,18.38
2014/05/08,18.80,18.80,17.97,18.20,0,18.38
2014/05/09,18.80,18.80,17.97,18.20,0,18.38
2014/05/12,18.80,18.80,17.97,18.20,0,18.38
2014/05/13,18.80,18.80,17.97,18.20,0,18.38
2014/05/14,18.80,18.80,17.97,18.20,0,18.38
2014/05/15,18.80,18.80,17.97,18.20,0,18.38
2014/05/16,18.80,18.80,17.97,18.20,0,18.38
2014/05/19,18.80,18.80,17.97,18.20,0,18.38
2014/05/20,18.80,18.80,17.97,18.20,0,18.38
2014/05/21,18.80,18.80,17.97,18.20,0,18.38
2014/05/22,18.80,18.80,17.97,18.20,0,18.38
2014/05/23,18.80,18.80,17.97,18.20,0,18.38
2014/05/26,18.80,18.80,17.97,18.20,0,18.38
2014/05/27,18.80,18.80,17.97,18.20,0,18.38
2014/05/28,18.80,18.80,17.97,18.20,0,18.38
2014/05/29,18.80,18.80,17.97,18.20,0,18.38
2014/05/30,18.80,18.80,17.97,18.20,0,18.38
2014/06/03,18.80,18.80,17.97,18.20,0,18.38
2014/06/04,18.80,18.80,17.97,18.20,0,18.38
2014/06/05,18.80,18.80,17.97,18.20,0,18.38
2014/06/06,18.80,18.80,17.97,18.20,0,18.38
2014/06/09,18.96,19.95,18.90,19.95,1460238,18.82
2014/06/10,21.59,21.83,20.53,21.49,7011206,20.44
2014/06/11,21.16,21.38,20.86,21.26,4048886,20.41
2014/06/12,21.21,21.91,20.89,21.79,4262642,20.71
2014/06/13,21.86,22.46,21.48,21.56,3803541,21.08
2014/06/16,21.71,21.76,21.03,21.42,4105928,20.67
2014/06/17,21.23,21.53,20.33,20.55,6757722,20.93
2014/06/18,20.41,20.55,19.73,19.79,4786134,20.14
2014/06/19,19.77,20.25,18.49,18.83,5479398,19.37
2014/06/20,18.93,19.01,18.53,19.01,2717002,18.77
2014/06/23,19.01,19.47,18.97,19.47,3697944,19.22
2014/06/24,19.37,19.61,19.33,19.37,2081541,19.47
2014/06/25,19.37,19.39,18.81,18.93,2615644,19.10
2014/06/26,18.97,19.53,18.97,19.45,2872346,19.25
2014/06/27,19.51,19.89,19.27,19.63,3008098,19.58
2014/06/30,19.87,19.95,19.53,19.95,3261920,19.74
2014/07/01,20.03,20.03,19.65,19.87,2567240,19.84
2014/07/02,19.87,20.01,19.47,19.87,3119396,19.74
2014/07/03,19.81,20.57,19.67,20.35,5651812,20.12
2014/07/04,20.25,20.93,20.07,20.79,5662403,20.50
2014/07/07,20.63,20.91,20.33,20.85,3603143,20.62
2014/07/08,20.73,20.97,20.41,20.87,3245075,20.69
2014/07/09,20.81,20.89,20.17,20.19,3438585,20.53
2014/07/10,20.11,20.49,20.11,20.21,1875768,20.30
2014/07/11,20.51,22.15,20.43,21.37,13603618,21.29
2014/07/14,21.11,21.95,20.83,21.93,9045961,21.39
2014/07/15,21.71,21.83,21.27,21.65,5118558,21.55
2014/07/16,21.61,23.15,21.45,22.75,13502386,22.30
2014/07/17,22.55,22.75,22.01,22.61,6221533,22.38
2014/07/18,22.31,22.97,21.45,21.51,7067968,22.21
2014/07/21,21.55,23.13,21.55,23.01,9085500,22.34
2014/07/22,22.97,23.69,22.65,23.27,10492349,23.17
2014/07/23,22.91,24.07,22.83,23.17,8077684,23.45
2014/07/24,23.21,23.25,20.93,21.37,7713989,22.09
2014/07/25,21.47,21.87,20.99,21.41,4359638,21.43
2014/07/28,21.47,21.87,21.11,21.57,4549512,21.49
2014/07/29,21.61,22.13,21.37,21.99,4749580,21.75
2014/07/30,22.11,22.15,21.65,21.95,3913924,21.90
2014/07/31,22.09,22.51,21.81,22.47,3846761,22.16
2014/08/01,22.31,22.65,21.87,21.93,3894598,22.26
2014/08/04,21.95,22.29,21.83,22.21,2729352,22.06
2014/08/05,22.21,22.75,21.91,22.63,4938906,22.33
2014/08/06,22.47,22.95,22.37,22.57,3822506,22.66
2014/08/07,22.59,22.77,22.13,22.31,3459819,22.45
2014/08/08,22.31,22.49,22.19,22.39,2025761,22.34
2014/08/11,22.41,22.73,22.25,22.59,3118858,22.49
2014/08/12,22.71,22.95,22.51,22.91,4341392,22.73
2014/08/13,22.91,22.95,22.13,22.67,3555384,22.54
2014/08/14,22.61,23.39,22.49,22.85,5496668,22.94
2014/08/15,22.95,23.33,22.95,23.29,3629655,23.14
2014/08/18,23.27,24.11,23.23,23.77,6028782,23.67
2014/08/19,23.91,24.07,23.31,23.53,4554288,23.69
2014/08/20,23.61,23.97,23.49,23.65,3381537,23.73
2014/08/21,23.61,23.73,23.03,23.39,3380836,23.38
2014/08/22,23.37,23.69,23.21,23.67,3212813,23.45
2014/08/25,23.67,24.07,23.37,23.87,4306494,23.72
2014/08/26,23.87,25.81,23.71,24.87,10485647,24.76
2014/08/27,24.61,25.79,24.39,25.55,8214508,25.09
2014/08/28,25.71,25.71,24.31,24.57,5178726,25.01
2014/08/29,24.41,24.61,23.73,24.61,3557665,24.17
2014/09/01,24.61,25.31,24.51,25.21,3761427,24.91
2014/09/02,25.39,25.41,24.99,25.33,3281359,25.20
2014/09/03,25.37,25.51,24.85,25.23,3986592,25.18
2014/09/04,25.09,27.67,25.09,27.67,11618128,26.38
2014/09/05,27.67,27.87,27.11,27.51,7700722,27.49
2014/09/09,27.49,28.13,27.07,27.43,6280577,27.60
2014/09/10,27.19,27.73,27.11,27.53,4317608,27.42
2014/09/11,27.55,27.83,26.75,26.99,5354212,27.29
2014/09/12,26.71,27.27,26.71,27.19,2537773,26.99
2014/09/15,27.13,27.99,26.99,27.75,4043264,27.49
2014/09/16,27.71,27.97,26.21,26.23,4016008,27.09
2014/09/17,26.31,26.57,25.63,26.19,3142791,26.10
2014/09/18,25.99,26.41,25.97,26.23,1765851,26.19
2014/09/19,26.23,26.97,26.21,26.65,2373595,26.59
2014/09/22,26.59,27.29,26.41,26.65,2237765,26.85
2014/09/23,26.47,27.21,26.41,27.15,2137741,26.81
2014/09/24,27.17,27.75,26.95,27.53,3403084,27.35
2014/09/25,27.71,27.73,26.97,27.19,3085109,27.35
2014/09/26,27.21,27.33,26.71,27.31,2442671,27.02
2014/09/29,27.51,29.25,27.17,28.35,4994294,28.21
2014/09/30,28.01,29.15,27.37,27.67,11811340,28.26
2014/10/08,27.61,28.33,27.21,27.87,4994004,27.77
2014/10/09,27.81,28.07,27.27,27.81,4507452,27.67
2014/10/10,27.73,27.73,27.31,27.53,2737896,27.52
2014/10/13,27.49,27.49,26.61,27.19,3056141,27.05
2014/10/14,27.09,27.61,26.91,27.35,3206992,27.26
2014/10/15,27.39,27.51,26.91,27.27,1889851,27.21
2014/10/16,27.13,28.07,26.97,27.39,4372093,27.52
2014/10/17,27.31,27.31,26.01,26.55,4689909,26.66
2014/10/20,26.45,26.95,26.31,26.59,1644110,26.63
2014/10/21,26.47,26.79,26.37,26.37,1663144,26.58
2014/10/22,26.39,26.73,25.61,25.63,2033187,26.17
2014/10/23,25.63,25.81,24.37,24.89,2668176,25.09
2014/10/24,24.89,25.75,24.57,24.71,3195891,25.16
2014/10/27,24.53,25.29,24.45,25.25,1496120,24.87
2014/10/28,25.29,26.61,25.29,25.93,3303561,25.95
2014/10/29,26.05,26.63,25.85,26.23,2833665,26.24
2014/10/30,26.21,27.01,26.11,26.73,4758258,26.56
2014/10/31,26.73,26.81,26.21,26.61,2597310,26.51
2014/11/03,26.45,27.71,26.45,27.39,4509198,27.08
2014/11/04,27.23,27.71,26.91,27.43,2478382,27.31
2014/11/05,27.31,28.31,27.11,27.59,7882792,27.71
2014/11/06,27.43,28.45,27.43,27.79,5696975,27.94
2014/11/07,27.87,28.01,26.87,26.97,4231681,27.44
2014/11/10,26.97,27.33,26.55,27.31,2931114,26.94
2014/11/11,27.41,27.57,25.57,26.15,5638234,26.57
2014/11/12,25.73,27.41,25.53,26.51,3698916,26.47
2014/11/13,26.35,27.11,25.47,25.63,2720666,26.29
2014/11/14,25.75,25.81,24.97,25.55,1979064,25.39
2014/11/17,25.55,26.21,25.31,26.11,2171090,25.76
2014/11/18,26.11,26.53,25.83,25.97,1907340,26.18
2014/11/19,25.91,26.35,25.83,26.07,1316617,26.09
2014/11/20,26.01,26.15,25.63,25.81,1310924,25.89
2014/11/21,25.77,26.71,25.61,26.49,6095305,26.16
2014/11/24,26.55,27.13,26.23,26.93,3805358,26.68
2014/11/25,27.17,27.91,26.67,27.31,8177598,27.29
2014/11/26,27.31,27.83,26.63,26.89,4790913,27.23
2014/11/27,27.07,27.11,26.63,26.77,3527422,26.87
2014/11/28,26.79,27.09,26.47,26.83,3348165,26.78
2014/12/01,26.85,27.69,26.61,27.39,8479163,27.15
2014/12/02,27.29,27.45,27.01,27.41,4210814,27.23
2014/12/03,27.45,27.65,26.71,27.19,3981708,27.18
2014/12/04,27.19,27.61,26.97,27.21,3844570,27.29
2014/12/05,27.23,27.23,24.81,25.37,5381013,26.02
2014/12/08,25.31,25.51,24.93,24.99,3146366,25.22
2014/12/09,24.87,24.97,23.13,23.21,5620074,24.05
2014/12/10,23.15,24.19,23.05,23.93,3412562,23.62
2014/12/11,23.85,24.21,23.61,24.03,1990550,23.91
2014/12/12,24.05,24.37,23.95,24.29,2380078,24.16
2014/12/15,24.13,24.71,24.13,24.63,2255359,24.42
2014/12/16,24.67,24.67,24.09,24.31,1967888,24.38
2014/12/17,24.19,24.29,23.25,23.43,2963325,23.77
2014/12/18,23.39,23.75,23.17,23.23,1918700,23.46
2014/12/19,23.07,23.31,22.01,22.21,3326769,22.66
2014/12/22,22.03,22.21,20.61,20.69,2706268,21.41
2014/12/23,20.71,21.15,20.67,20.79,1882329,20.91
2014/12/24,20.99,21.47,20.95,21.45,1462248,21.21
2014/12/25,21.61,22.57,21.61,22.37,3652853,22.09
2014/12/26,22.41,22.53,22.01,22.17,2202925,22.27
2014/12/29,22.11,22.31,21.71,21.77,1656355,22.01
2014/12/30,21.57,21.75,21.05,21.23,1441033,21.40
2014/12/31,21.25,21.75,21.11,21.67,976430,21.43
2015/01/05,21.67,21.89,20.81,21.81,1345141,21.35
2015/01/06,21.51,22.63,21.51,22.53,2500373,22.07
2015/01/07,22.53,22.53,21.97,22.19,1431735,22.25
2015/01/08,22.29,22.33,22.05,22.27,1270463,22.19
2015/01/09,22.27,22.47,21.99,22.23,1542809,22.23
2015/01/12,22.11,22.11,21.29,21.43,1216445,21.70
2015/01/13,21.49,21.91,21.33,21.79,890381,21.62
2015/01/14,21.87,21.93,21.53,21.63,963017,21.73
2015/01/15,21.69,21.87,21.59,21.65,865579,21.73
2015/01/16,21.71,22.17,21.69,22.09,1462309,21.93
2015/01/19,21.79,22.53,21.33,21.75,2409975,21.93
2015/01/20,21.85,22.49,21.81,22.45,2519341,22.15
2015/01/21,22.51,23.03,22.47,22.97,2976556,22.75
2015/01/22,23.01,23.31,22.75,23.31,3059526,23.03
2015/01/23,23.31,23.55,22.83,22.89,1601306,23.19
2015/01/26,22.81,23.57,22.81,23.47,1815979,23.19
2015/01/27,23.49,23.91,23.13,23.67,2551711,23.52
2015/01/28,23.61,24.01,23.43,23.85,2165169,23.72
2015/01/29,23.59,24.01,23.49,23.71,1653904,23.75
2015/01/30,23.73,23.79,23.21,23.31,1401913,23.50
2015/02/02,22.99,23.51,22.99,23.33,1236950,23.25
2015/02/03,23.39,23.71,23.33,23.55,1379726,23.52
2015/02/04,23.53,23.69,23.43,23.55,1529207,23.56
2015/02/05,23.57,24.07,23.51,23.67,1821817,23.79
2015/02/06,23.65,23.75,22.77,23.01,1363262,23.26
2015/02/09,22.89,23.07,22.59,22.65,733302,22.83
2015/02/10,22.51,22.93,22.51,22.89,822321,22.72
2015/02/11,22.95,23.01,22.83,22.97,887349,22.92
2015/02/12,23.01,23.31,23.01,23.31,799537,23.16
2015/02/13,23.45,23.91,23.37,23.89,1432639,23.64
2015/02/16,23.81,24.17,23.81,24.17,1641849,23.99
2015/02/17,24.17,24.43,23.81,24.35,2119262,24.12
2015/02/25,24.35,24.41,24.03,24.25,1911531,24.22
2015/02/26,24.29,24.37,24.13,24.37,1349815,24.25
2015/02/27,24.39,24.73,24.39,24.73,1893021,24.56
2015/03/02,24.79,25.35,24.69,25.25,3561515,25.02
2015/03/03,25.17,25.19,24.41,24.51,4498536,24.80
2015/03/04,24.41,25.13,24.31,25.07,3214520,24.72
2015/03/05,25.03,25.53,24.93,25.51,4321233,25.23
2015/03/06,25.59,25.69,24.77,24.89,3875488,25.23
2015/03/09,24.85,25.21,24.55,25.21,2418576,24.88
2015/03/10,25.21,25.65,25.07,25.27,4181903,25.36
2015/03/11,25.37,25.95,25.11,25.81,5642961,25.53
2015/03/12,25.67,25.91,25.27,25.43,4736845,25.59
2015/03/13,25.49,26.03,25.47,25.99,3589837,25.75
2015/03/16,26.31,26.75,26.05,26.65,4049823,26.40
2015/03/17,26.79,26.95,26.27,26.67,4066232,26.61
2015/03/18,26.67,27.47,26.59,27.39,4737781,27.03
2015/03/19,27.45,28.05,26.81,27.27,5372418,27.43
2015/03/20,27.29,27.77,27.29,27.75,4925143,27.53
2015/03/23,27.89,28.17,27.63,28.09,4608518,27.90
2015/03/24,28.57,29.19,27.23,28.43,8660500,28.21
2015/03/25,28.31,29.69,28.13,29.23,8802168,28.91
2015/03/26,29.77,29.77,27.81,28.77,8474923,28.79
2015/03/27,28.67,29.35,28.23,29.13,6361808,28.79
2015/03/30,28.61,28.91,28.29,28.69,8097273,28.60
2015/03/31,28.69,29.71,28.51,29.69,9522388,29.11
2015/04/01,29.85,31.37,29.61,30.87,9794479,30.49
2015/04/02,30.81,32.37,30.69,31.77,8142365,31.53
2015/04/03,31.41,32.67,30.81,32.37,8431497,31.74
2015/04/07,32.61,35.53,32.21,35.53,11765679,33.87
2015/04/08,37.57,39.01,34.43,39.01,23498489,36.72
2015/04/09,38.73,42.83,37.61,42.83,18109587,40.22
2015/04/10,43.61,47.03,42.81,44.81,13935792,44.92
2015/04/13,44.81,49.21,42.61,49.21,12084225,45.91
2015/04/14,49.21,53.37,47.21,48.81,11263036,50.29
2015/04/15,47.81,48.37,45.01,46.81,8379369,46.69
2015/04/16,44.81,48.81,44.81,46.75,5710628,46.81
2015/04/17,46.71,48.81,46.21,47.77,6028158,47.51
2015/04/20,47.65,52.47,46.57,52.47,10512238,49.52
2015/04/21,53.91,57.63,53.91,57.63,3809388,55.77
2015/04/22,63.31,63.31,63.31,63.31,623563,63.31
2015/04/23,64.81,67.21,60.61,63.17,9491055,63.91
2015/04/24,60.85,65.79,60.33,62.51,5829062,63.06
2015/04/27,62.59,64.37,58.41,58.81,6437061,61.39
2015/04/28,57.65,58.79,54.01,54.83,7211322,56.40
2015/04/29,55.35,60.23,55.35,60.23,2966956,57.79
2015/04/30,66.17,66.17,66.17,66.17,1961807,66.17
2015/05/04,64.77,70.79,62.55,62.55,8687062,66.67
2015/05/05,62.61,65.57,62.41,63.21,6593566,63.99
2015/05/06,63.51,69.33,63.51,65.61,5156539,66.42
2015/05/07,70.81,72.09,65.71,72.09,6301030,68.90
2015/05/08,78.15,79.21,75.81,79.21,9290559,77.51
2015/05/11,80.81,83.91,76.81,79.81,7936858,80.36
2015/05/12,79.73,87.71,77.77,87.71,5573900,82.74
2015/05/13,86.81,96.41,80.21,93.07,5086118,88.31
2015/05/14,91.81,98.41,88.81,93.01,3149935,93.61
2015/05/15,90.83,102.23,87.21,102.23,5221591,94.72
2015/05/18,103.01,107.75,98.21,98.21,4764017,102.98
2015/05/19,97.99,107.37,96.01,102.81,3942642,101.69
2015/05/20,100.81,104.81,92.83,96.37,6906112,98.82
2015/05/21,93.83,98.77,93.51,96.63,5201412,96.14
2015/05/22,96.55,98.03,92.81,96.61,4851213,95.42
2015/05/25,98.01,102.85,93.83,100.61,5911952,98.34
2015/05/26,100.77,107.89,97.71,105.81,4049591,102.80
2015/05/27,105.03,108.81,102.43,103.41,2614421,105.62
2015/05/28,102.01,102.81,93.15,94.13,5486768,97.98
2015/05/29,93.11,99.97,84.79,95.75,5304648,92.38
2015/06/01,96.01,102.85,94.61,100.81,6547629,98.73
2015/06/02,101.01,110.81,96.81,110.81,6272927,103.81
2015/06/03,114.81,120.81,110.81,118.61,6956913,115.81
2015/06/04,118.81,120.53,107.21,115.23,4309790,113.87
2015/06/05,116.81,124.41,113.01,119.89,3920527,118.71
2015/06/08,118.81,123.47,113.83,119.89,4473783,118.65
2015/06/09,116.81,119.81,110.83,118.67,7425210,115.32
2015/06/10,114.81,125.53,112.81,120.21,7483483,119.17
2015/06/11,116.17,122.87,116.17,118.81,4088630,119.52
2015/06/12,118.81,122.15,117.03,118.01,3874650,119.59
2015/06/15,118.01,120.21,112.13,114.73,4997884,116.17
2015/06/16,112.85,112.91,103.63,105.19,4901919,108.27
2015/06/17,105.29,112.81,99.07,107.71,4535173,105.94
2015/06/18,110.23,111.81,97.03,97.03,5978368,104.42
2015/06/19,92.59,96.81,87.41,87.41,5930270,92.11
2015/06/23,84.81,90.81,78.75,90.81,6470498,84.78
2015/06/24,90.81,90.81,81.81,82.81,6524881,86.31
2015/06/25,82.81,83.71,74.61,74.67,7884581,79.16
2015/06/26,70.81,70.81,67.29,67.29,3675284,69.05
2015/06/29,66.57,66.57,60.65,60.65,5449667,63.61
2015/06/30,66.57,66.57,60.65,60.65,0,63.61
2015/07/01,66.57,66.57,60.65,60.65,0,63.61
2015/07/02,66.57,66.57,60.65,60.65,0,63.61
2015/07/03,66.57,66.57,60.65,60.65,0,63.61
2015/07/06,66.57,66.57,60.65,60.65,0,63.61
2015/07/07,66.57,66.57,60.65,60.65,0,63.61
2015/07/08,66.57,66.57,60.65,60.65,0,63.61
2015/07/09,66.57,66.57,60.65,60.65,0,63.61
2015/07/10,66.57,66.57,60.65,60.65,0,63.61
2015/07/13,66.57,66.57,60.65,60.65,0,63.61
2015/07/14,66.57,66.57,60.65,60.65,0,63.61
2015/07/15,66.57,66.57,60.65,60.65,0,63.61
2015/07/16,66.57,66.57,60.65,60.65,0,63.61
2015/07/17,66.57,66.57,60.65,60.65,0,63.61
2015/07/20,66.57,66.57,60.65,60.65,0,63.61
2015/07/21,66.57,66.57,60.65,60.65,0,63.61
2015/07/22,66.57,66.57,60.65,60.65,0,63.61
2015/07/23,66.57,66.57,60.65,60.65,0,63.61
2015/07/24,66.57,66.57,60.65,60.65,0,63.61
2015/07/27,66.57,66.57,60.65,60.65,0,63.61
2015/07/28,66.57,66.57,60.65,60.65,0,63.61
2015/07/29,66.57,66.57,60.65,60.65,0,63.61
2015/07/30,66.57,66.57,60.65,60.65,0,63.61
2015/07/31,66.57,66.57,60.65,60.65,0,63.61
2015/08/03,66.57,66.57,60.65,60.65,0,63.61
2015/08/04,66.57,66.57,60.65,60.65,0,63.61
2015/08/05,66.57,66.57,60.65,60.65,0,63.61
2015/08/06,66.57,66.57,60.65,60.65,0,63.61
2015/08/07,66.57,66.57,60.65,60.65,0,63.61
2015/08/10,66.57,66.57,60.65,60.65,0,63.61
2015/08/11,66.57,66.57,60.65,60.65,0,63.61
2015/08/12,66.57,66.57,60.65,60.65,0,63.61
2015/08/13,66.57,66.57,60.65,60.65,0,63.61
2015/08/14,66.57,66.57,60.65,60.65,0,63.61
2015/08/17,66.57,66.57,60.65,60.65,0,63.61
2015/08/18,66.57,66.57,60.65,60.65,0,63.61
2015/08/19,66.57,66.57,60.65,60.65,0,63.61
2015/08/20,66.57,66.57,60.65,60.65,0,63.61
2015/08/21,66.57,66.57,60.65,60.65,0,63.61
2015/08/24,66.57,66.57,60.65,60.65,0,63.61
2015/08/25,66.57,66.57,60.65,60.65,0,63.61
2015/08/26,66.57,66.57,60.65,60.65,0,63.61
2015/08/27,66.57,66.57,60.65,60.65,0,63.61
2015/08/28,66.57,66.57,60.65,60.65,0,63.61
2015/08/31,66.57,66.57,60.65,60.65,0,63.61
2015/09/01,66.57,66.57,60.65,60.65,0,63.61
2015/09/02,66.57,66.57,60.65,60.65,0,63.61
2015/09/07,66.57,66.57,60.65,60.65,0,63.61
2015/09/08,66.57,66.57,60.65,60.65,0,63.61
2015/09/09,66.57,66.57,60.65,60.65,0,63.61
2015/09/10,66.57,66.57,60.65,60.65,0,63.61
2015/09/11,66.57,66.57,60.65,60.65,0,63.61
2015/09/14,66.57,66.57,60.65,60.65,0,63.61
2015/09/15,66.57,66.57,60.65,60.65,0,63.61
2015/09/16,66.57,66.57,60.65,60.65,0,63.61
2015/09/17,66.57,66.57,60.65,60.65,0,63.61
2015/09/18,66.57,66.57,60.65,60.65,0,63.61
2015/09/21,66.57,66.57,60.65,60.65,0,63.61
2015/09/22,66.57,66.57,60.65,60.65,0,63.61
2015/09/23,66.57,66.57,60.65,60.65,0,63.61
2015/09/24,66.57,66.57,60.65,60.65,0,63.61
2015/09/25,54.71,54.71,54.71,54.71,1537800,54.71
2015/09/28,49.37,53.75,49.37,53.27,173574586,51.56
2015/09/29,49.61,50.39,48.05,48.05,129880330,49.22
2015/09/30,48.59,49.55,46.67,47.33,67594047,48.11
2015/10/08,48.71,50.69,47.81,49.55,77322196,49.25
2015/10/09,49.31,50.45,48.47,49.61,55189280,49.46
2015/10/12,50.81,54.47,50.21,54.47,39413001,52.34
2015/10/13,58.01,59.81,56.81,59.81,56349778,58.31
2015/10/14,61.85,63.23,57.05,58.25,115760411,60.14
2015/10/15,57.17,61.43,56.75,60.35,76799353,59.09
2015/10/16,60.77,63.35,58.67,61.31,74364392,61.01
2015/10/19,62.51,67.37,60.53,67.13,81480310,63.95
2015/10/20,65.51,68.81,64.01,67.31,63653139,66.41
2015/10/21,67.31,72.53,61.13,61.91,86505580,66.83
2015/10/22,62.33,67.61,59.93,67.55,71530004,63.77
2015/10/23,68.81,70.49,66.11,68.45,66216259,68.30
2015/10/26,68.57,68.81,64.73,66.71,53199783,66.77
2015/10/27,65.93,66.17,61.01,64.91,45749434,63.59
2015/10/28,64.01,64.61,61.31,61.73,32284618,62.96
2015/10/29,62.21,65.09,61.61,63.23,30193217,63.35
2015/10/30,63.29,64.91,61.07,62.93,30706154,62.99
2015/11/02,56.75,60.41,56.75,56.75,49518003,58.58
2015/11/03,56.27,57.53,53.33,54.05,36359066,55.43
2015/11/04,54.83,57.11,54.29,56.87,37526225,55.70
2015/11/05,56.87,58.79,56.27,57.83,38687258,57.53
2015/11/06,58.37,63.53,57.77,63.53,42582559,60.65
2015/11/09,64.61,67.19,61.97,65.93,74903738,64.58
2015/11/10,64.73,67.73,63.77,66.77,59119733,65.75
2015/11/11,66.11,73.37,65.57,73.37,62044365,69.47
2015/11/12,76.01,80.63,75.41,78.29,97265482,78.02
2015/11/13,74.81,77.51,71.99,73.49,62070483,74.75
2015/11/16,70.01,76.13,69.59,75.77,41746386,72.86
2015/11/17,75.77,82.49,75.77,77.93,61653147,79.13
2015/11/18,77.99,79.85,75.59,75.77,41799440,77.72
2015/11/19,75.11,77.27,72.59,77.09,40645807,74.93
2015/11/20,78.47,84.71,77.69,84.71,83597392,81.20
2015/11/23,88.01,93.11,86.21,90.11,116558887,89.66
2015/11/24,86.27,90.05,85.01,88.73,56845374,87.53
2015/11/25,87.71,93.65,87.71,90.11,55229634,90.68
2015/11/26,90.05,95.75,88.01,93.05,59619671,91.88
2015/11/27,91.01,94.31,83.87,83.99,58906315,89.09
2015/11/30,81.35,86.21,76.07,85.97,51677562,81.14
2015/12/01,85.01,85.31,81.29,82.13,34202793,83.30
2015/12/02,82.97,83.69,76.07,79.13,25581461,79.88
2015/12/03,79.91,83.57,79.01,83.51,26756571,81.29
2015/12/04,83.51,86.15,82.61,83.51,32121888,84.38
2015/12/07,84.35,84.53,81.71,82.67,23815629,83.12
2015/12/08,82.49,82.49,77.21,77.87,29387047,79.85
2015/12/09,76.49,78.11,74.21,75.05,25922164,76.16
2015/12/10,76.19,81.41,75.47,78.41,35902180,78.44
2015/12/11,78.41,79.01,74.45,74.81,24541012,76.73
2015/12/14,73.49,77.45,72.89,77.45,18832747,75.17
2015/12/15,77.45,81.29,77.45,78.59,22491847,79.37
2015/12/16,78.83,81.89,77.63,80.81,30818420,79.76
2015/12/17,80.51,84.29,80.51,83.63,34406248,82.40
2015/12/18,82.91,84.29,80.21,80.39,27556385,82.25
2015/12/21,79.49,81.35,78.95,80.51,20057509,80.15
2015/12/22,79.97,82.37,79.91,81.05,18102188,81.14
2015/12/23,80.93,81.41,77.27,77.81,23605502,79.34
2015/12/24,77.15,78.71,75.29,77.93,14311986,77.00
2015/12/25,78.47,80.57,77.93,78.77,14144554,79.25
2015/12/28,78.89,79.85,76.25,76.25,17766113,78.05
2015/12/29,76.01,77.21,74.69,77.21,12629073,75.95
2015/12/30,76.91,79.55,76.91,78.35,14300855,78.23
2015/12/31,78.89,78.89,75.89,76.49,14292519,77.39
2016/01/04,76.49,76.97,68.93,68.99,14627814,72.95
2016/01/05,63.05,68.81,62.21,64.25,22227973,65.51
2016/01/06,65.09,67.43,61.67,67.13,18151002,64.55
2016/01/07,65.75,65.75,60.53,60.53,4115100,63.14
2016/01/08,62.21,63.41,55.61,59.75,20501982,59.51
2016/01/11,58.25,62.81,56.69,60.53,30586813,59.75
2016/01/12,60.71,61.91,57.95,60.77,19291199,59.93
2016/01/13,61.01,63.35,60.53,61.13,24413104,61.94
2016/01/14,58.49,67.13,57.41,66.71,32617101,62.27
2016/01/15,65.51,66.59,61.67,62.57,27717387,64.13
2016/01/18,61.37,65.21,60.53,63.41,16158822,62.87
2016/01/19,62.99,65.51,61.37,65.21,21277358,63.44
2016/01/20,64.55,64.91,61.85,62.45,18613109,63.38
2016/01/21,61.01,63.23,58.01,58.43,14786128,60.62
2016/01/22,59.81,60.35,57.05,59.87,12454162,58.70
2016/01/25,61.97,62.51,60.65,61.91,12662806,61.58
2016/01/26,61.61,61.61,55.85,56.21,13536532,58.73
2016/01/27,56.27,57.41,50.69,53.99,15869542,54.05
2016/01/28,52.55,53.69,49.01,49.01,10692364,51.35
2016/01/29,48.95,52.13,48.95,51.23,10863299,50.54
2016/02/01,51.29,51.95,49.31,50.39,7792381,50.63
2016/02/02,51.17,55.31,50.69,55.31,16964841,53.00
2016/02/03,55.01,56.63,54.11,56.39,22089408,55.37
2016/02/04,55.91,58.61,55.49,57.53,14259320,57.05
2016/02/05,57.89,60.11,56.99,57.83,12450777,58.55
2016/02/15,55.79,59.81,55.31,58.61,14926172,57.56
2016/02/16,59.39,64.37,58.91,63.23,19250719,61.64
2016/02/17,62.39,66.77,62.33,65.21,23472534,64.55
2016/02/18,65.57,68.63,63.47,65.27,23400471,66.05
2016/02/19,65.81,66.83,64.07,65.63,18818450,65.45
2016/02/22,67.19,69.11,65.75,67.43,19708655,67.43
2016/02/23,67.61,69.23,67.07,68.81,23246513,68.15
2016/02/24,70.01,70.01,62.93,67.55,18375430,66.47
2016/02/25,67.01,67.25,60.89,63.11,20932506,64.07
2016/02/26,63.59,63.59,60.29,62.33,9958683,61.94
2016/02/29,61.43,63.53,56.51,61.55,17462931,60.02
2016/03/01,62.03,63.59,60.11,62.87,15617557,61.85
2016/03/02,62.69,66.59,62.21,66.47,19532030,64.40
2016/03/03,67.01,68.81,65.57,66.95,19662878,67.19
2016/03/04,68.15,68.15,62.21,65.63,17325364,65.18
2016/03/07,65.75,71.81,65.69,70.73,31079237,68.75
2016/03/08,69.95,75.47,67.31,74.93,37883983,71.39
2016/03/09,73.19,77.75,71.81,71.93,23660171,74.78
2016/03/10,72.41,73.31,69.77,70.43,13697527,71.54
2016/03/11,69.11,71.81,68.99,69.47,10743854,70.40
2016/03/14,70.25,73.97,70.07,73.13,19811550,72.02
2016/03/15,72.47,76.01,71.93,74.15,19212964,73.97
2016/03/16,75.83,75.83,71.21,72.83,12861241,73.52
2016/03/17,75.83,75.83,71.21,72.83,0,73.52
2016/03/18,75.83,75.83,71.21,72.83,0,73.52
2016/03/21,75.83,75.83,71.21,72.83,0,73.52
2016/03/22,75.83,75.83,71.21,72.83,0,73.52
2016/03/23,75.83,75.83,71.21,72.83,0,73.52
2016/03/24,75.83,75.83,71.21,72.83,0,73.52
2016/03/25,75.83,75.83,71.21,72.83,0,73.52
2016/03/28,75.83,75.83,71.21,72.83,0,73.52
2016/03/29,75.83,75.83,71.21,72.83,0,73.52
2016/03/30,75.83,75.83,71.21,72.83,0,73.52
2016/03/31,75.83,75.83,71.21,72.83,0,73.52
2016/04/01,75.83,75.83,71.21,72.83,0,73.52
2016/04/05,75.83,75.83,71.21,72.83,0,73.52
2016/04/06,75.83,75.83,71.21,72.83,0,73.52
2016/04/07,75.83,75.83,71.21,72.83,0,73.52
2016/04/08,75.83,75.83,71.21,72.83,0,73.52
2016/04/11,75.83,75.83,71.21,72.83,0,73.52
2016/04/12,75.83,75.83,71.21,72.83,0,73.52
2016/04/13,75.83,75.83,71.21,72.83,0,73.52
2016/04/14,75.83,75.83,71.21,72.83,0,73.52
2016/04/15,75.83,75.83,71.21,72.83,0,73.52
2016/04/18,75.83,75.83,71.21,72.83,0,73.52
2016/04/19,75.83,75.83,71.21,72.83,0,73.52
2016/04/20,75.83,75.83,71.21,72.83,0,73.52
2016/04/21,75.83,75.83,71.21,72.83,0,73.52
2016/04/22,75.83,75.83,71.21,72.83,0,73.52
2016/04/25,75.83,75.83,71.21,72.83,0,73.52
2016/04/26,75.83,75.83,71.21,72.83,0,73.52
2016/04/27,75.83,75.83,71.21,72.83,0,73.52
2016/04/28,75.83,75.83,71.21,72.83,0,73.52
2016/04/29,75.83,75.83,71.21,72.83,0,73.52
2016/05/03,75.83,75.83,71.21,72.83,0,73.52
2016/05/04,75.83,75.83,71.21,72.83,0,73.52
2016/05/05,75.83,75.83,71.21,72.83,0,73.52
2016/05/06,75.83,75.83,71.21,72.83,0,73.52
2016/05/09,75.83,75.83,71.21,72.83,0,73.52
2016/05/10,75.83,75.83,71.21,72.83,0,73.52
2016/05/11,75.83,75.83,71.21,72.83,0,73.52
2016/05/12,75.83,75.83,71.21,72.83,0,73.52
2016/05/13,75.83,75.83,71.21,72.83,0,73.52
2016/05/16,75.83,75.83,71.21,72.83,0,73.52
2016/05/17,75.83,75.83,71.21,72.83,0,73.52
2016/05/18,75.83,75.83,71.21,72.83,0,73.52
2016/05/19,75.83,75.83,71.21,72.83,0,73.52
2016/05/20,75.83,75.83,71.21,72.83,0,73.52
2016/05/23,75.83,75.83,71.21,72.83,0,73.52
2016/05/24,75.83,75.83,71.21,72.83,0,73.52
2016/05/25,75.83,75.83,71.21,72.83,0,73.52
2016/05/26,75.83,75.83,71.21,72.83,0,73.52
2016/05/27,75.83,75.83,71.21,72.83,0,73.52
2016/05/30,75.83,75.83,71.21,72.83,0,73.52
2016/05/31,75.83,75.83,71.21,72.83,0,73.52
2016/06/01,75.83,75.83,71.21,72.83,0,73.52
2016/06/02,75.83,75.83,71.21,72.83,0,73.52
2016/06/03,75.83,75.83,71.21,72.83,0,73.52
2016/06/06,75.83,75.83,71.21,72.83,0,73.52
2016/06/07,75.83,75.83,71.21,72.83,0,73.52
2016/06/08,75.83,75.83,71.21,72.83,0,73.52
2016/06/13,75.83,75.83,71.21,72.83,0,73.52
2016/06/14,75.83,75.83,71.21,72.83,0,73.52
2016/06/15,75.83,75.83,71.21,72.83,0,73.52
2016/06/16,75.83,75.83,71.21,72.83,0,73.52
2016/06/17,75.83,75.83,71.21,72.83,0,73.52
2016/06/20,75.83,75.83,71.21,72.83,0,73.52
2016/06/21,75.83,75.83,71.21,72.83,0,73.52
2016/06/22,75.83,75.83,71.21,72.83,0,73.52
2016/06/23,75.83,75.83,71.21,72.83,0,73.52
2016/06/24,75.83,75.83,71.21,72.83,0,73.52
2016/06/27,75.83,75.83,71.21,72.83,0,73.52
2016/06/28,75.83,75.83,71.21,72.83,0,73.52
2016/06/29,75.83,75.83,71.21,72.83,0,73.52
2016/06/30,75.83,75.83,71.21,72.83,0,73.52
2016/07/01,75.83,75.83,71.21,72.83,0,73.52
2016/07/04,75.83,75.83,71.21,72.83,0,73.52
2016/07/05,75.83,75.83,71.21,72.83,0,73.52
2016/07/06,75.83,75.83,71.21,72.83,0,73.52
2016/07/07,75.83,75.83,71.21,72.83,0,73.52
2016/07/08,75.83,75.83,71.21,72.83,0,73.52
2016/07/11,75.83,75.83,71.21,72.83,0,73.52
2016/07/12,75.83,75.83,71.21,72.83,0,73.52
2016/07/13,75.83,75.83,71.21,72.83,0,73.52
2016/07/14,75.83,75.83,71.21,72.83,0,73.52
2016/07/15,75.83,75.83,71.21,72.83,0,73.52
2016/07/18,75.83,75.83,71.21,72.83,0,73.52
2016/07/19,75.83,75.83,71.21,72.83,0,73.52
2016/07/20,75.83,75.83,71.21,72.83,0,73.52
2016/07/21,75.83,75.83,71.21,72.83,0,73.52
2016/07/22,75.83,75.83,71.21,72.83,0,73.52
2016/07/25,75.83,75.83,71.21,72.83,0,73.52
2016/07/26,75.83,75.83,71.21,72.83,0,73.52
2016/07/27,75.83,75.83,71.21,72.83,0,73.52
2016/07/28,75.83,75.83,71.21,72.83,0,73.52
2016/07/29,75.83,75.83,71.21,72.83,0,73.52
2016/08/01,75.83,75.83,71.21,72.83,0,73.52
2016/08/02,75.83,75.83,71.21,72.83,0,73.52
2016/08/03,75.83,75.83,71.21,72.83,0,73.52
2016/08/04,75.83,75.83,71.21,72.83,0,73.52
2016/08/05,75.83,75.83,71.21,72.83,0,73.52
2016/08/08,75.83,75.83,71.21,72.83,0,73.52
