Date, SZ300026.Open, SZ300026.High, SZ300026.Low, SZ300026.Close, SZ300026.Volume, SZ300026.Adjusted
2009/10/30,97.15,145.50,87.00,106.50,9167552,104.80
2009/11/02,95.85,99.00,95.85,95.85,3794956,96.29
2009/11/03,94.70,96.38,89.23,90.50,2008259,92.76
2009/11/04,94.01,95.00,92.00,92.70,1151275,93.19
2009/11/05,92.80,95.79,90.58,93.75,1568513,93.45
2009/11/06,93.18,93.18,89.70,90.58,1082176,91.18
2009/11/09,90.89,90.90,88.66,89.18,722969,89.40
2009/11/10,89.30,89.80,87.06,87.12,989954,88.03
2009/11/11,86.89,87.66,85.50,86.99,608693,86.35
2009/11/12,87.20,88.76,86.99,87.58,627112,87.96
2009/11/13,87.88,93.99,87.58,91.50,1358831,91.56
2009/11/16,91.40,91.46,89.68,90.85,806860,90.32
2009/11/17,91.04,91.98,90.05,90.48,456026,90.88
2009/11/18,90.00,92.88,90.00,92.37,919245,91.77
2009/11/19,92.42,100.99,91.98,96.79,2302426,96.79
2009/11/20,96.00,97.48,94.51,95.82,947784,95.75
2009/11/23,96.10,99.88,96.10,99.30,1139859,98.21
2009/11/24,100.00,100.00,90.10,91.65,1131452,96.33
2009/11/25,91.70,97.68,90.36,97.00,1043074,94.97
2009/11/26,97.00,100.50,96.50,97.59,1819867,98.58
2009/11/27,97.98,102.46,96.65,100.89,1755032,99.74
2009/11/30,101.50,102.60,96.72,99.51,1174806,98.97
2009/12/01,99.61,99.89,96.91,98.55,1017604,98.08
2009/12/02,99.03,103.97,98.50,101.50,1742408,101.52
2009/12/03,101.00,111.50,100.00,111.33,1968694,105.59
2009/12/04,105.90,108.46,100.20,101.00,1830799,103.25
2009/12/07,100.30,104.98,100.30,103.00,714648,102.49
2009/12/08,102.39,104.65,99.00,102.62,1107020,101.53
2009/12/09,101.97,104.51,100.66,101.97,1154973,103.19
2009/12/10,101.68,102.97,100.00,100.41,824998,100.96
2009/12/11,100.08,100.98,96.00,96.69,879555,98.23
2009/12/14,96.69,97.48,93.68,95.52,618314,95.41
2009/12/15,96.00,97.66,95.52,95.71,422213,96.30
2009/12/16,95.20,95.95,93.52,94.00,604933,94.13
2009/12/17,93.70,94.00,89.00,89.79,586940,91.17
2009/12/18,89.43,92.00,86.30,90.60,771678,88.96
2009/12/21,89.59,91.27,89.18,91.20,320386,90.69
2009/12/22,91.50,91.50,87.00,87.04,459095,88.29
2009/12/23,87.00,89.79,86.90,88.70,341936,88.64
2009/12/24,87.51,91.17,87.50,90.85,432091,89.96
2009/12/25,90.16,90.77,87.12,89.30,454440,89.60
2009/12/28,89.01,90.81,89.01,89.94,308196,90.12
2009/12/29,90.00,90.80,89.11,90.39,306837,90.06
2009/12/30,90.39,94.50,90.12,91.96,530801,92.28
2009/12/31,92.00,92.56,90.54,91.20,272743,91.20
2010/01/04,91.80,92.98,90.70,91.70,247084,91.77
2010/01/05,91.70,92.69,91.02,92.63,323146,91.88
2010/01/06,92.30,92.30,91.49,91.73,265752,91.98
2010/01/07,91.30,91.67,88.51,89.95,389605,89.83
2010/01/08,89.03,89.20,87.00,88.48,327384,87.90
2010/01/11,88.00,89.87,87.03,88.83,301034,88.56
2010/01/12,88.83,91.53,88.44,91.00,393106,90.64
2010/01/13,89.61,91.99,89.58,91.04,284326,90.72
2010/01/14,91.05,94.30,91.05,93.85,525909,93.44
2010/01/15,93.58,94.69,92.30,92.51,292846,92.87
2010/01/18,92.09,92.84,91.25,91.88,282512,92.11
2010/01/19,92.79,94.50,92.01,92.68,727734,93.12
2010/01/20,91.11,92.20,87.00,88.10,507305,89.54
2010/01/21,88.12,88.98,88.10,88.42,228125,88.53
2010/01/22,88.42,88.42,85.00,85.87,408446,86.10
2010/01/25,85.15,85.60,84.42,84.42,275383,84.84
2010/01/26,84.96,86.38,83.61,84.16,292025,84.97
2010/01/27,84.65,85.00,83.68,83.85,199901,84.08
2010/01/28,82.99,83.54,81.20,81.35,361421,82.36
2010/01/29,81.41,84.31,81.02,83.61,453672,83.53
2010/02/01,75.60,84.58,75.60,80.38,2038424,79.30
2010/02/02,80.02,80.49,78.28,78.42,426685,79.63
2010/02/03,78.30,79.40,75.05,78.75,433291,77.00
2010/02/04,78.01,80.45,77.30,79.30,323395,79.27
2010/02/05,78.52,84.85,78.40,81.89,585843,81.97
2010/02/08,81.97,84.44,81.80,83.62,352304,83.33
2010/02/09,83.52,83.86,82.66,82.83,151754,83.12
2010/02/10,82.98,85.45,82.98,85.17,482769,84.65
2010/02/11,84.90,86.80,84.40,85.22,355327,85.71
2010/02/12,85.30,88.40,85.30,87.98,338720,86.71
2010/02/22,87.10,87.79,85.70,86.40,398809,86.59
2010/02/23,86.30,87.35,85.70,87.18,321128,86.50
2010/02/24,87.17,91.50,87.10,90.80,607288,90.08
2010/02/25,91.02,93.19,90.85,91.31,558691,91.89
2010/02/26,91.99,94.45,91.04,93.88,698978,93.51
2010/03/01,94.51,96.87,92.50,96.20,825003,94.99
2010/03/02,96.26,96.60,94.80,95.66,579501,95.57
2010/03/03,95.02,95.97,92.00,93.77,726261,93.63
2010/03/04,93.01,94.88,89.91,91.50,580589,91.86
2010/03/05,90.99,95.55,90.99,95.25,712559,93.11
2010/03/08,95.15,96.49,94.30,96.18,862385,95.59
2010/03/09,96.09,98.00,93.71,97.48,636333,96.62
2010/03/10,97.45,99.89,93.50,93.65,1100682,96.09
2010/03/11,93.62,96.50,91.60,96.18,1010665,93.88
2010/03/12,96.50,98.88,95.51,97.84,1317800,97.54
2010/03/15,98.89,103.80,98.88,101.88,1779150,101.86
2010/03/16,100.80,102.60,99.58,102.10,1199416,100.97
2010/03/17,101.00,104.20,100.00,104.00,1670405,101.87
2010/03/18,102.80,102.80,98.88,98.92,1818389,100.02
2010/03/19,99.59,99.60,97.28,98.18,903703,98.14
2010/03/22,98.68,100.20,97.80,100.00,1082003,98.98
2010/03/23,100.00,103.15,99.70,102.58,1186232,101.75
2010/03/24,103.57,106.56,102.50,102.66,1406021,104.35
2010/03/25,101.99,107.50,101.90,106.66,1357257,105.22
2010/03/26,104.50,105.88,102.00,103.50,978261,103.79
2010/03/29,103.31,105.49,100.10,103.65,860770,103.03
2010/03/30,103.00,108.28,103.00,106.95,930427,106.81
2010/03/31,106.97,110.60,106.96,108.00,931956,109.16
2010/04/01,109.09,118.80,108.68,114.00,1857607,115.73
2010/04/02,113.00,116.48,111.01,114.90,1058550,113.54
2010/04/06,114.70,119.53,113.05,119.05,1165597,117.83
2010/04/07,119.10,119.10,116.71,118.50,838747,117.79
2010/04/08,117.90,120.80,113.58,113.70,913568,117.30
2010/04/09,113.69,119.00,113.54,118.79,835522,117.15
2010/04/12,117.00,126.80,117.00,125.60,1440045,122.62
2010/04/13,124.99,125.51,113.04,113.04,1684887,117.15
2010/04/14,111.10,114.60,109.21,112.27,861424,111.79
2010/04/15,112.58,112.74,101.05,103.05,1355655,105.55
2010/04/16,102.64,107.50,102.00,105.50,822419,105.57
2010/04/19,104.50,109.86,104.03,105.59,933743,107.20
2010/04/20,105.39,109.50,98.00,108.60,873390,104.32
2010/04/21,107.49,119.18,107.13,116.40,1074920,115.42
2010/04/22,107.49,119.18,107.13,116.40,0,113.16
2010/04/23,119.18,125.49,119.01,122.98,1535389,122.61
2010/04/26,121.52,126.11,115.50,118.30,1195108,120.59
2010/04/27,115.80,117.50,110.13,114.97,796220,113.25
2010/04/28,108.50,110.50,104.00,105.88,1179357,107.11
2010/04/29,105.31,109.87,105.31,106.90,983667,107.93
2010/04/30,106.00,107.94,102.00,103.47,864184,103.99
2010/05/04,102.18,108.68,100.01,107.20,520244,106.71
2010/05/05,107.00,111.00,105.18,110.03,638716,107.99
2010/05/06,109.50,109.50,103.15,104.10,680263,105.81
2010/05/07,101.50,103.99,97.12,100.01,801085,100.63
2010/05/10,98.50,99.50,90.06,90.06,1964558,94.78
2010/05/11,90.92,91.50,81.70,82.88,1616789,86.60
2010/05/12,81.80,84.10,78.50,82.90,968429,81.30
2010/05/13,82.90,86.50,81.06,86.10,866894,83.78
2010/05/14,85.06,87.50,83.70,85.54,669098,85.60
2010/05/17,85.02,85.02,80.10,80.46,737030,82.56
2010/05/18,80.30,83.14,78.74,82.32,478864,80.94
2010/05/19,82.10,86.26,80.88,84.08,724511,83.57
2010/05/20,82.90,85.10,81.18,81.68,543002,83.14
2010/05/21,78.52,83.90,78.26,83.68,809539,81.08
2010/05/24,84.00,88.70,83.80,88.10,1085892,86.25
2010/05/25,87.80,87.80,84.50,85.76,763439,86.15
2010/05/26,85.40,86.90,84.60,85.32,470513,85.75
2010/05/27,85.30,93.58,84.76,92.10,1393731,89.17
2010/05/28,92.50,96.26,92.50,95.06,1716592,94.38
2010/05/31,94.70,96.96,91.64,91.74,1012096,94.30
2010/06/01,89.70,91.10,84.14,88.00,955526,87.62
2010/06/02,87.90,89.80,86.10,89.70,604276,87.95
2010/06/03,90.40,94.10,89.72,90.00,972955,91.91
2010/06/04,88.70,92.90,88.70,92.90,800222,90.80
2010/06/07,90.50,99.10,90.06,98.28,2245497,94.58
2010/06/08,98.30,99.44,94.86,97.06,1139477,97.15
2010/06/09,97.68,102.10,96.50,98.22,1899141,99.30
2010/06/10,98.50,101.16,97.60,100.12,998500,99.38
2010/06/11,100.30,105.50,99.50,102.88,1686179,102.50
2010/06/17,104.26,104.48,94.86,94.86,1556719,99.67
2010/06/18,93.50,93.84,85.66,85.82,1602236,89.75
2010/06/21,85.20,89.10,81.74,88.12,1072421,85.42
2010/06/22,88.08,89.38,86.66,86.72,630339,88.02
2010/06/23,86.04,88.48,85.52,87.56,620594,87.00
2010/06/24,87.54,88.48,86.70,86.80,447223,87.59
2010/06/25,86.26,86.88,81.92,83.76,686086,84.40
2010/06/28,83.64,83.70,80.86,81.58,544246,82.28
2010/06/29,81.74,82.46,74.52,74.94,1171196,78.49
2010/06/30,72.96,77.50,72.22,77.00,725512,74.86
2010/07/01,76.28,77.56,73.30,75.30,524224,75.43
2010/07/02,74.98,75.66,71.50,75.12,523291,73.58
2010/07/05,73.22,80.28,73.22,78.84,862290,76.75
2010/07/06,78.84,86.10,78.12,83.30,1387411,82.11
2010/07/07,83.30,84.50,82.10,83.98,778994,83.30
2010/07/08,84.10,84.10,81.50,83.20,684567,82.80
2010/07/09,82.50,85.34,81.60,85.12,931732,83.47
2010/07/12,85.12,85.12,82.60,83.00,890065,83.86
2010/07/13,81.52,82.80,78.68,81.66,790894,80.74
2010/07/14,81.70,83.46,81.70,83.00,658936,82.58
2010/07/15,82.54,83.10,80.50,80.70,446456,81.80
2010/07/16,79.50,80.68,78.12,79.76,569558,79.40
2010/07/19,78.32,81.36,78.20,81.32,570140,79.78
2010/07/20,81.84,85.66,81.42,85.14,1049209,83.54
2010/07/21,85.30,86.44,84.20,84.80,946213,85.32
2010/07/22,84.52,86.80,84.20,86.50,758595,85.50
2010/07/23,86.30,87.26,85.20,86.56,639151,86.23
2010/07/26,86.70,87.66,85.26,86.56,509094,86.46
2010/07/27,86.50,86.86,85.34,85.90,514659,86.10
2010/07/28,86.46,88.50,85.74,88.36,881909,87.12
2010/07/29,88.50,89.26,86.60,87.18,812322,87.93
2010/07/30,86.66,87.50,84.92,86.40,769685,86.21
2010/08/02,86.40,88.46,85.84,88.46,791866,87.15
2010/08/03,88.90,92.04,87.82,89.00,1317329,89.93
2010/08/04,88.50,90.46,86.66,89.04,640701,88.56
2010/08/05,89.02,92.10,88.70,90.18,929361,90.40
2010/08/06,90.46,94.50,89.50,94.10,1385438,92.00
2010/08/09,94.70,94.80,93.50,94.50,1285134,94.15
2010/08/10,94.96,95.22,90.26,90.30,1252893,92.74
2010/08/11,89.46,91.42,88.50,89.58,667066,89.96
2010/08/12,88.76,89.80,87.56,87.60,705016,88.68
2010/08/13,87.70,89.42,86.52,89.34,699950,87.97
2010/08/16,89.72,93.30,89.02,92.30,1009561,91.16
2010/08/17,92.26,92.50,90.36,90.94,776183,91.43
2010/08/18,91.10,92.50,90.82,91.42,631545,91.66
2010/08/19,91.64,92.26,89.26,89.76,682186,90.76
2010/08/20,89.72,89.72,86.32,86.48,902875,88.02
2010/08/23,84.70,85.62,82.50,84.26,953621,84.06
2010/08/24,83.22,84.98,82.66,84.20,585629,83.82
2010/08/25,84.06,84.06,81.90,82.06,666897,82.98
2010/08/26,82.06,83.66,81.76,83.14,407725,82.71
2010/08/27,83.18,84.14,82.10,83.80,492639,83.12
2010/08/30,84.48,85.86,83.70,85.10,717230,84.78
2010/08/31,84.50,85.38,83.02,83.66,792018,84.20
2010/09/01,83.52,83.70,78.32,79.20,1577612,81.01
2010/09/02,79.46,81.70,78.50,80.80,865641,80.10
2010/09/03,81.10,82.12,79.52,81.56,759601,80.82
2010/09/06,81.66,82.28,79.14,80.02,707677,80.71
2010/09/07,79.52,82.04,79.22,81.54,702466,80.63
2010/09/08,79.52,82.04,79.22,81.54,0,80.63
2010/09/09,81.50,84.88,80.92,82.86,1183187,82.90
2010/09/10,83.22,91.10,83.22,91.10,3001263,87.16
2010/09/13,91.18,92.50,88.46,89.18,2056172,90.48
2010/09/14,89.50,89.70,86.30,86.54,1273927,88.00
2010/09/15,86.58,87.42,82.08,82.86,1380779,84.75
2010/09/16,82.50,83.60,79.78,80.34,937828,81.69
2010/09/17,80.46,81.86,79.90,80.10,636981,80.88
2010/09/20,80.10,81.34,78.30,78.52,535540,79.82
2010/09/21,79.16,79.16,76.90,77.84,494903,78.03
2010/09/27,78.50,80.06,77.90,79.50,548508,78.98
2010/09/28,79.90,79.90,78.10,78.48,467420,79.00
2010/09/29,78.46,78.46,75.34,75.80,719302,76.90
2010/09/30,75.58,77.24,74.66,76.80,384835,75.95
2010/10/08,76.70,78.80,76.70,78.30,550348,77.75
2010/10/11,78.50,83.06,78.00,82.28,1358479,80.53
2010/10/12,81.50,82.46,80.10,80.78,1111304,81.28
2010/10/13,80.80,82.26,79.70,81.24,1071034,80.98
2010/10/14,82.06,82.06,78.50,78.56,1243952,80.28
2010/10/15,77.12,79.02,76.60,76.94,747880,77.81
2010/10/18,77.50,77.50,74.50,76.12,685266,76.00
2010/10/19,76.40,83.68,76.40,83.68,2950895,80.04
2010/10/20,83.72,90.58,83.72,86.50,2683049,87.15
2010/10/21,86.90,89.02,85.50,87.96,1927506,87.26
2010/10/22,87.90,94.26,87.90,93.06,2289316,91.08
2010/10/25,93.06,94.48,90.50,92.40,2003525,92.49
2010/10/26,91.28,91.30,87.72,88.94,1654575,89.51
2010/10/27,89.38,97.14,89.38,91.24,1745048,93.26
2010/10/28,90.70,91.90,87.46,89.04,925058,89.68
2010/10/29,88.82,93.40,88.50,89.80,1295730,90.95
2010/11/01,90.26,96.50,90.26,95.68,2069183,93.38
2010/11/02,95.80,96.20,91.40,92.50,2262203,93.80
2010/11/03,91.06,92.96,89.30,91.06,1671679,91.13
2010/11/04,90.78,91.30,89.10,90.40,1136795,90.20
2010/11/05,90.50,92.48,89.96,91.26,1028365,91.22
2010/11/08,91.70,94.10,91.10,93.30,2297427,92.60
2010/11/09,93.36,97.56,91.90,97.50,2984817,94.73
2010/11/10,97.50,104.86,96.92,102.08,3355050,100.89
2010/11/11,101.50,103.10,99.54,100.10,2009654,101.32
2010/11/12,98.46,101.90,93.52,94.34,1864338,97.71
2010/11/15,94.32,100.36,94.32,100.36,2506658,97.34
2010/11/16,100.56,106.48,95.50,97.20,3450485,100.99
2010/11/17,96.26,97.10,88.92,90.10,2028875,93.01
2010/11/18,91.34,94.86,88.50,93.40,1483751,91.68
2010/11/19,93.56,97.70,92.86,97.40,1480197,95.28
2010/11/22,98.48,101.90,97.42,100.30,2086090,99.66
2010/11/23,100.20,100.30,96.54,100.26,1295176,98.42
2010/11/24,98.68,104.36,98.68,104.08,1858299,101.52
2010/11/25,104.40,105.50,100.16,102.18,1594517,102.83
2010/11/26,101.62,105.26,100.12,104.30,1504657,102.69
2010/11/29,104.18,107.82,103.30,106.42,1612485,105.56
2010/11/30,105.50,107.06,98.50,100.48,1674281,102.78
2010/12/01,100.90,101.62,99.10,100.96,677911,100.36
2010/12/02,101.02,101.48,98.06,98.36,1610202,99.77
2010/12/03,98.52,98.60,95.04,95.94,986197,96.82
2010/12/06,96.26,96.90,92.58,93.16,700387,94.74
2010/12/07,93.34,95.28,92.26,95.22,861013,93.77
2010/12/08,95.40,96.72,94.68,94.76,502439,95.70
2010/12/09,94.48,99.10,94.48,98.24,1581502,96.79
2010/12/10,97.70,100.56,96.90,100.32,912856,98.73
2010/12/13,101.18,102.04,99.80,101.20,1458883,100.92
2010/12/14,101.60,102.00,100.20,100.86,708226,101.10
2010/12/15,100.68,101.06,98.40,98.52,991963,99.73
2010/12/16,98.38,100.12,97.70,98.90,606825,98.91
2010/12/17,98.58,100.04,97.62,98.10,633784,98.83
2010/12/20,98.50,99.60,94.10,95.06,1125083,96.85
2010/12/21,95.90,96.70,94.60,96.14,466621,95.65
2010/12/22,96.14,97.20,95.06,95.14,449007,96.13
2010/12/23,94.86,96.20,93.80,94.16,502887,95.00
2010/12/24,94.16,94.70,92.80,93.26,299584,93.75
2010/12/27,92.90,94.26,88.52,89.50,814466,91.39
2010/12/28,89.50,89.80,86.70,86.80,551872,88.25
2010/12/29,87.10,89.10,86.32,89.10,1082805,87.71
2010/12/30,88.52,88.86,86.50,87.62,830599,87.68
2010/12/31,87.50,90.36,87.50,90.36,526040,88.93
2011/01/04,90.74,90.74,89.84,90.30,526734,90.29
2011/01/05,90.30,91.50,88.90,89.68,592227,90.20
2011/01/06,89.84,90.80,88.80,89.26,577787,89.80
2011/01/07,89.26,90.30,87.52,88.30,539720,88.91
2011/01/10,88.50,88.50,86.02,86.10,643391,87.26
2011/01/11,86.10,86.10,82.72,84.40,668849,84.41
2011/01/12,84.40,85.78,84.30,85.10,355361,85.04
2011/01/13,85.36,85.50,83.50,84.22,392206,84.50
2011/01/14,85.36,85.50,83.50,84.22,0,84.50
2011/01/17,82.90,83.06,78.90,79.78,1002158,80.98
2011/01/18,78.90,81.36,78.90,80.68,188486,80.13
2011/01/19,81.28,82.30,80.50,82.30,306770,81.40
2011/01/20,82.50,83.36,79.50,79.90,310699,81.43
2011/01/21,79.86,81.06,79.06,79.50,277314,80.06
2011/01/24,79.70,81.70,78.46,80.10,395844,80.08
2011/01/25,79.50,79.90,78.10,79.14,261970,79.00
2011/01/26,79.10,81.26,79.10,81.08,184693,80.18
2011/01/27,79.90,83.50,79.90,82.72,457941,81.70
2011/01/28,82.60,84.06,82.10,83.70,476576,83.08
2011/01/31,82.60,84.06,82.10,83.70,0,83.08
2011/02/01,84.46,84.46,82.90,83.66,270376,83.68
2011/02/09,83.50,84.26,81.50,81.74,306055,82.88
2011/02/10,82.06,84.48,81.42,84.34,457345,82.95
2011/02/11,84.06,85.78,83.90,85.12,652017,84.84
2011/02/14,85.70,85.80,84.30,85.32,760401,85.05
2011/02/15,85.50,89.28,85.16,88.30,1289053,87.22
2011/02/16,88.10,88.86,87.60,88.86,430861,88.23
2011/02/17,89.06,89.50,88.20,89.00,495019,88.85
2011/02/18,88.56,90.10,86.70,87.30,497878,88.40
2011/02/21,87.20,89.10,86.10,88.90,655889,87.60
2011/02/22,88.94,89.26,85.46,85.46,899729,87.36
2011/02/23,84.90,86.08,84.50,85.86,535595,85.29
2011/02/24,85.46,88.30,84.86,86.04,389524,86.58
2011/02/25,85.82,85.86,83.86,84.48,716002,84.86
2011/02/28,84.50,86.70,84.10,86.40,350088,85.40
2011/03/01,86.40,88.50,85.92,87.24,486921,87.21
2011/03/02,87.26,87.90,86.62,87.90,541408,87.26
2011/03/03,87.90,89.50,87.86,89.48,1044661,88.68
2011/03/04,88.90,89.40,87.70,88.78,462476,88.55
2011/03/07,88.90,89.50,86.74,86.98,908730,88.12
2011/03/08,87.08,87.10,85.30,85.82,885323,86.20
2011/03/09,86.30,86.46,84.28,84.70,804416,85.37
2011/03/10,84.70,86.10,84.54,85.00,473243,85.32
2011/03/11,85.00,85.60,84.34,84.80,545482,84.97
2011/03/14,84.70,85.68,84.10,85.30,1514256,84.89
2011/03/15,85.26,86.46,84.30,84.94,761645,85.38
2011/03/16,84.94,85.76,84.64,85.26,681705,85.20
2011/03/17,85.10,85.80,84.60,84.72,620385,85.20
2011/03/18,84.80,86.70,84.72,86.14,705171,85.71
2011/03/21,86.12,86.12,83.04,84.44,844129,84.58
2011/03/22,84.02,84.42,82.86,83.80,571654,83.64
2011/03/23,83.42,84.40,82.50,83.92,618597,83.45
2011/03/24,83.92,86.10,83.56,85.24,729557,84.83
2011/03/25,85.24,85.30,84.14,84.72,340048,84.72
2011/03/28,84.50,85.50,83.26,83.34,459511,84.38
2011/03/29,83.30,83.30,79.88,80.90,975499,81.59
2011/03/30,80.20,80.76,78.66,79.34,476334,79.71
2011/03/31,79.30,79.92,78.50,78.94,479725,79.21
2011/04/01,78.94,79.62,78.70,79.10,512092,79.16
2011/04/06,79.10,79.26,76.26,76.42,1000737,77.76
2011/04/07,76.42,77.70,75.98,77.48,723946,76.84
2011/04/08,77.30,79.86,76.94,79.42,608606,78.40
2011/04/11,79.70,80.02,78.56,78.88,514141,79.29
2011/04/12,78.80,80.04,77.52,77.80,345929,78.78
2011/04/13,78.18,79.46,77.30,79.20,408819,78.38
2011/04/14,79.20,79.60,78.10,78.82,474433,78.85
2011/04/15,79.56,80.22,78.50,79.70,891796,79.36
2011/04/18,80.00,80.50,78.70,80.10,843938,79.60
2011/04/19,79.70,83.00,79.60,82.60,1401490,81.30
2011/04/20,82.10,85.20,81.54,84.86,1246289,83.37
2011/04/21,84.40,88.06,84.30,84.52,1857735,86.18
2011/04/22,84.88,86.80,84.12,85.62,652133,85.46
2011/04/25,85.50,86.18,82.90,84.42,1071053,84.54
2011/04/26,83.30,85.10,82.10,82.18,485284,83.60
2011/04/27,83.10,83.50,80.52,80.92,422308,82.01
2011/04/28,80.80,81.80,78.92,78.92,498850,80.36
2011/04/29,78.92,80.76,78.54,80.36,371590,79.65
2011/05/03,80.32,83.50,79.76,82.98,429769,81.63
2011/05/04,82.70,84.26,81.70,84.20,581993,82.98
2011/05/05,84.22,86.70,83.90,84.80,1513819,85.30
2011/05/06,83.60,88.50,83.60,86.10,1057398,86.05
2011/05/09,83.60,88.50,83.60,86.10,0,86.05
2011/05/10,87.30,87.50,84.50,86.50,564461,86.00
2011/05/11,86.50,86.50,84.50,85.50,444299,85.50
2011/05/12,85.52,87.02,85.02,85.50,275820,86.02
2011/05/13,85.12,85.90,83.86,84.90,401112,84.88
2011/05/16,86.48,86.48,83.34,84.56,300299,84.91
2011/05/17,84.70,84.90,83.70,84.50,151695,84.30
2011/05/18,84.34,86.42,84.34,85.20,473410,85.38
2011/05/19,85.21,87.04,84.13,85.36,569295,85.59
2011/05/20,85.00,85.81,83.08,84.22,659270,84.45
2011/05/23,82.81,83.68,79.54,81.10,698820,81.61
2011/05/24,80.11,83.89,80.11,83.47,508471,82.00
2011/05/25,83.14,83.14,79.39,79.48,412294,81.27
2011/05/26,79.09,84.40,79.09,79.90,281129,81.75
2011/05/27,79.87,79.90,77.23,78.43,333349,78.57
2011/05/30,78.10,79.93,76.99,78.25,215914,78.46
2011/05/31,79.00,79.24,77.50,79.18,165860,78.37
2011/06/01,79.60,80.47,79.03,79.90,202939,79.75
2011/06/02,79.90,79.90,77.68,79.60,316800,78.79
2011/06/03,79.60,82.39,79.60,81.43,480077,80.99
2011/06/07,81.94,83.53,81.46,82.96,262678,82.49
2011/06/08,82.84,83.35,82.33,82.57,254481,82.84
2011/06/09,83.05,83.05,79.75,80.29,277782,81.40
2011/06/10,79.66,80.08,78.58,79.30,238575,79.33
2011/06/13,79.30,80.50,78.40,79.90,149636,79.45
2011/06/14,79.60,80.71,79.60,80.23,102545,80.15
2011/06/15,79.90,80.56,79.66,80.38,173653,80.11
2011/06/16,80.14,80.14,76.90,78.01,291448,78.52
2011/06/17,78.31,78.37,76.87,76.87,116614,77.62
2011/06/20,76.90,76.90,75.04,75.67,286461,75.97
2011/06/21,76.42,79.00,75.19,78.49,549786,77.09
2011/06/22,78.40,80.47,78.40,79.03,328193,79.44
2011/06/23,78.67,82.24,78.40,81.70,588717,80.32
2011/06/24,82.00,83.80,81.22,82.99,692518,82.51
2011/06/27,82.99,83.77,81.28,82.36,660991,82.52
2011/06/28,82.36,82.90,81.10,82.09,494886,82.00
2011/06/29,82.30,82.54,81.10,81.10,258849,81.82
2011/06/30,81.46,81.94,80.74,81.01,472161,81.34
2011/07/01,81.10,83.35,81.10,83.23,932742,82.22
2011/07/04,83.23,85.75,83.05,84.07,920971,84.40
2011/07/05,84.10,84.91,82.96,84.64,595473,83.93
2011/07/06,83.95,84.49,83.05,84.07,347268,83.77
2011/07/07,84.16,87.04,84.16,84.97,1104444,85.60
2011/07/08,85.00,85.81,84.43,85.27,368735,85.12
2011/07/11,84.73,86.80,84.73,86.47,790635,85.77
2011/07/12,86.38,86.38,84.37,85.63,562960,85.38
2011/07/13,85.45,88.15,84.76,87.40,1068655,86.46
2011/07/14,88.21,90.55,87.40,89.17,1637618,88.98
2011/07/15,91.30,93.61,89.38,93.40,2337852,91.49
2011/07/18,94.60,98.20,90.70,91.57,2576314,94.45
2011/07/19,90.85,91.30,89.65,90.67,1007505,90.48
2011/07/20,90.94,91.75,88.90,90.70,715043,90.33
2011/07/21,92.17,92.17,89.59,90.16,289829,90.88
2011/07/22,90.25,90.94,87.28,87.76,526273,89.11
2011/07/25,87.76,88.90,86.14,87.37,1236327,87.52
2011/07/26,87.40,89.20,87.01,89.14,349487,88.11
2011/07/27,88.90,92.20,87.70,91.99,856335,89.95
2011/07/28,91.60,91.60,89.20,90.43,589317,90.40
2011/07/29,90.97,92.62,89.92,91.84,822662,91.27
2011/08/01,90.97,92.62,89.92,91.84,0,91.27
2011/08/02,91.60,93.25,90.25,91.66,940375,91.75
2011/08/03,90.76,93.40,89.80,89.98,1025726,91.60
2011/08/04,89.44,90.16,87.70,87.88,954036,88.93
2011/08/05,84.94,87.70,84.64,86.80,1492090,86.17
2011/08/08,84.55,86.83,82.03,86.41,1029327,84.43
2011/08/09,84.97,87.40,82.90,85.36,572826,85.15
2011/08/10,86.47,87.88,86.20,87.52,573391,87.04
2011/08/11,86.50,89.74,86.20,89.74,1330740,87.97
2011/08/12,90.43,91.45,89.56,91.00,1620726,90.51
2011/08/15,91.21,92.50,90.07,90.88,823135,91.28
2011/08/16,91.03,91.03,89.53,90.25,725898,90.28
2011/08/17,89.50,90.61,88.90,89.89,413742,89.76
2011/08/18,88.90,90.25,88.60,88.60,430046,89.42
2011/08/19,86.95,88.84,86.95,88.78,346058,87.90
2011/08/22,88.99,89.05,84.76,85.60,1306786,86.91
2011/08/23,85.63,86.32,83.08,86.14,1024454,84.70
2011/08/24,85.84,89.20,85.06,86.32,1141166,87.13
2011/08/25,85.99,86.50,83.80,86.05,843772,85.15
2011/08/26,85.87,87.07,85.48,86.62,757068,86.27
2011/08/29,86.74,87.79,85.60,87.25,1173134,86.70
2011/08/30,87.37,88.30,83.83,84.40,1077771,86.06
2011/08/31,84.40,85.30,82.48,82.75,870387,83.89
2011/09/01,82.75,83.62,81.64,82.00,824019,82.63
2011/09/02,81.97,82.69,80.95,80.98,420647,81.82
2011/09/05,80.77,81.40,79.90,80.50,492152,80.65
2011/09/06,79.75,81.10,79.75,81.07,212170,80.42
2011/09/07,81.07,82.60,81.01,82.09,404912,81.80
2011/09/08,82.39,82.60,80.98,81.04,265872,81.79
2011/09/09,80.86,81.82,79.66,80.50,507954,80.74
2011/09/13,79.63,80.38,79.09,80.02,226647,79.73
2011/09/14,79.81,81.97,79.81,81.85,342663,80.89
2011/09/15,82.00,83.11,81.43,81.88,247305,82.27
2011/09/16,82.60,82.60,80.80,80.89,239300,81.70
2011/09/19,80.95,80.95,79.66,80.11,121906,80.30
2011/09/20,79.96,82.12,79.96,81.58,167549,81.04
2011/09/21,81.61,82.90,80.77,82.78,404079,81.84
2011/09/22,82.81,82.81,80.53,80.53,168517,81.67
2011/09/23,80.20,80.20,77.68,79.57,357568,78.94
2011/09/26,79.36,79.36,77.50,77.50,114500,78.43
2011/09/27,77.47,78.16,76.78,77.41,243517,77.47
2011/09/28,78.55,78.67,76.60,76.63,162600,77.63
2011/09/29,76.54,76.60,74.80,74.80,278852,75.70
2011/09/30,74.80,76.39,72.43,76.39,497944,74.41
2011/10/10,75.01,75.61,73.63,73.93,287109,74.62
2011/10/11,75.94,76.00,73.00,73.93,345066,74.50
2011/10/12,73.54,77.80,72.70,77.35,355503,75.25
2011/10/13,76.84,78.25,76.30,77.05,267425,77.27
2011/10/14,76.90,76.90,75.28,76.03,249457,76.09
2011/10/17,76.75,78.28,74.05,76.90,402640,76.16
2011/10/18,76.57,76.87,74.05,74.26,249071,75.46
2011/10/19,74.20,74.77,72.70,74.32,394719,73.73
2011/10/20,74.29,74.29,69.73,71.74,554039,72.01
2011/10/21,70.63,71.65,69.10,69.16,312767,70.38
2011/10/24,69.19,71.50,68.86,70.93,215805,70.18
2011/10/25,70.36,74.44,70.36,74.32,429790,72.40
2011/10/26,74.29,76.00,73.54,74.23,579394,74.77
2011/10/27,74.68,75.79,74.05,74.14,145240,74.92
2011/10/28,74.47,76.27,74.05,76.27,293704,75.16
2011/10/31,76.72,82.00,75.46,82.00,636444,78.73
2011/11/01,77.50,82.27,77.23,81.40,1031067,79.75
2011/11/02,79.60,82.30,78.16,81.04,600753,80.23
2011/11/03,81.70,83.14,80.53,80.83,645408,81.84
2011/11/04,80.83,82.24,80.83,81.19,843795,81.53
2011/11/07,81.82,81.82,79.06,79.60,210793,80.44
2011/11/08,79.66,80.71,77.80,77.95,293056,79.25
2011/11/09,78.97,79.60,77.56,79.48,282791,78.58
2011/11/10,79.18,81.43,78.55,79.99,491203,79.99
2011/11/11,79.84,80.98,79.45,80.65,362109,80.22
2011/11/14,81.01,82.60,81.01,82.57,894464,81.80
2011/11/15,82.66,85.90,82.30,85.87,1526913,84.10
2011/11/16,85.30,85.90,84.10,84.16,1049030,85.00
2011/11/17,84.64,87.34,84.43,86.80,1212943,85.89
2011/11/18,85.84,86.92,83.50,85.27,912545,85.21
2011/11/21,85.00,86.02,84.01,85.39,539294,85.02
2011/11/22,84.97,85.06,81.19,84.70,928047,83.13
2011/11/23,83.59,85.48,82.90,85.30,650381,84.19
2011/11/24,83.89,86.05,83.89,85.39,491129,84.97
2011/11/25,85.84,85.90,83.38,84.31,694792,84.64
2011/11/28,85.00,85.00,82.81,84.55,472835,83.91
2011/11/29,85.00,88.51,84.43,87.94,1100430,86.47
2011/11/30,88.27,89.05,82.90,82.90,1894625,85.98
2011/12/01,84.94,87.94,83.59,84.16,1396354,85.77
2011/12/02,83.23,84.07,80.98,82.00,899293,82.52
2011/12/05,82.60,82.63,76.03,79.60,922873,79.33
2011/12/06,79.39,79.72,78.13,79.06,254600,78.92
2011/12/07,79.00,80.05,78.79,79.27,246214,79.42
2011/12/08,77.74,80.20,77.50,79.54,1006199,78.85
2011/12/09,78.64,81.37,78.55,80.50,659613,79.96
2011/12/12,79.93,81.13,79.69,81.13,202769,80.41
2011/12/13,79.30,80.95,77.56,77.80,695859,79.26
2011/12/14,75.40,78.40,75.40,75.73,276006,76.90
2011/12/15,74.83,76.36,73.99,74.71,234033,75.17
2011/12/16,73.69,77.05,73.69,76.81,113600,75.37
2011/12/19,75.97,77.05,73.45,77.05,127664,75.25
2011/12/20,76.99,79.39,76.99,77.38,256000,78.19
2011/12/21,78.85,78.88,74.20,74.74,340880,76.54
2011/12/22,74.95,75.40,72.04,74.65,455930,73.72
2011/12/23,74.44,77.17,73.96,75.22,111189,75.56
2011/12/26,74.95,76.84,74.50,76.00,105130,75.67
2011/12/27,74.95,76.84,74.50,76.00,0,75.67
2011/12/28,74.95,76.84,74.50,76.00,0,75.67
2011/12/29,74.95,76.84,74.50,76.00,0,75.67
2011/12/30,74.95,76.84,74.50,76.00,0,75.67
2012/01/04,74.95,76.84,74.50,76.00,0,75.67
2012/01/05,74.95,76.84,74.50,76.00,0,75.67
2012/01/06,74.95,76.84,74.50,76.00,0,75.67
2012/01/09,74.95,76.84,74.50,76.00,0,75.67
2012/01/10,74.95,76.84,74.50,76.00,0,75.67
2012/01/11,74.95,76.84,74.50,76.00,0,75.67
2012/01/12,74.95,76.84,74.50,76.00,0,75.67
2012/01/13,74.95,76.84,74.50,76.00,0,75.67
2012/01/16,74.95,76.84,74.50,76.00,0,75.67
2012/01/17,74.95,76.84,74.50,76.00,0,75.67
2012/01/18,74.95,76.84,74.50,76.00,0,75.67
2012/01/19,74.95,76.84,74.50,76.00,0,75.67
2012/01/20,74.95,76.84,74.50,76.00,0,75.67
2012/01/30,74.95,76.84,74.50,76.00,0,75.67
2012/01/31,74.95,76.84,74.50,76.00,0,75.67
2012/02/01,74.95,76.84,74.50,76.00,0,75.67
2012/02/02,74.95,76.84,74.50,76.00,0,75.67
2012/02/03,74.95,76.84,74.50,76.00,0,75.67
2012/02/06,74.95,76.84,74.50,76.00,0,75.67
2012/02/07,74.95,76.84,74.50,76.00,0,75.67
2012/02/08,74.95,76.84,74.50,76.00,0,75.67
2012/02/09,74.95,76.84,74.50,76.00,0,75.67
2012/02/10,74.95,76.84,74.50,76.00,0,75.67
2012/02/13,74.95,76.84,74.50,76.00,0,75.67
2012/02/14,74.95,76.84,74.50,76.00,0,75.67
2012/02/15,74.95,76.84,74.50,76.00,0,75.67
2012/02/16,74.95,76.84,74.50,76.00,0,75.67
2012/02/17,74.95,76.84,74.50,76.00,0,75.67
2012/02/20,74.95,76.84,74.50,76.00,0,75.67
2012/02/21,74.95,76.84,74.50,76.00,0,75.67
2012/02/22,74.95,76.84,74.50,76.00,0,75.67
2012/02/23,74.95,76.84,74.50,76.00,0,75.67
2012/02/24,74.95,76.84,74.50,76.00,0,75.67
2012/02/27,74.95,76.84,74.50,76.00,0,75.67
2012/02/28,74.95,76.84,74.50,76.00,0,75.67
2012/02/29,83.50,83.50,81.04,82.18,8749511,82.27
2012/03/01,81.97,81.97,79.30,80.17,2227213,80.63
2012/03/02,80.71,80.77,79.60,80.68,1547789,80.18
2012/03/05,80.20,81.88,79.72,81.13,2310968,80.80
2012/03/06,80.71,81.16,78.40,78.82,1786862,79.78
2012/03/07,78.13,80.08,77.50,79.21,983151,78.79
2012/03/08,79.54,81.37,79.21,80.80,1425492,80.29
2012/03/09,80.86,82.18,80.86,82.12,1401414,81.52
2012/03/12,82.30,83.05,81.16,82.87,1332509,82.10
2012/03/13,84.55,86.80,84.40,85.63,2290263,85.60
2012/03/14,85.75,89.17,83.29,86.14,3007677,86.23
2012/03/15,85.87,92.50,85.30,90.70,3868951,88.90
2012/03/16,90.85,92.17,89.20,92.05,2647246,90.69
2012/03/19,91.30,93.40,90.13,92.11,2269228,91.77
2012/03/20,91.15,91.93,87.40,87.40,1511683,89.67
2012/03/21,87.10,88.15,84.34,86.41,1560857,86.25
2012/03/22,86.35,87.64,85.24,86.29,945215,86.44
2012/03/23,85.39,87.34,83.80,84.61,1047819,85.57
2012/03/26,84.25,87.04,84.25,86.05,1112463,85.65
2012/03/27,87.25,87.25,84.34,84.34,1122046,85.80
2012/03/28,84.10,84.91,81.88,81.88,963790,83.39
2012/03/29,81.25,84.07,79.90,80.74,977520,81.98
2012/03/30,80.80,81.70,79.00,80.50,792644,80.35
2012/04/05,81.04,83.50,80.50,83.26,580058,82.00
2012/04/06,83.38,84.16,82.54,82.90,803248,83.35
2012/04/09,83.05,83.05,80.50,80.53,416669,81.77
2012/04/10,80.53,81.19,78.40,80.80,1188808,79.80
2012/04/11,79.96,82.87,79.69,81.43,608511,81.28
2012/04/12,82.09,84.85,81.97,84.40,830743,83.41
2012/04/13,85.90,88.90,85.36,86.23,1546769,87.13
2012/04/16,85.06,87.94,84.73,87.25,593700,86.34
2012/04/17,87.10,87.40,85.90,86.14,664116,86.65
2012/04/18,87.10,87.40,85.90,86.14,0,86.65
2012/04/19,86.98,89.14,86.80,87.46,938888,87.97
2012/04/20,87.40,87.91,86.74,87.64,571163,87.32
2012/04/23,88.00,88.30,85.75,86.83,704732,87.02
2012/04/24,86.80,88.03,83.35,86.83,855314,85.69
2012/04/25,87.70,87.97,86.38,86.50,757186,87.17
2012/04/26,86.50,89.56,85.96,88.99,1098467,87.76
2012/04/27,89.20,90.40,88.03,89.83,541413,89.22
2012/05/02,91.00,91.87,89.02,90.85,911045,90.45
2012/05/03,90.64,94.45,90.34,94.00,1810870,92.40
2012/05/04,94.00,96.25,93.13,94.03,1152365,94.69
2012/05/07,94.60,98.80,94.00,98.80,1732361,96.40
2012/05/08,98.80,98.95,96.10,97.84,1215338,97.52
2012/05/09,97.84,98.05,93.46,94.60,1138243,95.75
2012/05/10,94.62,97.00,93.18,95.34,1307996,95.09
2012/05/11,95.56,99.61,95.38,96.60,1659415,97.49
2012/05/14,97.81,98.26,94.12,95.29,2104934,96.19
2012/05/15,94.66,94.66,92.64,94.08,1056504,93.65
2012/05/16,94.03,95.38,93.13,93.27,670232,94.25
2012/05/17,93.54,95.16,92.73,94.39,705635,93.95
2012/05/18,94.35,94.35,91.29,91.33,1279705,92.82
2012/05/21,91.11,92.28,90.43,90.61,970093,91.36
2012/05/22,91.11,95.97,91.11,95.74,1449759,93.54
2012/05/23,95.47,98.17,94.21,97.81,1494468,96.19
2012/05/24,96.91,97.90,95.11,95.70,1283916,96.51
2012/05/25,95.70,96.91,94.17,95.29,822711,95.54
2012/05/28,95.07,97.14,93.27,96.46,696524,95.20
2012/05/29,96.87,99.61,95.74,98.49,1292135,97.67
2012/05/30,98.31,102.04,96.73,99.43,1715601,99.39
2012/05/31,99.43,101.86,98.53,99.61,1016356,100.20
2012/06/01,100.51,102.00,99.39,101.64,1511844,100.70
2012/06/04,100.56,106.63,100.06,102.31,2680381,103.34
2012/06/05,102.81,104.92,99.66,104.88,1823403,102.29
2012/06/06,104.52,105.37,102.81,104.25,1118867,104.09
2012/06/07,105.01,105.46,101.82,102.09,949807,103.64
2012/06/08,102.13,103.08,99.97,101.86,1138108,101.52
2012/06/11,101.41,104.56,100.51,103.39,817094,102.54
2012/06/12,103.44,106.86,102.90,106.77,1436786,104.88
2012/06/13,107.26,108.61,105.60,108.39,1488231,107.10
2012/06/14,107.44,109.33,105.91,106.14,1928605,107.62
2012/06/15,106.36,109.06,105.06,108.07,1806870,107.06
2012/06/18,108.39,111.76,108.39,110.32,1911439,110.08
2012/06/19,110.32,111.27,108.97,109.74,1145768,110.12
2012/06/20,109.92,110.32,106.77,107.85,1136012,108.54
2012/06/21,107.71,110.19,105.96,108.79,1223001,108.07
2012/06/25,108.61,108.61,106.27,107.71,1527591,107.44
2012/06/26,106.86,107.62,103.66,105.91,1730163,105.64
2012/06/27,105.01,110.23,104.56,107.71,2157571,107.40
2012/06/28,107.94,109.92,107.22,107.49,1132666,108.57
2012/06/29,107.04,109.87,106.59,109.60,1253406,108.23
2012/07/02,110.41,118.02,109.96,115.27,3000040,113.99
2012/07/03,115.36,121.48,115.36,119.86,3586652,118.42
2012/07/04,119.86,120.99,116.26,117.39,2289808,118.63
2012/07/05,117.39,119.23,114.01,118.06,2556270,116.62
2012/07/06,127.51,129.72,123.91,129.72,9853853,126.81
2012/07/09,133.14,139.66,130.89,133.95,9985291,135.27
2012/07/10,133.77,135.16,128.50,128.55,4922736,131.83
2012/07/11,127.60,136.06,127.60,134.67,5685793,131.83
2012/07/12,134.71,137.86,132.55,133.45,3949406,135.21
2012/07/13,132.01,136.83,129.81,134.04,4247151,133.32
2012/07/16,135.21,140.11,132.01,134.67,5511652,136.06
2012/07/17,131.16,133.36,126.48,129.04,4242608,129.92
2012/07/18,131.16,133.36,126.48,129.04,0,129.92
2012/07/19,131.16,133.36,126.48,129.04,0,129.92
2012/07/20,131.16,133.36,126.48,129.04,0,129.92
2012/07/23,131.16,133.36,126.48,129.04,0,129.92
2012/07/24,131.16,133.36,126.48,129.04,0,129.92
2012/07/25,130.66,136.33,129.09,129.54,5225350,132.71
2012/07/26,129.99,134.04,127.56,129.58,3032870,130.80
2012/07/27,128.37,130.66,124.50,126.43,3105058,127.58
2012/07/30,127.06,131.56,125.94,127.15,2920376,128.75
2012/07/31,127.11,131.11,124.68,128.50,2667030,127.90
2012/08/01,128.64,134.80,126.48,134.80,4104951,130.64
2012/08/02,136.51,148.12,134.85,148.12,9930633,141.48
2012/08/03,148.12,154.51,146.46,154.51,8602674,150.48
2012/08/06,153.34,156.22,151.45,154.96,4987977,153.83
2012/08/07,153.79,158.47,151.81,157.66,5019274,155.14
2012/08/08,156.63,156.63,151.72,151.72,5103169,154.17
2012/08/09,151.36,155.86,150.69,154.06,2427825,153.28
2012/08/10,154.47,169.32,154.47,168.69,4832549,161.89
2012/08/13,168.82,172.96,164.64,167.25,2814148,168.80
2012/08/14,165.13,172.51,163.56,171.48,3122009,168.03
2012/08/15,170.17,172.42,162.25,164.86,3534574,167.33
2012/08/16,163.51,165.54,159.91,162.07,2452551,162.72
2012/08/17,160.68,161.98,155.55,160.72,2583856,158.77
2012/08/20,159.01,172.02,157.30,169.63,2923984,164.66
2012/08/21,169.36,174.09,167.20,170.98,2837397,170.64
2012/08/22,170.31,182.86,170.04,175.39,3775521,176.45
2012/08/23,173.32,175.89,166.21,169.41,3570996,171.05
2012/08/24,166.66,167.79,160.50,163.06,3165294,164.14
2012/08/27,162.61,167.79,161.26,166.89,2846151,164.52
2012/08/28,164.77,167.34,158.56,162.07,3568532,162.95
2012/08/29,161.94,165.63,159.33,160.86,2063134,162.48
2012/08/30,159.69,161.53,145.65,153.61,5693408,153.59
2012/08/31,152.26,157.44,151.68,155.50,1983409,154.56
2012/09/03,154.96,162.84,151.50,162.12,3071413,157.17
2012/09/04,161.40,165.99,159.51,160.77,2360040,162.75
2012/09/05,160.68,163.51,159.91,161.35,1397725,161.71
2012/09/06,161.71,165.09,160.90,163.47,1293261,163.00
2012/09/07,165.49,167.97,162.61,165.36,4000085,165.29
2012/09/10,163.38,167.34,153.43,158.70,6022693,160.39
2012/09/11,157.03,160.36,155.77,159.01,2310606,158.07
2012/09/12,157.62,159.91,154.74,156.04,2270607,157.33
2012/09/13,156.04,158.79,153.34,153.34,2159431,156.06
2012/09/14,154.74,154.74,148.98,151.00,2802899,151.86
2012/09/17,150.06,153.97,148.26,150.28,2097237,151.11
2012/09/18,151.99,156.13,149.74,152.94,2543387,152.94
2012/09/19,153.39,156.58,152.71,154.96,2094366,154.65
2012/09/20,154.02,154.20,149.16,150.91,1994469,151.68
2012/09/21,150.91,153.39,145.87,148.21,1597757,149.63
2012/09/24,143.76,147.54,136.56,140.29,4062799,142.05
2012/09/25,141.91,147.54,141.91,145.74,4106517,144.72
2012/09/26,145.56,147.76,137.64,139.39,2740444,142.70
2012/09/27,141.37,151.36,139.48,148.39,2962017,145.42
2012/09/28,147.58,151.14,145.60,150.46,2246927,148.37
2012/10/08,149.56,150.28,146.32,147.76,1029714,148.30
2012/10/09,146.19,154.96,146.19,154.29,3003034,150.58
2012/10/10,157.44,161.94,155.86,157.66,4573466,158.90
2012/10/11,156.31,160.45,155.41,158.61,2042022,157.93
2012/10/12,158.56,163.11,157.53,162.52,2768685,160.32
2012/10/15,163.15,168.87,162.07,165.31,3582871,165.47
2012/10/16,165.31,165.31,159.01,162.03,2955954,162.16
2012/10/17,160.72,164.82,160.50,162.12,1483794,162.66
2012/10/18,162.21,164.01,160.36,162.03,2899808,162.19
2012/10/19,161.26,162.52,160.36,161.71,1228081,161.44
2012/10/22,160.72,167.38,160.45,163.60,1820679,163.91
2012/10/23,164.28,166.66,150.96,151.86,3954951,158.81
2012/10/24,147.76,152.22,144.66,150.01,4392519,148.44
2012/10/25,149.52,153.93,147.04,147.09,1875652,150.48
2012/10/26,145.51,147.72,143.71,144.16,3152965,145.72
2012/10/29,143.31,149.34,142.81,149.25,1969693,146.08
2012/10/30,149.20,154.92,149.11,151.59,1831791,152.02
2012/10/31,152.26,154.02,148.80,152.89,1234261,151.41
2012/11/01,152.94,155.19,151.72,153.25,1419460,153.45
2012/11/02,153.30,154.38,147.76,148.21,1967078,151.07
2012/11/05,148.12,151.50,145.56,151.45,1646940,148.53
2012/11/06,150.01,151.50,147.18,150.01,1011466,149.34
2012/11/07,150.15,151.27,148.30,149.47,754731,149.79
2012/11/08,145.96,150.01,145.96,148.30,1273439,147.98
2012/11/09,146.91,149.07,144.52,144.88,1383267,146.80
2012/11/12,144.84,147.09,141.96,143.49,1527200,144.53
2012/11/13,144.57,145.38,141.73,142.63,827262,143.55
2012/11/14,142.81,145.47,142.14,144.16,888620,143.80
2012/11/15,145.15,151.36,144.39,148.66,3951615,147.88
2012/11/16,148.66,153.61,144.97,145.29,3550279,149.29
2012/11/19,143.71,146.28,141.24,144.07,1583452,143.76
2012/11/20,142.59,144.61,142.36,142.68,1271689,143.49
2012/11/21,142.68,143.44,138.36,141.01,1973106,140.90
2012/11/22,139.75,139.80,133.86,134.04,2502922,136.83
2012/11/23,133.77,137.64,132.01,136.06,1775295,134.82
2012/11/26,136.11,137.28,134.08,136.15,805428,135.68
2012/11/27,136.02,136.29,129.85,130.35,2302733,133.07
2012/11/28,129.76,131.34,127.06,130.62,1696123,129.20
2012/11/29,130.17,134.26,129.85,131.34,1519971,132.05
2012/11/30,131.97,133.32,130.26,132.73,779495,131.79
2012/12/03,131.52,134.13,130.08,130.39,1374006,132.11
2012/12/04,128.23,133.50,127.15,133.23,1309645,130.33
2012/12/05,132.10,140.97,132.06,138.54,1927670,136.52
2012/12/06,137.64,139.48,136.96,138.85,1232407,138.22
2012/12/07,138.40,144.39,137.14,142.68,1276987,140.76
2012/12/10,143.17,146.64,142.36,142.36,1126387,144.50
2012/12/11,142.00,142.81,136.47,136.47,1322902,139.64
2012/12/12,134.31,135.84,128.41,133.59,4139559,132.13
2012/12/13,132.10,134.26,130.39,133.63,1465958,132.32
2012/12/14,133.14,141.24,132.19,140.79,3106501,136.72
2012/12/17,140.92,141.01,134.71,137.23,2305445,137.86
2012/12/18,137.14,137.73,134.26,134.89,958383,135.99
2012/12/19,134.31,136.83,134.26,136.65,970210,135.55
2012/12/20,136.74,138.04,135.16,136.51,1050984,136.60
2012/12/21,136.51,141.19,135.43,140.25,1647402,138.31
2012/12/24,140.25,152.26,140.16,149.65,3431855,146.21
2012/12/25,149.34,154.06,147.31,153.30,3213668,150.69
2012/12/26,153.16,156.09,151.81,154.24,2155934,153.95
2012/12/27,153.43,154.51,150.06,153.16,1316375,152.28
2012/12/28,152.71,154.65,150.60,154.02,1040202,152.63
2012/12/31,154.02,154.87,147.49,153.88,2831402,151.18
2013/01/04,153.16,154.51,149.56,149.79,1490521,152.03
2013/01/07,148.89,164.64,148.89,164.64,2452755,156.76
2013/01/08,168.37,168.37,157.75,165.22,3424826,163.06
2013/01/09,164.41,168.69,159.91,165.31,1846632,164.30
2013/01/10,165.13,176.92,164.41,169.36,3101428,170.66
2013/01/11,168.91,172.51,161.31,163.56,2279049,166.91
2013/01/14,162.97,171.48,161.26,169.41,3341441,166.37
2013/01/15,169.81,173.41,168.15,172.24,2286411,170.78
2013/01/16,172.06,178.09,170.26,172.51,2556017,174.17
2013/01/17,172.96,177.01,172.51,173.59,1859167,174.76
2013/01/18,173.68,182.19,173.68,179.04,2399535,177.94
2013/01/21,177.10,179.71,173.41,176.16,2903870,176.56
2013/01/22,176.83,176.83,168.01,169.86,1873884,172.42
2013/01/23,170.98,170.98,165.72,167.74,2443033,168.35
2013/01/24,165.94,168.78,158.65,163.92,3982539,163.72
2013/01/25,162.57,171.34,161.35,170.31,2008114,166.34
2013/01/28,171.84,181.38,169.00,177.73,1973171,175.19
2013/01/29,177.69,185.38,174.76,177.46,2049542,180.07
2013/01/30,177.51,181.92,176.11,180.16,1450576,179.02
2013/01/31,180.16,180.16,171.61,173.64,1930119,175.89
2013/02/01,173.95,178.00,172.51,177.24,1631945,175.25
2013/02/04,177.28,177.28,172.15,173.46,696994,174.72
2013/02/05,172.51,183.99,172.51,179.35,1418129,178.25
2013/02/06,180.16,188.22,177.01,186.91,2397437,182.61
2013/02/07,186.96,190.20,182.19,189.61,1582325,186.19
2013/02/08,188.04,199.37,187.23,198.75,1328168,193.30
2013/02/18,198.75,202.80,193.84,194.97,1192551,198.32
2013/02/19,194.74,198.52,191.64,194.25,1070037,195.08
2013/02/20,194.11,203.11,192.76,202.98,1839160,197.94
2013/02/21,201.99,203.56,194.11,198.43,1542490,198.84
2013/02/22,197.89,198.39,191.23,191.86,1763120,194.81
2013/02/25,191.68,195.82,186.01,193.44,1220712,190.91
2013/02/26,192.94,200.37,190.65,192.31,1658720,195.51
2013/02/27,194.29,196.23,188.85,190.65,1158993,192.54
2013/02/28,190.65,194.56,190.65,193.21,940793,192.61
2013/03/01,192.49,199.96,192.49,198.16,1320660,196.23
2013/03/04,196.27,202.66,190.96,193.03,1933311,196.81
2013/03/05,194.07,199.92,193.08,199.78,1344825,196.50
2013/03/06,199.78,205.05,197.26,200.82,1911986,201.16
2013/03/07,199.51,201.67,190.69,193.71,2842283,196.18
2013/03/08,193.66,193.66,186.91,189.39,1756689,190.28
2013/03/11,190.33,190.92,186.60,187.32,1299546,188.76
2013/03/12,188.17,190.65,177.96,179.17,2127766,184.31
2013/03/13,179.26,182.68,177.69,181.02,1141768,180.19
2013/03/14,179.80,187.36,179.71,186.01,955223,183.54
2013/03/15,186.10,195.24,186.10,191.19,1389276,190.67
2013/03/18,191.19,193.89,188.04,189.21,1263226,190.96
2013/03/19,190.47,190.47,181.06,189.21,1499998,185.77
2013/03/20,187.14,196.23,187.14,194.65,885673,191.68
2013/03/21,193.30,197.04,192.99,196.72,1036509,195.02
2013/03/22,199.51,203.56,195.10,198.12,1319471,199.33
2013/03/25,198.43,199.42,193.80,197.26,1117506,196.61
2013/03/26,194.11,196.59,185.61,190.47,3104296,191.10
2013/03/27,189.39,195.60,188.04,191.23,2141386,191.82
2013/03/28,189.30,201.09,186.01,195.01,3061597,193.55
2013/03/29,195.19,207.61,195.19,207.61,3084975,201.40
2013/04/01,208.20,211.21,202.71,208.29,1819498,206.96
2013/04/02,206.22,209.41,188.71,192.67,3081757,199.06
2013/04/03,191.77,194.83,188.26,192.81,2105298,191.55
2013/04/08,191.37,199.51,188.76,199.42,1439080,194.13
2013/04/09,199.02,199.42,191.86,194.47,1555855,195.64
2013/04/10,192.67,193.66,184.30,185.02,2542927,188.98
2013/04/11,185.25,187.59,183.76,183.76,810124,185.67
2013/04/12,184.26,185.88,181.51,181.51,806975,183.69
2013/04/15,179.85,183.49,179.85,182.64,862782,181.67
2013/04/16,179.98,187.05,179.35,186.46,841078,183.20
2013/04/17,186.28,192.99,185.20,191.86,1223711,189.09
2013/04/18,191.55,195.42,189.84,190.96,737268,192.63
2013/04/19,191.41,198.48,191.41,197.04,1093969,194.94
2013/04/22,198.57,202.21,195.06,202.08,1482669,198.64
2013/04/23,201.76,205.81,198.48,199.24,1406545,202.14
2013/04/24,200.28,212.11,199.11,212.11,2352331,205.61
2013/04/25,213.46,220.66,204.46,204.46,3208743,212.56
2013/04/26,204.01,208.29,199.87,207.61,2022976,204.08
2013/05/02,205.50,217.06,204.46,211.89,1438125,210.76
2013/05/03,211.89,222.91,210.40,219.00,1864985,216.66
2013/05/06,219.54,223.36,216.61,222.15,1900436,219.99
2013/05/07,223.56,227.95,216.61,224.58,2783242,222.28
2013/05/08,224.64,229.44,222.35,225.93,2281646,225.89
2013/05/09,223.97,224.64,217.96,220.59,2267658,221.30
2013/05/10,219.58,223.77,211.21,212.56,3023495,217.49
2013/05/13,212.56,218.97,211.89,218.70,1478822,215.43
2013/05/14,219.11,221.81,214.72,217.35,2303267,218.27
2013/05/15,217.96,224.31,215.60,223.97,1532670,219.95
2013/05/16,225.39,232.14,221.27,222.28,3767244,226.70
2013/05/17,223.09,223.36,217.35,222.01,2513239,220.36
2013/05/20,220.05,220.12,208.38,215.19,5912584,214.25
2013/05/21,213.37,219.18,210.27,218.91,3233665,214.73
2013/05/22,218.23,221.67,215.26,217.56,2037558,218.46
2013/05/23,217.15,219.24,209.25,214.99,3159825,214.25
2013/05/24,214.92,218.91,211.21,217.96,3172392,215.06
2013/05/27,216.95,217.96,211.28,213.91,2707980,214.62
2013/05/28,213.91,224.37,211.21,220.26,4105506,217.79
2013/05/29,217.96,222.55,217.49,219.11,2157758,220.02
2013/05/30,220.32,228.42,219.51,227.55,2842035,223.96
2013/05/31,229.98,242.26,225.39,237.27,4513210,233.82
2013/06/03,237.40,249.55,237.40,238.55,6222558,243.48
2013/06/04,235.71,236.66,227.07,235.11,3776249,231.86
2013/06/05,231.73,244.42,230.11,231.93,3687308,237.27
2013/06/06,228.42,234.77,223.36,224.71,2445285,229.07
2013/06/07,224.71,229.37,217.96,224.04,3531661,223.67
2013/06/13,218.50,228.49,213.91,227.41,1557777,221.20
2013/06/14,227.41,238.21,226.74,236.39,1956022,232.48
2013/06/17,238.89,250.36,237.60,248.00,4154319,243.98
2013/06/18,248.34,253.40,241.92,243.81,2753299,247.66
2013/06/19,240.24,245.37,236.25,245.30,1491989,240.81
2013/06/20,242.26,248.00,231.39,231.46,2842993,239.69
2013/06/21,225.93,241.32,220.53,234.57,3543295,230.92
2013/06/24,234.50,234.57,217.96,227.61,3966821,226.27
2013/06/25,223.09,236.52,207.16,235.65,4920133,221.84
2013/06/26,235.04,246.99,230.52,246.31,3795366,238.76
2013/06/27,245.03,252.93,238.41,239.76,3959249,245.67
2013/06/28,236.86,241.59,230.18,231.06,2709128,235.89
2013/07/01,228.42,247.93,226.06,247.32,3297920,237.00
2013/07/02,247.73,269.80,247.26,268.05,5879242,258.53
2013/07/03,262.71,270.00,254.68,268.86,9180349,262.34
2013/07/04,267.91,269.26,256.64,258.46,6351675,262.95
2013/07/05,257.79,260.76,249.69,249.69,3120210,255.22
2013/07/08,244.96,255.49,243.00,247.66,2192991,249.25
2013/07/09,247.39,258.46,247.32,255.09,2666750,252.89
2013/07/10,255.09,257.92,253.94,257.92,1523765,255.93
2013/07/11,259.74,262.92,254.41,259.14,1887821,258.67
2013/07/12,259.14,267.24,258.06,260.82,2162650,262.65
2013/07/15,262.17,271.83,258.60,270.61,3030141,265.22
2013/07/16,270.95,271.83,262.85,266.56,2745246,267.34
2013/07/17,266.22,266.22,256.84,259.95,2237954,261.53
2013/07/18,257.58,263.59,256.37,256.50,1647904,259.98
2013/07/19,256.91,262.85,255.90,256.98,2380802,259.38
2013/07/22,258.12,266.90,251.85,266.70,2290570,259.37
2013/07/23,266.83,273.31,266.83,271.29,2355641,270.07
2013/07/24,271.29,275.34,266.22,272.70,2383319,270.78
2013/07/25,271.29,272.97,259.81,260.49,2598086,266.39
2013/07/26,259.14,261.84,250.90,259.00,1718751,256.37
2013/07/29,259.07,266.43,255.42,260.62,1712303,260.92
2013/07/30,260.49,263.19,251.04,252.86,1880981,257.11
2013/07/31,253.06,255.09,247.66,252.18,1570546,251.38
2013/08/01,251.78,261.84,248.47,260.96,1559192,255.15
2013/08/02,262.44,270.34,260.55,264.27,2477417,265.44
2013/08/05,264.27,271.29,264.00,267.91,1332038,267.65
2013/08/06,267.91,271.96,261.90,266.56,1745583,266.93
2013/08/07,266.90,267.91,258.46,259.81,1429696,263.19
2013/08/08,257.79,280.67,257.11,277.43,5708904,268.89
2013/08/09,277.16,279.65,270.61,275.74,2359905,275.13
2013/08/12,275.94,290.86,272.70,281.48,3656385,281.78
2013/08/13,281.82,283.30,273.45,279.45,1568094,278.38
2013/08/14,277.50,278.71,271.96,274.66,2208510,275.33
2013/08/15,274.32,275.87,267.44,268.92,1842262,271.66
2013/08/16,268.92,270.14,249.69,253.74,3339039,259.91
2013/08/19,251.17,260.22,250.50,257.99,3041282,255.36
2013/08/20,258.06,269.67,258.06,262.24,4526547,263.87
2013/08/21,262.51,264.13,254.75,256.44,3125840,259.44
2013/08/22,256.98,263.19,254.28,262.51,2976399,258.73
2013/08/23,262.51,272.50,261.30,270.07,3758660,266.90
2013/08/26,270.07,279.72,270.07,277.29,2546303,274.90
2013/08/27,277.29,277.90,272.30,274.39,998792,275.10
2013/08/28,273.51,277.29,265.48,266.43,2620407,271.39
2013/08/29,267.17,271.08,263.93,267.91,873820,267.50
2013/08/30,269.26,271.96,263.86,266.43,1518872,267.91
2013/09/02,263.05,271.96,253.06,260.49,2567671,262.51
2013/09/03,261.16,268.52,259.74,264.74,1094395,264.13
2013/09/04,264.74,270.61,261.84,269.19,1169740,266.22
2013/09/05,268.38,270.54,261.70,264.33,1199378,266.12
2013/09/06,262.92,265.55,261.70,265.21,889719,263.63
2013/09/09,263.93,266.22,255.62,261.84,2148938,260.92
2013/09/10,261.16,261.16,254.61,256.77,1848697,257.89
2013/09/11,255.15,257.11,244.15,248.34,2994184,250.63
2013/09/12,247.32,250.90,241.59,242.33,2277253,246.25
2013/09/13,242.26,254.82,241.65,254.34,1616113,248.23
2013/09/16,258.46,261.84,253.53,253.74,2152605,257.68
2013/09/17,253.74,258.46,251.91,254.61,884745,255.18
2013/09/18,255.15,261.57,251.78,259.88,1480302,256.67
2013/09/23,258.60,265.55,256.84,263.93,1871534,261.19
2013/09/24,262.51,265.14,258.46,264.00,1885345,261.80
2013/09/25,261.90,263.32,256.91,257.92,1432156,260.12
2013/09/26,257.92,264.20,253.67,254.41,1949866,258.93
2013/09/27,254.61,273.92,254.61,272.23,3474765,264.27
2013/09/30,271.96,281.95,271.96,276.55,1815369,276.95
2013/10/08,276.35,280.40,272.30,276.62,1246637,276.35
2013/10/09,278.04,295.59,276.62,290.66,3076349,286.10
2013/10/10,289.04,301.46,284.72,285.39,2157016,293.09
2013/10/11,276.69,285.39,267.24,271.89,4777422,276.31
2013/10/14,271.83,279.72,265.89,273.99,2470446,272.81
2013/10/15,275.27,282.09,269.12,271.15,3019831,275.60
2013/10/16,270.21,270.21,260.15,266.56,2031293,265.18
2013/10/17,266.56,266.56,257.79,258.93,2117681,262.18
2013/10/18,256.44,264.40,256.44,259.74,1031183,260.42
2013/10/21,260.49,265.75,258.39,263.73,2038729,262.07
2013/10/22,263.86,266.90,259.81,261.90,1539114,263.35
2013/10/23,261.36,261.63,257.11,259.20,893405,259.37
2013/10/24,253.20,265.21,244.96,249.82,2922852,255.08
2013/10/25,251.58,255.22,247.12,253.87,1499303,251.17
2013/10/28,254.14,257.72,246.58,248.61,1244295,252.15
2013/10/29,248.61,256.03,235.37,252.93,2162154,245.70
2013/10/30,250.70,255.09,248.67,251.85,770511,251.88
2013/10/31,250.43,251.71,241.45,241.79,1755297,246.58
2013/11/01,241.92,247.39,241.59,243.61,1110567,244.49
2013/11/04,242.87,246.65,232.41,233.55,2131188,239.53
2013/11/05,232.27,243.21,230.31,242.94,1903530,236.76
2013/11/06,241.52,244.62,230.72,231.46,2161231,237.67
2013/11/07,231.46,231.46,225.25,227.14,1103286,228.36
2013/11/08,225.72,228.69,225.39,226.06,938118,227.04
2013/11/11,228.02,241.32,224.51,240.24,1861420,232.91
2013/11/12,239.70,251.64,239.70,244.15,2425416,245.67
2013/11/13,243.61,246.11,237.13,238.55,1226478,241.62
2013/11/14,235.98,244.29,233.15,242.26,1625757,238.72
2013/11/15,239.43,248.47,239.43,241.59,2072556,243.95
2013/11/18,243.00,246.78,236.93,239.56,3067396,241.86
2013/11/19,239.43,241.05,231.46,233.49,2370328,236.26
2013/11/20,232.95,240.24,231.87,236.39,1850510,236.06
2013/11/21,236.39,237.94,231.66,233.28,1447274,234.80
2013/11/22,233.42,236.52,232.27,233.82,1420243,234.40
2013/11/25,234.16,237.67,231.87,235.11,2646673,234.77
2013/11/26,234.84,235.85,230.38,235.04,1579649,233.11
2013/11/27,234.16,235.85,232.47,234.16,3450478,234.16
2013/11/28,234.57,242.60,234.57,242.60,3514456,238.58
2013/11/29,244.69,251.64,241.59,246.78,3673805,246.61
2013/12/02,240.91,241.92,234.84,234.90,3137222,238.38
2013/12/03,234.90,238.21,225.52,237.20,2154394,231.87
2013/12/04,235.51,241.11,232.81,236.52,1483614,236.96
2013/12/05,234.84,236.05,228.62,230.72,1596269,232.34
2013/12/06,230.45,231.26,228.15,229.17,696895,229.70
2013/12/09,229.10,232.41,228.42,230.38,1047484,230.41
2013/12/10,230.45,231.46,221.94,230.79,3490024,226.70
2013/12/11,229.03,231.19,224.71,228.76,1376213,227.95
2013/12/12,228.76,233.49,225.05,231.60,1418774,229.27
2013/12/13,231.46,236.86,231.46,233.15,1389029,234.16
2013/12/16,231.87,238.21,231.87,233.15,2107908,235.04
2013/12/17,233.82,235.85,229.84,235.51,851551,232.84
2013/12/18,235.51,236.86,231.53,233.49,596665,234.20
2013/12/19,233.49,236.52,232.61,233.82,708471,234.57
2013/12/20,233.82,240.78,232.00,238.21,1865819,236.39
2013/12/23,238.28,252.39,238.28,250.02,2628628,245.33
2013/12/24,251.58,251.58,246.04,247.39,1081796,248.81
2013/12/25,249.55,249.55,243.14,247.05,1402328,246.34
2013/12/26,247.86,252.25,241.59,243.61,2298653,246.92
2013/12/27,241.92,249.42,241.92,246.65,1096729,245.67
2013/12/30,246.72,252.32,246.58,250.70,955324,249.45
2013/12/31,250.70,257.04,248.13,254.14,1349699,252.59
2014/01/02,255.62,267.37,255.62,262.65,2749602,261.50
2014/01/03,261.97,266.97,258.80,258.80,1888223,262.89
2014/01/06,258.39,262.11,254.21,258.46,682513,258.16
2014/01/07,256.03,266.43,256.03,266.36,1497004,261.23
2014/01/08,266.90,274.52,259.68,266.56,1739548,267.10
2014/01/09,265.14,271.96,261.16,264.81,2232302,266.56
2014/01/10,263.59,267.57,252.52,253.06,2121047,260.05
2014/01/13,252.52,260.42,252.39,259.14,1696172,256.41
2014/01/14,256.44,262.98,255.09,258.46,1428022,259.04
2014/01/15,260.82,271.83,260.82,268.65,2686419,266.32
2014/01/16,269.60,277.77,264.81,269.94,1116722,271.29
2014/01/17,269.87,270.34,259.14,260.49,1654473,264.74
2014/01/20,260.49,265.14,255.09,258.80,1549540,260.11
2014/01/21,257.18,261.16,255.02,260.49,1591076,258.09
2014/01/22,260.42,267.44,255.76,260.76,2339975,261.60
2014/01/23,260.76,272.50,259.00,267.17,3034950,265.75
2014/01/24,267.84,293.69,267.84,293.69,7183392,280.76
2014/01/27,300.31,300.85,288.36,290.52,4287086,294.61
2014/01/28,290.46,292.01,283.91,288.63,2119909,287.96
2014/01/29,295.52,295.52,289.65,294.78,1877243,292.58
2014/01/30,295.18,295.59,290.46,292.35,1363539,293.02
2014/02/07,285.60,294.24,285.60,292.48,1239095,289.92
2014/02/10,292.75,300.99,285.87,298.96,2444590,293.43
2014/02/11,298.89,305.71,293.56,294.24,2207513,299.63
2014/02/12,292.28,293.43,285.46,288.84,1564237,289.44
2014/02/13,288.02,291.33,272.10,273.31,2458114,281.72
2014/02/14,275.67,285.46,274.39,283.23,2375093,279.92
2014/02/17,288.84,311.38,288.84,310.44,4695114,300.11
2014/02/18,307.94,320.56,303.62,307.06,2633595,312.09
2014/02/19,307.87,311.52,302.07,308.41,1471230,306.79
2014/02/20,311.79,312.46,294.24,294.24,1822011,303.35
2014/02/21,294.24,312.46,287.49,306.45,2812820,299.97
2014/02/24,304.36,320.56,298.29,307.06,2104468,309.43
2014/02/25,308.88,308.88,284.11,292.21,3209861,296.50
2014/02/26,288.70,293.90,282.76,283.30,2266209,288.33
2014/02/27,283.44,302.34,275.20,277.02,2084929,288.77
2014/02/28,277.43,285.33,272.64,278.71,2219157,278.98
2014/03/03,275.81,285.66,270.61,280.74,1404254,278.14
2014/03/04,281.41,283.37,267.24,269.26,2343485,275.31
2014/03/05,269.67,273.11,263.25,268.32,2141462,268.18
2014/03/06,267.91,267.91,252.32,255.09,4611863,260.12
2014/03/07,254.41,271.83,253.20,271.15,4469683,262.51
2014/03/10,266.90,266.90,258.39,264.06,2656049,262.64
2014/03/11,264.00,267.91,256.30,258.60,2393570,262.11
2014/03/12,258.12,276.01,256.57,271.02,3780736,266.29
2014/03/13,271.02,278.64,267.24,276.01,2204519,272.94
2014/03/14,274.46,278.71,265.28,268.18,1219229,271.99
2014/03/17,268.52,285.66,266.56,282.76,2234303,276.11
2014/03/18,283.71,296.60,279.93,286.81,1620378,288.27
2014/03/19,285.39,296.26,285.33,286.95,1304768,290.79
2014/03/20,280.74,291.54,275.34,275.40,994524,283.44
2014/03/21,275.40,277.63,265.62,272.16,1391418,271.63
2014/03/24,272.64,284.99,272.64,280.67,1894176,278.81
2014/03/25,279.86,284.65,270.95,272.30,993738,277.80
2014/03/26,272.70,278.64,270.61,273.99,1099934,274.63
2014/03/27,273.65,277.02,265.21,267.64,1000817,271.11
2014/03/28,267.64,267.64,241.05,244.89,7255588,254.34
2014/03/31,241.59,249.42,239.02,241.05,2206933,244.22
2014/04/01,239.43,246.31,239.43,243.61,2594378,242.87
2014/04/02,243.61,245.64,225.45,234.16,3399077,235.54
2014/04/03,233.82,241.99,228.09,234.23,4161320,235.04
2014/04/04,233.42,245.91,231.80,245.64,2007367,238.86
2014/04/08,244.29,246.99,241.32,243.81,2279964,244.16
2014/04/09,244.96,257.99,244.96,257.31,2557180,251.48
2014/04/10,257.11,272.64,255.76,267.24,4457083,264.20
2014/04/11,265.21,269.94,258.46,263.79,1652729,264.20
2014/04/14,261.90,272.97,261.57,268.59,1116090,267.27
2014/04/15,271.42,278.71,268.72,269.60,1882184,273.72
2014/04/16,267.91,274.66,265.82,272.37,1079574,270.24
2014/04/17,272.23,278.71,270.68,272.30,395559,274.69
2014/04/18,271.96,280.20,270.75,279.59,1049151,275.47
2014/04/21,280.13,282.09,275.40,280.67,966784,278.74
2014/04/22,280.67,280.67,262.51,265.55,1287154,271.59
2014/04/23,265.21,272.97,262.51,266.22,871038,267.74
2014/04/24,265.28,271.62,263.93,268.59,486952,267.78
2014/04/25,268.18,269.67,257.58,260.49,961593,263.63
2014/04/28,257.72,265.01,241.59,249.01,1341236,253.30
2014/04/29,247.66,260.42,247.66,260.35,886889,254.04
2014/04/30,261.36,271.56,261.36,271.22,832896,266.46
2014/05/05,271.02,277.36,265.28,275.00,1080206,271.32
2014/05/06,274.93,277.77,266.56,268.18,1199832,272.16
2014/05/07,268.32,271.29,261.84,261.90,634890,266.56
2014/05/08,263.05,271.15,262.04,267.84,862365,266.59
2014/05/09,267.17,268.52,258.80,259.34,1011092,263.66
2014/05/12,264.00,270.95,259.27,269.26,1367799,265.11
2014/05/13,269.06,271.15,263.19,263.79,1046667,267.17
2014/05/14,265.89,274.66,263.59,273.92,1355745,269.13
2014/05/15,273.92,282.36,271.29,277.36,1764098,276.83
2014/05/16,277.36,280.33,266.02,275.94,1270949,273.17
2014/05/19,272.77,275.81,262.54,270.64,1805633,269.18
2014/05/20,271.56,281.07,265.99,268.42,1568338,273.53
2014/05/21,268.92,272.87,263.86,271.86,957746,268.37
2014/05/22,271.76,275.10,267.61,271.15,1272057,271.36
2014/05/23,271.25,272.97,266.39,271.45,1213454,269.68
2014/05/26,272.47,283.50,271.96,280.97,3548137,277.73
2014/05/27,279.96,283.00,275.81,277.02,2026644,279.41
2014/05/28,277.53,288.16,274.19,287.15,3466223,281.18
2014/05/29,288.16,290.08,284.31,285.93,1865288,287.19
2014/05/30,287.15,289.68,281.07,285.93,1439107,285.38
2014/06/03,288.36,295.96,286.44,286.44,2014858,291.20
2014/06/04,286.74,286.84,278.95,280.77,1683297,282.89
2014/06/05,278.64,295.55,278.64,291.20,3033349,287.09
2014/06/06,290.19,299.80,289.88,298.59,3293097,294.84
2014/06/09,298.59,305.37,292.41,297.27,2336167,298.89
2014/06/10,296.26,304.36,292.82,300.21,1679767,298.59
2014/06/11,298.69,304.06,298.69,299.90,1122184,301.38
2014/06/12,301.83,302.84,296.26,297.88,1035324,299.55
2014/06/13,296.87,298.69,291.20,293.83,2304517,294.94
2014/06/16,292.62,298.08,285.63,288.06,4004887,291.85
2014/06/17,288.26,291.70,286.64,287.25,2185050,289.17
2014/06/18,287.65,291.80,286.14,291.20,1804152,288.97
2014/06/19,290.59,295.25,286.14,287.35,1691139,290.69
2014/06/20,288.67,290.08,285.73,287.65,942691,287.91
2014/06/23,286.24,295.15,286.03,294.34,1933532,290.59
2014/06/24,296.06,298.69,291.20,295.65,1473225,294.94
2014/06/25,295.65,297.27,291.70,295.35,1076144,294.48
2014/06/26,296.97,299.50,293.93,298.59,1578398,296.72
2014/06/27,299.80,301.22,295.35,298.99,1306087,298.29
2014/06/30,299.30,302.13,295.35,299.30,1479526,298.74
2014/07/01,299.90,302.13,294.74,296.26,1705448,298.44
2014/07/02,296.87,299.70,285.93,292.51,3029771,292.81
2014/07/03,292.21,292.72,288.16,290.69,2652581,290.44
2014/07/04,290.69,291.70,279.55,285.83,3256702,285.63
2014/07/07,285.22,285.22,279.65,282.69,1859209,282.44
2014/07/08,283.60,286.64,281.78,284.62,1496371,284.21
2014/07/09,285.02,286.44,276.31,276.92,2349924,281.38
2014/07/10,277.12,281.07,276.11,276.42,1276984,278.59
2014/07/11,277.63,280.97,276.82,278.24,919147,278.90
2014/07/14,277.83,286.14,276.01,282.08,2077149,281.07
2014/07/15,282.59,287.65,279.86,287.45,2547791,283.75
2014/07/16,288.87,289.88,279.35,280.77,1728512,284.62
2014/07/17,279.05,280.57,267.00,271.45,2380006,273.78
2014/07/18,270.95,274.90,259.30,263.25,4563920,267.10
2014/07/21,264.87,272.77,264.87,270.95,3291697,268.82
2014/07/22,270.95,278.74,268.92,276.01,2479806,273.83
2014/07/23,276.01,277.02,261.02,267.91,4709990,269.02
2014/07/24,263.86,265.28,253.53,255.46,5048025,259.40
2014/07/25,254.34,258.09,252.82,256.06,2989507,255.45
2014/07/28,256.98,261.63,256.67,260.62,2614704,259.15
2014/07/29,260.92,270.95,260.42,270.14,4622789,265.69
2014/07/30,270.14,271.15,263.86,267.81,1975139,267.50
2014/07/31,268.62,279.25,266.59,274.09,3722765,272.92
2014/08/01,273.78,277.63,267.00,267.40,4020395,272.31
2014/08/04,268.82,268.82,262.04,267.40,3759568,265.43
2014/08/05,266.39,270.54,263.05,268.52,2743820,266.80
2014/08/06,268.92,269.63,265.38,267.40,2796251,267.50
2014/08/07,265.89,275.40,265.89,273.48,3989443,270.64
2014/08/08,273.48,274.39,270.44,272.57,2088535,272.41
2014/08/11,272.87,275.91,271.15,275.40,3348565,273.53
2014/08/12,275.81,275.81,271.96,272.87,2098945,273.88
2014/08/13,271.56,274.09,266.39,270.95,3416866,270.24
2014/08/14,270.04,271.86,268.01,270.44,2099543,269.94
2014/08/15,269.12,274.90,269.12,273.48,1728552,272.01
2014/08/18,272.57,282.19,272.57,281.58,4841093,277.38
2014/08/19,285.93,291.10,276.82,280.57,6186330,283.96
2014/08/20,281.27,284.11,278.04,282.08,4696090,281.08
2014/08/21,282.08,284.92,278.85,283.10,4029894,281.89
2014/08/22,283.20,286.95,283.00,283.60,2826947,284.97
2014/08/25,285.12,286.44,281.07,282.08,3263756,283.75
2014/08/26,279.05,282.08,273.07,275.91,2572310,277.57
2014/08/27,275.50,278.44,268.01,269.73,4157376,273.22
2014/08/28,269.73,275.91,269.73,270.14,2103983,272.82
2014/08/29,269.83,272.87,265.89,271.66,2594322,269.38
2014/09/01,272.67,274.90,269.12,274.09,2784969,272.01
2014/09/02,274.59,276.92,269.43,275.71,6061055,273.18
2014/09/03,275.50,278.34,271.56,273.58,5815488,274.95
2014/09/04,273.88,277.83,272.47,277.63,6139781,275.15
2014/09/05,278.54,280.87,276.01,279.35,5495574,278.44
2014/09/09,281.07,282.69,278.04,281.07,6416990,280.37
2014/09/10,281.07,282.59,278.85,281.88,4667415,280.72
2014/09/11,281.98,285.73,279.55,280.36,7320174,282.64
2014/09/12,280.26,281.07,277.63,279.35,3645745,279.35
2014/09/15,279.55,280.47,273.99,275.30,6286350,277.23
2014/09/16,275.00,277.63,272.57,274.39,6484060,275.10
2014/09/17,274.09,275.91,271.96,275.40,3316037,273.94
2014/09/18,274.59,295.25,274.59,292.62,15164906,284.92
2014/09/19,291.20,293.43,287.15,291.70,7032162,290.29
2014/09/22,291.10,295.05,287.96,291.70,4571340,291.50
2014/09/23,293.43,293.43,289.27,290.89,3664310,291.35
2014/09/24,290.19,295.25,290.19,293.12,5626151,292.72
2014/09/25,293.22,295.65,286.95,288.16,4982533,291.30
2014/09/26,287.25,296.26,286.14,294.13,4800238,291.20
2014/09/29,294.24,294.24,289.37,293.22,4176876,291.81
2014/09/30,293.22,304.36,292.41,299.60,6090244,298.39
2014/10/08,300.61,313.07,300.51,311.55,8304221,306.79
2014/10/09,310.44,311.45,302.33,308.21,4941849,306.89
2014/10/10,306.79,306.79,300.01,303.96,4149053,303.40
2014/10/13,302.54,309.42,294.24,307.90,4883551,301.83
2014/10/14,305.07,307.40,299.20,300.92,4318674,303.30
2014/10/15,300.51,306.99,297.78,305.88,3832511,302.38
2014/10/16,305.78,316.41,300.11,301.32,6087831,308.26
2014/10/17,307.60,314.08,293.93,304.87,7635946,304.00
2014/10/20,305.58,312.05,301.42,305.17,3821553,306.74
2014/10/21,306.28,306.39,295.86,296.56,4806636,301.13
2014/10/22,296.26,297.27,288.36,290.08,3377311,292.81
2014/10/23,288.26,292.92,286.24,289.98,2996314,289.58
2014/10/24,291.20,295.45,289.98,291.80,2364742,292.72
2014/10/27,291.80,295.35,289.37,293.73,1499949,292.36
2014/10/28,293.73,297.78,293.32,297.37,2885208,295.55
2014/10/29,298.08,298.79,292.62,294.74,3181015,295.71
2014/10/30,294.13,298.69,293.02,293.22,2868642,295.85
2014/10/31,293.32,294.64,284.11,289.17,5375715,289.38
2014/11/03,288.97,288.97,279.35,283.40,10219266,284.16
2014/11/04,283.00,285.43,280.36,283.40,4228368,282.90
2014/11/05,283.30,283.30,280.36,280.87,2888362,281.83
2014/11/06,281.68,284.01,276.62,280.06,4472271,280.31
2014/11/07,280.06,281.48,272.97,273.88,6409431,277.23
2014/11/10,274.39,276.62,270.24,276.62,4519620,273.43
2014/11/11,276.52,276.52,266.39,268.11,5416895,271.45
2014/11/12,268.01,273.18,267.00,271.96,2713818,270.09
2014/11/13,271.96,277.02,268.11,274.90,3519628,272.56
2014/11/14,273.68,276.62,272.87,275.10,1833013,274.75
2014/11/17,275.00,279.25,269.94,277.43,2776855,274.59
2014/11/18,277.43,278.95,272.97,272.97,2575277,275.96
2014/11/19,271.96,275.30,271.45,272.97,2074344,273.38
2014/11/20,273.78,273.78,268.42,269.02,2378416,271.10
2014/11/21,268.42,271.76,267.81,270.14,2319290,269.78
2014/11/24,272.77,273.18,260.82,265.89,5420612,267.00
2014/11/25,266.19,270.75,265.38,269.63,3885312,268.06
2014/11/26,271.96,275.81,270.85,274.49,6688981,273.33
2014/11/27,275.91,278.04,269.53,271.76,7777625,273.78
2014/11/28,271.96,273.28,265.78,268.82,7010307,269.53
2014/12/01,268.82,269.53,259.91,265.28,8383950,264.72
2014/12/02,266.70,268.72,264.87,265.89,5630672,266.80
2014/12/03,265.99,271.66,259.81,270.75,11143682,265.74
2014/12/04,270.95,279.55,270.75,278.04,12652056,275.15
2014/12/05,276.72,276.92,263.46,266.49,10340379,270.19
2014/12/08,264.67,268.52,260.62,261.43,13393660,264.57
2014/12/09,261.53,266.70,255.86,260.62,9659789,261.28
2014/12/10,260.62,270.75,259.00,269.33,8265384,264.88
2014/12/11,267.91,270.95,265.99,268.62,6879818,268.47
2014/12/12,267.10,270.14,265.89,269.94,6377077,268.01
2014/12/15,271.05,274.59,269.83,272.87,8948778,272.21
2014/12/16,272.57,274.39,269.63,269.94,5109024,272.01
2014/12/17,269.94,269.94,260.82,262.14,8429312,265.38
2014/12/18,262.14,264.77,259.81,261.43,4451010,262.29
2014/12/19,261.43,261.43,248.67,260.82,8327617,255.05
2014/12/22,258.90,261.83,249.69,261.83,7198091,255.76
2014/12/23,258.80,264.77,255.96,258.09,4671044,260.36
2014/12/24,258.49,263.35,258.29,259.10,3791186,260.82
2014/12/25,260.32,260.82,255.36,255.86,4235648,258.09
2014/12/26,255.25,257.18,252.12,254.04,4655050,254.65
2014/12/29,254.24,255.05,243.61,246.45,8229596,249.33
2014/12/30,246.45,246.55,237.54,240.88,5226050,242.05
2014/12/31,240.98,247.76,239.76,246.65,4116789,243.76
2015/01/05,246.75,246.85,240.07,245.84,4881104,243.46
2015/01/06,245.84,255.96,242.50,254.55,8969004,249.23
2015/01/07,254.44,260.72,251.20,257.28,7926135,255.96
2015/01/08,257.79,265.58,255.76,261.13,7802134,260.67
2015/01/09,261.02,264.77,258.60,258.70,4543885,261.69
2015/01/12,259.00,264.06,257.58,262.14,4774466,260.82
2015/01/13,262.24,269.53,259.81,268.52,7588489,264.67
2015/01/14,265.99,268.52,261.94,263.05,3062862,265.23
2015/01/15,263.25,266.70,255.86,257.48,4521132,261.28
2015/01/16,257.18,262.24,255.96,260.72,2949895,259.10
2015/01/19,257.58,269.43,256.06,257.18,6659096,262.75
2015/01/20,261.43,268.62,258.19,268.62,7862754,263.41
2015/01/21,270.54,284.11,270.54,279.96,14277681,277.33
2015/01/22,278.74,285.93,278.74,283.00,7261250,282.34
2015/01/23,283.20,285.93,276.42,278.04,6202086,281.18
2015/01/26,278.14,282.08,273.99,281.68,4613717,278.03
2015/01/27,281.38,288.97,280.67,288.46,8146621,284.82
2015/01/28,287.65,291.20,285.12,285.73,5359516,288.16
2015/01/29,284.52,286.14,280.67,282.08,4305055,283.41
2015/01/30,283.00,283.10,272.06,272.47,4534509,277.58
2015/02/02,272.97,278.85,268.72,276.11,4480526,273.79
2015/02/03,277.02,283.91,277.02,281.07,5643306,280.47
2015/02/04,283.10,287.45,281.07,283.10,4715269,284.26
2015/02/05,283.50,287.35,281.07,281.27,5986937,284.21
2015/02/06,282.90,285.63,276.92,280.57,4452111,281.28
2015/02/09,280.47,285.02,278.64,280.47,3099012,281.83
2015/02/10,278.54,282.59,272.97,274.80,4123749,277.78
2015/02/11,273.28,277.02,273.28,276.21,3280766,275.15
2015/02/12,275.81,281.78,275.00,281.78,5412536,278.39
2015/02/13,283.10,284.92,281.38,283.30,4670976,283.15
2015/02/16,285.12,294.44,283.81,292.31,7727869,289.13
2015/02/17,294.24,296.36,290.19,293.22,5440030,293.28
2015/02/25,293.73,295.75,289.27,290.08,3600422,292.51
2015/02/26,290.69,294.54,284.92,287.55,5911837,289.73
2015/02/27,286.24,289.37,285.02,287.96,7214735,287.19
2015/03/02,286.24,289.37,285.02,287.96,0,287.19
2015/03/03,286.24,289.37,285.02,287.96,0,287.19
2015/03/04,286.24,289.37,285.02,287.96,0,287.19
2015/03/05,286.24,289.37,285.02,287.96,0,287.19
2015/03/06,286.24,289.37,285.02,287.96,0,287.19
2015/03/09,286.24,289.37,285.02,287.96,0,287.19
2015/03/10,286.24,289.37,285.02,287.96,0,287.19
2015/03/11,286.24,289.37,285.02,287.96,0,287.19
2015/03/12,286.24,289.37,285.02,287.96,0,287.19
2015/03/13,286.24,289.37,285.02,287.96,0,287.19
2015/03/16,286.24,289.37,285.02,287.96,0,287.19
2015/03/17,286.24,289.37,285.02,287.96,0,287.19
2015/03/18,286.24,289.37,285.02,287.96,0,287.19
2015/03/19,316.51,316.51,316.51,316.51,1188586,316.51
2015/03/20,338.79,338.79,317.42,320.86,27196816,328.11
2015/03/23,321.37,326.53,321.37,323.40,11349711,323.95
2015/03/24,323.40,345.37,322.58,343.44,15065077,333.97
2015/03/25,343.85,351.44,337.77,344.56,10071898,344.60
2015/03/26,343.85,344.76,322.58,331.19,10156959,333.67
2015/03/27,332.71,338.79,329.67,334.43,6916059,334.23
2015/03/30,337.27,344.15,336.76,342.23,7716534,340.45
2015/03/31,341.82,341.82,331.50,334.74,13675317,336.66
2015/04/01,334.33,339.70,331.80,338.38,10174576,335.75
2015/04/02,341.82,370.17,341.82,368.96,16221648,356.00
2015/04/03,360.86,370.17,354.99,365.92,9499748,362.58
2015/04/07,360.86,370.17,354.99,365.92,0,362.58
2015/04/08,360.86,370.17,354.99,365.92,0,362.58
2015/04/09,360.86,370.17,354.99,365.92,0,362.58
2015/04/10,360.86,370.17,354.99,365.92,0,362.58
2015/04/13,360.86,370.17,354.99,365.92,0,362.58
2015/04/14,360.86,370.17,354.99,365.92,0,362.58
2015/04/15,360.86,370.17,354.99,365.92,0,362.58
2015/04/16,360.86,370.17,354.99,365.92,0,362.58
2015/04/17,360.86,370.17,354.99,365.92,0,362.58
2015/04/20,360.86,370.17,354.99,365.92,0,362.58
2015/04/21,360.86,370.17,354.99,365.92,0,362.58
2015/04/22,360.86,370.17,354.99,365.92,0,362.58
2015/04/23,360.86,370.17,354.99,365.92,0,362.58
2015/04/24,360.86,370.17,354.99,365.92,0,362.58
2015/04/27,360.86,370.17,354.99,365.92,0,362.58
2015/04/28,360.86,370.17,354.99,365.92,0,362.58
2015/04/29,360.86,370.17,354.99,365.92,0,362.58
2015/04/30,360.86,370.17,354.99,365.92,0,362.58
2015/05/04,360.86,370.17,354.99,365.92,0,362.58
2015/05/05,360.86,370.17,354.99,365.92,0,362.58
2015/05/06,360.86,370.17,354.99,365.92,0,362.58
2015/05/07,360.86,370.17,354.99,365.92,0,362.58
2015/05/08,360.86,370.17,354.99,365.92,0,362.58
2015/05/11,360.86,370.17,354.99,365.92,0,362.58
2015/05/12,360.86,370.17,354.99,365.92,0,362.58
2015/05/13,360.86,370.17,354.99,365.92,0,362.58
2015/05/14,360.86,370.17,354.99,365.92,0,362.58
2015/05/15,360.86,370.17,354.99,365.92,0,362.58
2015/05/18,360.86,370.17,354.99,365.92,0,362.58
2015/05/19,360.86,370.17,354.99,365.92,0,362.58
2015/05/20,360.86,370.17,354.99,365.92,0,362.58
2015/05/21,360.86,370.17,354.99,365.92,0,362.58
2015/05/22,360.86,370.17,354.99,365.92,0,362.58
2015/05/25,360.86,370.17,354.99,365.92,0,362.58
2015/05/26,360.86,370.17,354.99,365.92,0,362.58
2015/05/27,360.86,370.17,354.99,365.92,0,362.58
2015/05/28,360.86,370.17,354.99,365.92,0,362.58
2015/05/29,360.86,370.17,354.99,365.92,0,362.58
2015/06/01,360.86,370.17,354.99,365.92,0,362.58
2015/06/02,360.86,370.17,354.99,365.92,0,362.58
2015/06/03,360.86,370.17,354.99,365.92,0,362.58
2015/06/04,360.86,370.17,354.99,365.92,0,362.58
2015/06/05,360.86,370.17,354.99,365.92,0,362.58
2015/06/08,360.86,370.17,354.99,365.92,0,362.58
2015/06/09,360.86,370.17,354.99,365.92,0,362.58
2015/06/10,360.86,370.17,354.99,365.92,0,362.58
2015/06/11,360.86,370.17,354.99,365.92,0,362.58
2015/06/12,402.17,402.17,402.17,402.17,212231,402.17
2015/06/15,441.96,441.96,441.96,441.96,438525,441.96
2015/06/16,485.85,485.85,444.54,485.85,40140735,465.20
2015/06/17,474.46,501.80,441.05,466.11,31516369,471.43
2015/06/18,459.27,459.27,419.94,420.54,29204758,439.60
2015/06/19,419.03,442.87,404.14,427.23,27953069,423.50
2015/06/23,427.68,442.57,398.67,426.16,22343421,420.62
2015/06/24,425.86,439.07,407.79,419.48,20684995,423.43
2015/06/25,422.82,425.86,383.18,386.37,19363970,404.52
2015/06/26,369.67,383.33,348.10,348.10,17899988,365.72
2015/06/29,356.30,360.55,313.62,313.62,24286815,337.09
2015/06/30,299.96,344.61,282.64,344.46,30806436,313.63
2015/07/01,340.05,368.00,330.79,340.81,29233486,349.40
2015/07/02,343.85,357.97,314.23,335.65,23326622,336.10
2015/07/03,319.55,368.60,304.36,325.77,26870645,336.48
2015/07/06,357.97,357.97,293.58,315.14,26035050,325.78
2015/07/07,307.25,308.46,284.01,284.01,13224407,296.23
2015/07/08,307.25,308.46,284.01,284.01,0,296.23
2015/07/09,307.25,308.46,284.01,284.01,0,296.23
2015/07/10,307.25,308.46,284.01,284.01,0,296.23
2015/07/13,312.11,312.11,312.11,312.11,475407,312.11
2015/07/14,342.94,342.94,342.94,342.94,685231,342.94
2015/07/15,352.96,356.91,309.07,309.07,32088208,332.99
2015/07/16,304.36,334.74,278.85,320.31,23077128,306.80
2015/07/17,321.22,343.54,320.91,338.23,22115662,332.23
2015/07/20,343.24,353.42,331.39,340.05,22122908,342.41
2015/07/21,333.82,345.21,328.96,337.62,17431965,337.08
2015/07/22,340.05,349.62,334.74,342.18,19684945,342.18
2015/07/23,343.85,362.53,340.96,357.06,23114139,351.74
2015/07/24,353.42,360.55,340.35,342.63,23385680,350.45
2015/07/27,331.09,340.51,308.76,308.76,19438995,324.63
2015/07/28,284.62,305.42,278.24,290.39,29392115,291.83
2015/07/29,293.73,304.36,281.58,302.23,18765670,292.97
2015/07/30,299.80,302.99,284.62,284.92,19182128,293.81
2015/07/31,281.58,285.83,271.10,276.26,14646448,278.47
2015/08/03,268.67,286.14,261.99,280.97,18291988,274.06
2015/08/04,283.71,302.84,280.06,301.63,18323107,291.45
2015/08/05,303.45,303.90,290.39,294.64,17091438,297.14
2015/08/06,286.29,294.79,282.34,285.68,9783722,288.56
2015/08/07,289.63,301.32,288.11,296.77,15058167,294.72
2015/08/10,300.26,315.75,296.77,311.04,18447153,306.26
2015/08/11,316.51,316.51,304.51,308.92,16047641,310.51
2015/08/12,307.09,310.59,302.39,304.66,9464660,306.49
2015/08/13,307.70,317.73,306.03,314.69,14745801,311.88
2015/08/14,318.03,322.43,311.65,315.60,15374439,317.04
2015/08/17,309.37,317.42,304.21,313.62,13878089,310.81
2015/08/18,317.27,322.43,289.17,292.06,25146988,305.80
2015/08/19,284.92,299.65,274.74,298.74,13320904,287.19
2015/08/20,298.44,311.95,291.15,298.29,12675852,301.55
2015/08/21,291.45,296.77,277.93,286.89,15602275,287.35
2015/08/24,275.50,281.73,258.65,258.65,16568946,270.19
2015/08/25,234.80,264.87,233.13,261.84,27340734,249.00
2015/08/26,270.19,274.74,254.39,261.84,19015300,264.56
2015/08/27,262.75,273.68,257.43,270.64,14417009,265.56
2015/08/28,278.54,287.65,270.49,287.65,16004988,279.07
2015/08/31,284.16,284.62,271.10,284.46,11720317,277.86
2015/09/01,276.87,277.02,256.37,258.80,9523815,266.69
2015/09/02,246.65,261.53,233.28,243.46,25182777,247.40
2015/09/07,244.52,255.76,244.07,246.65,12286484,249.91
2015/09/08,245.74,256.22,237.69,256.22,12716268,246.96
2015/09/09,245.74,256.22,237.69,256.22,0,246.96
2015/09/10,245.74,256.22,237.69,256.22,0,246.96
2015/09/11,245.74,256.22,237.69,256.22,0,246.96
2015/09/14,245.74,256.22,237.69,256.22,0,246.96
2015/09/15,245.74,256.22,237.69,256.22,0,246.96
2015/09/16,245.74,256.22,237.69,256.22,0,246.96
2015/09/17,275.20,275.20,245.13,245.89,15781701,260.16
2015/09/18,243.31,250.44,239.81,248.32,8441568,245.13
2015/09/21,244.83,261.08,244.07,259.71,10332874,252.57
2015/09/22,262.14,263.96,256.06,258.95,9362840,260.01
2015/09/23,260.77,268.97,259.25,263.35,13444225,264.11
2015/09/24,264.27,265.94,258.34,261.68,8673733,262.14
2015/09/25,261.23,261.23,248.17,249.68,6828500,254.70
2015/09/28,249.99,257.73,248.47,256.37,6056616,253.10
2015/09/29,249.08,261.08,249.08,251.20,7740088,255.08
2015/09/30,251.36,254.24,249.68,251.51,3561673,251.96
2015/10/08,264.57,267.61,258.80,264.72,10879065,263.21
2015/10/09,262.59,266.39,262.14,265.33,9434323,264.26
2015/10/12,267.00,281.88,266.39,276.87,14469839,274.13
2015/10/13,276.42,281.58,273.99,279.00,11102209,277.78
2015/10/14,279.91,280.36,273.99,275.66,9223307,277.18
2015/10/15,273.99,283.25,273.23,281.58,12735848,278.24
2015/10/16,284.62,286.74,279.30,282.49,13274102,283.02
2015/10/19,282.49,284.16,273.99,275.96,12588536,279.08
2015/10/20,275.50,283.25,273.38,283.10,15893798,278.31
2015/10/21,286.14,294.79,267.15,271.56,22938051,280.97
2015/10/22,269.58,294.94,269.58,289.48,18459312,282.26
2015/10/23,294.18,305.88,294.18,299.65,22311560,300.03
2015/10/26,304.36,304.36,290.24,296.61,17115474,297.30
2015/10/27,296.01,318.94,291.15,315.14,21631286,305.04
2015/10/28,307.70,320.61,304.66,305.88,17065127,312.64
2015/10/29,308.92,311.95,296.77,302.84,12369579,304.36
2015/10/30,302.23,305.42,296.61,301.32,10174872,301.02
2015/11/02,296.61,305.27,289.32,290.08,13602888,297.29
2015/11/03,289.02,307.25,285.68,294.94,9992973,296.47
2015/11/04,294.94,307.40,294.18,307.25,14589028,300.79
2015/11/05,308.92,310.43,301.02,303.45,15908505,305.72
2015/11/06,303.60,311.95,302.84,309.68,15520685,307.39
2015/11/09,307.09,318.03,299.80,313.47,18977914,308.91
2015/11/10,311.65,318.79,305.88,311.04,14911475,312.34
2015/11/11,308.92,330.94,307.85,325.62,19542972,319.40
2015/11/12,325.17,325.47,315.14,318.33,12930664,320.31
2015/11/13,314.99,314.99,305.57,306.49,10865476,310.28
2015/11/16,304.36,308.46,299.04,308.31,13101042,303.75
2015/11/17,309.37,313.47,302.69,303.45,11665216,308.08
2015/11/18,303.15,306.64,298.44,299.35,7097999,302.54
2015/11/19,299.96,305.73,296.77,305.73,12171895,301.25
2015/11/20,307.09,314.99,305.27,311.95,14756887,310.13
2015/11/23,311.65,317.42,307.40,310.59,12193830,312.41
2015/11/24,311.95,318.64,307.55,316.66,12391086,313.09
2015/11/25,314.84,320.31,313.47,319.09,13496000,316.89
2015/11/26,321.83,325.02,316.66,319.70,16560133,320.84
2015/11/27,318.64,318.64,297.22,298.89,13515245,307.93
2015/11/30,300.11,301.32,284.62,294.18,15753613,292.97
2015/12/01,295.86,298.89,291.00,297.53,7214693,294.94
2015/12/02,296.16,301.02,289.17,299.80,7697359,295.09
2015/12/03,300.87,310.43,297.98,308.46,6233168,304.21
2015/12/04,307.25,308.01,299.80,302.08,6725545,303.91
2015/12/07,305.57,308.76,300.56,306.79,6704692,304.66
2015/12/08,306.79,306.79,293.88,295.10,6687623,300.34
2015/12/09,294.49,297.22,291.75,293.43,7883371,294.49
2015/12/10,294.49,300.26,291.75,293.73,8334853,296.00
2015/12/11,292.67,293.73,289.63,291.30,3921312,291.68
2015/12/14,289.32,296.01,289.32,295.70,5720259,292.66
2015/12/15,295.86,298.74,294.94,297.07,6548350,296.84
2015/12/16,297.98,301.02,297.83,297.98,5459647,299.42
2015/12/17,299.80,305.27,298.89,302.69,9266758,302.08
2015/12/18,304.06,304.06,298.13,300.41,8004803,301.09
2015/12/21,301.02,313.17,299.80,313.17,14928222,306.49
2015/12/22,316.05,320.61,310.13,313.78,10478736,315.37
2015/12/23,320.15,337.77,318.79,320.91,24921816,328.28
2015/12/24,320.91,332.15,319.24,327.29,17235295,325.69
2015/12/25,330.03,330.79,321.98,326.84,10633502,326.39
2015/12/28,326.84,331.70,311.95,311.95,12893094,321.82
2015/12/29,311.19,317.27,307.09,316.36,7023529,312.18
2015/12/30,318.79,325.47,315.75,320.31,9249203,320.61
2015/12/31,323.80,331.55,321.98,324.10,13442004,326.77
2016/01/04,319.70,322.28,293.12,295.25,9211273,307.70
2016/01/05,288.41,303.60,270.34,290.54,11385733,286.97
2016/01/06,290.69,298.13,283.10,295.86,10649572,290.62
2016/01/07,289.02,289.02,267.76,268.06,2659349,278.39
2016/01/08,273.99,277.02,255.76,267.91,10715863,266.39
2016/01/11,264.72,267.15,241.48,241.64,16010781,254.31
2016/01/12,242.70,249.99,239.05,246.65,7656363,244.52
2016/01/13,247.71,250.75,236.93,237.84,7530428,243.84
2016/01/14,233.89,251.05,231.61,249.38,8212605,241.33
2016/01/15,246.80,249.23,235.71,238.60,7837969,242.47
2016/01/18,236.17,246.19,236.17,239.97,8113591,241.18
2016/01/19,241.03,251.20,236.93,249.08,10907024,244.06
2016/01/20,245.43,250.75,240.57,243.00,9402656,245.66
2016/01/21,239.05,248.17,236.02,236.78,8087637,242.09
2016/01/22,239.81,245.58,234.19,244.22,7567210,239.89
2016/01/25,245.28,246.80,242.09,243.15,5681172,244.45
2016/01/26,240.27,241.18,221.28,222.80,9560513,231.23
2016/01/27,224.17,225.08,210.50,217.64,10968847,217.79
2016/01/28,215.97,216.12,203.82,206.10,8639490,209.97
2016/01/29,208.83,215.36,206.40,212.63,7936168,210.88
2016/02/01,212.63,212.93,207.16,209.59,5880854,210.05
2016/02/02,211.72,221.28,211.41,217.03,7798537,216.34
2016/02/03,213.24,223.11,212.78,221.13,6443195,217.95
2016/02/04,221.13,227.51,221.13,223.56,7941102,224.32
2016/02/05,223.87,225.39,221.59,223.87,6165239,223.49
2016/02/15,216.27,223.87,213.99,222.35,5345900,218.93
2016/02/16,224.02,231.92,223.87,230.40,8953558,227.89
2016/02/17,232.83,232.83,224.32,229.79,7700346,228.58
2016/02/18,230.55,233.28,226.45,226.90,8953632,229.86
2016/02/19,226.45,229.64,224.78,228.42,6129024,227.21
2016/02/22,231.61,232.83,229.03,231.31,9127427,230.93
2016/02/23,231.46,233.28,225.54,232.52,11797698,229.41
2016/02/24,229.94,231.46,225.08,229.79,11337972,228.27
2016/02/25,228.57,229.03,207.16,207.16,15284671,218.09
2016/02/26,207.46,210.50,203.21,205.95,9315662,206.86
2016/02/29,207.92,207.92,189.54,192.73,12199382,198.73
2016/03/01,193.34,198.05,188.33,195.62,10107435,193.19
2016/03/02,196.38,207.77,195.47,206.55,14647718,201.62
2016/03/03,205.64,211.72,204.73,205.79,12499870,208.22
2016/03/04,204.12,208.22,194.25,199.41,13575330,201.23
2016/03/07,201.84,207.92,201.84,204.43,10834100,204.88
2016/03/08,204.73,208.83,197.14,208.83,13298310,202.98
2016/03/09,203.97,208.07,201.84,203.52,7947348,204.95
2016/03/10,203.52,206.70,201.54,202.76,7493454,204.12
2016/03/11,201.84,204.58,198.66,202.91,5424721,201.62
2016/03/14,205.34,212.93,205.34,209.89,12929235,209.14
2016/03/15,208.98,211.41,207.62,207.92,8772028,209.52
2016/03/16,211.72,212.48,204.43,206.10,7910010,208.45
2016/03/17,208.07,217.64,207.01,215.51,13215787,212.32
2016/03/18,216.12,229.49,216.12,225.54,19225302,222.81
2016/03/21,229.18,232.83,226.90,229.94,13039532,229.87
2016/03/22,229.18,235.86,227.06,231.76,9982230,231.46
2016/03/23,230.70,233.28,226.14,228.73,15867902,229.71
2016/03/24,229.64,233.59,225.84,229.18,14229444,229.72
2016/03/25,228.27,229.94,222.80,225.69,11138060,226.37
2016/03/28,227.66,230.40,221.59,222.35,12645913,226.00
2016/03/29,223.11,224.47,216.58,217.79,8433433,220.53
2016/03/30,220.37,229.33,220.22,228.12,11804952,224.78
2016/03/31,230.55,235.41,228.57,229.64,15824773,231.99
2016/04/01,229.49,232.83,226.30,232.52,10892664,229.57
2016/04/05,231.46,237.08,229.94,236.02,13265326,233.51
2016/04/06,235.86,236.02,231.61,232.98,11570207,233.82
2016/04/07,234.35,235.26,225.69,225.99,12178344,230.47
2016/04/08,225.39,228.88,223.41,225.54,9199422,226.14
2016/04/11,227.66,232.37,227.06,231.61,12800783,229.72
2016/04/12,232.98,234.35,228.88,231.16,10877378,231.61
2016/04/13,233.89,236.17,232.68,233.28,18195762,234.42
2016/04/14,236.17,236.32,231.61,234.50,9509396,233.97
2016/04/15,234.04,234.65,231.76,232.52,8055346,233.20
2016/04/18,231.16,231.16,225.54,227.06,8853833,228.35
2016/04/19,229.18,229.94,226.45,227.66,6059677,228.19
2016/04/20,228.12,229.18,211.72,216.12,12107904,220.45
2016/04/21,215.06,217.34,212.02,212.32,5906366,214.68
2016/04/22,211.26,214.30,211.26,213.99,4714459,212.78
2016/04/25,213.99,213.99,209.74,213.69,5669538,211.87
2016/04/26,213.99,216.27,212.93,215.82,4851288,214.60
2016/04/27,218.55,220.68,217.03,217.03,7702955,218.86
2016/04/28,219.01,219.01,212.63,215.36,7923076,215.82
2016/04/29,213.84,215.97,213.24,214.91,6346350,214.61
2016/05/03,214.91,223.41,214.75,222.96,9221040,219.08
2016/05/04,223.11,227.21,221.44,225.54,11200191,224.33
2016/05/05,226.14,227.66,223.56,225.99,6109850,225.61
2016/05/06,225.69,226.90,215.36,216.42,8921872,221.13
2016/05/09,213.84,215.67,210.05,210.65,6437209,212.86
2016/05/10,210.65,212.32,210.20,211.72,3171100,211.26
2016/05/11,213.24,224.63,211.56,217.94,9054807,218.09
2016/05/12,215.21,217.94,211.56,216.58,5044817,214.75
2016/05/13,216.27,220.37,214.45,217.79,4998904,217.41
2016/05/16,217.03,221.89,215.51,221.13,6558385,218.70
2016/05/17,221.74,222.20,218.55,219.77,5700413,220.38
2016/05/18,218.85,219.77,210.96,213.54,6465465,215.37
2016/05/19,213.08,217.18,212.93,214.45,4214884,215.06
2016/05/20,213.39,216.12,212.02,215.06,2892270,214.07
2016/05/23,215.21,217.18,214.75,215.67,4521319,215.97
2016/05/24,215.51,222.80,214.91,217.34,14238862,218.86
2016/05/25,219.92,220.83,216.73,216.73,8692128,218.78
2016/05/26,214.60,216.42,210.50,215.06,7648915,213.46
2016/05/27,214.15,215.21,212.93,213.69,4505958,214.07
2016/05/30,212.93,213.84,210.20,212.32,4128333,212.02
2016/05/31,213.39,220.53,212.32,220.07,11940856,216.42
2016/06/01,220.37,222.20,219.16,219.77,9570124,220.68
2016/06/02,219.92,220.68,217.94,220.53,8103561,219.31
2016/06/03,220.37,225.54,219.92,225.39,12119077,222.73
2016/06/06,225.84,228.27,222.50,224.78,11205960,225.39
2016/06/07,224.78,225.84,221.89,223.71,6794569,223.86
2016/06/08,224.63,226.30,222.50,224.78,8115931,224.40
2016/06/13,222.50,235.56,220.53,227.06,28685205,228.05
2016/06/14,228.42,244.83,227.21,240.57,38732507,236.02
2016/06/15,236.17,251.81,235.56,246.19,31462500,243.69
2016/06/16,243.15,249.38,241.48,244.67,23113537,245.43
2016/06/17,245.43,250.44,239.81,243.00,19071391,245.13
2016/06/20,241.48,248.93,239.97,245.28,12493891,244.45
2016/06/21,249.23,250.14,239.97,240.72,13397731,245.05
2016/06/22,240.12,246.80,237.69,245.28,13703771,242.25
2016/06/23,245.28,246.34,240.42,242.09,11534260,243.38
2016/06/24,243.00,255.91,241.33,253.03,28910517,248.62
2016/06/27,249.84,265.02,249.23,260.62,22167249,257.12
2016/06/28,258.19,266.70,257.13,260.62,18439421,261.91
2016/06/29,258.95,267.61,258.95,261.99,16013676,263.28
2016/06/30,263.51,271.86,263.51,268.67,22725665,267.69
2016/07/01,269.58,270.80,256.06,260.77,20212607,263.43
2016/07/04,258.19,264.42,257.43,261.68,12458667,260.93
2016/07/05,265.33,265.33,255.76,259.40,16025200,260.54
2016/07/06,258.04,263.35,257.58,261.23,11948293,260.47
2016/07/07,260.92,269.43,260.47,263.81,15644665,264.95
2016/07/08,264.42,277.63,262.75,273.23,21234049,270.19
2016/07/11,274.90,277.02,269.28,270.80,14726754,273.15
2016/07/12,282.49,294.79,273.38,279.15,55042504,284.09
2016/07/13,281.12,285.22,276.11,277.78,29366826,280.67
2016/07/14,277.93,288.26,277.17,284.77,28769835,282.72
2016/07/15,283.10,284.77,279.76,283.10,15205661,282.26
2016/07/18,282.79,283.40,276.11,277.48,14955742,279.75
2016/07/19,277.63,279.15,275.81,278.85,11588271,277.48
2016/07/20,278.85,284.77,278.24,280.67,17202076,281.50
2016/07/21,280.67,281.88,278.24,278.85,12578463,280.06
2016/07/22,278.09,279.45,272.01,272.62,15605114,275.73
2016/07/25,273.38,275.66,271.71,273.68,8657165,273.69
2016/07/26,274.44,277.63,273.99,276.87,9806600,275.81
2016/07/27,276.26,277.48,261.23,264.11,18808200,269.36
2016/07/28,264.27,266.85,262.44,265.48,9850600,264.65
2016/07/29,265.48,272.92,264.27,270.19,11207554,268.59
2016/08/01,268.67,268.67,261.38,265.02,8848886,265.03
2016/08/02,265.78,275.66,265.48,275.20,15153220,270.57
2016/08/03,273.38,276.57,272.01,274.14,8965706,274.29
2016/08/04,274.90,276.11,270.95,274.29,8272897,273.53
2016/08/05,274.44,275.50,272.01,273.83,6601748,273.75
2016/08/08,272.31,273.68,269.73,273.68,7148328,271.71
