Date, SZ300410.Open, SZ300410.High, SZ300410.Low, SZ300410.Close, SZ300410.Volume, SZ300410.Adjusted
2014/12/31,12.95,15.54,12.95,15.54,20300,15.51
2015/01/05,17.09,17.09,17.09,17.09,3800,17.09
2015/01/06,18.80,18.80,18.80,18.80,6000,18.80
2015/01/07,20.68,20.68,20.68,20.68,9900,20.68
2015/01/08,22.75,22.75,22.75,22.75,45500,22.75
2015/01/09,25.03,25.03,25.03,25.03,85800,25.03
2015/01/12,27.53,27.53,27.45,27.53,2339383,27.53
2015/01/13,27.29,30.28,27.01,30.28,9801727,28.84
2015/01/14,29.50,30.38,28.03,28.32,7438371,29.23
2015/01/15,27.85,31.15,27.85,31.15,8970924,30.43
2015/01/16,30.65,34.27,30.25,34.27,8263604,32.57
2015/01/19,33.00,37.50,32.10,33.69,9590009,34.92
2015/01/20,33.55,35.99,32.70,34.99,6757340,34.76
2015/01/21,35.07,37.05,34.30,35.25,6013802,35.38
2015/01/22,34.40,35.12,34.01,34.56,3865692,34.56
2015/01/23,34.99,37.50,34.21,35.56,6108513,35.69
2015/01/26,35.57,35.58,34.37,34.92,3078545,34.84
2015/01/27,34.80,35.40,34.30,34.65,2076243,34.82
2015/01/28,34.36,36.50,34.21,35.10,2982790,35.34
2015/01/29,34.60,35.50,33.80,33.80,2835926,34.57
2015/01/30,33.95,34.14,31.96,31.98,2739311,32.84
2015/02/02,31.89,32.98,31.50,32.40,1521493,32.47
2015/02/03,32.20,34.68,32.20,33.93,2953796,33.80
2015/02/04,33.95,35.20,33.56,34.50,3016490,34.42
2015/02/05,34.65,34.95,33.58,33.77,2321379,34.31
2015/02/06,33.48,33.50,31.45,31.53,2507773,32.17
2015/02/09,31.55,32.10,30.80,31.10,1212185,31.51
2015/02/10,31.09,31.69,30.88,31.54,851845,31.39
2015/02/11,31.53,32.16,31.28,31.83,1064592,31.77
2015/02/12,31.99,32.73,31.92,32.24,1423723,32.26
2015/02/13,32.39,32.97,32.31,32.71,1327157,32.64
2015/02/16,32.71,33.16,32.53,33.00,1240292,32.87
2015/02/17,32.96,33.00,32.50,32.52,1000796,32.65
2015/02/25,32.53,32.58,31.90,32.30,1074715,32.23
2015/02/26,32.01,33.00,32.01,32.89,1075450,32.75
2015/02/27,32.90,33.63,32.66,33.55,1517571,33.18
2015/03/02,33.79,35.20,33.65,35.08,2304827,34.60
2015/03/03,34.50,34.87,33.95,33.95,1513160,34.40
2015/03/04,33.91,34.78,33.79,34.56,1297082,34.38
2015/03/05,34.57,35.55,33.95,35.29,1995060,34.68
2015/03/06,35.04,35.50,34.30,34.76,1363585,34.78
2015/03/09,34.66,34.69,33.81,34.30,875670,34.22
2015/03/10,34.30,35.34,34.10,35.21,1119024,34.82
2015/03/11,35.09,35.09,34.21,34.60,1092417,34.63
2015/03/12,34.60,35.79,34.21,34.95,1367069,35.08
2015/03/13,34.95,38.20,34.70,36.99,2252689,36.48
2015/03/16,37.00,39.49,36.76,38.70,2032937,38.12
2015/03/17,38.46,39.30,37.79,38.21,1828879,38.47
2015/03/18,38.36,39.55,38.01,38.80,1456503,38.82
2015/03/19,38.60,40.00,38.40,40.00,1630841,39.06
2015/03/20,39.99,41.52,39.12,39.63,2086206,40.18
2015/03/23,39.50,40.22,39.03,39.98,1744322,39.66
2015/03/24,40.00,40.70,38.15,39.23,2316973,39.42
2015/03/25,39.64,43.14,39.51,41.88,2910405,41.11
2015/03/26,41.00,41.24,39.41,40.21,1976303,40.43
2015/03/27,40.07,44.17,39.87,43.40,2045627,41.61
2015/03/30,42.60,43.78,41.50,42.15,1535106,42.37
2015/03/31,42.50,43.23,41.60,41.90,1105602,42.43
2015/04/01,42.18,42.70,41.40,42.52,1096231,42.09
2015/04/02,42.37,44.44,42.20,44.35,1739128,43.26
2015/04/03,43.59,47.80,43.53,46.27,1770915,45.77
2015/04/07,46.03,47.75,45.59,47.41,1421984,46.64
2015/04/08,47.37,47.40,43.80,45.46,1619929,45.48
2015/04/09,45.00,47.20,43.00,47.05,1641017,44.68
2015/04/10,46.72,50.17,45.20,48.35,1710103,48.68
2015/04/13,48.09,51.60,47.86,50.71,1494635,49.98
2015/04/14,50.40,51.20,48.50,48.78,1291149,49.77
2015/04/15,48.10,49.50,46.00,46.52,1072178,47.50
2015/04/16,46.00,48.15,45.02,46.85,971105,46.88
2015/04/17,47.91,49.50,47.11,47.40,1120570,48.00
2015/04/20,47.31,47.31,43.53,44.00,1354794,45.43
2015/04/21,43.98,46.77,43.98,46.59,903837,45.71
2015/04/22,46.74,50.50,46.74,49.99,1298542,48.83
2015/04/23,48.00,49.10,45.53,48.00,2941253,47.38
2015/04/24,46.62,47.18,45.19,45.79,1676528,46.10
2015/04/27,46.01,46.97,45.70,46.05,1138933,46.17
2015/04/28,45.98,46.48,45.04,45.28,1293564,45.81
2015/04/29,45.00,46.46,45.00,46.10,761556,46.00
2015/04/30,46.00,46.95,46.00,46.01,1202534,46.46
2015/05/04,46.01,46.19,44.82,45.61,908121,45.31
2015/05/05,45.50,46.46,45.22,45.76,958279,45.79
2015/05/06,45.76,47.68,45.50,45.86,1334103,46.59
2015/05/07,45.87,46.37,43.61,43.99,1121476,45.16
2015/05/08,44.61,47.44,44.61,47.40,1199463,45.94
2015/05/11,47.40,50.80,47.01,50.30,1956266,49.12
2015/05/12,51.50,54.38,49.01,54.20,2562079,51.23
2015/05/13,52.00,59.18,50.51,57.76,2698349,55.35
2015/05/14,56.42,59.86,55.76,58.01,1655010,57.81
2015/05/15,57.60,59.80,55.32,57.20,1412153,57.60
2015/05/18,56.65,62.18,56.65,61.97,2002707,60.43
2015/05/19,62.06,64.66,59.60,61.20,1331349,61.38
2015/05/20,60.90,64.58,60.10,62.90,1460292,62.78
2015/05/21,62.39,68.55,62.01,67.98,1584538,66.37
2015/05/22,69.40,72.50,65.02,70.49,1772880,69.56
2015/05/25,68.88,75.99,66.77,74.00,1383071,72.30
2015/05/26,74.01,81.40,73.28,81.40,1484206,79.21
2015/05/27,85.99,89.54,81.00,89.54,1639986,87.12
2015/05/28,90.48,98.49,86.01,88.97,2239775,95.83
2015/05/29,84.44,95.88,80.07,90.88,2252480,87.26
2015/06/01,90.66,95.00,84.18,87.39,1408370,89.08
2015/06/02,86.82,90.98,84.50,88.50,1239686,88.26
2015/06/03,88.40,95.40,85.01,95.39,1454832,90.50
2015/06/04,92.50,94.49,85.85,87.00,1390173,88.34
2015/06/05,87.92,89.64,78.42,85.46,1754140,84.39
2015/06/08,82.56,82.56,76.92,76.92,1428435,78.86
2015/06/09,75.12,77.86,75.12,75.51,664292,76.09
2015/06/10,75.43,79.16,74.94,77.39,957523,77.39
2015/06/11,77.51,81.01,76.72,80.34,917189,79.25
2015/06/12,80.45,82.46,79.93,79.93,708930,81.12
2015/06/15,80.03,80.21,72.26,72.50,663167,75.86
2015/06/16,69.06,72.05,65.31,66.59,829022,67.56
2015/06/17,67.05,69.94,64.72,69.48,702552,67.32
2015/06/18,69.44,71.05,65.06,65.36,730300,68.42
2015/06/19,62.02,65.00,58.83,60.21,781718,62.21
2015/06/23,61.07,66.23,58.06,66.23,1343598,63.45
2015/06/24,66.24,69.96,66.24,68.34,1138687,67.90
2015/06/25,68.86,70.45,66.72,68.37,875331,68.44
2015/06/26,66.98,68.37,61.54,61.54,1248443,64.61
2015/06/29,63.56,66.15,55.39,56.31,1313727,60.81
2015/06/30,56.06,61.94,51.06,61.56,2672356,58.89
2015/07/01,60.56,67.06,60.06,61.26,1786527,63.85
2015/07/02,61.06,64.56,55.72,56.18,1455485,59.89
2015/07/03,53.37,56.95,50.57,50.57,1158400,52.16
2015/07/06,55.62,55.62,45.52,45.52,1121128,49.70
2015/07/07,41.32,41.66,40.97,40.97,211246,41.09
2015/07/08,36.88,39.06,36.88,36.88,2540197,37.22
2015/07/09,36.88,39.06,36.88,36.88,0,37.97
2015/07/10,36.88,39.06,36.88,36.88,0,37.97
2015/07/13,36.88,39.06,36.88,36.88,0,37.97
2015/07/14,36.88,39.06,36.88,36.88,0,37.97
2015/07/15,36.88,39.06,36.88,36.88,0,37.97
2015/07/16,36.88,39.06,36.88,36.88,0,37.97
2015/07/17,36.88,39.06,36.88,36.88,0,37.97
2015/07/20,36.88,39.06,36.88,36.88,0,37.97
2015/07/21,36.88,39.06,36.88,36.88,0,37.97
2015/07/22,36.88,39.06,36.88,36.88,0,37.97
2015/07/23,36.88,39.06,36.88,36.88,0,37.97
2015/07/24,36.88,39.06,36.88,36.88,0,37.97
2015/07/27,36.88,39.06,36.88,36.88,0,37.97
2015/07/28,36.88,39.06,36.88,36.88,0,37.97
2015/07/29,36.88,39.06,36.88,36.88,0,37.97
2015/07/30,36.88,39.06,36.88,36.88,0,37.97
2015/07/31,36.88,39.06,36.88,36.88,0,37.97
2015/08/03,36.88,39.06,36.88,36.88,0,37.97
2015/08/04,36.88,39.06,36.88,36.88,0,37.97
2015/08/05,36.88,39.06,36.88,36.88,0,37.97
2015/08/06,36.88,39.06,36.88,36.88,0,37.97
2015/08/07,36.88,39.06,36.88,36.88,0,37.97
2015/08/10,36.88,39.06,36.88,36.88,0,37.97
2015/08/11,36.88,39.06,36.88,36.88,0,37.97
2015/08/12,36.88,39.06,36.88,36.88,0,37.97
2015/08/13,36.88,39.06,36.88,36.88,0,37.97
2015/08/14,36.88,39.06,36.88,36.88,0,37.97
2015/08/17,36.88,39.06,36.88,36.88,0,37.97
2015/08/18,36.88,39.06,36.88,36.88,0,37.97
2015/08/19,36.88,39.06,36.88,36.88,0,37.97
2015/08/20,36.88,39.06,36.88,36.88,0,37.97
2015/08/21,36.88,39.06,36.88,36.88,0,37.97
2015/08/24,36.88,39.06,36.88,36.88,0,37.97
2015/08/25,36.88,39.06,36.88,36.88,0,37.97
2015/08/26,36.88,39.06,36.88,36.88,0,37.97
2015/08/27,36.88,39.06,36.88,36.88,0,37.97
2015/08/28,36.88,39.06,36.88,36.88,0,37.97
2015/08/31,36.88,39.06,36.88,36.88,0,37.97
2015/09/01,36.88,39.06,36.88,36.88,0,37.97
2015/09/02,36.88,39.06,36.88,36.88,0,37.97
2015/09/07,36.88,39.06,36.88,36.88,0,37.97
2015/09/08,36.88,39.06,36.88,36.88,0,37.97
2015/09/09,36.88,39.06,36.88,36.88,0,37.97
2015/09/10,36.88,39.06,36.88,36.88,0,37.97
2015/09/11,36.88,39.06,36.88,36.88,0,37.97
2015/09/14,36.88,39.06,36.88,36.88,0,37.97
2015/09/15,36.88,39.06,36.88,36.88,0,37.97
2015/09/16,36.88,39.06,36.88,36.88,0,37.97
2015/09/17,36.88,39.06,36.88,36.88,0,37.97
2015/09/18,36.88,39.06,36.88,36.88,0,37.97
2015/09/21,36.88,39.06,36.88,36.88,0,37.97
2015/09/22,36.88,39.06,36.88,36.88,0,37.97
2015/09/23,36.88,39.06,36.88,36.88,0,37.97
2015/09/24,36.88,39.06,36.88,36.88,0,37.97
2015/09/25,36.88,39.06,36.88,36.88,0,37.97
2015/09/28,36.88,39.06,36.88,36.88,0,37.97
2015/09/29,40.56,40.56,40.56,40.56,559495,40.50
2015/09/30,44.61,44.61,44.61,44.61,73000,44.55
2015/10/08,49.07,49.07,49.07,49.07,948324,49.01
2015/10/09,52.07,53.97,51.17,53.97,1057048,52.84
2015/10/12,58.06,59.36,57.06,59.36,1473219,59.02
2015/10/13,65.29,65.29,61.61,65.29,2409167,64.21
2015/10/14,65.06,70.55,64.24,65.26,2061199,67.04
2015/10/15,65.24,67.04,63.38,65.34,3994512,64.97
2015/10/16,65.06,67.66,64.41,66.28,3413712,65.97
2015/10/19,67.14,72.90,67.14,72.90,3362303,71.26
2015/10/20,73.06,75.06,66.07,69.29,3915253,70.61
2015/10/21,69.56,76.11,66.29,69.36,3585385,71.92
2015/10/22,67.57,76.29,66.43,75.94,3726870,72.17
2015/10/23,74.09,83.04,73.66,78.37,3238383,77.66
2015/10/26,78.06,78.86,72.06,74.16,2253703,75.32
2015/10/27,75.05,75.86,70.17,75.52,1721353,72.92
2015/10/28,73.86,75.55,72.61,73.28,1230470,73.97
2015/10/29,75.96,77.55,73.70,76.26,1396105,75.68
2015/10/30,74.82,77.83,72.45,74.57,1348445,75.14
2015/11/02,72.06,79.00,71.19,74.94,1294717,74.86
2015/11/03,75.06,78.57,73.07,77.36,1663869,76.75
2015/11/04,78.02,82.86,77.11,80.36,1841781,80.78
2015/11/05,80.06,81.06,77.74,78.72,1925178,79.25
2015/11/06,78.84,82.06,78.06,81.26,1915603,79.98
2015/11/09,79.57,85.96,77.20,83.06,2241310,82.02
2015/11/10,81.96,91.36,81.06,91.36,2262618,87.48
2015/11/11,93.89,100.49,90.06,98.07,3220707,95.86
2015/11/12,97.06,105.06,96.24,100.06,2142238,99.49
2015/11/13,96.07,98.56,90.06,90.06,2494947,92.94
2015/11/16,86.06,95.00,85.14,93.34,1542372,91.44
2015/11/17,95.26,96.06,92.16,94.47,1330340,94.07
2015/11/18,92.06,103.91,92.06,100.17,4465735,101.91
2015/11/19,99.16,110.18,99.16,110.18,3839553,108.27
2015/11/20,114.55,121.19,112.31,114.06,5574660,117.15
2015/11/23,114.20,115.55,106.20,107.05,3293742,110.95
2015/11/24,108.96,117.75,106.95,117.75,3540670,113.20
2015/11/25,116.06,127.06,112.91,123.63,3465487,117.08
2015/11/26,123.07,126.56,118.35,119.18,2147365,122.45
2015/11/27,124.06,128.34,113.06,117.06,3817088,121.88
2015/11/30,116.27,128.76,115.32,128.76,3449185,122.20
2015/12/01,133.86,141.63,120.06,123.05,5065237,133.89
2015/12/02,123.56,132.04,116.31,130.06,4298824,125.91
2015/12/03,130.06,140.46,117.06,137.31,16287730,128.76
2015/12/04,128.81,151.04,127.61,151.04,18837415,139.32
2015/12/07,157.06,166.14,154.49,166.14,7195454,160.31
2015/12/08,172.06,182.74,167.56,172.26,20070794,175.15
2015/12/09,166.31,169.81,155.31,155.81,12951228,162.56
2015/12/10,158.81,162.56,145.14,152.84,13004381,153.85
2015/12/11,149.81,149.81,137.56,137.59,11014556,143.69
2015/12/14,137.56,139.81,132.61,138.19,7877207,136.21
2015/12/15,139.69,141.29,136.49,138.31,7662127,138.89
2015/12/16,138.34,143.06,134.26,138.69,9131133,138.66
2015/12/17,138.89,145.04,138.84,144.04,10295781,141.94
2015/12/18,143.81,143.81,136.31,137.79,7900652,140.06
2015/12/21,134.74,136.31,130.06,131.89,6687402,133.19
2015/12/22,131.94,136.29,131.91,135.04,5282680,134.10
2015/12/23,136.29,136.76,128.29,128.39,5853882,132.52
2015/12/24,128.66,131.56,122.69,131.41,5481458,127.13
2015/12/25,131.54,132.71,126.46,127.64,4015906,129.59
2015/12/28,127.99,130.56,122.01,122.06,4080270,126.29
2015/12/29,121.06,121.81,116.16,118.36,5003367,118.98
2015/12/30,121.06,121.81,116.16,118.36,0,118.98
2015/12/31,121.06,121.81,116.16,118.36,0,118.98
2016/01/04,121.06,121.81,116.16,118.36,0,118.98
2016/01/05,121.06,121.81,116.16,118.36,0,118.98
2016/01/06,121.06,121.81,116.16,118.36,0,118.98
2016/01/07,108.11,112.29,106.54,106.54,2500744,109.42
2016/01/08,105.06,108.39,96.81,103.54,5896744,102.60
2016/01/11,98.56,101.51,93.19,93.19,4569514,97.35
2016/01/12,91.31,96.16,88.56,94.56,3940782,92.36
2016/01/13,95.06,96.29,85.11,85.11,3744136,90.70
2016/01/14,80.81,90.26,77.56,89.91,5553850,83.91
2016/01/15,87.56,97.54,85.11,92.71,8507164,91.33
2016/01/18,87.56,97.54,85.11,92.71,0,91.33
2016/01/19,87.56,97.54,85.11,92.71,0,91.33
2016/01/20,87.56,97.54,85.11,92.71,0,91.33
2016/01/21,87.56,97.54,85.11,92.71,0,91.33
2016/01/22,87.56,97.54,85.11,92.71,0,91.33
2016/01/25,87.56,97.54,85.11,92.71,0,91.33
2016/01/26,87.56,97.54,85.11,92.71,0,91.33
2016/01/27,87.56,97.54,85.11,92.71,0,91.33
2016/01/28,87.56,97.54,85.11,92.71,0,91.33
2016/01/29,87.56,97.54,85.11,92.71,0,91.33
2016/02/01,87.56,97.54,85.11,92.71,0,91.33
2016/02/02,87.56,97.54,85.11,92.71,0,91.33
2016/02/03,87.56,97.54,85.11,92.71,0,91.33
2016/02/04,87.56,97.54,85.11,92.71,0,91.33
2016/02/05,87.56,97.54,85.11,92.71,0,91.33
2016/02/15,87.56,97.54,85.11,92.71,0,91.33
2016/02/16,87.56,97.54,85.11,92.71,0,91.33
2016/02/17,87.56,97.54,85.11,92.71,0,91.33
2016/02/18,87.56,97.54,85.11,92.71,0,91.33
2016/02/19,87.56,97.54,85.11,92.71,0,91.33
2016/02/22,87.56,97.54,85.11,92.71,0,91.33
2016/02/23,87.56,97.54,85.11,92.71,0,91.33
2016/02/24,87.56,97.54,85.11,92.71,0,91.33
2016/02/25,87.56,97.54,85.11,92.71,0,91.33
2016/02/26,87.56,97.54,85.11,92.71,0,91.33
2016/02/29,87.56,97.54,85.11,92.71,0,91.33
2016/03/01,87.56,97.54,85.11,92.71,0,91.33
2016/03/02,87.56,97.54,85.11,92.71,0,91.33
2016/03/03,87.56,97.54,85.11,92.71,0,91.33
2016/03/04,87.56,97.54,85.11,92.71,0,91.33
2016/03/07,87.56,97.54,85.11,92.71,0,91.33
2016/03/08,87.56,97.54,85.11,92.71,0,91.33
2016/03/09,87.56,97.54,85.11,92.71,0,91.33
2016/03/10,87.56,97.54,85.11,92.71,0,91.33
2016/03/11,87.56,97.54,85.11,92.71,0,91.33
2016/03/14,87.56,97.54,85.11,92.71,0,91.33
2016/03/15,87.56,97.54,85.11,92.71,0,91.33
2016/03/16,87.56,97.54,85.11,92.71,0,91.33
2016/03/17,87.56,97.54,85.11,92.71,0,91.33
2016/03/18,87.56,97.54,85.11,92.71,0,91.33
2016/03/21,87.56,97.54,85.11,92.71,0,91.33
2016/03/22,87.56,97.54,85.11,92.71,0,91.33
2016/03/23,87.56,97.54,85.11,92.71,0,91.33
2016/03/24,87.56,97.54,85.11,92.71,0,91.33
2016/03/25,87.56,97.54,85.11,92.71,0,91.33
2016/03/28,87.56,97.54,85.11,92.71,0,91.33
2016/03/29,87.56,97.54,85.11,92.71,0,91.33
2016/03/30,87.56,97.54,85.11,92.71,0,91.33
2016/03/31,87.56,97.54,85.11,92.71,0,91.33
2016/04/01,87.56,97.54,85.11,92.71,0,91.33
2016/04/05,87.56,97.54,85.11,92.71,0,91.33
2016/04/06,87.56,97.54,85.11,92.71,0,91.33
2016/04/07,87.56,97.54,85.11,92.71,0,91.33
2016/04/08,87.56,97.54,85.11,92.71,0,91.33
2016/04/11,87.56,97.54,85.11,92.71,0,91.33
2016/04/12,87.56,97.54,85.11,92.71,0,91.33
2016/04/13,87.56,97.54,85.11,92.71,0,91.33
2016/04/14,87.56,97.54,85.11,92.71,0,91.33
2016/04/15,87.56,97.54,85.11,92.71,0,91.33
2016/04/18,87.56,97.54,85.11,92.71,0,91.33
2016/04/19,87.56,97.54,85.11,92.71,0,91.33
2016/04/20,87.56,97.54,85.11,92.71,0,91.33
2016/04/21,87.56,97.54,85.11,92.71,0,91.33
2016/04/22,87.56,97.54,85.11,92.71,0,91.33
2016/04/25,87.56,97.54,85.11,92.71,0,91.33
2016/04/26,87.56,97.54,85.11,92.71,0,91.33
2016/04/27,87.56,97.54,85.11,92.71,0,91.33
2016/04/28,87.56,97.54,85.11,92.71,0,91.33
2016/04/29,87.56,97.54,85.11,92.71,0,91.33
2016/05/03,87.56,97.54,85.11,92.71,0,91.33
2016/05/04,87.56,97.54,85.11,92.71,0,91.33
2016/05/05,87.56,97.54,85.11,92.71,0,91.33
2016/05/06,87.56,97.54,85.11,92.71,0,91.33
2016/05/09,87.56,97.54,85.11,92.71,0,91.33
2016/05/10,87.56,97.54,85.11,92.71,0,91.33
2016/05/11,87.56,97.54,85.11,92.71,0,91.33
2016/05/12,87.56,97.54,85.11,92.71,0,91.33
2016/05/13,87.56,97.54,85.11,92.71,0,91.33
2016/05/16,87.56,97.54,85.11,92.71,0,91.33
2016/05/17,87.56,97.54,85.11,92.71,0,91.33
2016/05/18,87.56,97.54,85.11,92.71,0,91.33
2016/05/19,87.56,97.54,85.11,92.71,0,91.33
2016/05/20,87.56,97.54,85.11,92.71,0,91.33
2016/05/23,87.56,97.54,85.11,92.71,0,91.33
2016/05/24,87.56,97.54,85.11,92.71,0,91.33
2016/05/25,87.56,97.54,85.11,92.71,0,91.33
2016/05/26,87.56,97.54,85.11,92.71,0,91.33
2016/05/27,87.56,97.54,85.11,92.71,0,91.33
2016/05/30,87.56,97.54,85.11,92.71,0,91.33
2016/05/31,87.56,97.54,85.11,92.71,0,91.33
2016/06/01,101.96,101.96,101.96,101.96,324948,101.96
2016/06/02,107.16,112.13,105.66,112.13,7810606,108.89
2016/06/03,117.63,123.33,115.53,123.33,12135955,119.43
2016/06/06,125.83,128.66,115.93,118.71,11461639,122.30
2016/06/07,117.36,118.61,114.46,117.26,9831401,116.53
2016/06/08,115.48,117.06,112.16,112.21,8253101,114.61
2016/06/13,109.88,112.16,106.16,106.16,6199371,109.16
2016/06/14,105.88,105.88,99.16,100.38,5553379,102.52
2016/06/15,100.66,110.41,100.16,110.41,8402500,105.28
2016/06/16,119.13,121.43,115.16,121.43,4557091,118.30
2016/06/17,130.16,131.41,119.08,125.06,15968594,125.24
2016/06/20,122.66,122.91,117.66,119.91,8298131,120.28
2016/06/21,119.98,124.78,115.16,116.06,8226949,119.97
2016/06/22,112.66,115.86,111.41,115.41,5925025,113.63
2016/06/23,115.16,120.31,113.93,115.36,5687292,117.12
2016/06/24,113.51,114.91,105.16,112.23,6342288,110.03
2016/06/27,109.66,123.43,109.13,123.43,6397670,116.28
2016/06/28,127.13,130.86,121.16,126.81,13022808,126.01
2016/06/29,126.66,126.66,122.03,125.13,7292615,124.34
2016/06/30,123.38,124.83,120.41,123.28,5425343,122.62
2016/07/01,122.68,135.61,122.68,128.11,10679591,129.15
2016/07/04,123.93,134.53,122.66,131.66,8601185,128.59
2016/07/05,131.53,144.81,131.53,144.81,9281045,138.17
2016/07/06,150.66,156.11,143.91,145.76,16780027,150.01
2016/07/07,141.16,143.18,139.16,140.18,10177094,141.17
2016/07/08,140.18,148.41,138.81,141.41,9420507,143.61
2016/07/11,138.91,142.28,134.43,135.16,6569814,138.36
2016/07/12,135.41,141.41,131.78,138.78,7123333,136.59
2016/07/13,137.78,142.93,137.68,138.46,6165872,140.31
2016/07/14,140.56,141.63,133.06,135.16,5092323,137.34
2016/07/15,135.16,136.91,133.03,133.86,4109162,134.97
2016/07/18,133.03,139.61,133.03,138.71,5076092,136.32
2016/07/19,137.66,137.78,134.41,136.01,4223801,136.09
2016/07/20,135.43,136.81,133.91,134.33,3160731,135.36
2016/07/21,135.11,135.11,126.41,126.71,7904374,130.76
2016/07/22,125.76,126.41,115.31,116.13,7630761,120.86
2016/07/25,118.41,121.41,116.41,117.41,4650415,118.91
2016/07/26,115.78,119.58,115.78,117.63,3370000,117.68
2016/07/27,118.41,118.81,106.11,107.38,5489900,112.46
2016/07/28,107.81,110.16,104.66,109.41,4310200,107.41
2016/07/29,108.93,110.76,108.21,109.26,2818499,109.48
2016/08/01,107.16,108.91,103.06,106.81,2847462,105.98
2016/08/02,107.68,111.41,107.63,110.91,3647468,109.52
2016/08/03,110.78,111.41,108.46,109.63,2961180,109.93
2016/08/04,108.91,111.38,108.51,110.91,2767158,109.95
2016/08/05,110.53,110.91,107.16,107.78,2444651,109.03
2016/08/08,106.41,107.53,103.93,107.36,2491888,105.73
