Date, SZ002508.Open, SZ002508.High, SZ002508.Low, SZ002508.Close, SZ002508.Volume, SZ002508.Adjusted
2010/11/23,35.10,51.98,32.70,39.16,27732682,1005752448.00
2010/11/24,35.24,37.86,35.24,35.28,19322156,692489216.00
2010/11/25,35.82,38.81,35.38,38.81,16557794,611246912.00
2010/11/26,37.68,42.69,37.50,42.69,18414134,752120256.00
2010/11/29,42.79,46.18,41.69,44.27,14653228,645261440.00
2010/11/30,43.30,46.60,42.01,44.30,13691223,611878976.00
2010/12/01,43.00,47.00,42.88,46.46,11737494,534065856.00
2010/12/02,46.85,47.80,44.44,45.05,9836095,451280800.00
2010/12/03,44.10,44.40,40.60,40.81,10372287,435924992.00
2010/12/06,40.12,42.00,39.49,40.70,6694523,274248032.00
2010/12/07,40.50,40.50,37.51,39.18,6915332,267966544.00
2010/12/08,38.90,40.60,38.75,39.20,4919080,194295312.00
2010/12/09,38.70,38.70,36.63,36.86,5326157,199617424.00
2010/12/10,37.50,38.60,36.88,38.28,4327794,163015296.00
2010/12/13,38.67,40.29,37.75,39.52,5871152,229816176.00
2010/12/14,39.45,43.47,38.80,42.72,9813732,403141568.00
2010/12/15,42.04,43.40,40.80,41.10,7710864,324452544.00
2010/12/16,41.10,42.58,40.70,41.43,4382084,182624240.00
2010/12/17,41.00,41.75,40.79,41.00,3060499,125814296.00
2010/12/20,40.95,41.49,37.80,39.33,4083263,162128192.00
2010/12/21,39.18,39.66,38.61,39.40,2583544,101106360.00
2010/12/22,39.51,41.24,38.89,40.54,3704790,149121968.00
2010/12/23,40.10,42.40,39.92,41.95,6211275,259121456.00
2010/12/24,41.55,42.15,38.79,38.80,4409710,175585904.00
2010/12/27,39.06,39.50,36.75,37.38,3199202,121779928.00
2010/12/28,37.10,37.35,35.38,36.38,2040799,74071768.00
2010/12/29,36.50,37.66,36.05,37.51,1645315,60664668.00
2010/12/30,38.00,38.00,36.56,37.00,1651072,61218588.00
2010/12/31,36.85,37.55,36.70,37.35,1646869,61239016.00
2011/01/04,37.80,38.36,37.36,37.97,2056873,77836744.00
2011/01/05,37.71,37.78,36.95,37.02,2096250,78012032.00
2011/01/06,37.05,37.15,35.90,36.01,2109524,76518552.00
2011/01/07,35.73,36.80,35.70,36.06,1451452,52568540.00
2011/01/10,36.01,36.71,35.50,35.65,1166197,42139360.00
2011/01/11,35.55,36.20,33.60,34.32,1966175,67667000.00
2011/01/12,34.33,34.96,34.00,34.67,947795,32744632.00
2011/01/13,34.80,34.99,34.17,34.22,835875,28736616.00
2011/01/14,34.18,34.20,32.62,32.71,1372441,45328764.00
2011/01/17,33.00,34.35,32.90,33.30,1862561,62527232.00
2011/01/18,33.00,35.94,33.00,35.21,3464882,120269408.00
2011/01/19,35.10,35.40,34.23,35.31,2324904,81137112.00
2011/01/20,34.85,35.20,33.00,33.03,2059034,70390352.00
2011/01/21,32.76,34.00,32.75,33.45,1305343,43539204.00
2011/01/24,33.46,34.95,33.46,34.10,1866441,64136160.00
2011/01/25,33.70,33.97,31.70,32.61,1480433,48255684.00
2011/01/26,32.48,34.20,32.10,33.34,1251160,41933252.00
2011/01/27,32.98,34.20,32.50,34.04,1565116,52411696.00
2011/01/28,33.86,33.97,33.20,33.80,1217969,40944804.00
2011/01/31,33.59,34.30,33.40,33.82,1177228,39973508.00
2011/02/01,33.89,34.20,33.53,33.93,804144,27206906.00
2011/02/09,33.61,33.96,32.55,32.70,1335728,44270028.00
2011/02/10,32.71,34.79,32.35,34.62,1879625,63273964.00
2011/02/11,34.13,35.00,34.13,34.80,2252219,78020656.00
2011/02/14,34.54,35.80,34.54,35.51,2631234,93286040.00
2011/02/15,35.51,36.00,34.95,35.18,2280155,80958640.00
2011/02/16,35.19,36.49,35.12,36.12,2441859,87833352.00
2011/02/17,36.14,36.32,35.38,35.98,2073802,74040952.00
2011/02/18,35.70,35.70,34.90,34.91,1871620,65659768.00
2011/02/21,34.50,35.56,34.50,35.49,1589846,55841392.00
2011/02/22,35.49,35.49,33.43,33.53,2080122,71397088.00
2011/02/23,33.45,33.97,33.02,33.57,2836068,94805560.00
2011/02/24,33.55,34.00,33.20,33.93,2262695,76148376.00
2011/02/25,33.80,33.87,33.12,33.47,1527234,51054360.00
2011/02/28,33.50,34.79,33.50,34.70,2264153,77674712.00
2011/03/01,35.00,36.40,35.00,35.53,3709652,132631504.00
2011/03/02,35.15,35.54,34.79,35.30,2009520,70455976.00
2011/03/03,35.31,35.89,34.38,34.59,1963288,69187232.00
2011/03/04,34.65,35.40,34.60,35.36,1542440,54060256.00
2011/03/07,35.70,35.78,34.94,35.45,2284541,80688448.00
2011/03/08,35.43,35.43,34.88,35.09,1523899,53410472.00
2011/03/09,35.09,35.99,34.90,35.87,2536372,90175096.00
2011/03/10,35.83,36.50,35.40,35.44,2206036,78948464.00
2011/03/11,35.20,35.55,34.74,34.80,1843452,64582256.00
2011/03/14,34.60,35.15,34.30,35.05,1400685,48537988.00
2011/03/15,35.08,35.16,33.03,34.34,2081752,70878392.00
2011/03/16,34.20,34.77,34.14,34.45,1386907,47883680.00
2011/03/17,34.08,34.50,33.51,33.77,1306835,44329868.00
2011/03/18,34.20,34.30,33.68,33.87,868896,29505218.00
2011/03/21,33.85,33.99,33.29,33.46,983286,33057952.00
2011/03/22,33.55,33.78,33.10,33.69,783827,26198122.00
2011/03/23,33.70,34.24,33.61,33.98,1065977,36263396.00
2011/03/24,33.92,34.14,33.70,33.76,951438,32215584.00
2011/03/25,33.98,33.98,33.48,33.80,1011263,34101204.00
2011/03/28,33.80,33.97,33.14,33.19,1561797,52162384.00
2011/03/29,33.10,33.10,31.95,32.00,1968579,63524236.00
2011/03/30,32.12,32.40,31.98,32.03,876316,28181014.00
2011/03/31,32.05,32.50,32.05,32.32,862107,27838444.00
2011/04/01,32.20,32.39,31.81,32.27,783482,25170166.00
2011/04/06,32.21,32.75,32.21,32.68,1151159,37457584.00
2011/04/07,32.74,33.70,32.74,33.55,2026106,67629568.00
2011/04/08,33.58,33.76,33.16,33.51,1277935,42733148.00
2011/04/11,33.65,33.80,32.74,32.75,1695282,56019296.00
2011/04/12,32.75,32.75,32.21,32.47,778833,25289158.00
2011/04/13,32.18,33.00,32.18,32.95,669236,21945762.00
2011/04/14,33.00,33.28,32.70,33.11,885780,29299510.00
2011/04/15,33.11,33.26,32.68,32.93,622730,20505788.00
2011/04/18,32.93,33.16,32.69,33.05,622850,20490966.00
2011/04/19,33.00,33.69,32.71,33.28,1670287,55820180.00
2011/04/20,33.31,33.64,32.75,33.23,1138114,37635216.00
2011/04/21,33.28,33.49,32.90,33.48,1190866,39580916.00
2011/04/22,33.58,33.85,33.32,33.50,1349858,45375672.00
2011/04/25,33.40,33.50,32.48,32.54,1117304,36703112.00
2011/04/26,32.40,32.57,32.18,32.44,555932,17989044.00
2011/04/27,32.40,32.74,31.72,31.88,679778,21921258.00
2011/04/28,32.40,32.74,31.72,31.88,0,0.00
2011/04/29,30.99,30.99,29.21,30.16,1209575,36318340.00
2011/05/03,30.15,30.27,29.66,30.20,479767,14408341.00
2011/05/04,29.99,29.99,28.80,28.89,741473,21833968.00
2011/05/05,28.86,29.08,28.38,28.87,521634,15014417.00
2011/05/06,28.98,31.20,28.82,30.50,1865623,56825332.00
2011/05/09,30.50,31.16,30.22,30.85,1009828,31081180.00
2011/05/10,30.66,30.98,30.38,30.76,476957,14583614.00
2011/05/11,30.85,31.57,30.42,31.37,950847,29530950.00
2011/05/12,31.28,31.50,30.45,30.45,950126,29509404.00
2011/05/13,18.60,18.89,18.10,18.45,812900,14921580.00
2011/05/16,18.42,18.49,18.08,18.10,813998,14826398.00
2011/05/17,18.11,18.28,17.89,18.23,996467,18094586.00
2011/05/18,18.23,18.30,18.04,18.20,489231,8899588.00
2011/05/19,18.28,18.28,17.01,17.67,1121512,20172990.00
2011/05/20,17.61,17.61,17.20,17.20,1025399,17762608.00
2011/05/23,17.20,17.20,16.30,16.32,1505225,25007148.00
2011/05/24,16.31,16.69,16.21,16.56,827464,13613012.00
2011/05/25,16.52,16.69,16.00,16.02,778629,12736234.00
2011/05/26,16.00,16.24,15.92,16.00,604245,9701437.00
2011/05/27,16.00,16.07,15.44,15.45,930460,14567480.00
2011/05/30,15.40,15.80,15.40,15.59,978753,15316739.00
2011/05/31,15.59,16.09,15.42,16.07,1001841,15923547.00
2011/06/01,16.07,16.15,15.82,16.07,840058,13406816.00
2011/06/02,15.90,15.98,15.50,15.73,1040002,16344150.00
2011/06/03,15.64,16.50,15.64,16.29,1362181,21975078.00
2011/06/07,16.20,16.43,16.10,16.26,826851,13429417.00
2011/06/08,16.32,16.33,15.94,16.13,732382,11773392.00
2011/06/09,16.13,16.17,15.45,15.51,937770,14826927.00
2011/06/10,15.51,15.63,15.32,15.56,567053,8766440.00
2011/06/13,15.48,15.69,15.33,15.57,534292,8285065.50
2011/06/14,15.60,15.83,15.60,15.83,700783,11048796.00
2011/06/15,15.81,16.10,15.65,15.68,913641,14507374.00
2011/06/16,15.53,15.53,15.18,15.25,651118,10008409.00
2011/06/17,15.26,15.36,15.14,15.15,474548,7234016.50
2011/06/20,15.19,15.30,14.90,15.09,652150,9839092.00
2011/06/21,15.20,15.57,15.03,15.41,727705,11207309.00
2011/06/22,15.40,15.49,15.10,15.20,534823,8152772.50
2011/06/23,15.23,16.72,15.11,16.12,2966039,48107220.00
2011/06/24,15.82,16.80,15.82,16.60,3673778,60370472.00
2011/06/27,16.52,17.88,16.51,17.39,4650311,80292200.00
2011/06/28,17.49,17.49,17.04,17.27,2080222,35772536.00
2011/06/29,17.24,17.54,17.08,17.11,1452741,25101294.00
2011/06/30,17.08,17.53,17.05,17.29,1924417,33387886.00
2011/07/01,17.32,17.49,17.10,17.21,1278986,22101922.00
2011/07/04,17.25,17.85,17.25,17.69,2081381,36680200.00
2011/07/05,17.65,17.75,17.43,17.66,1240491,21802204.00
2011/07/06,17.62,18.05,17.31,17.99,1789859,31681976.00
2011/07/07,17.90,18.60,17.74,18.10,3097811,56565932.00
2011/07/08,18.00,18.25,17.71,17.97,1184244,21227242.00
2011/07/11,17.85,18.06,17.60,17.90,1057059,18839612.00
2011/07/12,17.71,17.84,17.21,17.27,1352765,23657440.00
2011/07/13,17.39,17.85,17.29,17.77,1109383,19528438.00
2011/07/14,17.62,18.30,17.62,18.19,1899657,34330552.00
2011/07/15,18.33,19.00,18.21,18.79,3195355,59859208.00
2011/07/18,18.78,18.85,18.40,18.54,1752642,32533136.00
2011/07/19,18.50,18.50,18.13,18.22,1108839,20260018.00
2011/07/20,18.32,18.58,17.97,18.20,1453514,26629688.00
2011/07/21,18.27,18.36,17.56,17.60,1564383,27967014.00
2011/07/22,17.61,17.80,17.55,17.64,843110,14901869.00
2011/07/25,17.35,17.67,16.41,16.47,1654390,27980056.00
2011/07/26,16.52,16.88,16.51,16.79,1262324,21163712.00
2011/07/27,16.78,17.38,16.51,17.29,1230364,21015370.00
2011/07/28,17.01,18.98,17.01,18.26,3920953,71825008.00
2011/07/29,18.20,18.65,18.02,18.22,2981769,54763356.00
2011/08/01,18.22,18.55,17.81,18.35,2049022,37449452.00
2011/08/02,18.38,18.59,17.81,18.59,2008789,36560380.00
2011/08/03,18.35,19.10,18.12,18.80,3639125,68299136.00
2011/08/04,18.63,18.88,18.18,18.28,2385979,44114948.00
2011/08/05,17.50,17.93,17.02,17.64,1769207,31340196.00
2011/08/08,17.39,17.49,16.04,16.50,2101636,35320600.00
2011/08/09,16.00,17.07,15.73,17.07,2069341,34224772.00
2011/08/10,17.38,17.90,17.06,17.90,3180169,55712892.00
2011/08/11,17.45,18.47,17.37,18.36,4131294,74675824.00
2011/08/12,18.51,18.78,18.06,18.65,3434550,63213448.00
2011/08/15,18.40,19.30,18.40,19.27,4666542,88742824.00
2011/08/16,19.37,19.37,18.74,18.83,3876082,73595592.00
2011/08/17,18.87,19.14,18.75,18.82,2654802,50240848.00
2011/08/18,18.87,19.14,18.75,18.82,0,0.00
2011/08/19,18.28,18.59,17.92,18.53,3316929,60458132.00
2011/08/22,18.15,19.46,18.15,19.20,5099650,97417192.00
2011/08/23,19.29,19.80,19.10,19.76,4992116,97492328.00
2011/08/24,19.70,20.13,19.30,19.49,3676026,72320408.00
2011/08/25,19.31,19.90,19.11,19.65,3474900,67929432.00
2011/08/26,19.55,19.90,19.31,19.70,2329571,45754228.00
2011/08/29,20.28,20.28,19.40,19.67,6446957,127554632.00
2011/08/30,19.89,20.86,19.43,20.29,11658606,232961024.00
2011/08/31,20.59,20.95,19.92,20.60,10747670,220239344.00
2011/09/01,20.74,21.18,19.90,19.94,10915257,223049648.00
2011/09/02,19.70,19.70,18.30,18.71,5598282,106135856.00
2011/09/05,18.19,18.47,17.90,17.99,2608663,47220664.00
2011/09/06,17.89,18.23,17.76,18.10,1684589,30442476.00
2011/09/07,18.28,18.53,18.11,18.43,2026135,37238788.00
2011/09/08,18.79,18.79,18.01,18.01,2050212,37551952.00
2011/09/09,17.95,18.30,17.15,17.43,2215785,39221524.00
2011/09/13,17.21,17.22,16.68,17.05,1668965,28324080.00
2011/09/14,17.17,17.50,16.88,17.44,1495829,25830604.00
2011/09/15,17.61,17.83,17.39,17.53,1613389,28455610.00
2011/09/16,17.69,17.69,17.42,17.58,1072560,18806942.00
2011/09/19,17.58,17.58,16.85,16.85,1177930,20100496.00
2011/09/20,16.84,17.12,16.76,16.90,1066543,18121788.00
2011/09/21,16.82,17.72,16.82,17.60,2133123,37247620.00
2011/09/22,17.35,17.60,16.96,17.00,1387574,23936510.00
2011/09/23,16.70,16.97,16.56,16.73,995872,16652436.00
2011/09/26,16.70,16.95,16.23,16.30,1005258,16716574.00
2011/09/27,16.42,16.60,16.32,16.46,647629,10658132.00
2011/09/28,16.58,16.83,16.10,16.14,771313,12707174.00
2011/09/29,16.02,16.17,15.40,15.41,900409,14178564.00
2011/09/30,15.43,15.73,15.18,15.20,641783,9891703.00
2011/10/10,15.30,15.50,15.15,15.20,722469,11062060.00
2011/10/11,15.64,15.74,15.14,15.23,762787,11753961.00
2011/10/12,15.23,15.89,14.90,15.85,1114033,17406782.00
2011/10/13,15.85,16.27,15.76,16.10,1244909,20042706.00
2011/10/14,16.00,16.29,15.88,16.03,907599,14590366.00
2011/10/17,16.08,16.32,15.79,15.87,1405265,22488004.00
2011/10/18,15.87,15.95,15.42,15.44,900719,14083001.00
2011/10/19,15.49,15.64,15.32,15.39,524500,8120001.50
2011/10/20,15.38,15.38,14.85,14.95,945000,14190934.00
2011/10/21,15.05,15.15,14.85,14.97,519928,7800175.00
2011/10/24,15.09,15.59,14.85,15.56,1175304,17945188.00
2011/10/25,15.53,15.96,15.29,15.88,1502982,23587594.00
2011/10/26,15.70,16.10,15.65,15.89,1691544,26940818.00
2011/10/27,15.92,15.99,15.71,15.78,965833,15303601.00
2011/10/28,15.95,16.13,15.84,16.10,1557299,24924818.00
2011/10/31,16.18,16.18,15.90,16.11,1186326,19050318.00
2011/11/01,15.99,16.16,15.78,16.00,1368843,21864278.00
2011/11/02,15.78,16.30,15.64,16.30,2016867,32163422.00
2011/11/03,16.51,16.93,16.47,16.47,3104023,51812388.00
2011/11/04,16.55,16.74,16.33,16.69,1811318,29979568.00
2011/11/07,16.67,16.69,16.44,16.44,1131354,18697734.00
2011/11/08,16.50,16.50,16.14,16.19,1122253,18303406.00
2011/11/09,16.21,16.50,16.12,16.50,1030793,16873710.00
2011/11/10,16.44,16.44,16.09,16.11,1098974,17874078.00
2011/11/11,16.07,16.30,16.05,16.10,601081,9718848.00
2011/11/14,16.25,16.59,16.23,16.58,1553327,25536618.00
2011/11/15,16.48,16.76,16.40,16.74,1421539,23614264.00
2011/11/16,16.70,16.83,16.10,16.15,1456731,23976030.00
2011/11/17,16.06,16.35,16.06,16.19,794633,12857411.00
2011/11/18,16.08,16.17,15.28,15.34,1334507,20899372.00
2011/11/21,15.40,15.49,15.15,15.46,547176,8371430.50
2011/11/22,15.27,15.45,15.09,15.36,705647,10784286.00
2011/11/23,15.38,15.48,15.22,15.31,543105,8324746.50
2011/11/24,15.25,15.46,15.03,15.46,567590,8656230.00
2011/11/25,15.34,15.47,15.21,15.26,439840,6733785.50
2011/11/28,15.26,15.45,15.18,15.35,344777,5271450.50
2011/11/29,15.60,15.60,15.41,15.53,718382,11128939.00
2011/11/30,15.53,15.57,14.52,14.60,1172132,17553356.00
2011/12/01,15.19,15.19,14.82,14.82,1228167,18415134.00
2011/12/02,14.73,14.96,14.56,14.66,749521,11033830.00
2011/12/05,14.60,15.00,14.48,15.00,1022252,15098424.00
2011/12/06,14.81,15.33,14.81,15.32,988056,14986577.00
2011/12/07,15.25,15.44,15.13,15.34,886328,13574866.00
2011/12/08,15.31,15.54,15.10,15.30,823627,12633422.00
2011/12/09,15.12,15.37,15.12,15.37,875539,13345097.00
2011/12/12,15.37,15.45,15.15,15.29,670433,10234080.00
2011/12/13,15.12,15.35,14.57,15.35,1126889,16788920.00
2011/12/14,15.15,15.46,15.14,15.38,821547,12559971.00
2011/12/15,15.25,15.60,14.58,15.60,1831375,27911304.00
2011/12/16,15.33,16.18,15.25,16.18,1854886,29149144.00
2011/12/19,16.10,16.15,15.50,16.15,2302195,36388728.00
2011/12/20,15.98,16.18,15.59,15.89,1916191,30343748.00
2011/12/21,15.81,15.97,15.30,15.55,1592862,24761228.00
2011/12/22,15.20,15.33,14.35,15.28,2038077,30386018.00
2011/12/23,14.99,15.49,14.90,15.46,1384880,21178666.00
2011/12/26,15.28,15.48,15.21,15.46,819438,12620347.00
2011/12/27,15.30,15.46,14.80,15.39,1075967,16365564.00
2011/12/28,15.30,15.65,15.03,15.61,930951,14267465.00
2011/12/29,15.60,15.95,15.51,15.94,1401194,22218672.00
2011/12/30,15.95,16.10,15.76,16.03,1256020,20034802.00
2012/01/04,16.19,16.28,15.50,15.82,1154183,18297792.00
2012/01/05,15.66,15.71,14.80,15.25,1279868,19406430.00
2012/01/06,15.05,15.88,14.81,15.88,1040810,16099241.00
2012/01/09,15.85,16.55,15.72,16.47,2641404,42718928.00
2012/01/10,16.38,16.99,16.22,16.96,3682474,61264832.00
2012/01/11,16.84,16.88,16.46,16.82,2769285,46257800.00
2012/01/12,16.60,16.84,16.48,16.73,2247216,37430240.00
2012/01/13,16.72,16.80,16.09,16.45,1745624,28536684.00
2012/01/16,16.20,16.29,15.88,16.25,1074802,17305338.00
2012/01/17,16.18,16.93,16.10,16.85,2901815,48088616.00
2012/01/18,16.86,16.89,16.31,16.57,1993899,33031276.00
2012/01/19,16.57,16.76,16.22,16.71,1586693,26254592.00
2012/01/20,16.78,16.98,16.70,16.86,2025091,34191492.00
2012/01/30,16.90,16.95,16.35,16.40,1258650,20924972.00
2012/01/31,16.30,16.39,15.80,16.04,1394727,22320808.00
2012/02/01,15.96,16.06,15.33,15.40,1292417,20327260.00
2012/02/02,15.32,15.75,15.22,15.75,1361077,21070548.00
2012/02/03,15.69,15.93,15.50,15.83,1727617,27122114.00
2012/02/06,15.84,15.84,15.55,15.81,1704143,26744552.00
2012/02/07,15.70,15.70,15.36,15.60,1120909,17339892.00
2012/02/08,15.49,15.97,15.49,15.97,1990388,31290586.00
2012/02/09,15.99,16.25,15.81,16.13,2503731,40205800.00
2012/02/10,16.08,16.20,15.85,16.17,2340606,37563564.00
2012/02/13,16.07,16.44,15.91,16.38,2157080,34993364.00
2012/02/14,16.38,16.47,16.17,16.35,1389957,22644198.00
2012/02/15,16.13,16.65,16.11,16.62,2535097,41611216.00
2012/02/16,16.55,16.72,16.20,16.34,2332611,38378908.00
2012/02/17,16.33,16.44,16.10,16.28,1339362,21730904.00
2012/02/20,16.39,16.67,16.31,16.55,2457862,40643308.00
2012/02/21,16.52,17.20,16.35,17.17,6015674,101940272.00
2012/02/22,17.17,17.29,17.04,17.14,5681030,97254656.00
2012/02/23,17.07,17.46,16.90,17.09,3764100,64605908.00
2012/02/24,17.09,17.20,16.95,17.15,2925576,49981996.00
2012/02/27,17.11,17.39,16.76,16.92,7546301,129041448.00
2012/02/28,16.77,16.84,16.46,16.63,3478908,57866444.00
2012/02/29,16.59,16.76,16.45,16.50,2228379,37004100.00
2012/03/01,16.40,16.65,16.40,16.52,1350538,22369104.00
2012/03/02,16.52,16.89,16.52,16.85,2183830,36665924.00
2012/03/05,16.81,17.26,16.81,16.96,3418018,58307392.00
2012/03/06,16.90,16.97,16.40,16.45,3483151,57731740.00
2012/03/07,16.22,16.60,16.06,16.14,3134392,51095020.00
2012/03/08,16.17,16.50,16.17,16.25,2399021,39181276.00
2012/03/09,16.37,16.67,16.37,16.66,2604972,43021756.00
2012/03/12,16.69,17.17,16.61,17.10,4237434,71761544.00
2012/03/13,17.01,18.40,17.01,17.95,9332091,165578128.00
2012/03/14,17.87,18.08,16.98,17.23,7489742,131707096.00
2012/03/15,17.30,18.03,17.30,17.93,7433968,131596568.00
2012/03/16,17.80,18.65,17.80,18.53,7336682,134774512.00
2012/03/19,18.55,18.78,18.25,18.63,5736216,106456944.00
2012/03/20,18.48,18.48,18.01,18.09,3589030,65402632.00
2012/03/21,18.16,18.30,17.60,17.75,3383327,60394992.00
2012/03/22,17.75,18.30,17.61,18.00,2701384,48526956.00
2012/03/23,17.93,17.94,17.46,17.78,2014403,35677480.00
2012/03/26,17.68,18.39,17.58,18.23,3843324,69739832.00
2012/03/27,18.30,18.65,17.80,17.85,3532041,64333276.00
2012/03/28,17.65,17.82,16.82,16.90,3411228,58976228.00
2012/03/29,16.94,17.39,16.23,17.20,2795172,47219496.00
2012/03/30,17.15,17.35,16.81,17.02,1455539,24815958.00
2012/04/05,17.19,17.55,16.89,17.51,2744897,47445940.00
2012/04/06,17.50,17.67,17.30,17.60,2431250,42486188.00
2012/04/09,17.56,17.56,16.90,16.90,1853576,32080034.00
2012/04/10,17.56,17.56,16.90,16.90,0,0.00
2012/04/11,16.98,17.69,16.89,17.51,2825477,49186456.00
2012/04/12,17.42,17.88,17.42,17.76,2679974,47367152.00
2012/04/13,17.87,18.23,17.60,17.68,2660180,47645316.00
2012/04/16,17.60,17.69,17.41,17.63,1717308,30092174.00
2012/04/17,17.59,17.73,17.21,17.23,1475755,25666746.00
2012/04/18,17.25,17.86,17.25,17.81,2071495,36549276.00
2012/04/19,17.79,18.06,17.67,17.89,1724671,30791380.00
2012/04/20,17.89,18.12,17.72,17.80,2037263,36544664.00
2012/04/23,17.81,18.03,17.20,17.34,2016118,35329416.00
2012/04/24,17.25,17.55,16.58,17.20,1866254,31680364.00
2012/04/25,17.09,17.49,17.06,17.37,1291813,22317422.00
2012/04/26,17.26,17.26,16.60,16.75,1581808,26704770.00
2012/04/27,16.75,16.94,16.58,16.73,1216066,20337854.00
2012/05/02,17.01,17.14,16.80,16.96,1594041,27070366.00
2012/05/03,16.96,16.98,16.69,16.87,1198770,20208652.00
2012/05/04,16.90,17.16,16.87,17.09,1576105,26894392.00
2012/05/07,17.02,17.50,16.90,17.45,2167280,37359532.00
2012/05/08,17.42,17.50,17.23,17.35,1197454,20739656.00
2012/05/09,17.12,17.39,17.01,17.10,1518889,26107356.00
2012/05/10,17.10,17.31,16.91,16.98,1036481,17707312.00
2012/05/11,16.99,17.05,16.66,16.66,1328846,22340492.00
2012/05/14,16.71,16.96,16.63,16.66,873682,14607443.00
2012/05/15,16.66,16.98,16.60,16.80,1427494,24038532.00
2012/05/16,16.75,16.89,16.36,16.38,1449159,24144374.00
2012/05/17,16.38,16.60,16.15,16.50,1595357,26179870.00
2012/05/18,16.39,16.45,15.90,16.17,2011596,32488272.00
2012/05/21,16.09,16.28,15.96,16.10,805536,12965636.00
2012/05/22,16.12,16.38,16.12,16.32,791049,12868610.00
2012/05/23,16.32,16.79,16.32,16.70,1777864,29613672.00
2012/05/24,16.67,16.93,16.53,16.58,1408276,23672666.00
2012/05/25,16.56,16.69,16.16,16.22,843194,13779994.00
2012/05/28,16.18,16.42,15.21,16.36,1091637,17644536.00
2012/05/29,16.25,16.60,16.25,16.54,1028822,16944792.00
2012/05/30,16.60,16.95,16.54,16.70,1190883,19930434.00
2012/05/31,16.61,17.40,16.55,17.16,3131689,53724240.00
2012/06/01,17.36,17.40,17.17,17.33,2073882,35906664.00
2012/06/04,17.13,17.84,17.00,17.21,2302953,40159376.00
2012/06/05,17.20,17.39,17.17,17.28,913667,15761803.00
2012/06/06,17.30,17.40,17.17,17.22,1170521,20168718.00
2012/06/07,17.24,17.70,17.24,17.50,1504984,26294028.00
2012/06/08,17.66,17.66,17.10,17.36,1076530,18736976.00
2012/06/11,17.26,17.52,17.00,17.50,1049165,18199564.00
2012/06/12,17.42,17.51,17.20,17.39,684806,11873688.00
2012/06/13,17.30,17.79,17.25,17.75,2284487,40181860.00
2012/06/14,17.64,18.00,17.60,17.75,1782318,31823394.00
2012/06/15,17.56,17.95,17.56,17.82,841136,14944737.00
2012/06/18,17.75,18.05,17.75,17.94,1299898,23254466.00
2012/06/19,17.62,18.00,17.60,17.98,1163960,20666530.00
2012/06/20,17.88,18.00,17.77,17.89,921136,16495047.00
2012/06/21,17.81,17.94,17.51,17.85,2607692,46212936.00
2012/06/25,17.64,17.80,17.43,17.55,843438,14898639.00
2012/06/26,17.45,17.88,17.30,17.53,1518077,26677674.00
2012/06/27,17.53,17.85,17.41,17.59,670114,11860657.00
2012/06/28,17.52,17.78,17.41,17.41,495618,8698640.00
2012/06/29,17.41,17.76,17.27,17.69,486497,8524788.00
2012/07/02,17.78,18.25,17.62,18.22,3459000,62553716.00
2012/07/03,18.15,18.35,17.93,17.93,2248115,40790664.00
2012/07/04,17.98,18.02,17.48,17.59,1721698,30516440.00
2012/07/05,17.40,17.58,17.27,17.36,1921384,33452710.00
2012/07/06,17.39,17.96,17.28,17.88,1792608,31652246.00
2012/07/09,17.73,18.11,17.45,17.68,3479444,61999356.00
2012/07/10,17.50,17.86,17.46,17.70,2113373,37245864.00
2012/07/11,17.50,17.81,17.47,17.75,2873858,50688948.00
2012/07/12,17.72,17.91,17.51,17.68,1623687,28688734.00
2012/07/13,17.58,17.68,17.12,17.21,3441273,59648632.00
2012/07/16,17.20,17.45,16.75,17.22,6000961,103357160.00
2012/07/17,17.20,17.45,17.00,17.30,2724789,47299436.00
2012/07/18,17.30,17.53,17.21,17.40,4997302,87150816.00
2012/07/19,17.39,17.89,17.36,17.81,6740213,119148888.00
2012/07/20,17.73,18.06,17.65,17.78,4704481,84105120.00
2012/07/23,17.78,18.05,17.57,17.98,6837718,122485064.00
2012/07/24,17.98,18.09,17.80,17.85,3919299,70331256.00
2012/07/25,17.80,18.23,17.70,17.70,4359830,78617712.00
2012/07/26,17.70,17.78,17.22,17.27,3596195,62997452.00
2012/07/27,17.46,17.78,17.45,17.55,6037146,106398912.00
2012/07/30,17.42,17.80,17.11,17.32,5082138,88852168.00
2012/07/31,17.27,17.61,16.78,16.86,4842241,83047232.00
2012/08/01,16.86,17.00,16.57,16.98,1504807,25386058.00
2012/08/02,16.87,17.08,16.58,16.58,1200270,20174830.00
2012/08/03,16.58,16.76,16.43,16.75,1043439,17320470.00
2012/08/06,16.76,17.29,16.68,17.21,2197292,37364464.00
2012/08/07,17.21,17.36,17.10,17.25,1337564,23048660.00
2012/08/08,17.34,17.55,17.10,17.49,1728639,30030798.00
2012/08/09,17.45,18.00,17.39,17.56,3728626,65842740.00
2012/08/10,17.58,18.50,17.44,18.00,3736198,66583160.00
2012/08/13,18.10,18.30,17.61,17.76,1755381,31467928.00
2012/08/14,17.76,18.39,17.58,18.38,2438608,44017420.00
2012/08/15,18.50,19.52,18.20,19.01,11872837,223207600.00
2012/08/16,19.39,19.44,18.70,19.06,10410308,198774176.00
2012/08/17,19.05,19.05,18.30,18.60,7481980,139222784.00
2012/08/20,18.61,18.78,18.41,18.69,11306291,210276016.00
2012/08/21,18.73,18.99,18.40,18.75,10847257,203272880.00
2012/08/22,18.59,18.82,18.51,18.70,4965549,92820064.00
2012/08/23,18.75,18.78,18.62,18.69,4383336,81971248.00
2012/08/24,18.81,18.81,18.15,18.50,2602229,47860976.00
2012/08/27,18.50,18.82,18.10,18.66,8551862,159079648.00
2012/08/28,18.70,19.16,18.30,19.14,10007177,188586256.00
2012/08/29,19.14,19.69,18.80,19.39,12574475,240853280.00
2012/08/30,19.58,19.59,18.51,19.22,10821779,208116848.00
2012/08/31,18.80,19.45,18.65,19.23,12764256,245088768.00
2012/09/03,19.30,19.67,18.85,19.57,14407882,278801856.00
2012/09/04,19.68,19.77,19.10,19.54,15353717,299709440.00
2012/09/05,19.42,19.89,19.14,19.50,14450952,281976608.00
2012/09/06,19.50,19.66,19.25,19.48,13076923,254356496.00
2012/09/07,19.50,20.50,18.99,19.44,20642779,403024320.00
2012/09/10,19.00,19.30,18.31,18.53,15707492,293073344.00
2012/09/11,18.47,18.75,18.15,18.64,10219983,188265264.00
2012/09/12,18.64,18.67,17.98,18.15,9494887,173924336.00
2012/09/13,18.15,18.39,18.10,18.13,4543761,82865304.00
2012/09/14,18.24,18.27,17.91,18.11,3356183,60766748.00
2012/09/17,18.13,18.30,18.00,18.00,3202760,58160200.00
2012/09/18,17.98,17.98,17.71,17.73,2580041,46000164.00
2012/09/19,17.73,17.92,17.65,17.90,2505730,44678368.00
2012/09/20,17.88,18.07,17.02,17.02,3505410,61875480.00
2012/09/21,17.03,17.20,16.92,17.10,2086666,35616208.00
2012/09/24,17.00,17.46,16.91,17.44,2483813,42864332.00
2012/09/25,17.36,17.56,17.25,17.25,1323644,22988162.00
2012/09/26,17.21,17.39,16.98,17.01,1616385,27728060.00
2012/09/27,17.10,17.40,16.92,17.28,1592220,27405784.00
2012/09/28,17.20,17.58,17.16,17.51,1802380,31482484.00
2012/10/08,17.57,17.70,17.40,17.59,1294904,22757200.00
2012/10/09,17.60,17.84,17.58,17.80,1509691,26830976.00
2012/10/10,17.80,18.01,17.75,17.95,1948102,34940656.00
2012/10/11,17.65,18.11,17.65,17.90,2308050,41459460.00
2012/10/12,17.79,18.04,17.68,17.74,1157825,20632828.00
2012/10/15,17.79,17.98,17.70,17.91,1458541,26076352.00
2012/10/16,17.98,18.08,17.82,18.02,1375721,24747704.00
2012/10/17,18.03,18.05,17.71,17.72,1068333,19036782.00
2012/10/18,17.72,17.93,17.69,17.78,2552745,45441616.00
2012/10/19,17.79,17.85,17.63,17.84,1658408,29402874.00
2012/10/22,17.84,17.84,17.51,17.70,897979,15871025.00
2012/10/23,17.70,17.71,17.52,17.68,1061092,18712846.00
2012/10/24,17.62,17.62,16.86,17.04,1948145,33612680.00
2012/10/25,17.04,17.18,16.91,17.06,1109431,18960770.00
2012/10/26,17.09,17.31,17.09,17.11,2118613,36455748.00
2012/10/29,17.12,17.75,17.12,17.70,2091413,36723648.00
2012/10/30,17.85,17.85,17.56,17.66,486260,8590036.00
2012/10/31,17.67,18.06,17.60,17.72,1671765,29889564.00
2012/11/01,17.75,17.98,17.67,17.86,1192773,21324272.00
2012/11/02,17.83,17.93,17.70,17.74,963332,17149492.00
2012/11/05,17.74,18.03,17.65,17.70,1290326,23074384.00
2012/11/06,17.71,17.94,17.30,17.41,700440,12266725.00
2012/11/07,17.35,17.95,17.34,17.60,1683503,29928058.00
2012/11/08,17.50,17.85,17.46,17.74,1334303,23703828.00
2012/11/09,17.74,17.81,17.55,17.61,504813,8905365.00
2012/11/12,17.60,17.60,17.17,17.27,646801,11218787.00
2012/11/13,17.32,17.32,16.95,17.04,625207,10663970.00
2012/11/14,17.02,17.11,16.75,17.07,617033,10474012.00
2012/11/15,17.07,17.25,16.90,17.15,830899,14234822.00
2012/11/16,17.03,17.10,16.08,16.10,1562361,25591420.00
2012/11/19,16.20,16.73,16.15,16.66,1456643,23857082.00
2012/11/20,16.68,16.90,16.46,16.85,672670,11265562.00
2012/11/21,16.78,16.94,16.43,16.70,692424,11550958.00
2012/11/22,16.71,16.71,16.30,16.40,482797,7941896.50
2012/11/23,16.40,16.75,16.26,16.56,1235856,20518476.00
2012/11/26,16.58,16.77,16.45,16.45,736340,12268836.00
2012/11/27,16.45,16.50,16.12,16.25,621749,10115726.00
2012/11/28,16.25,16.30,16.02,16.07,676161,10905234.00
2012/11/29,16.00,16.30,15.85,16.24,596747,9656049.00
2012/11/30,16.24,16.86,16.24,16.80,1168109,19531712.00
2012/12/03,16.80,17.48,16.80,17.00,2028154,35005960.00
2012/12/04,17.03,17.30,16.83,17.24,639013,10915010.00
2012/12/05,17.24,17.78,17.00,17.40,1773476,31186708.00
2012/12/06,17.52,17.68,17.33,17.42,1544508,27075382.00
2012/12/07,17.43,17.60,17.22,17.45,944794,16471531.00
2012/12/10,17.48,18.02,17.47,17.84,1747633,31124762.00
2012/12/11,17.86,17.99,17.59,17.77,758732,13507461.00
2012/12/12,17.63,17.78,17.58,17.60,671075,11837850.00
2012/12/13,17.60,17.75,17.52,17.61,443944,7825103.50
2012/12/14,17.61,18.22,17.58,18.10,1642516,29607290.00
2012/12/17,18.10,18.70,17.96,18.56,3651527,67164336.00
2012/12/18,18.55,18.55,18.21,18.30,1285682,23619258.00
2012/12/19,18.18,18.54,18.18,18.26,659580,12124417.00
2012/12/20,18.08,18.35,17.91,18.25,971861,17614702.00
2012/12/21,18.30,18.97,18.10,18.67,2871825,53598636.00
2012/12/24,18.62,18.95,18.44,18.78,1323722,24938002.00
2012/12/25,18.78,19.35,18.78,19.12,2288848,43803352.00
2012/12/26,19.09,19.35,18.84,19.06,932372,17695604.00
2012/12/27,19.10,19.19,18.60,18.62,817006,15376987.00
2012/12/28,18.60,18.82,18.15,18.76,1461692,27109116.00
2012/12/31,18.76,18.86,18.18,18.35,2308590,42506312.00
2013/01/04,18.36,19.17,18.34,19.10,2912656,54622852.00
2013/01/07,18.90,19.72,18.85,19.62,3184092,61951424.00
2013/01/08,19.75,20.15,19.39,19.52,2327822,45775844.00
2013/01/09,19.42,19.95,19.42,19.60,1163149,22880080.00
2013/01/10,19.55,20.46,19.55,20.17,1442587,28952408.00
2013/01/11,20.17,20.25,19.62,19.70,1289467,25727650.00
2013/01/14,19.70,20.35,19.70,19.98,1912955,38486788.00
2013/01/15,20.00,20.77,19.98,20.57,1379154,28218766.00
2013/01/16,20.39,21.28,20.39,20.99,1818097,38025780.00
2013/01/17,22.05,23.09,22.05,23.09,8248643,189347504.00
2013/01/18,23.15,25.00,22.80,23.94,6806250,160293744.00
2013/01/21,23.58,24.88,23.50,23.91,3878087,93073824.00
2013/01/22,23.71,23.79,23.00,23.45,3149560,73686496.00
2013/01/23,23.20,23.28,22.18,23.10,2973192,67955792.00
2013/01/24,23.00,23.20,21.98,22.15,3875324,86833576.00
2013/01/25,22.10,23.10,21.91,22.82,2805077,63779972.00
2013/01/28,22.82,24.49,22.70,24.18,2803233,66566936.00
2013/01/29,24.04,24.28,23.81,24.00,1536610,36827176.00
2013/01/30,24.11,24.40,23.59,24.26,1694236,40680640.00
2013/01/31,24.26,24.33,23.81,24.20,1338564,32308478.00
2013/02/01,24.20,24.40,24.00,24.16,1641633,39795676.00
2013/02/04,24.10,24.80,23.22,23.40,2256221,53872516.00
2013/02/05,23.00,24.20,22.81,24.01,1674992,39356436.00
2013/02/06,24.02,24.88,23.96,24.69,1380979,33957528.00
2013/02/07,24.66,25.95,24.66,25.75,1863224,47446488.00
2013/02/08,25.95,26.87,25.45,26.12,1317693,34487136.00
2013/02/18,26.01,27.00,25.50,26.38,1438025,37814604.00
2013/02/19,26.38,26.38,24.00,25.77,3604144,92451280.00
2013/02/20,25.27,26.98,25.20,26.98,1285871,33989004.00
2013/02/21,26.52,27.10,25.72,26.01,3892481,102491032.00
2013/02/22,26.00,26.90,25.10,26.48,2582625,68442056.00
2013/02/25,26.51,27.31,26.38,27.24,2135664,57455400.00
2013/02/26,27.14,27.28,26.16,26.17,1668249,44684136.00
2013/02/27,26.20,26.29,25.38,25.50,1694666,43502360.00
2013/02/28,25.50,26.30,25.31,26.19,1626514,41905628.00
2013/03/01,25.95,26.58,25.60,26.53,976108,25456466.00
2013/03/04,26.03,26.30,23.88,23.88,6926567,170065600.00
2013/03/05,23.58,24.79,23.50,24.67,2386143,57927576.00
2013/03/06,24.58,25.40,24.32,25.11,1357433,33755368.00
2013/03/07,25.11,25.89,24.00,24.18,2945376,73187152.00
2013/03/08,24.05,24.74,24.04,24.38,1364853,33488444.00
2013/03/11,24.18,24.82,24.06,24.40,1036317,25249044.00
2013/03/12,24.39,24.70,23.60,23.70,1358665,32772070.00
2013/03/13,23.68,23.97,23.10,23.89,840567,20004838.00
2013/03/14,23.87,25.38,23.71,24.82,1429497,35570952.00
2013/03/15,25.10,25.15,24.50,24.80,782799,19507464.00
2013/03/18,24.80,24.82,24.32,24.58,557111,13690739.00
2013/03/19,24.13,24.81,24.13,24.74,788246,19365350.00
2013/03/20,24.83,25.77,24.71,25.65,1413615,35880968.00
2013/03/21,26.00,26.56,25.67,26.48,1120955,29480732.00
2013/03/22,26.48,26.87,25.81,26.40,1149957,30398870.00
2013/03/25,26.26,26.50,25.99,26.13,773973,20326622.00
2013/03/26,26.12,26.76,25.84,26.10,573167,14957076.00
2013/03/27,26.20,26.67,25.69,26.19,954570,24881652.00
2013/03/28,25.78,26.20,24.51,25.91,1491033,38291604.00
2013/03/29,26.10,26.10,25.33,25.56,441369,11298962.00
2013/04/01,25.49,25.90,25.26,25.51,435823,11128170.00
2013/04/02,25.57,25.68,24.15,24.60,1179569,29302630.00
2013/04/03,24.61,25.10,24.60,24.71,454440,11247344.00
2013/04/08,24.19,25.11,23.78,25.05,541315,13236439.00
2013/04/09,25.09,25.59,24.85,25.25,521604,13142806.00
2013/04/10,25.02,26.10,25.02,25.34,2615225,66777360.00
2013/04/11,25.16,26.66,25.16,26.38,1630591,42563500.00
2013/04/12,26.45,28.69,26.10,28.29,2897233,80275488.00
2013/04/15,28.28,28.28,26.40,27.46,3241647,88195000.00
2013/04/16,26.70,27.60,26.35,27.00,1889919,51198316.00
2013/04/17,26.90,28.78,26.90,28.75,2386908,66911960.00
2013/04/18,28.70,29.24,28.00,28.38,1290323,36722852.00
2013/04/19,28.11,29.41,28.11,28.38,2094285,60287964.00
2013/04/22,28.20,30.99,28.05,30.10,1876649,55754916.00
2013/04/23,30.30,30.68,29.80,30.30,1957918,59196124.00
2013/04/24,30.30,32.09,29.80,32.00,2337264,72809552.00
2013/04/25,31.45,33.33,30.59,31.29,4093907,130859960.00
2013/04/26,30.57,31.70,29.90,30.10,1616186,49382312.00
2013/05/02,29.90,31.49,28.00,31.20,1493802,45745840.00
2013/05/03,31.20,32.47,30.88,32.20,1547990,48965828.00
2013/05/06,32.28,32.28,31.30,31.95,1642127,52134004.00
2013/05/07,32.00,32.00,30.00,30.62,2088487,65197128.00
2013/05/08,30.70,31.64,30.02,31.25,1467979,45098160.00
2013/05/09,31.20,31.64,30.52,31.25,1060625,32974434.00
2013/05/10,31.25,31.30,30.00,31.09,1383217,42121980.00
2013/05/13,30.78,31.30,30.42,30.73,696396,21490296.00
2013/05/14,30.73,32.25,30.38,32.10,1145240,35617092.00
2013/05/15,31.90,32.41,30.90,32.07,1175943,37337332.00
2013/05/16,32.10,32.24,31.30,31.73,1249902,39838476.00
2013/05/17,31.40,33.20,31.19,33.18,1359527,44387708.00
2013/05/20,33.30,34.70,32.86,34.30,1536256,52105656.00
2013/05/21,34.40,34.60,33.19,34.20,1309244,44039692.00
2013/05/22,33.76,33.88,33.00,33.40,983598,32851850.00
2013/05/23,33.10,33.53,32.36,32.37,739574,24315814.00
2013/05/24,32.50,33.13,32.10,32.50,1170932,37943876.00
2013/05/27,32.40,33.50,32.40,32.81,776017,25572312.00
2013/05/28,32.79,32.79,31.50,31.60,3219534,102778528.00
2013/05/29,31.40,32.33,31.20,31.60,1244301,39470088.00
2013/05/30,31.23,31.60,31.05,31.22,1103203,34544112.00
2013/05/31,31.29,32.28,31.21,31.65,2289208,72918600.00
2013/06/03,31.66,32.19,30.44,31.00,1648245,51285080.00
2013/06/04,30.92,30.92,29.58,29.88,1321297,39658908.00
2013/06/05,30.04,30.75,29.48,30.30,1459500,44159688.00
2013/06/06,29.98,31.01,29.81,30.55,911904,27949376.00
2013/06/07,30.50,31.45,30.30,30.49,1718047,53039124.00
2013/06/13,30.40,31.30,28.91,31.09,1667544,49635756.00
2013/06/14,30.75,32.05,30.70,31.91,1626644,51384408.00
2013/06/17,32.06,32.45,31.34,32.25,1023412,32868404.00
2013/06/18,32.10,32.85,31.55,32.03,634264,20423210.00
2013/06/19,32.23,32.48,30.76,32.00,850892,26781948.00
2013/06/20,31.77,31.78,30.49,30.58,813905,25298012.00
2013/06/21,29.80,31.50,29.03,31.06,913687,27604196.00
2013/06/24,30.66,30.82,29.50,29.59,2178842,65357424.00
2013/06/25,29.59,30.28,27.20,30.14,2292998,65473852.00
2013/06/26,30.14,31.58,30.14,31.55,1213074,37783240.00
2013/06/27,31.55,32.80,31.35,31.85,893147,28617896.00
2013/06/28,31.83,33.09,31.50,32.62,1008847,32872088.00
2013/07/01,32.79,33.37,32.40,33.16,961726,31781500.00
2013/07/02,33.02,34.40,32.40,33.64,1595544,53097864.00
2013/07/03,33.58,34.88,33.00,34.49,1507730,51735060.00
2013/07/04,34.40,34.85,33.70,33.85,922857,31660776.00
2013/07/05,33.40,36.88,33.40,35.22,1777555,63009764.00
2013/07/08,34.92,35.83,34.52,34.83,943067,33231032.00
2013/07/09,34.13,35.03,34.11,34.55,348223,12008245.00
2013/07/10,34.79,34.80,33.90,34.41,381226,13100209.00
2013/07/11,33.97,37.53,33.97,37.48,1177911,42602924.00
2013/07/12,37.37,37.39,36.25,37.10,994205,36470380.00
2013/07/15,36.53,37.85,36.53,37.06,826423,30764718.00
2013/07/16,37.49,38.50,36.95,37.02,741934,27746166.00
2013/07/17,36.89,37.50,35.55,36.00,894737,32474152.00
2013/07/18,35.98,36.69,34.50,36.69,1371898,48904612.00
2013/07/19,36.50,36.95,35.20,35.77,960027,34618552.00
2013/07/22,37.58,37.58,35.51,35.90,541834,19692664.00
2013/07/23,35.52,36.70,35.50,36.52,1703114,61295492.00
2013/07/24,36.15,36.62,35.67,35.91,772741,27862210.00
2013/07/25,35.99,38.15,35.28,37.70,1515946,55856524.00
2013/07/26,37.00,38.25,35.50,37.50,1573177,58324552.00
2013/07/29,37.49,38.86,36.55,37.69,1517297,57796496.00
2013/07/30,37.35,38.50,36.50,36.52,1554458,57547464.00
2013/07/31,38.00,38.00,36.52,37.00,810496,30002506.00
2013/08/01,37.00,38.15,37.00,37.61,698068,26330408.00
2013/08/02,37.70,39.61,37.70,39.39,1756568,68465096.00
2013/08/05,39.30,40.28,38.66,39.45,1093251,43333364.00
2013/08/06,39.45,40.99,38.91,40.25,830892,33379344.00
2013/08/07,40.28,41.68,40.28,41.30,1505789,61983972.00
2013/08/08,41.19,41.58,40.24,40.96,950443,38776420.00
2013/08/09,41.00,41.19,39.90,40.22,658041,26596046.00
2013/08/12,40.22,40.59,38.53,39.68,1293022,50889768.00
2013/08/13,39.67,39.67,38.74,39.50,470599,18511920.00
2013/08/14,39.51,40.46,39.35,40.42,741828,29738146.00
2013/08/15,40.05,40.37,38.58,39.00,900326,35222428.00
2013/08/16,38.67,39.20,38.28,38.42,583886,22629462.00
2013/08/19,38.41,38.94,37.50,38.90,1100803,42155868.00
2013/08/20,38.99,39.22,37.80,37.90,1304228,50348048.00
2013/08/21,37.91,38.10,36.46,37.30,1287469,47599896.00
2013/08/22,36.63,37.48,36.49,36.97,762967,28327190.00
2013/08/23,37.20,37.31,35.55,36.10,1510640,54577072.00
2013/08/26,36.40,38.20,36.13,38.10,1448964,53649256.00
2013/08/27,38.09,38.53,37.50,38.27,1221085,46429628.00
2013/08/28,38.00,38.20,37.42,37.51,524397,19786308.00
2013/08/29,37.51,37.52,36.13,36.27,759543,27719116.00
2013/08/30,36.00,37.10,35.75,36.01,1065115,38831244.00
2013/09/02,36.20,37.25,34.51,37.19,1110962,40285420.00
2013/09/03,37.24,37.38,36.58,37.15,588420,21710252.00
2013/09/04,37.00,37.25,36.20,36.28,740128,27072730.00
2013/09/05,36.21,36.85,36.21,36.27,528050,19240782.00
2013/09/06,36.27,36.27,35.60,35.64,915998,32779706.00
2013/09/09,35.64,36.32,35.31,36.10,1264078,45220100.00
2013/09/10,36.00,36.28,35.55,35.73,739508,26571876.00
2013/09/11,35.73,37.29,34.02,37.29,1439617,51743004.00
2013/09/12,37.00,38.05,36.86,37.28,1104536,41374044.00
2013/09/13,37.29,37.87,37.00,37.52,694642,25977804.00
2013/09/16,37.37,38.20,37.12,37.57,575607,21650150.00
2013/09/17,37.57,38.75,36.81,38.57,1334716,50676516.00
2013/09/18,38.40,39.33,38.10,38.22,800070,30978618.00
2013/09/23,38.07,38.50,37.31,37.90,626110,23684690.00
2013/09/24,37.89,38.25,37.10,37.80,656897,24780050.00
2013/09/25,37.80,38.29,36.98,36.98,807475,30407248.00
2013/09/26,36.91,36.91,35.55,35.95,887893,32085156.00
2013/09/27,35.70,36.40,35.70,36.02,645430,23279120.00
2013/09/30,36.02,36.60,35.81,36.40,226929,8220503.00
2013/10/08,36.40,37.48,36.40,36.67,560484,20742942.00
2013/10/09,36.98,37.08,36.30,36.65,609913,22291444.00
2013/10/10,36.20,36.65,34.99,35.77,1247422,44391100.00
2013/10/11,35.50,36.18,35.50,35.60,693773,24821094.00
2013/10/14,35.50,35.98,34.75,35.89,1085436,38251704.00
2013/10/15,35.89,35.89,35.00,35.24,471872,16657765.00
2013/10/16,35.28,35.39,34.01,34.34,671041,23118786.00
2013/10/17,34.00,34.94,32.65,32.96,1194286,39940132.00
2013/10/18,32.90,34.88,32.74,34.58,1193926,40744168.00
2013/10/21,34.60,35.32,34.20,35.18,806603,28211436.00
2013/10/22,35.18,35.18,34.00,35.00,515867,17857984.00
2013/10/23,34.78,36.12,34.78,35.90,1181907,41989600.00
2013/10/24,35.81,36.18,35.26,35.29,344137,12235670.00
2013/10/25,36.45,38.82,36.45,37.09,2096404,78416144.00
2013/10/28,37.00,38.30,36.65,37.79,1987535,74908912.00
2013/10/29,37.67,37.83,36.10,36.43,1044872,38418832.00
2013/10/30,35.91,37.50,35.91,36.90,1390735,51428956.00
2013/10/31,36.90,37.50,35.90,37.00,789424,29209754.00
2013/11/01,36.52,37.00,35.03,36.01,940293,34019436.00
2013/11/04,35.80,37.00,35.61,36.25,777837,28241368.00
2013/11/05,35.90,36.40,35.88,36.16,283442,10226967.00
2013/11/06,36.14,36.15,34.50,35.48,350583,12506324.00
2013/11/07,34.90,35.09,33.26,33.70,873111,29890414.00
2013/11/08,33.94,34.14,33.33,33.40,357241,12030336.00
2013/11/11,33.40,33.90,33.06,33.70,453603,15224685.00
2013/11/12,33.51,35.00,33.51,34.63,611534,21143688.00
2013/11/13,34.97,34.97,34.26,34.54,378275,13062759.00
2013/11/14,34.24,35.36,34.12,34.82,217923,7579081.50
2013/11/15,34.82,35.90,34.51,35.44,425303,15049561.00
2013/11/18,35.60,36.00,35.33,35.58,427193,15232723.00
2013/11/19,35.58,35.88,35.50,35.60,505211,18017644.00
2013/11/20,35.60,35.99,35.10,35.70,294494,10482195.00
2013/11/21,35.70,35.70,34.92,35.47,581788,20570030.00
2013/11/22,35.31,36.80,35.31,36.52,849486,30753484.00
2013/11/25,36.48,38.12,35.52,38.12,1353268,50741128.00
2013/11/26,37.50,38.00,37.31,37.80,707109,26522150.00
2013/11/27,37.39,37.90,37.10,37.40,877559,32882578.00
2013/11/28,37.70,38.85,37.42,38.28,1507249,57825692.00
2013/11/29,38.39,38.39,37.45,37.80,1393103,52507760.00
2013/12/02,37.11,37.20,34.10,35.50,1611213,58918576.00
2013/12/03,35.00,37.10,34.98,36.34,1596191,57508236.00
2013/12/04,36.37,38.10,35.85,37.55,1588241,58656372.00
2013/12/05,37.35,38.50,36.55,37.96,1776421,66604224.00
2013/12/06,37.88,38.00,36.65,37.23,1243791,46233372.00
2013/12/09,37.79,40.00,37.27,38.88,3035910,118311680.00
2013/12/10,38.92,41.29,38.71,40.96,2174278,87464488.00
2013/12/11,40.87,41.68,39.88,40.99,912090,37155216.00
2013/12/12,40.99,41.10,39.85,40.90,803943,32622948.00
2013/12/13,40.70,41.98,40.05,41.80,760374,31278264.00
2013/12/16,41.80,42.79,40.20,40.60,1172957,48532268.00
2013/12/17,40.51,40.60,39.28,39.36,608101,24255492.00
2013/12/18,39.28,40.70,39.01,39.46,486266,19387164.00
2013/12/19,39.56,39.90,37.01,38.55,977986,37676656.00
2013/12/20,37.85,38.76,37.50,37.70,757938,28818232.00
2013/12/23,37.75,38.71,37.34,38.60,954969,36597780.00
2013/12/24,38.52,39.65,38.13,39.58,866867,34071860.00
2013/12/25,39.56,39.96,38.96,39.70,548433,21701602.00
2013/12/26,39.74,40.45,38.50,38.71,485598,18973304.00
2013/12/27,38.80,39.56,37.93,38.95,601459,23231704.00
2013/12/30,39.00,39.00,37.46,38.11,1450109,55086808.00
2013/12/31,38.10,39.75,37.52,39.48,1287052,49977052.00
2014/01/02,39.70,42.05,39.06,41.42,1097735,45083708.00
2014/01/03,41.45,42.00,39.87,41.15,712043,29046770.00
2014/01/06,40.59,40.59,39.06,39.80,807823,32163688.00
2014/01/07,39.75,39.75,38.14,38.68,1069004,41152456.00
2014/01/08,38.45,39.27,38.26,38.80,963376,37371972.00
2014/01/09,38.65,39.00,36.90,37.90,1427045,53916592.00
2014/01/10,38.60,39.80,38.50,38.70,2955557,115399856.00
2014/01/13,39.50,40.45,38.80,39.67,2641732,104696016.00
2014/01/14,40.10,40.38,38.96,40.26,670666,26617556.00
2014/01/15,40.30,40.40,39.56,39.98,755499,30213870.00
2014/01/16,39.90,39.98,39.00,39.39,835662,32895390.00
2014/01/17,39.39,39.66,37.70,37.80,1184878,45492076.00
2014/01/20,37.71,38.66,37.51,38.60,683242,25912916.00
2014/01/21,38.63,38.88,36.95,37.32,1050295,39350740.00
2014/01/22,37.40,38.28,37.01,37.95,866706,32690118.00
2014/01/23,37.94,38.30,37.18,38.11,1364180,51510144.00
2014/01/24,38.22,39.64,37.63,38.80,1574136,60656128.00
2014/01/27,38.82,40.50,38.50,40.00,1787944,70841992.00
2014/01/28,40.00,41.15,39.39,40.59,864714,34962200.00
2014/01/29,40.64,40.64,38.90,39.30,1048104,41655784.00
2014/01/30,39.40,39.69,37.65,37.70,816209,31401138.00
2014/02/07,37.42,38.98,37.42,38.88,515278,19896340.00
2014/02/10,38.85,39.43,38.10,39.30,1614638,62598124.00
2014/02/11,39.31,39.45,38.35,38.61,1024248,39779868.00
2014/02/12,38.66,38.93,37.85,38.30,1300233,49540040.00
2014/02/13,38.71,38.88,37.56,37.76,1223641,46411916.00
2014/02/14,37.76,39.66,37.76,39.08,2891467,113075864.00
2014/02/17,39.43,40.36,39.10,40.00,1444687,57290092.00
2014/02/18,40.29,40.48,38.51,39.05,1972596,76982616.00
2014/02/19,39.05,39.99,39.02,39.42,1343904,53110288.00
2014/02/20,39.81,41.30,39.43,41.29,3132096,127169176.00
2014/02/21,41.30,42.28,40.25,41.03,1698647,69862496.00
2014/02/24,40.70,40.85,37.32,38.12,3488271,135416432.00
2014/02/25,38.05,38.48,34.31,34.89,5348683,194175984.00
2014/02/26,35.10,35.66,33.41,34.42,3145987,108240472.00
2014/02/27,34.43,35.39,34.00,34.13,2110891,73512880.00
2014/02/28,34.04,34.65,33.00,34.50,2293617,77601152.00
2014/03/03,34.50,35.03,33.88,34.97,1436696,49754848.00
2014/03/04,35.01,35.28,34.41,34.73,1686329,58534852.00
2014/03/05,34.75,34.89,33.32,33.50,2271380,76431920.00
2014/03/06,33.60,33.62,32.15,33.60,3863362,126003472.00
2014/03/07,33.61,34.67,33.40,34.22,2293577,78107960.00
2014/03/10,34.57,34.72,33.61,33.75,1836113,62798792.00
2014/03/11,33.88,33.95,32.55,33.06,2145343,71004088.00
2014/03/12,32.98,33.24,32.41,32.59,1466117,47952200.00
2014/03/13,32.58,33.17,32.52,32.70,596744,19603112.00
2014/03/14,32.72,32.82,32.19,32.50,708563,23016158.00
2014/03/17,32.50,34.20,32.50,33.51,1544001,51517040.00
2014/03/18,33.49,34.48,33.40,33.50,1243719,42151424.00
2014/03/19,33.51,33.70,32.81,33.03,784554,25923288.00
2014/03/20,33.03,34.50,33.03,33.90,1358128,46132956.00
2014/03/21,33.50,34.50,33.43,33.97,1958780,66953860.00
2014/03/24,34.39,35.49,34.30,34.94,2313871,81126912.00
2014/03/25,35.20,35.48,34.51,35.37,896634,31574234.00
2014/03/26,35.28,35.74,34.91,35.50,735993,26032772.00
2014/03/27,35.55,35.92,34.75,35.30,1037061,36616032.00
2014/03/28,35.29,35.35,34.36,34.36,750755,26100008.00
2014/03/31,34.33,34.78,33.60,34.07,970254,33042514.00
2014/04/01,34.07,34.49,33.38,33.88,890545,30257528.00
2014/04/02,33.85,34.08,32.89,33.47,1685141,56587424.00
2014/04/03,33.47,35.11,33.01,34.50,1338764,45772096.00
2014/04/04,34.00,34.70,33.90,34.51,1076020,37044360.00
2014/04/08,34.48,35.30,34.25,35.11,804924,28215732.00
2014/04/09,35.20,35.87,35.00,35.62,769872,27361898.00
2014/04/10,36.01,36.80,35.96,36.40,2272159,82816776.00
2014/04/11,36.31,37.75,36.00,37.32,1667394,62230832.00
2014/04/14,37.34,37.75,36.98,37.59,927905,34716760.00
2014/04/15,37.40,37.97,37.39,37.83,1180315,44588244.00
2014/04/16,37.84,37.95,36.00,37.25,1362684,50202196.00
2014/04/17,36.58,37.28,36.50,37.08,509790,18880294.00
2014/04/18,37.00,37.18,36.61,36.86,208287,7690919.50
2014/04/21,36.76,37.85,36.30,37.76,833183,31183410.00
2014/04/22,37.76,37.90,36.83,37.29,470101,17545010.00
2014/04/23,36.97,37.58,36.50,36.57,589837,21704440.00
2014/04/24,36.70,37.57,36.55,36.68,649308,24019024.00
2014/04/25,36.69,37.48,36.68,36.97,638789,23795340.00
2014/04/28,36.97,36.97,35.80,35.85,714727,25796284.00
2014/04/29,35.80,38.30,35.00,38.05,1625116,60470916.00
2014/04/30,38.10,39.88,37.72,39.72,1830190,72018128.00
2014/05/05,39.20,39.72,38.22,39.41,1318901,51453952.00
2014/05/06,39.30,39.35,38.71,38.84,848985,33085244.00
2014/05/07,38.69,39.60,38.21,39.17,835532,32526802.00
2014/05/08,38.00,39.03,38.00,38.53,641867,24826442.00
2014/05/09,38.68,40.18,38.01,38.40,838972,32631046.00
2014/05/12,38.70,39.45,38.03,39.10,662709,25597908.00
2014/05/13,39.01,39.48,38.67,39.15,492602,19294028.00
2014/05/14,39.01,39.26,38.51,38.82,230449,8957493.00
2014/05/15,38.90,38.92,37.55,38.10,571914,21777684.00
2014/05/16,29.98,30.20,27.15,29.00,542171,15923735.00
2014/05/19,28.80,29.84,28.17,29.68,875019,25041548.00
2014/05/20,29.68,29.90,29.10,29.41,459314,13505427.00
2014/05/21,29.25,29.74,29.14,29.60,224097,6596099.50
2014/05/22,29.57,31.10,29.42,30.30,843111,25695428.00
2014/05/23,30.31,30.77,30.10,30.35,433501,13155344.00
2014/05/26,30.21,30.65,30.21,30.42,358430,10902360.00
2014/05/27,30.35,30.62,29.79,29.91,326772,9828316.00
2014/05/28,30.00,30.50,29.80,30.41,366836,11137269.00
2014/05/29,30.47,30.86,30.30,30.41,338648,10332556.00
2014/05/30,30.68,30.68,29.91,29.98,313783,9454331.00
2014/06/03,29.90,30.19,29.71,29.80,230381,6886071.00
2014/06/04,29.87,29.94,29.66,29.81,236348,7035045.50
2014/06/05,29.80,29.98,29.61,29.97,229400,6859282.50
2014/06/06,29.96,30.14,29.50,29.56,452381,13432869.00
2014/06/09,29.57,29.58,28.69,28.73,576793,16845906.00
2014/06/10,28.71,29.65,28.71,29.57,322241,9467627.00
2014/06/11,29.50,29.67,29.20,29.51,201296,5931414.00
2014/06/12,29.33,29.62,29.22,29.52,207885,6116326.00
2014/06/13,29.50,29.60,29.37,29.59,354843,10481300.00
2014/06/16,29.59,30.15,29.59,29.80,535940,16022993.00
2014/06/17,29.78,29.78,29.01,29.20,439536,12856835.00
2014/06/18,29.08,29.55,28.88,28.90,382462,11138332.00
2014/06/19,28.80,29.04,27.06,27.49,609360,17008930.00
2014/06/20,27.77,27.77,26.95,27.17,667652,18123152.00
2014/06/23,27.17,27.73,27.17,27.30,636320,17505436.00
2014/06/24,27.30,27.30,26.62,27.04,1413831,38232316.00
2014/06/25,27.20,27.20,26.40,26.84,748367,20005218.00
2014/06/26,27.00,27.20,26.82,26.99,848297,22890304.00
2014/06/27,26.99,27.19,26.85,27.10,1531649,41489400.00
2014/06/30,27.22,28.30,27.07,28.27,1037981,28740140.00
2014/07/01,28.26,28.27,27.71,27.80,985596,27443266.00
2014/07/02,27.89,27.99,27.43,27.63,690119,19046880.00
2014/07/03,27.72,28.11,27.63,28.07,1025947,28608638.00
2014/07/04,28.00,28.00,27.38,27.49,885477,24394712.00
2014/07/07,27.58,27.58,27.08,27.19,407536,11108848.00
2014/07/08,27.17,27.32,26.90,27.17,685343,18541804.00
2014/07/09,27.30,27.34,27.00,27.00,350383,9504608.00
2014/07/10,26.91,27.00,26.38,26.43,789847,21047986.00
2014/07/11,26.46,26.67,25.95,26.06,1148386,30070824.00
2014/07/14,26.05,26.05,25.51,25.79,1315806,33911032.00
2014/07/15,25.79,26.48,25.79,26.45,1510726,39605852.00
2014/07/16,26.45,26.72,26.22,26.66,967349,25585996.00
2014/07/17,26.87,26.88,26.21,26.37,450936,11904730.00
2014/07/18,26.36,27.55,26.10,27.08,1518771,40999192.00
2014/07/21,27.50,27.99,27.17,27.69,2298548,63564696.00
2014/07/22,27.50,27.71,27.15,27.48,1260803,34432576.00
2014/07/23,27.36,27.38,26.50,26.88,1552649,41768216.00
2014/07/24,26.65,27.17,26.50,26.70,1198359,32025178.00
2014/07/25,27.68,29.37,27.62,29.37,5503843,158393344.00
2014/07/28,29.66,30.95,29.37,30.28,4473306,135647088.00
2014/07/29,30.34,30.50,29.75,30.30,3038942,91515952.00
2014/07/30,30.22,30.46,30.00,30.14,1082745,32666466.00
2014/07/31,30.30,30.45,29.50,29.66,2168028,64534980.00
2014/08/01,29.70,30.05,29.38,29.98,2385416,70936840.00
2014/08/04,29.89,31.25,29.51,31.19,2349677,71798600.00
2014/08/05,31.32,31.47,30.44,31.27,2102137,65088680.00
2014/08/06,31.00,31.00,29.66,30.11,4610724,138728784.00
2014/08/07,29.87,30.85,29.87,30.22,1428764,43366536.00
2014/08/08,30.25,30.51,30.04,30.21,760679,23020830.00
2014/08/11,30.26,31.70,30.00,31.70,1986547,61313088.00
2014/08/12,31.11,31.49,30.46,30.99,3561790,109501856.00
2014/08/13,30.55,30.86,30.00,30.65,1639208,49690304.00
2014/08/14,30.49,30.70,30.11,30.35,878303,26729502.00
2014/08/15,30.31,30.58,30.13,30.48,1108996,33727672.00
2014/08/18,30.40,31.16,30.40,31.07,1773557,54875260.00
2014/08/19,30.88,31.13,30.58,30.66,846187,26031106.00
2014/08/20,30.66,30.88,30.10,30.22,1045653,31867500.00
2014/08/21,30.11,30.49,29.85,30.00,959803,28832716.00
2014/08/22,30.15,30.45,30.02,30.20,742728,22446890.00
2014/08/25,30.18,30.24,29.56,29.65,1025406,30617582.00
2014/08/26,29.74,29.88,29.31,29.60,907644,26822926.00
2014/08/27,29.59,30.05,29.51,29.80,798728,23716322.00
2014/08/28,29.83,29.83,28.85,29.60,587081,17237350.00
2014/08/29,29.45,29.71,29.29,29.45,705572,20780522.00
2014/09/01,29.44,30.16,29.44,29.95,1138782,34120296.00
2014/09/02,30.19,30.28,29.91,30.22,1143923,34449316.00
2014/09/03,30.39,30.39,29.96,30.10,1857235,55823968.00
2014/09/04,29.99,30.20,29.98,30.15,1348272,40597276.00
2014/09/05,30.28,30.28,29.99,30.18,1475861,44420292.00
2014/09/09,30.28,30.28,29.99,30.18,0,0.00
2014/09/10,31.50,31.60,30.39,31.16,3191733,98529160.00
2014/09/11,31.00,31.30,30.63,30.89,2096602,64903088.00
2014/09/12,30.85,31.48,30.73,31.44,1932330,60433128.00
2014/09/15,31.68,32.33,31.49,31.60,2514091,80087544.00
2014/09/16,31.60,31.91,30.70,30.72,2009647,62945100.00
2014/09/17,30.72,30.91,29.93,30.34,1103824,33471212.00
2014/09/18,30.33,30.59,30.04,30.38,1590586,48298808.00
2014/09/19,30.48,30.49,29.70,30.07,2080791,62311248.00
2014/09/22,30.06,30.15,29.10,29.32,2469112,72511656.00
2014/09/23,29.25,29.61,29.10,29.61,1808855,53054468.00
2014/09/24,29.53,30.19,29.35,30.03,1790618,53488528.00
2014/09/25,30.03,30.14,29.67,29.90,1511438,45189272.00
2014/09/26,29.84,30.14,29.75,30.03,1276528,38298284.00
2014/09/29,30.00,30.15,29.76,29.78,1315810,39295220.00
2014/09/30,29.78,30.25,29.78,29.98,1443701,43357364.00
2014/10/08,30.05,30.92,30.05,30.89,2043382,62541720.00
2014/10/09,30.98,30.98,30.50,30.70,1426013,43697716.00
2014/10/10,30.70,31.57,30.41,31.16,3520132,109738784.00
2014/10/13,31.02,31.75,30.50,31.62,3019128,94837936.00
2014/10/14,31.80,31.81,30.65,31.05,1769026,55185600.00
2014/10/15,31.17,32.00,30.64,31.95,2390113,75392360.00
2014/10/16,31.70,32.50,31.52,31.56,1890109,60392544.00
2014/10/17,31.56,31.68,30.50,31.14,1384600,43058380.00
2014/10/20,31.15,31.29,30.51,30.79,1656770,50824672.00
2014/10/21,30.74,30.96,30.40,30.82,1766149,54188832.00
2014/10/22,30.87,30.87,30.32,30.65,1313535,40196268.00
2014/10/23,30.64,31.39,30.36,31.27,1700502,52734316.00
2014/10/24,31.72,32.30,30.65,30.83,2192580,69104808.00
2014/10/27,30.56,31.48,30.18,31.20,1699079,52772012.00
2014/10/28,31.48,34.32,31.22,34.32,5373711,178379776.00
2014/10/29,35.05,36.79,34.85,36.49,7022524,251667904.00
2014/10/30,36.00,36.50,35.44,35.49,3215852,115399472.00
2014/10/31,35.79,36.50,35.16,36.09,3189430,114225496.00
2014/11/03,36.08,36.13,35.02,35.46,2548000,90451984.00
2014/11/04,35.48,35.75,34.35,34.89,2774905,96600192.00
2014/11/05,34.84,35.28,34.38,34.85,2471706,85745896.00
2014/11/06,34.85,35.93,34.60,35.70,2956198,104666896.00
2014/11/07,35.70,36.18,34.81,34.86,2937075,103628216.00
2014/11/10,34.69,35.44,34.01,35.40,2408696,83687536.00
2014/11/11,35.31,35.31,34.09,34.20,2027577,69746400.00
2014/11/12,34.03,34.64,33.90,34.22,1604311,54820404.00
2014/11/13,34.36,34.40,32.91,34.00,1999791,67175552.00
2014/11/14,33.62,34.29,32.97,33.55,1955816,65461812.00
2014/11/17,33.59,34.09,33.03,33.77,1356307,45628364.00
2014/11/18,33.70,33.77,33.10,33.18,1647688,55068828.00
2014/11/19,33.21,34.20,33.07,34.18,1781533,59898684.00
2014/11/20,33.85,34.02,33.27,33.37,1478805,49606932.00
2014/11/21,33.41,33.50,33.11,33.20,1119628,37244184.00
2014/11/24,33.70,34.65,33.38,34.20,4272351,145907648.00
2014/11/25,34.18,34.66,33.80,34.48,2028283,69551128.00
2014/11/26,34.48,34.49,33.61,33.96,2114459,71840984.00
2014/11/27,34.03,34.03,32.78,33.02,4384810,145214208.00
2014/11/28,32.99,33.43,32.45,33.39,4107321,135808096.00
2014/12/01,33.46,35.49,33.29,33.59,6136142,210701600.00
2014/12/02,33.73,34.34,33.59,33.93,3448974,116826496.00
2014/12/03,33.80,34.66,33.52,33.92,4307533,146567088.00
2014/12/04,34.31,35.98,34.31,35.62,6082551,214495680.00
2014/12/05,35.50,35.50,33.52,34.21,4685553,161552352.00
2014/12/08,34.13,34.13,33.10,33.23,4206074,140881696.00
2014/12/09,33.25,33.25,31.70,32.45,4424277,143545792.00
2014/12/10,32.41,33.70,31.73,33.47,4310129,141298672.00
2014/12/11,33.51,34.59,33.51,34.01,3637230,124196360.00
2014/12/12,34.01,35.45,34.01,35.01,3242695,113087808.00
2014/12/15,35.28,36.28,35.10,35.50,4541634,162755456.00
2014/12/16,35.73,35.73,34.04,34.41,2931267,101108504.00
2014/12/17,34.41,34.42,33.25,33.43,2824450,94858720.00
2014/12/18,33.43,33.86,33.09,33.22,2691093,89866112.00
2014/12/19,33.15,33.23,32.60,32.80,1964103,64540484.00
2014/12/22,32.88,32.89,31.81,31.90,2875145,92329792.00
2014/12/23,31.92,32.60,31.30,31.70,2864382,91668152.00
2014/12/24,31.78,32.89,31.78,32.42,2929798,94898568.00
2014/12/25,32.50,33.66,32.50,33.15,3251830,108399536.00
2014/12/26,33.06,33.38,32.60,33.10,1759057,58094348.00
2014/12/29,32.88,32.88,31.70,32.07,3454622,110767816.00
2014/12/30,32.15,32.22,30.99,31.39,2421492,76089784.00
2014/12/31,31.40,33.05,30.78,32.60,3036578,96169696.00
2015/01/05,33.99,35.86,32.80,35.86,7109376,250780176.00
2015/01/06,36.90,39.45,36.70,39.45,4950118,191549248.00
2015/01/07,39.87,39.87,37.76,38.68,7147751,275499264.00
2015/01/08,38.52,39.47,38.00,38.30,4684378,182241184.00
2015/01/09,37.50,39.39,37.40,38.60,4275552,165564256.00
2015/01/12,38.18,42.45,37.61,41.14,3846110,157905280.00
2015/01/13,41.30,41.63,39.89,41.46,2334604,95813440.00
2015/01/14,41.02,41.48,39.02,39.91,2246010,90303536.00
2015/01/15,39.60,41.30,39.13,39.90,1916745,76728504.00
2015/01/16,39.97,40.10,38.80,39.45,2970589,117225632.00
2015/01/19,38.00,39.60,37.81,38.40,2662332,102808248.00
2015/01/20,38.83,40.10,37.90,40.05,2721821,107135040.00
2015/01/21,40.05,41.60,39.61,40.70,2250861,91433984.00
2015/01/22,40.70,42.42,39.80,42.21,2540910,106656192.00
2015/01/23,41.70,42.00,40.08,41.58,1909035,79131592.00
2015/01/26,41.90,42.30,40.50,41.15,1694670,69439064.00
2015/01/27,41.01,41.49,39.41,39.98,2298534,91869544.00
2015/01/28,39.98,40.50,39.10,40.16,1772954,70931176.00
2015/01/29,39.00,41.10,38.90,40.90,1191639,48305056.00
2015/01/30,40.79,41.20,38.51,39.00,2128742,84451808.00
2015/02/02,38.74,39.99,38.41,38.56,2172607,85368392.00
2015/02/03,38.59,39.35,38.59,38.92,1716017,66744228.00
2015/02/04,39.20,39.25,37.30,37.65,4462228,169586608.00
2015/02/05,38.20,39.00,37.70,38.96,3820301,147557920.00
2015/02/06,38.98,39.28,38.07,38.71,1370533,53177892.00
2015/02/09,38.00,38.60,37.32,37.81,2532849,95565080.00
2015/02/10,37.52,38.18,37.40,38.04,1008327,38229892.00
2015/02/11,38.25,39.39,38.04,38.78,2387379,92734696.00
2015/02/12,38.71,39.80,38.15,39.80,2145156,83497000.00
2015/02/13,41.01,43.40,41.00,41.56,3239654,135678096.00
2015/02/16,41.66,42.38,41.11,41.80,1931191,80497104.00
2015/02/17,41.81,43.30,41.18,43.08,2943800,124247392.00
2015/02/25,43.08,43.18,41.12,41.67,2016398,84878976.00
2015/02/26,41.57,41.94,41.05,41.53,1782381,73728760.00
2015/02/27,41.60,41.78,40.00,41.24,2595204,106395848.00
2015/03/02,41.23,42.27,41.03,42.26,2494784,103896768.00
2015/03/03,42.26,42.85,41.30,41.39,2021898,84690080.00
2015/03/04,41.30,42.60,40.40,41.63,2068680,86100304.00
2015/03/05,41.51,42.15,41.12,41.40,1330796,55280868.00
2015/03/06,41.50,41.99,40.58,40.80,1589532,65507144.00
2015/03/09,40.80,41.68,39.83,41.19,1280186,52132300.00
2015/03/10,41.00,41.66,40.99,41.44,803470,33273550.00
2015/03/11,41.40,42.95,41.30,42.00,1810974,76392488.00
2015/03/12,43.60,45.94,42.49,42.51,2424710,106731152.00
2015/03/13,42.00,45.30,41.90,45.05,2494192,110385312.00
2015/03/16,45.80,45.92,44.01,45.05,2454316,110456616.00
2015/03/17,45.09,45.48,44.55,45.01,1685877,75881696.00
2015/03/18,45.29,45.36,44.65,45.24,1986167,89389184.00
2015/03/19,45.30,45.80,44.80,45.45,2095073,94749056.00
2015/03/20,45.43,45.43,43.99,44.79,3591184,159106624.00
2015/03/23,44.65,44.77,43.41,44.20,6028598,265025824.00
2015/03/24,44.00,44.60,43.70,44.43,3119010,137764368.00
2015/03/25,44.38,44.50,43.00,44.28,4804236,209916192.00
2015/03/26,43.61,45.80,43.61,45.23,6231089,280511840.00
2015/03/27,45.28,45.50,44.07,44.81,3177224,142219904.00
2015/03/30,44.84,47.96,44.82,47.41,5121261,238068416.00
2015/03/31,48.80,51.00,47.99,48.65,6396684,316508704.00
2015/04/01,48.00,53.49,47.61,51.30,3257494,165429664.00
2015/04/02,51.10,51.49,49.71,50.20,3427065,172787440.00
2015/04/03,50.00,51.00,49.00,50.20,2445253,122591312.00
2015/04/07,50.24,52.20,50.22,51.47,3096876,158904960.00
2015/04/08,51.38,52.97,50.90,51.20,3300986,170486064.00
2015/04/09,52.00,52.90,49.00,52.59,3971971,201450176.00
2015/04/10,53.51,54.00,51.21,52.00,5058811,264237440.00
2015/04/13,52.40,53.00,51.00,51.86,3901658,201987200.00
2015/04/14,51.88,52.40,51.32,51.64,3513594,181958992.00
2015/04/15,51.64,51.75,49.15,50.30,2725147,137543696.00
2015/04/16,49.27,50.98,48.68,49.92,3393041,168419056.00
2015/04/17,50.30,50.62,49.81,50.18,2770114,139153952.00
2015/04/20,49.75,50.19,49.16,49.41,3919123,194190704.00
2015/04/21,49.41,51.50,48.68,50.94,3219575,161571952.00
2015/04/22,51.02,53.50,51.02,52.31,2654870,139445184.00
2015/04/23,52.71,55.81,52.50,55.08,4274946,232076832.00
2015/04/24,54.02,55.08,51.75,52.47,3240810,170922496.00
2015/04/27,52.45,53.01,51.50,52.59,2647594,137678256.00
2015/04/28,52.45,52.89,49.70,49.91,4709209,239875040.00
2015/04/29,49.95,52.24,49.49,50.90,2173743,110959072.00
2015/04/30,50.97,51.78,49.35,49.75,3436977,172967328.00
2015/05/04,50.11,51.20,50.11,50.89,2271256,115225320.00
2015/05/05,51.59,54.80,51.20,52.08,6632668,352084064.00
2015/05/06,52.40,54.50,51.21,51.75,3119423,164188864.00
2015/05/07,51.75,52.04,49.91,50.95,1925692,97747448.00
2015/05/08,51.50,54.80,51.45,54.62,4513055,238885648.00
2015/05/11,55.30,58.50,54.11,58.07,4980015,284107776.00
2015/05/12,57.73,59.29,57.00,57.92,3679619,213167184.00
2015/05/13,58.00,58.48,56.02,57.49,3270399,186755456.00
2015/05/14,37.98,37.98,36.00,37.50,5362894,197678944.00
2015/05/15,37.49,38.39,36.59,37.29,5250091,197397040.00
2015/05/18,37.80,37.85,35.75,36.05,7602427,277959840.00
2015/05/19,36.25,37.49,35.85,37.30,6587473,243034992.00
2015/05/20,37.30,38.88,37.03,38.09,7718761,294499552.00
2015/05/21,38.00,41.90,37.90,41.90,10805732,438509856.00
2015/05/22,43.00,43.50,40.03,41.71,8342067,347442688.00
2015/05/25,41.00,43.50,40.50,41.50,8965166,375454432.00
2015/05/26,41.89,43.49,41.42,42.70,7188362,305549056.00
2015/05/27,42.65,42.65,41.10,42.00,6279069,264337520.00
2015/05/28,41.99,42.99,41.06,41.06,6977327,294502976.00
2015/05/29,41.06,42.09,37.71,39.81,6418568,255193616.00
2015/06/01,40.00,42.01,39.30,41.80,7964242,328034400.00
2015/06/02,42.30,43.14,41.60,42.36,7520492,317831136.00
2015/06/03,42.44,42.99,39.88,41.00,9690027,399265120.00
2015/06/04,40.67,40.67,36.90,39.49,8502441,330251136.00
2015/06/05,39.77,40.99,39.09,40.99,10276278,411533600.00
2015/06/08,40.34,40.95,39.31,40.20,7535587,300129184.00
2015/06/09,40.00,41.00,39.78,40.18,6040629,243089664.00
2015/06/10,40.00,41.20,39.80,40.82,7440898,303091648.00
2015/06/11,40.84,43.00,40.84,43.00,11471893,483223520.00
2015/06/12,43.05,44.44,42.61,43.03,11803721,510716416.00
2015/06/15,43.00,45.16,42.60,44.59,11794010,518793600.00
2015/06/16,44.70,44.70,41.02,42.00,8034848,347869376.00
2015/06/17,42.60,42.65,39.30,42.40,6713260,277999744.00
2015/06/18,42.41,43.50,41.30,41.40,7006505,296669824.00
2015/06/19,41.98,43.31,39.51,39.70,12021788,500615744.00
2015/06/23,40.00,41.20,36.75,39.90,6381850,249056976.00
2015/06/24,40.30,40.95,39.11,40.55,4963902,199067264.00
2015/06/25,40.56,43.10,40.15,41.50,8623222,362537664.00
2015/06/26,40.00,41.43,37.35,37.35,8049948,310608704.00
2015/06/29,38.45,38.58,33.62,35.39,11857809,430856032.00
2015/06/30,34.87,38.48,34.00,38.36,7973593,291468832.00
2015/07/01,38.30,39.80,36.50,37.71,7808572,301432064.00
2015/07/02,37.71,38.68,36.10,37.00,7313347,275293152.00
2015/07/03,36.73,38.60,35.39,36.84,10551239,391680928.00
2015/07/06,36.68,40.48,33.16,36.70,12656510,449015616.00
2015/07/07,34.98,36.85,33.03,33.03,8234236,279483776.00
2015/07/08,34.98,36.85,33.03,33.03,0,0.00
2015/07/09,34.98,36.85,33.03,33.03,0,0.00
2015/07/10,34.98,36.85,33.03,33.03,0,0.00
2015/07/13,34.98,36.85,33.03,33.03,0,0.00
2015/07/14,36.33,36.33,36.33,36.33,468701,17027908.00
2015/07/15,39.96,39.96,34.00,35.40,13088638,491082112.00
2015/07/16,34.70,38.80,33.20,38.20,10570332,387736000.00
2015/07/17,38.07,40.84,38.01,40.26,8121646,321897984.00
2015/07/20,40.00,41.25,39.25,39.85,8583566,348120352.00
2015/07/21,39.19,41.52,38.88,41.52,5581681,226741232.00
2015/07/22,41.12,42.00,40.29,41.34,5534341,228372384.00
2015/07/23,42.10,42.94,40.90,42.30,6658469,280168064.00
2015/07/24,42.60,43.00,40.30,40.98,5918396,247322736.00
2015/07/27,40.06,41.04,37.50,37.95,9050567,357052832.00
2015/07/28,37.19,39.80,37.19,39.10,8645940,332484064.00
2015/07/29,39.50,39.94,37.01,39.00,5931134,228574992.00
2015/07/30,38.99,39.77,37.50,37.52,4360177,168703408.00
2015/07/31,36.80,38.96,36.80,38.86,5874563,225355600.00
2015/08/03,38.06,41.80,38.06,41.77,7920994,318193312.00
2015/08/04,41.46,42.41,40.63,42.22,8801081,366058976.00
2015/08/05,41.90,42.00,40.72,41.48,5358434,221445648.00
2015/08/06,40.64,41.58,40.51,40.60,3337810,136767472.00
2015/08/07,40.62,41.49,40.39,40.73,3126263,127899024.00
2015/08/10,40.85,43.33,40.81,42.80,6937411,291037952.00
2015/08/11,42.89,44.40,42.50,42.64,6256618,271331424.00
2015/08/12,41.90,44.97,41.50,41.70,6160534,264624720.00
2015/08/13,41.52,42.24,40.67,41.85,6613797,272686560.00
2015/08/14,41.85,42.15,40.86,40.99,4592892,189671744.00
2015/08/17,41.00,41.85,40.73,41.50,4282842,176836752.00
2015/08/18,41.25,42.28,38.00,38.69,6432976,261813504.00
2015/08/19,37.80,40.05,37.01,39.63,5766947,220809840.00
2015/08/20,39.00,42.00,39.00,39.53,5983396,241169088.00
2015/08/21,38.50,39.49,36.88,36.93,6794181,256506064.00
2015/08/24,35.10,35.99,33.24,34.00,9808949,335445568.00
2015/08/25,32.10,35.10,31.97,32.50,7844552,264343920.00
2015/08/26,33.85,35.29,31.15,34.09,6964101,236424816.00
2015/08/27,35.00,35.50,33.05,35.12,5349713,185202592.00
2015/08/28,35.20,36.80,34.50,36.46,6462782,228235696.00
2015/08/31,35.95,35.95,34.00,34.50,5476858,190530816.00
2015/09/01,34.00,34.78,33.00,33.75,4007919,135261088.00
2015/09/02,32.98,34.60,32.55,34.60,4228323,143089376.00
2015/09/07,34.67,36.30,34.31,34.60,3432028,121214000.00
2015/09/08,34.60,36.55,34.09,36.54,3344508,119403864.00
2015/09/09,36.60,37.48,36.11,36.98,3887101,144124608.00
2015/09/10,36.20,37.09,36.19,36.35,1545325,56571044.00
2015/09/11,36.35,36.72,35.70,35.93,1765609,63720488.00
2015/09/14,35.99,36.17,33.73,34.26,3356541,116300160.00
2015/09/15,33.91,34.70,33.66,34.44,1500747,51434652.00
2015/09/16,34.50,37.56,34.17,36.50,2544358,90888008.00
2015/09/17,36.50,38.17,36.12,36.12,2740884,101391648.00
2015/09/18,36.16,36.88,35.70,36.20,1024382,37039180.00
2015/09/21,36.00,37.32,35.58,37.13,2035323,75019688.00
2015/09/22,37.40,37.44,36.46,36.70,1393415,51487184.00
2015/09/23,36.78,37.20,36.30,36.64,1383739,50787196.00
2015/09/24,36.70,36.99,36.32,36.50,1248144,45773988.00
2015/09/25,36.49,36.68,35.05,35.45,2005461,72036200.00
2015/09/28,35.56,35.96,34.61,35.35,2333382,81682888.00
2015/09/29,34.88,37.25,34.80,36.50,3110283,112167344.00
2015/09/30,36.44,36.78,35.31,36.05,2826200,101769896.00
2015/10/08,36.98,37.30,36.19,37.15,5622876,207509792.00
2015/10/09,36.70,36.98,35.80,36.72,3621992,131648424.00
2015/10/12,36.23,38.05,36.21,37.86,8266499,308122880.00
2015/10/13,37.50,37.69,37.08,37.30,2932284,109615920.00
2015/10/14,37.05,38.10,36.68,36.70,3446031,129298192.00
2015/10/15,36.91,37.66,36.80,37.53,2980245,111221304.00
2015/10/16,37.60,38.00,37.10,37.63,3479265,130654096.00
2015/10/19,37.98,37.98,36.91,37.30,3365269,125706312.00
2015/10/20,37.19,37.44,36.81,37.38,3403818,126189728.00
2015/10/21,37.65,37.99,36.26,36.60,5765263,214395872.00
2015/10/22,37.00,39.47,36.52,39.10,8696714,328390336.00
2015/10/23,39.00,39.88,38.34,39.10,7220861,283843232.00
2015/10/26,39.55,39.82,38.75,39.69,4423423,174119712.00
2015/10/27,39.39,39.90,38.60,39.89,5022720,196621232.00
2015/10/28,39.69,40.09,38.12,38.35,3098320,121433864.00
2015/10/29,38.97,39.46,38.01,39.29,2772092,107314008.00
2015/10/30,39.00,40.91,38.70,39.96,3945837,157836672.00
2015/11/02,38.01,40.26,38.00,39.38,3188916,126620248.00
2015/11/03,39.18,39.80,38.53,38.90,1783102,69945264.00
2015/11/04,39.01,40.58,39.00,40.18,3057356,121742672.00
2015/11/05,39.70,40.00,39.11,39.40,4760692,188187888.00
2015/11/06,39.51,40.40,39.42,40.01,3545514,141627280.00
2015/11/09,40.00,41.59,39.93,41.32,5318187,217555632.00
2015/11/10,41.10,41.30,40.71,40.88,2570359,105254112.00
2015/11/11,40.70,41.55,40.70,41.50,3050885,126133344.00
2015/11/12,41.49,41.71,40.77,41.20,2029189,83443536.00
2015/11/13,41.00,41.67,40.89,41.00,1674452,68993080.00
2015/11/16,40.79,41.96,40.50,41.93,2341267,96336184.00
2015/11/17,41.99,42.10,40.88,40.89,4006571,165269232.00
2015/11/18,41.00,41.15,40.28,40.38,2918931,119390408.00
2015/11/19,40.35,41.22,39.80,41.18,2681171,107911080.00
2015/11/20,40.70,41.33,40.50,40.90,3108251,126717104.00
2015/11/23,40.50,42.30,40.31,40.78,7956696,328732768.00
2015/11/24,40.48,40.48,39.66,39.98,3979201,158825040.00
2015/11/25,39.66,40.36,39.10,39.90,4811775,192212384.00
2015/11/26,40.00,40.20,39.66,39.94,4056617,162055968.00
2015/11/27,39.93,39.96,38.50,38.83,4028134,158218640.00
2015/11/30,39.50,40.00,38.83,39.35,2939223,115788216.00
2015/12/01,39.35,41.14,39.00,40.46,3035844,121958568.00
2015/12/02,40.10,44.40,40.05,41.70,7906780,329231456.00
2015/12/03,41.70,41.90,40.10,41.00,4390627,179543904.00
2015/12/04,40.85,40.85,39.88,40.08,2689860,107925520.00
2015/12/07,40.00,40.00,39.10,39.53,3563079,140359744.00
2015/12/08,39.39,40.08,39.15,39.81,3170800,125954528.00
2015/12/09,39.90,40.72,39.68,40.00,2625893,105746216.00
2015/12/10,40.06,40.83,39.05,39.05,2194153,87538616.00
2015/12/11,39.50,39.89,39.04,39.20,1666287,65730604.00
2015/12/14,39.00,40.19,38.82,40.04,1703110,67677488.00
2015/12/15,39.90,40.30,39.88,40.13,1493191,59831124.00
2015/12/16,40.13,40.84,40.06,40.61,2910625,117824520.00
2015/12/17,40.85,41.35,40.48,41.20,2957999,121191144.00
2015/12/18,41.00,41.44,40.70,41.09,3012566,123201904.00
2015/12/21,41.00,43.00,40.60,42.00,4963273,207763424.00
2015/12/22,42.20,44.10,41.80,42.62,3652473,157035728.00
2015/12/23,42.31,43.70,41.87,43.49,3735452,160865472.00
2015/12/24,43.50,44.33,43.11,44.33,4189097,183536400.00
2015/12/25,44.60,46.20,43.50,43.88,3601484,161620976.00
2015/12/28,43.80,46.66,43.80,45.70,5206477,236649152.00
2015/12/29,45.43,47.19,44.88,45.95,4084565,188782128.00
2015/12/30,46.00,46.48,44.89,45.90,4355935,197909120.00
2015/12/31,45.76,45.98,44.33,44.95,3021165,135565408.00
2016/01/04,44.76,44.76,42.20,42.28,2119891,91544936.00
2016/01/05,41.68,44.33,41.01,43.79,5027182,217749744.00
2016/01/06,43.42,44.90,43.00,44.68,4634298,203788800.00
2016/01/07,43.62,44.00,40.93,41.18,700265,29767430.00
2016/01/08,42.13,44.00,41.22,43.21,4616450,197142752.00
2016/01/11,42.01,43.53,40.00,40.00,3682153,154874144.00
2016/01/12,40.70,41.00,39.20,39.27,4251321,169847632.00
2016/01/13,41.01,42.16,39.41,39.97,6508213,265644112.00
2016/01/14,39.00,42.00,38.77,41.80,4321888,174456480.00
2016/01/15,41.50,41.50,39.66,40.29,3923549,159077696.00
2016/01/18,39.77,40.99,39.34,40.05,3394553,136671904.00
2016/01/19,40.15,40.99,39.80,40.62,5248882,212241696.00
2016/01/20,40.60,40.79,39.81,40.15,2167447,87395696.00
2016/01/21,39.50,40.25,39.06,39.10,2395395,95137320.00
2016/01/22,39.34,39.99,38.42,39.12,2535392,99408304.00
2016/01/25,39.50,40.40,39.11,40.05,4116323,164329792.00
2016/01/26,39.89,40.15,37.88,38.01,2963920,116102000.00
2016/01/27,39.00,39.00,34.86,38.01,4246929,156185136.00
2016/01/28,37.18,38.88,37.18,37.50,3880568,148163104.00
2016/01/29,37.55,39.60,37.35,38.66,2369654,92027328.00
2016/02/01,38.90,39.39,38.68,39.15,1872528,73152328.00
2016/02/02,39.10,39.98,39.00,39.66,1457496,57819936.00
2016/02/03,39.81,41.69,39.66,40.70,3346380,135528736.00
2016/02/04,40.70,41.45,40.22,40.69,2005412,81959408.00
2016/02/05,40.80,42.80,40.80,41.66,3357392,140978816.00
2016/02/15,40.00,43.22,39.84,42.81,3966978,168772992.00
2016/02/16,42.99,43.40,42.65,43.19,3024878,130402808.00
2016/02/17,43.20,43.20,41.51,41.90,2810437,118339264.00
2016/02/18,41.90,42.08,41.20,41.49,2589572,107710176.00
2016/02/19,41.51,41.88,41.11,41.67,2136611,88439200.00
2016/02/22,42.08,44.19,42.08,43.00,6180031,265879856.00
2016/02/23,42.97,43.50,42.25,43.33,2800213,119785104.00
2016/02/24,43.25,43.56,42.52,43.50,3997395,172596192.00
2016/02/25,43.40,43.48,41.50,41.50,3203620,136313216.00
2016/02/26,41.62,42.88,41.44,42.00,3924363,165710432.00
2016/02/29,41.75,42.27,39.90,41.40,4998784,206299712.00
2016/03/01,41.36,43.10,40.51,43.10,4218418,178170416.00
2016/03/02,43.12,46.61,43.00,44.20,11990707,529275808.00
2016/03/03,43.59,44.40,43.00,43.11,4827865,210236368.00
2016/03/04,42.91,44.99,42.83,44.39,4699309,206631120.00
2016/03/07,44.52,44.90,43.89,44.55,3510689,155649184.00
2016/03/08,44.08,44.75,42.58,43.63,5323453,231685392.00
2016/03/09,43.06,43.50,42.18,42.71,2239290,95988504.00
2016/03/10,42.72,44.45,42.72,43.87,4837010,211853136.00
2016/03/11,43.38,44.79,43.38,44.70,3272907,144587728.00
2016/03/14,45.37,46.57,44.68,45.05,5804940,263279136.00
2016/03/15,44.60,45.69,44.28,45.50,2900276,130841904.00
2016/03/16,45.46,45.76,44.44,44.94,2518289,113187872.00
2016/03/17,44.89,45.40,44.38,45.38,3093524,138981216.00
2016/03/18,45.20,46.24,45.01,45.90,4147729,189625120.00
2016/03/21,46.01,46.64,45.39,45.76,4682366,213930240.00
2016/03/22,45.72,45.72,44.15,44.63,3901586,174542208.00
2016/03/23,44.63,44.95,44.30,44.75,1709759,76262216.00
2016/03/24,44.69,44.75,44.00,44.25,2754458,122021224.00
2016/03/25,44.24,44.56,44.10,44.44,1528656,67851864.00
2016/03/28,44.44,45.00,43.77,43.91,2663309,118299944.00
2016/03/29,43.82,44.68,43.51,44.53,2959461,130503872.00
2016/03/30,44.58,46.50,44.57,46.50,5391901,246292368.00
2016/03/31,46.90,46.90,45.67,45.99,3506658,161510432.00
2016/04/01,45.80,45.82,45.10,45.28,2374167,107752800.00
2016/04/05,44.99,46.50,44.99,46.15,1986501,91551112.00
2016/04/06,46.16,46.35,45.18,45.70,3782402,172540160.00
2016/04/07,45.60,49.47,45.26,48.05,6972666,329336384.00
2016/04/08,47.00,49.47,46.35,48.12,5858434,280868832.00
2016/04/11,48.10,50.48,47.58,49.50,6129171,301300032.00
2016/04/12,49.03,51.85,48.30,50.00,6153487,309296832.00
2016/04/13,50.00,51.25,48.88,49.00,6002986,301052672.00
2016/04/14,48.70,49.48,48.42,49.22,2833041,138577712.00
2016/04/15,48.88,49.27,48.20,48.57,2530142,122676664.00
2016/04/18,48.56,49.08,48.08,48.80,2246198,109021808.00
2016/04/19,48.99,50.18,48.44,49.98,3617024,178712800.00
2016/04/20,50.05,50.45,47.50,48.60,5438888,263000224.00
2016/04/21,48.31,49.93,48.16,48.79,3436637,168791968.00
2016/04/22,48.61,53.45,48.57,52.81,7844618,399866784.00
2016/04/25,52.13,52.19,50.17,50.70,6956355,354247392.00
2016/04/26,50.60,51.25,50.00,50.22,4075101,205190208.00
2016/04/27,50.58,51.50,50.00,50.50,4369518,221927632.00
2016/04/28,50.31,51.50,50.00,51.14,3281818,166576656.00
2016/04/29,51.09,52.30,50.70,51.45,4456495,230681760.00
2016/05/03,51.31,53.50,51.01,53.30,4801807,253837856.00
2016/05/04,53.88,53.88,52.38,52.75,2756197,145612768.00
2016/05/05,52.40,53.59,52.40,53.19,2071239,109698624.00
2016/05/06,53.00,53.19,50.50,50.98,5859825,301300192.00
2016/05/09,50.48,50.97,49.48,50.25,3422120,171975488.00
2016/05/10,50.00,52.05,49.90,51.53,3375126,172381456.00
2016/05/11,51.50,52.98,51.16,51.27,3527970,184091184.00
2016/05/12,50.30,51.28,50.00,51.15,2206408,111888944.00
2016/05/13,51.28,52.35,51.08,52.02,2768605,143489696.00
2016/05/16,51.76,52.37,50.98,52.29,2806543,145144176.00
2016/05/17,52.01,52.29,51.50,51.72,1956784,101311864.00
2016/05/18,51.51,51.51,50.05,50.59,2238557,113515168.00
2016/05/19,50.90,51.17,49.62,49.67,2780051,140188496.00
2016/05/20,49.00,49.95,48.70,49.30,3120404,153483376.00
2016/05/23,49.30,50.21,49.20,49.35,1844148,91569632.00
2016/05/24,49.40,49.49,48.15,48.90,2338870,114104224.00
2016/05/25,49.09,49.50,48.30,48.52,2736280,133697592.00
2016/05/26,48.93,49.68,48.50,49.67,3289342,161275424.00
2016/05/27,49.66,50.26,49.34,49.53,1726677,85968840.00
2016/05/30,49.30,50.22,48.57,50.00,2301514,114361512.00
2016/05/31,49.91,51.20,49.91,51.18,2850387,145089520.00
2016/06/01,51.60,52.50,51.10,51.30,3550652,184207008.00
2016/06/02,33.46,34.00,33.01,33.30,4305229,143644128.00
2016/06/03,33.40,34.30,33.21,33.75,4891423,165538880.00
2016/06/06,33.97,34.68,33.61,34.49,4880889,167324992.00
2016/06/07,34.59,34.75,34.07,34.21,3531705,121293512.00
2016/06/08,34.21,35.29,34.00,35.05,5442602,189615008.00
2016/06/13,34.53,36.11,34.53,35.35,7046214,250357296.00
2016/06/14,35.16,37.00,34.90,36.91,8812859,321567456.00
2016/06/15,36.91,36.91,36.91,36.91,0,0.00
