Date, 002768.Open, 002768.High, 002768.Low, 002768.Close, 002768.Volume, 002768.Adjusted
2015/06/30,22.86,25.16,22.86,25.16,18901,475541.88
2015/07/01,27.68,27.68,27.68,27.68,4500,124560.00
2015/07/02,30.45,30.45,30.45,30.45,17400,529830.00
2015/07/03,33.50,33.50,33.50,33.50,311505,10435418.00
2015/07/06,36.85,36.85,36.85,36.85,376705,13881579.00
2015/07/07,36.85,36.90,33.17,33.17,10828066,374363712.00
2015/07/08,29.85,29.85,29.85,29.85,667300,19918904.00
2015/07/09,26.87,32.84,26.87,32.84,8582681,260304144.00
2015/07/10,36.12,36.12,34.00,36.12,2215237,79827608.00
2015/07/13,39.73,39.73,39.73,39.73,493411,19603220.00
2015/07/14,43.59,43.70,41.44,43.70,4514812,196239072.00
2015/07/15,44.00,47.00,39.33,39.40,9525883,400479008.00
2015/07/16,38.00,42.08,35.46,40.70,6404628,253051104.00
2015/07/17,40.70,44.59,38.91,43.56,5543524,231537600.00
2015/07/20,42.09,43.32,39.50,40.39,5044673,210019760.00
2015/07/21,39.00,41.98,38.63,41.50,3712391,152417280.00
2015/07/22,41.71,45.50,41.01,43.66,5860791,254223696.00
2015/07/23,42.71,48.03,42.10,48.03,4888961,221029312.00
2015/07/24,51.00,52.83,48.71,49.18,8724850,444498592.00
2015/07/27,46.10,50.85,44.26,44.26,5333961,256481280.00
2015/07/28,40.30,46.48,39.83,41.70,5488197,229251424.00
2015/07/29,43.02,45.87,39.88,45.87,5155691,220714848.00
2015/07/30,46.50,50.46,45.00,48.22,8571328,418786400.00
2015/07/31,46.00,53.04,45.22,53.04,9513855,484472704.00
2015/08/03,53.99,58.34,51.26,58.34,9697550,533456576.00
2015/08/04,58.00,60.87,52.51,53.50,9478581,515363328.00
2015/08/05,50.37,57.70,50.37,54.79,7376552,401698304.00
2015/08/06,52.99,53.99,49.41,50.10,5113720,261696784.00
2015/08/07,50.11,52.00,48.70,50.51,3825997,193563392.00
2015/08/10,50.90,53.15,49.70,52.71,3983263,206484512.00
2015/08/11,52.80,55.99,52.22,54.79,4337231,236721392.00
2015/08/12,54.50,54.75,50.70,50.71,4023064,211816432.00
2015/08/13,49.70,51.60,48.78,51.23,2988222,150063792.00
2015/08/14,51.90,52.49,50.05,51.21,2593711,132752568.00
2015/08/17,50.33,50.98,47.56,47.64,2787616,135887296.00
2015/08/18,48.05,49.80,42.98,44.15,2890540,135490288.00
2015/08/19,42.40,46.80,41.44,46.00,2846036,125039744.00
2015/08/20,45.28,45.93,42.29,42.60,1832790,81121024.00
2015/08/21,41.92,43.12,40.01,40.37,1924670,80262912.00
2015/08/24,38.50,39.78,36.33,36.33,1911413,70476216.00
2015/08/25,32.86,39.30,32.86,33.96,3530358,124721992.00
2015/08/26,35.00,37.36,34.11,37.36,4840168,177548656.00
2015/08/27,39.00,40.89,36.10,39.22,6067681,232294256.00
2015/08/28,38.47,41.87,37.53,40.72,5210129,203500944.00
2015/08/31,39.01,39.59,36.65,36.65,2910719,111441904.00
2015/09/01,35.70,35.79,32.99,32.99,2754804,93906720.00
2015/09/02,31.48,34.95,30.57,32.00,2478651,82186024.00
2015/09/07,33.17,34.50,32.50,33.50,2079660,69682896.00
2015/09/08,33.34,36.66,32.88,36.60,3280229,115497792.00
2015/09/09,36.00,38.47,36.00,37.31,3503362,131330000.00
2015/09/10,36.01,36.95,35.20,35.40,2261199,81535328.00
2015/09/11,35.42,36.45,35.11,35.97,1433453,51341984.00
2015/09/14,36.06,37.80,33.50,37.80,4380995,157495328.00
2015/09/15,36.30,38.98,35.00,38.18,3294384,122774432.00
2015/09/16,38.19,41.89,38.10,41.52,4733146,190079888.00
2015/09/17,41.20,41.53,38.77,38.77,4533653,182375968.00
2015/09/18,38.77,39.55,37.88,38.40,2346623,90782144.00
2015/09/21,38.00,41.55,37.71,40.39,3003591,118950792.00
2015/09/22,40.20,40.37,38.60,39.23,2465585,97514200.00
2015/09/23,38.78,40.20,38.28,39.20,2134706,83981800.00
2015/09/24,39.20,40.30,38.85,39.25,2108600,83408480.00
2015/09/25,39.05,39.85,36.19,37.76,2098224,79964752.00
2015/09/28,37.45,38.60,37.01,38.50,1442477,54929652.00
2015/09/29,37.58,37.95,36.85,37.00,1318846,49338168.00
2015/09/30,37.05,37.55,36.35,37.30,1245063,46006024.00
2015/10/08,39.71,39.71,38.00,38.82,1745328,67927128.00
2015/10/09,38.55,41.20,38.20,41.10,2824232,112474928.00
2015/10/12,41.78,44.09,41.70,43.46,4461310,190645280.00
2015/10/13,42.60,43.01,42.20,42.90,2640397,112468408.00
2015/10/14,42.65,43.80,42.40,43.11,3134028,135339360.00
2015/10/15,42.99,44.29,42.81,44.19,3176152,138738016.00
2015/10/16,44.30,44.30,42.60,43.73,3138775,135996624.00
2015/10/19,43.59,43.59,42.03,42.60,2303282,98669432.00
2015/10/20,42.60,44.08,42.51,44.05,2916517,126976944.00
2015/10/21,44.90,45.98,39.91,40.22,4230497,184577888.00
2015/10/22,40.01,41.65,39.70,41.28,2651684,107965376.00
2015/10/23,41.21,42.40,41.04,42.26,2383055,99780648.00
2015/10/26,42.80,43.19,42.30,43.00,2505209,107019112.00
2015/10/27,42.50,43.67,41.20,43.53,2087603,88559032.00
2015/10/28,43.54,43.87,42.33,42.42,2290968,98776408.00
2015/10/29,42.62,43.50,42.22,42.89,1599099,68654120.00
2015/10/30,42.95,44.88,41.83,43.79,2803732,122146496.00
2015/11/02,43.00,47.28,42.58,45.20,4174992,190466400.00
2015/11/03,45.00,48.48,44.86,48.10,4217949,197618352.00
2015/11/04,48.40,50.10,47.32,49.41,4695887,228079904.00
2015/11/05,48.95,50.66,48.22,48.52,3252542,159682416.00
2015/11/06,48.61,51.48,48.61,51.48,2903507,145293520.00
2015/11/09,50.98,55.26,50.06,53.75,3788715,200336160.00
2015/11/10,53.68,55.00,51.67,54.01,3296562,175647456.00
2015/11/11,53.60,59.41,53.60,59.41,3410324,196121968.00
2015/11/12,62.10,64.00,59.51,61.90,4797487,295530336.00
2015/11/13,60.00,60.49,55.71,55.71,4198002,241072896.00
2015/11/16,53.75,57.35,53.13,56.40,3021188,168079968.00
2015/11/17,56.85,57.95,53.50,53.91,3410586,192243936.00
2015/11/18,53.40,54.42,51.00,51.38,2706013,141915520.00
2015/11/19,52.00,55.20,51.89,55.15,2189310,116551192.00
2015/11/20,55.80,58.77,55.16,58.58,3973483,226398784.00
2015/11/23,57.49,59.88,56.11,56.87,3224405,186215072.00
2015/11/24,57.26,62.56,57.04,62.56,4128501,250176736.00
2015/11/25,64.56,66.50,61.71,62.80,5233082,333119520.00
2015/11/26,63.00,65.48,61.50,63.11,3887354,247035248.00
2015/11/27,62.13,63.86,58.69,60.04,3358293,206355216.00
2015/11/30,60.58,65.97,60.01,65.62,3940259,246569536.00
2015/12/01,64.81,66.97,60.21,62.85,3727981,239436400.00
2015/12/02,61.20,62.88,58.00,61.65,2291499,139006624.00
2015/12/03,62.50,65.50,62.00,64.99,3100552,198281440.00
2015/12/04,64.90,65.60,61.70,63.40,3097852,198150880.00
2015/12/07,63.15,63.94,60.89,61.93,2033986,125817504.00
2015/12/08,62.02,63.93,61.50,62.03,2239428,140103840.00
2015/12/09,62.03,62.03,58.20,58.90,2517444,150302768.00
2015/12/10,59.05,59.45,57.43,57.65,1704986,99078272.00
2015/12/11,57.65,58.44,57.50,57.51,1093595,63347140.00
2015/12/14,56.58,60.48,56.00,60.25,1537255,90093624.00
2015/12/15,60.00,60.20,59.50,59.68,1273030,76157408.00
2015/12/16,60.02,62.00,60.00,60.30,1413457,86029480.00
2015/12/17,61.01,62.99,60.71,62.88,2324940,143601344.00
2015/12/18,62.65,62.65,60.45,60.84,1789138,109709808.00
2015/12/21,60.85,61.37,59.68,61.37,1340178,81158568.00
2015/12/22,61.50,62.93,61.02,62.20,1510156,93910736.00
2015/12/23,62.99,68.42,62.98,68.42,5271009,353793472.00
2015/12/24,68.48,68.70,65.81,67.41,4103058,276500160.00
2015/12/25,67.45,69.75,65.46,66.54,3111771,210409920.00
2015/12/28,66.29,66.88,63.40,63.46,2387630,155688576.00
2015/12/29,63.04,66.27,63.00,66.15,2084700,135962400.00
2015/12/30,66.10,66.10,64.41,65.10,1433745,93158840.00
2015/12/31,65.11,67.93,63.25,63.96,2121021,140588688.00
2016/01/04,64.65,66.50,57.80,58.82,2946501,190340016.00
2016/01/05,64.70,64.70,63.01,64.70,2281364,147306896.00
2016/01/06,66.66,71.17,65.80,71.17,7891377,549232064.00
2016/01/07,72.18,74.88,65.65,67.03,3195471,231231600.00
2016/01/08,70.00,73.73,68.88,73.73,4965065,356961760.00
2016/01/11,75.94,78.80,66.36,66.36,8771105,626485184.00
2016/01/12,61.80,66.36,59.72,59.72,4974572,306791392.00
2016/01/13,60.00,64.00,59.75,61.98,4307801,268708096.00
2016/01/14,58.01,65.17,57.21,63.54,3645757,223395856.00
2016/01/15,62.79,64.00,57.19,58.00,3248935,196768464.00
2016/01/18,56.00,61.96,55.20,59.34,2952101,174873600.00
2016/01/19,59.52,63.00,58.30,63.00,3283749,199074464.00
2016/01/20,62.88,69.30,62.04,66.73,5455001,364808128.00
2016/01/21,64.93,68.88,62.00,62.12,4353597,287079616.00
2016/01/22,63.46,68.33,63.34,68.33,6065624,406317056.00
2016/01/25,71.00,71.80,68.02,71.70,5678417,396542016.00
2016/01/26,69.96,70.48,64.57,65.30,4195845,285540096.00
2016/01/27,65.00,69.82,61.00,69.45,5318010,352514624.00
2016/01/28,67.30,68.94,62.51,62.51,3935358,258899280.00
2016/01/29,60.68,66.80,59.01,66.45,3659760,232745152.00
2016/02/01,64.88,68.47,63.28,65.76,2655124,175037216.00
2016/02/02,65.95,70.36,65.65,69.70,4091787,279908384.00
2016/02/03,68.16,69.29,65.50,68.00,3150469,213195968.00
2016/02/04,67.88,71.56,67.88,69.40,3595940,251912048.00
2016/02/05,69.56,70.00,65.00,65.11,2901788,194370672.00
2016/02/15,61.00,65.33,61.00,65.30,1888572,119780352.00
2016/02/16,65.55,69.67,65.50,68.01,2580308,175076992.00
2016/02/17,67.90,74.33,67.00,73.00,4474449,313525792.00
2016/02/18,72.90,80.30,70.83,77.00,6071650,459747968.00
2016/02/19,76.00,77.78,75.00,76.03,3493753,266638256.00
2016/02/22,77.00,79.80,76.55,79.02,3333148,259687664.00
2016/02/23,79.00,83.60,78.11,82.49,4623630,376830976.00
2016/02/24,81.10,81.45,74.24,76.80,5007105,384459808.00
2016/02/25,76.00,76.01,69.12,69.12,3555889,254408896.00
2016/02/26,70.20,71.49,67.88,69.00,2568768,179519392.00
2016/02/29,68.00,68.78,62.32,63.99,2612492,167014432.00
2016/03/01,64.24,69.00,63.44,67.88,2907897,192473904.00
2016/03/02,67.60,72.81,67.03,70.96,3027393,213828816.00
2016/03/03,70.38,71.55,68.84,68.84,2547324,178315472.00
2016/03/04,67.58,67.97,62.04,62.50,3008895,194431888.00
2016/03/07,64.00,65.88,63.55,64.42,1564373,101234440.00
2016/03/08,63.90,64.00,58.88,63.68,1997398,122286448.00
2016/03/09,61.60,63.33,61.00,61.70,1131264,70285728.00
2016/03/10,62.00,67.85,61.80,65.30,3426454,224852928.00
2016/03/11,64.50,69.10,64.44,68.59,3027672,204187936.00
2016/03/14,68.00,75.45,67.96,73.40,4318467,316785024.00
2016/03/15,73.95,76.50,70.52,74.94,3675897,270929344.00
2016/03/16,73.85,76.99,67.58,69.75,4633408,331729536.00
2016/03/17,69.42,76.49,68.00,74.85,4360962,315809600.00
2016/03/18,74.87,81.90,73.87,80.00,5064408,393158016.00
2016/03/21,80.60,86.40,79.00,85.00,4417211,360948928.00
2016/03/22,83.00,90.41,82.61,85.30,4634162,399994080.00
2016/03/23,84.99,93.78,84.10,93.40,5532298,491272160.00
2016/03/24,94.90,102.69,93.00,98.15,7007889,687471424.00
2016/03/25,98.00,99.78,91.00,92.71,4355676,411648384.00
2016/03/28,94.00,101.98,94.00,101.98,5868765,584673920.00
2016/03/29,103.21,105.00,92.00,99.45,7033682,691362560.00
2016/03/30,33.50,36.39,33.00,36.39,22294622,792300096.00
2016/03/31,39.00,40.03,38.50,40.03,8257386,324840320.00
2016/04/01,43.00,44.00,36.88,39.10,37363117,1539227776.00
2016/04/05,43.00,44.00,36.88,39.10,0,0.00
2016/04/06,43.00,44.00,36.88,39.10,0,0.00
2016/04/07,43.00,44.00,36.88,39.10,0,0.00
2016/04/08,43.00,44.00,36.88,39.10,0,0.00
2016/04/11,36.99,38.60,35.77,36.60,19642109,727382080.00
2016/04/12,36.91,37.58,34.00,35.00,15796714,556530496.00
2016/04/13,35.00,36.44,34.66,34.98,14399908,507729440.00
2016/04/14,34.90,35.15,33.82,34.91,13152086,451860480.00
2016/04/15,34.97,34.99,33.88,34.05,9723489,332102624.00
2016/04/18,34.06,34.90,33.00,34.30,10174104,348229760.00
2016/04/19,34.45,34.84,33.61,34.09,7206572,245889712.00
2016/04/20,34.39,34.49,30.68,30.68,12349346,395142528.00
2016/04/21,30.00,30.20,28.47,28.55,10173101,300332544.00
2016/04/22,28.60,31.41,28.60,31.41,15075800,464435744.00
2016/04/25,31.20,31.20,29.29,30.22,10266734,309786688.00
2016/04/26,30.18,33.05,29.89,31.90,15805483,506170368.00
2016/04/27,31.26,33.30,31.00,31.80,12222770,394215136.00
2016/04/28,31.80,31.80,30.18,31.28,8284516,254866336.00
2016/04/29,30.79,31.20,30.12,30.13,6634635,202076944.00
2016/05/03,30.15,31.04,29.28,30.71,6992567,212555968.00
2016/05/04,30.51,31.15,30.24,30.51,6613132,202945936.00
2016/05/05,30.01,31.99,30.01,31.69,11440753,356434528.00
2016/05/06,31.70,31.70,29.50,29.70,10510626,321909472.00
2016/05/09,29.50,29.50,27.08,27.40,6262917,174297984.00
2016/05/10,27.42,28.44,27.42,27.81,4575957,127594920.00
2016/05/11,28.30,28.45,27.04,27.80,5362718,148437120.00
2016/05/12,27.08,28.09,26.04,27.76,5901907,159703568.00
2016/05/13,27.77,28.10,27.10,27.28,4089967,113065296.00
2016/05/16,27.28,27.59,27.00,27.54,3805709,104129896.00
2016/05/17,27.35,28.59,27.05,28.20,7897081,220934192.00
2016/05/18,27.47,28.28,26.98,27.10,4858825,133019096.00
2016/05/19,27.39,27.75,27.00,27.11,3915268,107229000.00
2016/05/20,26.50,27.18,26.30,26.95,3359477,90041600.00
2016/05/23,27.11,27.85,26.96,27.45,5113646,140032704.00
2016/05/24,27.09,27.59,26.71,26.77,3496085,94337000.00
2016/05/25,27.39,27.43,26.76,26.91,3403934,92317872.00
2016/05/26,26.75,27.15,26.09,27.01,3899831,103771424.00
2016/05/27,26.70,27.25,26.67,26.84,3044790,81972768.00
2016/05/30,26.80,27.62,26.20,27.08,4131437,111928808.00
2016/05/31,26.97,28.43,26.97,28.17,7296241,202652640.00
2016/06/01,28.24,30.00,27.83,29.55,10149076,293653408.00
2016/06/02,29.27,32.30,29.09,32.30,12918207,396149632.00
2016/06/03,32.01,33.39,31.20,32.36,14769528,478872640.00
2016/06/06,32.30,32.35,31.05,31.18,7538373,238774432.00
2016/06/07,31.19,32.00,31.18,31.45,5801534,182550288.00
2016/06/08,31.45,31.45,30.13,30.45,6028557,184387376.00
2016/06/13,29.70,30.95,28.41,28.44,6083787,181432256.00
2016/06/14,28.00,29.16,27.90,28.96,4560062,130441744.00
2016/06/15,28.96,28.96,28.96,28.96,0,0.00
