Date, 002349.Open, 002349.High, 002349.Low, 002349.Close, 002349.Volume, 002349.Adjusted
2010/02/03,23.50,27.99,22.68,25.15,12334918,301154240.00
2010/02/04,23.80,26.28,23.16,25.30,7573668,186428704.00
2010/02/05,24.91,27.55,24.91,26.87,7099687,187575216.00
2010/02/08,26.88,27.50,26.08,27.20,4298585,115148832.00
2010/02/09,26.73,27.00,25.23,25.68,3180055,83101464.00
2010/02/10,25.79,27.83,25.40,27.53,3392308,90520632.00
2010/02/11,27.15,28.59,26.95,27.60,3648515,101270888.00
2010/02/12,27.35,28.08,26.82,27.61,2224542,60999684.00
2010/02/22,27.38,27.48,26.50,26.69,2139060,57555836.00
2010/02/23,26.50,28.18,26.39,28.01,2580061,70204848.00
2010/02/24,27.63,29.48,27.56,29.30,3314285,95016128.00
2010/02/25,29.29,29.97,28.91,29.15,2569189,75253200.00
2010/02/26,28.89,30.20,28.89,29.30,2307303,68331904.00
2010/03/01,29.38,30.50,29.15,30.18,1917093,57294060.00
2010/03/02,30.17,30.84,29.80,30.53,1621984,48949584.00
2010/03/03,30.08,30.55,29.80,29.98,1297661,38952312.00
2010/03/04,29.90,30.10,27.83,28.27,2522967,73121496.00
2010/03/05,28.31,28.96,27.93,28.40,1425202,40475656.00
2010/03/08,28.37,28.65,28.06,28.62,1189612,33786892.00
2010/03/09,28.45,28.49,27.68,27.93,1392668,38981304.00
2010/03/10,27.91,28.84,27.91,28.30,1339893,38111660.00
2010/03/11,28.18,28.37,27.08,27.94,1427516,39534096.00
2010/03/12,27.80,28.62,27.67,28.20,1700509,48116264.00
2010/03/15,28.06,28.29,27.48,27.95,797981,22258616.00
2010/03/16,27.30,27.65,26.81,27.20,1920090,52155616.00
2010/03/17,27.16,27.61,26.95,27.60,1050704,28803658.00
2010/03/18,27.70,27.70,27.11,27.29,924800,25329196.00
2010/03/19,27.32,28.14,27.05,27.98,1087379,29918760.00
2010/03/22,27.88,28.10,27.58,27.90,720328,20014720.00
2010/03/23,27.90,28.33,27.80,27.90,899057,25197536.00
2010/03/24,27.93,28.60,27.60,28.41,1314246,37004488.00
2010/03/25,28.21,29.28,28.12,28.74,1796239,51835700.00
2010/03/26,28.41,28.90,28.00,28.70,919357,26115298.00
2010/03/29,28.35,28.86,28.10,28.40,945910,26840656.00
2010/03/30,28.50,29.97,28.32,29.64,2180216,64281364.00
2010/03/31,30.00,32.60,29.90,32.60,2615476,83272368.00
2010/04/01,33.50,33.80,31.96,32.65,4503335,148305168.00
2010/04/02,32.25,32.78,31.60,32.49,1924547,61781064.00
2010/04/06,32.40,32.48,31.35,31.84,1745430,55646328.00
2010/04/07,32.40,32.48,31.35,31.84,0,0.00
2010/04/08,32.00,33.80,31.99,32.30,2677058,88306776.00
2010/04/09,31.87,32.40,31.61,32.10,1255011,40039584.00
2010/04/12,32.10,33.52,31.98,33.27,1964640,64964644.00
2010/04/13,33.10,34.70,30.01,31.97,2226423,72417264.00
2010/04/14,31.96,32.37,31.21,32.27,950305,30417070.00
2010/04/15,32.30,32.40,30.10,30.23,1420469,43967672.00
2010/04/16,29.70,30.57,29.70,30.31,547885,16611363.00
2010/04/19,30.10,30.60,29.01,29.16,936905,28024528.00
2010/04/20,29.21,31.80,28.72,31.00,1166681,34889764.00
2010/04/21,31.25,32.70,30.70,32.48,1500675,48061852.00
2010/04/22,32.47,33.28,32.00,32.41,1422913,46695056.00
2010/04/23,32.41,35.60,32.03,35.50,2830816,95785688.00
2010/04/26,35.10,36.10,34.00,35.77,2106495,74646424.00
2010/04/27,35.00,35.46,32.21,33.31,1749129,58834724.00
2010/04/28,32.71,33.89,31.60,32.63,911364,30046674.00
2010/04/29,32.81,33.60,31.80,31.97,901766,29719472.00
2010/04/30,31.51,31.66,28.77,29.93,1481753,44333568.00
2010/05/04,29.00,29.85,28.31,29.24,2589188,75297528.00
2010/05/05,28.70,30.68,28.51,30.46,1952505,58681040.00
2010/05/06,30.30,31.31,29.78,29.82,1789705,54676424.00
2010/05/07,28.88,31.20,28.60,30.75,2013548,61233072.00
2010/05/10,30.88,30.89,29.01,30.71,1763565,52972232.00
2010/05/11,30.91,32.30,30.72,32.07,2734607,86742896.00
2010/05/12,31.80,32.20,28.90,29.90,2021825,61809764.00
2010/05/13,29.55,30.42,27.28,30.39,1724587,49463840.00
2010/05/14,29.70,31.33,29.02,30.50,1437504,43793592.00
2010/05/17,30.05,31.09,29.68,29.68,1542541,46736764.00
2010/05/18,29.20,30.80,27.80,29.90,1396687,40457624.00
2010/05/19,29.60,31.20,29.04,30.60,1699199,51846084.00
2010/05/20,30.60,31.17,29.73,30.20,1531187,46623572.00
2010/05/21,29.12,30.98,29.00,30.90,1166555,35326208.00
2010/05/24,30.82,32.50,30.82,32.10,1882080,59968000.00
2010/05/25,31.80,33.15,31.70,33.08,2331861,75885216.00
2010/05/26,33.01,33.39,32.18,32.60,1520888,49993640.00
2010/05/27,32.51,33.59,31.80,33.59,1662579,54426840.00
2010/05/28,32.51,33.59,31.80,33.59,0,0.00
2010/05/31,33.60,34.88,32.20,32.30,2651165,89894960.00
2010/06/01,32.00,32.69,30.80,31.50,2000778,63507444.00
2010/06/02,31.20,31.49,30.40,31.40,1105261,34201280.00
2010/06/03,31.60,32.10,31.19,31.20,1565228,49618484.00
2010/06/04,31.30,31.30,30.20,31.28,1011237,31130342.00
2010/06/07,30.50,32.00,30.28,32.00,1619205,51188780.00
2010/06/08,31.85,32.58,31.85,32.40,2103728,67934024.00
2010/06/09,32.41,33.29,32.10,32.80,1885059,61553132.00
2010/06/10,32.58,33.89,32.51,33.31,1788085,59397316.00
2010/06/11,33.60,33.90,32.85,33.05,1392423,46253816.00
2010/06/17,33.20,33.57,31.07,31.17,1527429,49087972.00
2010/06/18,30.32,30.80,28.05,28.80,2001519,59084328.00
2010/06/21,28.50,29.65,28.00,29.35,896259,25772928.00
2010/06/22,28.99,29.70,28.95,29.40,583843,17197562.00
2010/06/23,29.06,29.81,29.00,29.50,433558,12739566.00
2010/06/24,29.50,30.00,29.49,29.61,406826,12092679.00
2010/06/25,29.47,29.75,28.68,28.88,519632,15141382.00
2010/06/28,28.88,29.25,28.08,28.16,489670,13977402.00
2010/06/29,28.15,28.27,26.00,26.00,1380513,37113664.00
2010/06/30,25.70,26.25,25.01,26.10,677011,17291856.00
2010/07/01,26.10,26.25,25.21,25.29,422331,10855078.00
2010/07/02,25.29,25.38,23.48,24.52,847972,20602524.00
2010/07/05,24.37,24.90,23.81,24.68,497358,12168714.00
2010/07/06,24.64,25.55,24.30,25.44,661090,16668027.00
2010/07/07,25.06,25.75,25.06,25.65,498933,12730625.00
2010/07/08,25.62,25.96,25.16,25.45,420500,10744599.00
2010/07/09,25.28,26.58,25.26,26.49,694119,18161784.00
2010/07/12,26.50,27.00,26.30,26.52,606446,16164971.00
2010/07/13,26.50,26.50,25.63,26.00,470029,12202618.00
2010/07/14,26.15,26.93,26.03,26.14,576873,15206774.00
2010/07/15,26.12,26.58,25.60,25.60,417551,10903473.00
2010/07/16,25.49,25.98,25.13,25.98,318811,8155784.50
2010/07/19,25.78,26.60,25.60,26.40,464583,12223479.00
2010/07/20,26.54,27.09,26.40,27.05,1202199,32189820.00
2010/07/21,27.09,27.20,26.66,26.82,800776,21552434.00
2010/07/22,26.84,27.10,26.73,27.04,569862,15370899.00
2010/07/23,27.08,27.15,26.50,26.90,1897928,50923752.00
2010/07/26,26.95,27.59,26.80,27.39,1394124,38064144.00
2010/07/27,27.40,27.40,27.09,27.17,625751,17022990.00
2010/07/28,27.18,27.72,27.01,27.60,790995,21755762.00
2010/07/29,27.60,27.99,27.39,27.80,1085455,30017266.00
2010/07/30,28.00,28.00,26.82,27.00,1227956,33431570.00
2010/08/02,26.87,27.50,26.80,27.40,1157380,31511002.00
2010/08/03,27.40,28.16,27.16,27.65,1577927,43475472.00
2010/08/04,27.48,27.69,26.98,27.53,951345,26053268.00
2010/08/05,27.50,28.80,27.50,28.17,2160456,60683332.00
2010/08/06,28.26,29.79,28.02,29.38,1884827,54229224.00
2010/08/09,29.36,29.44,29.00,29.34,1537689,44846680.00
2010/08/10,29.29,29.49,27.95,27.95,1202169,34581996.00
2010/08/11,27.99,28.64,27.75,28.63,766707,21657326.00
2010/08/12,28.10,29.15,28.09,28.52,1104345,31643098.00
2010/08/13,28.48,29.03,28.28,28.92,716373,20558410.00
2010/08/16,28.82,29.98,28.82,29.50,1434765,42468992.00
2010/08/17,29.50,30.68,29.09,30.60,2416694,72868056.00
2010/08/18,30.46,31.68,30.25,31.40,3522935,109525696.00
2010/08/19,31.05,31.27,30.60,30.87,1751499,54130964.00
2010/08/20,30.87,31.00,30.30,30.63,1254809,38411308.00
2010/08/23,30.66,31.13,30.51,30.87,884274,27243770.00
2010/08/24,30.80,30.88,30.30,30.58,797766,24397608.00
2010/08/25,30.47,30.83,30.16,30.20,820033,25040542.00
2010/08/26,30.05,33.12,29.80,32.89,5306340,166404208.00
2010/08/27,32.26,32.26,31.33,31.50,2513894,79740912.00
2010/08/30,31.33,31.84,30.80,31.55,2135819,67112528.00
2010/08/31,31.23,31.47,30.78,31.03,1840376,57131256.00
2010/09/01,31.00,31.48,30.20,30.47,1476258,45651664.00
2010/09/02,30.80,31.35,30.60,31.03,1182889,36772664.00
2010/09/03,31.33,32.08,31.29,31.71,1573021,49855656.00
2010/09/06,31.72,31.98,30.93,31.21,1190761,37225564.00
2010/09/07,31.22,31.59,31.11,31.54,753002,23666284.00
2010/09/08,31.45,32.40,31.22,32.08,1442195,45794184.00
2010/09/09,32.20,32.47,31.00,31.15,1423329,45115844.00
2010/09/10,31.15,31.75,30.70,31.59,1150087,36071820.00
2010/09/13,34.00,34.00,32.80,33.19,4004169,133859344.00
2010/09/14,32.81,33.18,32.06,32.15,2148635,69771056.00
2010/09/15,32.07,32.76,30.81,30.95,1538470,49081412.00
2010/09/16,31.25,31.34,29.68,30.42,1081189,32838656.00
2010/09/17,30.10,30.83,29.95,30.49,627253,19094948.00
2010/09/20,30.50,30.74,29.70,29.73,752147,22513184.00
2010/09/21,29.80,29.99,29.57,29.75,414309,12322621.00
2010/09/27,29.80,29.99,29.57,29.75,0,0.00
2010/09/28,30.38,30.56,29.75,29.99,782062,23569338.00
2010/09/29,30.00,30.13,29.70,29.83,458345,13713797.00
2010/09/30,29.60,30.10,29.52,29.82,394140,11764317.00
2010/10/08,30.09,30.72,29.90,30.48,767743,23371228.00
2010/10/11,30.69,30.69,30.10,30.42,1109822,33605316.00
2010/10/12,30.36,30.36,29.91,29.97,768087,23162296.00
2010/10/13,29.90,30.35,29.80,30.35,695232,20908720.00
2010/10/14,30.50,30.60,29.54,29.55,1016615,30380056.00
2010/10/15,29.56,29.56,28.11,28.16,1257959,35971360.00
2010/10/18,28.08,28.15,27.06,27.89,986883,27095582.00
2010/10/19,27.88,29.17,27.85,29.06,790530,22741664.00
2010/10/20,28.47,29.69,28.40,29.50,1115035,32701302.00
2010/10/21,29.51,30.59,29.38,30.36,2145989,64570040.00
2010/10/22,30.20,30.20,29.56,29.85,972539,29053032.00
2010/10/25,29.89,30.50,29.89,30.28,1030728,31239092.00
2010/10/26,30.30,30.40,29.54,30.09,1184223,35304664.00
2010/10/27,30.18,31.28,30.13,30.30,1473059,45145872.00
2010/10/28,30.20,31.12,30.10,30.63,1134911,34836680.00
2010/10/29,30.79,31.44,30.40,31.26,1141438,35451044.00
2010/11/01,31.50,32.90,31.50,32.90,1931953,62616328.00
2010/11/02,32.92,33.25,32.06,32.55,1612048,52496280.00
2010/11/03,32.55,32.79,31.70,31.81,956418,30569428.00
2010/11/04,31.81,32.19,31.45,31.84,754417,23986414.00
2010/11/05,31.86,32.35,31.54,32.14,781496,24958058.00
2010/11/08,32.06,32.75,31.89,32.70,940704,30573532.00
2010/11/09,32.69,32.94,32.23,32.72,916085,29840670.00
2010/11/10,32.68,34.11,32.48,33.60,1552620,52297412.00
2010/11/11,33.33,34.99,33.23,34.12,2010754,68974584.00
2010/11/12,33.90,34.99,33.22,33.40,2739127,93103240.00
2010/11/15,34.00,35.16,33.50,35.08,3136744,107600400.00
2010/11/16,35.08,36.97,33.50,34.20,3144699,111336904.00
2010/11/17,33.58,34.46,31.60,32.45,1575498,52440312.00
2010/11/18,32.80,33.29,32.56,33.08,490008,16154908.00
2010/11/19,33.15,35.80,33.15,35.40,1388845,47977712.00
2010/11/22,35.42,37.69,35.42,36.98,1780464,65846588.00
2010/11/23,37.00,38.50,36.58,37.58,1472268,55186492.00
2010/11/24,37.00,38.63,36.95,38.33,1132246,43128864.00
2010/11/25,39.76,42.16,39.76,42.16,1032821,43313360.00
2010/11/26,43.00,46.00,41.45,41.99,4503096,194716016.00
2010/11/29,41.00,41.98,40.51,40.88,2168761,89092016.00
2010/11/30,40.98,41.88,38.47,40.33,2088578,83326832.00
2010/12/01,40.20,42.67,39.61,41.31,1475860,60805988.00
2010/12/02,41.30,41.88,40.50,40.50,867942,35536164.00
2010/12/03,40.21,40.90,38.00,39.18,1013486,39819496.00
2010/12/06,39.23,40.50,37.83,38.28,1098659,42866704.00
2010/12/07,37.90,39.28,37.61,39.15,795757,30795778.00
2010/12/08,39.30,39.73,38.90,39.08,518409,20341254.00
2010/12/09,39.23,39.71,38.71,38.75,475930,18637866.00
2010/12/10,38.80,39.40,38.23,39.37,575651,22523296.00
2010/12/13,39.40,40.58,39.12,40.42,997346,39989924.00
2010/12/14,40.20,40.55,39.60,39.95,1068247,42674568.00
2010/12/15,39.93,40.07,39.21,39.45,915771,36278044.00
2010/12/16,39.45,40.53,38.97,39.73,872599,34481760.00
2010/12/17,40.09,41.04,39.76,40.18,1203949,48527356.00
2010/12/20,40.01,40.36,38.00,39.29,900800,35612904.00
2010/12/21,39.18,39.46,39.18,39.29,307195,12074409.00
2010/12/22,39.20,39.33,38.38,38.77,523053,20292914.00
2010/12/23,38.65,38.95,37.30,37.36,565075,21526494.00
2010/12/24,37.10,37.10,35.50,35.78,584139,21084936.00
2010/12/27,35.78,36.45,35.20,35.28,672050,24149484.00
2010/12/28,35.50,36.99,35.30,36.38,628128,22798852.00
2010/12/29,36.84,37.31,36.22,37.29,419566,15499144.00
2010/12/30,37.29,37.56,36.71,37.45,277077,10306614.00
2010/12/31,37.49,37.88,37.11,37.80,234313,8802616.00
2011/01/04,41.58,41.58,41.58,41.58,2053780,85396176.00
2011/01/05,43.88,45.74,43.00,45.74,9859799,439317600.00
2011/01/06,44.15,46.40,44.11,45.90,5330932,241026464.00
2011/01/07,42.90,43.70,41.31,41.31,4542527,191683312.00
2011/01/10,39.24,39.63,37.86,38.70,4971039,193124288.00
2011/01/11,38.30,38.48,37.11,37.91,1999571,75493280.00
2011/01/12,37.75,38.58,37.71,38.10,1686951,64269036.00
2011/01/13,38.11,38.14,36.91,37.31,1607223,60054620.00
2011/01/14,37.34,39.10,37.20,38.45,2896782,110401384.00
2011/01/17,37.97,38.10,34.75,35.40,2146876,77769072.00
2011/01/18,35.00,35.86,34.50,35.71,1194892,42020152.00
2011/01/19,33.62,34.97,33.61,34.76,3040871,104014912.00
2011/01/20,34.39,34.39,32.01,32.08,2409288,80151152.00
2011/01/21,31.80,32.16,31.19,31.86,1485903,47131536.00
2011/01/24,31.86,32.21,29.90,30.12,1197268,36913420.00
2011/01/25,30.03,30.17,29.05,29.57,927605,27308314.00
2011/01/26,29.69,30.51,29.60,30.10,914545,27496986.00
2011/01/27,30.11,30.74,29.61,30.60,814373,24674604.00
2011/01/28,30.72,30.98,30.31,30.62,962206,29453032.00
2011/01/31,30.55,30.89,30.20,30.69,903696,27598388.00
2011/02/01,30.77,30.77,29.80,30.30,1011760,30641792.00
2011/02/09,29.90,32.31,29.80,32.31,2032197,63681280.00
2011/02/10,32.12,33.19,31.51,33.00,1738493,56775160.00
2011/02/11,32.95,33.19,32.62,33.09,1482550,48766268.00
2011/02/14,33.40,33.69,33.01,33.44,1402615,46767556.00
2011/02/15,33.38,33.66,33.10,33.12,1063050,35467708.00
2011/02/16,33.00,33.58,32.90,33.33,734736,24458418.00
2011/02/17,33.33,34.95,33.30,34.24,1187512,40667372.00
2011/02/18,33.33,34.95,33.30,34.24,0,0.00
2011/02/21,34.00,34.86,33.21,34.54,1081860,37073448.00
2011/02/22,34.69,34.96,32.60,32.98,1150780,38775420.00
2011/02/23,33.11,33.75,33.11,33.48,839065,28055944.00
2011/02/24,33.47,34.78,33.23,34.76,1418868,48765148.00
2011/02/25,34.70,35.00,34.33,34.77,901782,31294502.00
2011/02/28,34.78,35.30,34.27,34.60,861008,29751274.00
2011/03/01,27.60,27.88,27.27,27.85,1082292,29917908.00
2011/03/02,27.99,29.04,27.74,28.67,1836610,52441744.00
2011/03/03,28.68,28.75,27.60,27.66,1405062,39413440.00
2011/03/04,27.63,27.96,27.40,27.75,575568,15937809.00
2011/03/07,27.76,28.00,27.00,27.41,1504917,41323724.00
2011/03/08,27.40,28.00,27.10,28.00,1503252,41491444.00
2011/03/09,28.01,30.00,28.01,29.63,3464764,101502064.00
2011/03/10,29.63,29.63,28.40,29.07,1676102,48591816.00
2011/03/11,28.79,29.40,28.76,28.92,1394557,40535396.00
2011/03/14,28.88,29.49,28.40,29.37,1847623,53605940.00
2011/03/15,29.37,29.40,28.05,28.79,1498001,42854464.00
2011/03/16,28.80,28.89,28.50,28.70,769159,22054198.00
2011/03/17,28.68,28.68,28.00,28.05,856483,24124084.00
2011/03/18,28.05,28.35,27.75,27.86,836990,23455508.00
2011/03/21,27.80,28.18,27.28,27.57,759400,20980620.00
2011/03/22,27.59,27.69,27.00,27.41,583850,15925128.00
2011/03/23,27.59,27.69,27.00,27.41,0,0.00
2011/03/24,27.62,28.17,27.60,28.01,937109,26247688.00
2011/03/25,28.01,28.18,27.70,27.92,623910,17380824.00
2011/03/28,27.92,28.15,27.50,27.52,760056,21105884.00
2011/03/29,27.51,27.73,27.00,27.03,826475,22431008.00
2011/03/30,27.03,27.27,26.50,26.65,456747,12238639.00
2011/03/31,26.64,26.96,26.51,26.70,344918,9215849.00
2011/04/01,26.76,27.23,26.76,27.04,338466,9144120.00
2011/04/06,26.81,27.27,26.75,26.80,380907,10254418.00
2011/04/07,26.79,26.80,26.50,26.75,489936,13026442.00
2011/04/08,26.70,27.34,26.60,27.24,507058,13739667.00
2011/04/11,27.19,27.67,27.19,27.28,501518,13751422.00
2011/04/12,27.17,27.50,27.15,27.23,412805,11289080.00
2011/04/13,27.24,27.65,27.11,27.62,434572,11908468.00
2011/04/14,27.63,27.79,27.00,27.22,518862,14236654.00
2011/04/15,27.43,27.48,27.11,27.21,442975,12060172.00
2011/04/18,27.24,27.48,26.75,26.89,690184,18627818.00
2011/04/19,26.76,26.80,26.01,26.21,795001,20971758.00
2011/04/20,26.23,26.79,26.21,26.74,769360,20308846.00
2011/04/21,26.75,27.34,26.70,27.29,802009,21739608.00
2011/04/22,27.29,28.20,27.29,27.87,1717138,47688096.00
2011/04/25,28.00,28.35,27.26,27.68,1378787,38414316.00
2011/04/26,27.68,27.90,27.21,27.50,778630,21471932.00
2011/04/27,27.57,27.90,26.82,26.99,740196,20239590.00
2011/04/28,27.22,27.40,26.00,26.03,648259,17106480.00
2011/04/29,26.03,26.56,26.03,26.46,236979,6234423.50
2011/05/03,26.39,26.79,26.13,26.78,238441,6336451.00
2011/05/04,26.60,26.89,26.08,26.19,303119,8028699.50
2011/05/05,26.20,27.05,26.20,26.87,488233,13031999.00
2011/05/06,26.95,27.70,26.59,27.56,1010657,27792542.00
2011/05/09,27.73,28.18,27.57,27.65,951885,26509812.00
2011/05/10,27.65,27.66,27.15,27.40,625110,17055904.00
2011/05/11,27.47,27.65,27.20,27.59,604447,16614021.00
2011/05/12,27.32,28.20,27.16,27.70,1596583,44607684.00
2011/05/13,27.74,28.10,27.49,27.90,716697,19928844.00
2011/05/16,27.92,28.15,27.72,27.97,753302,21104066.00
2011/05/17,28.00,28.09,26.90,27.15,938987,25670980.00
2011/05/18,27.10,27.26,27.00,27.14,429612,11660771.00
2011/05/19,27.15,27.39,26.57,26.72,549521,14779108.00
2011/05/20,26.48,26.87,26.42,26.70,268742,7171230.50
2011/05/23,26.30,26.69,25.70,25.82,582364,15212872.00
2011/05/24,25.82,25.89,24.70,25.64,538186,13570087.00
2011/05/25,25.70,25.80,25.02,25.22,306747,7798851.00
2011/05/26,25.21,25.60,25.00,25.01,228412,5751399.50
2011/05/27,24.83,25.23,24.35,24.35,386924,9571598.00
2011/05/30,24.30,24.38,23.80,23.91,232917,5591538.00
2011/05/31,24.11,24.20,23.51,24.00,399632,9542400.00
2011/06/01,24.10,24.35,23.88,24.35,541838,13031340.00
2011/06/02,24.00,24.00,23.30,23.41,539188,12712562.00
2011/06/03,23.47,24.08,23.47,24.06,379038,9059896.00
2011/06/07,24.00,24.47,23.88,24.26,261149,6346041.50
2011/06/08,24.11,24.34,23.76,24.09,265564,6368216.50
2011/06/09,24.11,24.34,23.76,24.09,0,0.00
2011/06/10,23.69,23.71,23.10,23.35,474516,11071478.00
2011/06/13,23.44,23.44,23.06,23.22,260066,6025368.00
2011/06/14,23.35,23.89,23.11,23.75,300671,7123689.50
2011/06/15,23.74,23.85,23.53,23.66,195231,4627033.00
2011/06/16,23.57,23.70,23.25,23.28,184795,4311585.50
2011/06/17,23.44,23.44,22.40,22.55,336326,7730982.00
2011/06/20,22.67,22.67,21.55,21.65,478244,10442752.00
2011/06/21,21.54,22.00,21.54,21.86,304299,6627113.50
2011/06/22,21.86,22.03,21.68,21.78,154349,3370364.00
2011/06/23,21.90,22.33,21.63,22.28,457564,10099340.00
2011/06/24,22.20,23.31,22.05,23.02,616975,14045288.00
2011/06/27,23.00,23.59,22.90,23.31,530473,12339758.00
2011/06/28,23.48,23.48,22.96,23.30,339824,7868501.00
2011/06/29,23.30,23.76,22.93,23.00,419710,9778974.00
2011/06/30,22.95,23.47,22.93,23.42,430063,10038811.00
2011/07/01,23.55,23.66,23.37,23.45,571839,13449299.00
2011/07/04,23.59,23.95,23.51,23.94,541441,12889929.00
2011/07/05,23.96,24.67,23.91,24.42,828057,20179750.00
2011/07/06,24.43,24.57,24.14,24.55,515342,12556031.00
2011/07/07,24.55,25.17,24.36,24.82,928779,23029358.00
2011/07/08,24.82,24.85,24.20,24.48,474585,11617613.00
2011/07/11,24.40,24.77,24.08,24.62,345013,8449433.00
2011/07/12,24.35,24.35,24.09,24.09,479557,11606790.00
2011/07/13,24.09,24.65,24.09,24.60,434657,10653319.00
2011/07/14,24.60,25.68,24.52,25.43,1337501,33568016.00
2011/07/15,25.57,27.77,25.57,27.36,2626730,70600992.00
2011/07/18,27.45,27.50,26.76,26.95,2037450,55398352.00
2011/07/19,26.87,26.87,26.22,26.51,812013,21452692.00
2011/07/20,26.81,26.98,25.88,26.39,889624,23520682.00
2011/07/21,26.20,26.45,25.90,25.91,718241,18745998.00
2011/07/22,26.00,26.60,25.89,26.18,618221,16239367.00
2011/07/25,26.20,26.89,25.30,25.50,1356766,35712164.00
2011/07/26,25.68,25.68,24.95,25.22,697339,17544648.00
2011/07/27,25.23,26.20,25.03,26.10,623696,16050150.00
2011/07/28,25.91,25.98,25.38,25.89,605311,15564975.00
2011/07/29,25.83,26.00,25.41,25.51,413142,10606570.00
2011/08/01,25.41,25.88,25.11,25.78,343131,8793653.00
2011/08/02,25.71,25.71,25.00,25.35,442880,11183951.00
2011/08/03,25.08,25.98,25.01,25.62,386160,9890949.00
2011/08/04,25.48,26.07,25.48,25.77,291576,7531726.00
2011/08/05,25.25,25.87,24.86,25.86,733678,18746304.00
2011/08/08,25.66,26.10,24.00,24.16,1139695,28644966.00
2011/08/09,23.00,23.98,22.01,23.75,1223479,28169688.00
2011/08/10,24.10,24.50,23.79,23.88,772724,18673088.00
2011/08/11,23.33,24.45,23.30,24.41,558760,13500845.00
2011/08/12,24.90,25.36,24.70,24.86,543100,13540195.00
2011/08/15,24.97,25.59,24.85,25.58,675929,17171234.00
2011/08/16,25.40,25.50,24.84,24.87,804566,20161154.00
2011/08/17,24.69,25.00,24.53,24.75,355791,8798256.00
2011/08/18,24.58,24.92,24.13,24.20,439695,10770730.00
2011/08/19,23.91,23.99,23.36,23.70,472340,11173277.00
2011/08/22,23.68,23.92,23.28,23.40,261415,6158264.50
2011/08/23,23.40,23.88,23.40,23.88,267731,6330825.00
2011/08/24,24.11,24.59,24.11,24.36,675755,16464524.00
2011/08/25,24.16,25.07,24.16,25.03,712147,17599060.00
2011/08/26,24.99,25.80,24.87,25.60,1203895,30712480.00
2011/08/29,25.40,26.20,25.35,26.10,1175459,30430046.00
2011/08/30,26.10,26.20,25.41,25.53,720978,18675280.00
2011/08/31,25.55,26.30,25.30,26.22,766879,19754760.00
2011/09/01,25.55,26.30,25.30,26.22,0,0.00
2011/09/02,25.99,26.32,25.45,26.20,514682,13335239.00
2011/09/05,25.98,25.98,25.18,25.86,456149,11691552.00
2011/09/06,26.20,26.48,25.60,26.46,1005414,26301076.00
2011/09/07,26.40,26.95,26.33,26.50,1513192,40319412.00
2011/09/08,26.50,26.58,25.60,26.08,902719,23538432.00
2011/09/09,26.08,26.25,25.50,25.52,368205,9492851.00
2011/09/13,25.45,25.45,25.07,25.21,221860,5588477.50
2011/09/14,25.31,25.37,24.73,25.20,331003,8276715.50
2011/09/15,25.19,25.80,24.94,25.79,549386,14076989.00
2011/09/16,25.95,25.95,25.35,25.49,233741,5982501.00
2011/09/19,25.30,25.35,24.89,24.89,213730,5340209.00
2011/09/20,25.29,25.30,24.64,24.68,230234,5729147.00
2011/09/21,24.57,25.25,24.31,25.14,648810,16212207.00
2011/09/22,24.90,24.90,23.80,24.40,895684,21876690.00
2011/09/23,24.23,24.40,24.00,24.32,350332,8485360.00
2011/09/26,24.25,24.49,23.62,23.63,339188,8168758.50
2011/09/27,23.72,23.95,23.42,23.67,185582,4388501.00
2011/09/28,23.97,24.22,23.51,23.78,229611,5489637.50
2011/09/29,23.50,23.53,22.51,22.65,430750,9971436.00
2011/09/30,22.65,23.18,22.55,23.18,213669,4909732.00
2011/10/10,23.03,23.49,22.96,23.00,83678,1940801.50
2011/10/11,23.30,23.50,23.12,23.39,292522,6815756.50
2011/10/12,23.21,24.47,23.09,24.35,464413,11204732.00
2011/10/13,24.46,24.72,24.10,24.46,381850,9330705.00
2011/10/14,23.81,24.56,23.72,24.43,533852,12834470.00
2011/10/17,24.63,24.85,24.01,24.60,407778,9944672.00
2011/10/18,24.43,24.43,24.02,24.05,299156,7240277.00
2011/10/19,23.80,24.39,23.80,24.29,295148,7121426.50
2011/10/20,24.18,24.39,23.58,24.21,334307,8024993.50
2011/10/21,24.11,24.20,23.71,23.98,123671,2951792.25
2011/10/24,23.35,24.30,23.35,24.02,195625,4672069.00
2011/10/25,23.81,24.90,23.75,24.84,821572,20191026.00
2011/10/26,24.85,25.48,24.55,25.18,442780,11047987.00
2011/10/27,25.19,25.40,24.97,25.29,442250,11144047.00
2011/10/28,25.30,25.69,25.10,25.34,346569,8769768.00
2011/10/31,25.21,25.58,25.04,25.20,418454,10593769.00
2011/11/01,24.92,25.30,24.90,25.02,492357,12340376.00
2011/11/02,24.78,25.39,24.70,25.39,749386,18875652.00
2011/11/03,25.51,25.89,25.14,25.25,1063216,27097070.00
2011/11/04,25.43,25.71,25.01,25.49,699576,17775872.00
2011/11/07,25.50,26.58,25.50,26.10,1312475,34444540.00
2011/11/08,26.15,26.30,25.59,26.16,625099,16245893.00
2011/11/09,26.00,26.49,25.70,26.41,583613,15253007.00
2011/11/10,26.48,26.48,25.81,25.83,434958,11367220.00
2011/11/11,25.83,26.60,25.74,26.21,757138,19881582.00
2011/11/14,26.25,26.85,26.23,26.84,1321920,35205128.00
2011/11/15,26.72,26.88,26.60,26.77,558180,14919681.00
2011/11/16,26.88,26.92,25.88,26.60,448798,11863389.00
2011/11/17,26.58,26.58,26.09,26.33,280179,7390396.50
2011/11/18,26.29,26.29,25.90,25.93,297759,7747728.50
2011/11/21,25.84,25.95,25.29,25.69,452675,11561507.00
2011/11/22,25.28,26.10,25.28,26.02,324032,8402416.00
2011/11/23,26.25,26.26,25.75,25.80,128690,3337534.75
2011/11/24,25.56,26.23,25.56,25.80,306633,7931734.00
2011/11/25,25.80,26.02,25.50,25.74,227221,5861084.00
2011/11/28,25.40,25.98,25.40,25.70,189240,4886628.50
2011/11/29,25.85,26.46,25.85,26.46,447780,11752563.00
2011/11/30,26.45,26.45,24.32,25.01,793150,19973594.00
2011/12/01,25.50,25.80,25.25,25.45,362474,9258125.00
2011/12/02,25.30,25.49,25.03,25.10,163983,4121986.25
2011/12/05,24.88,24.88,24.58,24.66,162408,4004005.75
2011/12/06,24.56,24.70,24.40,24.65,67340,1656496.25
2011/12/07,24.77,24.77,24.20,24.35,126126,3086768.75
2011/12/08,23.85,24.62,23.85,24.18,90414,2196331.75
2011/12/09,23.86,24.40,23.85,24.16,111200,2688174.00
2011/12/12,24.33,24.38,23.92,24.08,54810,1327233.00
2011/12/13,24.02,24.02,22.90,23.66,251178,5879006.50
2011/12/14,23.58,23.66,23.08,23.37,132495,3074754.75
2011/12/15,23.24,23.39,22.70,23.20,230228,5307586.50
2011/12/16,23.15,23.38,22.61,23.37,330019,7563639.50
2011/12/19,23.18,23.75,22.73,23.67,185207,4258224.50
2011/12/20,23.25,23.79,23.25,23.61,111978,2633856.00
2011/12/21,23.58,23.72,23.02,23.03,109970,2581824.75
2011/12/22,22.95,23.00,21.80,22.36,176708,3929024.00
2011/12/23,21.88,22.58,21.88,22.55,173506,3892465.50
2011/12/26,22.03,22.78,22.02,22.52,77855,1758655.00
2011/12/27,22.77,22.77,21.58,21.76,142637,3126282.25
2011/12/28,21.88,22.48,21.10,21.22,188584,4006662.50
2011/12/29,21.58,22.35,21.11,21.40,46045,985306.50
2011/12/30,21.21,21.68,21.21,21.65,194930,4208712.00
2012/01/04,21.53,21.80,20.26,20.75,116201,2466320.25
2012/01/05,20.40,20.65,18.70,18.77,325547,6336416.00
2012/01/06,18.75,18.75,17.52,17.85,296416,5316675.00
2012/01/09,18.00,18.65,17.55,18.41,277575,5078575.50
2012/01/10,18.40,19.32,18.38,19.26,312820,5937997.00
2012/01/11,19.30,19.87,19.03,19.31,235486,4580267.00
2012/01/12,19.12,19.45,18.75,18.93,273722,5184006.00
2012/01/13,18.75,18.86,17.16,17.30,649246,11410789.00
2012/01/16,17.00,17.37,16.08,16.08,552594,9220781.00
2012/01/17,16.12,16.85,15.40,16.70,934510,15056902.00
2012/01/18,16.51,16.80,15.68,15.70,832111,13498042.00
2012/01/19,15.76,16.28,15.50,16.21,434652,6864597.50
2012/01/20,16.26,16.87,16.01,16.87,685761,11216058.00
2012/01/30,16.86,16.87,16.30,16.54,298074,4950190.50
2012/01/31,16.56,16.62,16.32,16.49,199527,3277980.00
2012/02/01,16.41,16.77,16.33,16.53,508911,8438577.00
2012/02/02,16.59,16.90,16.55,16.89,480602,8050323.50
2012/02/03,16.89,17.52,16.66,17.43,737348,12697684.00
2012/02/06,17.39,17.88,17.30,17.70,669030,11810889.00
2012/02/07,17.59,17.59,17.28,17.44,391637,6801866.00
2012/02/08,17.26,18.50,17.26,18.50,944111,16936618.00
2012/02/09,18.30,19.09,18.18,18.95,1102077,20651740.00
2012/02/10,18.96,19.50,18.88,19.48,1598185,30660148.00
2012/02/13,19.39,19.89,18.92,19.65,992260,19333068.00
2012/02/14,19.59,19.61,19.32,19.55,384271,7469578.50
2012/02/15,19.67,19.97,19.26,19.91,744976,14619612.00
2012/02/16,20.00,20.00,19.52,19.79,467481,9203482.00
2012/02/17,19.77,19.77,19.26,19.56,835563,16280427.00
2012/02/20,19.95,20.06,19.57,19.93,678182,13454962.00
2012/02/21,19.94,20.80,19.78,20.70,912019,18454796.00
2012/02/22,20.59,21.30,20.59,21.20,600941,12673872.00
2012/02/23,21.10,21.46,21.10,21.40,554173,11811456.00
2012/02/24,21.32,21.50,21.32,21.42,528279,11304670.00
2012/02/27,22.28,22.39,21.51,21.61,3734075,81798808.00
2012/02/28,21.35,21.50,20.60,20.86,1893716,39754716.00
2012/02/29,20.70,20.96,20.36,20.38,933281,19263336.00
2012/03/01,20.21,20.54,20.19,20.35,632804,12889318.00
2012/03/02,20.41,20.84,20.36,20.71,820843,16954028.00
2012/03/05,20.80,20.90,20.61,20.69,868647,17977134.00
2012/03/06,20.68,20.68,20.15,20.47,545756,11148598.00
2012/03/07,20.26,20.76,20.11,20.48,585500,12045162.00
2012/03/08,20.64,20.76,20.50,20.66,599645,12379329.00
2012/03/09,20.69,21.49,20.69,21.29,1714331,36198988.00
2012/03/12,21.35,21.62,21.06,21.62,1336886,28479242.00
2012/03/13,21.65,21.65,21.25,21.40,740918,15847459.00
2012/03/14,21.51,21.88,20.55,20.55,1737634,37031436.00
2012/03/15,20.55,21.35,20.08,21.09,1016917,21030254.00
2012/03/16,21.08,22.19,21.05,22.18,1383479,29785354.00
2012/03/19,22.19,22.80,22.10,22.24,1443664,32333038.00
2012/03/20,22.11,22.20,21.20,21.26,805001,17451194.00
2012/03/21,21.35,21.87,21.28,21.85,715045,15485153.00
2012/03/22,21.70,21.79,21.40,21.50,351145,7573644.50
2012/03/23,21.38,21.51,20.52,20.73,683960,14335538.00
2012/03/26,20.82,20.82,20.28,20.67,380549,7814190.50
2012/03/27,20.58,20.96,20.56,20.66,321532,6654291.00
2012/03/28,20.58,20.96,20.56,20.66,0,0.00
2012/03/29,19.50,19.70,19.04,19.30,511295,9893259.00
2012/03/30,19.24,19.65,18.76,19.06,255589,4874427.00
2012/04/05,19.06,19.68,19.06,19.51,266391,5181567.50
2012/04/06,19.45,20.38,19.45,20.20,428997,8640756.00
2012/04/09,20.20,20.30,19.83,19.88,188539,3760424.25
2012/04/10,19.88,20.10,19.38,20.09,201073,3984719.50
2012/04/11,19.98,20.15,19.63,20.10,192017,3833512.00
2012/04/12,20.00,20.42,19.92,20.40,405302,8206927.00
2012/04/13,20.56,20.57,20.16,20.31,244204,4960992.50
2012/04/16,20.27,20.27,19.90,19.94,286466,5729115.50
2012/04/17,20.07,20.07,19.77,19.94,200985,4003599.50
2012/04/18,20.07,20.46,19.88,20.44,526746,10641985.00
2012/04/19,20.47,21.38,20.32,21.22,969717,20313958.00
2012/04/20,21.18,21.35,20.70,20.99,376112,7934104.00
2012/04/23,21.00,21.21,20.51,20.59,344500,7183981.00
2012/04/24,20.59,21.30,20.50,21.08,752963,15762434.00
2012/04/25,21.07,21.11,20.71,21.02,467613,9788175.00
2012/04/26,20.92,21.17,20.70,20.87,430502,9017385.00
2012/04/27,20.96,21.14,20.52,20.63,426473,8836024.00
2012/05/02,10.49,10.49,10.16,10.25,934390,9602371.00
2012/05/03,10.21,10.57,10.20,10.56,1636526,17059316.00
2012/05/04,10.60,10.81,10.50,10.70,1567860,16809458.00
2012/05/07,10.60,11.11,10.60,11.08,2431895,26640286.00
2012/05/08,11.06,11.28,10.85,10.86,1999833,22069700.00
2012/05/09,10.80,10.80,10.53,10.56,1649091,17509870.00
2012/05/10,10.54,10.78,10.47,10.70,1332746,14205969.00
2012/05/11,10.70,11.21,10.67,11.06,2948618,32424812.00
2012/05/14,11.11,11.51,10.87,11.28,3833535,43079824.00
2012/05/15,11.18,11.27,10.88,11.11,1949973,21520134.00
2012/05/16,11.08,11.20,10.92,10.93,1713075,18965624.00
2012/05/17,10.92,11.17,10.90,10.94,1274877,14029325.00
2012/05/18,10.77,10.98,10.00,10.46,1446034,15316187.00
2012/05/21,10.44,10.60,10.06,10.44,1129966,11659817.00
2012/05/22,10.45,10.73,10.45,10.69,1009759,10729351.00
2012/05/23,10.66,10.72,10.51,10.68,703935,7469735.50
2012/05/24,10.55,10.70,10.49,10.52,568909,6008659.00
2012/05/25,10.52,10.55,10.07,10.14,1410049,14375660.00
2012/05/28,10.06,10.14,9.96,10.10,1399374,14043131.00
2012/05/29,10.10,10.27,10.08,10.16,1738966,17693684.00
2012/05/30,10.24,10.46,10.18,10.39,1210252,12473315.00
2012/05/31,10.39,10.47,10.26,10.37,1251622,12981256.00
2012/06/01,10.37,10.53,10.31,10.39,1191534,12436429.00
2012/06/04,10.20,10.36,10.03,10.35,1348675,13734514.00
2012/06/05,10.21,10.42,10.15,10.30,1640465,16958384.00
2012/06/06,10.30,10.34,10.06,10.11,1062212,10798053.00
2012/06/07,10.28,10.34,9.99,10.00,1218104,12337879.00
2012/06/08,10.28,10.34,9.99,10.00,0,0.00
2012/06/11,10.00,10.14,9.44,10.08,1241832,12299905.00
2012/06/12,10.02,10.32,9.83,10.12,1208874,12146694.00
2012/06/13,10.17,10.49,10.12,10.48,3278142,34056000.00
2012/06/14,10.42,10.65,10.34,10.38,2158546,22671794.00
2012/06/15,10.54,11.42,10.48,11.42,5755467,65017832.00
2012/06/18,11.70,12.56,11.63,12.56,13959032,170722032.00
2012/06/19,12.90,13.82,12.76,13.82,22563218,302907968.00
2012/06/20,13.81,13.82,13.14,13.43,16067903,215322640.00
2012/06/21,13.30,13.37,12.95,13.12,9161503,120315216.00
2012/06/25,12.99,13.68,12.56,13.15,13448332,176977792.00
2012/06/26,12.78,13.40,12.30,13.27,10067158,130317160.00
2012/06/27,13.15,14.50,12.38,13.30,16272695,220566352.00
2012/06/28,12.98,13.80,12.88,13.63,12372114,166004304.00
2012/06/29,13.60,14.99,13.51,14.99,21114500,305372256.00
2012/07/02,15.39,15.79,14.71,15.21,19585800,298724384.00
2012/07/03,14.90,15.20,14.53,14.62,14804408,219256800.00
2012/07/04,14.48,14.84,14.32,14.71,8990617,131187000.00
2012/07/05,14.64,14.64,14.05,14.06,7404282,105606288.00
2012/07/06,14.15,14.70,13.50,14.60,10334375,145628960.00
2012/07/09,14.30,14.59,13.52,13.58,8243819,116632488.00
2012/07/10,13.40,13.40,12.80,12.95,5586644,73139064.00
2012/07/11,12.80,13.44,12.74,13.30,5047030,66621868.00
2012/07/12,13.30,13.89,12.94,13.68,7529809,101817000.00
2012/07/13,13.52,13.99,13.37,13.54,4940216,67369640.00
2012/07/16,13.53,14.87,13.25,14.70,14272443,205263744.00
2012/07/17,14.28,14.55,13.23,14.04,8706634,120692544.00
2012/07/18,13.95,14.10,13.29,14.01,7092862,97057768.00
2012/07/19,13.85,14.11,13.50,13.79,5246911,72489936.00
2012/07/20,13.65,14.05,13.50,13.68,4836704,66548160.00
2012/07/23,13.38,13.48,12.92,12.98,4044545,53118488.00
2012/07/24,12.81,13.59,12.61,13.27,3884801,51572840.00
2012/07/25,13.19,13.27,12.86,12.89,3038597,39660004.00
2012/07/26,12.98,12.98,12.59,12.59,3233292,41335060.00
2012/07/27,12.68,12.99,12.25,12.33,3746211,47066272.00
2012/07/30,12.15,12.35,11.40,11.46,4622659,54493908.00
2012/07/31,11.39,11.66,11.03,11.50,3101971,35228480.00
2012/08/01,11.50,11.83,11.45,11.73,2731661,31866212.00
2012/08/02,11.75,12.39,11.71,12.10,5689357,68938064.00
2012/08/03,12.03,12.29,11.87,12.25,3385021,40962180.00
2012/08/06,12.22,12.58,12.06,12.56,3421198,42195996.00
2012/08/07,12.50,12.52,11.97,12.23,5402445,66044896.00
2012/08/08,12.23,12.23,11.80,11.85,3637754,43435204.00
2012/08/09,11.85,12.76,11.78,12.70,6188993,76108400.00
2012/08/10,12.71,12.87,12.42,12.71,6250944,79143032.00
2012/08/13,12.79,13.10,12.46,12.61,4783136,61316972.00
2012/08/14,12.60,12.67,12.01,12.54,3041507,37557468.00
2012/08/15,12.50,12.54,12.10,12.14,2155502,26444830.00
2012/08/16,12.09,12.19,11.86,11.91,2152644,25858054.00
2012/08/17,11.85,11.98,11.79,11.97,1541190,18291114.00
2012/08/20,11.90,12.36,11.50,12.32,2611475,30950188.00
2012/08/21,12.29,12.61,12.18,12.56,4629565,57583976.00
2012/08/22,12.55,12.60,12.24,12.30,2948416,36470544.00
2012/08/23,12.28,12.38,12.09,12.21,1610325,19652418.00
2012/08/24,12.20,12.29,11.89,11.89,1792420,21562942.00
2012/08/27,11.76,11.84,11.58,11.68,1792528,20950532.00
2012/08/28,11.63,12.02,11.63,11.86,1245161,14747498.00
2012/08/29,11.81,12.07,11.70,11.71,896276,10630532.00
2012/08/30,11.74,11.83,10.60,11.25,2219922,25057548.00
2012/08/31,11.22,11.30,10.90,11.13,1018856,11295026.00
2012/09/03,11.01,11.27,11.00,11.24,1307174,14656098.00
2012/09/04,11.30,11.58,11.25,11.36,1598547,18247124.00
2012/09/05,11.21,11.34,11.01,11.25,1234538,13862313.00
2012/09/06,11.32,11.64,11.27,11.50,2005323,23043886.00
2012/09/07,11.65,12.20,11.58,12.07,3862253,45864192.00
2012/09/10,12.09,12.19,11.92,12.07,2393681,28863122.00
2012/09/11,11.96,12.25,11.95,12.01,2207257,26665260.00
2012/09/12,12.10,12.43,11.98,12.14,2192621,26610366.00
2012/09/13,12.14,12.19,11.95,11.95,1650575,19935228.00
2012/09/14,11.98,12.15,11.95,12.02,2214558,26684674.00
2012/09/17,12.05,12.09,11.35,11.40,2062544,24035846.00
2012/09/18,11.36,11.36,11.07,11.30,2361288,26379540.00
2012/09/19,11.23,11.31,11.10,11.22,1152376,12916736.00
2012/09/20,11.16,11.23,10.70,10.76,1421115,15567562.00
2012/09/21,10.75,10.95,10.56,10.63,1053859,11318685.00
2012/09/24,10.50,10.76,10.45,10.66,958039,10198102.00
2012/09/25,10.67,10.81,10.55,10.80,1173883,12602224.00
2012/09/26,10.72,10.85,10.18,10.22,1064213,11121021.00
2012/09/27,10.21,10.52,10.10,10.45,1239546,12866736.00
2012/09/28,10.45,10.66,10.34,10.63,1118074,11781590.00
2012/10/08,10.72,10.75,10.55,10.62,973712,10339648.00
2012/10/09,10.64,11.18,10.64,11.12,1757722,19278928.00
2012/10/10,11.00,11.23,10.96,11.13,1260208,13990104.00
2012/10/11,11.15,11.39,10.88,10.92,1672773,18677900.00
2012/10/12,10.99,11.13,10.68,10.86,1069978,11643304.00
2012/10/15,10.86,11.14,10.80,11.14,1141123,12564357.00
2012/10/16,11.14,11.53,11.00,11.30,3336821,37829528.00
2012/10/17,11.29,11.35,11.03,11.20,1198180,13385782.00
2012/10/18,11.22,11.42,11.10,11.38,1700804,19209352.00
2012/10/19,11.42,11.45,11.20,11.30,1369740,15454120.00
2012/10/22,11.30,11.34,11.14,11.32,790398,8878885.00
2012/10/23,11.37,11.37,11.01,11.15,1550304,17248736.00
2012/10/24,11.15,11.15,10.89,10.94,1418050,15591754.00
2012/10/25,11.00,11.05,10.74,10.86,905702,9868924.00
2012/10/26,10.89,10.89,10.50,10.75,954774,10157839.00
2012/10/29,10.71,10.78,10.62,10.78,457650,4905741.00
2012/10/30,10.81,10.81,10.60,10.76,562373,6006405.50
2012/10/31,10.76,10.76,10.60,10.76,514427,5494062.50
2012/11/01,10.75,10.93,10.73,10.90,1528523,16590027.00
2012/11/02,10.99,11.16,10.94,11.01,1492996,16500267.00
2012/11/05,11.10,11.10,10.79,10.90,971955,10576506.00
2012/11/06,10.95,10.95,10.59,10.78,1041224,11115887.00
2012/11/07,10.75,10.78,10.50,10.57,1761817,18649682.00
2012/11/08,10.45,10.45,10.22,10.23,1652266,17101960.00
2012/11/09,10.30,10.34,10.14,10.20,732730,7490827.50
2012/11/12,10.30,10.36,10.18,10.27,565929,5813539.50
2012/11/13,10.27,10.35,10.12,10.13,634871,6465998.00
2012/11/14,10.12,10.23,10.11,10.22,396462,4033325.75
2012/11/15,10.18,10.19,9.94,10.05,830957,8356503.00
2012/11/16,10.03,10.03,9.82,9.99,540099,5362367.50
2012/11/19,9.98,9.99,9.75,9.90,480851,4739365.50
2012/11/20,9.98,10.18,9.90,9.90,759140,7604770.00
2012/11/21,9.90,10.06,9.79,10.04,606722,6038209.00
2012/11/22,9.98,10.00,9.74,9.83,530701,5217456.00
2012/11/23,9.82,9.89,9.72,9.80,533074,5237308.00
2012/11/26,9.88,9.88,9.69,9.78,377950,3700793.50
2012/11/27,9.70,9.70,9.12,9.24,1499476,13984180.00
2012/11/28,9.19,9.19,8.56,8.69,1259710,11107139.00
2012/11/29,8.69,8.75,8.50,8.60,592598,5115604.50
2012/11/30,8.56,8.79,8.50,8.70,512302,4445713.50
2012/12/03,8.70,8.74,8.25,8.29,729052,6176812.50
2012/12/04,8.24,8.30,7.90,8.25,1414793,11435082.00
2012/12/05,8.20,8.57,8.20,8.53,2719432,22931028.00
2012/12/06,8.53,8.57,8.36,8.41,1278760,10786824.00
2012/12/07,8.41,8.69,8.31,8.68,1852991,15872763.00
2012/12/10,8.74,9.08,8.60,8.97,1758527,15620456.00
2012/12/11,8.98,8.98,8.73,8.81,1206500,10669831.00
2012/12/12,8.78,8.87,8.60,8.78,882400,7713832.00
2012/12/13,8.70,9.02,8.57,8.58,1181147,10372124.00
2012/12/14,8.53,8.95,8.45,8.88,1865507,16421535.00
2012/12/17,8.88,9.13,8.82,9.08,1836698,16548372.00
2012/12/18,9.01,9.34,9.01,9.12,2096325,19256822.00
2012/12/19,9.12,9.23,9.02,9.15,1372431,12506590.00
2012/12/20,9.15,9.15,8.90,9.01,1746891,15720012.00
2012/12/21,9.01,9.24,8.93,9.15,2115376,19265500.00
2012/12/24,9.15,9.55,9.05,9.44,3157463,29612846.00
2012/12/25,9.42,9.63,9.36,9.53,2824857,26807360.00
2012/12/26,9.50,9.63,9.35,9.62,2445629,23230628.00
2012/12/27,9.64,9.76,9.44,9.46,2211448,21096678.00
2012/12/28,9.40,9.54,9.36,9.49,1501104,14181634.00
2012/12/31,9.45,9.55,9.37,9.51,1493152,14107024.00
2013/01/04,9.50,9.54,9.29,9.36,1309420,12298978.00
2013/01/07,9.42,9.84,9.42,9.80,3396170,32765186.00
2013/01/08,9.82,10.34,9.75,10.30,5649063,57189308.00
2013/01/09,10.28,10.28,9.96,10.06,2968341,29827426.00
2013/01/10,10.06,10.12,9.96,10.08,1613426,16181585.00
2013/01/11,10.09,10.11,9.71,9.74,2528931,24937898.00
2013/01/14,9.71,10.15,9.70,10.09,3370929,33728424.00
2013/01/15,10.15,10.38,10.07,10.30,3425429,35141896.00
2013/01/16,10.25,10.35,9.90,10.19,2897664,29321140.00
2013/01/17,10.22,10.43,10.07,10.41,3966619,40883360.00
2013/01/18,10.40,10.46,10.25,10.41,2265854,23505100.00
2013/01/21,10.50,10.51,10.33,10.42,1775162,18481954.00
2013/01/22,10.43,10.43,10.05,10.07,2317520,23565400.00
2013/01/23,10.05,10.22,9.98,10.16,1348392,13631953.00
2013/01/24,10.10,10.23,9.76,9.84,1903290,19021574.00
2013/01/25,9.75,9.95,9.71,9.80,840157,8256256.50
2013/01/28,9.89,10.18,9.81,10.16,1528140,15400903.00
2013/01/29,10.18,10.27,10.10,10.18,1363775,13865093.00
2013/01/30,10.13,10.20,9.93,10.01,1820783,18231144.00
2013/01/31,9.98,9.99,9.79,9.95,1028874,10177741.00
2013/02/01,9.87,10.08,9.87,9.94,1102602,10995649.00
2013/02/04,9.96,10.16,9.96,10.09,1590789,16001731.00
2013/02/05,10.07,10.07,9.87,10.04,954347,9500690.00
2013/02/06,9.94,10.34,9.94,10.27,2672492,27324554.00
2013/02/07,10.25,10.41,10.18,10.28,1578896,16238023.00
2013/02/08,10.34,10.60,10.24,10.53,2516265,26312378.00
2013/02/18,10.60,10.90,10.56,10.61,3217936,34449848.00
2013/02/19,10.60,11.59,10.55,11.23,7124261,79568032.00
2013/02/20,11.10,11.58,11.03,11.49,5818992,66400236.00
2013/02/21,11.45,11.55,10.80,11.04,4850373,54365372.00
2013/02/22,11.09,11.09,10.68,10.79,3149839,34008948.00
2013/02/25,10.83,11.87,10.78,11.87,5925655,67568008.00
2013/02/26,12.18,12.18,11.45,11.51,6991152,82826776.00
2013/02/27,11.53,11.69,11.10,11.36,3909827,44272688.00
2013/02/28,11.36,11.48,11.15,11.45,3686611,41883132.00
2013/03/01,11.41,11.85,11.22,11.66,4153880,48060296.00
2013/03/04,11.50,11.96,11.16,11.25,4654173,53914524.00
2013/03/05,11.24,11.65,11.11,11.55,3259851,37307060.00
2013/03/06,11.60,11.96,11.55,11.80,4428902,52451688.00
2013/03/07,11.82,12.15,11.50,11.72,4105405,48630400.00
2013/03/08,11.70,11.96,11.50,11.52,2016899,23640234.00
2013/03/11,11.52,11.54,11.16,11.24,2217932,25072136.00
2013/03/12,11.40,11.40,10.59,10.78,2655178,29046012.00
2013/03/13,10.61,10.91,10.49,10.68,1256753,13437830.00
2013/03/14,10.66,10.90,10.60,10.85,1097033,11842072.00
2013/03/15,10.88,11.21,10.41,10.83,1862494,20246962.00
2013/03/18,11.00,11.18,10.82,10.85,1795686,19760378.00
2013/03/19,10.80,10.95,10.56,10.78,1169227,12593261.00
2013/03/20,10.80,11.14,10.71,11.09,1801399,19859186.00
2013/03/21,11.01,11.34,11.00,11.30,1742479,19580344.00
2013/03/22,11.30,11.50,11.28,11.36,1777318,20230138.00
2013/03/25,11.38,11.50,11.25,11.27,1173433,13280377.00
2013/03/26,11.27,11.27,10.85,10.90,1879578,20594740.00
2013/03/27,10.91,11.15,10.90,11.15,1784352,19685978.00
2013/03/28,11.04,11.16,10.74,10.94,1543360,16878430.00
2013/03/29,10.91,11.10,10.77,10.91,1391057,15203435.00
2013/04/01,11.02,11.38,11.02,11.27,2384456,26742558.00
2013/04/02,11.25,11.38,10.80,10.83,2150289,23927618.00
2013/04/03,10.76,11.20,10.75,10.92,1934170,21279538.00
2013/04/08,10.76,11.20,10.75,10.92,0,0.00
2013/04/09,10.76,11.20,10.75,10.92,0,0.00
2013/04/10,10.76,11.20,10.75,10.92,0,0.00
2013/04/11,10.76,11.20,10.75,10.92,0,0.00
2013/04/12,10.76,11.20,10.75,10.92,0,0.00
2013/04/15,10.76,11.20,10.75,10.92,0,0.00
2013/04/16,10.76,11.20,10.75,10.92,0,0.00
2013/04/17,10.76,11.20,10.75,10.92,0,0.00
2013/04/18,10.76,11.20,10.75,10.92,0,0.00
2013/04/19,10.76,11.20,10.75,10.92,0,0.00
2013/04/22,12.01,12.01,11.22,11.81,10380311,120951352.00
2013/04/23,11.62,12.99,11.56,12.45,14369553,180054256.00
2013/04/24,12.21,12.88,11.92,12.50,11057806,137376336.00
2013/04/25,12.44,12.75,11.85,11.85,7907499,96921736.00
2013/04/26,11.85,12.07,11.45,11.48,3524816,41589988.00
2013/05/02,11.40,11.62,11.15,11.49,2056328,23394366.00
2013/05/03,11.48,11.83,11.48,11.73,2196701,25680572.00
2013/05/06,11.81,11.93,11.57,11.79,2613880,30801722.00
2013/05/07,11.73,11.79,11.51,11.79,2204108,25673576.00
2013/05/08,11.84,11.93,11.64,11.79,2080595,24493512.00
2013/05/09,11.83,12.50,11.80,12.49,5220367,63839716.00
2013/05/10,12.50,12.53,12.16,12.30,3013928,37102676.00
2013/05/13,12.25,12.80,12.21,12.70,4158715,52355800.00
2013/05/14,12.64,12.99,12.43,12.69,3491605,44291392.00
2013/05/15,12.74,12.79,12.47,12.72,2448584,30874868.00
2013/05/16,12.50,12.94,12.38,12.69,3610867,45889548.00
2013/05/17,12.65,13.14,12.53,12.99,3425071,44476544.00
2013/05/20,13.00,13.11,12.50,12.80,4217735,53460768.00
2013/05/21,12.68,12.78,12.52,12.71,3100286,39155084.00
2013/05/22,12.69,12.83,12.33,12.78,2905786,36548492.00
2013/05/23,12.70,12.76,12.43,12.43,1861241,23403560.00
2013/05/24,12.34,12.69,12.34,12.60,1779527,22336518.00
2013/05/27,12.56,13.00,12.53,12.90,3134779,40126108.00
2013/05/28,12.90,13.55,12.81,13.22,5623162,74625248.00
2013/05/29,13.16,13.34,13.15,13.29,2585809,34244600.00
2013/05/30,13.27,13.52,13.05,13.31,1933295,25760496.00
2013/05/31,13.31,13.96,13.23,13.57,4655578,63440040.00
2013/06/03,13.50,14.12,13.47,13.65,4332287,59784972.00
2013/06/04,13.68,13.98,13.10,13.20,3313165,44707212.00
2013/06/05,13.15,13.90,12.89,13.85,2872195,38443184.00
2013/06/06,13.68,14.10,13.61,13.88,3461871,48100812.00
2013/06/07,13.88,13.88,13.31,13.49,2412568,32784754.00
2013/06/13,13.38,13.38,12.61,12.89,2915223,37666100.00
2013/06/14,12.88,13.26,12.75,13.18,1459577,19134430.00
2013/06/17,13.19,13.21,12.71,12.75,3040124,39287080.00
2013/06/18,12.74,12.85,12.19,12.34,4589279,57052192.00
2013/06/19,12.30,12.57,12.16,12.53,1495159,18548102.00
2013/06/20,12.42,12.57,11.91,11.99,1887468,23172190.00
2013/06/21,11.90,12.10,11.60,11.94,1467822,17316220.00
2013/06/24,12.02,12.07,10.83,11.07,1678522,19248918.00
2013/06/25,11.00,11.27,10.10,11.09,1745958,18933440.00
2013/06/26,11.07,11.49,11.01,11.44,1337564,15135124.00
2013/06/27,11.45,11.68,11.08,11.08,1504545,17140984.00
2013/06/28,11.00,11.27,10.52,10.68,1264450,13740881.00
2013/07/01,10.68,10.98,10.60,10.97,1363199,14775102.00
2013/07/02,10.95,11.47,10.90,11.39,1481844,16732073.00
2013/07/03,11.38,11.65,11.07,11.49,2051729,23366426.00
2013/07/04,11.38,11.60,11.22,11.35,1492163,17047612.00
2013/07/05,11.39,11.58,11.25,11.33,866611,9895213.00
2013/07/08,11.20,11.20,10.70,10.70,1402749,15361549.00
2013/07/09,10.63,10.81,10.63,10.71,675374,7223993.50
2013/07/10,10.66,11.18,10.66,11.15,878996,9639878.00
2013/07/11,11.03,11.50,11.03,11.39,1471876,16712013.00
2013/07/12,11.32,11.63,11.29,11.40,1787924,20512482.00
2013/07/15,11.40,11.78,11.40,11.65,1423118,16582518.00
2013/07/16,11.67,11.93,11.53,11.79,1626826,19086516.00
2013/07/17,11.80,12.08,11.65,11.66,2305512,27330160.00
2013/07/18,11.71,11.83,11.51,11.70,1122096,13085502.00
2013/07/19,11.70,11.70,11.15,11.15,1881221,21435390.00
2013/07/22,11.10,11.35,11.01,11.34,885889,9986165.00
2013/07/23,11.34,11.60,11.28,11.52,1892784,21676950.00
2013/07/24,11.55,11.95,11.48,11.85,2137852,25110082.00
2013/07/25,11.90,11.95,11.40,11.70,2300637,27099708.00
2013/07/26,11.70,12.40,11.65,12.29,3059373,36945716.00
2013/07/29,12.29,12.79,12.19,12.75,3652194,45780188.00
2013/07/30,12.50,12.69,12.18,12.34,2075007,25739516.00
2013/07/31,12.35,12.69,12.18,12.37,1512203,18676222.00
2013/08/01,12.30,12.45,12.19,12.45,1913493,23617896.00
2013/08/02,12.43,13.05,12.25,12.92,4778701,60644268.00
2013/08/05,12.75,12.96,12.55,12.72,3478725,44368944.00
2013/08/06,12.71,12.89,12.60,12.76,2354066,30048764.00
2013/08/07,12.76,12.89,12.48,12.48,1814347,22994900.00
2013/08/08,12.53,12.67,12.34,12.49,1811043,22590396.00
2013/08/09,12.46,12.70,12.35,12.70,1486993,18614830.00
2013/08/12,12.65,12.76,12.50,12.63,1649153,20837986.00
2013/08/13,12.63,12.75,12.57,12.72,1307332,16595157.00
2013/08/14,12.76,12.83,12.62,12.64,1630938,20734552.00
2013/08/15,12.63,12.89,12.42,12.46,1357700,17098130.00
2013/08/16,12.36,12.49,11.85,12.15,2377641,28974410.00
2013/08/19,12.02,12.33,11.95,12.29,1410283,17116950.00
2013/08/20,12.20,12.27,11.93,11.98,1390958,16812742.00
2013/08/21,12.08,12.08,11.80,11.93,1288868,15362459.00
2013/08/22,11.91,12.05,11.78,11.92,1267942,15116790.00
2013/08/23,11.98,11.99,11.73,11.84,1337331,15862269.00
2013/08/26,11.89,12.09,11.77,12.07,1049311,12551038.00
2013/08/27,12.10,12.10,11.81,11.99,1173796,14023724.00
2013/08/28,11.86,11.91,11.61,11.65,1554605,18238542.00
2013/08/29,11.67,11.79,11.55,11.71,767347,8964105.00
2013/08/30,11.70,11.70,11.18,11.26,1437395,16434753.00
2013/09/02,11.18,11.38,11.15,11.37,916528,10362924.00
2013/09/03,11.33,11.74,11.31,11.64,1188634,13766410.00
2013/09/04,11.72,11.73,11.59,11.66,865219,10090415.00
2013/09/05,11.59,11.92,11.58,11.89,1388881,16415144.00
2013/09/06,11.89,11.97,11.79,11.85,1152666,13713633.00
2013/09/09,11.80,12.53,11.55,12.28,3341591,40408020.00
2013/09/10,12.10,12.51,11.96,12.34,3996263,48634988.00
2013/09/11,12.15,12.34,12.00,12.19,2905272,35305628.00
2013/09/12,12.20,12.20,11.88,11.96,1057831,12688602.00
2013/09/13,11.96,12.04,11.78,11.86,929406,11012656.00
2013/09/16,11.86,12.08,11.81,12.03,1300195,15604645.00
2013/09/17,12.11,12.11,11.91,11.97,1299791,15627975.00
2013/09/18,11.90,12.13,11.90,12.08,708375,8539222.00
2013/09/23,12.11,12.38,12.08,12.36,2028538,24829792.00
2013/09/24,12.35,12.61,12.27,12.47,2813275,35030596.00
2013/09/25,12.38,12.50,12.17,12.47,1964340,24192124.00
2013/09/26,12.40,13.04,12.21,12.86,5268208,67160056.00
2013/09/27,12.81,13.58,12.81,13.55,6227382,83105488.00
2013/09/30,13.53,13.60,13.17,13.45,2635478,35048296.00
2013/10/08,13.31,13.31,12.97,13.28,2586693,33944820.00
2013/10/09,13.15,13.45,13.02,13.30,2505673,33116180.00
2013/10/10,13.30,13.83,13.16,13.16,2175142,29249526.00
2013/10/11,13.12,13.41,13.00,13.23,1882139,24935166.00
2013/10/14,13.23,13.63,13.23,13.57,1743217,23490534.00
2013/10/15,13.59,14.18,13.45,13.99,3927625,54659672.00
2013/10/16,13.94,13.96,13.54,13.70,2514350,34467260.00
2013/10/17,13.79,14.32,13.40,14.30,7759180,108666536.00
2013/10/18,14.30,14.92,14.10,14.66,5711316,84003576.00
2013/10/21,13.42,14.16,13.42,13.85,16753040,229484752.00
2013/10/22,13.65,14.16,13.50,14.01,8499497,117680928.00
2013/10/23,13.86,14.00,13.30,13.39,3681631,50052736.00
2013/10/24,13.38,13.50,13.03,13.14,1729388,22939442.00
2013/10/25,13.14,13.32,12.61,12.78,3241282,41869868.00
2013/10/28,12.73,13.08,12.70,12.80,1993325,25638458.00
2013/10/29,12.80,12.85,12.12,12.40,1655384,20552648.00
2013/10/30,12.44,12.75,12.35,12.70,1733838,21730852.00
2013/10/31,12.71,12.78,12.46,12.47,928200,11714937.00
2013/11/01,12.41,12.55,12.38,12.45,846650,10555811.00
2013/11/04,12.39,12.67,12.39,12.56,456140,5714087.00
2013/11/05,12.46,12.52,12.20,12.41,1465634,18088146.00
2013/11/06,12.49,12.49,12.18,12.18,1383633,17046506.00
2013/11/07,12.18,12.22,11.70,11.71,1562964,18533142.00
2013/11/08,11.70,11.70,11.28,11.37,1268989,14494991.00
2013/11/11,11.37,11.61,11.00,11.57,1377476,15571329.00
2013/11/12,11.49,11.53,11.26,11.50,1466124,16661349.00
2013/11/13,11.45,11.56,11.30,11.43,1005257,11516819.00
2013/11/14,11.43,11.60,11.20,11.46,1096971,12549973.00
2013/11/15,11.53,12.02,11.48,11.80,2131955,25044772.00
2013/11/18,11.80,12.04,11.69,11.94,2137756,25497082.00
2013/11/19,11.94,12.14,11.85,12.00,1919869,23082286.00
2013/11/20,12.01,12.01,11.77,11.98,1687631,20040932.00
2013/11/21,11.98,11.98,11.70,11.89,1198850,14176404.00
2013/11/22,11.89,11.96,11.75,11.77,893039,10574160.00
2013/11/25,11.76,12.35,11.76,12.27,2986237,36369852.00
2013/11/26,12.27,12.58,12.21,12.27,1641534,20339456.00
2013/11/27,12.18,12.37,12.16,12.26,1280795,15690938.00
2013/11/28,12.26,12.40,12.20,12.30,1528452,18823810.00
2013/11/29,12.25,12.49,12.25,12.33,2034372,25181506.00
2013/12/02,12.01,12.18,11.82,11.98,2414968,28837214.00
2013/12/03,11.90,12.10,11.78,12.08,903229,10812938.00
2013/12/04,12.09,12.28,11.90,12.17,1610172,19511402.00
2013/12/05,12.17,12.35,12.05,12.22,1702255,20744752.00
2013/12/06,12.23,12.39,12.18,12.27,1074430,13194425.00
2013/12/09,12.27,12.30,12.14,12.26,852586,10417853.00
2013/12/10,12.26,12.26,11.88,12.12,1482040,17826288.00
2013/12/11,12.00,12.06,11.75,11.77,1228670,14577343.00
2013/12/12,11.73,11.95,11.68,11.81,834234,9851031.00
2013/12/13,11.72,12.06,11.61,12.01,800788,9575183.00
2013/12/16,11.99,12.04,11.80,11.85,720547,8590812.00
2013/12/17,11.89,12.00,11.76,11.92,493152,5853880.50
2013/12/18,11.92,11.98,11.65,11.74,944970,11176687.00
2013/12/19,11.84,11.89,11.70,11.73,638251,7523262.50
2013/12/20,11.66,11.80,11.61,11.77,522061,6100837.00
2013/12/23,11.73,12.28,11.55,12.10,1831170,21984944.00
2013/12/24,12.03,12.10,11.83,11.88,1201992,14384492.00
2013/12/25,11.84,12.17,11.73,12.17,1653856,19827666.00
2013/12/26,12.15,12.16,12.00,12.02,851232,10255354.00
2013/12/27,12.15,12.37,12.03,12.32,2209832,27070150.00
2013/12/30,12.29,12.57,12.25,12.52,2553539,31723170.00
2013/12/31,12.51,12.60,12.40,12.57,1890426,23668116.00
2014/01/02,12.54,12.68,12.45,12.56,1416451,17799212.00
2014/01/03,12.53,13.00,12.33,13.00,5401286,68795384.00
2014/01/06,13.01,13.37,12.65,12.75,4197687,54590172.00
2014/01/07,12.49,12.88,12.48,12.79,1547212,19642364.00
2014/01/08,12.84,13.25,12.68,13.09,2807948,36660540.00
2014/01/09,13.09,13.40,12.67,12.91,2726459,35709792.00
2014/01/10,12.89,12.89,12.51,12.54,1295014,16399011.00
2014/01/13,12.41,12.66,12.00,12.20,1385784,17079324.00
2014/01/14,12.08,12.79,12.03,12.75,2165067,27137994.00
2014/01/15,12.67,13.20,12.66,13.12,2577522,33540716.00
2014/01/16,13.10,13.25,12.89,13.07,1428641,18666438.00
2014/01/17,13.00,13.34,12.85,13.25,2203278,28876726.00
2014/01/20,13.28,13.50,12.92,13.04,2158031,28416526.00
2014/01/21,13.00,13.15,12.95,13.01,1243133,16240205.00
2014/01/22,13.01,13.15,12.86,13.14,1903957,24809392.00
2014/01/23,13.14,13.79,13.05,13.65,5258492,70711608.00
2014/01/24,13.14,13.79,13.05,13.65,0,0.00
2014/01/27,13.14,13.79,13.05,13.65,0,0.00
2014/01/28,13.14,13.79,13.05,13.65,0,0.00
2014/01/29,13.14,13.79,13.05,13.65,0,0.00
2014/01/30,13.14,13.79,13.05,13.65,0,0.00
2014/02/07,13.14,13.79,13.05,13.65,0,0.00
2014/02/10,13.14,13.79,13.05,13.65,0,0.00
2014/02/11,15.02,15.02,15.02,15.02,497944,7479119.00
2014/02/12,16.50,16.52,15.62,16.52,9674952,159661056.00
2014/02/13,17.03,18.17,17.03,17.95,22366082,396023008.00
2014/02/14,18.00,18.70,17.48,18.32,9766586,177967648.00
2014/02/17,18.35,18.98,17.83,18.50,7718612,141708784.00
2014/02/18,18.20,19.90,18.11,19.40,7159886,136524544.00
2014/02/19,19.20,19.59,18.61,19.20,4427545,85123296.00
2014/02/20,19.10,21.12,18.93,20.94,8017070,164104208.00
2014/02/21,20.30,21.10,19.72,20.68,6903828,140167552.00
2014/02/24,20.20,20.50,18.80,19.82,5962532,117355632.00
2014/02/25,19.70,19.97,18.75,18.92,3237830,62680780.00
2014/02/26,18.80,19.20,17.95,19.18,2951610,54932832.00
2014/02/27,19.08,20.40,18.10,18.28,3290921,63174052.00
2014/02/28,18.10,18.57,17.60,18.57,2489003,44979816.00
2014/03/03,18.58,19.30,18.38,19.13,1729147,32890808.00
2014/03/04,18.92,19.02,17.60,18.50,2353470,43207692.00
2014/03/05,18.53,18.90,18.21,18.68,1932675,35966548.00
2014/03/06,18.51,19.47,18.14,19.21,2135582,40689904.00
2014/03/07,19.29,20.35,17.88,18.33,4110331,77568864.00
2014/03/10,17.80,18.43,17.30,17.94,3169514,56409648.00
2014/03/11,18.01,18.25,17.60,18.14,1281699,22999998.00
2014/03/12,18.26,18.35,17.88,18.10,1448401,26219882.00
2014/03/13,18.19,18.19,17.83,18.10,778312,13985012.00
2014/03/14,18.22,18.25,17.33,17.64,2482089,43765128.00
2014/03/17,17.65,17.86,17.26,17.74,1690970,29657882.00
2014/03/18,17.70,18.50,17.40,18.40,2071133,37446544.00
2014/03/19,18.42,18.42,17.25,17.54,3047186,53932544.00
2014/03/20,17.58,17.58,16.81,16.82,2295697,39121008.00
2014/03/21,16.53,16.80,16.00,16.65,3319572,54455284.00
2014/03/24,16.57,16.86,16.31,16.81,928136,15471859.00
2014/03/25,16.81,17.40,16.66,17.11,1222412,20871320.00
2014/03/26,16.98,17.34,16.98,17.33,1048700,17951054.00
2014/03/27,17.34,17.37,16.85,17.02,1816082,31000576.00
2014/03/28,17.01,17.46,16.86,16.98,1660912,28334872.00
2014/03/31,16.98,17.14,16.48,16.93,456708,7671701.00
2014/04/01,16.94,17.14,16.92,17.01,546414,9281192.00
2014/04/02,17.00,17.05,16.50,16.63,539388,9034899.00
2014/04/03,16.50,16.83,16.50,16.70,510120,8495327.00
2014/04/04,16.69,16.83,16.41,16.70,696644,11576039.00
2014/04/08,16.43,17.20,16.43,16.73,1455388,24270470.00
2014/04/09,16.72,17.16,16.50,17.11,2159588,36460984.00
2014/04/10,17.09,17.35,16.96,17.13,1298041,22271934.00
2014/04/11,16.97,17.09,16.88,16.91,1003315,17034778.00
2014/04/14,16.90,17.76,16.88,17.15,2751394,47722072.00
2014/04/15,17.27,18.26,17.27,17.90,5372082,95948600.00
2014/04/16,17.90,18.00,17.52,18.00,2563470,45473884.00
2014/04/17,17.90,18.50,17.90,18.36,2929924,53608252.00
2014/04/18,18.30,18.51,18.01,18.49,1909004,34963364.00
2014/04/21,18.38,18.44,17.61,17.75,2483604,44647256.00
2014/04/22,17.60,17.72,16.26,16.44,3706915,62435036.00
2014/04/23,16.35,16.75,16.18,16.26,1557305,25663276.00
2014/04/24,16.26,16.67,16.20,16.67,1234364,20310554.00
2014/04/25,16.63,16.64,15.65,15.65,2116660,33972572.00
2014/04/28,15.62,15.62,14.81,14.96,2281749,34514092.00
2014/04/29,14.96,15.24,14.80,15.02,1982369,29673696.00
2014/04/30,14.92,16.38,14.90,16.01,2338971,36958924.00
2014/05/05,16.20,17.61,16.20,17.61,2775873,48092480.00
2014/05/06,18.03,18.05,17.56,17.77,3795193,67339416.00
2014/05/07,17.73,17.81,17.12,17.39,1774875,31089910.00
2014/05/08,17.30,17.78,17.12,17.20,1184720,20731282.00
2014/05/09,17.23,17.40,16.71,16.98,1116597,18981550.00
2014/05/12,17.00,17.55,17.00,17.41,1074032,18623050.00
2014/05/13,17.35,17.55,17.00,17.14,779547,13446917.00
2014/05/14,17.29,17.29,17.01,17.18,432214,7395983.50
2014/05/15,17.10,17.40,16.80,16.90,784280,13384108.00
2014/05/16,16.80,16.85,16.01,16.04,1285363,21018966.00
2014/05/19,16.06,16.32,16.06,16.20,343759,5564658.00
2014/05/20,16.20,16.70,16.00,16.53,591025,9701888.00
2014/05/21,16.33,17.45,16.11,17.31,929374,15805944.00
2014/05/22,17.20,17.70,16.92,16.95,1039782,18110710.00
2014/05/23,16.88,17.29,16.87,17.25,548328,9409660.00
2014/05/26,17.25,17.58,16.90,17.28,1268100,21776778.00
2014/05/27,17.25,17.82,17.20,17.54,1251842,21987666.00
2014/05/28,17.50,17.60,17.11,17.46,731377,12692241.00
2014/05/29,17.57,17.98,17.31,17.61,1449074,25605318.00
2014/05/30,17.60,17.61,17.00,17.24,797200,13693612.00
2014/06/03,17.24,17.48,17.01,17.22,466644,8070262.50
2014/06/04,17.17,17.46,16.91,16.95,573171,9758351.00
2014/06/05,16.92,17.20,16.85,17.11,771255,13065103.00
2014/06/06,16.92,17.19,16.70,16.80,1011085,17005490.00
2014/06/09,16.77,16.85,16.30,16.36,748577,12401276.00
2014/06/10,16.45,17.30,16.01,17.25,1235024,20708838.00
2014/06/11,17.07,17.85,17.07,17.80,2293161,40433560.00
2014/06/12,17.79,17.80,17.31,17.40,1053069,18392516.00
2014/06/13,17.51,18.05,17.51,17.67,2248933,40170672.00
2014/06/16,17.66,17.89,17.24,17.54,1246351,21805894.00
2014/06/17,17.50,17.60,17.28,17.40,569032,9892929.00
2014/06/18,17.40,17.71,17.28,17.68,1046337,18294434.00
2014/06/19,17.75,18.23,17.15,17.16,2398103,42786892.00
2014/06/20,17.28,17.28,16.65,17.00,1480534,25114036.00
2014/06/23,16.98,17.84,16.98,17.76,1400923,24535960.00
2014/06/24,17.76,18.80,17.76,18.54,3274869,60409052.00
2014/06/25,18.42,18.74,18.18,18.55,1156901,21255734.00
2014/06/26,18.55,18.77,18.32,18.69,1486419,27640432.00
2014/06/27,18.70,18.91,18.40,18.76,1349946,25143042.00
2014/06/30,18.75,18.95,18.42,18.46,1148039,21402938.00
2014/07/01,18.48,18.82,18.28,18.66,825502,15270517.00
2014/07/02,18.68,19.47,18.52,19.35,2336589,44430232.00
2014/07/03,19.35,20.38,19.05,19.61,1862952,36185544.00
2014/07/04,19.48,20.20,19.20,20.05,1837210,36572292.00
2014/07/07,20.10,20.79,19.92,20.46,1630185,33251144.00
2014/07/08,20.45,20.87,20.02,20.75,1746464,35711716.00
2014/07/09,20.99,20.99,19.75,19.83,1563371,31506742.00
2014/07/10,19.69,20.13,19.69,19.85,906424,18025778.00
2014/07/11,19.85,20.10,19.55,19.76,989573,19649910.00
2014/07/14,19.77,19.93,18.50,18.80,2944914,55738284.00
2014/07/15,18.82,19.12,18.61,18.87,927506,17481842.00
2014/07/16,18.87,19.00,17.85,17.98,2076769,37742556.00
2014/07/17,17.96,18.20,17.70,17.95,1257102,22566506.00
2014/07/18,17.99,18.17,17.76,18.01,1066338,19246974.00
2014/07/21,18.01,18.49,17.73,18.00,1064974,19396220.00
2014/07/22,18.40,18.60,18.03,18.56,1388316,25548700.00
2014/07/23,18.44,18.77,18.32,18.39,1008633,18609464.00
2014/07/24,18.50,18.65,17.85,18.52,1113919,20445538.00
2014/07/25,18.51,18.58,18.30,18.44,487640,8985393.00
2014/07/28,18.58,18.80,18.20,18.45,1146094,21179250.00
2014/07/29,18.52,19.40,18.52,19.27,1978463,37804632.00
2014/07/30,19.30,19.70,19.00,19.17,2171727,42091756.00
2014/07/31,19.11,19.60,19.10,19.52,1463064,28506492.00
2014/08/01,19.50,20.06,19.30,19.57,1721886,34088444.00
2014/08/04,19.46,20.15,19.30,19.53,1271580,24783776.00
2014/08/05,19.43,19.70,18.80,19.19,1438456,27501880.00
2014/08/06,19.02,19.15,18.70,19.10,892996,16938134.00
2014/08/07,19.11,19.21,18.80,18.90,563431,10713105.00
2014/08/08,18.98,19.36,18.80,18.97,644255,12250034.00
2014/08/11,18.97,19.21,18.91,19.13,897157,17086400.00
2014/08/12,19.17,19.48,19.10,19.34,974387,18814102.00
2014/08/13,19.33,19.40,18.98,19.14,926220,17783318.00
2014/08/14,19.12,19.20,18.70,18.71,1404153,26544844.00
2014/08/15,18.80,18.91,18.60,18.90,779541,14601732.00
2014/08/18,18.90,19.80,18.89,19.51,1928193,37321788.00
2014/08/19,19.96,20.08,19.32,19.44,1677832,32843730.00
2014/08/20,19.82,19.82,19.16,19.30,1251820,24210700.00
2014/08/21,19.30,19.35,18.93,19.34,1382237,26459920.00
2014/08/22,19.33,19.33,19.00,19.28,1038909,19893752.00
2014/08/25,19.30,19.38,18.70,18.90,1753360,33301184.00
2014/08/26,19.50,20.79,19.50,20.42,7862785,162557264.00
2014/08/27,20.03,20.37,19.62,20.16,4068690,81367040.00
2014/08/28,20.16,20.16,19.10,19.20,2262573,44274820.00
2014/08/29,19.30,19.70,19.08,19.46,1480505,28860018.00
2014/09/01,19.47,19.60,19.18,19.60,1320286,25672128.00
2014/09/02,19.56,20.13,19.50,19.94,2014826,40082988.00
2014/09/03,19.83,21.40,19.83,21.05,4649576,96496456.00
2014/09/04,21.10,21.40,20.70,21.19,2509965,52859028.00
2014/09/05,21.19,21.35,20.80,21.00,2436118,50990028.00
2014/09/09,21.20,22.30,21.00,21.79,3572766,77631256.00
2014/09/10,21.78,21.78,21.37,21.61,1843065,39645644.00
2014/09/11,21.84,21.84,20.72,21.05,2964208,62765912.00
2014/09/12,21.05,21.49,20.86,21.39,1452158,30927378.00
2014/09/15,21.52,22.17,21.42,21.82,1978837,43170780.00
2014/09/16,22.10,22.90,21.65,21.90,3232494,72472288.00
2014/09/17,21.90,22.90,21.80,22.77,2485452,56004476.00
2014/09/18,22.81,23.62,22.79,22.98,2198808,50995732.00
2014/09/19,22.98,23.58,22.76,23.36,1651510,38316696.00
2014/09/22,23.38,25.65,23.38,25.00,3632365,89277048.00
2014/09/23,25.45,25.48,24.01,25.19,2326516,57382760.00
2014/09/24,24.90,25.80,24.52,24.92,1956629,49384916.00
2014/09/25,25.00,25.40,23.81,24.42,2558543,62388484.00
2014/09/26,24.24,24.59,23.88,24.23,1170181,28231368.00
2014/09/29,24.29,24.44,23.95,24.17,1368760,33057578.00
2014/09/30,24.25,24.78,24.15,24.26,1379697,33663388.00
2014/10/08,24.50,24.80,23.66,24.71,1990679,48091092.00
2014/10/09,24.71,24.71,23.86,23.90,1673855,40360020.00
2014/10/10,24.08,24.47,23.81,23.97,1267312,30553046.00
2014/10/13,24.00,24.30,23.83,24.19,863397,20819100.00
2014/10/14,24.17,24.17,23.38,23.88,1270208,30331150.00
2014/10/15,23.99,24.15,23.45,23.86,1557750,37111548.00
2014/10/16,23.87,23.87,23.00,23.05,2311626,53999508.00
2014/10/17,22.94,23.14,21.88,22.67,2724060,61116032.00
2014/10/20,22.61,23.11,22.36,22.82,1113997,25432574.00
2014/10/21,22.90,22.95,22.00,22.30,1403390,31477634.00
2014/10/22,22.27,22.40,21.65,21.73,1188011,26139200.00
2014/10/23,21.73,21.90,21.33,21.57,1034554,22292356.00
2014/10/24,21.37,22.20,21.37,21.92,1608169,35061576.00
2014/10/27,21.94,22.38,21.72,22.15,713296,15816785.00
2014/10/28,22.07,22.56,22.05,22.40,1952460,43723284.00
2014/10/29,22.30,22.70,22.30,22.70,934067,21074814.00
2014/10/30,22.70,22.86,22.39,22.50,1022836,23097004.00
2014/10/31,22.51,22.67,21.21,21.66,2001672,43946176.00
2014/11/03,21.72,22.60,21.60,22.50,2332673,51584044.00
2014/11/04,22.53,23.05,22.35,23.05,2720334,61953140.00
2014/11/05,23.28,23.29,22.50,23.00,1790329,40900804.00
2014/11/06,22.99,23.18,22.55,23.09,910446,20843756.00
2014/11/07,23.09,23.11,22.40,22.47,1208148,27436466.00
2014/11/10,22.39,22.71,22.36,22.41,622328,14009248.00
2014/11/11,22.41,22.60,21.02,21.23,2192230,47602064.00
2014/11/12,21.10,21.20,20.68,20.94,1476312,30885608.00
2014/11/13,20.91,21.08,19.84,19.95,2582439,52262364.00
2014/11/14,20.02,20.18,19.93,20.00,1201393,24083446.00
2014/11/17,20.00,20.66,19.90,20.61,1788916,36470492.00
2014/11/18,20.60,20.76,20.50,20.62,878137,18083150.00
2014/11/19,20.56,21.15,20.56,20.90,1132745,23725892.00
2014/11/20,20.91,21.85,20.89,21.84,2361827,50902264.00
2014/11/21,21.90,23.90,21.90,23.90,5326568,123135376.00
2014/11/24,23.89,24.35,23.25,24.01,3699362,88161840.00
2014/11/25,24.02,24.10,23.50,23.65,2221324,52690044.00
2014/11/26,23.49,24.59,23.49,24.11,2017218,48733156.00
2014/11/27,24.10,24.78,23.90,24.50,2471154,60424364.00
2014/11/28,24.38,25.30,24.24,24.65,3610813,89644008.00
2014/12/01,24.68,25.90,23.20,24.50,8674991,210954064.00
2014/12/02,24.29,25.06,23.50,24.16,5001983,121338216.00
2014/12/03,24.16,24.27,23.00,24.00,3367933,79799832.00
2014/12/04,23.95,24.27,23.15,23.57,2555966,60366068.00
2014/12/05,23.20,23.90,22.98,23.18,1828732,42745648.00
2014/12/08,23.38,23.47,22.41,22.65,3419468,78047672.00
2014/12/09,22.20,22.59,21.69,21.70,2314188,50924912.00
2014/12/10,21.36,22.60,21.35,22.44,1709750,37999200.00
2014/12/11,22.44,23.08,22.40,22.95,1780606,40704624.00
2014/12/12,22.95,23.50,22.88,23.34,1341921,31175632.00
2014/12/15,23.20,24.65,22.70,24.35,2646839,64230108.00
2014/12/16,24.18,24.37,23.71,24.10,1224794,29476412.00
2014/12/17,24.02,24.02,23.21,23.68,1565263,36848332.00
2014/12/18,23.56,23.99,23.00,23.30,1315159,30818128.00
2014/12/19,23.30,23.36,22.15,22.43,1185398,26915776.00
2014/12/22,22.41,22.69,21.90,22.16,802840,17893990.00
2014/12/23,22.10,22.40,21.90,22.08,435743,9660504.00
2014/12/24,22.05,23.18,22.05,22.90,1131260,25853264.00
2014/12/25,23.06,23.60,22.79,23.15,750239,17399214.00
2014/12/26,23.15,23.60,23.15,23.39,1335845,31276252.00
2014/12/29,23.23,23.60,21.50,21.89,2627241,59412568.00
2014/12/30,21.80,22.58,21.18,22.50,2509639,54757484.00
2014/12/31,22.40,22.73,21.71,22.43,1124225,24918460.00
2015/01/05,22.43,22.86,21.60,22.28,1308736,29010154.00
2015/01/06,22.08,22.83,21.71,22.39,758522,16951652.00
2015/01/07,22.39,22.50,22.09,22.13,881703,19584678.00
2015/01/08,22.20,22.20,21.80,21.86,724229,15876179.00
2015/01/09,21.93,22.20,21.82,22.20,781980,17217382.00
2015/01/12,22.19,23.68,21.88,23.44,2986986,68824008.00
2015/01/13,23.42,24.56,23.42,24.47,4244542,103091936.00
2015/01/14,24.54,24.55,23.81,24.50,6242266,152136096.00
2015/01/15,24.40,24.84,24.09,24.55,2204828,54048740.00
2015/01/16,24.56,25.10,24.30,24.96,4868911,119766408.00
2015/01/19,24.04,26.92,24.04,26.66,4114803,107961024.00
2015/01/20,26.71,29.00,26.71,28.65,4799024,136025056.00
2015/01/21,28.19,29.80,28.07,29.32,4781382,139319120.00
2015/01/22,29.30,30.59,29.11,30.49,4922536,149103856.00
2015/01/23,30.60,31.50,29.80,30.48,2749271,84233376.00
2015/01/26,30.48,31.46,29.45,30.66,2471919,74997160.00
2015/01/27,30.19,31.00,29.02,30.69,2639140,80147640.00
2015/01/28,30.00,30.69,29.87,30.60,1025505,31233166.00
2015/01/29,30.30,31.56,29.80,31.51,988194,30626640.00
2015/01/30,31.46,31.91,30.42,31.56,1281067,39916648.00
2015/02/02,30.81,32.32,30.61,31.70,651769,20725732.00
2015/02/03,31.29,34.87,31.29,34.30,2672190,91489712.00
2015/02/04,34.22,35.25,32.88,34.80,1786219,61890372.00
2015/02/05,34.81,38.28,34.08,38.28,1852538,67787104.00
2015/02/06,37.20,38.28,35.96,36.42,1512443,56151784.00
2015/02/09,36.42,37.45,35.00,35.01,1077849,38532604.00
2015/02/10,35.12,35.78,34.68,35.50,447548,15772359.00
2015/02/11,35.32,39.05,35.32,39.03,1229099,46592400.00
2015/02/12,39.33,39.39,37.02,37.93,1635513,61836012.00
2015/02/13,37.95,38.50,37.22,38.09,867816,32868924.00
2015/02/16,38.12,38.48,37.51,37.70,1531582,57893468.00
2015/02/17,37.70,37.70,37.00,37.00,779500,28976716.00
2015/02/25,37.70,37.70,37.00,37.00,0,0.00
2015/02/26,37.70,37.70,37.00,37.00,0,0.00
2015/02/27,37.70,37.70,37.00,37.00,0,0.00
2015/03/02,37.70,37.70,37.00,37.00,0,0.00
2015/03/03,37.70,37.70,37.00,37.00,0,0.00
2015/03/04,37.70,37.70,37.00,37.00,0,0.00
2015/03/05,37.70,37.70,37.00,37.00,0,0.00
2015/03/06,37.70,37.70,37.00,37.00,0,0.00
2015/03/09,37.70,37.70,37.00,37.00,0,0.00
2015/03/10,37.70,37.70,37.00,37.00,0,0.00
2015/03/11,37.70,37.70,37.00,37.00,0,0.00
2015/03/12,37.70,37.70,37.00,37.00,0,0.00
2015/03/13,37.70,37.70,37.00,37.00,0,0.00
2015/03/16,37.70,37.70,37.00,37.00,0,0.00
2015/03/17,37.70,37.70,37.00,37.00,0,0.00
2015/03/18,37.70,37.70,37.00,37.00,0,0.00
2015/03/19,37.70,37.70,37.00,37.00,0,0.00
2015/03/20,37.70,37.70,37.00,37.00,0,0.00
2015/03/23,37.70,37.70,37.00,37.00,0,0.00
2015/03/24,37.70,37.70,37.00,37.00,0,0.00
2015/03/25,37.70,37.70,37.00,37.00,0,0.00
2015/03/26,37.70,37.70,37.00,37.00,0,0.00
2015/03/27,37.70,37.70,37.00,37.00,0,0.00
2015/03/30,37.70,37.70,37.00,37.00,0,0.00
2015/03/31,37.70,37.70,37.00,37.00,0,0.00
2015/04/01,37.70,37.70,37.00,37.00,0,0.00
2015/04/02,37.70,37.70,37.00,37.00,0,0.00
2015/04/03,37.70,37.70,37.00,37.00,0,0.00
2015/04/07,37.70,37.70,37.00,37.00,0,0.00
2015/04/08,37.70,37.70,37.00,37.00,0,0.00
2015/04/09,37.70,37.70,37.00,37.00,0,0.00
2015/04/10,37.70,37.70,37.00,37.00,0,0.00
2015/04/13,37.70,37.70,37.00,37.00,0,0.00
2015/04/14,37.70,37.70,37.00,37.00,0,0.00
2015/04/15,37.70,37.70,37.00,37.00,0,0.00
2015/04/16,37.70,37.70,37.00,37.00,0,0.00
2015/04/17,37.70,37.70,37.00,37.00,0,0.00
2015/04/20,37.70,37.70,37.00,37.00,0,0.00
2015/04/21,37.70,37.70,37.00,37.00,0,0.00
2015/04/22,37.70,37.70,37.00,37.00,0,0.00
2015/04/23,37.70,37.70,37.00,37.00,0,0.00
2015/04/24,37.70,37.70,37.00,37.00,0,0.00
2015/04/27,37.70,37.70,37.00,37.00,0,0.00
2015/04/28,37.70,37.70,37.00,37.00,0,0.00
2015/04/29,37.70,37.70,37.00,37.00,0,0.00
2015/04/30,37.70,37.70,37.00,37.00,0,0.00
2015/05/04,37.70,37.70,37.00,37.00,0,0.00
2015/05/05,37.70,37.70,37.00,37.00,0,0.00
2015/05/06,37.70,37.70,37.00,37.00,0,0.00
2015/05/07,37.70,37.70,37.00,37.00,0,0.00
2015/05/08,37.70,37.70,37.00,37.00,0,0.00
2015/05/11,37.70,37.70,37.00,37.00,0,0.00
2015/05/12,37.70,37.70,37.00,37.00,0,0.00
2015/05/13,37.70,37.70,37.00,37.00,0,0.00
2015/05/14,37.70,37.70,37.00,37.00,0,0.00
2015/05/15,37.70,37.70,37.00,37.00,0,0.00
2015/05/18,37.70,37.70,37.00,37.00,0,0.00
2015/05/19,37.70,37.70,37.00,37.00,0,0.00
2015/05/20,37.70,37.70,37.00,37.00,0,0.00
2015/05/21,37.70,37.70,37.00,37.00,0,0.00
2015/05/22,37.70,37.70,37.00,37.00,0,0.00
2015/05/25,40.59,40.59,40.59,40.59,10330,419294.69
2015/05/26,44.65,44.65,44.65,44.65,843,37639.95
2015/05/27,49.12,49.12,49.12,49.12,30439,1495163.63
2015/05/28,54.03,54.03,54.03,54.03,5554,300082.63
2015/05/29,59.43,59.43,59.43,59.43,43143,2563988.50
2015/06/01,65.37,65.37,65.37,65.37,814,53211.18
2015/06/02,71.91,71.91,71.91,71.91,12483,897652.50
2015/06/03,79.10,79.10,79.10,79.10,13058,1032887.81
2015/06/04,87.01,87.01,87.01,87.01,36235,3152807.25
2015/06/05,87.01,91.80,78.31,78.31,14651011,1210811520.00
2015/06/08,73.00,75.18,70.48,70.48,7077996,504217696.00
2015/06/09,68.95,75.00,68.00,73.00,4771514,332705344.00
2015/06/10,71.40,71.55,68.80,69.80,7451518,522375968.00
2015/06/11,69.69,70.90,67.22,67.36,5866423,399977920.00
2015/06/12,67.67,68.75,66.71,66.92,6866336,466056704.00
2015/06/15,66.99,68.88,66.80,67.49,6369559,430496832.00
2015/06/16,67.00,68.20,61.95,63.18,4179449,273854240.00
2015/06/17,63.70,64.25,57.55,61.14,5059595,305463392.00
2015/06/18,60.80,61.88,57.55,57.75,3119267,187190912.00
2015/06/19,57.30,61.50,56.02,57.60,7016442,417927456.00
2015/06/23,57.61,59.80,57.60,57.97,4228257,247742800.00
2015/06/24,58.64,59.29,55.58,56.00,4376736,251076688.00
2015/06/25,56.16,56.46,50.40,50.40,5909912,313775232.00
2015/06/26,47.60,47.80,45.36,45.36,4312374,198087424.00
2015/06/29,45.75,45.93,40.82,40.82,4934017,206239792.00
2015/06/30,39.00,42.39,36.74,41.08,6031346,236587184.00
2015/07/01,40.00,42.13,36.97,36.97,6146411,246270528.00
2015/07/02,35.80,36.43,33.27,33.27,5776832,200140992.00
2015/07/03,31.82,35.35,30.33,32.00,6205684,201670640.00
2015/07/06,35.20,35.20,28.80,29.72,8239108,261734816.00
2015/07/07,27.72,27.98,26.75,26.75,3602920,96834976.00
2015/07/08,27.72,27.98,26.75,26.75,0,0.00
2015/07/09,27.72,27.98,26.75,26.75,0,0.00
2015/07/10,27.72,27.98,26.75,26.75,0,0.00
2015/07/13,27.72,27.98,26.75,26.75,0,0.00
2015/07/14,29.43,29.43,29.43,29.43,82391,2424767.25
2015/07/15,32.37,32.37,29.51,32.37,22360720,721716224.00
2015/07/16,29.13,34.80,29.13,33.04,17957954,576791872.00
2015/07/17,33.45,36.34,32.00,36.34,13106499,453424352.00
2015/07/20,37.50,38.65,35.65,37.71,16605350,616582784.00
2015/07/21,36.40,41.01,36.01,39.98,12990167,501885568.00
2015/07/22,39.18,40.15,37.31,39.26,10899144,423661408.00
2015/07/23,39.26,41.10,38.51,40.61,8773711,350365408.00
2015/07/24,40.90,41.80,38.99,39.11,9163899,371794144.00
2015/07/27,37.60,38.88,35.20,35.20,10734296,397453280.00
2015/07/28,31.80,34.15,31.68,31.68,11333540,365502272.00
2015/07/29,32.51,34.07,29.51,34.00,8943333,282879904.00
2015/07/30,33.33,33.93,31.30,31.31,7532954,249481328.00
2015/07/31,31.00,32.49,30.02,30.75,5424543,170152528.00
2015/08/03,30.69,30.69,27.68,27.86,6120980,176173568.00
2015/08/04,27.95,30.65,27.95,30.65,7059999,208928848.00
2015/08/05,31.15,32.79,31.15,31.95,9802807,312982144.00
2015/08/06,31.00,31.95,30.65,31.51,5048894,158868048.00
2015/08/07,32.55,34.66,31.90,34.66,9275625,308241920.00
2015/08/10,34.90,38.08,34.90,37.47,10763113,392616960.00
2015/08/11,37.20,37.70,36.41,36.80,8317442,306746752.00
2015/08/12,36.20,37.60,36.02,36.79,6507989,240532864.00
2015/08/13,37.00,40.40,37.00,39.69,9573229,368527488.00
2015/08/14,39.98,41.50,38.02,38.71,10932761,436913376.00
2015/08/17,38.52,38.60,37.02,38.00,6461844,244798528.00
2015/08/18,38.30,39.18,34.20,34.20,8650969,320458016.00
2015/08/19,33.00,35.45,31.11,35.11,7618668,251373232.00
2015/08/20,34.00,34.90,33.00,33.00,4684807,159077184.00
2015/08/21,32.00,32.51,30.33,30.40,5464384,172613392.00
2015/08/24,29.38,29.38,27.36,27.36,4881350,135784704.00
2015/08/25,24.63,26.20,24.62,24.62,4650504,116245392.00
2015/08/26,25.00,26.50,23.02,24.20,6566709,163321872.00
2015/08/27,24.99,25.50,23.51,25.46,5309999,131979144.00
2015/08/28,26.38,27.49,25.46,27.48,6796693,178513152.00
2015/08/31,27.00,27.30,24.79,24.79,4770797,124314328.00
2015/09/01,24.20,24.22,22.31,22.31,4098973,93795320.00
2015/09/02,20.89,23.50,20.30,20.59,3757284,80759128.00
2015/09/07,21.03,22.44,21.03,22.10,4013685,87426888.00
2015/09/08,21.88,24.19,21.61,24.10,4107363,92935872.00
2015/09/09,24.50,25.78,24.50,25.66,6101262,153697824.00
2015/09/10,25.10,28.02,24.72,26.19,6331814,166443472.00
2015/09/11,25.52,26.40,25.39,25.83,3998426,103415424.00
2015/09/14,25.95,26.00,23.25,23.25,3897479,94768208.00
2015/09/15,21.90,22.80,20.93,20.93,3931178,85287592.00
2015/09/16,20.88,23.02,20.88,23.02,4618767,100919696.00
2015/09/17,23.49,24.28,22.52,22.52,5769506,135492112.00
2015/09/18,22.71,23.20,22.06,23.00,4008922,90754488.00
2015/09/21,22.47,25.29,22.32,25.06,6862186,164869680.00
2015/09/22,25.02,25.80,24.90,25.53,7565161,191906912.00
2015/09/23,25.02,25.80,24.90,25.53,0,0.00
2015/09/24,25.02,25.80,24.90,25.53,0,0.00
2015/09/25,25.02,25.80,24.90,25.53,0,0.00
2015/09/28,25.02,25.80,24.90,25.53,0,0.00
2015/09/29,25.02,25.80,24.90,25.53,0,0.00
2015/09/30,26.20,27.65,24.60,26.98,7651886,199050208.00
2015/10/08,28.50,29.68,28.13,29.16,7190492,208133520.00
2015/10/09,28.80,28.86,27.80,28.37,6188801,175318560.00
2015/10/12,28.36,30.15,28.22,29.72,7706057,225457280.00
2015/10/13,29.35,29.49,28.65,29.32,5051962,146953872.00
2015/10/14,29.15,29.87,28.81,29.32,5600596,164042528.00
2015/10/15,29.12,30.75,28.88,30.71,5799799,174174944.00
2015/10/16,31.00,32.50,29.66,32.29,8015918,247499216.00
2015/10/19,32.30,32.69,30.69,31.43,6451648,205889968.00
2015/10/20,31.17,32.28,31.04,32.00,6903072,218447840.00
2015/10/21,32.03,34.86,31.20,32.30,10796353,356316928.00
2015/10/22,33.56,35.53,32.89,35.52,11123819,381709760.00
2015/10/23,36.30,37.52,35.38,36.42,11469695,415459840.00
2015/10/26,36.84,36.97,34.21,35.33,7264857,255669632.00
2015/10/27,35.00,35.69,32.00,35.55,8059231,276949856.00
2015/10/28,35.00,35.88,34.00,34.58,5730966,200534944.00
2015/10/29,34.74,35.38,34.08,34.73,3174282,110261864.00
2015/10/30,35.04,35.30,33.80,34.50,3678353,128133336.00
2015/11/02,33.20,34.68,32.90,33.67,3057856,103648136.00
2015/11/03,33.67,34.03,32.50,33.38,2745818,91078992.00
2015/11/04,33.37,35.20,33.37,35.19,3922266,135759296.00
2015/11/05,35.39,36.36,34.50,34.85,4042548,142512016.00
2015/11/06,34.79,35.35,34.55,35.30,3551409,124587296.00
2015/11/09,35.00,36.29,34.03,35.78,5071917,178874688.00
2015/11/10,35.97,38.28,35.95,37.18,5265479,196583504.00
2015/11/11,37.00,37.83,36.33,37.48,4144914,153615424.00
2015/11/12,37.68,39.96,37.68,39.20,5551249,215227152.00
2015/11/13,38.85,38.85,36.20,36.98,3935404,148174832.00
2015/11/16,35.80,37.99,35.52,37.94,2583693,95441312.00
2015/11/17,38.65,38.99,36.46,36.67,4627641,173640624.00
2015/11/18,36.40,36.44,34.08,34.24,6722657,235787376.00
2015/11/19,34.25,35.16,34.20,35.07,2846739,98893976.00
2015/11/20,35.21,35.90,34.74,35.79,3266269,115466848.00
2015/11/23,35.92,37.27,35.39,36.16,5085579,185793872.00
2015/11/24,35.85,37.30,35.70,37.17,3884634,143442368.00
2015/11/25,37.00,37.37,36.70,37.15,3780900,140338608.00
2015/11/26,37.10,38.40,37.10,37.33,4767209,179766144.00
2015/11/27,37.13,37.60,33.60,33.60,5693744,202644832.00
2015/11/30,33.11,33.98,30.90,32.35,4959514,159827200.00
2015/12/01,32.58,32.85,31.36,31.85,3319251,107150224.00
2015/12/02,31.95,32.29,30.26,31.50,3171517,98886008.00
2015/12/03,31.98,32.58,31.43,32.57,3606139,115206016.00
2015/12/04,32.58,32.95,31.88,32.14,3565567,115606824.00
2015/12/07,32.41,32.99,31.89,32.80,3073919,100206592.00
2015/12/08,32.70,32.70,31.80,31.93,2416239,77652744.00
2015/12/09,31.70,32.09,31.50,31.64,2375397,75475856.00
2015/12/10,31.60,31.87,31.51,31.78,2058013,65316308.00
2015/12/11,31.66,32.49,31.31,31.95,2260714,72464104.00
2015/12/14,31.71,32.35,31.01,32.32,2869733,90648768.00
2015/12/15,32.16,32.93,32.16,32.78,2548879,83437856.00
2015/12/16,32.94,33.33,32.63,32.74,3942329,129976496.00
2015/12/17,32.92,34.50,32.92,34.46,5837546,197051328.00
2015/12/18,34.45,36.90,34.10,36.12,6879572,243338384.00
2015/12/21,36.12,36.57,35.58,35.83,4452772,160027136.00
2015/12/22,36.18,36.39,35.51,35.99,3357929,120666824.00
2015/12/23,36.07,39.50,36.07,37.40,8637214,327982176.00
2015/12/24,37.95,37.95,35.50,36.12,4692190,170892064.00
2015/12/25,36.20,39.73,36.20,38.11,12264167,474521504.00
2015/12/28,37.96,38.65,36.52,36.59,6771970,254795376.00
2015/12/29,36.57,37.80,36.12,37.31,3323270,123232264.00
2015/12/30,37.30,37.98,36.55,37.70,3669094,136685344.00
2015/12/31,37.99,39.89,37.70,38.70,7759823,302833408.00
2016/01/04,37.99,39.89,37.70,38.70,0,0.00
2016/01/05,37.99,39.89,37.70,38.70,0,0.00
2016/01/06,37.99,39.89,37.70,38.70,0,0.00
2016/01/07,37.99,39.89,37.70,38.70,0,0.00
2016/01/08,37.99,39.89,37.70,38.70,0,0.00
2016/01/11,37.99,39.89,37.70,38.70,0,0.00
2016/01/12,37.99,39.89,37.70,38.70,0,0.00
2016/01/13,37.99,39.89,37.70,38.70,0,0.00
2016/01/14,37.99,39.89,37.70,38.70,0,0.00
2016/01/15,37.99,39.89,37.70,38.70,0,0.00
2016/01/18,37.99,39.89,37.70,38.70,0,0.00
2016/01/19,37.99,39.89,37.70,38.70,0,0.00
2016/01/20,37.99,39.89,37.70,38.70,0,0.00
2016/01/21,37.99,39.89,37.70,38.70,0,0.00
2016/01/22,37.99,39.89,37.70,38.70,0,0.00
2016/01/25,37.99,39.89,37.70,38.70,0,0.00
2016/01/26,37.99,39.89,37.70,38.70,0,0.00
2016/01/27,37.99,39.89,37.70,38.70,0,0.00
2016/01/28,37.99,39.89,37.70,38.70,0,0.00
2016/01/29,37.99,39.89,37.70,38.70,0,0.00
2016/02/01,37.99,39.89,37.70,38.70,0,0.00
2016/02/02,37.99,39.89,37.70,38.70,0,0.00
2016/02/03,37.99,39.89,37.70,38.70,0,0.00
2016/02/04,37.99,39.89,37.70,38.70,0,0.00
2016/02/05,37.99,39.89,37.70,38.70,0,0.00
2016/02/15,37.99,39.89,37.70,38.70,0,0.00
2016/02/16,37.99,39.89,37.70,38.70,0,0.00
2016/02/17,37.99,39.89,37.70,38.70,0,0.00
2016/02/18,37.99,39.89,37.70,38.70,0,0.00
2016/02/19,37.99,39.89,37.70,38.70,0,0.00
2016/02/22,37.99,39.89,37.70,38.70,0,0.00
2016/02/23,37.99,39.89,37.70,38.70,0,0.00
2016/02/24,37.99,39.89,37.70,38.70,0,0.00
2016/02/25,37.99,39.89,37.70,38.70,0,0.00
2016/02/26,37.99,39.89,37.70,38.70,0,0.00
2016/02/29,37.99,39.89,37.70,38.70,0,0.00
2016/03/01,37.99,39.89,37.70,38.70,0,0.00
2016/03/02,37.99,39.89,37.70,38.70,0,0.00
2016/03/03,37.99,39.89,37.70,38.70,0,0.00
2016/03/04,37.99,39.89,37.70,38.70,0,0.00
2016/03/07,37.99,39.89,37.70,38.70,0,0.00
2016/03/08,37.99,39.89,37.70,38.70,0,0.00
2016/03/09,37.99,39.89,37.70,38.70,0,0.00
2016/03/10,37.99,39.89,37.70,38.70,0,0.00
2016/03/11,37.99,39.89,37.70,38.70,0,0.00
2016/03/14,37.99,39.89,37.70,38.70,0,0.00
2016/03/15,37.99,39.89,37.70,38.70,0,0.00
2016/03/16,37.99,39.89,37.70,38.70,0,0.00
2016/03/17,37.99,39.89,37.70,38.70,0,0.00
2016/03/18,37.99,39.89,37.70,38.70,0,0.00
2016/03/21,37.99,39.89,37.70,38.70,0,0.00
2016/03/22,37.99,39.89,37.70,38.70,0,0.00
2016/03/23,37.99,39.89,37.70,38.70,0,0.00
2016/03/24,37.99,39.89,37.70,38.70,0,0.00
2016/03/25,37.99,39.89,37.70,38.70,0,0.00
2016/03/28,37.99,39.89,37.70,38.70,0,0.00
2016/03/29,37.99,39.89,37.70,38.70,0,0.00
2016/03/30,37.99,39.89,37.70,38.70,0,0.00
2016/03/31,37.99,39.89,37.70,38.70,0,0.00
2016/04/01,37.99,39.89,37.70,38.70,0,0.00
2016/04/05,37.99,39.89,37.70,38.70,0,0.00
2016/04/06,37.99,39.89,37.70,38.70,0,0.00
2016/04/07,37.99,39.89,37.70,38.70,0,0.00
2016/04/08,37.99,39.89,37.70,38.70,0,0.00
2016/04/11,37.99,39.89,37.70,38.70,0,0.00
2016/04/12,37.99,39.89,37.70,38.70,0,0.00
2016/04/13,37.99,39.89,37.70,38.70,0,0.00
2016/04/14,37.99,39.89,37.70,38.70,0,0.00
2016/04/15,37.99,39.89,37.70,38.70,0,0.00
2016/04/18,37.99,39.89,37.70,38.70,0,0.00
2016/04/19,37.99,39.89,37.70,38.70,0,0.00
2016/04/20,37.99,39.89,37.70,38.70,0,0.00
2016/04/21,37.99,39.89,37.70,38.70,0,0.00
2016/04/22,37.99,39.89,37.70,38.70,0,0.00
2016/04/25,37.99,39.89,37.70,38.70,0,0.00
2016/04/26,37.99,39.89,37.70,38.70,0,0.00
2016/04/27,37.99,39.89,37.70,38.70,0,0.00
2016/04/28,37.99,39.89,37.70,38.70,0,0.00
2016/04/29,37.99,39.89,37.70,38.70,0,0.00
2016/05/03,37.99,39.89,37.70,38.70,0,0.00
2016/05/04,37.99,39.89,37.70,38.70,0,0.00
2016/05/05,37.99,39.89,37.70,38.70,0,0.00
2016/05/06,37.99,39.89,37.70,38.70,0,0.00
2016/05/09,37.99,39.89,37.70,38.70,0,0.00
2016/05/10,37.99,39.89,37.70,38.70,0,0.00
2016/05/11,37.99,39.89,37.70,38.70,0,0.00
2016/05/12,37.99,39.89,37.70,38.70,0,0.00
2016/05/13,37.99,39.89,37.70,38.70,0,0.00
2016/05/16,37.99,39.89,37.70,38.70,0,0.00
2016/05/17,37.99,39.89,37.70,38.70,0,0.00
2016/05/18,37.99,39.89,37.70,38.70,0,0.00
2016/05/19,37.99,39.89,37.70,38.70,0,0.00
2016/05/20,37.99,39.89,37.70,38.70,0,0.00
2016/05/23,37.99,39.89,37.70,38.70,0,0.00
2016/05/24,37.99,39.89,37.70,38.70,0,0.00
2016/05/25,37.99,39.89,37.70,38.70,0,0.00
2016/05/26,37.99,39.89,37.70,38.70,0,0.00
2016/05/27,37.99,39.89,37.70,38.70,0,0.00
2016/05/30,37.99,39.89,37.70,38.70,0,0.00
2016/05/31,37.99,39.89,37.70,38.70,0,0.00
2016/06/01,37.99,39.89,37.70,38.70,0,0.00
2016/06/02,37.99,39.89,37.70,38.70,0,0.00
2016/06/03,37.99,39.89,37.70,38.70,0,0.00
2016/06/06,37.99,39.89,37.70,38.70,0,0.00
2016/06/07,37.99,39.89,37.70,38.70,0,0.00
2016/06/08,37.99,39.89,37.70,38.70,0,0.00
2016/06/13,37.99,39.89,37.70,38.70,0,0.00
2016/06/14,37.99,39.89,37.70,38.70,0,0.00
2016/06/15,25.73,25.73,25.73,25.73,0,0.00
