Date, SZ002311.Open, SZ002311.High, SZ002311.Low, SZ002311.Close, SZ002311.Volume, SZ002311.Adjusted
2009/11/27,36.00,39.99,36.00,38.05,32949685,1248020736.00
2009/11/30,39.10,41.78,37.88,41.28,19840452,792794304.00
2009/12/01,40.01,40.65,39.00,40.42,12802250,510761536.00
2009/12/02,40.30,42.33,40.02,40.49,10695525,441047072.00
2009/12/03,40.15,44.30,40.00,43.32,12215378,514775456.00
2009/12/04,42.40,47.25,42.03,45.85,16479249,738392128.00
2009/12/07,45.59,46.86,43.81,45.35,8882784,404267840.00
2009/12/08,45.38,45.38,43.00,43.40,8773819,386148288.00
2009/12/09,42.05,43.05,41.02,41.50,8209311,343663072.00
2009/12/10,41.80,43.05,41.10,42.46,6003388,252216048.00
2009/12/11,41.98,42.30,40.33,40.47,7248349,297456608.00
2009/12/14,40.63,40.92,38.81,39.19,5845309,230820128.00
2009/12/15,39.40,40.84,39.08,40.30,5779749,230820656.00
2009/12/16,39.68,40.29,38.18,38.34,6037107,234933728.00
2009/12/17,38.48,38.98,37.70,38.80,4507892,173033904.00
2009/12/18,38.09,38.34,36.51,37.00,4017768,149375984.00
2009/12/21,37.01,37.65,36.64,37.36,2740903,102095392.00
2009/12/22,37.44,37.47,34.21,34.69,4808281,171960592.00
2009/12/23,34.75,36.19,34.65,35.21,3475490,122770168.00
2009/12/24,35.20,36.47,34.53,36.22,4477512,160107808.00
2009/12/25,35.90,36.46,35.26,35.98,3082951,110569024.00
2009/12/28,36.02,36.82,35.72,36.60,2969220,108176184.00
2009/12/29,36.02,36.82,35.72,36.60,0,0.00
2009/12/30,37.13,38.48,37.02,37.26,5042707,190047072.00
2009/12/31,36.90,37.60,36.70,37.54,2851858,105788280.00
2010/01/04,37.99,38.97,37.52,37.52,4300204,164346864.00
2010/01/05,37.65,38.10,36.90,38.09,3797224,142744768.00
2010/01/06,38.11,38.11,37.20,37.26,3019996,113968656.00
2010/01/07,37.32,37.40,35.80,35.97,3936259,143350416.00
2010/01/08,35.97,36.19,34.83,35.74,2627445,93269976.00
2010/01/11,35.78,36.59,35.01,36.55,2846409,102390768.00
2010/01/12,36.35,38.29,36.16,38.00,4796812,180901744.00
2010/01/13,37.30,38.63,37.19,38.05,4166885,158544576.00
2010/01/14,38.22,38.76,37.82,38.37,3916534,150099392.00
2010/01/15,38.40,38.88,37.98,38.33,3238384,124109536.00
2010/01/18,38.35,38.96,38.10,38.52,3067561,118447088.00
2010/01/19,38.52,38.77,37.15,37.20,4076177,153347472.00
2010/01/20,37.28,37.58,35.50,35.60,2997027,109055064.00
2010/01/21,35.60,36.35,35.50,35.89,1519750,54625596.00
2010/01/22,35.61,36.19,34.70,35.16,1945035,68810672.00
2010/01/25,35.19,35.40,34.81,35.02,1030239,36196992.00
2010/01/26,35.01,35.50,33.37,33.66,2277725,78000288.00
2010/01/27,33.55,33.88,32.58,33.21,1841535,61202220.00
2010/01/28,33.02,33.51,32.90,33.47,1313854,43785060.00
2010/01/29,33.32,33.96,33.17,33.20,1376682,46186408.00
2010/02/01,33.67,34.10,32.50,34.04,2388342,79765024.00
2010/02/02,34.10,34.88,34.06,34.53,2572438,88921864.00
2010/02/03,34.32,34.62,32.60,33.84,2018698,67585976.00
2010/02/04,33.84,34.65,33.21,33.98,1724010,58599516.00
2010/02/05,33.50,33.65,32.88,32.97,1244971,41368100.00
2010/02/08,32.88,33.28,32.61,33.00,807681,26743154.00
2010/02/09,32.90,33.10,32.58,32.71,778541,25510586.00
2010/02/10,33.06,33.66,32.69,33.66,999706,33146144.00
2010/02/11,33.56,33.92,33.33,33.66,861021,28992660.00
2010/02/12,33.81,34.50,33.64,34.10,924937,31586188.00
2010/02/22,34.01,34.30,33.50,33.55,1048950,35409520.00
2010/02/23,33.30,33.52,32.90,33.20,964444,31909592.00
2010/02/24,32.99,34.68,32.78,34.48,2289277,77959736.00
2010/02/25,34.60,35.34,34.43,35.01,2680416,93380240.00
2010/02/26,34.60,35.34,34.43,35.01,0,0.00
2010/03/01,34.60,35.58,34.03,35.58,8496350,294529344.00
2010/03/02,35.51,35.68,34.89,35.01,3352791,117903792.00
2010/03/03,34.99,36.38,34.90,36.38,4294022,153848864.00
2010/03/04,36.40,36.48,34.70,35.29,3701136,131593816.00
2010/03/05,35.16,35.97,34.82,35.73,2572652,91100104.00
2010/03/08,35.80,36.98,35.40,36.90,4630175,169101680.00
2010/03/09,36.85,36.90,36.30,36.63,1958067,71479208.00
2010/03/10,36.61,36.69,35.35,35.35,2555958,91307928.00
2010/03/11,35.34,35.70,34.75,35.12,1166608,41038948.00
2010/03/12,35.12,35.65,34.90,34.92,1594875,56191624.00
2010/03/15,34.80,34.99,34.00,34.42,1551827,53339136.00
2010/03/16,34.42,34.66,34.03,34.53,778504,26762438.00
2010/03/17,34.58,35.28,34.45,35.20,1162065,40605936.00
2010/03/18,35.28,35.36,34.95,35.17,1342958,47199888.00
2010/03/19,35.17,35.18,34.66,35.12,1100757,38471696.00
2010/03/22,35.08,35.26,34.71,35.05,954418,33331950.00
2010/03/23,35.14,35.97,35.06,35.53,1897266,67494976.00
2010/03/24,35.56,36.10,35.56,35.70,2085535,74733984.00
2010/03/25,35.72,36.50,35.42,36.25,3035749,109408896.00
2010/03/26,36.02,36.29,35.66,36.10,1874035,67346472.00
2010/03/29,36.21,36.44,35.28,35.41,2748028,97866848.00
2010/03/30,35.33,36.28,35.32,36.03,2172582,78024080.00
2010/03/31,36.00,36.75,35.40,35.92,5078736,184382576.00
2010/04/01,35.80,36.94,35.80,36.82,4024928,147342256.00
2010/04/02,36.81,36.94,36.30,36.80,2567908,93942832.00
2010/04/06,36.82,37.75,36.82,36.96,2574499,95681776.00
2010/04/07,37.07,37.25,36.75,37.18,2350380,86879512.00
2010/04/08,37.16,38.50,37.05,37.75,4599747,174788768.00
2010/04/09,38.01,38.44,37.51,38.13,3512463,133774312.00
2010/04/12,38.10,38.93,38.05,38.66,3541249,136324320.00
2010/04/13,38.65,38.80,35.68,37.06,4795751,178386032.00
2010/04/14,36.70,37.68,36.65,37.30,2553209,95242200.00
2010/04/15,37.36,37.76,35.80,35.98,4163192,151878416.00
2010/04/16,35.98,36.44,35.80,35.97,2065976,74552512.00
2010/04/19,35.52,36.21,34.60,34.72,2417880,85862576.00
2010/04/20,34.99,35.93,34.62,35.89,2731819,96412120.00
2010/04/21,35.98,36.39,35.55,36.23,2077637,74760096.00
2010/04/22,36.19,36.65,35.71,36.29,2687443,97227248.00
2010/04/23,36.30,36.59,34.80,35.20,2610294,93387448.00
2010/04/26,34.75,34.90,33.21,34.40,2642994,90400288.00
2010/04/27,34.40,34.40,33.04,33.60,1940874,64934560.00
2010/04/28,33.30,33.49,32.60,33.00,1940760,64053612.00
2010/04/29,33.16,33.57,32.75,32.75,1344970,44772172.00
2010/04/30,32.55,33.00,31.25,31.79,1659209,52785384.00
2010/05/04,31.29,31.62,30.65,31.30,1102557,34516360.00
2010/05/05,30.50,32.10,30.50,31.90,1182034,37401044.00
2010/05/06,31.90,32.27,31.10,31.20,1577572,50359484.00
2010/05/07,30.60,32.08,30.59,31.60,1311871,41352812.00
2010/05/10,31.60,32.20,31.32,32.01,1321930,42223560.00
2010/05/11,32.70,32.85,31.81,32.30,1530083,49215548.00
2010/05/12,32.00,32.48,31.06,32.08,1529371,48930500.00
2010/05/13,32.30,32.67,31.46,32.67,1287739,41448292.00
2010/05/14,32.27,33.32,32.15,33.12,1568827,51650808.00
2010/05/17,33.00,33.50,31.31,31.32,1642452,53824308.00
2010/05/18,30.99,32.45,30.99,31.80,1279785,40724668.00
2010/05/19,31.96,33.21,31.81,32.94,1457600,47829004.00
2010/05/20,32.93,33.49,32.40,32.51,1056063,34852044.00
2010/05/21,31.90,33.10,31.63,33.00,838389,27266760.00
2010/05/24,33.11,34.33,33.11,33.97,1841015,62290264.00
2010/05/25,33.11,34.33,33.11,33.97,0,0.00
2010/05/26,33.15,34.14,33.15,33.96,946596,31845752.00
2010/05/27,33.90,34.39,33.40,34.15,1022573,34804316.00
2010/05/28,34.43,34.43,33.20,34.15,1431262,48495096.00
2010/05/31,33.60,34.23,33.17,33.17,830681,28181178.00
2010/06/01,33.11,33.36,31.51,33.10,1550958,50171916.00
2010/06/02,32.83,33.49,32.36,33.40,631911,20799330.00
2010/06/03,33.40,33.97,33.03,33.18,615658,20688498.00
2010/06/04,33.10,33.46,33.02,33.19,439379,14585914.00
2010/06/07,32.85,32.98,32.38,32.70,671087,21885374.00
2010/06/08,32.51,33.50,32.51,33.40,824760,27381728.00
2010/06/09,33.50,33.98,33.31,33.94,834338,28116530.00
2010/06/10,25.95,26.82,25.80,26.38,1902357,50292120.00
2010/06/11,26.59,27.49,26.59,26.89,2748315,74353280.00
2010/06/17,26.94,27.26,26.26,26.31,1189959,31635284.00
2010/06/18,26.11,26.50,24.55,25.50,1346636,34213024.00
2010/06/21,25.20,25.95,24.63,25.85,905434,23070076.00
2010/06/22,25.75,25.85,25.44,25.66,766334,19659550.00
2010/06/23,25.31,25.75,24.50,25.10,890466,22300866.00
2010/06/24,24.98,24.98,24.50,24.93,1198535,29694672.00
2010/06/25,24.75,25.35,24.50,24.80,648720,16106288.00
2010/06/28,24.80,24.86,24.00,24.02,811283,19867548.00
2010/06/29,24.06,24.40,22.00,22.58,1416715,32496716.00
2010/06/30,22.06,22.88,21.20,22.10,1652134,36438500.00
2010/07/01,22.13,23.00,22.13,22.30,576295,12927028.00
2010/07/02,22.30,22.70,21.62,22.60,836218,18605828.00
2010/07/05,22.55,24.16,22.30,23.70,2245320,52862616.00
2010/07/06,23.43,24.34,23.43,24.34,1190042,28434638.00
2010/07/07,24.20,24.54,23.87,24.36,1005825,24392238.00
2010/07/08,24.20,24.60,23.50,23.68,903081,21482688.00
2010/07/09,23.51,24.34,23.51,24.29,903646,21707094.00
2010/07/12,24.27,24.47,23.50,24.20,1949979,46460044.00
2010/07/13,23.66,23.98,23.38,23.54,556257,13122619.00
2010/07/14,23.53,23.85,23.28,23.35,688072,16184965.00
2010/07/15,23.06,23.61,22.65,22.70,555388,12845915.00
2010/07/16,22.60,22.82,22.00,22.38,611349,13679768.00
2010/07/19,22.01,22.89,22.00,22.88,687383,15597409.00
2010/07/20,22.87,23.85,22.86,23.52,899568,21057334.00
2010/07/21,23.53,24.13,23.40,23.99,1284611,30633762.00
2010/07/22,23.80,24.16,23.69,24.02,850461,20350354.00
2010/07/23,24.02,24.44,23.79,24.35,1465478,35354528.00
2010/07/26,24.49,25.18,24.35,25.12,1939195,48136792.00
2010/07/27,25.14,25.14,24.82,24.97,1032822,25786174.00
2010/07/28,24.96,25.43,24.84,25.40,1741235,43933552.00
2010/07/29,25.40,25.40,24.79,24.94,1453143,36379240.00
2010/07/30,24.76,25.20,24.76,25.18,979401,24545828.00
2010/08/02,25.17,25.43,25.01,25.27,1058468,26756650.00
2010/08/03,25.29,25.30,24.59,24.59,1566347,39013632.00
2010/08/04,24.59,25.11,24.39,24.98,1299982,32138706.00
2010/08/05,25.00,27.48,25.00,26.94,6232406,166121824.00
2010/08/06,27.56,28.30,27.52,28.08,5930106,165738576.00
2010/08/09,27.84,29.30,27.75,28.96,4930176,141338784.00
2010/08/10,28.90,28.90,27.41,28.00,5207285,146553024.00
2010/08/11,28.00,28.29,27.40,28.25,3909982,108764776.00
2010/08/12,27.88,28.25,27.66,28.08,2311231,64715980.00
2010/08/13,28.10,28.38,27.71,28.20,2401836,67476960.00
2010/08/16,28.08,28.70,27.90,28.67,3619155,102752200.00
2010/08/17,28.67,29.16,28.41,29.16,3273336,94134176.00
2010/08/18,29.15,29.29,28.50,28.57,2459823,70754832.00
2010/08/19,28.28,29.01,27.78,28.62,4295942,122247936.00
2010/08/20,28.40,28.69,27.53,27.67,2917398,81341624.00
2010/08/23,28.40,28.69,27.53,27.67,0,0.00
2010/08/24,27.60,27.80,26.88,27.24,3469607,94890528.00
2010/08/25,27.30,28.45,27.20,27.82,3070379,85982944.00
2010/08/26,27.86,28.58,27.86,28.40,1784419,50530088.00
2010/08/27,28.20,28.93,28.20,28.80,1703736,48614108.00
2010/08/30,28.90,29.89,28.80,29.44,3099964,91357992.00
2010/08/31,29.19,29.83,29.00,29.64,1968132,58238108.00
2010/09/01,29.51,29.83,28.33,28.85,3823935,111147440.00
2010/09/02,29.03,30.00,28.52,30.00,3291918,97329208.00
2010/09/03,30.58,32.99,30.58,31.33,6353099,201579920.00
2010/09/06,31.33,31.78,30.11,30.35,2509120,77076032.00
2010/09/07,30.33,31.48,29.47,30.71,3317026,100129168.00
2010/09/08,30.60,31.02,30.00,31.00,1828310,55922716.00
2010/09/09,31.08,31.78,30.18,30.32,2237575,68983920.00
2010/09/10,30.32,30.50,28.90,29.21,3113798,91680688.00
2010/09/13,29.25,32.01,29.25,31.20,5151788,159152576.00
2010/09/14,31.10,31.50,30.44,30.46,3281221,101923568.00
2010/09/15,30.46,30.99,29.31,29.60,3747934,113014664.00
2010/09/16,29.80,29.89,28.01,28.42,1588566,45505572.00
2010/09/17,28.42,29.22,28.27,28.49,1701567,48990328.00
2010/09/20,28.52,29.20,28.52,28.63,1976497,57128228.00
2010/09/21,28.55,29.20,27.45,27.81,1112454,31138286.00
2010/09/27,27.90,28.88,27.90,28.88,852159,24293796.00
2010/09/28,28.99,28.99,27.86,27.96,1361492,38480524.00
2010/09/29,27.90,28.35,27.60,28.13,1093238,30668616.00
2010/09/30,27.80,28.70,27.50,28.26,695888,19725538.00
2010/10/08,28.51,29.08,28.51,28.75,1187086,34124332.00
2010/10/11,29.15,30.60,29.15,29.59,3517270,106014832.00
2010/10/12,29.63,30.37,29.40,30.15,2981936,89176688.00
2010/10/13,29.90,31.18,29.80,30.45,2509405,76510992.00
2010/10/14,30.49,30.84,29.50,29.90,2559443,77156784.00
2010/10/15,29.61,30.52,29.20,30.37,3251154,97959880.00
2010/10/18,30.35,31.00,29.01,29.21,4904795,146595632.00
2010/10/19,29.18,30.10,28.30,29.87,1628169,48078928.00
2010/10/20,29.50,30.87,29.50,30.40,2672148,81182264.00
2010/10/21,30.75,32.19,30.32,31.70,3836611,121188256.00
2010/10/22,31.64,32.00,31.41,31.74,1933333,61318260.00
2010/10/25,31.80,32.35,31.71,32.15,2193371,70106064.00
2010/10/26,31.80,32.35,31.71,32.15,0,0.00
2010/10/27,31.80,32.35,31.71,32.15,0,0.00
2010/10/28,32.81,33.99,30.30,30.50,4893824,155182480.00
2010/10/29,30.15,31.50,30.11,31.50,2621962,81046808.00
2010/11/01,31.30,32.69,31.00,32.31,2049284,65848192.00
2010/11/02,32.18,33.18,32.16,33.13,2722357,89384680.00
2010/11/03,33.13,33.38,32.46,32.98,2382981,78547336.00
2010/11/04,32.98,34.51,32.58,34.00,2094018,70288752.00
2010/11/05,34.00,34.79,33.33,33.68,1691964,57182236.00
2010/11/08,33.70,34.85,33.60,34.53,2687248,91938392.00
2010/11/09,34.53,34.56,33.35,33.47,1671607,56435140.00
2010/11/10,33.50,34.07,32.94,33.88,2922082,97532640.00
2010/11/11,33.25,34.20,33.00,33.00,1831588,61847748.00
2010/11/12,32.69,32.90,30.18,30.77,2109305,66731208.00
2010/11/15,32.69,32.90,30.18,30.77,0,0.00
2010/11/16,31.56,33.21,30.80,31.15,3829533,123357656.00
2010/11/17,30.95,30.95,29.90,30.00,2820297,84884480.00
2010/11/18,30.05,30.60,29.90,30.18,765759,23063162.00
2010/11/19,30.20,31.32,30.20,31.28,1362700,41884584.00
2010/11/22,31.27,32.70,31.01,32.70,2410662,77542824.00
2010/11/23,32.89,32.89,31.71,32.26,1623975,52149196.00
2010/11/24,31.90,32.91,31.90,32.90,1046541,34141264.00
2010/11/25,33.29,33.29,32.30,32.88,899249,29473568.00
2010/11/26,32.98,32.98,31.68,32.10,1809503,58247296.00
2010/11/29,32.12,32.39,31.83,31.88,1290211,41448864.00
2010/11/30,31.89,31.98,30.57,31.27,1117635,34673908.00
2010/12/01,31.06,31.83,30.80,31.77,772152,24200520.00
2010/12/02,31.80,32.28,31.50,31.50,491009,15656774.00
2010/12/03,31.50,32.46,31.50,32.29,1195770,38418700.00
2010/12/06,32.68,32.68,31.32,31.38,836430,26666292.00
2010/12/07,31.36,32.40,31.20,32.19,735307,23523438.00
2010/12/08,32.00,32.90,31.88,32.80,1006010,32783886.00
2010/12/09,32.65,33.25,32.41,32.75,1084774,35721620.00
2010/12/10,32.97,33.20,32.48,33.20,1160310,38115916.00
2010/12/13,33.00,33.70,32.91,33.55,2458090,82093208.00
2010/12/14,33.55,34.00,32.86,33.79,2033407,67898552.00
2010/12/15,33.55,34.18,33.02,33.03,1327914,44737680.00
2010/12/16,32.99,33.19,32.52,32.62,872651,28654740.00
2010/12/17,32.88,33.35,32.60,32.98,639286,21141208.00
2010/12/20,33.47,33.58,31.50,32.23,1691162,54906120.00
2010/12/21,32.25,32.86,32.05,32.41,1656594,53661620.00
2010/12/22,32.56,32.56,31.78,31.87,1709680,54690528.00
2010/12/23,31.67,31.88,30.46,30.69,2269759,70202992.00
2010/12/24,30.69,30.89,29.96,30.38,854870,25913904.00
2010/12/27,30.30,30.99,30.02,30.29,870012,26579582.00
2010/12/28,30.05,30.10,29.10,30.10,940830,27887638.00
2010/12/29,30.00,30.32,29.60,30.10,791717,23742570.00
2010/12/30,30.10,30.50,29.70,30.40,831192,25077934.00
2010/12/31,30.52,30.89,30.09,30.72,809712,24707730.00
2011/01/04,30.72,31.16,30.52,31.00,772396,23815362.00
2011/01/05,30.99,31.17,30.53,31.06,720777,22339544.00
2011/01/06,31.05,31.30,30.54,30.72,397924,12245240.00
2011/01/07,30.41,30.71,29.89,29.96,806274,24375020.00
2011/01/10,29.83,30.25,29.45,29.52,493336,14682628.00
2011/01/11,29.48,29.70,29.12,29.51,396365,11632680.00
2011/01/12,29.51,29.99,29.17,29.99,309672,9177896.00
2011/01/13,29.69,30.18,29.38,29.79,874331,25944030.00
2011/01/14,29.69,30.18,29.38,29.79,0,0.00
2011/01/17,29.30,29.52,26.92,27.71,1931807,54026744.00
2011/01/18,27.50,28.00,27.01,27.50,372157,10254114.00
2011/01/19,27.70,27.78,27.41,27.52,1727364,47514796.00
2011/01/20,27.45,27.68,27.00,27.00,620948,17005984.00
2011/01/21,26.75,27.18,26.75,26.82,949137,25534122.00
2011/01/24,26.76,27.04,26.50,26.50,272855,7295022.00
2011/01/25,26.50,26.60,25.71,26.29,551479,14438435.00
2011/01/26,26.39,27.39,26.02,27.20,291089,7852480.00
2011/01/27,27.08,27.90,26.71,27.58,935078,25536042.00
2011/01/28,27.50,27.75,27.01,27.59,569847,15628370.00
2011/01/31,27.12,28.40,27.11,28.40,651248,18114058.00
2011/02/01,28.42,28.66,27.75,28.55,482079,13613844.00
2011/02/09,28.24,29.50,28.20,28.67,824503,23797990.00
2011/02/10,29.00,29.98,28.50,28.91,1100009,31929288.00
2011/02/11,28.91,28.93,28.24,28.88,907048,25963788.00
2011/02/14,28.90,29.45,28.52,29.30,1599134,46338232.00
2011/02/15,29.30,29.43,29.00,29.02,683361,19914316.00
2011/02/16,28.90,29.12,28.64,29.11,549349,15879155.00
2011/02/17,29.36,29.36,28.76,28.93,600510,17426380.00
2011/02/18,28.75,29.49,28.75,28.98,513768,14938189.00
2011/02/21,28.90,29.55,28.82,29.54,1240526,36255804.00
2011/02/22,29.55,29.84,28.56,29.16,805579,23621594.00
2011/02/23,28.91,29.35,28.91,29.15,517158,15054973.00
2011/02/24,29.16,29.30,28.96,29.20,529995,15429267.00
2011/02/25,29.22,30.12,28.80,30.10,1027516,30405978.00
2011/02/28,30.04,30.24,29.55,29.98,581460,17374512.00
2011/03/01,29.98,30.28,29.77,29.99,908797,27244860.00
2011/03/02,29.80,29.98,29.17,29.80,494468,14588409.00
2011/03/03,29.50,29.85,29.00,29.16,628530,18400426.00
2011/03/04,29.28,29.79,29.28,29.50,705539,20796924.00
2011/03/07,29.70,29.70,29.31,29.53,710805,20925222.00
2011/03/08,29.38,29.49,28.90,28.91,748998,21819840.00
2011/03/09,28.90,29.18,28.89,29.10,494367,14339684.00
2011/03/10,29.08,29.18,28.75,28.91,542434,15694563.00
2011/03/11,28.90,29.00,28.69,28.91,528687,15223003.00
2011/03/14,28.89,28.89,28.28,28.76,527451,15048996.00
2011/03/15,28.65,28.69,27.68,28.47,667913,18779290.00
2011/03/16,28.20,28.50,28.20,28.41,344666,9779371.00
2011/03/17,28.45,28.45,27.60,27.62,525051,14640764.00
2011/03/18,27.65,27.93,27.65,27.83,204345,5677095.50
2011/03/21,27.83,27.93,27.46,27.49,372947,10324447.00
2011/03/22,27.69,27.90,27.49,27.86,276746,7679045.00
2011/03/23,27.84,28.21,27.82,28.17,470771,13229726.00
2011/03/24,28.25,28.25,28.08,28.12,303301,8535436.00
2011/03/25,28.12,28.50,28.04,28.43,581567,16442094.00
2011/03/28,28.50,29.00,28.50,28.73,689842,19851136.00
2011/03/29,28.73,28.80,27.61,27.78,697971,19728064.00
2011/03/30,27.78,27.85,27.00,27.30,511982,14016030.00
2011/03/31,27.30,27.44,26.80,26.87,309837,8378353.50
2011/04/01,27.00,27.48,26.85,27.40,263766,7198951.00
2011/04/06,27.39,27.50,27.22,27.39,409038,11200070.00
2011/04/07,27.28,27.63,27.26,27.50,383051,10490519.00
2011/04/08,27.49,27.93,27.34,27.75,288236,7973410.50
2011/04/11,27.75,28.44,27.70,27.90,556529,15555155.00
2011/04/12,28.16,28.18,27.25,27.45,706842,19464252.00
2011/04/13,27.50,27.54,27.10,27.46,854331,23305314.00
2011/04/14,27.48,28.39,27.32,28.33,1473186,41457988.00
2011/04/15,28.37,28.43,27.80,28.10,493702,13854282.00
2011/04/18,28.08,28.70,27.76,28.64,703168,19996550.00
2011/04/19,28.55,28.90,28.00,28.75,840853,24070770.00
2011/04/20,28.35,30.02,28.29,29.89,1634664,47697364.00
2011/04/21,29.80,30.20,29.34,29.43,989720,29483948.00
2011/04/22,29.43,29.91,29.43,29.70,692660,20553354.00
2011/04/25,29.70,30.53,29.35,30.28,1378618,41385448.00
2011/04/26,29.80,30.30,29.80,30.07,872231,26274136.00
2011/04/27,30.40,30.49,29.63,29.89,1078524,32341212.00
2011/04/28,29.99,29.99,28.51,28.60,684080,19917978.00
2011/04/29,28.39,30.15,28.39,30.05,1271495,37052856.00
2011/05/03,29.96,30.19,29.65,30.10,605107,18054132.00
2011/05/04,30.10,30.36,29.00,29.49,343210,10106641.00
2011/05/05,29.49,29.98,28.51,28.80,485280,14177660.00
2011/05/06,29.49,29.98,28.51,28.80,0,0.00
2011/05/09,28.82,29.49,28.81,29.17,468585,13663845.00
2011/05/10,29.19,29.29,28.70,28.71,401286,11609017.00
2011/05/11,28.71,28.90,28.39,28.51,418643,11987014.00
2011/05/12,28.58,29.39,28.58,28.87,286179,8315071.00
2011/05/13,28.78,29.20,28.61,29.11,256794,7430953.00
2011/05/16,28.91,29.22,28.80,28.80,447680,12968838.00
2011/05/17,28.70,29.34,28.50,29.25,522426,15144678.00
2011/05/18,29.24,29.39,29.02,29.30,269959,7902664.50
2011/05/19,29.49,29.85,29.20,29.26,410443,12086267.00
2011/05/20,29.18,29.82,28.89,29.80,441604,13007737.00
2011/05/23,29.79,30.05,29.03,29.09,356435,10544274.00
2011/05/24,29.00,29.11,26.51,28.28,1044192,28919866.00
2011/05/25,29.00,29.11,26.51,28.28,0,0.00
2011/05/26,28.00,28.57,27.11,28.00,264475,7426776.50
2011/05/27,27.52,28.45,27.00,28.38,960558,26733154.00
2011/05/30,28.37,28.37,27.32,27.91,142115,3968014.75
2011/05/31,27.62,28.37,27.50,28.20,223645,6234083.50
2011/06/01,28.20,28.37,27.90,28.21,388190,10941343.00
2011/06/02,28.00,28.10,26.47,28.09,637020,17536744.00
2011/06/03,13.87,14.50,13.68,14.40,1064298,14982395.00
2011/06/07,14.24,14.98,14.24,14.74,1113621,16357145.00
2011/06/08,14.55,14.90,14.48,14.62,629418,9206546.00
2011/06/09,14.52,14.65,14.24,14.60,471290,6815948.00
2011/06/10,14.60,14.96,14.25,14.93,1373686,20261290.00
2011/06/13,14.89,15.10,14.52,14.70,1021262,15132251.00
2011/06/14,14.70,14.80,14.25,14.70,1051771,15356762.00
2011/06/15,14.68,14.75,14.41,14.41,685540,9978702.00
2011/06/16,14.26,14.32,13.98,14.22,742854,10504836.00
2011/06/17,14.27,14.51,14.11,14.51,788320,11323335.00
2011/06/20,14.52,14.59,14.18,14.45,546250,7848925.50
2011/06/21,14.30,15.39,14.30,15.07,2031980,30346576.00
2011/06/22,14.99,15.16,14.75,15.08,1578461,23656244.00
2011/06/23,14.99,15.16,14.75,15.08,0,0.00
2011/06/24,15.18,15.47,15.08,15.29,2422086,37050268.00
2011/06/27,15.29,15.87,15.10,15.85,3743892,58464116.00
2011/06/28,15.78,15.86,15.50,15.69,1340686,21054150.00
2011/06/29,15.75,16.01,15.52,15.72,2224249,35125220.00
2011/06/30,15.60,16.18,15.60,16.05,2831295,45197636.00
2011/07/01,16.03,16.36,15.91,15.93,1680548,27086264.00
2011/07/04,15.97,16.23,15.88,16.12,2278702,36671840.00
2011/07/05,16.10,16.18,15.90,16.09,2459559,39377328.00
2011/07/06,16.00,16.00,15.78,15.92,1004292,15917954.00
2011/07/07,15.94,16.03,15.80,15.90,2418516,38481912.00
2011/07/08,15.87,16.20,15.50,16.15,3664963,58186388.00
2011/07/11,16.22,16.50,16.10,16.34,2398173,39164096.00
2011/07/12,16.30,17.50,16.30,16.87,9184143,153666528.00
2011/07/13,16.85,17.32,16.66,17.20,3984776,68265872.00
2011/07/14,17.20,17.72,17.20,17.40,5197743,90622752.00
2011/07/15,17.40,17.54,17.12,17.45,2695831,46575400.00
2011/07/18,17.45,17.58,17.35,17.45,1783858,31110536.00
2011/07/19,17.46,17.52,17.10,17.23,1551890,26814832.00
2011/07/20,17.25,17.99,17.25,17.58,3050689,53798436.00
2011/07/21,17.56,17.77,17.14,17.16,1821451,31585110.00
2011/07/22,17.31,17.47,17.20,17.32,1362566,23620742.00
2011/07/25,17.33,17.33,16.61,17.00,2247331,38017992.00
2011/07/26,16.98,17.30,16.70,17.20,1524464,25988436.00
2011/07/27,17.19,17.61,17.02,17.61,2033255,35473656.00
2011/07/28,17.80,18.05,17.41,17.85,3931702,69722064.00
2011/07/29,18.00,18.25,17.57,17.80,2358485,41994224.00
2011/08/01,17.76,17.87,17.40,17.60,1575912,27652792.00
2011/08/02,17.60,17.73,17.13,17.45,1184082,20585648.00
2011/08/03,17.29,18.00,17.03,17.49,2013466,35349440.00
2011/08/04,17.41,17.62,17.20,17.50,1109525,19323768.00
2011/08/05,16.97,17.40,16.90,17.15,1215176,20895672.00
2011/08/08,16.82,17.05,15.68,16.85,2570734,42734468.00
2011/08/09,16.05,17.15,16.05,16.70,1559966,26094058.00
2011/08/10,17.05,17.12,16.80,16.90,1778969,30130486.00
2011/08/11,16.80,16.98,16.70,16.90,1879585,31666606.00
2011/08/12,16.91,17.92,16.91,17.60,6018072,105828976.00
2011/08/15,17.70,17.95,17.45,17.78,3217085,56800232.00
2011/08/16,17.70,17.98,17.60,17.78,2872289,51124360.00
2011/08/17,17.83,17.97,17.57,17.88,2597200,46257720.00
2011/08/18,17.99,18.59,17.80,18.16,6534017,119758248.00
2011/08/19,17.76,18.00,17.51,17.97,2721092,48341540.00
2011/08/22,17.90,18.50,17.30,17.76,2835623,50470088.00
2011/08/23,17.58,17.84,17.32,17.80,1416604,24928600.00
2011/08/24,17.91,18.19,17.66,18.17,2064098,37025112.00
2011/08/25,18.19,18.56,18.08,18.50,4164961,76496728.00
2011/08/26,18.53,18.70,18.30,18.38,2655073,49092860.00
2011/08/29,18.39,18.55,18.31,18.55,2004277,36899228.00
2011/08/30,18.66,18.74,18.28,18.28,2055172,38173576.00
2011/08/31,18.05,18.28,17.60,17.80,2412967,43204196.00
2011/09/01,17.88,18.00,17.31,17.50,2165267,37990560.00
2011/09/02,17.50,18.00,17.31,17.80,2842381,50514804.00
2011/09/05,17.61,18.00,17.36,17.63,825511,14577316.00
2011/09/06,17.48,17.69,17.31,17.50,964848,16874992.00
2011/09/07,17.50,17.73,17.35,17.60,1653432,28991956.00
2011/09/08,17.72,17.80,17.46,17.50,779884,13725080.00
2011/09/09,17.62,17.62,17.12,17.37,1109569,19176582.00
2011/09/13,17.20,17.30,16.82,17.06,661668,11256856.00
2011/09/14,17.19,17.29,16.86,16.98,1110042,18887204.00
2011/09/15,17.00,17.28,16.98,17.02,1691715,28974212.00
2011/09/16,17.01,17.70,16.94,17.47,1468396,25614370.00
2011/09/19,17.40,17.47,17.01,17.16,440665,7556838.00
2011/09/20,17.00,17.29,17.00,17.18,263860,4517032.00
2011/09/21,17.27,17.69,17.00,17.69,1734920,30211274.00
2011/09/22,17.42,17.60,17.11,17.48,903229,15695672.00
2011/09/23,17.09,17.43,17.00,17.43,544136,9339261.00
2011/09/26,17.30,17.42,16.70,16.94,616090,10477531.00
2011/09/27,16.95,17.00,16.25,16.55,2270015,37594328.00
2011/09/28,16.55,16.73,16.26,16.68,1246923,20571362.00
2011/09/29,16.63,16.63,16.21,16.35,668299,10931737.00
2011/09/30,16.28,16.65,16.28,16.45,687783,11324196.00
2011/10/10,16.45,16.67,16.35,16.50,475140,7846175.00
2011/10/11,16.75,17.00,16.02,16.50,568322,9377796.00
2011/10/12,16.50,17.20,16.19,17.20,632322,10688930.00
2011/10/13,17.09,17.45,17.05,17.12,1086113,18654532.00
2011/10/14,17.09,17.45,17.05,17.12,0,0.00
2011/10/17,17.20,17.60,17.01,17.60,815435,14130017.00
2011/10/18,17.40,17.74,17.30,17.56,580665,10144375.00
2011/10/19,17.45,17.60,17.20,17.49,907251,15745221.00
2011/10/20,17.48,17.60,17.05,17.60,803850,13871622.00
2011/10/21,17.60,17.64,17.21,17.23,1044498,18203092.00
2011/10/24,17.07,17.20,16.50,17.05,1681833,28277762.00
2011/10/25,17.00,17.69,17.00,17.62,1324272,23133836.00
2011/10/26,17.50,18.09,17.41,18.09,2286778,40875104.00
2011/10/27,18.30,18.30,17.75,17.85,1482928,26639470.00
2011/10/28,18.10,18.17,17.44,17.94,1941764,34620856.00
2011/10/31,17.85,18.98,17.80,18.98,7202244,133886224.00
2011/11/01,18.94,19.21,18.58,18.87,3932135,74207216.00
2011/11/02,18.68,19.20,18.26,19.11,3078264,57791648.00
2011/11/03,19.13,19.49,18.78,18.86,3666057,70120280.00
2011/11/04,18.85,18.95,18.51,18.72,2183908,40967516.00
2011/11/07,18.80,19.29,18.68,19.09,2472691,47088748.00
2011/11/08,19.18,19.38,18.75,19.09,1378415,26119534.00
2011/11/09,19.00,19.38,18.78,19.19,2085504,39850888.00
2011/11/10,19.00,19.10,18.45,18.94,2932629,54965152.00
2011/11/11,19.00,19.10,18.45,18.94,0,0.00
2011/11/14,18.90,19.33,18.66,19.17,2654205,50561168.00
2011/11/15,19.09,19.79,18.95,19.75,3566586,69878456.00
2011/11/16,19.79,19.95,19.26,19.59,2209002,43213544.00
2011/11/17,19.53,19.65,18.90,19.22,1852363,35695920.00
2011/11/18,19.01,19.15,18.30,18.67,1705053,32069788.00
2011/11/21,18.90,18.90,18.30,18.90,1044000,19299460.00
2011/11/22,18.69,19.05,18.15,19.05,1107033,20744612.00
2011/11/23,19.00,19.20,18.79,19.20,1134722,21644672.00
2011/11/24,19.10,19.38,18.72,19.38,1599914,30559374.00
2011/11/25,19.35,19.50,19.16,19.38,1575658,30507726.00
2011/11/28,19.42,19.50,19.06,19.49,1713022,33104260.00
2011/11/29,19.58,19.59,19.08,19.49,1719594,33250564.00
2011/11/30,19.30,19.38,18.20,18.99,2059951,38918696.00
2011/12/01,19.31,19.50,19.01,19.24,1714125,33044570.00
2011/12/02,19.03,19.30,18.63,19.18,1023092,19459858.00
2011/12/05,19.00,19.09,18.30,18.70,1188986,22226292.00
2011/12/06,18.39,18.78,18.33,18.76,708311,13188635.00
2011/12/07,18.76,18.98,18.48,18.80,446846,8399837.00
2011/12/08,18.63,19.10,18.60,19.09,839766,15935188.00
2011/12/09,19.32,19.32,18.80,19.00,730803,13896068.00
2011/12/12,19.15,19.15,18.42,18.50,424042,7947954.00
2011/12/13,18.30,18.45,17.70,17.70,1006980,18037536.00
2011/12/14,17.48,17.85,17.01,17.31,829206,14458992.00
2011/12/15,17.31,17.45,17.00,17.40,929807,16013718.00
2011/12/16,17.41,17.45,16.80,17.35,1594568,27327582.00
2011/12/19,17.23,17.23,16.75,16.90,1812012,30750310.00
2011/12/20,16.76,17.41,16.71,17.22,1231575,21215072.00
2011/12/21,17.23,17.50,16.87,17.10,651505,11171465.00
2011/12/22,16.80,17.30,16.55,17.22,692927,11718348.00
2011/12/23,17.15,17.65,16.91,17.42,745121,12982751.00
2011/12/26,17.45,17.71,17.29,17.70,485700,8542142.00
2011/12/27,17.55,17.56,17.08,17.35,538221,9338435.00
2011/12/28,17.29,17.60,16.50,17.50,907264,15427845.00
2011/12/29,17.34,17.61,17.12,17.53,729066,12712591.00
2011/12/30,17.53,17.86,17.43,17.80,1154643,20432204.00
2012/01/04,17.88,17.94,16.88,17.13,1261548,21751118.00
2012/01/05,16.60,17.00,15.90,16.60,1510801,24764308.00
2012/01/06,16.40,17.00,15.90,16.85,1240648,20122140.00
2012/01/09,16.88,17.68,16.55,17.39,1132923,19591426.00
2012/01/10,17.25,17.88,17.25,17.50,1442512,25510584.00
2012/01/11,17.60,17.78,17.21,17.49,914614,15912880.00
2012/01/12,17.48,17.49,17.21,17.43,613768,10641402.00
2012/01/13,17.11,17.39,16.63,17.19,827633,14031939.00
2012/01/16,16.71,16.98,16.68,16.85,541290,9140165.00
2012/01/17,16.71,16.98,16.68,16.85,0,0.00
2012/01/18,17.50,17.60,16.50,16.75,1278846,21915060.00
2012/01/19,16.50,17.00,15.11,16.49,2733631,43614592.00
2012/01/20,16.00,16.80,16.00,16.80,1385488,22929922.00
2012/01/30,16.80,17.30,16.70,16.76,448812,7634223.50
2012/01/31,16.90,16.91,16.50,16.70,242848,4052732.75
2012/02/01,16.36,16.78,16.36,16.70,302473,5038531.00
2012/02/02,16.70,16.87,16.40,16.80,1339251,22157930.00
2012/02/03,16.80,16.88,16.51,16.82,769937,12869413.00
2012/02/06,16.80,17.10,16.80,17.03,1094028,18530508.00
2012/02/07,16.94,17.02,16.81,17.01,702972,11914271.00
2012/02/08,17.05,17.19,16.85,17.19,679500,11591733.00
2012/02/09,17.19,17.45,17.05,17.23,767434,13279582.00
2012/02/10,17.23,17.36,17.18,17.26,604954,10438551.00
2012/02/13,17.03,17.43,17.02,17.35,509519,8814358.00
2012/02/14,17.34,17.42,17.08,17.18,404595,6966838.50
2012/02/15,17.28,17.32,17.05,17.31,913551,15774836.00
2012/02/16,17.40,17.44,17.15,17.22,776357,13457357.00
2012/02/17,17.22,17.30,17.02,17.23,388604,6682069.50
2012/02/20,17.42,17.42,17.04,17.12,915049,15730397.00
2012/02/21,17.12,17.29,17.02,17.28,691466,11870318.00
2012/02/22,17.30,17.89,17.30,17.88,1665299,29420196.00
2012/02/23,17.91,18.29,17.88,17.93,1267641,22883198.00
2012/02/24,17.79,18.27,17.79,18.26,711481,12841218.00
2012/02/27,18.26,18.86,18.15,18.38,3279786,60962180.00
2012/02/28,18.20,18.64,17.94,18.40,1247089,22789090.00
2012/02/29,18.41,18.48,18.06,18.36,932079,17043902.00
2012/03/01,18.25,18.55,18.22,18.36,523114,9626277.00
2012/03/02,18.46,18.78,18.30,18.66,915391,16981718.00
2012/03/05,18.72,19.10,18.50,18.61,866065,16323308.00
2012/03/06,18.46,18.59,18.16,18.33,801896,14725912.00
2012/03/07,18.20,18.35,18.03,18.11,582523,10590283.00
2012/03/08,18.15,18.39,18.15,18.25,652019,11915392.00
2012/03/09,18.39,18.90,18.39,18.67,1024891,19160810.00
2012/03/12,18.80,19.03,18.52,19.00,1503010,28254834.00
2012/03/13,18.94,19.30,18.65,19.10,2167224,41229016.00
2012/03/14,19.11,19.35,18.30,18.60,1729778,32584250.00
2012/03/15,18.56,19.98,18.50,19.85,4047997,78932600.00
2012/03/16,19.82,20.96,19.82,20.66,5525949,113158904.00
2012/03/19,20.80,21.30,20.32,20.94,2946684,61501840.00
2012/03/20,20.82,21.06,20.40,20.63,1759186,36348548.00
2012/03/21,20.50,20.98,20.11,20.95,2249205,46232768.00
2012/03/22,20.97,21.89,20.50,20.57,4288012,91255552.00
2012/03/23,20.17,20.49,19.55,20.17,1926503,38615652.00
2012/03/26,19.86,20.44,19.86,20.41,1251110,25284368.00
2012/03/27,20.44,20.97,19.90,20.25,1522291,30958960.00
2012/03/28,20.29,20.29,19.40,19.67,1617304,32016166.00
2012/03/29,19.42,19.79,19.06,19.67,1091230,21179156.00
2012/03/30,19.66,19.79,19.30,19.55,1275221,24929354.00
2012/04/05,19.50,20.72,19.26,20.42,1655957,33530834.00
2012/04/06,20.32,20.93,20.23,20.82,1251538,25721628.00
2012/04/09,20.80,21.20,20.48,20.49,1152200,23862212.00
2012/04/10,20.49,20.78,19.70,20.75,1138242,23044464.00
2012/04/11,20.64,21.05,20.46,20.88,1206399,25126572.00
2012/04/12,20.88,21.18,20.82,21.10,1533502,32333174.00
2012/04/13,21.20,21.26,20.71,20.92,1008434,21163498.00
2012/04/16,20.92,21.16,20.30,21.07,1088815,22481660.00
2012/04/17,20.94,21.10,20.71,20.95,738688,15444756.00
2012/04/18,20.90,21.10,20.30,20.90,1255957,26041106.00
2012/04/19,20.90,20.96,20.41,20.82,981624,20294746.00
2012/04/20,20.69,20.78,20.30,20.58,834559,17153812.00
2012/04/23,20.63,21.61,20.56,21.21,1728718,36574168.00
2012/04/24,21.13,21.54,20.80,21.20,2714985,57851908.00
2012/04/25,21.10,21.67,20.98,21.49,1550371,33239796.00
2012/04/26,21.48,21.69,21.28,21.44,1177377,25224238.00
2012/04/27,21.40,21.78,21.00,21.64,1023308,21852854.00
2012/05/02,21.86,22.36,21.50,22.20,1862327,40839336.00
2012/05/03,22.20,22.20,21.66,21.89,1644997,36046236.00
2012/05/04,21.71,22.40,21.71,22.22,3132758,69273424.00
2012/05/07,22.55,22.55,22.00,22.11,979815,21673774.00
2012/05/08,22.10,22.10,21.45,21.82,1865246,40470036.00
2012/05/09,22.10,22.10,21.45,21.82,0,0.00
2012/05/10,21.50,21.88,21.48,21.85,614257,13340788.00
2012/05/11,22.00,22.00,21.50,21.77,390368,8450061.00
2012/05/14,21.88,21.90,21.03,21.37,825738,17683302.00
2012/05/15,21.18,21.37,20.55,20.93,1352942,28215974.00
2012/05/16,20.96,21.08,20.71,20.80,1398727,29164414.00
2012/05/17,20.71,21.60,20.71,21.60,731162,15595545.00
2012/05/18,16.50,16.50,15.99,15.99,849447,13808962.00
2012/05/21,15.98,16.00,15.82,15.85,734678,11671183.00
2012/05/22,16.00,16.55,15.75,16.38,1349367,22020986.00
2012/05/23,16.30,16.62,16.30,16.41,1297728,21324516.00
2012/05/24,16.40,16.60,16.18,16.40,648220,10682835.00
2012/05/25,16.31,16.56,16.10,16.48,1502344,24670790.00
2012/05/28,16.43,16.55,15.85,16.49,1222616,19787886.00
2012/05/29,16.52,16.93,16.40,16.88,1931907,32337874.00
2012/05/30,16.90,17.67,16.75,17.47,2758087,47882684.00
2012/05/31,17.47,17.50,17.20,17.37,1214261,21075376.00
2012/06/01,17.37,17.40,17.13,17.22,1302158,22477016.00
2012/06/04,16.81,17.48,16.75,16.83,969847,16552712.00
2012/06/05,16.89,17.35,16.85,17.23,914765,15652762.00
2012/06/06,17.32,17.36,17.11,17.20,548180,9454124.00
2012/06/07,17.39,17.57,17.24,17.40,845515,14717433.00
2012/06/08,17.56,17.57,17.30,17.40,521856,9093630.00
2012/06/11,17.38,17.64,17.16,17.55,880053,15341476.00
2012/06/12,17.55,17.95,17.50,17.62,1833977,32525738.00
2012/06/13,17.62,17.94,17.52,17.85,1504390,26683864.00
2012/06/14,17.82,17.90,17.42,17.62,1176947,20709380.00
2012/06/15,17.67,17.67,17.25,17.44,797472,13899902.00
2012/06/18,17.44,17.78,17.37,17.42,978955,17110140.00
2012/06/19,17.42,17.56,17.31,17.38,609724,10614430.00
2012/06/20,17.33,17.40,17.02,17.23,946984,16257874.00
2012/06/21,17.22,17.22,16.88,17.00,714715,12141130.00
2012/06/25,16.80,17.00,16.51,16.96,1053583,17618138.00
2012/06/26,16.90,17.07,16.64,16.93,629546,10611595.00
2012/06/27,16.96,17.29,16.76,17.25,1154003,19752230.00
2012/06/28,17.25,17.51,17.00,17.26,1151851,19807498.00
2012/06/29,17.13,18.00,17.09,17.86,2892216,50905892.00
2012/07/02,17.76,17.93,17.50,17.89,3137343,55598024.00
2012/07/03,17.75,18.19,17.68,18.10,2239570,40284036.00
2012/07/04,18.12,18.15,17.73,17.82,1039611,18598028.00
2012/07/05,17.83,17.84,17.44,17.50,1382402,24293710.00
2012/07/06,17.50,18.45,17.45,18.09,3501921,63296292.00
2012/07/09,18.09,18.38,17.75,17.83,3136436,57119696.00
2012/07/10,17.80,18.08,17.60,18.00,2146199,38511496.00
2012/07/11,18.16,18.60,17.92,18.60,6208181,114194352.00
2012/07/12,18.60,19.10,18.39,18.83,6412023,120803808.00
2012/07/13,18.83,18.90,18.51,18.60,2768106,51574300.00
2012/07/16,18.62,19.19,18.47,18.50,6869354,129150728.00
2012/07/17,18.48,18.54,17.82,18.20,2871144,51865876.00
2012/07/18,18.23,18.57,17.91,18.50,1933498,34979376.00
2012/07/19,18.55,18.89,18.33,18.37,2108660,39145956.00
2012/07/20,18.18,18.40,18.01,18.10,816649,14820018.00
2012/07/23,17.82,18.34,17.82,18.21,663855,12046161.00
2012/07/24,18.22,18.55,18.02,18.34,636423,11672612.00
2012/07/25,18.18,18.89,18.18,18.86,2096245,39200312.00
2012/07/26,19.00,19.08,18.00,18.01,1918154,35472368.00
2012/07/27,18.01,18.30,17.11,18.16,3222155,56465608.00
2012/07/30,17.89,17.97,17.48,17.73,862223,15233709.00
2012/07/31,17.70,17.83,17.28,17.55,907225,15910955.00
2012/08/01,17.32,17.75,17.32,17.65,1297376,22828366.00
2012/08/02,17.65,17.65,17.07,17.53,2024612,35021884.00
2012/08/03,17.68,17.75,17.04,17.51,1994761,34753056.00
2012/08/06,17.51,18.10,17.36,18.00,3055082,54651780.00
2012/08/07,18.00,18.38,17.90,17.99,2391681,43458364.00
2012/08/08,17.94,18.19,17.80,17.99,758303,13600713.00
2012/08/09,17.86,18.27,17.82,18.13,1305639,23598260.00
2012/08/10,18.15,18.33,17.80,17.88,975430,17578360.00
2012/08/13,17.97,18.09,17.61,17.88,995381,17762738.00
2012/08/14,17.84,17.93,16.71,17.70,1838150,31773198.00
2012/08/15,17.46,17.56,17.20,17.49,1137820,19746144.00
2012/08/16,17.46,17.46,17.15,17.42,579871,10033293.00
2012/08/17,17.25,17.25,16.80,17.07,1091112,18515240.00
2012/08/20,17.00,17.00,16.73,16.95,1114438,18775536.00
2012/08/21,16.78,17.30,16.78,17.30,1266972,21683490.00
2012/08/22,17.30,17.48,16.92,17.00,1484017,25296460.00
2012/08/23,16.82,17.29,16.82,17.24,1102418,18720098.00
2012/08/24,17.20,17.20,16.77,17.06,1030794,17451422.00
2012/08/27,17.02,17.05,16.81,16.99,501263,8479423.00
2012/08/28,16.83,17.20,16.81,17.11,568054,9650782.00
2012/08/29,17.02,17.30,16.86,16.88,674962,11534362.00
2012/08/30,16.88,16.88,15.91,16.50,2567215,41879568.00
2012/08/31,16.20,16.49,15.92,16.11,1223745,19691700.00
2012/09/03,15.99,16.00,15.00,15.84,1728901,27361716.00
2012/09/04,15.84,16.20,15.84,16.00,1295302,20727728.00
2012/09/05,15.95,16.40,15.63,16.40,1467997,23678842.00
2012/09/06,16.24,16.40,16.13,16.34,1179955,19135036.00
2012/09/07,16.36,17.15,16.36,16.74,1607133,27008030.00
2012/09/10,16.75,17.33,16.75,17.12,1475102,25289806.00
2012/09/11,17.01,17.10,16.82,16.96,470960,7995120.00
2012/09/12,17.10,17.10,16.83,16.99,879210,14913893.00
2012/09/13,17.10,17.10,16.69,16.80,815960,13746738.00
2012/09/14,16.70,16.95,16.03,16.45,3468070,56786164.00
2012/09/17,16.28,16.33,16.00,16.20,931366,15060635.00
2012/09/18,16.10,16.29,15.98,16.16,1124694,18040020.00
2012/09/19,16.20,16.28,16.00,16.20,540558,8716540.00
2012/09/20,16.17,16.20,15.81,15.99,1149680,18315008.00
2012/09/21,15.61,16.10,15.61,15.90,275791,4400379.00
2012/09/24,15.80,16.24,15.60,16.24,656206,10441607.00
2012/09/25,16.29,16.33,15.97,16.23,803426,12960409.00
2012/09/26,16.02,16.14,15.70,15.80,1422944,22536806.00
2012/09/27,15.85,16.20,15.65,16.10,1404352,22308676.00
2012/09/28,15.70,16.42,15.70,16.40,1111380,17917404.00
2012/10/08,16.40,16.40,16.20,16.40,340596,5564123.50
2012/10/09,16.45,16.90,16.25,16.85,1698867,28238002.00
2012/10/10,16.71,16.80,16.47,16.70,3233178,53638680.00
2012/10/11,16.61,16.61,15.83,15.86,3186663,51610892.00
2012/10/12,15.87,16.10,15.54,15.75,1858839,29317468.00
2012/10/15,15.82,15.86,14.87,15.06,9856539,148020304.00
2012/10/16,14.98,15.65,14.98,15.57,2488674,38475316.00
2012/10/17,15.59,15.65,15.42,15.50,888157,13765382.00
2012/10/18,15.53,15.91,15.46,15.79,1272808,20043100.00
2012/10/19,15.75,15.86,15.61,15.70,495644,7813487.50
2012/10/22,15.69,15.98,15.51,15.96,699114,11053704.00
2012/10/23,15.96,16.10,15.75,15.91,1279786,20265198.00
2012/10/24,15.66,16.00,15.60,15.89,344602,5467947.50
2012/10/25,15.85,15.88,15.62,15.85,292879,4621068.50
2012/10/26,15.80,15.80,15.35,15.60,1546230,23962268.00
2012/10/29,15.59,15.60,15.22,15.50,637929,9841407.00
2012/10/30,15.50,15.50,15.20,15.46,865855,13275378.00
2012/10/31,15.20,15.58,15.16,15.50,513238,7958696.00
2012/11/01,15.50,15.77,15.40,15.66,770714,12084729.00
2012/11/02,15.66,15.68,15.46,15.60,762599,11877686.00
2012/11/05,15.60,15.72,15.40,15.72,1279314,20023956.00
2012/11/06,15.70,15.95,15.65,15.90,1581071,25091594.00
2012/11/07,15.91,16.04,15.80,15.87,910460,14526229.00
2012/11/08,15.83,15.83,15.59,15.69,253147,3968979.25
2012/11/09,15.61,15.72,15.45,15.68,405903,6323153.50
2012/11/12,15.62,15.64,15.40,15.53,272777,4231745.50
2012/11/13,15.38,15.53,15.38,15.46,224590,3463633.00
2012/11/14,15.48,15.54,15.33,15.47,307380,4743074.00
2012/11/15,15.47,15.50,15.25,15.50,1069093,16447612.00
2012/11/16,15.49,15.49,15.26,15.39,213903,3277234.00
2012/11/19,15.25,15.46,15.06,15.38,396295,6034876.00
2012/11/20,15.23,15.50,15.23,15.38,247350,3810567.00
2012/11/21,15.48,15.49,15.11,15.48,339932,5202582.00
2012/11/22,15.37,15.38,14.86,15.35,434405,6628245.50
2012/11/23,15.33,15.40,15.20,15.40,588697,9002523.00
2012/11/26,15.36,15.38,15.08,15.23,593091,9001075.00
2012/11/27,15.10,15.23,14.88,15.15,547794,8214875.50
2012/11/28,15.13,15.15,14.80,15.14,972679,14555678.00
2012/11/29,15.10,15.15,14.88,15.11,567988,8533716.00
2012/11/30,15.01,15.20,15.00,15.20,390180,5899940.00
2012/12/03,15.30,15.30,14.91,15.00,480698,7242799.00
2012/12/04,14.80,15.10,14.59,14.90,465558,6891230.00
2012/12/05,14.80,15.40,14.65,15.29,2321103,35063496.00
2012/12/06,15.21,15.21,14.93,15.18,713950,10726502.00
2012/12/07,14.95,15.67,14.95,15.54,3360723,51705748.00
2012/12/10,15.55,16.19,15.40,16.10,3486034,55479376.00
2012/12/11,16.12,16.15,15.89,16.13,1454217,23336744.00
2012/12/12,16.13,16.13,15.60,16.10,1386860,21956252.00
2012/12/13,16.00,16.00,15.64,15.79,1203043,18931518.00
2012/12/14,15.73,16.29,15.70,16.26,3026149,48693136.00
2012/12/17,16.11,16.11,15.78,15.95,1764208,28075160.00
2012/12/18,15.95,16.12,15.66,15.95,2685184,42769912.00
2012/12/19,15.72,15.95,15.67,15.83,1041784,16448670.00
2012/12/20,15.73,16.18,15.73,16.08,1922264,30771446.00
2012/12/21,16.12,16.20,15.89,16.20,2160932,34692580.00
2012/12/24,16.26,16.40,15.91,16.21,1439372,23244326.00
2012/12/25,16.16,16.59,16.01,16.46,5004723,81824392.00
2012/12/26,16.47,16.62,16.35,16.42,2447842,40364944.00
2012/12/27,16.38,16.60,16.26,16.55,2858259,47029316.00
2012/12/28,16.64,16.72,16.46,16.60,2157420,35843192.00
2012/12/31,16.68,17.10,16.40,17.10,3615314,60287096.00
2013/01/04,17.06,17.06,16.57,16.64,1441190,24060096.00
2013/01/07,16.64,16.64,16.41,16.54,1327932,21961760.00
2013/01/08,16.65,16.65,16.45,16.55,1679717,27790612.00
2013/01/09,16.55,17.10,16.42,17.00,4198843,70713952.00
2013/01/10,16.90,17.20,16.84,17.04,1661898,28319730.00
2013/01/11,17.06,17.09,16.63,16.65,1302802,21885096.00
2013/01/14,16.65,17.18,16.45,17.14,2897553,49400044.00
2013/01/15,17.13,18.18,17.13,18.00,3271021,58193540.00
2013/01/16,17.13,18.18,17.13,18.00,0,0.00
2013/01/17,17.13,18.18,17.13,18.00,0,0.00
2013/01/18,17.13,18.18,17.13,18.00,0,0.00
2013/01/21,17.13,18.18,17.13,18.00,0,0.00
2013/01/22,18.23,18.90,17.37,18.45,3879864,70547216.00
2013/01/23,18.35,18.50,17.88,18.48,2464586,45106004.00
2013/01/24,18.44,18.49,17.92,17.95,1299196,23676874.00
2013/01/25,17.95,18.25,17.45,17.98,2315758,41536576.00
2013/01/28,17.98,18.08,17.72,17.99,4034181,72210136.00
2013/01/29,18.05,18.74,17.90,18.45,4526843,82492384.00
2013/01/30,18.45,18.45,17.90,17.90,3086710,55663668.00
2013/01/31,17.91,18.00,17.45,17.58,1011403,17885772.00
2013/02/01,17.55,17.77,17.50,17.56,1141270,20124392.00
2013/02/04,17.56,17.68,16.98,17.27,2293110,39377700.00
2013/02/05,17.30,17.43,16.86,16.95,2290121,38944560.00
2013/02/06,17.00,17.17,16.88,17.10,1776169,30276498.00
2013/02/07,17.10,17.67,17.00,17.62,4040227,69750192.00
2013/02/08,17.55,17.62,17.35,17.56,3152044,55105788.00
2013/02/18,17.49,17.78,17.49,17.60,2088801,36776148.00
2013/02/19,17.62,17.66,17.20,17.38,1647841,28664488.00
2013/02/20,17.38,17.70,17.18,17.68,2108447,36941804.00
2013/02/21,17.65,17.95,17.40,17.60,1998371,35339000.00
2013/02/22,17.65,18.00,17.61,17.82,1938602,34665208.00
2013/02/25,17.80,18.50,17.75,18.27,2597136,47259784.00
2013/02/26,18.27,18.50,18.00,18.16,1048689,19066056.00
2013/02/27,18.30,18.45,17.90,18.13,1833414,33025482.00
2013/02/28,18.13,18.13,17.80,18.10,1717229,30818314.00
2013/03/01,18.05,18.39,17.90,18.18,2007971,36612652.00
2013/03/04,18.09,18.34,17.00,17.40,3744536,65668800.00
2013/03/05,17.40,17.78,17.12,17.62,2495784,43669744.00
2013/03/06,17.69,17.75,17.40,17.59,2024216,35462044.00
2013/03/07,17.59,17.59,17.03,17.19,1298880,22404866.00
2013/03/08,17.27,17.27,16.95,17.17,1436744,24541896.00
2013/03/11,17.16,17.35,16.92,17.21,1119227,19214616.00
2013/03/12,17.30,17.66,17.25,17.66,3596654,63051616.00
2013/03/13,17.66,17.66,16.81,17.36,2389897,40966196.00
2013/03/14,17.42,17.45,17.15,17.25,1264175,21835858.00
2013/03/15,17.18,17.63,17.00,17.29,2972717,51582240.00
2013/03/18,17.21,17.29,16.95,17.29,3823304,65284404.00
2013/03/19,17.19,17.33,16.98,17.33,2963188,50576164.00
2013/03/20,17.29,17.51,17.09,17.48,2671640,46332460.00
2013/03/21,17.48,17.88,17.30,17.74,1423490,25084128.00
2013/03/22,17.85,17.88,17.48,17.80,1488415,26255112.00
2013/03/25,17.79,17.85,17.48,17.50,952436,16747288.00
2013/03/26,17.50,17.59,17.33,17.49,863628,15088847.00
2013/03/27,17.48,17.63,17.36,17.55,741030,12978352.00
2013/03/28,17.55,17.55,17.12,17.50,1754727,30292604.00
2013/03/29,17.43,17.49,17.08,17.11,1034433,17763660.00
2013/04/01,17.11,17.78,17.09,17.30,909125,15794720.00
2013/04/02,17.29,17.59,16.82,17.18,1764546,30092712.00
2013/04/03,17.18,17.18,16.30,16.91,2044722,34131024.00
2013/04/08,16.63,17.08,16.45,17.05,1914337,32195320.00
2013/04/09,17.01,17.30,16.80,17.25,930590,15947078.00
2013/04/10,17.33,17.40,17.07,17.35,955620,16465622.00
2013/04/11,17.35,17.47,17.10,17.34,581616,10035259.00
2013/04/12,17.30,17.34,16.92,17.20,351721,6011806.00
2013/04/15,17.00,17.27,16.96,17.19,731866,12477572.00
2013/04/16,17.00,17.18,16.91,17.18,510888,8694837.00
2013/04/17,17.17,17.50,16.98,17.49,757124,13028919.00
2013/04/18,17.58,17.58,17.10,17.18,607470,10443175.00
2013/04/19,17.24,17.76,17.16,17.76,2433673,42477716.00
2013/04/22,17.58,18.15,17.58,18.15,1837490,32939508.00
2013/04/23,18.15,18.29,17.55,17.80,1373289,24610804.00
2013/04/24,17.80,18.00,17.45,17.81,1304218,23103822.00
2013/04/25,17.77,18.27,17.63,18.15,1878479,33980072.00
2013/04/26,17.95,18.80,17.95,18.80,4271271,79283872.00
2013/05/02,18.74,19.28,18.40,19.19,2961214,56043096.00
2013/05/03,19.48,19.61,18.80,19.10,3017757,57878444.00
2013/05/06,19.13,19.40,18.88,19.14,2721243,51919152.00
2013/05/07,19.10,19.24,18.55,19.10,2539576,48135836.00
2013/05/08,19.08,19.09,18.64,18.86,2318269,43678220.00
2013/05/09,18.85,18.85,18.50,18.75,1197204,22284914.00
2013/05/10,18.74,19.63,18.55,19.40,3812184,73224696.00
2013/05/13,19.25,19.77,19.04,19.35,2091911,40261280.00
2013/05/14,19.39,19.50,18.89,18.94,1843616,35321528.00
2013/05/15,18.93,19.23,18.69,19.04,1702545,32215170.00
2013/05/16,19.01,19.35,18.78,18.91,1733268,33035636.00
2013/05/17,18.94,19.70,18.60,19.69,2614025,50273108.00
2013/05/20,15.00,15.16,14.80,15.11,3699388,55409420.00
2013/05/21,15.10,15.40,14.88,15.02,3632872,54928228.00
2013/05/22,15.00,15.16,14.60,14.78,2287653,33976780.00
2013/05/23,14.78,14.98,14.66,14.75,1981190,29338008.00
2013/05/24,14.75,14.88,14.49,14.79,2549437,37315932.00
2013/05/27,14.75,14.82,14.46,14.68,3184481,46381852.00
2013/05/28,14.61,14.76,14.52,14.67,1840861,26948750.00
2013/05/29,14.70,14.98,14.63,14.82,3609843,53486268.00
2013/05/30,14.80,14.90,14.46,14.58,3314196,48256488.00
2013/05/31,14.58,14.75,14.46,14.60,1984931,29070254.00
2013/06/03,14.58,14.78,14.50,14.51,1192050,17364554.00
2013/06/04,14.60,14.74,14.15,14.38,2454289,35460640.00
2013/06/05,14.22,14.38,14.08,14.16,1291403,18302802.00
2013/06/06,14.12,14.23,14.05,14.10,1563839,22080546.00
2013/06/07,14.04,14.16,13.33,13.72,2425551,33290412.00
2013/06/13,13.79,13.79,12.81,13.49,2001714,26725244.00
2013/06/14,13.34,13.50,13.10,13.29,2345597,31128034.00
2013/06/17,13.37,13.46,13.00,13.13,4043624,53233260.00
2013/06/18,13.12,13.22,12.90,12.95,2080768,27093832.00
2013/06/19,12.95,12.96,12.65,12.84,2776868,35502696.00
2013/06/20,13.01,13.36,12.48,12.53,4899474,63338604.00
2013/06/21,12.30,12.91,11.85,12.81,6442254,79722200.00
2013/06/24,12.69,12.69,12.00,12.15,4549556,55660308.00
2013/06/25,12.08,12.23,10.94,11.51,4990753,57550180.00
2013/06/26,11.55,11.79,11.50,11.50,4408948,51201468.00
2013/06/27,11.50,11.66,11.35,11.41,4297089,49304456.00
2013/06/28,11.35,11.65,11.21,11.46,2028555,23302980.00
2013/07/01,11.50,11.50,11.18,11.37,3565077,40184256.00
2013/07/02,11.33,11.57,11.24,11.45,5424047,61706572.00
2013/07/03,11.44,12.18,11.36,11.84,8704021,102964408.00
2013/07/04,11.74,11.97,11.71,11.88,4804450,57170516.00
2013/07/05,11.88,11.97,11.66,11.70,2909736,34272500.00
2013/07/08,11.60,11.78,11.17,11.35,2102980,23992406.00
2013/07/09,11.22,11.45,10.90,10.97,2827668,31504896.00
2013/07/10,10.97,11.07,10.50,10.71,7205188,77069456.00
2013/07/11,10.76,11.20,10.69,10.95,10523945,115378800.00
2013/07/12,10.90,11.60,10.85,11.38,13538186,153067360.00
2013/07/15,11.11,11.91,10.61,11.75,16292679,181941312.00
2013/07/16,11.57,11.94,11.50,11.81,6743852,79439112.00
2013/07/17,12.00,12.20,11.57,11.68,7057181,83998472.00
2013/07/18,11.51,11.67,11.42,11.58,2745652,31640940.00
2013/07/19,11.60,11.75,11.00,11.13,4339066,49273232.00
2013/07/22,11.00,11.25,10.87,11.20,3052968,33848032.00
2013/07/23,11.12,11.40,11.00,11.23,6671586,74698568.00
2013/07/24,11.24,11.25,10.98,11.05,3457566,38237424.00
2013/07/25,11.03,11.19,10.71,10.82,5613105,61106816.00
2013/07/26,10.82,10.82,9.94,9.94,12573317,127989784.00
2013/07/29,9.90,9.90,9.25,9.38,9030425,85885184.00
2013/07/30,9.38,9.58,9.30,9.57,4922133,46586028.00
2013/07/31,9.57,9.65,9.40,9.45,3911778,37110956.00
2013/08/01,9.46,9.63,9.37,9.61,5568184,52956976.00
2013/08/02,9.65,9.91,9.58,9.80,6607689,64448516.00
2013/08/05,9.79,10.36,9.75,10.36,8031102,80813152.00
2013/08/06,10.36,10.72,10.30,10.65,9430873,99591808.00
2013/08/07,10.63,10.65,10.21,10.32,7812419,81488960.00
2013/08/08,10.30,10.30,9.95,10.09,8264192,83226896.00
2013/08/09,10.09,10.20,9.69,9.87,8705250,86413120.00
2013/08/12,9.91,10.45,9.90,10.35,8374586,85088864.00
2013/08/13,10.34,10.64,10.27,10.63,8258858,86736128.00
2013/08/14,10.64,11.10,10.45,10.58,8718804,93955536.00
2013/08/15,10.47,10.72,10.47,10.52,4444033,47133160.00
2013/08/16,10.45,10.60,10.10,10.36,4972791,51675120.00
2013/08/19,10.30,10.43,10.13,10.32,4142280,42572520.00
2013/08/20,10.25,10.46,10.16,10.18,4409581,45311648.00
2013/08/21,10.16,10.26,9.98,10.15,4464232,45119252.00
2013/08/22,10.19,10.46,10.13,10.35,7270866,75067472.00
2013/08/23,10.35,10.37,10.01,10.20,3077866,31384422.00
2013/08/26,10.23,10.41,10.15,10.36,4315516,44465688.00
2013/08/27,10.34,10.63,10.32,10.52,6136298,64140472.00
2013/08/28,10.50,10.50,10.28,10.36,3976015,41245192.00
2013/08/29,10.34,10.69,10.28,10.68,6388373,67489176.00
2013/08/30,10.68,10.68,10.41,10.60,3601607,37965436.00
2013/09/02,10.56,10.86,10.42,10.80,8642012,92642800.00
2013/09/03,10.73,11.05,10.73,10.83,7819587,85232808.00
2013/09/04,10.85,10.89,10.55,10.67,4651687,49668080.00
2013/09/05,10.63,10.80,10.61,10.69,3335755,35692652.00
2013/09/06,10.68,10.77,10.60,10.64,3488695,37268740.00
2013/09/09,10.64,10.73,10.50,10.66,4560042,48400392.00
2013/09/10,10.67,10.67,10.49,10.55,6113397,64537144.00
2013/09/11,10.55,10.67,10.22,10.61,8171370,85335832.00
2013/09/12,10.56,10.72,10.52,10.55,4669333,49612096.00
2013/09/13,10.55,10.75,10.55,10.74,5015565,53584120.00
2013/09/16,10.74,11.11,10.73,10.96,11852195,130036056.00
2013/09/17,10.98,11.22,10.80,10.89,9246863,102302512.00
2013/09/18,10.94,10.95,10.71,10.83,4211167,45513816.00
2013/09/23,10.83,11.08,10.73,11.07,9247596,100401944.00
2013/09/24,11.07,11.07,10.76,10.83,6762901,73769600.00
2013/09/25,10.78,11.69,10.50,11.46,29431977,325629152.00
2013/09/26,11.45,12.29,11.40,12.07,32689837,386376576.00
2013/09/27,11.96,12.31,11.71,11.81,16493553,196973936.00
2013/09/30,11.81,12.54,11.65,12.50,12065769,148147776.00
2013/10/08,12.49,13.15,12.26,12.76,12880048,164153104.00
2013/10/09,12.76,13.24,12.35,13.20,13883778,178914544.00
2013/10/10,13.16,13.17,12.69,12.72,8596803,110982488.00
2013/10/11,12.61,13.20,12.61,12.74,10643073,136824112.00
2013/10/14,12.74,13.45,12.58,13.22,10895547,142863440.00
2013/10/15,13.22,13.80,13.10,13.55,14422861,193226384.00
2013/10/16,13.68,13.68,12.20,12.59,14747672,190302368.00
2013/10/17,12.53,12.82,12.05,12.09,10585081,131703712.00
2013/10/18,12.29,12.61,12.20,12.49,7743387,96227336.00
2013/10/21,12.40,13.09,12.30,13.02,7213599,92270608.00
2013/10/22,13.00,13.10,12.44,12.85,13388941,170214016.00
2013/10/23,12.40,12.71,12.10,12.67,7690366,95188408.00
2013/10/24,12.52,12.62,12.08,12.51,7209229,89165496.00
2013/10/25,12.47,12.47,11.78,12.10,9163280,110835704.00
2013/10/28,12.00,12.35,11.90,12.16,5941719,72290384.00
2013/10/29,12.15,12.30,11.20,11.92,7690082,90610648.00
2013/10/30,11.76,12.00,11.53,11.91,3868532,45937392.00
2013/10/31,11.75,11.95,11.68,11.80,5852032,69054056.00
2013/11/01,11.79,11.80,11.45,11.68,3265256,37964584.00
2013/11/04,11.55,11.98,11.52,11.87,4756352,56448568.00
2013/11/05,11.75,12.17,11.72,12.14,4937354,59067444.00
2013/11/06,12.10,12.24,12.04,12.06,4610236,55956840.00
2013/11/07,12.07,12.15,11.61,11.65,4043635,47644008.00
2013/11/08,11.65,11.77,11.31,11.58,4877472,56447756.00
2013/11/11,11.52,11.88,11.41,11.76,5472560,64245080.00
2013/11/12,11.75,11.75,11.51,11.58,3985685,46220388.00
2013/11/13,11.58,11.64,11.41,11.55,2544026,29318124.00
2013/11/14,11.54,11.60,11.38,11.54,2216967,25508124.00
2013/11/15,11.50,11.75,11.50,11.59,4605976,53754996.00
2013/11/18,11.58,12.00,11.50,11.85,7270681,85978392.00
2013/11/19,11.76,12.45,11.76,12.14,13545932,164730256.00
2013/11/20,12.14,12.30,11.92,12.07,4617811,55670516.00
2013/11/21,12.07,12.22,11.97,12.16,4673058,56482728.00
2013/11/22,12.14,12.53,12.14,12.39,8674284,107502824.00
2013/11/25,12.34,12.48,12.06,12.07,4379667,53634724.00
2013/11/26,12.01,12.24,11.89,12.09,3235655,39016816.00
2013/11/27,12.09,12.20,12.01,12.14,3254734,39378264.00
2013/11/28,12.15,12.42,12.12,12.21,4125324,50694748.00
2013/11/29,12.30,12.38,12.16,12.22,4768283,58490332.00
2013/12/02,11.95,12.13,11.40,11.40,10135743,118201056.00
2013/12/03,11.31,11.83,11.30,11.70,3243209,37661988.00
2013/12/04,11.72,12.42,11.72,12.20,6938877,84193464.00
2013/12/05,12.20,12.75,12.13,12.58,10597481,132358816.00
2013/12/06,12.62,12.87,12.53,12.72,11575267,147278240.00
2013/12/09,12.72,13.07,12.62,12.79,7080155,91414256.00
2013/12/10,12.79,12.99,12.52,12.60,4407172,55689220.00
2013/12/11,12.60,12.80,12.34,12.61,3090440,38767784.00
2013/12/12,12.45,12.77,12.41,12.54,2379730,30058736.00
2013/12/13,12.45,12.52,12.08,12.22,3686370,45168012.00
2013/12/16,12.32,12.35,12.10,12.22,4486319,54699724.00
2013/12/17,12.22,12.23,11.80,11.94,2482152,29600394.00
2013/12/18,11.90,11.97,11.67,11.70,5446577,63899440.00
2013/12/19,11.70,11.94,11.65,11.69,3254472,38208704.00
2013/12/20,11.65,11.83,11.46,11.76,3148518,36832020.00
2013/12/23,11.79,12.03,11.70,11.80,3371130,40004796.00
2013/12/24,11.80,12.03,11.76,11.82,4074616,48477212.00
2013/12/25,11.99,12.16,11.87,11.97,2483821,29786816.00
2013/12/26,11.99,12.17,11.63,11.88,3654772,43338812.00
2013/12/27,11.83,11.95,11.70,11.83,4108348,48546760.00
2013/12/30,11.88,11.97,11.73,11.79,2624043,31040244.00
2013/12/31,11.70,11.79,11.56,11.74,2794286,32561270.00
2014/01/02,11.64,11.83,11.56,11.83,6047407,70451440.00
2014/01/03,11.80,12.04,11.72,12.01,4909255,58584224.00
2014/01/06,12.01,12.01,11.58,11.82,4577454,53789296.00
2014/01/07,11.65,11.95,11.61,11.65,1697110,19915220.00
2014/01/08,11.65,11.85,11.52,11.57,2924358,34003916.00
2014/01/09,11.57,11.67,10.99,11.03,5777904,65046760.00
2014/01/10,11.04,11.20,10.80,11.11,4814855,53375104.00
2014/01/13,11.12,11.44,11.12,11.31,2887132,32642358.00
2014/01/14,11.41,11.50,11.11,11.30,2854893,32075142.00
2014/01/15,11.30,11.35,10.98,11.10,4436870,49231708.00
2014/01/16,11.19,11.30,11.04,11.25,2329066,26071132.00
2014/01/17,11.25,11.29,10.98,11.02,1469151,16244804.00
2014/01/20,11.00,11.07,10.56,10.65,2063386,22085930.00
2014/01/21,10.58,10.87,10.58,10.71,2296995,24689950.00
2014/01/22,10.61,10.94,10.60,10.89,4383268,47300452.00
2014/01/23,10.88,11.14,10.60,10.70,5794508,62795476.00
2014/01/24,10.70,10.88,10.49,10.69,4699708,50268956.00
2014/01/27,10.69,10.69,10.24,10.32,7051235,73090704.00
2014/01/28,10.31,10.39,9.88,9.98,8321482,83586296.00
2014/01/29,9.98,10.15,9.96,10.07,2910078,29275886.00
2014/01/30,10.10,10.16,9.98,10.09,2033111,20464620.00
2014/02/07,10.10,10.34,10.01,10.28,2148914,22004408.00
2014/02/10,10.23,10.64,10.21,10.53,3988740,41692108.00
2014/02/11,10.59,10.64,10.28,10.48,8142327,84757200.00
2014/02/12,10.45,10.52,10.34,10.47,6750483,70382744.00
2014/02/13,10.48,10.49,10.22,10.34,6305649,65484484.00
2014/02/14,10.38,10.65,10.29,10.65,6723286,70565472.00
2014/02/17,10.71,10.73,10.48,10.51,11678742,122881256.00
2014/02/18,10.55,10.56,10.22,10.24,9228687,95252504.00
2014/02/19,10.22,10.43,10.21,10.37,4394126,45463344.00
2014/02/20,10.34,10.37,10.13,10.15,7109703,72608712.00
2014/02/21,10.11,10.22,10.06,10.19,3110443,31578944.00
2014/02/24,10.23,10.23,9.92,9.98,4363858,43675724.00
2014/02/25,9.97,10.04,9.60,9.64,6739676,66810308.00
2014/02/26,9.60,9.70,9.53,9.68,3983889,38324672.00
2014/02/27,9.68,9.76,9.63,9.68,3222796,31283914.00
2014/02/28,9.77,9.86,9.58,9.85,3483520,33798172.00
2014/03/03,9.85,10.03,9.81,10.00,3557783,35235092.00
2014/03/04,10.00,10.00,9.53,9.74,7036388,68442304.00
2014/03/05,9.68,9.79,9.64,9.77,3195918,31084416.00
2014/03/06,9.75,9.79,9.66,9.73,2741366,26676500.00
2014/03/07,9.76,9.92,9.71,9.83,3631008,35703760.00
2014/03/10,9.85,9.85,9.60,9.70,3830230,37206160.00
2014/03/11,9.70,9.74,9.56,9.67,3208402,30961974.00
2014/03/12,9.67,9.74,9.57,9.63,2366284,22856038.00
2014/03/13,9.63,10.05,9.63,9.98,7983597,79338824.00
2014/03/14,9.94,9.94,9.78,9.86,3220221,31686366.00
2014/03/17,9.90,9.94,9.79,9.91,2672455,26370600.00
2014/03/18,9.92,10.14,9.92,10.00,4092669,41003940.00
2014/03/19,10.00,10.23,9.84,10.13,5606483,56019788.00
2014/03/20,9.98,9.98,9.61,9.66,6924709,67915688.00
2014/03/21,9.60,9.81,9.40,9.73,5613225,53604120.00
2014/03/24,9.70,10.12,9.57,10.12,10161179,100933248.00
2014/03/25,10.29,10.85,10.21,10.43,24956625,260497392.00
2014/03/26,10.32,10.34,10.15,10.20,6404557,65500724.00
2014/03/27,10.25,10.38,10.12,10.12,5592350,57125568.00
2014/03/28,10.12,10.16,9.69,9.71,7916507,78050792.00
2014/03/31,9.61,9.79,9.58,9.65,3142257,30367060.00
2014/04/01,9.68,9.80,9.65,9.69,3133012,30418978.00
2014/04/02,9.69,9.75,9.55,9.60,3728790,35965336.00
2014/04/03,9.61,9.64,9.54,9.59,2447134,23457034.00
2014/04/04,9.55,9.67,9.55,9.64,2980294,28661514.00
2014/04/08,9.60,9.77,9.57,9.68,4206360,40800456.00
2014/04/09,9.71,9.85,9.69,9.85,5058875,49489028.00
2014/04/10,9.86,9.91,9.77,9.86,3822528,37646520.00
2014/04/11,9.85,9.85,9.71,9.80,3242847,31701404.00
2014/04/14,9.80,10.02,9.76,9.95,5224311,51856320.00
2014/04/15,9.95,10.23,9.89,10.14,11580144,116932912.00
2014/04/16,10.14,10.24,10.09,10.13,5936316,60428888.00
2014/04/17,10.12,10.20,10.06,10.16,5107458,51788360.00
2014/04/18,10.14,10.30,10.03,10.25,4589749,46914976.00
2014/04/21,10.18,10.29,10.06,10.09,3418756,34789816.00
2014/04/22,10.30,10.38,10.17,10.24,9680665,99694016.00
2014/04/23,10.29,10.84,10.28,10.65,14647333,156153360.00
2014/04/24,10.60,10.79,10.32,10.42,6403510,67749672.00
2014/04/25,10.40,10.51,10.10,10.45,4618066,47731836.00
2014/04/28,10.35,10.38,10.08,10.21,4689558,47790776.00
2014/04/29,10.10,10.31,10.07,10.15,3348002,34043492.00
2014/04/30,10.20,10.30,10.07,10.17,3248305,33025986.00
2014/05/05,10.16,10.64,10.11,10.54,4883552,50981936.00
2014/05/06,10.49,10.78,10.39,10.55,6885141,73447696.00
2014/05/07,10.45,10.66,10.43,10.50,4163109,43947276.00
2014/05/08,10.47,10.81,10.37,10.69,8683023,92909552.00
2014/05/09,10.60,10.64,10.29,10.40,5693738,59212376.00
2014/05/12,10.42,10.52,10.30,10.51,5941403,61936608.00
2014/05/13,10.50,10.50,10.19,10.23,5205994,53631452.00
2014/05/14,10.18,10.37,10.18,10.29,3331583,34321548.00
2014/05/15,10.29,10.47,10.24,10.47,4576355,47558288.00
2014/05/16,10.45,10.49,10.23,10.26,2404125,24794586.00
2014/05/19,10.21,10.21,9.99,10.04,4355005,43746360.00
2014/05/20,10.03,10.17,9.78,9.82,3318848,32923248.00
2014/05/21,9.73,9.84,9.65,9.83,2106832,20552934.00
2014/05/22,9.84,9.95,9.78,9.81,2565288,25262112.00
2014/05/23,9.78,9.82,9.55,9.70,3003103,29035820.00
2014/05/26,9.70,9.81,9.65,9.81,2833946,27568152.00
2014/05/27,9.81,9.92,9.79,9.89,2934959,28960614.00
2014/05/28,9.92,9.97,9.85,9.96,2617315,25955048.00
2014/05/29,9.88,10.08,9.88,9.93,1743402,17385092.00
2014/05/30,9.93,10.02,9.88,9.90,1199016,11907401.00
2014/06/03,9.91,10.09,9.89,10.07,2513780,25197056.00
2014/06/04,10.09,10.22,9.99,10.06,5263772,53075644.00
2014/06/05,10.06,10.19,10.00,10.18,4188306,42457512.00
2014/06/06,10.18,10.44,10.14,10.32,5705088,59083620.00
2014/06/09,10.34,10.44,10.10,10.13,2120827,21750460.00
2014/06/10,10.14,10.40,10.13,10.30,2687116,27660572.00
2014/06/11,10.26,10.38,10.26,10.30,1486687,15333888.00
2014/06/12,10.26,10.42,10.26,10.29,1786962,18507894.00
2014/06/13,10.30,10.88,10.20,10.70,6802460,72345344.00
2014/06/16,10.63,10.97,10.59,10.87,8125818,88102600.00
2014/06/17,10.81,10.90,10.37,10.52,4812710,51158712.00
2014/06/18,10.53,10.91,10.53,10.73,4513045,48666692.00
2014/06/19,10.55,10.72,10.25,10.41,2663848,27947982.00
2014/06/20,10.45,10.62,10.38,10.43,1147950,12078106.00
2014/06/23,10.56,10.88,10.46,10.76,1534328,16481024.00
2014/06/24,10.70,10.81,10.53,10.64,2994900,32055070.00
2014/06/25,10.64,10.64,10.43,10.46,2005735,21016016.00
2014/06/26,10.47,10.74,10.47,10.53,2114679,22491624.00
2014/06/27,10.52,11.16,10.52,11.02,8834994,96772320.00
2014/06/30,11.15,11.32,10.99,11.01,5200710,58052328.00
2014/07/01,11.01,11.29,10.95,11.15,3252821,36110152.00
2014/07/02,11.10,11.32,11.10,11.24,3909791,43937756.00
2014/07/03,11.23,11.45,11.18,11.24,6528443,73955432.00
2014/07/04,11.24,11.44,11.23,11.38,3766243,42759156.00
2014/07/07,11.38,11.60,11.19,11.21,4598332,52530596.00
2014/07/08,11.16,11.60,11.16,11.56,5093863,58010192.00
2014/07/09,11.55,11.59,11.20,11.24,3025133,34573652.00
2014/07/10,11.20,11.68,11.17,11.55,4368615,50193932.00
2014/07/11,11.55,11.64,11.36,11.49,3481548,39972580.00
2014/07/14,11.42,11.56,11.33,11.35,2960144,33700260.00
2014/07/15,11.34,11.50,11.30,11.33,2240595,25508342.00
2014/07/16,11.34,11.45,11.30,11.39,4432663,50456984.00
2014/07/17,11.39,11.39,11.00,11.18,2484953,27919988.00
2014/07/18,11.18,11.18,11.01,11.07,1777333,19692420.00
2014/07/21,11.10,11.25,11.00,11.15,819460,9139904.00
2014/07/22,11.23,11.46,11.04,11.38,2351305,26642428.00
2014/07/23,11.31,11.38,11.15,11.20,2456793,27674086.00
2014/07/24,11.24,11.24,11.00,11.14,4069101,44983824.00
2014/07/25,11.05,11.17,10.85,10.91,4640854,50575992.00
2014/07/28,10.88,11.04,10.79,11.03,3855848,42062884.00
2014/07/29,11.02,11.11,10.92,11.04,5646334,62217596.00
2014/07/30,11.04,11.07,10.94,11.04,1799401,19796770.00
2014/07/31,11.01,11.30,11.01,11.25,3488546,39053048.00
2014/08/01,11.25,11.45,11.17,11.23,5141063,58420604.00
2014/08/04,11.23,11.45,11.21,11.37,4029631,45739068.00
2014/08/05,11.38,11.38,11.17,11.21,6176455,69354816.00
2014/08/06,11.21,11.54,11.18,11.54,8767274,100328344.00
2014/08/07,11.54,11.71,11.42,11.50,6831448,78941688.00
2014/08/08,11.52,11.55,11.30,11.44,3073406,35101500.00
2014/08/11,11.49,11.77,11.39,11.76,6087715,70614880.00
2014/08/12,11.75,12.10,11.68,12.06,6514643,78181384.00
2014/08/13,11.96,12.05,11.71,11.94,3432411,40761548.00
2014/08/14,11.90,12.00,11.70,11.71,2678008,31674620.00
2014/08/15,11.75,11.82,11.64,11.75,3672535,42979316.00
2014/08/18,11.75,11.79,11.65,11.73,2351166,27489628.00
2014/08/19,11.69,11.74,11.59,11.65,2094898,24415928.00
2014/08/20,11.68,11.68,11.54,11.61,1714912,19889092.00
2014/08/21,11.65,11.65,11.36,11.53,2021486,23313516.00
2014/08/22,11.54,11.62,11.40,11.51,2491124,28633350.00
2014/08/25,11.54,11.62,11.40,11.51,0,0.00
2014/08/26,11.54,11.62,11.40,11.51,0,0.00
2014/08/27,11.75,11.75,11.41,11.56,4580272,52939392.00
2014/08/28,11.53,11.53,11.13,11.28,3967557,44784716.00
2014/08/29,11.27,11.38,11.22,11.33,2747154,31031490.00
2014/09/01,11.33,11.44,11.24,11.35,4444306,50414228.00
2014/09/02,11.38,11.42,11.19,11.40,8204868,92642568.00
2014/09/03,11.45,11.57,11.35,11.55,7842978,89775432.00
2014/09/04,11.56,11.58,11.43,11.52,4971489,57178960.00
2014/09/05,11.55,11.59,11.37,11.48,5066860,58109052.00
2014/09/09,11.48,11.53,11.37,11.40,6274089,71621384.00
2014/09/10,11.34,11.47,11.28,11.46,5838935,66335596.00
2014/09/11,11.45,11.82,11.41,11.79,13049697,152188624.00
2014/09/12,11.78,11.90,11.62,11.72,4881794,57184776.00
2014/09/15,11.70,11.89,11.63,11.84,6889784,81266288.00
2014/09/16,11.85,11.94,11.50,11.52,8559683,100341880.00
2014/09/17,11.54,11.64,11.22,11.34,5973291,67895448.00
2014/09/18,11.35,11.48,11.32,11.48,2886791,32871832.00
2014/09/19,11.47,11.47,11.30,11.47,5217183,59341472.00
2014/09/22,11.45,11.45,11.21,11.23,3147585,35537072.00
2014/09/23,11.23,11.32,11.18,11.25,4137202,46490296.00
2014/09/24,11.18,11.29,11.13,11.27,3949295,44385792.00
2014/09/25,11.31,11.41,11.18,11.30,6643640,74887008.00
2014/09/26,11.25,11.39,11.22,11.35,3829183,43414144.00
2014/09/29,11.39,11.45,11.24,11.32,9205295,104053184.00
2014/09/30,11.33,11.34,11.14,11.21,11324605,126824240.00
2014/10/08,11.20,11.38,11.17,11.38,8721253,98441240.00
2014/10/09,11.38,11.47,11.28,11.40,8869277,100930760.00
2014/10/10,11.39,11.52,11.24,11.34,9969959,113589264.00
2014/10/13,11.31,11.32,11.14,11.27,9071051,101669456.00
2014/10/14,11.25,11.32,11.13,11.21,6041566,67840504.00
2014/10/15,11.17,11.32,11.10,11.29,7617748,85266528.00
2014/10/16,11.18,11.29,11.11,11.11,6015155,67432112.00
2014/10/17,11.10,11.19,10.83,10.95,6685466,73392304.00
2014/10/20,11.00,11.16,10.98,11.15,3845340,42597692.00
2014/10/21,11.15,11.23,11.05,11.06,2914862,32465144.00
2014/10/22,11.06,11.15,10.98,10.98,2288873,25328830.00
2014/10/23,10.98,11.20,10.84,11.02,3773407,41422232.00
2014/10/24,11.01,11.07,10.88,11.00,3138582,34458264.00
2014/10/27,10.98,11.04,10.93,10.99,1677846,18413554.00
2014/10/28,11.05,11.19,11.00,11.19,3005901,33498926.00
2014/10/29,11.22,11.26,11.15,11.24,3808874,42700976.00
2014/10/30,11.34,11.42,11.10,11.12,8448096,95186672.00
2014/10/31,11.10,11.41,11.10,11.41,9562478,108164096.00
2014/11/03,11.42,11.50,11.30,11.40,9765272,111177808.00
2014/11/04,11.42,11.49,11.33,11.39,9049811,103265408.00
2014/11/05,11.42,11.42,11.29,11.33,5349321,60662184.00
2014/11/06,11.34,11.37,11.17,11.21,6534903,73451360.00
2014/11/07,11.24,11.27,11.09,11.09,5867499,65740024.00
2014/11/10,11.10,11.18,11.00,11.12,7109325,78847072.00
2014/11/11,11.11,11.15,10.64,10.72,9683490,105607192.00
2014/11/12,10.70,10.84,10.64,10.81,4590982,49345868.00
2014/11/13,10.76,10.95,10.65,10.83,6564131,70933952.00
2014/11/14,10.83,11.02,10.73,10.88,5274022,57492612.00
2014/11/17,10.88,11.02,10.86,10.89,4542811,49522992.00
2014/11/18,10.87,10.93,10.79,10.80,5117243,55441992.00
2014/11/19,10.78,10.83,10.68,10.73,7737882,82987032.00
2014/11/20,10.70,10.79,10.65,10.71,3621747,38865288.00
2014/11/21,10.71,10.77,10.67,10.73,7882886,84410160.00
2014/11/24,10.78,10.92,10.75,10.90,9366668,101536912.00
2014/11/25,10.92,10.92,10.81,10.89,10325548,112109856.00
2014/11/26,10.92,11.07,10.86,11.06,11566822,126688640.00
2014/11/27,11.06,11.08,10.90,11.00,11332608,124457800.00
2014/11/28,11.00,11.00,10.87,10.94,10727315,116963536.00
2014/12/01,11.00,11.00,10.87,10.94,0,0.00
2014/12/02,11.00,11.00,10.87,10.94,0,0.00
2014/12/03,11.00,11.00,10.87,10.94,0,0.00
2014/12/04,11.00,11.00,10.87,10.94,0,0.00
2014/12/05,12.00,12.00,11.25,11.68,56285233,653660288.00
2014/12/08,11.60,11.80,11.41,11.58,27272490,315576352.00
2014/12/09,11.55,11.55,11.27,11.27,28276685,322770880.00
2014/12/10,11.26,11.64,11.21,11.61,15567428,178954752.00
2014/12/11,11.70,12.30,11.70,12.07,28990497,348718720.00
2014/12/12,12.10,12.13,11.91,12.07,16802584,202048960.00
2014/12/15,12.07,12.32,11.99,12.21,14812459,180475680.00
2014/12/16,12.15,12.35,12.06,12.10,14514946,176587920.00
2014/12/17,12.10,12.11,11.85,12.08,13129543,157062688.00
2014/12/18,12.08,12.12,11.91,12.09,8084870,97061704.00
2014/12/19,12.05,12.08,11.68,11.96,11557621,137154000.00
2014/12/22,11.96,12.46,11.75,12.39,19716827,240457968.00
2014/12/23,12.29,12.75,12.13,12.51,15674903,195387264.00
2014/12/24,12.51,12.69,12.30,12.48,11078663,138001072.00
2014/12/25,12.48,12.69,12.40,12.64,9703171,121853400.00
2014/12/26,12.68,12.68,12.37,12.58,11008945,137754304.00
2014/12/29,12.48,12.54,12.33,12.40,8468345,105017584.00
2014/12/30,12.39,12.39,12.18,12.20,6112004,74918176.00
2014/12/31,12.10,12.43,12.10,12.28,5146742,63207232.00
2015/01/05,12.28,12.55,12.28,12.45,10456141,129912312.00
2015/01/06,12.45,12.48,12.28,12.46,9322732,115510552.00
2015/01/07,12.45,12.73,12.36,12.47,8953885,112641208.00
2015/01/08,12.50,12.62,12.28,12.51,7217121,90042096.00
2015/01/09,12.63,13.08,12.54,12.68,15448274,199042144.00
2015/01/12,12.71,13.36,12.66,13.31,21148417,276584640.00
2015/01/13,13.16,13.40,13.12,13.28,8065223,106625824.00
2015/01/14,13.20,13.48,13.05,13.28,8401955,111510352.00
2015/01/15,13.28,13.70,13.17,13.32,9924347,133174216.00
2015/01/16,13.43,14.08,13.40,14.05,13743143,189898672.00
2015/01/19,13.70,14.22,13.20,13.82,15173843,209058064.00
2015/01/20,13.79,14.33,13.65,14.29,13119620,185569360.00
2015/01/21,14.38,14.46,14.02,14.24,10329337,146691072.00
2015/01/22,14.17,14.35,13.81,14.33,10346944,145376848.00
2015/01/23,14.23,14.25,13.91,13.92,9125215,127814432.00
2015/01/26,14.00,14.19,13.90,14.03,8413147,118108480.00
2015/01/27,14.02,14.48,13.94,14.34,9365976,132872512.00
2015/01/28,14.19,14.25,13.98,14.08,7382738,104337032.00
2015/01/29,13.98,14.00,13.78,13.81,6426065,89177528.00
2015/01/30,13.94,14.04,13.69,13.95,5240407,72754496.00
2015/02/02,13.95,14.03,13.61,13.77,3598458,49664248.00
2015/02/03,13.82,14.18,13.73,14.13,5374413,75192824.00
2015/02/04,14.10,14.16,13.92,14.08,6128202,85964488.00
2015/02/05,14.16,14.17,13.80,13.85,6369426,88717064.00
2015/02/06,13.80,13.85,13.41,13.54,7303431,99092656.00
2015/02/09,13.41,13.93,13.41,13.93,4456096,61103952.00
2015/02/10,13.93,14.08,13.89,14.01,4408213,61682700.00
2015/02/11,13.98,14.09,13.80,13.94,3929525,54648064.00
2015/02/12,13.94,14.09,13.84,14.08,4121182,57520984.00
2015/02/13,14.12,14.14,14.02,14.08,6273383,88304592.00
2015/02/16,14.00,14.07,13.76,13.85,8252128,114385616.00
2015/02/17,13.93,13.94,13.70,13.85,4039185,55755692.00
2015/02/25,13.93,14.08,13.70,13.86,5989734,83004896.00
2015/02/26,13.93,14.50,13.90,14.31,14252654,203450400.00
2015/02/27,14.33,14.99,14.15,14.80,12723093,186158864.00
2015/03/02,14.85,14.99,14.55,14.72,7609780,112262320.00
2015/03/03,14.70,14.96,14.47,14.48,7959077,116891920.00
2015/03/04,14.42,15.48,14.41,15.26,10223251,153369360.00
2015/03/05,15.22,15.43,14.90,15.36,10920778,165666912.00
2015/03/06,15.36,16.26,15.35,15.56,11813035,188123584.00
2015/03/09,15.51,15.97,15.02,15.71,9701691,152436448.00
2015/03/10,15.67,16.18,15.36,15.53,8548790,133599664.00
2015/03/11,15.52,15.52,15.20,15.40,4214628,64500788.00
2015/03/12,15.39,15.67,15.23,15.65,4593325,71192512.00
2015/03/13,15.55,15.85,15.36,15.76,3792659,59148588.00
2015/03/16,15.76,16.20,15.73,15.78,7429953,118019432.00
2015/03/17,15.90,16.28,15.69,15.94,9557054,152606096.00
2015/03/18,15.90,16.42,15.88,16.37,10861287,176666960.00
2015/03/19,16.38,17.15,16.30,16.99,14595479,245667200.00
2015/03/20,16.99,18.08,16.96,17.83,12002509,211972992.00
2015/03/23,17.90,17.99,17.20,17.90,13363636,235128000.00
2015/03/24,17.83,17.86,17.29,17.73,10771699,189576816.00
2015/03/25,17.67,19.50,17.32,19.40,16219029,296736736.00
2015/03/26,19.40,20.27,18.50,19.05,15105569,294019904.00
2015/03/27,18.95,19.05,18.00,18.69,15332610,284566560.00
2015/03/30,19.30,19.98,18.58,19.07,19563529,374142688.00
2015/03/31,19.07,19.66,19.00,19.18,13085622,252860128.00
2015/04/01,19.46,19.60,19.10,19.47,8343465,161395248.00
2015/04/02,19.49,20.26,19.28,19.80,11950978,237515472.00
2015/04/03,19.60,20.14,19.55,19.73,8530660,168919952.00
2015/04/07,19.93,21.19,19.90,20.53,14840527,307961184.00
2015/04/08,20.55,21.20,19.60,19.85,14544279,292722304.00
2015/04/09,20.02,20.05,18.27,19.26,9182689,176996192.00
2015/04/10,19.15,19.67,19.00,19.42,10756686,208650480.00
2015/04/13,19.44,19.80,18.85,19.31,15907812,305055712.00
2015/04/14,19.47,20.25,19.01,20.21,20319989,400853248.00
2015/04/15,20.21,20.22,18.90,19.00,16058144,310961440.00
2015/04/16,18.56,19.45,18.28,18.63,15107113,284845216.00
2015/04/17,18.73,19.15,18.50,18.98,10403871,195672640.00
2015/04/20,18.52,19.17,18.30,18.40,8543115,160138400.00
2015/04/21,18.42,19.18,18.40,19.14,9924804,187409376.00
2015/04/22,19.32,20.04,19.28,20.00,13597321,268456064.00
2015/04/23,20.25,20.28,19.75,19.93,8452352,168880496.00
2015/04/24,19.60,21.00,19.40,20.60,14579520,297620128.00
2015/04/27,20.85,21.44,20.53,20.75,10187897,213589824.00
2015/04/28,21.21,21.34,19.60,19.92,11744396,237860064.00
2015/04/29,19.50,20.30,19.50,20.17,8533198,170504576.00
2015/04/30,20.17,20.26,19.71,19.76,6012473,120131176.00
2015/05/04,19.69,20.14,19.59,20.04,5601419,111903096.00
2015/05/05,20.00,20.00,18.58,19.00,11395676,217802752.00
2015/05/06,18.99,19.45,18.79,18.85,6801171,130098952.00
2015/05/07,18.78,19.40,18.58,19.00,5288374,100314896.00
2015/05/08,19.33,19.46,19.02,19.41,4890641,94239160.00
2015/05/11,19.90,19.90,19.24,19.76,8610509,167503120.00
2015/05/12,19.65,21.74,19.63,21.74,14700115,305950240.00
2015/05/13,22.10,22.79,21.75,22.25,14280781,318271776.00
2015/05/14,22.37,22.37,21.70,21.76,7612763,166864352.00
2015/05/15,21.60,21.60,20.88,21.09,9777212,206774000.00
2015/05/18,21.00,21.39,20.70,21.18,5971535,126244560.00
2015/05/19,21.19,23.29,20.81,22.80,8305996,180401040.00
2015/05/20,22.79,23.88,22.36,22.45,11611106,268466752.00
2015/05/21,22.18,22.88,22.14,22.71,5425207,122391160.00
2015/05/22,22.94,24.60,22.72,24.00,8774007,205309904.00
2015/05/25,23.51,24.84,23.50,24.22,9519698,230874704.00
2015/05/26,24.23,24.69,23.25,24.24,9812306,235451168.00
2015/05/27,24.30,26.60,24.28,26.60,13657764,347739840.00
2015/05/28,29.00,29.10,25.60,25.66,24422029,675343872.00
2015/05/29,25.59,26.74,23.09,25.12,14315140,360474528.00
2015/06/01,25.40,26.98,25.30,26.44,10623594,279545856.00
2015/06/02,26.46,27.16,25.79,27.16,15566005,410296608.00
2015/06/03,27.17,27.41,25.82,26.68,10466874,277676224.00
2015/06/04,26.46,26.67,24.41,25.65,10363227,264703344.00
2015/06/05,25.65,26.09,24.49,25.16,13042792,330792128.00
2015/06/08,25.08,25.50,24.31,24.57,10188198,252565888.00
2015/06/09,24.65,25.94,24.38,25.82,13492756,337381472.00
2015/06/10,25.45,27.27,25.01,26.84,23710924,629168384.00
2015/06/11,26.62,27.33,26.30,27.16,21888008,590529664.00
2015/06/12,27.41,28.56,27.22,27.98,37700707,1051863744.00
2015/06/15,27.55,27.70,26.18,26.33,23124927,619825984.00
2015/06/16,25.78,26.08,24.32,25.30,15892026,402572064.00
2015/06/17,25.30,25.55,24.25,25.44,12340832,307964832.00
2015/06/18,25.59,25.59,23.64,23.89,11318381,279646112.00
2015/06/19,23.36,23.78,21.57,22.16,14013539,313184352.00
2015/06/23,22.08,22.16,20.00,21.97,13503703,286551296.00
2015/06/24,22.10,22.29,21.56,22.29,13515119,296837344.00
2015/06/25,22.50,22.50,21.01,21.53,10191795,221760752.00
2015/06/26,14.70,15.09,13.74,13.74,17723685,251011088.00
2015/06/29,14.01,14.22,12.37,12.55,16861696,217229872.00
2015/06/30,12.43,13.81,11.35,13.79,22261714,281601600.00
2015/07/01,13.67,14.74,13.09,13.46,21908580,311570496.00
2015/07/02,13.46,14.13,12.41,12.84,18628586,249915600.00
2015/07/03,12.51,13.97,11.56,12.90,19163118,243688256.00
2015/07/06,14.19,14.19,11.61,13.30,22746136,290830624.00
2015/07/07,12.76,13.30,11.97,11.97,14744653,182959408.00
2015/07/08,10.77,13.17,10.77,13.08,69743895,849064768.00
2015/07/09,13.08,14.39,13.08,14.39,18841739,262009856.00
2015/07/10,14.91,15.83,14.42,15.83,32729332,510994720.00
2015/07/13,16.00,17.41,15.50,17.41,38733769,640024192.00
2015/07/14,16.70,17.20,15.69,15.79,26871420,441454368.00
2015/07/15,15.14,15.14,14.21,14.21,19162613,278254176.00
2015/07/16,14.21,15.63,13.87,15.08,16822945,250416816.00
2015/07/17,15.25,16.22,14.88,15.80,17543875,275645600.00
2015/07/20,15.85,17.13,15.85,16.77,27152961,451320320.00
2015/07/21,16.46,17.17,16.00,16.61,21443259,359386176.00
2015/07/22,16.55,16.95,15.73,16.29,15723942,255820384.00
2015/07/23,16.29,16.68,15.88,16.58,15765540,256479936.00
2015/07/24,16.56,16.80,15.79,15.90,14355331,235513824.00
2015/07/27,15.80,16.64,14.31,14.32,14651387,230133728.00
2015/07/28,14.03,15.75,14.03,15.75,17787554,268112432.00
2015/07/29,16.60,17.33,15.81,17.33,35793138,599250304.00
2015/07/30,17.65,18.03,16.36,16.70,50255897,870706176.00
2015/07/31,16.36,17.30,16.36,17.07,30391141,510480096.00
2015/08/03,17.06,17.27,15.38,15.59,21466452,350366048.00
2015/08/04,15.56,16.79,15.56,16.66,16086960,260112176.00
2015/08/05,17.00,17.00,16.27,16.67,16898966,283394016.00
2015/08/06,15.98,16.54,15.71,15.98,10579652,170317856.00
2015/08/07,16.45,16.76,16.10,16.38,12469246,204962688.00
2015/08/10,16.65,17.83,16.55,17.48,21801131,371517312.00
2015/08/11,17.40,17.40,16.85,17.05,22164954,379418688.00
2015/08/12,16.84,17.56,16.75,16.95,14665408,252408256.00
2015/08/13,16.82,17.27,16.49,17.03,14872334,251112064.00
2015/08/14,17.21,17.30,16.60,16.69,16039866,271517984.00
2015/08/17,16.65,17.10,16.50,17.00,13581322,229020928.00
2015/08/18,17.05,17.76,15.36,16.20,26488203,452655936.00
2015/08/19,15.50,17.65,15.06,17.30,20837342,337812128.00
2015/08/20,16.96,17.24,16.10,16.28,14422230,240773424.00
2015/08/21,15.99,15.99,14.60,14.60,14630594,221281552.00
2015/08/24,13.57,13.57,13.14,13.14,8330171,110107720.00
2015/08/25,11.83,12.80,11.83,11.89,21436178,259106016.00
2015/08/26,12.30,13.03,11.88,12.12,12336316,153272736.00
2015/08/27,12.58,12.94,12.01,12.94,8010335,100171816.00
2015/08/28,13.10,13.96,12.75,13.55,12734719,168855632.00
2015/08/31,13.30,13.30,12.60,12.67,8418619,108627904.00
2015/09/01,12.65,12.65,11.40,11.41,12061199,142060592.00
2015/09/02,11.00,12.20,10.81,11.99,21273280,248930416.00
2015/09/07,12.19,12.66,11.90,11.97,6696351,82519040.00
2015/09/08,12.12,12.75,11.69,12.68,5855630,71592928.00
2015/09/09,12.75,13.36,12.75,13.00,13291594,174033136.00
2015/09/10,12.81,13.31,12.60,12.75,7052248,91430640.00
2015/09/11,12.61,12.90,12.11,12.46,5456424,68329640.00
2015/09/14,12.50,12.73,11.21,11.21,6747312,79816728.00
2015/09/15,11.21,11.55,10.81,10.96,5763814,64695808.00
2015/09/16,11.30,12.06,10.95,11.87,6972930,80214920.00
2015/09/17,11.65,12.58,11.41,11.75,9778130,117009256.00
2015/09/18,11.85,12.00,11.55,11.81,3848014,45355924.00
2015/09/21,11.62,12.32,11.62,12.28,4218055,51088220.00
2015/09/22,12.20,12.69,12.10,12.58,5733305,71072608.00
2015/09/23,12.46,12.50,12.20,12.32,3924088,48452924.00
2015/09/24,12.35,12.49,12.26,12.42,3706370,45849744.00
2015/09/25,12.32,12.46,11.37,11.69,5360455,63555652.00
2015/09/28,11.78,11.83,11.61,11.70,2920165,34123064.00
2015/09/29,11.68,11.70,11.41,11.65,2863949,33057356.00
2015/09/30,11.75,12.00,11.53,11.83,4493296,52941780.00
2015/10/08,12.19,12.68,12.13,12.56,7223338,89181648.00
2015/10/09,12.42,12.92,12.36,12.88,5782783,73496720.00
2015/10/12,12.94,13.80,12.94,13.61,7024258,94353952.00
2015/10/13,13.46,13.72,13.21,13.55,5105436,68634408.00
2015/10/14,13.40,14.24,13.33,14.08,9683384,135193904.00
2015/10/15,13.99,14.18,13.81,14.16,4256221,59712412.00
2015/10/16,14.30,14.39,13.77,14.12,4764677,66997952.00
2015/10/19,14.09,14.09,13.46,13.84,6137876,84416160.00
2015/10/20,13.81,13.93,13.66,13.83,4716986,65112712.00
2015/10/21,13.95,14.07,12.96,13.09,5678923,77337384.00
2015/10/22,13.07,13.73,12.96,13.62,3206361,42853044.00
2015/10/23,13.60,14.03,13.43,13.90,4192402,57853192.00
2015/10/26,14.20,14.36,13.65,13.90,6900364,96682976.00
2015/10/27,13.66,13.98,13.26,13.82,4554308,62222056.00
2015/10/28,14.05,14.25,13.70,13.75,4631098,64759732.00
2015/10/29,13.71,14.13,13.59,14.05,5926848,82224352.00
2015/10/30,14.05,14.35,13.64,13.88,11380042,158440256.00
2015/11/02,13.70,14.19,13.52,14.08,6417577,89658544.00
2015/11/03,14.07,14.78,14.07,14.69,10164759,147780816.00
2015/11/04,14.65,15.09,14.46,15.05,11641476,172194128.00
2015/11/05,14.90,15.03,14.30,14.42,17559053,255239168.00
2015/11/06,14.36,14.65,14.31,14.47,9463975,136897744.00
2015/11/09,14.28,14.54,14.19,14.47,11518544,165223328.00
2015/11/10,14.40,14.44,14.05,14.32,10634385,151758160.00
2015/11/11,14.25,14.44,14.10,14.44,8651445,123487008.00
2015/11/12,14.55,14.58,14.11,14.29,11268111,160575648.00
2015/11/13,14.27,14.27,13.70,13.75,9864624,137199536.00
2015/11/16,13.48,13.87,13.36,13.84,5606973,76390824.00
2015/11/17,13.98,14.24,13.87,14.00,9466436,133337232.00
2015/11/18,14.00,14.07,13.80,13.98,5428138,75881904.00
2015/11/19,14.07,14.09,13.58,13.90,7970056,109986312.00
2015/11/20,13.92,13.93,13.73,13.80,6938471,95881576.00
2015/11/23,13.80,13.99,13.78,13.83,6199935,86085440.00
2015/11/24,13.88,14.10,13.71,14.02,7697721,107255504.00
2015/11/25,14.03,14.06,13.89,14.06,7881119,110118520.00
2015/11/26,14.09,14.26,13.88,13.95,7976058,112268120.00
2015/11/27,13.86,13.88,13.08,13.10,9489256,128243760.00
2015/11/30,13.09,13.25,12.52,13.00,6709519,87130032.00
2015/12/01,13.00,13.14,12.80,13.05,5240816,68141528.00
2015/12/02,13.04,13.25,12.90,13.15,4553649,59629568.00
2015/12/03,13.17,13.50,13.09,13.35,4056520,54084544.00
2015/12/04,13.31,13.68,13.22,13.64,6690799,90412320.00
2015/12/07,13.78,14.20,13.74,14.13,10786228,151810544.00
2015/12/08,14.02,14.03,13.71,13.85,6298336,87271856.00
2015/12/09,13.85,14.08,13.78,13.80,5203196,72355576.00
2015/12/10,13.80,13.92,13.46,13.50,4724379,64749072.00
2015/12/11,13.47,13.49,13.21,13.32,3901574,51969304.00
2015/12/14,13.15,14.13,13.10,14.04,6686804,91328472.00
2015/12/15,14.00,14.12,13.76,13.83,5358598,74768952.00
2015/12/16,13.89,14.26,13.88,14.05,7071485,99630480.00
2015/12/17,14.10,14.29,13.97,14.28,9596036,136099376.00
2015/12/18,14.29,14.51,14.17,14.19,6422718,91873512.00
2015/12/21,14.18,14.48,14.11,14.48,6971340,99804704.00
2015/12/22,14.50,15.08,14.40,15.04,13760191,203569440.00
2015/12/23,15.06,15.12,14.71,14.80,9859646,147417856.00
2015/12/24,14.62,15.10,14.51,14.98,6529558,96675880.00
2015/12/25,14.90,15.07,14.63,14.74,5950139,88627248.00
2015/12/28,14.77,15.06,14.18,14.20,7608896,111381568.00
2015/12/29,14.32,14.64,14.18,14.56,4523710,64985648.00
2015/12/30,14.55,14.69,14.43,14.56,3663669,53323516.00
2015/12/31,14.60,14.67,13.83,13.97,6617222,94282160.00
2016/01/04,14.00,14.79,13.46,13.62,9566012,136665536.00
2016/01/05,13.10,14.54,13.05,14.31,13441658,187622464.00
2016/01/06,14.34,15.45,14.30,15.43,19043617,282790560.00
2016/01/07,15.01,15.08,14.10,14.30,3559449,52135636.00
2016/01/08,14.70,15.70,14.30,15.42,22728864,345747360.00
2016/01/11,15.00,15.60,13.88,13.90,18897151,282074560.00
2016/01/12,13.40,14.26,13.05,13.65,11248110,154085920.00
2016/01/13,13.65,13.86,13.10,13.50,8559911,115655992.00
2016/01/14,12.98,13.55,12.60,13.49,9242109,121459816.00
2016/01/15,13.48,13.74,12.72,12.95,6756370,89146664.00
2016/01/18,12.62,13.15,12.51,12.66,7332457,93930176.00
2016/01/19,12.72,13.10,12.66,13.00,8245190,106503952.00
2016/01/20,12.83,13.20,12.70,12.78,7002939,90585600.00
2016/01/21,12.50,12.89,12.03,12.10,6831958,85802512.00
2016/01/22,12.27,12.38,11.89,12.28,3975148,48246268.00
2016/01/25,12.50,12.80,12.40,12.57,5918592,74732176.00
2016/01/26,12.54,12.88,11.49,11.90,7824660,97188424.00
2016/01/27,12.30,12.30,11.30,12.14,7345965,86306960.00
2016/01/28,11.99,12.15,11.49,11.90,4296021,51147484.00
2016/01/29,11.90,12.37,11.66,12.24,5677262,68773760.00
2016/02/01,12.20,12.56,12.01,12.36,4723464,57844384.00
2016/02/02,12.43,12.67,12.34,12.60,3913690,49065824.00
2016/02/03,12.55,12.65,12.16,12.48,4261994,53064352.00
2016/02/04,12.60,12.82,12.48,12.62,3364081,42539256.00
2016/02/05,12.65,13.24,12.55,12.91,5929853,77221920.00
2016/02/15,12.78,13.00,12.44,12.92,4634733,58722352.00
2016/02/16,12.98,13.47,12.77,13.29,5492985,72645888.00
2016/02/17,13.20,13.54,13.06,13.29,3061936,40730632.00
2016/02/18,13.30,13.41,12.84,12.91,4669981,60968584.00
2016/02/19,12.90,13.27,12.80,12.94,3964644,51629828.00
2016/02/22,12.99,13.42,12.94,13.42,4994817,65998580.00
2016/02/23,13.50,13.50,13.07,13.23,4018039,53105928.00
2016/02/24,13.20,13.48,13.06,13.35,3370624,44540720.00
2016/02/25,13.35,13.37,12.20,12.50,5366396,67979064.00
2016/02/26,12.70,13.75,12.66,13.60,16358841,218522736.00
2016/02/29,13.48,13.87,12.60,13.30,16378044,216648864.00
2016/03/01,13.19,13.88,12.90,13.80,12108937,164629056.00
2016/03/02,13.89,14.86,13.89,14.65,17663913,258122928.00
2016/03/03,14.50,15.04,14.22,14.62,13574079,198536288.00
2016/03/04,14.50,15.05,14.34,14.34,11544414,170421472.00
2016/03/07,14.53,14.98,14.13,14.34,12770806,184428320.00
2016/03/08,14.44,14.87,14.16,14.49,17043885,245881664.00
2016/03/09,14.24,14.54,13.81,14.05,8779864,124883320.00
2016/03/10,14.18,14.18,13.80,13.90,3917360,54763144.00
2016/03/11,13.88,14.25,13.62,14.15,5030314,70621656.00
2016/03/14,14.40,14.99,14.21,14.23,22090109,318048512.00
2016/03/15,14.00,14.30,13.85,14.12,7109528,100093024.00
2016/03/16,14.19,14.29,13.68,13.91,7088296,98437992.00
2016/03/17,13.87,14.28,13.75,14.03,7693975,108456768.00
2016/03/18,14.06,14.47,14.01,14.24,19745855,281357216.00
2016/03/21,14.44,14.90,14.25,14.64,16114135,235430128.00
2016/03/22,14.64,15.90,14.42,15.55,22953154,355037824.00
2016/03/23,15.58,15.90,15.39,15.65,14590680,228327264.00
2016/03/24,15.63,16.47,15.27,15.76,15893136,254568176.00
2016/03/25,15.64,16.35,15.51,15.84,11651404,186036672.00
2016/03/28,15.90,16.73,15.85,16.28,17740892,290485088.00
2016/03/29,16.29,16.47,15.16,15.65,12464285,197908416.00
2016/03/30,15.82,16.14,15.40,16.12,9637027,152554080.00
2016/03/31,15.96,16.49,15.70,16.26,12204052,196772256.00
2016/04/01,16.10,16.57,15.77,16.25,7219367,117176712.00
2016/04/05,16.45,17.49,16.21,17.37,19686112,334193344.00
2016/04/06,17.30,17.48,16.76,17.10,9050868,154944592.00
2016/04/07,17.00,17.09,16.35,16.36,9879852,164109936.00
2016/04/08,16.38,16.39,15.79,16.15,8223131,131553728.00
2016/04/11,16.34,16.82,15.95,16.14,13887214,226334976.00
2016/04/12,16.10,16.10,15.68,16.04,8066554,128243600.00
2016/04/13,16.07,16.58,16.00,16.11,14600035,236837840.00
2016/04/14,16.12,16.30,15.82,15.92,12098442,194127152.00
2016/04/15,16.05,16.20,15.74,16.16,10796598,172058240.00
2016/04/18,16.15,16.43,15.84,16.35,10344868,168116704.00
2016/04/19,16.36,17.00,15.95,15.96,18906422,308731744.00
2016/04/20,15.92,16.11,15.11,15.92,13461282,210632112.00
2016/04/21,15.72,16.10,15.36,15.54,9030658,141995168.00
2016/04/22,15.44,15.90,15.41,15.70,5001942,78650656.00
2016/04/25,15.58,16.35,15.58,16.22,11626386,187078320.00
2016/04/26,16.24,16.48,15.90,16.12,4764597,76506424.00
2016/04/27,16.12,16.33,15.83,15.84,6228340,100099632.00
2016/04/28,15.77,15.77,15.21,15.50,6909627,106658992.00
2016/04/29,15.39,15.80,15.18,15.19,8684340,133895112.00
2016/05/03,15.30,16.71,15.20,16.59,23390634,378910496.00
2016/05/04,16.52,17.40,16.43,16.76,26276325,449036608.00
2016/05/05,16.73,17.16,16.57,16.80,7680963,129437968.00
2016/05/06,16.83,17.14,16.20,16.22,10574407,174433520.00
2016/05/09,16.18,16.52,15.33,16.20,8820872,141408688.00
2016/05/10,16.00,16.80,15.90,16.60,10033559,165881152.00
2016/05/11,17.09,18.06,16.89,17.30,28985649,507608544.00
2016/05/12,17.03,17.55,16.84,17.05,15220326,262109040.00
2016/05/13,17.24,17.49,17.00,17.10,13295955,228983792.00
2016/05/16,17.16,18.81,17.08,18.81,33989921,616453312.00
2016/05/17,19.00,19.00,17.89,17.93,26282595,481814464.00
2016/05/18,18.25,18.25,16.90,17.37,15632888,270396224.00
2016/05/19,17.35,17.97,17.21,17.60,13804588,241864544.00
2016/05/20,17.18,17.66,16.75,17.49,14864633,255602272.00
2016/05/23,17.15,17.39,16.85,17.02,16020222,273549056.00
2016/05/24,17.20,17.20,16.36,16.68,14660597,244354160.00
2016/05/25,16.77,16.87,16.04,16.10,14529002,237670704.00
2016/05/26,16.08,16.41,15.86,16.40,10705812,173275792.00
2016/05/27,16.40,16.88,16.21,16.69,12716138,211171904.00
2016/05/30,16.60,16.60,16.18,16.21,7804202,127262704.00
2016/05/31,16.32,16.95,16.10,16.95,13989526,232287360.00
2016/06/01,16.95,17.05,16.60,16.74,13538838,228311120.00
2016/06/02,16.80,16.82,16.27,16.45,11921799,196221024.00
2016/06/03,16.45,16.75,16.00,16.75,17833080,291539584.00
2016/06/06,16.62,17.50,16.62,17.28,17320414,297529280.00
2016/06/07,17.24,17.36,16.86,17.17,11328359,193643568.00
2016/06/08,17.17,17.28,16.84,16.93,7316324,124566496.00
2016/06/13,16.80,17.11,16.01,16.01,10026318,166506400.00
2016/06/14,15.85,16.36,15.80,16.20,9830394,157825744.00
2016/06/15,16.20,16.20,16.20,16.20,0,0.00
