Date, SZ002436.Open, SZ002436.High, SZ002436.Low, SZ002436.Close, SZ002436.Volume, SZ002436.Adjusted
2010/06/18,39.00,40.77,36.60,36.93,13768340,528816768.00
2010/06/21,35.13,37.15,33.62,36.82,5653631,199084544.00
2010/06/22,36.27,37.11,35.40,35.45,4102482,148020448.00
2010/06/23,34.50,35.74,34.40,35.24,2602648,90974736.00
2010/06/24,35.10,35.88,34.84,35.19,2115336,74920936.00
2010/06/25,34.96,35.17,33.95,34.40,2091755,72246520.00
2010/06/28,34.34,34.60,33.85,34.05,1184603,40498140.00
2010/06/29,34.26,34.26,31.13,31.22,2559232,83117384.00
2010/06/30,30.87,31.00,29.80,30.60,1313091,39982720.00
2010/07/01,30.50,31.35,30.32,30.55,1132475,34871316.00
2010/07/02,30.46,30.66,28.90,29.84,1665197,49445816.00
2010/07/05,29.30,29.55,28.62,29.34,1058461,30813358.00
2010/07/06,29.01,30.28,29.01,30.25,1315000,39393684.00
2010/07/07,30.30,30.86,30.11,30.37,1004902,30509184.00
2010/07/08,30.68,30.68,29.72,30.00,944308,28393102.00
2010/07/09,30.04,31.00,29.61,30.87,1641359,50161704.00
2010/07/12,30.88,31.68,30.75,31.43,1549133,48264316.00
2010/07/13,31.22,31.88,30.80,31.69,1391892,43462764.00
2010/07/14,31.60,32.20,31.26,31.53,1466646,46560600.00
2010/07/15,31.50,31.50,29.95,30.20,1177451,36233868.00
2010/07/16,29.92,30.23,29.40,30.03,606596,18086944.00
2010/07/19,29.70,30.43,29.62,30.27,1091795,32922572.00
2010/07/20,30.26,31.17,30.20,31.11,1472412,45355996.00
2010/07/21,31.20,31.66,30.87,31.00,1474728,46144288.00
2010/07/22,30.80,31.75,30.80,31.62,1138574,35803268.00
2010/07/23,31.63,31.70,31.00,31.48,1214957,38117328.00
2010/07/26,31.41,32.36,31.41,32.19,1472540,46974304.00
2010/07/27,32.20,32.20,31.61,31.66,1087251,34606096.00
2010/07/28,31.61,32.50,31.38,32.46,1766832,56704796.00
2010/07/29,32.55,33.06,32.33,33.02,1846452,60479464.00
2010/07/30,32.95,33.01,32.35,32.82,1412242,46156892.00
2010/08/02,32.82,33.47,32.42,33.25,2122862,69907776.00
2010/08/03,33.25,33.40,32.45,32.45,1299928,42817328.00
2010/08/04,32.41,32.80,32.23,32.80,1144714,37169092.00
2010/08/05,32.80,33.42,32.71,33.01,1284558,42526936.00
2010/08/06,34.00,36.30,34.00,35.36,4121802,145067696.00
2010/08/09,35.01,36.20,35.01,36.05,2702584,96296368.00
2010/08/10,36.30,36.83,35.80,35.85,3164444,114830440.00
2010/08/11,36.30,36.52,34.91,36.02,2020175,72225424.00
2010/08/12,35.98,38.26,35.00,37.13,3792120,139789280.00
2010/08/13,36.85,37.13,36.04,36.86,1409998,51769260.00
2010/08/16,36.85,37.13,36.04,36.86,0,0.00
2010/08/17,37.67,37.97,36.82,37.00,2187708,81500944.00
2010/08/18,37.20,37.89,35.80,36.20,2517932,92926544.00
2010/08/19,36.21,36.70,35.51,36.57,2163908,78311784.00
2010/08/20,36.18,36.46,34.80,35.00,2276122,80473184.00
2010/08/23,35.00,35.48,34.70,34.93,1085738,38141048.00
2010/08/24,35.65,37.69,35.60,37.00,3342735,123178072.00
2010/08/25,36.30,36.40,35.05,35.39,2660465,94875880.00
2010/08/26,35.30,36.87,35.28,36.87,2147348,77826400.00
2010/08/27,36.79,38.45,36.58,38.25,3799919,143392080.00
2010/08/30,38.66,39.50,38.10,38.81,3268295,126736800.00
2010/08/31,39.00,40.20,38.00,39.87,2683477,105719360.00
2010/09/01,39.87,40.50,38.15,38.83,2363956,93176344.00
2010/09/02,39.35,39.89,38.83,39.46,2195541,86512568.00
2010/09/03,39.40,40.42,38.50,40.20,2473784,98051176.00
2010/09/06,40.80,42.21,40.10,40.24,2119127,86906160.00
2010/09/07,39.87,40.09,38.91,39.95,1096219,43328940.00
2010/09/08,39.92,40.30,39.41,40.10,911357,36254484.00
2010/09/09,40.10,40.90,39.59,40.22,1413822,57036828.00
2010/09/10,40.23,40.66,38.71,39.81,1510204,59600112.00
2010/09/13,39.79,40.41,39.50,40.40,1108334,44435120.00
2010/09/14,40.45,41.60,40.21,41.13,1531664,62778892.00
2010/09/15,41.03,41.20,39.80,39.98,1187853,47975832.00
2010/09/16,39.98,40.10,38.80,39.01,938733,36788472.00
2010/09/17,39.09,39.59,38.90,39.24,828757,32532864.00
2010/09/20,39.20,39.20,36.80,36.92,3636649,137525280.00
2010/09/21,37.06,37.19,35.90,36.79,1419699,52087620.00
2010/09/27,36.96,38.17,36.90,37.86,1927458,73011232.00
2010/09/28,38.20,41.37,38.11,40.80,2995487,120003776.00
2010/09/29,40.45,42.30,39.82,40.00,2213092,91683800.00
2010/09/30,40.20,41.60,40.19,41.37,1112294,45796332.00
2010/10/08,41.99,42.18,41.02,41.36,1608501,66767012.00
2010/10/11,41.28,41.40,40.20,40.97,1555953,63292756.00
2010/10/12,40.80,41.28,40.33,40.45,915637,37451908.00
2010/10/13,40.80,41.28,40.33,40.45,0,0.00
2010/10/14,40.45,41.50,39.88,41.38,1461893,59315288.00
2010/10/15,41.54,41.54,38.52,38.74,1607418,64170668.00
2010/10/18,38.00,38.20,36.58,38.18,1343610,50068368.00
2010/10/19,38.16,39.47,37.72,39.20,817719,31977656.00
2010/10/20,38.86,39.85,38.28,39.41,931445,36664432.00
2010/10/21,39.39,40.34,38.61,40.27,1065169,41795924.00
2010/10/22,40.28,40.79,39.90,40.00,684597,27545438.00
2010/10/25,40.47,41.25,40.11,41.24,1110126,45503408.00
2010/10/26,41.44,41.90,40.68,41.87,1783661,73912704.00
2010/10/27,42.60,46.06,42.60,46.06,2439519,110927744.00
2010/10/28,46.60,48.30,45.45,47.05,3756486,176404656.00
2010/10/29,46.61,48.80,46.52,47.88,1989681,95444880.00
2010/11/01,48.03,50.74,48.03,48.80,1757033,87232152.00
2010/11/02,48.68,49.98,47.58,47.62,1741365,84784776.00
2010/11/03,47.46,48.60,46.61,47.97,1315378,62874348.00
2010/11/04,48.35,50.20,47.74,49.80,1329934,65496092.00
2010/11/05,49.75,52.97,49.75,52.60,1590558,82357056.00
2010/11/08,52.48,55.11,51.74,54.99,2319509,124139088.00
2010/11/09,54.70,55.99,53.60,54.38,1409519,76857896.00
2010/11/10,54.02,56.48,54.02,55.30,1175361,65269856.00
2010/11/11,54.81,56.18,54.68,54.90,1240887,68564824.00
2010/11/12,54.01,55.49,51.05,52.00,1670895,88403728.00
2010/11/15,52.30,56.90,52.30,56.60,1397982,75988520.00
2010/11/16,56.99,60.20,54.85,54.94,2480802,141779520.00
2010/11/17,54.00,57.48,52.00,52.20,1463629,79364472.00
2010/11/18,53.51,54.88,51.10,54.01,1232961,65993744.00
2010/11/19,54.00,57.49,53.88,57.21,1919119,106928032.00
2010/11/22,57.80,59.50,56.61,57.25,1847999,107274688.00
2010/11/23,58.00,59.50,57.01,59.49,1730524,101256120.00
2010/11/24,59.49,60.67,59.02,59.69,1118521,66922460.00
2010/11/25,60.00,61.34,58.58,59.91,1239714,74152416.00
2010/11/26,59.61,60.40,58.41,59.28,1003763,59645292.00
2010/11/29,59.61,60.40,58.41,59.28,0,0.00
2010/11/30,61.98,65.21,60.34,65.21,2422823,152144192.00
2010/12/01,64.07,69.88,64.01,67.76,2074938,138782176.00
2010/12/02,67.81,68.00,66.20,66.55,1074534,72044240.00
2010/12/03,66.55,69.75,66.55,69.48,1267115,86808768.00
2010/12/06,69.35,69.84,62.60,62.94,1930005,126195128.00
2010/12/07,62.00,65.65,59.40,65.14,1390005,87810296.00
2010/12/08,64.02,68.70,63.53,67.20,917808,61621036.00
2010/12/09,66.40,68.57,66.40,66.79,737730,49768624.00
2010/12/10,66.60,67.52,65.50,67.00,722660,48018204.00
2010/12/13,67.80,69.30,67.20,68.00,1082754,74005624.00
2010/12/14,68.30,70.69,67.41,69.97,894221,61641420.00
2010/12/15,70.00,70.53,68.18,68.23,696375,48007760.00
2010/12/16,68.23,69.69,67.60,68.10,766271,52388212.00
2010/12/17,68.00,68.10,66.05,67.17,830602,55486984.00
2010/12/20,67.02,68.00,63.50,66.60,1058979,69510904.00
2010/12/21,66.10,67.58,65.30,67.16,694533,46370816.00
2010/12/22,66.99,68.69,66.00,67.84,791645,53485964.00
2010/12/23,67.60,67.80,65.86,66.03,466383,31249924.00
2010/12/24,65.00,65.78,61.01,62.98,833573,52890992.00
2010/12/27,62.25,64.71,60.88,61.22,743269,46792628.00
2010/12/28,60.80,62.28,60.60,61.20,566035,34719148.00
2010/12/29,61.20,63.29,61.20,63.00,381045,23825356.00
2010/12/30,62.98,67.90,62.50,67.10,973163,63982860.00
2010/12/31,67.76,68.09,66.29,67.11,615229,41379584.00
2011/01/04,67.24,70.58,67.24,69.30,1112845,77139032.00
2011/01/05,68.69,71.29,68.57,69.81,823702,57747232.00
2011/01/06,69.90,71.49,69.12,69.55,481411,33702528.00
2011/01/07,69.49,69.49,67.22,67.78,567354,38596896.00
2011/01/10,66.90,68.84,64.80,65.30,517732,34785580.00
2011/01/11,65.01,65.37,62.01,63.71,672166,42770428.00
2011/01/12,63.60,65.47,62.80,64.86,333663,21435474.00
2011/01/13,65.20,67.80,65.20,66.68,687433,45870704.00
2011/01/14,66.66,66.66,63.88,65.20,433083,28049304.00
2011/01/17,64.50,64.80,61.13,61.98,839346,52352168.00
2011/01/18,62.00,62.41,59.70,61.60,380426,23240194.00
2011/01/19,62.00,63.14,60.06,62.98,598604,36908192.00
2011/01/20,62.72,62.72,57.01,57.15,963470,57265816.00
2011/01/21,56.06,56.98,55.03,55.97,1095729,61232728.00
2011/01/24,55.99,56.89,51.00,51.51,948074,50767292.00
2011/01/25,51.51,53.30,50.50,52.26,767690,39956956.00
2011/01/26,52.26,55.85,52.05,54.20,592284,31956494.00
2011/01/27,53.69,55.30,52.65,54.29,416933,22772258.00
2011/01/28,54.89,56.40,54.30,56.00,644939,36029932.00
2011/01/31,56.00,56.77,55.00,56.00,571345,31895262.00
2011/02/01,55.41,57.49,55.05,56.75,372835,21076704.00
2011/02/09,56.39,56.64,55.01,55.30,349359,19515094.00
2011/02/10,55.51,58.34,55.51,57.64,641034,36804300.00
2011/02/11,57.87,58.95,57.27,57.60,581805,33755780.00
2011/02/14,58.31,59.97,58.08,59.49,525564,30971794.00
2011/02/15,60.25,61.91,59.65,61.65,998019,61250128.00
2011/02/16,62.29,62.80,61.25,62.52,470344,29277076.00
2011/02/17,63.00,65.50,62.70,63.25,815806,52170888.00
2011/02/18,63.21,64.98,61.51,63.69,653550,41708580.00
2011/02/21,63.10,65.21,63.10,65.21,690520,44562020.00
2011/02/22,64.71,67.57,63.00,63.34,1358496,87888792.00
2011/02/23,63.34,66.66,63.00,66.64,1060300,69537176.00
2011/02/24,66.59,66.60,62.75,64.99,924966,59718652.00
2011/02/25,64.01,64.92,61.60,63.49,698042,43928676.00
2011/02/28,64.99,64.99,61.01,61.50,1072592,66414660.00
2011/03/01,61.59,62.29,60.60,62.09,807582,49653080.00
2011/03/02,61.97,62.50,61.28,62.33,518205,32047320.00
2011/03/03,62.10,62.60,59.10,59.55,861886,52216404.00
2011/03/04,60.97,61.99,59.50,59.96,1467631,89442912.00
2011/03/07,60.12,61.99,60.12,61.62,713159,43912900.00
2011/03/08,61.16,61.72,60.01,61.20,534803,32592296.00
2011/03/09,61.19,63.80,61.02,63.32,933059,58310312.00
2011/03/10,63.10,64.59,62.32,63.04,795061,50474108.00
2011/03/11,63.20,63.97,62.30,63.09,959714,60652116.00
2011/03/14,62.90,62.90,60.87,61.80,704909,43508716.00
2011/03/15,61.80,61.80,58.90,61.39,813464,48920428.00
2011/03/16,61.38,61.38,60.03,61.00,530475,32146536.00
2011/03/17,60.20,60.68,59.27,59.40,356627,21380438.00
2011/03/18,60.06,60.38,59.61,60.00,238184,14297898.00
2011/03/21,59.99,60.50,59.33,60.26,295458,17733808.00
2011/03/22,60.26,60.29,59.02,59.81,212538,12698162.00
2011/03/23,59.90,60.74,59.90,60.26,289584,17464414.00
2011/03/24,60.53,61.48,60.28,61.13,367431,22358510.00
2011/03/25,61.19,61.59,60.91,61.14,283110,17319142.00
2011/03/28,61.19,61.59,60.91,61.14,0,0.00
2011/03/29,59.90,59.90,55.03,55.03,1353269,76873032.00
2011/03/30,53.51,54.99,53.40,54.05,583590,31509576.00
2011/03/31,53.54,55.40,53.54,54.50,320362,17527408.00
2011/04/01,55.18,55.21,54.30,55.00,192508,10504707.00
2011/04/06,54.35,55.68,54.00,54.00,275484,15174450.00
2011/04/07,55.00,55.00,52.06,53.43,517529,27312370.00
2011/04/08,52.70,53.86,52.50,53.50,427866,22842992.00
2011/04/11,53.60,54.54,53.17,53.27,418302,22503134.00
2011/04/12,53.30,53.33,51.10,51.39,639319,33214608.00
2011/04/13,51.39,52.44,51.39,52.17,262853,13672781.00
2011/04/14,52.28,53.10,51.88,53.09,368045,19309564.00
2011/04/15,52.50,53.58,52.41,53.10,248525,13200555.00
2011/04/18,53.00,53.00,51.50,51.70,353071,18391094.00
2011/04/19,51.70,52.03,50.00,50.36,673253,34085104.00
2011/04/20,50.52,51.43,50.20,51.41,304217,15527558.00
2011/04/21,51.41,53.58,51.39,53.58,433161,22954738.00
2011/04/22,53.59,54.20,52.56,52.72,287007,15278909.00
2011/04/25,52.70,52.80,51.80,52.22,266079,13919143.00
2011/04/26,52.22,52.45,50.70,51.14,390085,20109344.00
2011/04/27,52.00,52.00,49.75,49.85,417665,21090460.00
2011/04/28,49.85,50.00,46.08,46.99,697107,33528864.00
2011/04/29,46.78,47.88,46.78,47.85,201468,9547935.00
2011/05/03,47.18,48.43,47.18,47.65,265622,12708689.00
2011/05/04,47.00,48.07,47.00,47.41,332495,15796652.00
2011/05/05,47.41,47.68,46.66,47.60,262017,12397883.00
2011/05/06,47.67,50.20,47.67,50.20,770050,38144596.00
2011/05/09,50.40,51.90,50.25,51.42,548073,28101626.00
2011/05/10,51.10,51.77,47.00,50.40,389371,19724694.00
2011/05/11,50.28,50.42,49.50,50.10,367688,18378270.00
2011/05/12,50.22,51.58,50.22,50.70,426651,21740202.00
2011/05/13,25.00,25.00,24.03,24.28,579491,14057951.00
2011/05/16,24.28,24.97,24.01,24.45,510477,12564014.00
2011/05/17,24.45,24.80,24.02,24.19,405986,9959489.00
2011/05/18,24.35,24.50,23.90,24.27,344163,8352780.50
2011/05/19,24.28,24.80,24.03,24.06,298476,7228870.00
2011/05/20,24.24,24.26,23.93,24.16,244280,5875909.00
2011/05/23,24.08,24.30,23.11,23.24,496310,11779549.00
2011/05/24,23.50,23.61,23.01,23.48,530259,12358846.00
2011/05/25,23.30,23.70,23.01,23.05,304602,7128760.00
2011/05/26,23.05,23.60,22.01,22.05,697453,15685305.00
2011/05/27,21.88,22.39,20.92,21.16,927154,19647472.00
2011/05/30,20.98,21.48,20.80,21.00,504958,10721227.00
2011/05/31,21.25,22.28,21.13,22.19,709673,15409111.00
2011/06/01,22.00,22.60,22.00,22.48,410478,9159972.00
2011/06/02,22.35,23.18,21.78,23.15,626265,14075834.00
2011/06/03,23.05,23.67,22.90,23.63,1053548,24720650.00
2011/06/07,23.63,23.68,23.00,23.18,598132,13923517.00
2011/06/08,23.18,23.18,22.10,22.65,659086,14939999.00
2011/06/09,22.63,22.65,22.00,22.00,508128,11342713.00
2011/06/10,21.82,23.02,21.61,22.97,798443,17821090.00
2011/06/13,22.85,22.98,22.33,22.81,539677,12224300.00
2011/06/14,22.81,23.71,22.60,23.40,821017,19273984.00
2011/06/15,23.35,23.70,23.16,23.38,421348,9874421.00
2011/06/16,22.70,22.90,21.60,21.80,1058991,23364200.00
2011/06/17,21.80,22.05,21.51,21.53,383265,8344154.00
2011/06/20,21.67,21.95,21.33,21.84,388920,8428071.00
2011/06/21,22.30,22.50,21.84,21.93,311239,6863425.00
2011/06/22,21.85,22.10,21.80,21.94,226109,4968583.00
2011/06/23,21.51,23.18,21.51,23.09,1023070,23307706.00
2011/06/24,22.85,24.00,22.84,23.55,1119558,26519338.00
2011/06/27,23.75,25.35,23.75,24.78,2121229,52320920.00
2011/06/28,24.80,25.06,24.51,24.85,1483033,36781284.00
2011/06/29,24.83,25.05,24.38,24.40,1201928,29618496.00
2011/06/30,24.34,24.66,24.21,24.57,860070,21074244.00
2011/07/01,24.50,25.55,24.50,25.11,1413389,35650016.00
2011/07/04,25.18,25.93,25.18,25.88,1876044,48164760.00
2011/07/05,25.89,25.89,25.41,25.62,1724351,44142288.00
2011/07/06,25.58,26.82,25.50,26.46,2703059,70859112.00
2011/07/07,26.46,27.88,26.32,27.30,3595692,97484696.00
2011/07/08,27.01,27.48,26.35,26.70,1824973,48596796.00
2011/07/11,26.46,27.60,26.00,27.60,1995015,54077528.00
2011/07/12,27.40,27.40,25.78,25.78,3146877,83852064.00
2011/07/13,25.90,26.48,25.47,26.21,3629793,94022384.00
2011/07/14,26.23,26.25,25.53,25.70,3025883,78011896.00
2011/07/15,25.40,26.23,25.28,26.03,3075482,79899720.00
2011/07/18,26.21,26.87,26.21,26.65,2602081,69270096.00
2011/07/19,26.75,26.75,25.82,25.96,1419541,37087776.00
2011/07/20,25.99,26.40,25.71,25.97,1065374,27724026.00
2011/07/21,25.97,25.97,23.38,25.01,1927260,48896352.00
2011/07/22,24.73,26.00,24.60,25.65,2098288,53670144.00
2011/07/25,25.60,25.88,25.16,25.19,1587444,40469772.00
2011/07/26,25.12,25.40,24.27,24.90,1211509,30216588.00
2011/07/27,24.73,26.15,24.41,25.99,2340670,60438040.00
2011/07/28,25.71,26.80,25.55,26.78,3493746,92305264.00
2011/07/29,26.65,26.80,25.60,26.18,2193150,57694160.00
2011/08/01,26.01,26.55,26.01,26.40,1224148,32289800.00
2011/08/02,26.02,26.45,25.42,26.01,1021952,26357056.00
2011/08/03,25.88,26.85,25.48,26.80,2046489,54515444.00
2011/08/04,26.79,27.30,26.59,27.15,1809819,49079440.00
2011/08/05,26.65,27.79,26.15,26.73,2915946,79296640.00
2011/08/08,26.31,26.42,24.80,26.01,2133186,55358092.00
2011/08/09,25.40,26.45,24.60,26.03,1902255,48505448.00
2011/08/10,26.38,26.95,26.23,26.40,1794455,47675660.00
2011/08/11,26.12,26.90,25.80,26.90,1267518,33359656.00
2011/08/12,26.98,27.90,26.97,27.68,2135435,58585412.00
2011/08/15,27.67,28.40,27.65,27.91,2647640,74144824.00
2011/08/16,27.67,28.40,27.65,27.91,0,0.00
2011/08/17,27.68,27.72,26.60,26.70,2527914,67945272.00
2011/08/18,26.70,26.80,25.54,25.98,2043335,52962716.00
2011/08/19,25.50,26.44,25.36,26.15,1071896,27925122.00
2011/08/22,26.09,26.09,24.41,24.58,2790675,70032400.00
2011/08/23,24.01,24.36,22.12,23.29,11812585,268218928.00
2011/08/24,22.80,23.17,22.56,22.80,5257610,120430144.00
2011/08/25,22.88,23.15,22.76,23.11,2544595,58419216.00
2011/08/26,23.00,23.30,22.88,23.16,2293047,53044840.00
2011/08/29,23.10,23.10,22.00,22.08,5066359,113165744.00
2011/08/30,22.18,22.53,22.05,22.12,2480136,55364188.00
2011/08/31,22.17,22.32,21.75,22.00,1655406,36312748.00
2011/09/01,22.00,22.08,21.70,21.79,1322630,28975904.00
2011/09/02,21.71,21.90,21.53,21.89,1067486,23181772.00
2011/09/05,21.69,21.69,21.26,21.27,1010262,21571470.00
2011/09/06,21.18,21.32,20.60,20.68,1354368,28262908.00
2011/09/07,20.81,21.35,20.81,21.29,1789797,37825900.00
2011/09/08,21.48,21.48,20.67,20.67,1398505,29402956.00
2011/09/09,20.68,21.13,20.60,20.66,774635,16100029.00
2011/09/13,20.11,20.31,19.70,19.90,930576,18664276.00
2011/09/14,20.09,20.30,19.82,20.14,855534,17188984.00
2011/09/15,20.20,20.54,20.00,20.29,1050139,21350796.00
2011/09/16,20.35,20.53,20.10,20.12,662032,13452285.00
2011/09/19,20.17,20.30,19.34,19.47,1134975,22247904.00
2011/09/20,19.48,19.70,19.26,19.50,956503,18663454.00
2011/09/21,19.50,20.80,19.20,20.36,2407661,48022008.00
2011/09/22,20.10,20.20,19.55,19.56,1435582,28563004.00
2011/09/23,19.20,19.35,18.63,18.97,1524360,28893070.00
2011/09/26,18.96,19.18,18.63,18.63,558938,10536792.00
2011/09/27,18.83,19.20,18.72,18.96,627282,11840877.00
2011/09/28,19.24,19.24,18.44,18.47,627343,11785826.00
2011/09/29,18.54,18.54,18.04,18.04,618781,11276527.00
2011/09/30,18.00,18.20,17.85,17.90,478882,8605618.00
2011/10/10,17.95,18.20,17.91,17.97,332539,5992651.00
2011/10/11,18.33,18.47,17.00,17.31,1121865,19756748.00
2011/10/12,17.40,18.60,17.02,18.36,2017050,36154112.00
2011/10/13,18.30,18.99,18.06,18.81,1424053,26640034.00
2011/10/14,18.85,18.85,18.31,18.69,889876,16540051.00
2011/10/17,18.75,19.00,18.46,18.68,751842,14059788.00
2011/10/18,18.54,18.54,17.60,17.66,879790,15943711.00
2011/10/19,18.00,18.10,17.52,17.90,545285,9723370.00
2011/10/20,17.67,17.84,17.30,17.56,544209,9558986.00
2011/10/21,17.75,17.88,17.39,17.69,388931,6852374.50
2011/10/24,17.60,17.80,16.86,17.62,765998,13291072.00
2011/10/25,17.62,18.30,17.50,18.10,1219113,21921720.00
2011/10/26,17.90,18.56,17.84,18.22,1470622,26933712.00
2011/10/27,18.14,18.35,17.62,17.84,1643795,29508106.00
2011/10/28,18.05,19.18,17.72,18.97,3130375,57702196.00
2011/10/31,19.23,19.96,19.23,19.54,2643440,51611268.00
2011/11/01,19.30,19.70,19.10,19.14,1566732,30307122.00
2011/11/02,18.94,19.46,18.51,19.46,1711844,32445520.00
2011/11/03,19.50,20.03,19.40,19.40,1975110,38917056.00
2011/11/04,19.32,19.75,19.32,19.50,1022630,19945340.00
2011/11/07,19.48,20.06,19.36,19.79,1784596,35222712.00
2011/11/08,19.72,19.98,19.25,19.29,1204668,23616836.00
2011/11/09,19.75,20.26,19.61,20.05,2534429,50459208.00
2011/11/10,19.78,20.62,19.70,20.40,3641493,74290296.00
2011/11/11,20.41,20.58,20.13,20.47,1719209,35158572.00
2011/11/14,20.95,20.99,20.41,20.73,1769865,36724136.00
2011/11/15,20.63,20.80,20.40,20.47,1169132,24038520.00
2011/11/16,20.70,20.70,19.87,19.95,1121083,22721096.00
2011/11/17,19.93,20.59,19.82,20.45,1232547,24981808.00
2011/11/18,20.20,20.64,19.81,20.58,1275620,25908796.00
2011/11/21,20.56,20.65,19.88,20.04,859746,17252014.00
2011/11/22,20.06,20.20,19.86,20.14,846799,16947116.00
2011/11/23,20.29,20.60,20.00,20.48,1240928,25341952.00
2011/11/24,20.35,21.39,20.10,21.19,2411094,50259832.00
2011/11/25,21.46,21.46,20.85,21.21,1543249,32510110.00
2011/11/28,21.38,21.50,21.00,21.28,1377580,29155406.00
2011/11/29,21.33,21.34,21.07,21.08,1039371,22016566.00
2011/11/30,21.15,21.21,20.20,20.40,1579141,32671866.00
2011/12/01,21.15,21.21,20.20,20.40,0,0.00
2011/12/02,20.75,20.75,19.00,19.30,2224883,43386492.00
2011/12/05,19.30,19.33,18.28,18.58,1193185,22361592.00
2011/12/06,18.80,18.80,18.05,18.41,1615533,29609256.00
2011/12/07,18.42,18.87,18.22,18.41,721403,13273240.00
2011/12/08,18.41,18.69,18.16,18.25,633516,11645156.00
2011/12/09,18.21,18.46,18.06,18.15,593723,10860785.00
2011/12/12,18.15,18.39,18.06,18.17,356042,6475148.00
2011/12/13,18.00,18.45,17.80,18.36,1288467,23282270.00
2011/12/14,18.11,18.43,18.10,18.42,447310,8185271.00
2011/12/15,18.28,18.38,17.41,18.00,652053,11699291.00
2011/12/16,17.73,18.38,17.73,18.30,510914,9297806.00
2011/12/19,18.28,18.35,18.01,18.24,487004,8858093.00
2011/12/20,18.01,18.30,17.83,18.08,822881,14895831.00
2011/12/21,18.30,18.30,16.27,16.27,1793977,30386088.00
2011/12/22,16.10,16.10,15.10,15.79,2465766,38315920.00
2011/12/23,15.61,16.07,15.52,15.80,929123,14698400.00
2011/12/26,15.80,16.18,15.02,15.46,1734485,26886168.00
2011/12/27,15.15,15.40,15.08,15.20,300409,4560920.50
2011/12/28,15.26,15.26,14.92,15.25,632317,9577945.00
2011/12/29,15.30,15.64,15.20,15.51,830173,12827458.00
2011/12/30,15.62,15.87,15.46,15.66,752547,11819339.00
2012/01/04,15.83,16.19,15.70,15.87,886765,14162759.00
2012/01/05,15.82,15.92,15.51,15.82,868159,13638185.00
2012/01/06,15.67,16.08,15.57,16.03,1334344,21157920.00
2012/01/09,16.05,16.98,15.90,16.92,1916518,31783738.00
2012/01/10,16.82,17.26,16.73,17.15,2034900,34559972.00
2012/01/11,17.10,17.24,16.83,16.98,736905,12488064.00
2012/01/12,16.91,17.30,16.66,16.71,1285250,21670116.00
2012/01/13,16.71,16.98,15.27,15.44,1651374,26256242.00
2012/01/16,15.41,15.64,15.12,15.19,557279,8557573.00
2012/01/17,15.18,15.76,14.55,15.66,1663294,25221276.00
2012/01/18,15.66,15.70,14.51,14.52,1188844,17932728.00
2012/01/19,14.70,14.83,14.40,14.66,660137,9663920.00
2012/01/20,14.70,15.60,14.70,15.48,1095379,16734936.00
2012/01/30,15.49,15.92,15.32,15.49,620953,9685234.00
2012/01/31,15.38,15.68,15.38,15.59,315174,4912459.50
2012/02/01,15.69,15.88,15.56,15.66,761591,12008213.00
2012/02/02,15.88,15.88,15.65,15.78,745287,11715736.00
2012/02/03,15.80,16.36,15.78,16.19,1314356,21147490.00
2012/02/06,16.20,17.76,16.20,17.48,3505485,60408828.00
2012/02/07,17.22,17.30,17.00,17.26,1302405,22306758.00
2012/02/08,17.02,17.68,17.02,17.50,810992,14102132.00
2012/02/09,17.52,17.68,17.26,17.49,760068,13250672.00
2012/02/10,17.45,17.50,17.05,17.31,856140,14748621.00
2012/02/13,17.05,17.93,16.90,17.74,1273659,22412104.00
2012/02/14,17.70,18.23,17.52,17.90,1436866,25840034.00
2012/02/15,17.76,18.26,17.76,18.19,1867750,33707020.00
2012/02/16,17.91,18.17,17.91,17.97,808548,14570608.00
2012/02/17,17.84,18.00,17.60,17.80,1359014,24151122.00
2012/02/20,18.25,18.25,16.96,17.74,1173013,20829324.00
2012/02/21,17.78,18.19,17.51,18.14,726687,12940853.00
2012/02/22,18.12,18.85,18.12,18.80,2406851,44593112.00
2012/02/23,18.59,18.94,18.59,18.70,975265,18292534.00
2012/02/24,18.70,19.06,18.51,18.80,1045299,19699026.00
2012/02/27,18.90,19.10,18.60,18.80,967807,18219638.00
2012/02/28,18.80,18.80,18.00,18.18,1662730,30361512.00
2012/02/29,18.15,18.23,17.80,18.00,782640,14065753.00
2012/03/01,17.95,18.45,17.85,18.08,764630,13901614.00
2012/03/02,18.18,18.30,18.05,18.25,900306,16397458.00
2012/03/05,18.28,18.59,18.21,18.50,1479004,27188438.00
2012/03/06,18.46,18.58,18.20,18.52,1034160,18971722.00
2012/03/07,18.30,19.47,18.05,19.03,2781117,53235056.00
2012/03/08,19.14,19.61,18.96,19.56,2226381,43308580.00
2012/03/09,19.77,20.08,19.38,19.95,1729107,34247740.00
2012/03/12,19.96,20.19,19.85,20.07,1693404,33913500.00
2012/03/13,20.08,20.20,19.74,20.04,1591115,31688692.00
2012/03/14,20.00,20.03,18.65,18.88,2584721,50176160.00
2012/03/15,18.86,19.09,17.78,18.59,1565094,28745032.00
2012/03/16,18.55,18.95,18.40,18.78,697045,12996016.00
2012/03/19,18.89,19.45,18.82,19.42,1048191,20245064.00
2012/03/20,19.38,19.42,18.95,19.03,959936,18420024.00
2012/03/21,19.30,19.37,18.96,19.06,814933,15527835.00
2012/03/22,19.01,19.13,18.82,18.93,300358,5684217.00
2012/03/23,18.93,18.93,18.02,18.29,747862,13802938.00
2012/03/26,18.19,18.43,18.18,18.35,269259,4938311.00
2012/03/27,18.39,18.62,18.05,18.18,641068,11781865.00
2012/03/28,18.01,18.18,17.48,17.52,845423,14944228.00
2012/03/29,17.53,17.78,16.60,17.00,1475766,24946248.00
2012/03/30,16.89,17.00,16.61,16.76,584645,9861350.00
2012/04/05,16.78,17.55,16.78,17.33,648347,11128305.00
2012/04/06,17.33,17.50,17.05,17.40,825402,14335484.00
2012/04/09,17.68,17.81,17.11,17.45,733669,12810126.00
2012/04/10,17.28,17.57,16.66,17.00,1316510,22234866.00
2012/04/11,16.94,17.18,16.72,16.80,601022,10181760.00
2012/04/12,16.81,17.05,16.80,17.00,869177,14727925.00
2012/04/13,17.30,17.40,16.98,17.29,1633738,28026976.00
2012/04/16,17.18,17.38,17.00,17.28,737587,12692681.00
2012/04/17,17.28,17.56,17.18,17.40,677630,11751305.00
2012/04/18,17.40,18.26,17.38,18.26,1723056,30976012.00
2012/04/19,18.31,18.46,18.06,18.31,1168320,21393292.00
2012/04/20,18.31,18.76,18.01,18.58,819096,15107981.00
2012/04/23,18.50,18.77,17.98,18.38,2403483,43861016.00
2012/04/24,18.30,18.45,17.80,18.08,918101,16700967.00
2012/04/25,18.00,18.05,17.70,17.86,1192536,21348216.00
2012/04/26,17.85,18.10,17.75,17.96,1082214,19402662.00
2012/04/27,18.03,18.15,17.76,17.98,1297474,23232646.00
2012/05/02,17.98,18.50,17.95,18.24,712674,12948514.00
2012/05/03,18.24,18.78,18.20,18.34,717191,13203942.00
2012/05/04,18.40,18.68,18.32,18.55,662392,12291601.00
2012/05/07,18.40,18.68,18.32,18.55,0,0.00
2012/05/08,18.66,18.85,18.23,18.52,1829505,33816740.00
2012/05/09,18.40,18.55,18.11,18.18,919889,16819962.00
2012/05/10,18.15,18.40,17.92,18.17,1384482,25136416.00
2012/05/11,18.19,18.19,17.92,17.96,2047644,36863672.00
2012/05/14,18.00,18.00,17.50,17.54,759518,13390693.00
2012/05/15,17.48,17.48,16.79,16.99,819569,13950289.00
2012/05/16,16.99,17.14,16.50,16.60,962257,16086364.00
2012/05/17,16.79,16.79,16.32,16.60,1019536,16864234.00
2012/05/18,16.47,16.50,16.00,16.16,1234120,19980440.00
2012/05/21,16.10,16.36,16.03,16.19,572771,9302072.00
2012/05/22,16.48,16.50,15.90,16.01,1081620,17368136.00
2012/05/23,16.01,16.08,15.40,15.56,2551064,39958316.00
2012/05/24,15.60,16.20,15.53,15.98,2040680,32418998.00
2012/05/25,15.85,15.94,15.65,15.68,714431,11283925.00
2012/05/28,15.68,16.00,15.61,15.99,586056,9303682.00
2012/05/29,15.89,16.55,15.89,16.44,1371928,22399080.00
2012/05/30,16.49,16.49,16.28,16.38,608687,9954311.00
2012/05/31,16.10,16.64,16.02,16.40,1425599,23364482.00
2012/06/01,16.39,16.59,16.32,16.49,669036,11012398.00
2012/06/04,16.38,16.38,15.97,16.00,672292,10801765.00
2012/06/05,15.90,16.09,15.79,15.89,397720,6328940.50
2012/06/06,15.91,15.98,15.56,15.74,300027,4737276.00
2012/06/07,15.82,15.92,15.40,15.45,385676,6037740.00
2012/06/08,15.55,15.73,15.30,15.30,354714,5506519.00
2012/06/11,15.32,15.84,15.32,15.82,414751,6445419.50
2012/06/12,15.74,15.88,15.60,15.66,434357,6831322.50
2012/06/13,15.90,15.91,15.68,15.87,517566,8186360.50
2012/06/14,15.82,15.91,15.62,15.63,731055,11550888.00
2012/06/15,15.65,15.80,15.45,15.77,593390,9291472.00
2012/06/18,15.80,15.82,15.60,15.64,804779,12609623.00
2012/06/19,15.67,15.71,15.43,15.59,1028410,16013806.00
2012/06/20,15.50,15.62,15.19,15.40,1364299,21079190.00
2012/06/21,15.44,15.47,15.21,15.26,1004668,15413706.00
2012/06/25,15.26,15.28,14.91,14.93,580265,8764433.00
2012/06/26,14.93,15.00,14.77,14.99,336111,4996781.50
2012/06/27,15.00,15.26,14.86,14.97,307026,4616124.50
2012/06/28,15.00,15.26,14.86,14.97,0,0.00
2012/06/29,14.88,15.15,14.67,15.11,368319,5505526.00
2012/07/02,15.22,15.40,15.08,15.31,730191,11144985.00
2012/07/03,15.30,15.71,15.30,15.64,1041992,16217402.00
2012/07/04,15.70,15.75,15.51,15.72,721007,11307158.00
2012/07/05,15.58,15.72,15.18,15.39,803462,12349210.00
2012/07/06,15.39,15.65,15.39,15.60,582510,9035838.00
2012/07/09,15.56,15.98,15.37,15.60,621595,9791182.00
2012/07/10,15.50,15.70,15.38,15.67,283853,4411070.00
2012/07/11,15.67,15.69,15.51,15.67,632227,9887748.00
2012/07/12,15.60,16.13,15.40,16.07,806070,12804829.00
2012/07/13,15.98,16.60,15.90,16.58,1661822,27221340.00
2012/07/16,16.65,16.88,16.11,16.19,2446566,40186420.00
2012/07/17,16.50,16.50,15.86,16.30,1038643,16804700.00
2012/07/18,16.28,16.70,16.10,16.70,1142040,18733664.00
2012/07/19,16.70,17.24,16.60,17.22,1993128,33934372.00
2012/07/20,17.10,17.31,16.95,17.17,1803219,30967486.00
2012/07/23,17.47,17.47,16.91,17.03,1102953,18837372.00
2012/07/24,16.90,17.15,16.75,17.11,1208210,20608400.00
2012/07/25,16.91,17.11,16.80,16.85,712855,12099941.00
2012/07/26,16.80,17.19,16.26,16.31,1486890,24665736.00
2012/07/27,16.38,16.48,16.02,16.08,801287,12988936.00
2012/07/30,16.00,16.30,16.00,16.12,329813,5312301.50
2012/07/31,16.12,16.26,15.68,16.02,637111,10170342.00
2012/08/01,16.10,16.50,15.92,16.08,555196,8943013.00
2012/08/02,16.19,16.19,15.61,15.67,408620,6513950.50
2012/08/03,15.71,16.09,15.71,16.05,1140096,18161966.00
2012/08/06,16.05,16.50,15.77,16.50,560118,9116439.00
2012/08/07,16.53,16.70,16.50,16.54,303607,5033670.00
2012/08/08,16.63,16.64,16.35,16.43,293684,4837442.50
2012/08/09,16.53,16.80,16.41,16.69,604762,10039264.00
2012/08/10,16.95,18.00,16.95,17.87,2688974,47296668.00
2012/08/13,17.68,18.15,17.46,17.82,2151614,38332044.00
2012/08/14,17.70,17.70,16.88,17.38,2039461,35223036.00
2012/08/15,17.40,17.50,16.99,17.03,808375,13856944.00
2012/08/16,17.18,17.40,16.94,17.28,847576,14613701.00
2012/08/17,17.31,17.35,17.00,17.16,331155,5672838.00
2012/08/20,17.00,17.15,16.68,16.92,427529,7216003.50
2012/08/21,16.96,17.46,16.85,17.25,903504,15626523.00
2012/08/22,17.50,17.50,17.15,17.25,449662,7759530.00
2012/08/23,17.26,17.34,17.01,17.20,484454,8314703.00
2012/08/24,17.13,17.23,16.60,16.75,487901,8249886.00
2012/08/27,16.84,16.84,16.13,16.31,612828,10008794.00
2012/08/28,16.42,16.50,16.21,16.43,590355,9667485.00
2012/08/29,16.48,16.56,16.28,16.45,456167,7495577.50
2012/08/30,16.50,16.50,16.14,16.35,355449,5801532.00
2012/08/31,16.21,16.84,16.21,16.80,655653,10861833.00
2012/09/03,16.80,17.68,16.80,17.54,1812650,31513122.00
2012/09/04,17.48,17.59,17.30,17.31,498191,8707177.00
2012/09/05,17.33,17.84,17.25,17.46,1223820,21390192.00
2012/09/06,17.52,17.80,17.47,17.71,1140404,20126504.00
2012/09/07,17.85,18.10,17.80,18.04,1549900,27925944.00
2012/09/10,18.08,18.49,17.82,17.92,1845659,33432780.00
2012/09/11,17.94,18.49,17.80,17.98,1318103,23816376.00
2012/09/12,18.05,18.05,17.40,17.63,1509669,26623144.00
2012/09/13,17.74,17.82,17.40,17.43,552209,9702673.00
2012/09/14,17.46,17.67,17.30,17.44,758396,13282370.00
2012/09/17,17.31,17.45,17.10,17.20,884449,15252636.00
2012/09/18,17.15,17.26,17.00,17.17,563396,9634379.00
2012/09/19,17.17,17.59,17.12,17.49,924649,16079849.00
2012/09/20,17.32,17.59,16.96,17.15,657567,11346747.00
2012/09/21,17.13,17.33,16.90,17.04,451609,7713388.50
2012/09/24,16.99,17.50,16.99,17.43,676951,11747953.00
2012/09/25,17.50,17.50,16.81,16.98,783412,13429678.00
2012/09/26,16.98,17.10,16.62,16.82,370129,6213321.50
2012/09/27,16.82,17.14,16.50,16.95,634739,10700558.00
2012/09/28,16.90,17.04,16.75,17.00,547510,9277568.00
2012/10/08,17.01,17.25,16.66,16.80,426355,7223221.50
2012/10/09,16.75,17.58,16.75,17.35,2090019,36188096.00
2012/10/10,17.40,17.68,17.26,17.42,2163479,37735084.00
2012/10/11,17.30,17.30,16.71,16.72,1849370,31328088.00
2012/10/12,16.97,16.97,16.01,16.30,1678361,27601548.00
2012/10/15,16.29,16.50,16.01,16.30,840897,13669577.00
2012/10/16,16.40,16.63,16.06,16.22,664586,10808443.00
2012/10/17,16.23,16.34,16.10,16.16,578772,9369591.00
2012/10/18,16.08,16.37,16.03,16.30,777675,12625148.00
2012/10/19,16.29,16.64,16.20,16.40,702870,11524697.00
2012/10/22,16.36,16.39,16.11,16.30,616949,10028120.00
2012/10/23,16.40,16.40,16.13,16.17,439964,7128910.50
2012/10/24,16.20,16.35,15.00,15.50,1646190,25698550.00
2012/10/25,15.60,15.84,15.30,15.30,906709,14101063.00
2012/10/26,15.30,15.30,15.00,15.16,479118,7237941.00
2012/10/29,15.18,15.36,15.16,15.31,181880,2773994.75
2012/10/30,15.45,15.45,15.14,15.30,396315,6049639.00
2012/10/31,15.32,15.36,15.19,15.34,176600,2697020.75
2012/11/01,15.34,15.75,15.34,15.70,685811,10746073.00
2012/11/02,15.66,15.99,15.66,15.95,799210,12671985.00
2012/11/05,15.93,16.12,15.60,15.60,641850,10159886.00
2012/11/06,15.51,15.85,15.48,15.51,532006,8331612.50
2012/11/07,15.70,15.84,15.50,15.64,1002311,15698758.00
2012/11/08,15.65,15.65,15.18,15.27,366675,5628180.00
2012/11/09,15.29,15.50,15.09,15.23,464282,7064453.50
2012/11/12,15.50,15.50,15.05,15.13,356428,5391718.50
2012/11/13,15.18,15.18,14.91,14.94,218400,3272312.00
2012/11/14,14.90,15.08,14.81,14.95,300400,4499966.00
2012/11/15,14.87,15.12,14.77,14.78,282696,4229805.00
2012/11/16,14.63,14.95,14.60,14.93,216700,3193884.00
2012/11/19,14.98,15.09,14.89,15.04,85780,1284856.00
2012/11/20,15.04,15.20,14.90,15.09,72600,1091742.63
2012/11/21,14.99,15.10,14.81,15.04,144019,2156596.00
2012/11/22,15.00,15.04,14.82,14.83,91710,1364295.25
2012/11/23,15.00,15.00,14.80,14.94,118800,1770202.00
2012/11/26,14.84,14.98,14.75,14.75,104900,1555823.00
2012/11/27,14.71,14.99,14.50,14.53,190755,2797452.75
2012/11/28,14.53,14.55,14.20,14.24,201990,2890203.25
2012/11/29,14.48,14.48,14.01,14.01,134601,1909008.13
2012/11/30,14.20,14.22,13.49,13.58,521526,7142560.00
2012/12/03,13.58,13.62,12.60,12.62,1062600,13751912.00
2012/12/04,13.58,13.62,12.60,12.62,0,0.00
2012/12/05,13.88,13.88,13.51,13.88,4073357,56494756.00
2012/12/06,13.90,14.14,13.54,13.97,3055964,42050960.00
2012/12/07,13.80,14.28,13.70,14.03,2311543,32266812.00
2012/12/10,14.05,14.26,13.87,14.12,2234047,31291326.00
2012/12/11,14.10,14.69,13.95,14.28,2478639,35514660.00
2012/12/12,14.21,14.55,14.00,14.28,1207793,17227350.00
2012/12/13,14.32,14.33,13.91,14.05,796775,11235704.00
2012/12/14,14.15,14.62,13.90,14.61,2036856,29316046.00
2012/12/17,14.69,15.30,14.51,14.55,1777942,26288382.00
2012/12/18,14.55,14.74,14.33,14.43,1205908,17529872.00
2012/12/19,14.36,14.62,14.35,14.47,636770,9214600.00
2012/12/20,14.50,14.77,14.38,14.66,1227167,17922012.00
2012/12/21,14.68,14.98,14.56,14.75,1076481,15862658.00
2012/12/24,14.80,15.33,14.76,15.02,1096808,16436314.00
2012/12/25,15.10,15.27,14.83,15.12,1505844,22799280.00
2012/12/26,15.20,15.67,15.11,15.38,1571760,24159230.00
2012/12/27,15.55,15.55,14.97,15.05,1169636,17714870.00
2012/12/28,14.77,15.32,14.77,15.30,801464,12148765.00
2012/12/31,15.31,15.39,15.00,15.30,763234,11593601.00
2013/01/04,15.30,15.49,14.65,14.71,3541870,52401544.00
2013/01/07,14.75,14.90,14.66,14.79,1425739,21091530.00
2013/01/08,14.82,16.15,14.75,15.68,3149610,48727368.00
2013/01/09,15.72,16.60,15.72,16.03,5369400,87239312.00
2013/01/10,16.05,16.37,15.74,15.85,2084748,33507000.00
2013/01/11,16.00,16.40,15.83,16.06,2651918,42697396.00
2013/01/14,16.06,16.76,16.06,16.70,3662561,60456788.00
2013/01/15,16.85,17.66,16.71,16.98,3656052,62792428.00
2013/01/16,16.97,16.99,16.45,16.50,2554829,42526920.00
2013/01/17,16.59,16.88,16.08,16.36,3904528,63785804.00
2013/01/18,16.37,16.67,16.21,16.63,2164042,35635632.00
2013/01/21,16.63,16.88,16.50,16.59,1509332,25088200.00
2013/01/22,16.65,16.79,16.01,16.20,2051065,33757380.00
2013/01/23,16.25,16.25,15.80,16.10,2804195,44958744.00
2013/01/24,16.08,16.40,15.88,16.10,1549649,24927652.00
2013/01/25,16.15,16.18,15.68,15.95,1341152,21282762.00
2013/01/28,16.10,16.45,16.10,16.40,3114049,50883220.00
2013/01/29,16.49,16.70,16.16,16.61,2214410,36680252.00
2013/01/30,16.69,17.04,16.60,16.95,2613416,44136148.00
2013/01/31,17.05,17.12,16.60,16.76,2563130,42870180.00
2013/02/01,16.76,16.91,16.66,16.88,1259942,21120490.00
2013/02/04,16.98,16.98,16.43,16.78,1828433,30416712.00
2013/02/05,16.70,16.77,16.54,16.77,678765,11308013.00
2013/02/06,16.85,16.95,16.61,16.78,1019328,17148312.00
2013/02/07,16.90,17.20,16.61,17.08,1813177,30803122.00
2013/02/08,17.14,17.64,17.02,17.35,2355929,41081200.00
2013/02/18,17.48,17.48,17.05,17.35,1063011,18364020.00
2013/02/19,17.21,18.05,16.98,17.90,2179757,38283752.00
2013/02/20,17.70,18.24,17.60,18.16,1736747,31392106.00
2013/02/21,18.00,18.19,17.42,17.83,2192428,39235492.00
2013/02/22,17.80,18.45,17.72,17.93,1732976,31564186.00
2013/02/25,17.97,18.33,17.97,18.04,2081657,37856536.00
2013/02/26,17.95,18.11,17.48,17.64,2459369,43781944.00
2013/02/27,17.70,18.00,17.16,17.39,2478584,43832672.00
2013/02/28,17.49,18.19,17.49,18.04,2274564,40825456.00
2013/03/01,18.04,18.46,17.86,18.22,1313148,23724688.00
2013/03/04,18.21,18.21,17.34,17.51,1284501,22643058.00
2013/03/05,17.40,17.72,17.40,17.60,1022039,17929092.00
2013/03/06,17.69,18.08,17.55,17.99,2306232,41348276.00
2013/03/07,18.00,18.07,17.40,17.60,1250185,22095110.00
2013/03/08,17.61,17.62,16.81,17.05,3387010,57654836.00
2013/03/11,16.96,16.96,16.30,16.48,3506241,57804232.00
2013/03/12,16.40,16.50,16.18,16.40,1894546,30948958.00
2013/03/13,16.30,16.40,16.00,16.38,624205,10139144.00
2013/03/14,16.20,16.46,16.20,16.32,511588,8373839.00
2013/03/15,16.32,16.55,16.11,16.30,1579460,25831920.00
2013/03/18,16.29,16.33,16.10,16.15,645552,10457412.00
2013/03/19,16.35,16.44,16.05,16.39,1120214,18163360.00
2013/03/20,16.48,16.55,16.23,16.54,1604441,26439912.00
2013/03/21,16.44,16.58,15.56,16.20,2953947,48000880.00
2013/03/22,16.15,16.30,16.00,16.17,2144028,34564596.00
2013/03/25,16.20,16.57,16.17,16.39,1445651,23664540.00
2013/03/26,16.39,16.39,16.05,16.30,946006,15313207.00
2013/03/27,16.30,16.35,16.01,16.29,1515913,24449272.00
2013/03/28,16.26,16.26,15.51,16.05,1968864,31266922.00
2013/03/29,16.05,16.05,15.70,15.87,862520,13640583.00
2013/04/01,15.88,15.89,15.40,15.48,1442794,22423728.00
2013/04/02,15.49,15.59,15.19,15.19,591367,9107676.00
2013/04/03,15.28,15.38,15.20,15.32,741219,11346766.00
2013/04/08,15.30,15.78,15.06,15.69,795178,12364603.00
2013/04/09,15.75,15.80,15.56,15.75,463084,7263034.00
2013/04/10,15.65,15.80,15.65,15.75,283469,4462622.00
2013/04/11,15.83,15.83,15.43,15.66,600194,9413614.00
2013/04/12,15.55,15.65,15.15,15.20,909331,13933415.00
2013/04/15,15.17,15.17,14.66,14.70,881644,13087936.00
2013/04/16,14.55,15.04,14.53,14.97,630902,9374954.00
2013/04/17,15.06,15.26,14.99,15.24,470907,7115666.00
2013/04/18,15.21,15.38,15.08,15.30,307128,4692926.50
2013/04/19,15.20,15.34,14.90,15.25,1142166,17372732.00
2013/04/22,15.10,15.30,14.99,15.10,631552,9536475.00
2013/04/23,15.12,15.20,14.70,14.80,1148159,17104682.00
2013/04/24,14.81,15.12,14.70,15.08,713087,10687523.00
2013/04/25,15.07,15.21,14.91,14.99,546769,8217669.00
2013/04/26,15.20,15.20,14.92,14.99,465204,6966183.00
2013/05/02,15.08,15.68,14.91,15.50,1348659,20690830.00
2013/05/03,15.59,15.82,15.50,15.58,791209,12384234.00
2013/05/06,15.41,16.16,15.41,16.08,1464966,23362568.00
2013/05/07,16.00,16.36,15.91,16.11,1133400,18341542.00
2013/05/08,16.11,16.38,16.11,16.30,986695,16058581.00
2013/05/09,16.30,16.49,15.97,16.05,1131313,18251704.00
2013/05/10,16.20,16.26,15.68,16.14,1038577,16691607.00
2013/05/13,16.19,16.49,16.05,16.32,691739,11297535.00
2013/05/14,16.35,16.48,16.21,16.37,679822,11113215.00
2013/05/15,16.32,16.59,16.22,16.55,1025158,16865676.00
2013/05/16,16.68,16.80,16.38,16.50,1182707,19556192.00
2013/05/17,16.54,16.88,16.37,16.69,1418879,23712172.00
2013/05/20,16.70,16.82,16.48,16.70,3006593,50112464.00
2013/05/21,16.80,17.78,16.55,17.71,4968972,85750168.00
2013/05/22,17.40,18.19,17.32,17.48,3686583,65521796.00
2013/05/23,17.48,17.75,17.30,17.38,1990210,34824208.00
2013/05/24,17.55,17.70,17.21,17.67,1281139,22431892.00
2013/05/27,17.65,17.89,17.52,17.77,1826466,32448038.00
2013/05/28,17.70,17.70,17.13,17.41,3044111,52749472.00
2013/05/29,17.30,17.54,17.11,17.50,1243316,21503784.00
2013/05/30,17.35,17.50,17.18,17.25,904410,15675751.00
2013/05/31,17.20,17.38,17.00,17.06,1152297,19793964.00
2013/06/03,17.08,17.98,17.08,17.90,2772691,49118924.00
2013/06/04,17.90,17.98,17.10,17.31,2278077,39644144.00
2013/06/05,17.35,17.56,16.96,17.28,1906603,32709668.00
2013/06/06,17.15,17.55,17.12,17.28,1031021,17850690.00
2013/06/07,17.22,17.53,16.88,17.28,1588439,27289034.00
2013/06/13,17.01,17.52,16.60,17.39,1433132,24483862.00
2013/06/14,17.50,18.11,17.35,17.96,3101987,55242656.00
2013/06/17,17.90,18.13,17.72,17.91,1926614,34546640.00
2013/06/18,18.04,18.20,17.30,17.73,2099684,37176160.00
2013/06/19,17.70,18.69,17.43,18.60,4557574,83422096.00
2013/06/20,18.43,18.66,18.16,18.16,2380110,43702880.00
2013/06/21,17.50,17.50,16.50,17.33,3333416,56973228.00
2013/06/24,17.16,17.34,16.48,16.48,1950591,32678308.00
2013/06/25,16.50,16.78,15.66,16.66,2187450,35471004.00
2013/06/26,16.58,17.15,16.54,17.13,1514238,25602988.00
2013/06/27,17.14,17.33,16.70,16.73,1052974,17959682.00
2013/06/28,16.73,17.10,16.50,16.85,723185,12208791.00
2013/07/01,16.85,17.49,16.53,17.42,1314667,22444344.00
2013/07/02,17.41,17.79,17.30,17.59,2122068,37233592.00
2013/07/03,17.49,17.90,17.05,17.80,1922106,33603152.00
2013/07/04,17.75,18.29,17.52,18.17,3729795,67337544.00
2013/07/05,18.17,18.49,17.80,17.94,1832842,33169904.00
2013/07/08,18.20,18.20,17.60,17.80,1334502,23710210.00
2013/07/09,17.71,18.45,17.69,18.42,5178059,94716472.00
2013/07/10,18.37,18.65,17.78,18.30,4249387,77270032.00
2013/07/11,18.15,18.32,17.83,18.15,2629379,47526408.00
2013/07/12,18.11,19.30,18.02,18.88,5384356,100847904.00
2013/07/15,18.91,19.92,18.70,19.44,4665107,89734224.00
2013/07/16,19.55,19.68,19.08,19.28,3427282,66272800.00
2013/07/17,19.28,19.65,18.63,19.08,3380740,64911740.00
2013/07/18,18.88,19.50,18.70,19.42,2843667,54676252.00
2013/07/19,19.35,19.65,18.78,18.80,2864511,54877168.00
2013/07/22,18.70,19.19,18.37,19.18,2070785,39081632.00
2013/07/23,19.18,19.65,19.04,19.30,2227226,43147368.00
2013/07/24,19.33,19.87,19.12,19.76,3682854,72020840.00
2013/07/25,19.85,19.85,18.90,19.07,3376949,65400756.00
2013/07/26,19.07,19.07,18.24,18.60,3060583,56745172.00
2013/07/29,18.60,18.89,18.32,18.60,1802743,33445264.00
2013/07/30,18.40,18.80,17.85,18.28,1625212,29847548.00
2013/07/31,18.38,18.65,18.22,18.29,1083925,19937306.00
2013/08/01,18.30,19.25,18.30,19.22,2170777,40944060.00
2013/08/02,19.50,21.14,19.49,21.14,12086751,250155984.00
2013/08/05,21.04,21.58,20.90,21.50,6414937,136223568.00
2013/08/06,21.50,21.50,20.98,21.48,3468064,73745128.00
2013/08/07,21.38,21.60,20.99,21.23,2893120,61416812.00
2013/08/08,21.35,21.83,21.08,21.45,2954095,63526056.00
2013/08/09,21.70,21.70,20.56,20.90,2748507,57560676.00
2013/08/12,20.82,21.10,20.44,20.80,2554696,53008520.00
2013/08/13,20.90,21.16,20.50,21.15,1727035,36077956.00
2013/08/14,21.27,21.27,20.57,20.78,1898582,39573472.00
2013/08/15,20.62,21.13,20.62,20.70,1303304,27178018.00
2013/08/16,20.80,21.10,20.26,20.41,2307388,47651828.00
2013/08/19,20.08,20.83,20.05,20.66,1399528,28675776.00
2013/08/20,20.70,21.56,20.58,21.43,4400407,93418272.00
2013/08/21,21.43,21.96,20.97,21.73,3590940,77778784.00
2013/08/22,21.60,21.80,21.21,21.51,1909864,41097404.00
2013/08/23,21.18,21.57,19.36,19.48,11495106,231986208.00
2013/08/26,19.48,21.43,19.46,21.25,8691645,179227008.00
2013/08/27,21.35,22.18,21.25,21.86,4992858,108440272.00
2013/08/28,22.05,22.22,21.28,21.88,4021516,87666344.00
2013/08/29,21.89,22.96,21.37,22.55,5010394,112581440.00
2013/08/30,22.77,22.77,21.20,21.50,3752576,81709512.00
2013/09/02,21.50,22.25,21.02,21.90,2487322,54253648.00
2013/09/03,21.90,22.80,21.41,22.70,4796474,106388872.00
2013/09/04,23.00,23.01,22.51,22.71,3414150,77984592.00
2013/09/05,22.70,23.80,22.50,23.46,4808054,112135696.00
2013/09/06,23.44,24.75,23.30,24.71,5879874,143577440.00
2013/09/09,24.40,25.75,24.40,24.63,5021303,126193920.00
2013/09/10,24.55,25.30,24.14,24.25,3394125,83552960.00
2013/09/11,24.25,24.25,23.20,23.52,4596218,108104024.00
2013/09/12,23.33,23.87,23.00,23.29,1487288,34884480.00
2013/09/13,23.29,23.50,22.78,23.35,2483869,57176044.00
2013/09/16,23.33,23.85,23.30,23.58,1774245,41856848.00
2013/09/17,23.61,23.79,22.80,23.06,3008609,69634944.00
2013/09/18,23.25,23.77,23.02,23.60,1690591,39472868.00
2013/09/23,23.66,24.74,23.30,24.55,3333326,79857176.00
2013/09/24,24.60,25.24,24.40,25.10,2351903,58594964.00
2013/09/25,25.30,25.30,24.50,24.58,1740558,43143012.00
2013/09/26,24.57,24.57,23.50,23.62,2442437,58776444.00
2013/09/27,23.60,23.90,23.48,23.62,1319315,31180804.00
2013/09/30,23.51,24.15,23.51,24.00,792126,18972708.00
2013/10/08,24.00,24.00,23.00,23.68,2202728,51480436.00
2013/10/09,23.69,23.69,22.81,22.94,3643076,84053736.00
2013/10/10,22.97,23.13,21.95,22.14,4710681,105246800.00
2013/10/11,22.25,22.71,21.65,22.70,3605256,79834432.00
2013/10/14,22.70,23.28,22.50,22.68,3061261,69960856.00
2013/10/15,22.69,23.10,22.08,22.82,2200647,49974356.00
2013/10/16,22.93,22.95,22.10,22.82,1428777,32104524.00
2013/10/17,22.82,23.08,22.80,22.99,1467146,33659456.00
2013/10/18,23.10,23.10,22.50,22.55,923211,20982192.00
2013/10/21,22.51,23.63,22.50,23.60,2849822,66360916.00
2013/10/22,23.61,23.97,23.10,23.59,2570794,60649572.00
2013/10/23,23.31,23.57,22.31,22.66,2050197,46868380.00
2013/10/24,22.64,22.69,21.68,21.90,2493554,55366300.00
2013/10/25,21.90,22.10,21.05,21.65,1834710,39235172.00
2013/10/28,20.91,20.91,19.49,19.59,9112023,178069296.00
2013/10/29,19.40,19.59,18.11,18.94,5808153,109240800.00
2013/10/30,18.69,19.50,18.60,19.31,4379180,83849632.00
2013/10/31,19.31,19.63,18.00,19.50,2390486,45355228.00
2013/11/01,19.38,19.38,18.80,18.95,880908,16787772.00
2013/11/04,19.00,19.35,18.79,19.30,949989,18132648.00
2013/11/05,19.30,19.48,18.90,19.21,1167805,22364566.00
2013/11/06,19.01,19.39,18.86,19.00,706444,13539947.00
2013/11/07,19.30,19.30,18.70,18.72,756399,14265191.00
2013/11/08,18.50,18.50,17.62,17.90,2013519,36215504.00
2013/11/11,17.90,18.69,17.70,18.55,1221619,22213378.00
2013/11/12,18.25,18.90,18.25,18.30,1913444,35275324.00
2013/11/13,18.15,18.48,18.15,18.17,817226,14958459.00
2013/11/14,18.03,18.70,18.03,18.57,1671772,30920116.00
2013/11/15,18.69,19.19,18.51,18.78,1337540,25247300.00
2013/11/18,18.80,19.26,18.76,19.18,2354246,44777328.00
2013/11/19,19.29,19.29,18.84,19.04,1311800,24935368.00
2013/11/20,19.04,19.15,18.66,18.92,808174,15260284.00
2013/11/21,18.89,19.33,18.87,19.11,1054545,20132686.00
2013/11/22,19.10,19.27,18.90,19.00,622450,11897016.00
2013/11/25,18.80,19.20,18.80,19.07,833859,15883890.00
2013/11/26,19.08,20.36,19.00,20.29,3902178,77350888.00
2013/11/27,20.24,20.66,19.91,20.08,1751925,35402984.00
2013/11/28,20.12,20.43,19.89,20.08,2490014,49964652.00
2013/11/29,19.99,20.87,19.99,20.62,2083376,42851568.00
2013/12/02,19.58,20.88,19.50,20.35,3038851,60934380.00
2013/12/03,20.05,20.49,19.90,20.38,710762,14336064.00
2013/12/04,20.43,20.91,19.95,20.07,2850277,58047176.00
2013/12/05,20.07,20.29,19.83,20.05,620897,12417050.00
2013/12/06,20.06,20.08,19.41,19.51,1283327,25267886.00
2013/12/09,19.50,19.79,19.45,19.63,561292,10978620.00
2013/12/10,19.80,20.05,19.49,19.59,776900,15316094.00
2013/12/11,19.56,19.62,19.14,19.43,798930,15447373.00
2013/12/12,19.43,19.97,19.43,19.74,1122401,22182748.00
2013/12/13,19.61,19.94,19.52,19.90,849634,16800402.00
2013/12/16,20.15,20.20,19.00,19.60,1041571,20488872.00
2013/12/17,19.36,19.70,19.11,19.51,574534,11113260.00
2013/12/18,19.45,19.70,19.22,19.58,682018,13341992.00
2013/12/19,19.73,19.73,19.41,19.41,314228,6149577.50
2013/12/20,19.22,19.22,17.47,18.17,2606516,46771140.00
2013/12/23,17.77,18.13,17.16,17.88,1366799,24147680.00
2013/12/24,17.96,17.96,17.51,17.56,1059119,18706340.00
2013/12/25,17.41,18.70,17.40,18.60,1439905,26094420.00
2013/12/26,18.63,18.75,17.00,17.96,1589689,28803438.00
2013/12/27,17.72,18.31,17.63,18.10,505039,9076252.00
2013/12/30,18.15,18.85,17.86,18.80,1411007,25930158.00
2013/12/31,18.55,18.68,18.29,18.45,1305748,24161630.00
2014/01/02,18.53,18.94,18.42,18.90,1286142,24121582.00
2014/01/03,18.87,19.51,18.85,19.15,1387837,26703088.00
2014/01/06,19.18,19.29,18.60,19.12,1178713,22421748.00
2014/01/07,19.05,19.25,18.76,18.93,679489,12904592.00
2014/01/08,18.92,19.48,18.92,19.09,1716322,33024170.00
2014/01/09,19.06,19.26,18.10,18.28,900802,16893836.00
2014/01/10,18.36,18.36,17.24,17.26,1614572,28722302.00
2014/01/13,17.40,17.99,16.58,17.95,3199245,54630600.00
2014/01/14,17.62,18.09,17.56,18.00,1451500,25897256.00
2014/01/15,18.09,18.36,18.00,18.22,1026919,18723272.00
2014/01/16,18.25,18.77,18.02,18.36,1126284,20573706.00
2014/01/17,18.25,18.25,17.59,17.68,1432465,25626634.00
2014/01/20,17.70,18.14,17.50,17.88,877888,15699716.00
2014/01/21,17.88,17.99,17.66,17.98,461832,8254937.50
2014/01/22,17.82,18.79,17.82,18.56,1718151,31726352.00
2014/01/23,17.82,18.79,17.82,18.56,0,0.00
2014/01/24,17.82,18.79,17.82,18.56,0,0.00
2014/01/27,17.82,18.79,17.82,18.56,0,0.00
2014/01/28,17.82,18.79,17.82,18.56,0,0.00
2014/01/29,17.82,18.79,17.82,18.56,0,0.00
2014/01/30,17.82,18.79,17.82,18.56,0,0.00
2014/02/07,17.82,18.79,17.82,18.56,0,0.00
2014/02/10,17.82,18.79,17.82,18.56,0,0.00
2014/02/11,17.82,18.79,17.82,18.56,0,0.00
2014/02/12,17.82,18.79,17.82,18.56,0,0.00
2014/02/13,17.82,18.79,17.82,18.56,0,0.00
2014/02/14,17.82,18.79,17.82,18.56,0,0.00
2014/02/17,17.82,18.79,17.82,18.56,0,0.00
2014/02/18,17.82,18.79,17.82,18.56,0,0.00
2014/02/19,17.82,18.79,17.82,18.56,0,0.00
2014/02/20,20.42,20.42,20.42,20.42,786144,16053060.00
2014/02/21,22.46,22.46,21.46,22.46,14261711,319025088.00
2014/02/24,22.70,23.40,22.22,23.17,11204535,256221216.00
2014/02/25,23.30,23.35,21.60,22.09,8802291,198076368.00
2014/02/26,21.71,22.58,21.68,22.20,6211677,137436272.00
2014/02/27,22.41,22.78,21.03,21.47,5130389,112495512.00
2014/02/28,21.00,22.58,20.77,22.40,5731054,123974168.00
2014/03/03,22.17,23.05,22.10,22.89,6535597,148182880.00
2014/03/04,22.80,24.17,22.46,23.68,9081691,215230608.00
2014/03/05,23.80,24.15,23.18,23.55,4341256,102290760.00
2014/03/06,23.55,23.80,22.75,23.23,2015053,46699684.00
2014/03/07,23.02,23.75,22.86,23.33,2269908,52935272.00
2014/03/10,23.30,23.80,22.08,22.20,3630026,83192424.00
2014/03/11,22.05,22.50,21.04,21.52,2284388,49502972.00
2014/03/12,21.49,21.86,21.10,21.56,1408055,30264192.00
2014/03/13,21.56,22.65,21.47,22.52,2416073,53221340.00
2014/03/14,22.39,22.77,22.06,22.65,1628470,36479200.00
2014/03/17,22.65,23.70,22.51,23.10,2867463,66603872.00
2014/03/18,23.00,23.92,22.90,23.13,3803938,89177240.00
2014/03/19,23.15,23.48,22.62,23.36,3195204,74281296.00
2014/03/20,23.10,23.50,22.00,22.00,2010559,45980308.00
2014/03/21,21.62,23.82,21.62,23.10,5089221,117523456.00
2014/03/24,23.25,24.63,23.25,24.57,5909572,143245856.00
2014/03/25,24.10,25.88,24.08,24.21,5089731,125599544.00
2014/03/26,24.00,24.84,23.82,24.39,3550640,86510560.00
2014/03/27,24.49,25.61,24.03,24.73,4259665,106818480.00
2014/03/28,24.44,24.90,23.00,23.26,3316458,79034912.00
2014/03/31,23.13,23.90,22.10,23.88,2875537,66358352.00
2014/04/01,23.61,25.10,23.50,25.10,2844780,70371424.00
2014/04/02,25.10,25.27,24.33,24.48,2067525,50792776.00
2014/04/03,24.48,24.99,23.50,23.83,2847374,68061264.00
2014/04/04,23.89,24.23,23.48,24.07,1850392,44142696.00
2014/04/08,23.81,24.13,23.42,23.80,1194016,28460674.00
2014/04/09,23.60,25.03,23.60,25.01,2971102,73166432.00
2014/04/10,24.90,25.22,24.40,24.53,2044258,50822276.00
2014/04/11,24.40,24.45,23.88,24.15,2208860,53189236.00
2014/04/14,24.02,24.67,23.81,24.53,1227314,29739830.00
2014/04/15,24.53,25.55,24.22,25.05,3284592,82274776.00
2014/04/16,25.05,25.23,24.63,25.01,1399879,34837088.00
2014/04/17,24.81,25.56,24.71,25.27,2735346,69076480.00
2014/04/18,25.20,25.38,24.50,24.70,3096180,76711440.00
2014/04/21,24.40,24.95,24.31,24.55,1429690,35314996.00
2014/04/22,24.40,24.68,23.33,23.61,2248458,53461844.00
2014/04/23,23.66,24.19,23.63,23.70,1085321,25939242.00
2014/04/24,23.58,23.89,23.30,23.59,670882,15809389.00
2014/04/25,23.68,23.68,22.33,22.60,2313785,52750384.00
2014/04/28,22.60,22.65,21.20,21.75,2318140,50630972.00
2014/04/29,21.75,22.30,21.55,22.25,1655738,36403248.00
2014/04/30,22.25,23.35,22.03,23.25,2902997,66062548.00
2014/05/05,23.23,23.50,22.85,23.50,959463,22311442.00
2014/05/06,23.61,23.76,23.27,23.40,947082,22353186.00
2014/05/07,23.48,23.48,22.60,22.70,982897,22505552.00
2014/05/08,22.54,23.00,22.50,22.51,621529,14133599.00
2014/05/09,22.50,22.55,21.60,21.89,1463221,32026884.00
2014/05/12,21.99,22.82,21.80,22.50,1085825,24236654.00
2014/05/13,22.60,23.00,22.18,22.68,1097845,24686540.00
2014/05/14,22.68,22.90,22.40,22.49,395831,8921680.00
2014/05/15,22.50,22.78,21.76,21.77,681612,15074453.00
2014/05/16,21.57,22.49,20.91,21.34,1543784,32825340.00
2014/05/19,21.50,21.86,21.23,21.80,741158,16040606.00
2014/05/20,21.98,22.60,21.96,22.34,1085582,24250024.00
2014/05/21,22.16,22.46,21.93,22.42,412288,9196216.00
2014/05/22,22.30,22.88,22.30,22.70,1397425,31771446.00
2014/05/23,23.30,23.98,22.90,23.40,2654481,61947972.00
2014/05/26,23.39,24.19,23.39,23.85,3057875,73085856.00
2014/05/27,23.85,24.00,23.33,23.48,1616957,38430648.00
2014/05/28,23.60,23.70,23.00,23.47,1657755,38723128.00
2014/05/29,23.50,24.13,23.37,23.39,1855234,44093508.00
2014/05/30,23.37,23.80,23.11,23.70,1093590,25663386.00
2014/06/03,23.80,23.80,23.22,23.26,831135,19464618.00
2014/06/04,23.22,23.37,22.20,22.40,1786361,40299932.00
2014/06/05,22.41,22.69,22.23,22.55,914597,20513084.00
2014/06/06,22.55,22.71,22.31,22.50,658389,14813073.00
2014/06/09,22.63,23.13,22.33,22.78,1078324,24636218.00
2014/06/10,22.93,23.32,22.55,23.18,1769283,40744480.00
2014/06/11,23.16,23.34,22.88,23.23,1652879,38157656.00
2014/06/12,23.23,23.26,22.89,22.90,708130,16290355.00
2014/06/13,23.05,23.51,22.78,23.50,1785266,41540152.00
2014/06/16,23.41,24.45,23.36,24.10,4211127,101143864.00
2014/06/17,24.02,24.99,23.95,24.48,3084113,75443592.00
2014/06/18,24.36,24.46,23.60,24.16,1664215,39957444.00
2014/06/19,24.17,24.24,22.51,23.73,1815998,42778068.00
2014/06/20,23.65,23.92,23.41,23.87,732204,17392140.00
2014/06/23,23.97,24.15,23.62,23.68,1088124,26035766.00
2014/06/24,23.88,24.25,23.40,23.67,812298,19302150.00
2014/06/25,23.80,24.58,23.80,24.53,2535936,61531184.00
2014/06/26,24.53,24.96,24.34,24.74,2587396,63781040.00
2014/06/27,24.68,24.98,24.31,24.79,2036624,50134524.00
2014/06/30,24.95,25.27,24.68,25.20,3084941,77354848.00
2014/07/01,25.25,25.70,24.68,24.86,2594107,65066916.00
2014/07/02,24.86,25.19,24.36,24.94,2497955,61623656.00
2014/07/03,24.93,27.20,24.85,26.87,5544854,145328560.00
2014/07/04,26.60,27.00,26.38,26.99,2351844,62799264.00
2014/07/07,26.89,27.28,26.30,26.44,2180052,58196700.00
2014/07/08,26.57,26.80,26.10,26.51,1668913,44291552.00
2014/07/09,26.42,26.75,25.81,25.90,1874497,49114056.00
2014/07/10,25.90,26.09,25.42,25.56,2269862,58316996.00
2014/07/11,25.55,26.04,25.42,25.56,1665061,42972276.00
2014/07/14,25.44,26.45,25.44,26.45,2201283,57116324.00
2014/07/15,26.43,26.78,24.92,25.07,2936371,75274632.00
2014/07/16,25.15,25.53,23.30,24.10,3602628,87620704.00
2014/07/17,24.13,24.43,23.89,24.31,965801,23381056.00
2014/07/18,24.24,24.55,24.05,24.43,1172568,28495108.00
2014/07/21,24.38,24.63,23.80,24.49,1075608,26032304.00
2014/07/22,24.50,24.62,24.39,24.55,940879,23077726.00
2014/07/23,24.55,24.77,23.81,23.92,1669643,40485168.00
2014/07/24,23.85,24.04,23.75,23.92,762471,18224392.00
2014/07/25,23.92,24.60,23.81,24.29,1341068,32599694.00
2014/07/28,24.27,25.16,24.01,25.13,2765038,68309304.00
2014/07/29,25.13,25.13,24.70,24.85,1470200,36558236.00
2014/07/30,25.00,25.10,24.60,24.76,1263149,31282086.00
2014/07/31,24.70,25.10,24.62,25.06,1632519,40509304.00
2014/08/01,24.95,25.15,24.07,24.20,2066595,50727188.00
2014/08/04,24.20,24.42,24.11,24.30,1295461,31462830.00
2014/08/05,24.33,24.59,24.22,24.59,1019994,24923732.00
2014/08/06,24.60,25.07,24.40,25.02,1329145,32870244.00
2014/08/07,24.99,24.99,24.20,24.25,1761780,43276936.00
2014/08/08,24.12,24.69,24.12,24.65,792932,19476958.00
2014/08/11,24.82,25.30,24.67,25.29,1929441,48360856.00
2014/08/12,25.35,25.65,24.90,25.49,1611644,40856316.00
2014/08/13,25.49,25.76,24.82,25.64,1949525,49351360.00
2014/08/14,25.59,25.98,25.11,25.20,1649516,42166964.00
2014/08/15,25.25,26.93,25.22,26.25,5109602,134062160.00
2014/08/18,26.32,28.05,26.32,27.60,6865324,188400816.00
2014/08/19,27.74,28.88,27.17,28.82,6982108,196367136.00
2014/08/20,28.78,28.85,28.15,28.78,4171804,118788352.00
2014/08/21,28.70,28.70,27.91,28.20,2984140,83952448.00
2014/08/22,28.00,28.39,27.65,27.89,2527275,70587120.00
2014/08/25,27.98,28.40,27.68,27.86,1377202,38481288.00
2014/08/26,27.86,27.86,26.40,26.60,3327869,89556480.00
2014/08/27,26.59,27.00,26.33,26.80,1614134,43289836.00
2014/08/28,26.78,27.32,26.60,26.90,1447907,38991540.00
2014/08/29,26.98,27.78,26.81,27.70,1693967,46316652.00
2014/09/01,27.70,28.25,27.65,27.70,2519430,70362976.00
2014/09/02,27.70,28.70,27.65,28.40,3313541,93604280.00
2014/09/03,28.28,29.72,28.28,29.58,4057214,118633672.00
2014/09/04,29.35,29.57,29.19,29.26,2067828,60627892.00
2014/09/05,29.65,29.82,28.58,28.60,3059411,88449936.00
2014/09/09,28.67,29.50,28.10,28.91,2245603,64061352.00
2014/09/10,28.89,29.38,28.44,28.60,1921117,55113288.00
2014/09/11,28.51,28.92,28.40,28.70,2161290,61875328.00
2014/09/12,28.79,28.88,28.25,28.76,2124619,60739684.00
2014/09/15,28.90,29.05,28.27,28.90,1800528,51867840.00
2014/09/16,28.90,28.90,27.39,27.48,2175564,60962096.00
2014/09/17,27.80,28.00,26.60,27.94,1671524,45452856.00
2014/09/18,27.98,27.98,27.45,27.90,972963,26984282.00
2014/09/19,27.85,28.69,27.52,28.61,1328510,37483780.00
2014/09/22,28.66,28.75,26.80,27.39,3149128,87621560.00
2014/09/23,27.42,27.80,27.20,27.48,1543021,42356792.00
2014/09/24,27.57,28.22,27.33,28.00,2080360,57929140.00
2014/09/25,28.01,29.30,28.01,29.26,4447058,129063688.00
2014/09/26,29.26,29.54,28.78,28.85,3394152,98414352.00
2014/09/29,28.20,29.74,28.20,29.37,5168677,148850480.00
2014/09/30,29.31,30.30,29.17,29.90,4217528,126362808.00
2014/10/08,29.91,31.30,29.72,31.04,4891578,150462272.00
2014/10/09,31.00,31.24,30.37,31.01,2809822,86722824.00
2014/10/10,30.68,31.43,30.55,30.80,1795019,55417616.00
2014/10/13,30.69,30.69,29.37,30.28,2310018,69437632.00
2014/10/14,30.38,30.88,30.05,30.50,1214380,36896752.00
2014/10/15,30.44,30.79,30.21,30.77,1373976,41794660.00
2014/10/16,30.80,31.11,29.80,29.90,2167768,66338328.00
2014/10/17,29.99,30.37,29.21,29.65,1603865,47616944.00
2014/10/20,29.60,30.07,29.50,29.94,1348326,40171216.00
2014/10/21,29.90,29.90,29.39,29.55,1364356,40388084.00
2014/10/22,29.85,30.16,29.00,30.13,1285869,38123052.00
2014/10/23,30.11,30.50,29.61,29.89,1264466,37819812.00
2014/10/24,29.60,30.30,29.50,29.90,820070,24587022.00
2014/10/27,29.69,30.29,29.38,29.97,595636,17816008.00
2014/10/28,29.97,32.50,29.97,32.21,4767312,149085584.00
2014/10/29,32.18,33.23,32.00,32.50,3370759,110031448.00
2014/10/30,32.28,32.78,31.50,32.20,2448177,79188192.00
2014/10/31,31.95,32.34,31.81,32.04,1043973,33397442.00
2014/11/03,32.04,32.08,30.94,31.39,2349566,73633912.00
2014/11/04,31.55,31.79,30.90,31.14,1273173,39879532.00
2014/11/05,31.14,31.14,30.52,30.80,1075935,33271288.00
2014/11/06,30.60,31.00,30.30,30.70,1858819,56876256.00
2014/11/07,30.60,31.27,30.34,30.83,2553850,78360616.00
2014/11/10,30.85,30.98,30.35,30.80,1729883,53154544.00
2014/11/11,30.80,31.09,28.70,29.01,3870280,114563472.00
2014/11/12,29.00,29.55,28.82,29.43,1134044,33144030.00
2014/11/13,29.31,29.58,27.98,28.55,1412237,40299628.00
2014/11/14,28.50,29.18,28.30,29.18,1423051,41040908.00
2014/11/17,29.01,29.87,29.01,29.68,1241987,36572740.00
2014/11/18,29.66,29.97,29.39,29.52,1324098,39257512.00
2014/11/19,29.55,29.58,28.80,29.11,1760001,51021168.00
2014/11/20,28.85,29.25,28.40,28.52,1991820,57170508.00
2014/11/21,28.50,28.95,28.20,28.52,2001993,57133708.00
2014/11/24,28.70,29.98,28.70,29.91,2420131,70947152.00
2014/11/25,29.88,29.90,29.40,29.61,1644522,48580040.00
2014/11/26,29.60,29.83,28.80,29.24,2916257,84928032.00
2014/11/27,29.02,29.30,28.80,29.07,2089813,60629368.00
2014/11/28,29.11,29.20,28.70,29.05,1970404,56905180.00
2014/12/01,29.04,29.04,28.21,28.65,2420367,68763840.00
2014/12/02,28.62,28.62,27.80,27.95,4244071,119010480.00
2014/12/03,28.00,28.15,26.76,27.36,5968102,161542992.00
2014/12/04,27.33,28.75,27.30,28.38,4491172,126544576.00
2014/12/05,28.37,29.66,27.33,29.25,5485823,157205840.00
2014/12/08,29.26,29.69,28.48,29.53,3540459,102955072.00
2014/12/09,29.52,29.53,27.88,28.00,3803410,108345344.00
2014/12/10,27.60,29.35,27.60,29.21,2073459,59684268.00
2014/12/11,29.19,29.50,28.65,29.48,1489491,43285488.00
2014/12/12,29.30,30.70,29.28,30.25,2591247,78208840.00
2014/12/15,30.28,30.52,29.80,30.40,1426843,43093240.00
2014/12/16,30.14,30.80,30.14,30.51,1255173,38326280.00
2014/12/17,30.40,30.45,29.70,29.90,1544067,46310148.00
2014/12/18,29.97,31.38,29.55,30.90,2636091,81555744.00
2014/12/19,30.67,32.35,30.67,31.39,2958530,93400872.00
2014/12/22,31.39,31.91,29.11,29.33,2432212,73319336.00
2014/12/23,29.30,30.10,28.16,28.20,2354456,68016760.00
2014/12/24,28.68,29.69,28.50,29.58,1908473,55507960.00
2014/12/25,29.81,31.00,29.81,30.66,1776942,54377324.00
2014/12/26,30.87,30.90,29.06,29.92,2480647,73475264.00
2014/12/29,29.90,29.90,28.36,28.50,2311455,66421132.00
2014/12/30,28.52,28.96,27.48,28.49,1969142,54917396.00
2014/12/31,28.50,29.40,28.49,29.18,2567258,74754048.00
2015/01/05,29.24,30.51,29.20,30.12,2560496,77161984.00
2015/01/06,30.13,30.46,29.31,30.23,2929647,88150352.00
2015/01/07,30.40,30.50,29.90,30.28,899706,27155516.00
2015/01/08,30.28,30.84,30.28,30.50,1287890,39267784.00
2015/01/09,30.66,31.70,30.00,31.00,2322639,72428088.00
2015/01/12,31.39,31.39,30.21,30.99,1096748,33779252.00
2015/01/13,30.80,31.20,30.10,30.30,1488352,45578804.00
2015/01/14,30.30,31.59,29.00,31.33,2974596,91677360.00
2015/01/15,31.35,31.60,30.70,30.83,1496789,46585764.00
2015/01/16,30.80,31.05,30.50,31.00,1059542,32486218.00
2015/01/19,30.52,32.00,30.20,31.92,3783404,119231776.00
2015/01/20,31.99,32.65,31.40,32.60,2949054,94624864.00
2015/01/21,32.52,32.96,32.17,32.32,1875512,60731088.00
2015/01/22,32.38,35.10,32.32,34.70,4519177,153610528.00
2015/01/23,34.31,34.65,33.65,33.95,2129880,72610584.00
2015/01/26,34.12,34.79,33.82,34.64,2504989,86125104.00
2015/01/27,34.64,34.75,34.20,34.66,1191759,41109884.00
2015/01/28,35.68,35.68,34.16,34.80,2236680,77617400.00
2015/01/29,34.53,37.38,34.08,36.70,4475292,160873952.00
2015/01/30,36.75,37.12,36.03,36.63,1414690,51618100.00
2015/02/02,36.60,37.11,36.00,36.70,819008,29925074.00
2015/02/03,36.90,37.99,36.50,37.71,2319451,86229688.00
2015/02/04,38.10,38.49,36.60,36.77,1900405,71401336.00
2015/02/05,36.65,37.60,34.90,35.46,2065326,75008000.00
2015/02/06,35.53,35.97,34.16,34.96,1651231,57674708.00
2015/02/09,35.28,36.33,34.67,34.71,1024189,36341020.00
2015/02/10,34.71,35.48,34.40,35.25,1027768,35990340.00
2015/02/11,35.00,36.00,35.00,36.00,1188248,42473236.00
2015/02/12,35.82,37.11,35.82,36.69,1041291,38239424.00
2015/02/13,36.80,39.30,36.80,39.18,2718857,105296464.00
2015/02/16,39.10,41.00,38.69,40.56,2511490,101471544.00
2015/02/17,40.56,40.80,39.60,40.20,1252938,50101120.00
2015/02/25,40.20,40.39,39.50,39.99,1022437,40700448.00
2015/02/26,40.00,40.26,39.00,39.59,1059760,41752848.00
2015/02/27,39.10,39.96,38.71,39.60,1354561,53090256.00
2015/03/02,39.68,39.69,38.00,38.70,2345078,90978032.00
2015/03/03,38.70,40.68,38.38,39.14,2067070,81707688.00
2015/03/04,39.24,40.40,38.36,40.40,2024149,79815104.00
2015/03/05,40.38,42.00,39.98,41.70,2795036,114994792.00
2015/03/06,41.40,42.01,40.58,41.05,1729273,71042568.00
2015/03/09,40.89,41.40,39.48,39.62,1450036,58098684.00
2015/03/10,39.62,40.43,38.71,39.77,1759634,69493200.00
2015/03/11,39.57,39.57,38.75,39.36,2502420,97825160.00
2015/03/12,39.36,39.89,38.65,39.09,1389200,54417888.00
2015/03/13,39.09,40.05,39.08,39.80,1146834,45504712.00
2015/03/16,40.08,41.30,40.08,41.26,2935643,119461504.00
2015/03/17,41.78,42.00,40.66,41.30,1800448,74319664.00
2015/03/18,41.30,41.70,40.80,41.35,2083055,85461536.00
2015/03/19,41.00,41.33,40.80,40.97,1834318,75123344.00
2015/03/20,41.01,41.57,40.50,41.19,2242786,91776928.00
2015/03/23,41.28,42.50,40.65,42.50,2950701,121305320.00
2015/03/24,42.01,44.49,42.01,44.35,3452219,150144304.00
2015/03/25,44.39,45.00,43.50,43.58,2431638,107748944.00
2015/03/26,43.38,43.38,41.57,41.91,2960710,125469736.00
2015/03/27,41.70,42.60,41.26,41.99,1706245,71563880.00
2015/03/30,42.00,43.50,41.76,42.33,2670061,112717384.00
2015/03/31,42.33,42.33,41.80,42.00,1388807,58321672.00
2015/04/01,42.32,43.35,41.91,43.13,2019291,86489096.00
2015/04/02,43.00,44.60,42.60,44.30,2326497,101569776.00
2015/04/03,43.90,47.13,43.19,46.77,4050626,186687632.00
2015/04/07,46.86,48.90,46.86,48.45,2687482,129658848.00
2015/04/08,48.44,48.90,45.19,46.00,3876636,180648336.00
2015/04/09,46.00,49.40,44.20,49.09,4050289,189439776.00
2015/04/10,49.20,51.33,48.50,49.50,2774238,138367920.00
2015/04/13,50.00,54.40,50.00,54.28,5158587,267276256.00
2015/04/14,53.10,56.99,53.10,56.99,6360038,356893184.00
2015/04/15,55.00,55.00,51.29,51.29,4070203,211207648.00
2015/04/16,46.50,52.50,46.16,48.98,10702851,512913760.00
2015/04/17,48.79,48.79,46.88,47.10,5820826,276560672.00
2015/04/20,47.29,47.29,43.00,43.65,6408469,288092128.00
2015/04/21,44.00,46.00,43.99,45.30,3623588,162730544.00
2015/04/22,44.10,47.30,44.10,47.02,4306952,199048592.00
2015/04/23,47.02,47.16,45.80,46.15,3225025,149115424.00
2015/04/24,45.69,47.50,45.38,47.44,3756252,175196784.00
2015/04/27,48.10,49.26,46.70,46.72,4543621,216905840.00
2015/04/28,46.20,46.49,43.90,44.44,3223905,144838176.00
2015/04/29,44.40,45.15,42.90,44.00,3893486,172210112.00
2015/04/30,43.51,45.47,43.51,44.83,3144330,140943312.00
2015/05/04,44.88,46.99,44.40,46.30,2859671,131466592.00
2015/05/05,46.39,46.98,44.13,44.56,2263680,103281120.00
2015/05/06,44.60,45.30,43.51,43.59,2199720,97464704.00
2015/05/07,43.54,43.55,40.21,41.10,3289352,136800704.00
2015/05/08,41.20,42.38,41.00,42.03,2845017,118552752.00
2015/05/11,42.96,44.19,42.00,43.88,2917351,126233344.00
2015/05/12,43.93,46.70,43.93,46.70,5889514,267348800.00
2015/05/13,46.70,47.85,45.62,46.25,7816952,368877600.00
2015/05/14,46.39,47.58,45.71,47.50,4145614,194601536.00
2015/05/15,47.85,47.99,46.00,46.49,3108649,144479776.00
2015/05/18,46.55,47.47,46.01,47.45,4966688,233295088.00
2015/05/19,48.00,48.80,47.47,48.48,6186390,298266240.00
2015/05/20,24.28,25.52,23.30,24.58,18293633,450701088.00
2015/05/21,24.90,26.50,24.89,26.50,19089740,487903616.00
2015/05/22,26.50,27.55,25.51,25.73,23146990,607824896.00
2015/05/25,25.30,25.90,24.28,25.72,19793105,498144864.00
2015/05/26,26.00,26.93,25.75,26.83,20056399,529648768.00
2015/05/27,26.84,29.00,26.25,28.94,22490958,619704960.00
2015/05/28,28.60,28.86,26.95,27.22,26929249,751822976.00
2015/05/29,27.22,28.10,24.65,26.31,22926941,611222720.00
2015/06/01,26.40,28.31,25.80,28.10,23717520,649191680.00
2015/06/02,27.98,30.91,27.69,30.91,25095302,732472896.00
2015/06/03,31.39,31.77,29.02,29.99,17736403,538285568.00
2015/06/04,29.99,31.26,27.59,30.68,18023017,539961216.00
2015/06/05,30.75,33.00,30.40,32.11,22650371,723398336.00
2015/06/08,31.11,32.07,29.58,30.12,15495006,473992416.00
2015/06/09,31.11,32.07,29.58,30.12,0,0.00
2015/06/10,31.11,32.07,29.58,30.12,0,0.00
2015/06/11,31.11,32.07,29.58,30.12,0,0.00
2015/06/12,31.11,32.07,29.58,30.12,0,0.00
2015/06/15,33.12,33.12,30.00,30.05,12919398,401444320.00
2015/06/16,29.58,29.58,27.05,27.05,16511162,455627808.00
2015/06/17,26.80,27.76,25.12,27.26,12552320,331740192.00
2015/06/18,27.28,27.80,24.54,25.30,10576963,277704640.00
2015/06/19,24.50,25.00,22.77,22.77,8704277,206649056.00
2015/06/23,22.70,23.70,20.51,23.38,8510532,192097424.00
2015/06/24,23.61,24.00,22.30,23.30,9736649,227011776.00
2015/06/25,23.28,23.30,20.97,21.19,13880177,308692096.00
2015/06/26,20.34,20.34,19.07,19.07,8134361,157586816.00
2015/06/29,19.80,19.80,17.16,17.16,11260605,199452848.00
2015/06/30,16.30,18.59,15.44,18.10,17403736,294681952.00
2015/07/01,17.65,19.16,16.31,16.50,12768530,230158848.00
2015/07/02,16.66,16.95,14.85,15.20,14198998,218967632.00
2015/07/03,14.30,15.80,13.68,13.68,13478675,193433840.00
2015/07/06,15.05,15.05,12.31,12.45,16806150,226562320.00
2015/07/07,15.05,15.05,12.31,12.45,0,0.00
2015/07/08,15.05,15.05,12.31,12.45,0,0.00
2015/07/09,15.05,15.05,12.31,12.45,0,0.00
2015/07/10,15.05,15.05,12.31,12.45,0,0.00
2015/07/13,15.05,15.05,12.31,12.45,0,0.00
2015/07/14,15.05,15.05,12.31,12.45,0,0.00
2015/07/15,15.05,15.05,12.31,12.45,0,0.00
2015/07/16,15.05,15.05,12.31,12.45,0,0.00
2015/07/17,15.05,15.05,12.31,12.45,0,0.00
2015/07/20,15.05,15.05,12.31,12.45,0,0.00
2015/07/21,15.05,15.05,12.31,12.45,0,0.00
2015/07/22,15.05,15.05,12.31,12.45,0,0.00
2015/07/23,15.05,15.05,12.31,12.45,0,0.00
2015/07/24,15.05,15.05,12.31,12.45,0,0.00
2015/07/27,15.05,15.05,12.31,12.45,0,0.00
2015/07/28,15.05,15.05,12.31,12.45,0,0.00
2015/07/29,15.05,15.05,12.31,12.45,0,0.00
2015/07/30,15.05,15.05,12.31,12.45,0,0.00
2015/07/31,15.05,15.05,12.31,12.45,0,0.00
2015/08/03,15.05,15.05,12.31,12.45,0,0.00
2015/08/04,15.05,15.05,12.31,12.45,0,0.00
2015/08/05,15.05,15.05,12.31,12.45,0,0.00
2015/08/06,15.05,15.05,12.31,12.45,0,0.00
2015/08/07,15.05,15.05,12.31,12.45,0,0.00
2015/08/10,15.05,15.05,12.31,12.45,0,0.00
2015/08/11,15.05,15.05,12.31,12.45,0,0.00
2015/08/12,15.05,15.05,12.31,12.45,0,0.00
2015/08/13,15.05,15.05,12.31,12.45,0,0.00
2015/08/14,15.05,15.05,12.31,12.45,0,0.00
2015/08/17,15.05,15.05,12.31,12.45,0,0.00
2015/08/18,15.05,15.05,12.31,12.45,0,0.00
2015/08/19,15.05,15.05,12.31,12.45,0,0.00
2015/08/20,15.05,15.05,12.31,12.45,0,0.00
2015/08/21,15.05,15.05,12.31,12.45,0,0.00
2015/08/24,15.05,15.05,12.31,12.45,0,0.00
2015/08/25,15.05,15.05,12.31,12.45,0,0.00
2015/08/26,15.05,15.05,12.31,12.45,0,0.00
2015/08/27,15.05,15.05,12.31,12.45,0,0.00
2015/08/28,15.05,15.05,12.31,12.45,0,0.00
2015/08/31,15.05,15.05,12.31,12.45,0,0.00
2015/09/01,15.05,15.05,12.31,12.45,0,0.00
2015/09/02,15.05,15.05,12.31,12.45,0,0.00
2015/09/07,15.05,15.05,12.31,12.45,0,0.00
2015/09/08,15.05,15.05,12.31,12.45,0,0.00
2015/09/09,15.05,15.05,12.31,12.45,0,0.00
2015/09/10,15.05,15.05,12.31,12.45,0,0.00
2015/09/11,15.05,15.05,12.31,12.45,0,0.00
2015/09/14,15.05,15.05,12.31,12.45,0,0.00
2015/09/15,15.05,15.05,12.31,12.45,0,0.00
2015/09/16,15.05,15.05,12.31,12.45,0,0.00
2015/09/17,15.05,15.05,12.31,12.45,0,0.00
2015/09/18,15.05,15.05,12.31,12.45,0,0.00
2015/09/21,15.05,15.05,12.31,12.45,0,0.00
2015/09/22,15.05,15.05,12.31,12.45,0,0.00
2015/09/23,15.05,15.05,12.31,12.45,0,0.00
2015/09/24,15.05,15.05,12.31,12.45,0,0.00
2015/09/25,15.05,15.05,12.31,12.45,0,0.00
2015/09/28,15.05,15.05,12.31,12.45,0,0.00
2015/09/29,15.05,15.05,12.31,12.45,0,0.00
2015/09/30,15.05,15.05,12.31,12.45,0,0.00
2015/10/08,15.05,15.05,12.31,12.45,0,0.00
2015/10/09,15.05,15.05,12.31,12.45,0,0.00
2015/10/12,15.05,15.05,12.31,12.45,0,0.00
2015/10/13,15.05,15.05,12.31,12.45,0,0.00
2015/10/14,15.05,15.05,12.31,12.45,0,0.00
2015/10/15,13.70,13.70,13.70,13.70,738638,10119341.00
2015/10/16,15.07,15.07,15.07,15.07,532028,8017662.00
2015/10/19,16.58,16.58,16.58,16.58,2974262,49313264.00
2015/10/20,18.24,18.24,17.39,18.24,54214015,974187968.00
2015/10/21,18.70,20.06,18.20,19.02,62300148,1192148736.00
2015/10/22,18.22,20.85,17.50,20.43,48508969,920359680.00
2015/10/23,20.00,20.30,19.27,19.71,37591785,744468032.00
2015/10/26,19.73,19.95,17.78,18.64,28094888,524799200.00
2015/10/27,18.35,19.20,17.52,18.89,23038064,421906464.00
2015/10/28,18.76,18.87,17.88,17.95,18066624,330460000.00
2015/10/29,18.20,18.33,17.76,18.03,13055045,236069408.00
2015/10/30,18.04,18.61,17.50,18.22,17635458,319906560.00
2015/11/02,17.80,18.66,17.50,17.89,14493535,264462128.00
2015/11/03,18.03,18.39,17.61,17.80,11487913,205635728.00
2015/11/04,17.94,18.70,17.80,18.70,18483496,339325088.00
2015/11/05,18.80,18.80,18.00,18.12,20573923,376767104.00
2015/11/06,19.60,19.93,19.60,19.93,12240390,243362784.00
2015/11/09,20.73,21.72,19.61,21.15,38619770,794477184.00
2015/11/10,20.62,20.81,20.04,20.52,25533913,523368992.00
2015/11/11,20.20,20.87,20.20,20.53,16978720,348405792.00
2015/11/12,20.55,20.75,20.07,20.38,15202863,309070144.00
2015/11/13,20.13,20.38,19.64,19.69,16067015,320553600.00
2015/11/16,19.48,20.72,19.01,20.70,17832886,352662272.00
2015/11/17,21.38,21.39,20.20,20.25,24290224,502586848.00
2015/11/18,20.10,20.33,19.40,19.48,11779275,234171024.00
2015/11/19,19.55,20.28,19.31,20.01,12903435,255005104.00
2015/11/20,20.08,20.30,19.83,20.08,15576131,312690528.00
2015/11/23,19.98,20.68,19.86,20.28,15654691,318138208.00
2015/11/24,20.10,21.21,19.70,20.92,22894980,471447904.00
2015/11/25,22.46,23.01,21.75,23.01,20826550,471154976.00
2015/11/26,23.50,24.60,23.20,23.60,53135412,1264935296.00
2015/11/27,23.00,23.48,21.24,21.24,29171853,655731072.00
2015/11/30,20.86,21.15,19.71,20.62,21370011,436757312.00
2015/12/01,20.42,20.98,19.91,20.19,14852041,303731648.00
2015/12/02,20.00,20.27,18.41,19.22,12580851,243231760.00
2015/12/03,19.30,19.80,19.30,19.80,9633150,189026720.00
2015/12/04,19.90,20.88,19.85,20.20,15010001,306096128.00
2015/12/07,20.13,20.40,19.60,20.10,10131828,202630064.00
2015/12/08,20.05,20.05,19.11,19.19,9681502,188697392.00
2015/12/09,18.97,19.19,18.68,18.82,8447301,159425088.00
2015/12/10,18.68,19.24,18.68,18.92,7542665,143696960.00
2015/12/11,18.91,19.33,18.71,19.33,6740510,128293488.00
2015/12/14,19.58,19.58,18.91,19.56,7029714,135560016.00
2015/12/15,19.50,19.97,19.35,19.58,7699281,151212960.00
2015/12/16,19.66,20.95,19.66,20.58,15394178,313511392.00
2015/12/17,20.83,21.10,20.37,21.09,18207524,378028704.00
2015/12/18,21.15,21.15,20.16,20.35,13748786,282312864.00
2015/12/21,20.25,20.46,20.00,20.27,7901488,160024944.00
2015/12/22,20.35,20.44,19.88,20.18,7392519,148584576.00
2015/12/23,20.23,20.88,20.08,20.36,13296168,272837280.00
2015/12/24,20.04,20.19,19.28,19.69,9150957,180426688.00
2015/12/25,19.72,19.85,19.50,19.75,5433810,107214144.00
2015/12/28,19.84,20.16,19.30,19.33,7875756,155942512.00
2015/12/29,19.30,19.59,19.06,19.56,5700598,109912104.00
2015/12/30,19.65,20.01,19.62,19.89,8338851,165359792.00
2015/12/31,19.89,19.89,19.24,19.25,7448591,144999040.00
2016/01/04,19.30,19.42,17.33,17.33,7359688,134187424.00
2016/01/05,16.50,17.12,15.81,16.41,11000192,181470160.00
2016/01/06,16.66,17.70,16.52,17.16,8811113,150555504.00
2016/01/07,16.80,16.84,15.46,15.50,2361500,37817984.00
2016/01/08,16.10,16.34,13.98,15.66,8549636,133237024.00
2016/01/11,15.07,15.34,14.09,14.09,7790133,113952128.00
2016/01/12,14.11,14.32,13.55,14.07,6052123,84777672.00
2016/01/13,14.28,14.30,13.11,13.16,5857597,81311584.00
2016/01/14,13.16,14.48,12.82,14.48,7009905,98487424.00
2016/01/15,15.88,15.93,14.83,15.39,24636398,380786688.00
2016/01/18,14.92,16.37,14.68,15.75,16479000,256956192.00
2016/01/19,15.21,16.20,15.18,16.13,14125357,221923776.00
2016/01/20,15.76,15.98,15.50,15.72,9955238,156782560.00
2016/01/21,15.40,15.81,14.60,14.70,8767018,134561520.00
2016/01/22,15.05,15.22,14.10,14.73,9195139,134231888.00
2016/01/25,14.76,14.97,14.58,14.71,6946573,102566096.00
2016/01/26,14.50,14.58,13.24,13.25,8244852,113931232.00
2016/01/27,13.16,13.43,12.31,13.08,7871813,101076432.00
2016/01/28,12.98,13.14,12.50,12.57,4569693,58716724.00
2016/01/29,12.52,13.83,12.52,13.66,9736990,129702544.00
2016/02/01,13.32,13.84,13.11,13.45,5724756,77445000.00
2016/02/02,13.59,14.35,13.48,14.04,6301053,88146720.00
2016/02/03,13.80,14.37,13.59,14.22,5704394,80067104.00
2016/02/04,14.25,14.76,14.25,14.51,5813021,84589056.00
2016/02/05,14.52,14.58,14.25,14.26,3176143,45777432.00
2016/02/15,13.60,14.08,13.50,13.96,5508050,76002384.00
2016/02/16,14.08,14.70,14.08,14.61,5202144,75510080.00
2016/02/17,14.55,14.96,14.41,14.79,5927035,87243768.00
2016/02/18,14.96,15.23,14.76,14.77,6615731,98995936.00
2016/02/19,14.67,16.25,14.66,16.25,24066221,383539520.00
2016/02/22,16.76,17.12,16.40,16.84,21679175,361942240.00
2016/02/23,16.95,16.95,16.30,16.50,10469239,172443456.00
2016/02/24,16.22,16.87,16.22,16.71,9966816,164760016.00
2016/02/25,16.71,16.71,15.04,15.04,11612216,181714144.00
2016/02/26,15.10,15.25,14.10,14.37,8498462,125036200.00
2016/02/29,14.28,14.45,13.30,13.60,7147130,98522920.00
2016/03/01,13.83,14.00,13.15,13.80,7323364,99968016.00
2016/03/02,13.80,14.96,13.66,14.75,7242042,103199824.00
2016/03/03,14.75,15.16,14.60,14.79,6624994,98593752.00
2016/03/04,14.59,14.74,13.74,13.90,6415821,91152568.00
2016/03/07,13.96,14.44,13.96,14.24,3595292,51250240.00
2016/03/08,14.09,14.24,13.43,14.20,4790367,66385824.00
2016/03/09,13.92,14.30,13.75,14.08,4254720,60128236.00
2016/03/10,14.19,14.24,13.75,13.79,3079256,42984936.00
2016/03/11,13.69,13.88,13.47,13.74,2814311,38385440.00
2016/03/14,13.96,14.55,13.96,14.31,5099165,73046496.00
2016/03/15,14.26,14.31,14.01,14.09,3765335,53283260.00
2016/03/16,14.20,14.33,13.73,13.86,3170492,44281780.00
2016/03/17,13.92,14.50,13.81,14.36,6805276,97185792.00
2016/03/18,14.43,15.06,14.43,14.85,10926372,161602896.00
2016/03/21,15.19,15.25,15.00,15.25,9756276,147726080.00
2016/03/22,15.60,16.45,15.51,15.64,14648641,233071008.00
2016/03/23,15.31,15.87,15.23,15.73,14685243,227574128.00
2016/03/24,15.58,15.80,15.30,15.38,13060863,203031552.00
2016/03/25,15.30,15.48,15.15,15.44,5859989,89742008.00
2016/03/28,15.53,15.95,15.31,15.37,8807130,138071536.00
2016/03/29,15.28,15.41,14.75,14.90,6647561,100054800.00
2016/03/30,15.02,15.67,15.02,15.59,6453543,99419088.00
2016/03/31,15.61,15.78,15.46,15.56,6417714,100269800.00
2016/04/01,15.59,15.65,15.23,15.56,5174192,79994696.00
2016/04/05,15.56,16.07,15.43,16.03,7808892,123982896.00
2016/04/06,16.00,16.59,15.75,16.41,10849619,176485824.00
2016/04/07,16.36,16.45,15.88,15.96,8285735,133163728.00
2016/04/08,15.70,15.96,15.61,15.95,5166090,81802456.00
2016/04/11,16.00,16.55,16.00,16.39,7179370,117736600.00
2016/04/12,16.34,16.57,16.11,16.26,6387071,104441584.00
2016/04/13,16.35,16.70,16.35,16.40,7574482,125295952.00
2016/04/14,16.53,16.68,16.41,16.68,5822479,96411744.00
2016/04/15,16.69,17.90,16.69,17.51,14823772,259346448.00
2016/04/18,17.50,18.10,16.98,17.26,13751033,240710416.00
2016/04/19,17.23,17.56,17.01,17.55,7298948,126829000.00
2016/04/20,17.56,17.99,16.00,16.72,12057829,207464560.00
2016/04/21,16.57,16.87,16.18,16.22,5775341,95822888.00
2016/04/22,15.99,16.48,15.90,16.42,4711832,76362840.00
2016/04/25,16.30,16.56,16.10,16.41,3774728,61817688.00
2016/04/26,16.30,16.85,16.30,16.85,3405364,56671352.00
2016/04/27,16.86,17.45,16.72,16.93,4174227,71162792.00
2016/04/28,17.02,17.22,16.50,17.16,3900569,65451308.00
2016/04/29,17.14,17.25,16.90,16.94,3020594,51567724.00
2016/05/03,16.93,17.62,16.90,17.57,5263260,91336000.00
2016/05/04,17.50,17.90,17.40,17.62,5069513,89594376.00
2016/05/05,17.50,18.50,17.50,18.50,10933120,198451728.00
2016/05/06,18.55,18.68,17.75,17.92,9807818,178086432.00
2016/05/09,17.38,18.09,17.36,17.62,7494540,132765464.00
2016/05/10,17.66,17.88,16.92,17.34,4253346,73921048.00
2016/05/11,17.51,17.61,17.08,17.09,3417865,59408156.00
2016/05/12,16.58,16.95,16.46,16.50,5464146,90795736.00
2016/05/13,16.56,16.75,16.38,16.61,4809575,80122984.00
2016/05/16,16.64,16.69,16.11,16.59,5385940,88448816.00
2016/05/17,16.63,17.14,16.60,17.04,4543003,76718632.00
2016/05/18,16.82,16.84,16.18,16.45,4166731,68393672.00
2016/05/19,16.21,16.68,16.21,16.50,2394400,39616472.00
2016/05/20,16.45,17.20,16.21,17.15,4672015,78796312.00
2016/05/23,17.11,17.81,16.96,17.17,5304703,91838064.00
2016/05/24,17.20,17.76,17.20,17.61,6088728,106479952.00
2016/05/25,17.60,17.74,17.32,17.40,3681712,64544508.00
2016/05/26,17.35,17.40,16.66,17.20,4059225,69017288.00
2016/05/27,17.34,18.07,17.20,17.75,7173842,126984912.00
2016/05/30,17.68,18.62,17.35,18.35,11770197,215262832.00
2016/05/31,18.21,18.97,18.01,18.84,9724400,180934480.00
2016/06/01,18.84,19.18,18.50,18.66,8245466,155994816.00
2016/06/02,18.60,19.58,18.37,19.52,11594944,220662096.00
2016/06/03,19.44,19.80,19.10,19.22,7404636,143629648.00
2016/06/06,19.57,19.71,18.91,18.95,6483093,124586224.00
2016/06/07,18.72,18.90,18.44,18.65,7114962,132222272.00
2016/06/08,18.55,18.93,18.35,18.75,4776990,89286176.00
2016/06/13,18.36,18.60,17.58,17.62,7723857,140350992.00
2016/06/14,17.52,17.77,17.46,17.75,3350704,59080392.00
2016/06/15,17.75,17.75,17.75,17.75,0,0.00
