Date, 300296.Open, 300296.High, 300296.Low, 300296.Close, 300296.Volume, 300296.Adjusted
2012/03/15,22.20,24.98,22.18,24.98,12063503,286407296.00
2012/03/16,23.20,23.97,22.48,23.00,10905261,249214304.00
2012/03/19,22.18,22.98,22.00,22.31,6404512,143773120.00
2012/03/20,22.21,22.30,20.20,20.28,6915852,145108560.00
2012/03/21,20.00,20.01,18.52,19.05,4945315,94720264.00
2012/03/22,18.89,19.32,18.80,18.94,2844142,54145628.00
2012/03/23,18.89,19.48,18.70,19.33,3470939,66459432.00
2012/03/26,19.34,19.35,18.61,18.76,2510711,47466060.00
2012/03/27,18.91,18.95,18.50,18.54,2039565,38134356.00
2012/03/28,18.29,18.29,16.69,16.69,3314103,57006132.00
2012/03/29,16.51,16.78,16.12,16.43,2468066,40644532.00
2012/03/30,16.45,16.70,15.94,16.11,2024174,33164400.00
2012/04/05,16.28,16.74,16.03,16.69,1975918,32544714.00
2012/04/06,16.68,16.94,16.52,16.74,2046923,34262064.00
2012/04/09,16.73,16.75,16.27,16.29,1528610,25226756.00
2012/04/10,16.19,17.92,16.15,17.85,4241320,73112304.00
2012/04/11,17.40,17.85,17.25,17.76,3138677,55010248.00
2012/04/12,17.58,17.73,17.16,17.61,2663001,46481724.00
2012/04/13,17.63,18.00,17.44,17.58,2550932,45178060.00
2012/04/16,17.41,17.45,17.10,17.19,1478233,25501984.00
2012/04/17,17.25,17.35,16.72,17.08,1668404,28425570.00
2012/04/18,17.13,17.49,16.95,17.40,1727192,29818506.00
2012/04/19,17.39,17.65,17.30,17.56,2102210,36818400.00
2012/04/20,17.61,18.25,17.60,18.10,3757262,67349376.00
2012/04/23,17.80,18.00,16.29,16.32,3462662,59043804.00
2012/04/24,16.25,16.73,15.56,16.29,1976822,31887964.00
2012/04/25,16.29,16.29,15.82,16.01,1360478,21858094.00
2012/04/26,16.04,16.29,15.93,16.09,1016233,16365922.00
2012/04/27,16.04,16.66,16.00,16.44,1545236,25315316.00
2012/05/02,16.69,16.97,16.51,16.70,1143810,19131456.00
2012/05/03,16.66,16.92,16.55,16.90,991415,16645413.00
2012/05/04,16.80,17.23,16.80,17.09,1319406,22512130.00
2012/05/07,17.03,17.16,16.83,17.14,1415687,24052252.00
2012/05/08,17.20,17.22,16.93,17.09,1234538,21078234.00
2012/05/09,16.98,16.98,16.46,16.46,1211694,20166366.00
2012/05/10,16.41,16.67,16.41,16.55,825480,13667877.00
2012/05/11,16.54,16.70,16.30,16.30,826845,13626798.00
2012/05/14,16.40,16.49,16.20,16.21,732193,11967117.00
2012/05/15,16.02,16.46,16.00,16.40,813150,13153640.00
2012/05/16,16.40,16.44,16.21,16.27,568701,9298549.00
2012/05/17,16.40,17.57,16.40,17.43,3201673,54608112.00
2012/05/18,17.03,17.49,16.88,16.90,2158684,36982620.00
2012/05/21,16.85,17.34,16.85,17.17,1456539,24988816.00
2012/05/22,17.20,17.43,17.08,17.25,1306999,22536252.00
2012/05/23,17.29,17.36,16.74,17.01,1224205,20823896.00
2012/05/24,16.76,17.20,16.75,16.80,1128698,19205052.00
2012/05/25,16.85,17.25,16.78,16.90,1033003,17588312.00
2012/05/28,16.85,16.85,15.57,16.16,1926349,30794682.00
2012/05/29,16.00,16.43,16.00,16.30,1036569,16860072.00
2012/05/30,16.30,16.69,16.13,16.46,1286252,21091734.00
2012/05/31,16.31,17.46,16.31,17.13,2301692,39084560.00
2012/06/01,17.11,17.48,16.82,17.22,1615228,27610002.00
2012/06/04,16.84,17.00,16.44,16.45,1331010,22291738.00
2012/06/05,16.45,16.62,16.13,16.20,841067,13668645.00
2012/06/06,16.29,16.42,16.15,16.28,515101,8372215.50
2012/06/07,16.47,16.53,15.95,15.95,728817,11809820.00
2012/06/08,16.17,16.19,15.92,16.02,517918,8315760.00
2012/06/11,16.00,16.58,15.95,16.48,726242,11894621.00
2012/06/12,16.48,16.54,16.21,16.36,675516,11072292.00
2012/06/13,16.47,16.98,16.39,16.88,1396171,23466256.00
2012/06/14,16.80,17.11,16.67,16.87,1440281,24345152.00
2012/06/15,16.86,17.05,16.42,16.60,1540265,25643242.00
2012/06/18,16.60,17.44,16.58,17.32,3753532,64293760.00
2012/06/19,17.26,17.47,16.98,17.13,2347469,40309912.00
2012/06/20,17.18,18.03,17.08,17.55,4097350,72022368.00
2012/06/21,17.43,17.58,16.79,17.22,2462654,42193352.00
2012/06/25,17.01,17.15,16.62,16.80,1347000,22714860.00
2012/06/26,16.67,16.78,16.19,16.77,1373468,22648128.00
2012/06/27,16.70,17.70,16.61,17.30,3078530,53151436.00
2012/06/28,17.30,18.18,17.10,17.65,4457810,79076056.00
2012/06/29,17.48,18.50,17.26,18.32,4087503,74005864.00
2012/07/02,18.39,18.56,18.05,18.30,3891445,71158808.00
2012/07/03,18.27,18.79,18.08,18.48,3275610,60264852.00
2012/07/04,18.38,18.57,17.71,17.77,3003764,54153464.00
2012/07/05,17.70,17.70,17.19,17.50,2576205,44768836.00
2012/07/06,17.50,17.94,17.07,17.89,2563618,44978816.00
2012/07/09,17.66,17.86,16.98,16.98,2056791,35798228.00
2012/07/10,16.78,16.78,15.50,15.79,2904570,46870240.00
2012/07/11,15.79,15.87,15.60,15.79,1173558,18453716.00
2012/07/12,15.85,16.23,15.63,16.13,1628376,25998504.00
2012/07/13,16.13,16.20,14.80,14.81,2859124,44174892.00
2012/07/16,14.71,14.71,13.33,13.35,2808510,39112144.00
2012/07/17,13.35,13.59,13.15,13.54,1323260,17800778.00
2012/07/18,13.40,13.56,13.08,13.53,1239731,16472796.00
2012/07/19,13.49,13.99,13.45,13.76,1715105,23678088.00
2012/07/20,13.89,13.89,13.62,13.70,904468,12400430.00
2012/07/23,13.52,13.89,13.23,13.76,675336,9231524.00
2012/07/24,13.65,14.02,13.53,13.88,711594,9852180.00
2012/07/25,13.94,14.40,13.73,13.99,1299730,18361090.00
2012/07/26,14.00,14.10,13.72,13.72,886145,12300397.00
2012/07/27,13.80,13.88,13.60,13.70,647172,8881064.00
2012/07/30,13.82,13.88,13.25,13.30,746971,10084315.00
2012/07/31,13.26,13.40,12.98,13.07,620994,8147159.50
2012/08/01,13.11,13.65,13.08,13.42,677273,9093283.00
2012/08/02,13.45,13.53,13.26,13.40,343916,4609699.00
2012/08/03,13.45,13.85,13.41,13.80,754317,10341193.00
2012/08/06,13.69,14.20,13.61,14.16,1030516,14401631.00
2012/08/07,14.15,14.38,14.02,14.27,1020939,14509135.00
2012/08/08,14.27,14.30,13.90,14.09,802513,11294124.00
2012/08/09,14.07,14.49,13.91,14.39,1364013,19424862.00
2012/08/10,14.40,14.40,14.11,14.13,852531,12121629.00
2012/08/13,13.98,14.00,13.52,13.54,1453948,20044712.00
2012/08/14,13.52,13.73,13.28,13.69,853908,11507855.00
2012/08/15,13.60,13.60,13.39,13.41,695904,9368831.00
2012/08/16,13.41,13.55,13.31,13.40,366512,4921943.00
2012/08/17,13.40,13.77,13.34,13.61,1025185,13958857.00
2012/08/20,13.59,13.86,13.46,13.80,858518,11730706.00
2012/08/21,13.87,14.38,13.69,14.17,1714154,24136388.00
2012/08/22,14.19,14.43,13.96,14.12,1464497,20778704.00
2012/08/23,14.01,14.43,13.96,14.43,1542758,21954260.00
2012/08/24,14.39,14.47,14.00,14.00,1371067,19447254.00
2012/08/27,13.90,13.90,13.52,13.54,682772,9333209.00
2012/08/28,13.51,13.90,13.48,13.87,588644,8087458.50
2012/08/29,13.90,14.38,13.80,14.13,1481804,21052128.00
2012/08/30,14.15,14.22,13.28,13.74,1445536,19906790.00
2012/08/31,13.60,13.83,13.52,13.76,527940,7234016.50
2012/09/03,13.65,14.14,13.60,14.03,699422,9723204.00
2012/09/04,14.03,14.40,14.02,14.06,1308830,18606242.00
2012/09/05,13.90,14.67,13.81,14.46,2070825,29820784.00
2012/09/06,14.58,14.86,14.44,14.71,2365339,34732248.00
2012/09/07,14.88,15.23,14.68,14.98,3109126,46455584.00
2012/09/10,15.05,15.38,14.92,14.98,1688975,25469154.00
2012/09/11,15.02,15.08,14.75,14.88,1211300,18006072.00
2012/09/12,15.05,15.15,14.62,14.83,1219731,18116376.00
2012/09/13,14.90,14.99,14.57,14.63,1224474,18130026.00
2012/09/14,14.73,14.83,14.28,14.54,1199906,17441816.00
2012/09/17,14.47,14.67,14.01,14.07,880337,12656323.00
2012/09/18,14.07,14.29,13.98,14.10,506623,7171698.50
2012/09/19,14.14,14.38,14.10,14.30,769304,10920824.00
2012/09/20,14.20,14.28,13.16,13.22,1733502,23429456.00
2012/09/21,13.22,13.31,12.95,12.97,837200,11026128.00
2012/09/24,12.85,13.08,12.70,12.97,632608,8127738.50
2012/09/25,12.97,13.09,12.80,12.88,426838,5524963.50
2012/09/26,12.94,12.94,12.33,12.38,736886,9238162.00
2012/09/27,12.38,12.83,12.37,12.66,547113,6896047.00
2012/09/28,12.56,13.09,12.56,12.96,693690,8948463.00
2012/10/08,12.98,13.05,12.83,12.89,334003,4310215.50
2012/10/09,12.75,13.32,12.75,13.31,656016,8678850.00
2012/10/10,13.30,13.44,13.26,13.35,534429,7132081.50
2012/10/11,13.29,13.38,13.01,13.05,579860,7651490.00
2012/10/12,13.11,13.27,12.97,13.18,605623,7961365.50
2012/10/15,13.17,13.17,12.62,12.81,601052,7705860.50
2012/10/16,12.81,12.98,12.71,12.84,249421,3213911.00
2012/10/17,12.97,13.01,12.74,12.97,409270,5279550.50
2012/10/18,12.97,13.70,12.95,13.42,1414558,19011486.00
2012/10/19,13.50,13.53,13.23,13.37,497810,6664142.50
2012/10/22,13.27,13.54,13.20,13.49,424491,5679324.00
2012/10/23,13.50,13.62,13.23,13.23,638085,8555881.00
2012/10/24,13.06,13.94,13.06,13.47,1137292,15416674.00
2012/10/25,13.49,13.60,13.27,13.31,438544,5880455.00
2012/10/26,13.35,13.35,12.78,12.98,588622,7652659.00
2012/10/29,13.04,13.08,12.92,12.95,256500,3334128.75
2012/10/30,12.95,13.17,12.93,12.93,204889,2668089.00
2012/10/31,13.00,13.09,12.80,12.98,235863,3060962.00
2012/11/01,13.05,13.40,12.99,13.34,531206,7039979.00
2012/11/02,13.34,13.45,13.17,13.28,427549,5681697.00
2012/11/05,13.28,13.36,13.17,13.31,315513,4177806.75
2012/11/06,13.28,13.28,12.85,13.05,439453,5716886.50
2012/11/07,12.95,13.18,12.93,13.04,230406,2999055.75
2012/11/08,12.97,12.97,12.68,12.68,263150,3380398.50
2012/11/09,12.80,12.80,12.40,12.42,553962,6937858.00
2012/11/12,12.52,12.65,12.43,12.55,273517,3424078.50
2012/11/13,12.47,12.49,12.27,12.30,340903,4209734.00
2012/11/14,12.30,12.44,12.15,12.34,404759,4954689.50
2012/11/15,12.25,12.34,12.00,12.07,255107,3108389.25
2012/11/16,11.88,12.07,11.14,11.79,387678,4546378.00
2012/11/19,11.58,11.99,11.58,11.93,251701,2973150.50
2012/11/20,11.94,12.15,11.82,11.85,295853,3537138.00
2012/11/21,11.86,12.10,11.74,12.10,291909,3478816.25
2012/11/22,12.10,12.10,11.95,12.02,188351,2260381.00
2012/11/23,11.85,12.25,11.84,12.23,454669,5497876.00
2012/11/26,12.14,12.25,11.93,12.10,217213,2628327.00
2012/11/27,11.89,11.92,11.39,11.57,377690,4385910.00
2012/11/28,11.54,11.74,11.23,11.42,284323,3229692.25
2012/11/29,11.26,11.64,11.03,11.20,252700,2848905.50
2012/11/30,11.02,11.45,11.02,11.38,301055,3387697.75
2012/12/03,11.38,11.42,11.07,11.07,503709,5628191.00
2012/12/04,10.96,11.13,10.62,11.01,798757,8662475.00
2012/12/05,11.01,11.47,10.07,11.30,786016,8844355.00
2012/12/06,11.20,11.34,11.12,11.15,374903,4201490.00
2012/12/07,11.13,11.44,11.10,11.40,493382,5577168.00
2012/12/10,11.50,11.75,11.42,11.68,711055,8269243.00
2012/12/11,11.70,11.82,11.53,11.57,498229,5837617.50
2012/12/12,11.50,11.72,11.47,11.66,563654,6528035.00
2012/12/13,11.56,11.64,11.22,11.27,388737,4444198.50
2012/12/14,11.26,11.79,11.23,11.72,685611,7983450.50
2012/12/17,11.86,12.09,11.70,11.93,989531,11796121.00
2012/12/18,12.06,12.06,11.81,11.89,605329,7235471.50
2012/12/19,11.90,11.98,11.76,11.94,382292,4552797.00
2012/12/20,12.04,12.35,11.94,12.21,1074109,13064950.00
2012/12/21,12.37,12.85,12.15,12.70,1717988,21463588.00
2012/12/24,12.72,13.10,12.71,12.87,1460893,18839864.00
2012/12/25,12.94,13.30,12.86,13.30,1768335,23173648.00
2012/12/26,13.40,14.58,13.38,14.18,2924475,41279188.00
2012/12/27,14.26,14.80,13.78,13.78,2676919,38119088.00
2012/12/28,13.63,14.44,13.63,14.31,2260798,31827754.00
2012/12/31,15.74,15.74,15.34,15.74,5534478,86944520.00
2013/01/04,15.88,16.56,15.52,15.90,7257549,115837264.00
2013/01/07,15.64,15.79,15.30,15.70,3010389,46922948.00
2013/01/08,15.80,16.48,15.75,15.89,3818199,61608684.00
2013/01/09,15.60,16.10,15.34,15.85,3023753,47327052.00
2013/01/10,15.85,16.28,15.63,15.78,2200040,35001704.00
2013/01/11,15.70,15.78,15.32,15.47,2927283,45429816.00
2013/01/14,15.54,16.16,15.35,15.93,3002529,47575564.00
2013/01/15,15.85,16.27,15.70,16.00,2698702,43022008.00
2013/01/16,15.95,16.94,15.71,16.94,4755149,77535208.00
2013/01/17,16.66,16.69,15.90,15.96,2916084,47476060.00
2013/01/18,15.85,16.08,15.44,15.68,2120325,33265930.00
2013/01/21,15.88,16.05,15.60,15.73,1314244,20789200.00
2013/01/22,15.69,15.85,15.41,15.84,1638583,25612416.00
2013/01/23,15.79,15.79,14.83,15.18,1834268,27963512.00
2013/01/24,15.16,15.30,14.26,14.36,2237311,33040366.00
2013/01/25,14.35,14.59,14.31,14.37,902406,13013088.00
2013/01/28,14.43,14.83,14.43,14.80,1001587,14655330.00
2013/01/29,14.87,15.04,14.70,14.77,982815,14606779.00
2013/01/30,14.83,14.87,14.40,14.58,962661,14026309.00
2013/01/31,14.62,14.62,14.08,14.20,1215563,17307662.00
2013/02/01,14.21,14.46,14.10,14.33,974530,13946796.00
2013/02/04,14.46,14.53,13.98,14.06,836195,11845799.00
2013/02/05,14.06,14.41,13.99,14.29,881173,12546161.00
2013/02/06,14.40,14.74,14.30,14.59,949251,13858906.00
2013/02/07,14.68,14.90,14.52,14.72,795653,11723441.00
2013/02/08,14.66,14.90,14.61,14.85,840478,12436513.00
2013/02/18,14.97,15.18,14.83,15.13,1281006,19262266.00
2013/02/19,15.14,15.20,14.41,14.53,1103311,16231198.00
2013/02/20,14.50,14.78,14.40,14.75,789794,11538258.00
2013/02/21,14.69,14.69,14.35,14.41,929070,13457618.00
2013/02/22,14.42,14.74,14.42,14.47,674060,9820327.00
2013/02/25,14.47,14.76,14.43,14.68,722788,10555429.00
2013/02/26,14.68,15.15,14.55,14.70,1128496,16800550.00
2013/02/27,14.70,15.07,14.60,14.85,978953,14467499.00
2013/02/28,14.79,15.59,14.75,15.55,2747724,41917356.00
2013/03/01,15.51,15.57,15.28,15.54,1516635,23383122.00
2013/03/04,15.31,15.39,14.77,14.80,1602658,24202658.00
2013/03/05,14.82,15.04,14.52,15.04,966811,14362415.00
2013/03/06,15.01,15.59,15.01,15.48,1405556,21662176.00
2013/03/07,15.40,15.64,15.00,15.11,1406255,21584036.00
2013/03/08,15.03,15.28,15.02,15.15,700808,10601919.00
2013/03/11,15.05,15.40,15.05,15.20,450953,6875373.50
2013/03/12,15.22,15.55,14.16,14.33,1890879,27919472.00
2013/03/13,14.25,14.28,13.76,13.81,1315599,18276986.00
2013/03/14,13.73,13.95,13.71,13.80,479700,6636926.00
2013/03/15,13.87,14.21,13.69,13.89,733385,10270631.00
2013/03/18,13.90,14.05,13.56,13.60,475168,6549426.00
2013/03/19,13.62,13.78,13.32,13.78,692423,9395345.00
2013/03/20,13.76,14.23,13.70,14.19,843372,11806757.00
2013/03/21,14.20,14.38,14.14,14.27,687655,9815309.00
2013/03/22,14.20,14.30,14.11,14.20,745508,10590238.00
2013/03/25,14.23,14.27,14.06,14.16,417911,5921598.00
2013/03/26,14.10,14.19,13.80,13.88,506785,7039003.00
2013/03/27,13.97,14.08,13.82,13.96,468936,6546659.50
2013/03/28,13.71,13.72,13.50,13.53,639438,8708844.00
2013/03/29,13.44,13.70,13.44,13.56,263996,3596004.50
2013/04/01,13.62,13.72,13.37,13.64,268457,3649097.25
2013/04/02,13.65,13.82,13.35,13.45,456913,6217587.50
2013/04/03,13.45,13.46,13.08,13.10,509863,6732039.50
2013/04/08,12.75,12.80,12.46,12.74,718475,9073859.00
2013/04/09,12.75,12.85,12.62,12.80,341799,4365387.50
2013/04/10,12.75,12.85,12.62,12.80,0,0.00
2013/04/11,12.75,12.85,12.62,12.80,0,0.00
2013/04/12,14.02,14.08,13.30,13.30,1592230,21722802.00
2013/04/15,13.01,13.08,12.73,12.80,469349,6067124.50
2013/04/16,12.70,13.09,12.55,13.06,466361,6005324.50
2013/04/17,13.16,13.16,12.95,13.14,233738,3054483.00
2013/04/18,13.09,13.35,12.96,13.34,480876,6341427.00
2013/04/19,13.50,13.90,13.48,13.75,955229,13101666.00
2013/04/22,13.69,14.12,13.68,14.11,1015568,14195441.00
2013/04/23,14.03,15.07,14.03,14.43,2385569,34763948.00
2013/04/24,14.35,14.95,14.20,14.90,1856006,27256434.00
2013/04/25,15.11,16.23,15.10,15.60,4776950,75168000.00
2013/04/26,15.65,16.05,15.40,15.40,2562592,40422032.00
2013/05/02,15.40,15.57,14.90,15.39,1669633,25373448.00
2013/05/03,15.28,16.04,15.21,15.85,1791758,28382386.00
2013/05/06,15.80,17.03,15.72,16.72,2469174,40818088.00
2013/05/07,16.65,17.14,16.36,16.59,1128810,18888048.00
2013/05/08,16.74,16.99,16.54,16.99,1226731,20621918.00
2013/05/09,16.86,17.04,16.21,17.00,1189408,19804480.00
2013/05/10,16.80,16.94,16.33,16.51,750313,12423869.00
2013/05/13,16.45,17.24,16.24,16.85,980536,16346240.00
2013/05/14,16.99,16.99,16.20,16.30,1026794,16858498.00
2013/05/15,16.30,17.30,16.02,17.07,1321237,22340398.00
2013/05/16,17.20,17.77,16.69,16.88,1789718,30723380.00
2013/05/17,16.98,18.57,16.49,18.57,3859774,69181608.00
2013/05/20,12.35,12.96,11.95,12.88,7719077,95498784.00
2013/05/21,12.51,13.32,12.50,12.98,5301934,68376896.00
2013/05/22,12.72,12.90,12.05,12.11,3711686,46039300.00
2013/05/23,12.00,12.22,11.75,11.86,2576962,30762066.00
2013/05/24,11.83,12.85,11.83,12.61,3587187,44651336.00
2013/05/27,12.80,12.80,12.26,12.36,2313654,28893570.00
2013/05/28,12.21,12.45,11.61,11.80,2093026,24967748.00
2013/05/29,11.80,12.00,11.72,11.86,1943825,23016622.00
2013/05/30,11.81,11.95,11.56,11.72,2785507,32681850.00
2013/05/31,11.76,11.88,11.56,11.60,1936690,22684516.00
2013/06/03,11.56,11.69,11.27,11.30,1513061,17255378.00
2013/06/04,11.30,11.40,10.99,11.05,1558148,17356786.00
2013/06/05,11.06,11.35,11.04,11.29,1108630,12401261.00
2013/06/06,11.20,11.32,10.80,10.86,1104846,12219663.00
2013/06/07,10.95,11.16,10.83,11.11,1108959,12260673.00
2013/06/13,11.15,11.20,10.61,11.12,1646430,18108678.00
2013/06/14,11.16,11.66,11.16,11.48,2048128,23475880.00
2013/06/17,11.36,11.88,11.30,11.63,2550096,29600914.00
2013/06/18,11.64,11.64,11.13,11.30,1664708,18805162.00
2013/06/19,11.23,11.39,11.00,11.29,1106603,12358650.00
2013/06/20,11.27,11.52,10.90,10.96,1306835,14711875.00
2013/06/21,10.78,11.30,10.51,11.16,1177371,12913495.00
2013/06/24,11.27,11.30,10.50,10.68,1249872,13582487.00
2013/06/25,10.51,10.83,9.63,10.70,1095440,11338860.00
2013/06/26,10.73,11.24,10.61,11.14,1307192,14367712.00
2013/06/27,11.14,11.75,11.03,11.55,3381748,38703848.00
2013/06/28,11.80,12.10,11.46,11.72,4513735,53175308.00
2013/07/01,11.60,12.22,11.20,12.17,4017506,47859484.00
2013/07/02,12.01,12.38,11.91,12.28,3633324,44240036.00
2013/07/03,12.11,12.48,12.02,12.27,2285697,27997400.00
2013/07/04,12.22,12.22,11.85,11.85,2698575,32523814.00
2013/07/05,11.65,12.05,11.21,11.31,1757120,20621324.00
2013/07/08,11.10,11.10,10.65,10.75,1565766,16936888.00
2013/07/09,10.60,10.87,10.60,10.77,628070,6755335.50
2013/07/10,10.85,11.10,10.76,11.10,747039,8167130.50
2013/07/11,11.06,11.44,11.00,11.35,895908,10078989.00
2013/07/12,11.46,12.18,11.45,11.78,2618236,31226852.00
2013/07/15,11.80,12.39,11.80,12.28,2452441,29700464.00
2013/07/16,12.54,12.59,12.20,12.31,1813862,22419430.00
2013/07/17,12.32,13.54,12.32,13.18,5403431,71229328.00
2013/07/18,13.05,14.45,12.91,13.98,5172674,71426264.00
2013/07/19,13.89,14.88,13.80,14.19,4235143,60929028.00
2013/07/22,13.94,14.65,13.80,14.44,2356399,33660600.00
2013/07/23,14.60,15.25,14.38,14.67,3534695,51809392.00
2013/07/24,15.15,15.27,14.68,15.17,2649781,39686072.00
2013/07/25,15.07,15.20,13.65,14.20,2809462,40218052.00
2013/07/26,14.98,15.62,14.50,15.62,6267202,96963464.00
2013/07/29,16.25,16.30,15.20,15.30,5873884,92595816.00
2013/07/30,15.41,16.83,15.37,16.83,5592497,92010048.00
2013/07/31,17.29,18.51,17.06,18.51,4508021,81050792.00
2013/08/01,19.60,20.36,19.40,20.36,5585826,112430936.00
2013/08/02,22.40,22.40,22.40,22.40,2464423,55203076.00
2013/08/05,24.30,24.40,22.10,22.54,15697687,367799200.00
2013/08/06,22.30,23.50,22.21,23.18,9703567,222003520.00
2013/08/07,22.98,24.10,22.20,22.20,10126620,233208640.00
2013/08/08,21.77,22.10,21.00,21.59,8724531,188242512.00
2013/08/09,21.33,21.69,20.56,21.13,4989340,105595952.00
2013/08/12,20.96,21.30,19.76,20.65,5836496,118736832.00
2013/08/13,20.54,21.25,20.32,20.99,4887927,102129096.00
2013/08/14,20.86,21.21,20.00,20.93,5223174,108112440.00
2013/08/15,21.00,22.34,20.69,22.10,8801119,190534368.00
2013/08/16,21.75,22.24,19.90,19.91,6529177,138152816.00
2013/08/19,19.51,20.91,19.41,20.71,3537051,71882088.00
2013/08/20,20.51,22.78,20.41,22.35,9327112,208310496.00
2013/08/21,22.10,22.25,21.31,21.40,5843743,126620728.00
2013/08/22,21.30,22.30,21.02,21.96,5175617,111669448.00
2013/08/23,21.99,24.16,21.81,23.19,9516747,221946272.00
2013/08/26,22.90,23.70,22.30,23.25,5221293,119658304.00
2013/08/27,23.02,25.10,22.80,23.50,6036275,145006304.00
2013/08/28,23.03,23.45,22.31,22.70,4837183,110364176.00
2013/08/29,22.58,22.99,22.23,22.30,3273072,74097352.00
2013/08/30,22.01,22.88,20.46,20.46,5009683,108677864.00
2013/09/02,20.10,20.88,19.00,20.38,4057941,81468944.00
2013/09/03,20.37,20.90,20.00,20.84,3582450,73121104.00
2013/09/04,20.64,21.55,20.40,20.75,2943823,61362444.00
2013/09/05,20.60,21.49,20.00,20.90,4405032,91869160.00
2013/09/06,20.66,20.80,19.78,19.91,4859213,97686224.00
2013/09/09,19.98,20.20,18.76,19.13,5404184,103329864.00
2013/09/10,19.10,19.49,18.96,19.19,2663405,51007296.00
2013/09/11,19.14,19.18,17.92,18.19,3733741,68457304.00
2013/09/12,18.16,18.48,17.80,18.39,3115039,56744656.00
2013/09/13,18.50,19.98,18.21,19.70,6934075,133394280.00
2013/09/16,19.60,20.40,19.40,19.57,4006597,79954584.00
2013/09/17,19.57,19.60,18.33,18.35,2988845,56176308.00
2013/09/18,18.33,19.25,18.01,19.10,2807958,52369500.00
2013/09/23,18.95,19.50,18.68,19.30,2901517,55463316.00
2013/09/24,19.14,19.19,18.35,19.09,3339224,62667012.00
2013/09/25,19.08,19.22,18.63,18.68,2529275,47775832.00
2013/09/26,18.51,19.21,18.46,18.68,2349775,44385032.00
2013/09/27,18.51,19.21,18.46,18.68,0,0.00
2013/09/30,18.51,19.21,18.46,18.68,0,0.00
2013/10/08,18.51,19.21,18.46,18.68,0,0.00
2013/10/09,18.51,19.21,18.46,18.68,0,0.00
2013/10/10,18.51,19.21,18.46,18.68,0,0.00
2013/10/11,18.51,19.21,18.46,18.68,0,0.00
2013/10/14,18.51,19.21,18.46,18.68,0,0.00
2013/10/15,18.51,19.21,18.46,18.68,0,0.00
2013/10/16,18.51,19.21,18.46,18.68,0,0.00
2013/10/17,18.51,19.21,18.46,18.68,0,0.00
2013/10/18,18.51,19.21,18.46,18.68,0,0.00
2013/10/21,18.51,19.21,18.46,18.68,0,0.00
2013/10/22,18.51,19.21,18.46,18.68,0,0.00
2013/10/23,18.51,19.21,18.46,18.68,0,0.00
2013/10/24,18.51,19.21,18.46,18.68,0,0.00
2013/10/25,18.51,19.21,18.46,18.68,0,0.00
2013/10/28,18.51,19.21,18.46,18.68,0,0.00
2013/10/29,18.51,19.21,18.46,18.68,0,0.00
2013/10/30,18.51,19.21,18.46,18.68,0,0.00
2013/10/31,18.51,19.21,18.46,18.68,0,0.00
2013/11/01,18.51,19.21,18.46,18.68,0,0.00
2013/11/04,18.51,19.21,18.46,18.68,0,0.00
2013/11/05,18.51,19.21,18.46,18.68,0,0.00
2013/11/06,18.51,19.21,18.46,18.68,0,0.00
2013/11/07,18.51,19.21,18.46,18.68,0,0.00
2013/11/08,18.51,19.21,18.46,18.68,0,0.00
2013/11/11,18.51,19.21,18.46,18.68,0,0.00
2013/11/12,18.51,19.21,18.46,18.68,0,0.00
2013/11/13,18.51,19.21,18.46,18.68,0,0.00
2013/11/14,18.51,19.21,18.46,18.68,0,0.00
2013/11/15,18.51,19.21,18.46,18.68,0,0.00
2013/11/18,18.51,19.21,18.46,18.68,0,0.00
2013/11/19,18.51,19.21,18.46,18.68,0,0.00
2013/11/20,18.51,19.21,18.46,18.68,0,0.00
2013/11/21,18.51,19.21,18.46,18.68,0,0.00
2013/11/22,20.55,20.55,20.14,20.55,3344054,68687144.00
2013/11/25,21.80,21.80,19.81,19.95,7543432,158686816.00
2013/11/26,19.30,20.17,19.30,19.64,2570260,50535604.00
2013/11/27,19.40,19.67,19.08,19.18,2452301,47461736.00
2013/11/28,19.21,19.58,19.00,19.23,1968934,37956148.00
2013/11/29,19.30,20.09,19.24,19.98,2921516,57917680.00
2013/12/02,18.95,18.95,17.98,17.98,2900976,52988344.00
2013/12/03,16.98,17.55,16.34,17.29,1830751,31051916.00
2013/12/04,17.29,17.55,16.91,16.99,1739102,30088998.00
2013/12/05,16.99,17.25,16.70,16.70,992391,16735615.00
2013/12/06,16.70,16.91,16.57,16.79,866251,14495992.00
2013/12/09,16.79,17.13,16.79,17.04,731371,12430573.00
2013/12/10,17.29,17.30,16.73,16.90,809562,13667578.00
2013/12/11,16.86,17.23,16.70,17.00,816100,13879949.00
2013/12/12,17.06,17.16,16.83,17.00,839082,14298934.00
2013/12/13,16.91,17.36,16.60,17.08,1565311,26615372.00
2013/12/16,17.09,17.10,16.69,16.72,743128,12493805.00
2013/12/17,16.82,16.82,16.32,16.34,1038206,17175824.00
2013/12/18,16.31,17.13,16.31,16.61,1067750,17837698.00
2013/12/19,16.55,16.82,16.16,16.18,1090605,17947294.00
2013/12/20,16.08,16.46,16.02,16.10,728088,11825090.00
2013/12/23,16.10,16.29,15.50,15.62,728567,11578844.00
2013/12/24,15.60,16.09,15.55,16.05,1345467,21386892.00
2013/12/25,16.00,16.95,15.91,16.86,2489748,40973280.00
2013/12/26,16.87,17.16,16.34,16.70,1391917,23290338.00
2013/12/27,16.37,17.11,16.30,16.87,1702853,28817192.00
2013/12/30,16.95,17.61,16.75,17.55,2012777,34836020.00
2013/12/31,17.60,17.80,17.16,17.35,2189031,38365664.00
2014/01/02,17.21,18.72,17.21,18.45,2759673,50034840.00
2014/01/03,18.31,18.87,17.82,18.02,2253386,41433416.00
2014/01/06,18.20,19.82,18.20,19.30,5388810,104344016.00
2014/01/07,18.80,19.60,18.43,19.60,2881978,54940656.00
2014/01/08,19.74,20.41,19.28,19.90,3964629,78673824.00
2014/01/09,20.28,20.87,18.70,18.81,3244572,64297720.00
2014/01/10,19.60,19.98,18.92,19.10,2992693,58219840.00
2014/01/13,18.90,19.98,18.60,19.80,3942507,76000696.00
2014/01/14,19.80,20.35,19.34,20.30,2843817,56781016.00
2014/01/15,20.21,21.87,19.93,20.61,3541743,74253264.00
2014/01/16,20.80,21.85,20.51,20.79,3003919,63542624.00
2014/01/17,20.30,21.80,20.10,21.06,2499725,52745308.00
2014/01/20,21.20,22.20,21.02,21.75,3405126,74008888.00
2014/01/21,21.36,22.98,21.36,22.75,3754705,83083824.00
2014/01/22,23.26,24.33,22.75,23.25,5411311,127475520.00
2014/01/23,23.28,23.95,23.00,23.70,2567960,60710288.00
2014/01/24,23.55,23.83,22.89,23.09,3444733,79500008.00
2014/01/27,23.00,23.15,21.65,22.94,3660918,82960720.00
2014/01/28,22.69,23.07,22.05,22.31,1911090,43051244.00
2014/01/29,22.30,23.78,22.30,23.59,2328689,53972452.00
2014/01/30,23.30,23.99,22.81,22.82,1387344,32589034.00
2014/02/07,22.78,23.35,22.30,23.31,2082998,47968244.00
2014/02/10,23.40,24.30,23.40,23.94,2471779,59157468.00
2014/02/11,23.88,24.17,22.90,23.20,2332104,54684652.00
2014/02/12,23.20,23.20,22.10,22.82,2610625,58826048.00
2014/02/13,22.73,22.82,21.49,21.52,2028123,45053592.00
2014/02/14,21.45,22.20,21.02,22.16,1779723,38766528.00
2014/02/17,22.16,22.58,22.00,22.21,2080725,46191320.00
2014/02/18,22.45,22.79,21.75,22.56,2373893,52802016.00
2014/02/19,22.45,22.81,21.80,22.00,1698132,37438944.00
2014/02/20,22.45,22.81,21.80,22.00,0,0.00
2014/02/21,22.45,22.81,21.80,22.00,0,0.00
2014/02/24,22.45,22.81,21.80,22.00,0,0.00
2014/02/25,22.45,22.81,21.80,22.00,0,0.00
2014/02/26,22.45,22.81,21.80,22.00,0,0.00
2014/02/27,22.45,22.81,21.80,22.00,0,0.00
2014/02/28,19.81,21.18,19.81,20.68,1974122,40614052.00
2014/03/03,21.19,21.19,20.00,20.50,1650485,34097368.00
2014/03/04,20.47,20.90,20.21,20.80,961861,19873940.00
2014/03/05,20.80,21.30,20.65,20.88,907281,18967866.00
2014/03/06,20.51,21.11,20.50,20.83,1025121,21436264.00
2014/03/07,20.80,21.30,20.70,20.78,1033383,21735002.00
2014/03/10,20.90,21.80,20.70,21.62,2423520,51791852.00
2014/03/11,21.30,21.70,20.75,21.00,1385655,29620140.00
2014/03/12,20.80,20.80,19.67,19.71,1670244,33690912.00
2014/03/13,19.80,20.56,19.71,20.33,1008814,20465616.00
2014/03/14,20.00,21.59,20.00,21.13,1480044,31314088.00
2014/03/17,20.69,22.86,20.69,22.69,2679357,59630908.00
2014/03/18,22.48,24.49,22.48,23.90,4289233,102120240.00
2014/03/19,23.88,25.00,23.15,23.50,5680747,135279088.00
2014/03/20,23.50,24.34,22.95,22.98,4240591,100125736.00
2014/03/21,22.73,23.46,20.85,22.70,4024978,88296680.00
2014/03/24,22.44,23.16,21.75,22.17,2000733,44774516.00
2014/03/25,22.13,22.72,21.80,22.71,1440361,32068190.00
2014/03/26,22.73,24.98,22.72,24.98,4305637,104567360.00
2014/03/27,25.00,26.50,24.90,25.07,8366505,215058368.00
2014/03/28,24.90,25.98,24.11,25.96,5728726,143601408.00
2014/03/31,25.75,26.35,24.50,25.00,4605263,118054944.00
2014/04/01,24.50,27.50,24.26,27.50,4782883,126614312.00
2014/04/02,29.80,30.25,28.25,29.36,11734059,344480352.00
2014/04/03,29.00,30.20,28.58,29.11,8616726,252947904.00
2014/04/04,28.50,30.78,28.28,28.58,7395209,218141136.00
2014/04/08,27.88,29.80,27.23,29.80,6515565,185235552.00
2014/04/09,29.54,30.45,28.85,29.79,6121471,181789232.00
2014/04/10,30.00,32.46,29.20,29.30,8274632,253012432.00
2014/04/11,28.68,30.57,28.20,30.57,5401299,159553184.00
2014/04/14,30.45,32.19,30.07,30.99,4325568,135531168.00
2014/04/15,30.90,32.16,30.26,30.39,4361320,135404304.00
2014/04/16,29.88,33.43,29.52,33.43,6914111,218539344.00
2014/04/17,33.39,33.82,32.55,32.90,5136901,170449904.00
2014/04/18,33.16,33.68,32.30,32.95,3979464,131418816.00
2014/04/21,32.89,34.49,31.24,32.95,6812234,223153488.00
2014/04/22,32.30,33.17,30.15,31.65,4854388,154306304.00
2014/04/23,31.08,31.65,29.51,29.61,5246500,158880976.00
2014/04/24,29.61,32.57,29.40,32.33,5896936,183362224.00
2014/04/25,15.83,15.99,14.82,15.05,9290805,142566032.00
2014/04/28,14.81,14.89,13.55,13.55,8471734,118861936.00
2014/04/29,13.34,14.67,12.88,14.28,11072267,151778368.00
2014/04/30,14.02,14.14,13.68,13.68,6102680,84987792.00
2014/05/05,13.68,14.60,13.60,14.54,6798021,96570088.00
2014/05/06,14.40,15.68,14.36,15.14,10037293,151795824.00
2014/05/07,14.95,15.40,14.56,14.70,7409350,110591488.00
2014/05/08,14.49,14.87,13.92,14.00,7513248,108304912.00
2014/05/09,14.04,14.05,13.28,13.39,6444961,87684736.00
2014/05/12,13.60,13.98,13.20,13.93,7108214,96666056.00
2014/05/13,13.86,14.28,13.70,14.21,6434183,90292960.00
2014/05/14,14.21,15.18,14.00,14.90,10096912,148655040.00
2014/05/15,14.79,15.64,14.32,15.09,10402652,156439536.00
2014/05/16,15.15,16.16,15.00,16.02,10860298,171607536.00
2014/05/19,15.76,16.60,15.44,16.30,8866819,142871536.00
2014/05/20,16.25,16.79,15.70,15.80,8841890,143419168.00
2014/05/21,15.86,16.27,15.26,16.27,6882426,108887488.00
2014/05/22,16.22,16.86,16.06,16.35,7447369,122864552.00
2014/05/23,16.18,16.42,15.85,16.20,6700142,107658176.00
2014/05/26,16.25,17.41,16.01,17.30,9672854,160825968.00
2014/05/27,17.17,17.70,16.96,17.62,9858326,171315136.00
2014/05/28,17.50,17.80,17.15,17.29,8292589,144358048.00
2014/05/29,17.11,17.28,15.97,16.37,10961230,182978720.00
2014/05/30,16.35,16.69,15.86,16.15,10719148,173995392.00
2014/06/03,16.00,16.39,15.58,15.59,9580864,153049696.00
2014/06/04,15.59,15.97,14.70,15.68,12144492,185845856.00
2014/06/05,15.63,16.30,15.35,16.11,9866599,156632480.00
2014/06/06,16.12,16.37,15.93,16.14,6167049,99399032.00
2014/06/09,16.23,16.38,15.30,15.30,5336290,84181200.00
2014/06/10,15.30,15.88,14.83,15.48,5420710,83622512.00
2014/06/11,15.39,15.85,15.31,15.45,4187956,65291344.00
2014/06/12,15.40,16.33,15.29,16.13,7432249,118686000.00
2014/06/13,16.20,16.40,16.03,16.06,4822204,77980576.00
2014/06/16,16.10,16.39,16.00,16.29,4578720,74173000.00
2014/06/17,16.28,16.30,15.68,15.71,4594183,72967560.00
2014/06/18,15.61,15.93,15.47,15.60,3040472,47665464.00
2014/06/19,15.50,15.67,14.60,14.88,5023686,75257096.00
2014/06/20,14.88,15.00,14.65,14.86,2281318,33819988.00
2014/06/23,14.86,15.81,14.86,15.37,2724916,42236496.00
2014/06/24,15.45,15.78,15.41,15.64,2052217,32013304.00
2014/06/25,15.68,15.68,15.13,15.30,2002137,30682928.00
2014/06/26,15.30,15.86,15.30,15.81,3844864,60511708.00
2014/06/27,15.81,16.20,15.66,15.91,3790581,60613040.00
2014/06/30,15.89,16.67,15.71,16.58,5532143,90294536.00
2014/07/01,16.58,16.88,16.45,16.50,4183167,69802640.00
2014/07/02,16.51,17.85,16.51,17.25,6917175,119520256.00
2014/07/03,17.30,17.55,16.90,16.98,4312299,74128152.00
2014/07/04,17.05,17.30,16.60,16.64,4763428,80274608.00
2014/07/07,16.64,17.18,16.15,17.15,4718228,78152472.00
2014/07/08,17.21,17.38,16.81,17.05,3626902,61775080.00
2014/07/09,17.07,17.18,16.70,16.91,3263009,55302800.00
2014/07/10,16.97,17.06,16.06,16.12,4143227,68418016.00
2014/07/11,16.12,16.49,16.00,16.26,2724718,44304956.00
2014/07/14,16.16,16.40,16.15,16.37,2367859,38517572.00
2014/07/15,16.95,17.68,16.95,17.07,7320473,126192120.00
2014/07/16,16.90,17.28,16.53,16.60,2767475,46580972.00
2014/07/17,16.46,17.08,16.35,16.79,2591594,43423568.00
2014/07/18,16.70,17.51,16.54,17.37,5278726,91040280.00
2014/07/21,17.38,19.11,17.22,19.11,11467524,210555680.00
2014/07/22,19.29,20.60,19.00,20.05,14567670,287744128.00
2014/07/23,20.04,20.29,19.00,19.40,10393413,203757296.00
2014/07/24,19.21,19.34,18.50,18.63,7294148,137654000.00
2014/07/25,18.70,19.49,18.35,18.78,6964479,132201872.00
2014/07/28,18.71,19.00,18.11,19.00,6596567,122088080.00
2014/07/29,18.80,19.45,18.72,18.98,5925393,113273880.00
2014/07/30,18.98,20.21,18.70,19.87,8887765,173632208.00
2014/07/31,19.75,19.94,19.44,19.62,4296706,84321448.00
2014/08/01,19.46,19.98,18.81,18.82,5130578,99596880.00
2014/08/04,18.76,19.09,18.51,18.79,3545351,66358404.00
2014/08/05,18.84,19.68,18.61,19.62,4817217,92794104.00
2014/08/06,19.60,19.70,19.13,19.45,3491189,67661128.00
2014/08/07,19.44,20.95,19.31,20.38,9101946,185805824.00
2014/08/08,20.40,21.28,20.22,20.65,6305776,131114008.00
2014/08/11,20.81,21.18,20.38,20.66,4838319,100166808.00
2014/08/12,20.60,20.93,20.40,20.79,3214063,66550256.00
2014/08/13,20.82,20.90,19.95,20.29,4824111,97814760.00
2014/08/14,20.40,20.49,20.00,20.14,2418028,49014960.00
2014/08/15,20.15,21.38,20.15,21.26,5854013,122464088.00
2014/08/18,21.35,22.20,21.28,21.80,6053355,132265888.00
2014/08/19,21.89,22.15,21.36,21.93,3400307,73792792.00
2014/08/20,21.82,22.90,21.82,22.74,5637819,127066528.00
2014/08/21,23.10,24.90,22.83,24.47,8744658,209111552.00
2014/08/22,24.46,24.75,23.60,24.07,6091884,146719472.00
2014/08/25,23.80,25.27,23.80,24.59,5440402,134739344.00
2014/08/26,24.60,25.09,24.01,24.50,4298287,105015960.00
2014/08/27,25.02,25.04,24.00,24.08,4340676,106822400.00
2014/08/28,24.00,24.00,22.50,22.70,7245384,167943616.00
2014/08/29,22.72,23.76,22.72,23.34,3643679,84673320.00
2014/09/01,23.20,24.00,23.20,23.53,3878491,91229744.00
2014/09/02,23.53,24.70,23.53,23.97,7196559,173485216.00
2014/09/03,23.99,24.28,23.47,23.85,4152553,98523920.00
2014/09/04,24.02,24.02,23.62,23.88,3858159,92057048.00
2014/09/05,23.80,23.93,23.32,23.71,3656634,86226656.00
2014/09/09,23.56,24.40,23.05,24.40,5810577,137906976.00
2014/09/10,24.46,26.15,24.10,25.58,8049328,204626112.00
2014/09/11,25.53,25.84,24.61,24.99,4640821,117329848.00
2014/09/12,25.05,25.18,24.70,25.16,1976138,49351332.00
2014/09/15,25.50,25.80,24.60,24.80,4306512,107858984.00
2014/09/16,24.70,24.71,23.50,23.65,5672129,136423968.00
2014/09/17,23.63,23.93,23.30,23.35,3921046,92265384.00
2014/09/18,23.62,24.10,23.20,23.73,3841365,90717152.00
2014/09/19,23.80,23.80,22.95,23.40,4376234,101876648.00
2014/09/22,23.26,23.26,21.57,21.85,9462368,209200320.00
2014/09/23,21.90,22.46,21.90,22.21,5129159,113774128.00
2014/09/24,22.20,22.86,22.02,22.83,4648292,105475656.00
2014/09/25,22.85,23.64,22.85,23.13,4759399,111222536.00
2014/09/26,23.21,23.21,22.38,22.74,3162821,71470880.00
2014/09/29,23.21,23.21,22.38,22.74,0,0.00
2014/09/30,23.21,23.21,22.38,22.74,0,0.00
2014/10/08,23.21,23.21,22.38,22.74,0,0.00
2014/10/09,23.21,23.21,22.38,22.74,0,0.00
2014/10/10,23.21,23.21,22.38,22.74,0,0.00
2014/10/13,23.21,23.21,22.38,22.74,0,0.00
2014/10/14,23.21,23.21,22.38,22.74,0,0.00
2014/10/15,23.21,23.21,22.38,22.74,0,0.00
2014/10/16,23.21,23.21,22.38,22.74,0,0.00
2014/10/17,23.21,23.21,22.38,22.74,0,0.00
2014/10/20,23.21,23.21,22.38,22.74,0,0.00
2014/10/21,23.21,23.21,22.38,22.74,0,0.00
2014/10/22,23.21,23.21,22.38,22.74,0,0.00
2014/10/23,23.21,23.21,22.38,22.74,0,0.00
2014/10/24,23.21,23.21,22.38,22.74,0,0.00
2014/10/27,23.21,23.21,22.38,22.74,0,0.00
2014/10/28,23.21,23.21,22.38,22.74,0,0.00
2014/10/29,23.21,23.21,22.38,22.74,0,0.00
2014/10/30,23.21,23.21,22.38,22.74,0,0.00
2014/10/31,23.21,23.21,22.38,22.74,0,0.00
2014/11/03,23.21,23.21,22.38,22.74,0,0.00
2014/11/04,23.21,23.21,22.38,22.74,0,0.00
2014/11/05,23.21,23.21,22.38,22.74,0,0.00
2014/11/06,23.21,23.21,22.38,22.74,0,0.00
2014/11/07,23.21,23.21,22.38,22.74,0,0.00
2014/11/10,23.21,23.21,22.38,22.74,0,0.00
2014/11/11,23.21,23.21,22.38,22.74,0,0.00
2014/11/12,23.21,23.21,22.38,22.74,0,0.00
2014/11/13,23.21,23.21,22.38,22.74,0,0.00
2014/11/14,23.21,23.21,22.38,22.74,0,0.00
2014/11/17,23.21,23.21,22.38,22.74,0,0.00
2014/11/18,23.21,23.21,22.38,22.74,0,0.00
2014/11/19,23.21,23.21,22.38,22.74,0,0.00
2014/11/20,23.21,23.21,22.38,22.74,0,0.00
2014/11/21,23.21,23.21,22.38,22.74,0,0.00
2014/11/24,23.21,23.21,22.38,22.74,0,0.00
2014/11/25,23.21,23.21,22.38,22.74,0,0.00
2014/11/26,23.21,23.21,22.38,22.74,0,0.00
2014/11/27,23.21,23.21,22.38,22.74,0,0.00
2014/11/28,23.21,23.21,22.38,22.74,0,0.00
2014/12/01,23.21,23.21,22.38,22.74,0,0.00
2014/12/02,23.21,23.21,22.38,22.74,0,0.00
2014/12/03,23.21,23.21,22.38,22.74,0,0.00
2014/12/04,23.21,23.21,22.38,22.74,0,0.00
2014/12/05,23.21,23.21,22.38,22.74,0,0.00
2014/12/08,23.21,23.21,22.38,22.74,0,0.00
2014/12/09,23.21,23.21,22.38,22.74,0,0.00
2014/12/10,23.21,23.21,22.38,22.74,0,0.00
2014/12/11,23.21,23.21,22.38,22.74,0,0.00
2014/12/12,23.21,23.21,22.38,22.74,0,0.00
2014/12/15,23.21,23.21,22.38,22.74,0,0.00
2014/12/16,23.21,23.21,22.38,22.74,0,0.00
2014/12/17,23.21,23.21,22.38,22.74,0,0.00
2014/12/18,23.21,23.21,22.38,22.74,0,0.00
2014/12/19,23.21,23.21,22.38,22.74,0,0.00
2014/12/22,23.21,23.21,22.38,22.74,0,0.00
2014/12/23,23.21,23.21,22.38,22.74,0,0.00
2014/12/24,23.21,23.21,22.38,22.74,0,0.00
2014/12/25,23.21,23.21,22.38,22.74,0,0.00
2014/12/26,23.21,23.21,22.38,22.74,0,0.00
2014/12/29,23.21,23.21,22.38,22.74,0,0.00
2014/12/30,23.21,23.21,22.38,22.74,0,0.00
2014/12/31,23.21,23.21,22.38,22.74,0,0.00
2015/01/05,22.60,22.60,20.47,20.47,4723700,98535840.00
2015/01/06,18.43,21.28,18.42,19.98,13037913,259290176.00
2015/01/07,20.01,21.18,19.90,20.34,8832923,180829968.00
2015/01/08,20.51,22.37,20.24,22.37,6329229,134513120.00
2015/01/09,22.77,24.38,22.60,22.68,7635513,178489104.00
2015/01/12,22.50,23.30,21.81,22.08,3882628,87126256.00
2015/01/13,21.90,22.98,21.38,22.67,3759281,83698144.00
2015/01/14,22.60,22.86,21.91,22.09,2294989,50970580.00
2015/01/15,22.19,22.42,20.98,21.10,3585666,77127496.00
2015/01/16,21.08,21.98,21.05,21.33,3102884,66961904.00
2015/01/19,21.00,22.25,20.21,21.48,4140378,89290824.00
2015/01/20,21.35,22.38,21.33,22.22,5010117,109072256.00
2015/01/21,22.40,22.95,22.01,22.95,5039852,113818256.00
2015/01/22,23.28,23.96,22.87,23.03,4989111,116227848.00
2015/01/23,22.91,22.92,22.12,22.17,5172708,115671632.00
2015/01/26,22.17,22.58,21.75,22.45,4676238,103032432.00
2015/01/27,22.45,22.60,21.95,22.28,3475014,77387840.00
2015/01/28,22.23,22.96,22.02,22.85,4985627,113004888.00
2015/01/29,22.76,23.79,22.46,23.19,5333419,124596736.00
2015/01/30,23.14,23.29,22.40,22.45,2556295,58040592.00
2015/02/02,22.15,22.80,22.05,22.14,2478139,55462152.00
2015/02/03,22.20,22.85,22.10,22.58,3051980,68547488.00
2015/02/04,22.70,23.31,22.52,22.85,4654113,107224800.00
2015/02/05,22.86,23.68,22.85,23.35,5908962,137115520.00
2015/02/06,23.35,23.79,22.51,22.72,4915440,114407576.00
2015/02/09,22.40,22.77,21.70,21.86,4098028,90685176.00
2015/02/10,21.86,22.17,21.65,21.72,2649709,57980956.00
2015/02/11,21.78,22.18,21.36,21.71,2759905,60023728.00
2015/02/12,21.70,21.93,21.14,21.41,4659628,99765064.00
2015/02/13,22.41,23.55,22.22,23.55,4893554,112555560.00
2015/02/16,24.29,25.30,23.56,25.03,9719597,237601424.00
2015/02/17,25.13,25.29,24.55,25.10,5972273,149098400.00
2015/02/25,25.15,26.80,24.90,25.78,5256281,137135200.00
2015/02/26,26.30,26.50,25.16,25.60,4678702,121283720.00
2015/02/27,25.45,26.19,24.58,26.00,7789310,197358560.00
2015/03/02,25.98,26.36,25.60,25.91,5020544,130700824.00
2015/03/03,25.97,25.97,25.00,25.21,4851510,123112408.00
2015/03/04,25.18,25.49,25.01,25.23,3938297,99387336.00
2015/03/05,25.26,25.99,25.20,25.93,5304950,135657120.00
2015/03/06,26.00,26.25,24.96,24.97,4396614,111246272.00
2015/03/09,24.65,25.12,24.60,24.90,3354371,83707032.00
2015/03/10,24.88,25.70,24.88,25.40,3357968,85214584.00
2015/03/11,25.03,25.40,24.35,24.97,3614651,90088152.00
2015/03/12,25.71,27.23,25.10,25.31,5054803,130783200.00
2015/03/13,25.42,25.78,24.77,25.46,3887180,98388704.00
2015/03/16,25.58,26.30,25.40,26.22,8093245,209280736.00
2015/03/17,26.12,28.84,26.12,28.70,15180868,424782016.00
2015/03/18,28.13,28.60,27.66,28.50,6877306,193860352.00
2015/03/19,28.48,28.48,27.53,28.14,6259146,175111968.00
2015/03/20,28.17,29.40,27.93,28.91,6455082,185016480.00
2015/03/23,29.30,30.96,28.61,30.73,7345219,217543232.00
2015/03/24,30.66,30.70,29.45,30.57,7211803,217171952.00
2015/03/25,30.65,32.77,30.02,32.40,8610896,270733440.00
2015/03/26,31.62,33.80,31.01,32.71,11010805,358252768.00
2015/03/27,32.42,33.70,31.90,32.20,4922605,161298240.00
2015/03/30,32.03,32.50,30.71,31.23,4696871,147447504.00
2015/03/31,31.07,31.98,30.68,31.43,4797833,150665360.00
2015/04/01,31.41,32.90,31.25,32.41,5269952,169448608.00
2015/04/02,32.40,32.83,32.10,32.74,4713133,152943296.00
2015/04/03,32.52,34.77,32.10,34.44,7464553,249171200.00
2015/04/07,34.90,34.94,33.70,34.07,7656769,261067024.00
2015/04/08,34.29,34.33,32.21,33.20,7036797,234273264.00
2015/04/09,33.48,33.48,30.63,32.00,6776904,214478768.00
2015/04/10,31.49,33.66,31.30,33.26,5431959,179233856.00
2015/04/13,33.90,34.59,33.51,34.30,6298109,214876576.00
2015/04/14,35.20,35.45,33.61,33.97,6420163,223424720.00
2015/04/15,33.44,33.49,30.57,30.78,9443899,298064448.00
2015/04/16,30.40,31.17,28.59,29.97,4800941,145496064.00
2015/04/17,29.98,30.88,29.59,29.95,5820048,175960096.00
2015/04/20,30.00,30.45,29.14,29.78,5660266,168950480.00
2015/04/21,29.90,31.29,29.20,31.29,5450806,166485312.00
2015/04/22,31.45,32.55,31.30,32.53,6187430,198583232.00
2015/04/23,32.25,33.30,31.80,31.88,6012203,196003296.00
2015/04/24,30.95,31.86,30.40,31.59,5241106,162807536.00
2015/04/27,31.70,32.59,31.26,31.57,4509394,143906928.00
2015/04/28,31.40,31.58,28.53,29.56,6711840,201180256.00
2015/04/29,29.55,30.38,29.19,29.58,5272619,156997872.00
2015/04/30,29.49,30.18,29.30,29.64,4710260,139980384.00
2015/05/04,29.39,30.19,29.11,29.99,3406236,101549440.00
2015/05/05,29.70,30.08,28.81,29.00,4146974,122022648.00
2015/05/06,29.27,30.25,29.27,29.33,4087184,121610192.00
2015/05/07,29.88,29.92,29.30,29.56,2605673,77225944.00
2015/05/08,29.88,29.92,29.30,29.56,0,0.00
2015/05/11,29.88,29.92,29.30,29.56,0,0.00
2015/05/12,29.88,29.92,29.30,29.56,0,0.00
2015/05/13,29.88,29.92,29.30,29.56,0,0.00
2015/05/14,29.88,29.92,29.30,29.56,0,0.00
2015/05/15,29.88,29.92,29.30,29.56,0,0.00
2015/05/18,29.88,29.92,29.30,29.56,0,0.00
2015/05/19,29.88,29.92,29.30,29.56,0,0.00
2015/05/20,32.52,32.52,32.52,32.52,256198,8331559.00
2015/05/21,35.77,35.77,35.77,35.77,364730,13046392.00
2015/05/22,39.35,39.35,39.35,39.35,284744,11204676.00
2015/05/25,41.00,43.29,37.90,42.70,17105135,700531008.00
2015/05/26,41.44,46.60,41.01,46.10,13193904,579919552.00
2015/05/27,23.50,25.18,22.00,24.40,27731870,644439296.00
2015/05/28,24.00,24.97,21.96,21.96,26662951,629816064.00
2015/05/29,22.02,22.90,20.58,21.75,16884623,370284064.00
2015/06/01,21.60,22.75,21.60,22.70,17766494,399155744.00
2015/06/02,22.71,24.90,22.45,24.60,19936074,473268256.00
2015/06/03,24.60,25.10,23.01,23.56,17572308,423755328.00
2015/06/04,23.50,24.49,21.20,23.09,14458864,334615808.00
2015/06/05,23.46,24.04,22.40,22.98,12434575,289617120.00
2015/06/08,23.00,23.25,21.32,21.56,13403996,293340960.00
2015/06/09,21.65,22.18,21.50,21.79,8025248,174685232.00
2015/06/10,21.81,23.17,21.40,22.51,11017516,246975552.00
2015/06/11,22.92,23.68,22.28,23.60,13928010,324007264.00
2015/06/12,23.61,25.96,23.61,25.96,21087291,531624576.00
2015/06/15,26.70,27.96,24.86,25.06,25239049,671622464.00
2015/06/16,24.80,24.80,23.21,23.49,13792439,328279136.00
2015/06/17,23.42,25.44,23.00,25.20,12111845,291430368.00
2015/06/18,25.55,25.58,23.60,23.85,9844352,244370432.00
2015/06/19,22.50,23.59,21.59,21.59,8451517,189584720.00
2015/06/23,21.50,22.89,21.07,22.65,9632950,212755920.00
2015/06/24,22.98,24.10,22.72,23.80,11689783,274879456.00
2015/06/25,23.85,23.86,22.00,22.28,7519382,172923792.00
2015/06/26,21.62,21.98,20.05,20.05,7190298,148733632.00
2015/06/29,20.90,20.92,18.05,18.05,10379720,194746160.00
2015/06/30,17.10,19.46,16.25,18.60,14801488,262831920.00
2015/07/01,18.40,19.35,16.80,16.90,14405375,268458080.00
2015/07/02,17.08,17.65,15.24,15.39,16940541,279417024.00
2015/07/03,15.05,16.42,14.03,15.42,15785106,238939440.00
2015/07/06,16.96,16.96,14.39,16.00,16791548,267096640.00
2015/07/07,15.28,15.94,14.45,15.45,17329083,259937376.00
2015/07/08,13.91,14.89,13.91,14.08,19528083,273183008.00
2015/07/09,13.91,14.89,13.91,14.08,0,0.00
2015/07/10,13.91,14.89,13.91,14.08,0,0.00
2015/07/13,15.49,15.49,15.49,15.49,185340,2870916.50
2015/07/14,17.04,17.04,17.04,17.04,223920,3815596.75
2015/07/15,18.74,18.74,17.00,17.01,20014291,358351840.00
2015/07/16,17.01,18.71,16.18,18.50,16140237,289261216.00
2015/07/17,18.99,20.35,18.51,20.26,12278983,242578880.00
2015/07/20,20.48,21.30,19.80,20.68,13966323,285983264.00
2015/07/21,20.07,21.21,20.00,20.54,9582737,198485968.00
2015/07/22,20.30,20.90,20.10,20.47,6692770,136944384.00
2015/07/23,20.21,21.20,20.21,21.10,8120636,170129952.00
2015/07/24,21.40,21.58,20.16,20.22,12556124,263704160.00
2015/07/27,21.40,21.58,20.16,20.22,0,0.00
2015/07/28,21.40,21.58,20.16,20.22,0,0.00
2015/07/29,21.40,21.58,20.16,20.22,0,0.00
2015/07/30,21.40,21.58,20.16,20.22,0,0.00
2015/07/31,21.40,21.58,20.16,20.22,0,0.00
2015/08/03,21.40,21.58,20.16,20.22,0,0.00
2015/08/04,21.40,21.58,20.16,20.22,0,0.00
2015/08/05,21.40,21.58,20.16,20.22,0,0.00
2015/08/06,21.40,21.58,20.16,20.22,0,0.00
2015/08/07,21.40,21.58,20.16,20.22,0,0.00
2015/08/10,21.40,21.58,20.16,20.22,0,0.00
2015/08/11,21.40,21.58,20.16,20.22,0,0.00
2015/08/12,21.40,21.58,20.16,20.22,0,0.00
2015/08/13,21.40,21.58,20.16,20.22,0,0.00
2015/08/14,21.40,21.58,20.16,20.22,0,0.00
2015/08/17,21.40,21.58,20.16,20.22,0,0.00
2015/08/18,21.40,21.58,20.16,20.22,0,0.00
2015/08/19,21.40,21.58,20.16,20.22,0,0.00
2015/08/20,21.40,21.58,20.16,20.22,0,0.00
2015/08/21,21.40,21.58,20.16,20.22,0,0.00
2015/08/24,21.40,21.58,20.16,20.22,0,0.00
2015/08/25,21.40,21.58,20.16,20.22,0,0.00
2015/08/26,21.40,21.58,20.16,20.22,0,0.00
2015/08/27,21.40,21.58,20.16,20.22,0,0.00
2015/08/28,21.40,21.58,20.16,20.22,0,0.00
2015/08/31,21.40,21.58,20.16,20.22,0,0.00
2015/09/01,21.40,21.58,20.16,20.22,0,0.00
2015/09/02,21.40,21.58,20.16,20.22,0,0.00
2015/09/07,21.40,21.58,20.16,20.22,0,0.00
2015/09/08,21.40,21.58,20.16,20.22,0,0.00
2015/09/09,21.40,21.58,20.16,20.22,0,0.00
2015/09/10,21.40,21.58,20.16,20.22,0,0.00
2015/09/11,21.40,21.58,20.16,20.22,0,0.00
2015/09/14,21.40,21.58,20.16,20.22,0,0.00
2015/09/15,21.40,21.58,20.16,20.22,0,0.00
2015/09/16,21.40,21.58,20.16,20.22,0,0.00
2015/09/17,21.40,21.58,20.16,20.22,0,0.00
2015/09/18,21.40,21.58,20.16,20.22,0,0.00
2015/09/21,21.40,21.58,20.16,20.22,0,0.00
2015/09/22,21.40,21.58,20.16,20.22,0,0.00
2015/09/23,21.40,21.58,20.16,20.22,0,0.00
2015/09/24,21.40,21.58,20.16,20.22,0,0.00
2015/09/25,21.40,21.58,20.16,20.22,0,0.00
2015/09/28,21.40,21.58,20.16,20.22,0,0.00
2015/09/29,21.40,21.58,20.16,20.22,0,0.00
2015/09/30,21.40,21.58,20.16,20.22,0,0.00
2015/10/08,21.40,21.58,20.16,20.22,0,0.00
2015/10/09,21.40,21.58,20.16,20.22,0,0.00
2015/10/12,21.40,21.58,20.16,20.22,0,0.00
2015/10/13,21.40,21.58,20.16,20.22,0,0.00
2015/10/14,21.40,21.58,20.16,20.22,0,0.00
2015/10/15,21.40,21.58,20.16,20.22,0,0.00
2015/10/16,21.40,21.58,20.16,20.22,0,0.00
2015/10/19,21.40,21.58,20.16,20.22,0,0.00
2015/10/20,21.40,21.58,20.16,20.22,0,0.00
2015/10/21,21.40,21.58,20.16,20.22,0,0.00
2015/10/22,21.40,21.58,20.16,20.22,0,0.00
2015/10/23,21.40,21.58,20.16,20.22,0,0.00
2015/10/26,22.24,22.24,21.40,22.24,12806801,284476384.00
2015/10/27,23.00,23.34,20.50,22.80,26893649,599509056.00
2015/10/28,22.68,22.70,21.17,21.68,12442598,273745536.00
2015/10/29,21.68,22.50,21.20,21.58,9928313,217589680.00
2015/10/30,21.33,22.25,20.90,21.67,7723547,167286736.00
2015/11/02,21.02,21.96,20.80,21.29,5955782,128477072.00
2015/11/03,21.30,21.55,20.75,20.79,3509481,73913584.00
2015/11/04,20.79,21.83,20.79,21.83,4745097,101506120.00
2015/11/05,21.98,21.98,20.83,20.99,9107123,193122448.00
2015/11/06,21.17,21.68,21.01,21.30,6710997,143540368.00
2015/11/09,21.30,21.80,21.04,21.60,9337258,199951104.00
2015/11/10,21.80,22.65,21.70,22.63,12387482,275115744.00
2015/11/11,22.40,22.46,21.82,22.25,9358565,206861920.00
2015/11/12,22.47,22.47,21.50,21.70,9492894,207717376.00
2015/11/13,21.24,21.58,20.50,20.83,7549558,158249200.00
2015/11/16,20.74,21.47,20.45,21.45,6798625,143006352.00
2015/11/17,21.71,22.00,20.55,20.63,10500363,223791392.00
2015/11/18,20.77,21.18,20.42,20.45,4756706,98457096.00
2015/11/19,20.50,21.50,20.50,21.47,7482907,158303856.00
2015/11/20,21.68,22.49,21.55,22.25,12241616,270195936.00
2015/11/23,22.35,24.48,22.35,23.76,22721228,541932352.00
2015/11/24,23.70,24.40,23.38,23.72,12377562,294099072.00
2015/11/25,23.75,24.49,23.71,24.01,9343483,224562816.00
2015/11/26,24.08,25.08,23.69,23.79,13308393,325425888.00
2015/11/27,23.55,23.94,21.73,21.83,12407411,281033632.00
2015/11/30,22.11,22.49,20.80,22.12,8681812,190704864.00
2015/12/01,22.29,22.30,21.25,21.40,5896985,127446912.00
2015/12/02,21.40,21.40,20.00,20.87,5868244,121351480.00
2015/12/03,20.88,21.21,20.80,21.21,4022637,84632536.00
2015/12/04,21.08,21.33,20.28,20.64,5105570,106397528.00
2015/12/07,21.20,21.50,21.01,21.30,5027855,106868296.00
2015/12/08,21.31,21.65,21.05,21.17,4964939,106321720.00
2015/12/09,20.88,21.27,20.45,20.66,4048083,84178272.00
2015/12/10,20.99,21.67,20.89,21.29,6588389,140734656.00
2015/12/11,21.22,22.78,21.16,22.30,9719118,214753344.00
2015/12/14,22.30,22.57,21.60,22.36,5726120,126528032.00
2015/12/15,22.27,23.25,22.21,22.98,7357428,168715280.00
2015/12/16,23.30,24.36,22.70,23.78,12284733,289527456.00
2015/12/17,24.15,24.60,23.56,24.22,11802333,284382080.00
2015/12/18,24.23,24.24,23.40,23.47,7483493,177200512.00
2015/12/21,23.20,23.59,22.75,23.28,6407303,148004976.00
2015/12/22,23.30,24.68,23.00,24.19,10837200,260515280.00
2015/12/23,24.24,24.28,23.48,23.61,4507387,107111728.00
2015/12/24,23.45,23.78,23.00,23.78,5735187,133478960.00
2015/12/25,24.06,24.86,23.98,24.18,8998079,219337920.00
2015/12/28,24.10,24.18,22.58,22.83,7378781,173022000.00
2015/12/29,23.10,23.25,22.40,23.12,5109514,116501840.00
2015/12/30,23.21,23.30,22.82,23.13,3375024,77970112.00
2015/12/31,23.31,25.23,23.12,25.00,18084876,441177120.00
2016/01/04,24.70,24.90,22.50,22.50,9783762,231148976.00
2016/01/05,20.45,22.88,20.41,21.67,9652955,210346624.00
2016/01/06,22.15,22.60,21.70,22.26,7432722,165067584.00
2016/01/07,21.80,21.85,20.03,20.06,1553114,32361252.00
2016/01/08,20.70,21.50,18.60,20.63,8825932,180912400.00
2016/01/11,20.10,20.11,18.57,18.57,10723969,204068256.00
2016/01/12,18.48,18.99,17.00,17.91,6260839,113774168.00
2016/01/13,18.01,18.55,16.20,16.41,6342588,111130976.00
2016/01/14,16.00,18.05,15.70,18.05,8404667,143552208.00
2016/01/15,17.90,18.36,16.80,17.29,6103565,108131176.00
2016/01/18,16.96,18.57,16.50,18.07,7497659,133713496.00
2016/01/19,18.12,19.77,18.00,19.47,9115631,172037904.00
2016/01/20,19.27,20.35,18.86,19.82,7741456,150758944.00
2016/01/21,19.20,20.28,18.69,18.71,6766019,131806992.00
2016/01/22,19.08,19.18,18.27,18.83,3405779,63869248.00
2016/01/25,19.08,19.92,18.90,19.37,4874452,94910136.00
2016/01/26,19.13,19.31,17.70,17.93,4871214,90203328.00
2016/01/27,17.93,18.20,16.26,17.47,7459558,129584600.00
2016/01/28,17.42,17.93,16.95,17.25,5024954,88173144.00
2016/01/29,17.08,18.57,17.00,18.21,5170634,92316232.00
2016/02/01,18.00,18.48,17.75,18.17,3500423,63707344.00
2016/02/02,18.20,19.46,17.88,19.26,5407993,102908440.00
2016/02/03,19.70,20.30,19.40,19.90,6541238,130110936.00
2016/02/04,19.88,21.08,19.88,20.70,6912386,141838848.00
2016/02/05,20.70,20.94,19.91,19.91,3130385,63627656.00
2016/02/15,19.05,20.29,19.01,19.86,4245889,83897408.00
2016/02/16,20.19,20.73,20.05,20.54,3829396,78590520.00
2016/02/17,20.70,21.34,20.41,21.30,5508869,115340856.00
2016/02/18,21.29,21.32,20.75,20.93,3827431,80495256.00
2016/02/19,20.65,21.20,20.60,20.70,3680302,76811760.00
2016/02/22,20.90,21.16,20.24,20.77,3749219,77374464.00
2016/02/23,20.70,21.29,20.40,20.84,4352630,91002800.00
2016/02/24,20.61,20.86,19.84,20.28,5754037,116431440.00
2016/02/25,20.01,20.25,18.25,18.25,5573999,105978968.00
2016/02/26,18.36,18.75,17.56,18.28,4217479,76698328.00
2016/02/29,18.29,18.57,16.61,17.19,5907894,101353384.00
2016/03/01,17.25,17.57,16.30,17.43,5580618,95254896.00
2016/03/02,17.49,18.45,17.15,18.29,5914416,105906912.00
2016/03/03,18.29,18.58,18.01,18.07,2872682,52583432.00
2016/03/04,18.20,18.20,17.01,17.41,3180126,55465496.00
2016/03/07,17.48,18.15,17.48,17.83,3625713,64563700.00
2016/03/08,17.75,17.79,16.79,17.65,5034173,87088328.00
2016/03/09,17.35,17.94,17.10,17.33,2525243,44212192.00
2016/03/10,17.31,17.58,17.12,17.28,1509136,26180498.00
2016/03/11,17.05,17.60,17.05,17.59,2377372,41310860.00
2016/03/14,17.76,18.71,17.76,18.40,4562076,84122088.00
2016/03/15,18.40,20.24,18.14,19.38,6633884,128270016.00
2016/03/16,19.53,19.80,18.75,19.21,5065441,97940912.00
2016/03/17,19.20,20.88,19.16,20.34,7287512,145328720.00
2016/03/18,21.15,22.30,21.13,21.87,14038516,305557024.00
2016/03/21,21.95,23.58,21.95,22.36,10056191,228315888.00
2016/03/22,22.25,23.35,21.90,22.58,7964047,180873152.00
2016/03/23,24.25,24.84,23.60,24.33,27683440,675507520.00
2016/03/24,23.80,24.78,23.19,23.21,22415983,535282368.00
2016/03/25,22.91,23.92,22.80,23.58,10372182,241022112.00
2016/03/28,23.75,24.36,22.88,23.02,10770622,254211200.00
2016/03/29,23.30,23.31,22.50,22.87,6788638,155666816.00
2016/03/30,23.00,23.86,22.90,23.74,9341532,219052144.00
2016/03/31,24.34,24.34,23.21,23.73,8927188,211685168.00
2016/04/01,23.88,23.88,22.81,22.88,5402840,124697056.00
2016/04/05,23.20,24.15,22.80,23.95,9386942,220574032.00
2016/04/06,23.75,25.19,23.72,24.88,12824706,316685664.00
2016/04/07,25.00,25.36,24.30,24.55,11880325,295704096.00
2016/04/08,24.15,24.27,23.18,23.91,9626399,229366528.00
2016/04/11,24.28,25.38,24.01,25.15,8951554,222685776.00
2016/04/12,24.83,25.80,24.50,24.76,8318481,209480336.00
2016/04/13,24.83,26.50,24.81,25.58,13868965,358357504.00
2016/04/14,25.90,25.99,24.10,24.60,14910237,369805728.00
2016/04/15,24.63,24.86,24.09,24.64,8420483,206618416.00
2016/04/18,24.40,24.80,23.90,24.56,5255326,128169096.00
2016/04/19,24.71,25.40,24.66,25.15,8610976,216075728.00
2016/04/20,25.08,25.88,22.79,23.70,11195845,272497152.00
2016/04/21,23.33,24.28,23.33,23.42,6924817,164357056.00
2016/04/22,23.41,23.98,23.14,23.96,4383282,103986576.00
2016/04/25,24.06,24.99,23.81,24.98,8987961,221185232.00
2016/04/26,24.72,25.48,24.27,24.80,6270941,154988832.00
2016/04/27,24.78,25.94,24.71,25.64,9587598,243599792.00
2016/04/28,25.50,25.62,24.51,25.50,6757127,169474672.00
2016/04/29,25.20,26.10,24.75,25.98,7795505,199078112.00
2016/05/03,25.75,28.42,25.59,27.99,15541529,425196032.00
2016/05/04,27.90,28.95,27.60,27.98,13062973,368110688.00
2016/05/05,27.66,28.20,27.66,27.98,7607975,212465328.00
2016/05/06,27.94,28.10,26.30,26.37,10962292,296021952.00
2016/05/09,26.01,27.48,25.32,27.10,11877060,312001312.00
2016/05/10,26.80,27.26,26.55,26.72,4684266,126001272.00
2016/05/11,26.72,28.29,26.72,26.87,11062470,307086688.00
2016/05/12,25.90,28.20,25.66,28.16,9111106,248517568.00
2016/05/13,27.96,29.10,27.40,28.20,8351775,236417728.00
2016/05/16,28.12,29.14,27.90,29.14,9955009,284487488.00
2016/05/17,28.88,29.48,28.02,28.10,7678509,220239232.00
2016/05/18,27.71,28.67,27.20,27.92,8441657,236270576.00
2016/05/19,27.88,28.25,27.16,27.32,6382349,177250608.00
2016/05/20,27.00,28.00,26.50,27.74,5785954,158233344.00
2016/05/23,27.80,28.48,27.65,27.91,4418902,124085208.00
2016/05/24,27.63,28.04,27.28,27.50,3504682,96582080.00
2016/05/25,27.71,28.17,27.40,28.01,3571550,99426216.00
2016/05/26,28.19,28.29,26.92,27.90,5033335,139045808.00
2016/05/27,27.91,29.43,27.62,28.99,10993210,316379136.00
2016/05/30,28.68,28.89,28.01,28.27,5694679,162216192.00
2016/05/31,28.31,30.19,28.20,29.82,8811328,260096368.00
2016/06/01,29.68,30.26,29.32,29.94,7062696,210514864.00
2016/06/02,30.13,32.93,29.86,32.93,14868324,472226944.00
2016/06/03,32.59,33.00,31.98,32.20,8702052,282449408.00
2016/06/06,32.37,33.60,32.10,32.55,6044118,198054320.00
2016/06/07,32.90,33.28,32.20,32.76,4666087,152191232.00
2016/06/08,32.80,33.26,31.90,32.03,5772046,186425840.00
2016/06/13,31.25,32.36,30.20,30.20,7079084,223442240.00
2016/06/14,30.30,32.80,30.25,32.70,8450842,266589472.00
2016/06/15,32.70,32.70,32.70,32.70,0,0.00
