Date, 300230.Open, 300230.High, 300230.Low, 300230.Close, 300230.Volume, 300230.Adjusted
2011/06/15,14.88,15.49,14.26,14.30,15852271,235897232.00
2011/06/16,14.55,14.96,14.31,14.58,7202650,105323288.00
2011/06/17,14.51,14.59,13.75,14.01,5165133,72714176.00
2011/06/20,14.02,14.60,13.98,14.39,4083450,58468916.00
2011/06/21,14.61,15.47,14.51,14.70,5297801,78846104.00
2011/06/22,14.53,14.88,14.31,14.56,3143327,45641420.00
2011/06/23,14.40,15.48,14.01,15.15,5972229,88998008.00
2011/06/24,14.98,15.96,14.85,15.45,5697369,87885544.00
2011/06/27,15.81,16.68,15.69,15.75,4490383,71983312.00
2011/06/28,15.59,16.30,15.59,16.18,3014983,48192316.00
2011/06/29,16.03,16.18,15.70,15.70,1715006,27268312.00
2011/06/30,15.66,16.13,15.61,15.76,1646439,26016242.00
2011/07/01,15.72,16.39,15.72,15.96,1826213,29399662.00
2011/07/04,16.00,16.39,15.83,16.36,1862015,29951720.00
2011/07/05,16.35,16.36,15.90,16.08,1582942,25454690.00
2011/07/06,16.08,17.00,15.93,16.38,2410443,39530632.00
2011/07/07,16.47,17.38,16.42,16.83,2245883,37815328.00
2011/07/08,16.79,17.20,16.60,16.84,1644273,27656914.00
2011/07/11,16.86,17.17,16.75,16.93,1025295,17379928.00
2011/07/12,16.92,17.19,16.18,16.20,1530625,25236348.00
2011/07/13,16.26,16.77,16.09,16.70,1596770,26297178.00
2011/07/14,16.70,16.83,16.30,16.75,2221193,36749564.00
2011/07/15,16.67,17.18,16.62,16.74,1828265,30862502.00
2011/07/18,16.80,17.36,16.68,16.96,1888809,32219910.00
2011/07/19,16.88,16.96,16.47,16.70,1046662,17422866.00
2011/07/20,16.80,16.94,16.26,16.44,1178307,19530228.00
2011/07/21,16.35,16.46,16.01,16.20,859205,13965442.00
2011/07/22,16.25,16.68,16.18,16.48,1533835,25206820.00
2011/07/25,16.30,16.49,16.08,16.11,998467,16228963.00
2011/07/26,16.11,16.54,16.08,16.54,596078,9737249.00
2011/07/27,16.50,17.35,16.30,17.11,1224973,20852726.00
2011/07/28,17.11,17.70,16.91,17.26,1132138,19523430.00
2011/07/29,17.10,17.58,17.02,17.34,1141746,19718440.00
2011/08/01,17.25,18.16,16.86,18.00,1455036,25894206.00
2011/08/02,17.85,18.18,17.42,18.10,883180,15640857.00
2011/08/03,17.80,18.20,17.58,17.70,890310,15949391.00
2011/08/04,17.80,18.20,17.58,17.70,0,0.00
2011/08/05,16.80,18.70,16.52,18.39,2018029,36126116.00
2011/08/08,17.99,18.25,17.41,17.99,1212040,21533840.00
2011/08/09,17.48,17.87,17.05,17.41,657527,11441400.00
2011/08/10,17.62,18.74,17.62,17.73,938307,16999236.00
2011/08/11,17.45,18.56,17.25,18.08,949870,17165368.00
2011/08/12,18.45,18.45,18.01,18.25,594549,10813175.00
2011/08/15,18.12,19.10,18.10,18.80,792415,14724965.00
2011/08/16,18.83,19.01,18.41,18.80,728731,13611146.00
2011/08/17,18.78,19.13,18.65,18.88,679495,12825060.00
2011/08/18,18.87,18.87,18.04,18.27,1025789,18826804.00
2011/08/19,17.70,18.48,17.66,18.41,696811,12679351.00
2011/08/22,18.49,18.80,18.33,18.59,1056625,19657892.00
2011/08/23,18.67,19.45,18.48,19.28,1492236,28591638.00
2011/08/24,19.34,20.03,19.25,19.26,1748204,34380664.00
2011/08/25,19.15,19.50,18.64,19.20,1180245,22416784.00
2011/08/26,19.10,20.15,19.09,19.94,1485083,29469172.00
2011/08/29,20.18,20.39,19.73,20.10,1140477,22892514.00
2011/08/30,20.32,20.36,19.31,19.31,1458694,28866500.00
2011/08/31,19.30,19.50,18.72,19.00,1292690,24525918.00
2011/09/01,19.18,19.45,18.86,19.25,524975,10037070.00
2011/09/02,19.12,19.34,18.81,19.05,405100,7704310.00
2011/09/05,18.98,18.98,18.53,18.88,485535,9089135.00
2011/09/06,18.70,18.88,18.00,18.50,586096,10758685.00
2011/09/07,18.69,18.95,18.28,18.95,451339,8432799.00
2011/09/08,18.95,19.02,18.37,18.41,248174,4628426.50
2011/09/09,18.25,18.41,17.72,17.90,600274,10796802.00
2011/09/13,17.35,17.70,17.35,17.52,380744,6694084.50
2011/09/14,17.99,18.47,17.40,17.90,208496,3719957.00
2011/09/15,17.80,18.17,17.66,17.80,443392,7901203.00
2011/09/16,17.90,17.90,17.11,17.83,396976,6974945.00
2011/09/19,17.34,17.53,16.98,17.10,365302,6251058.00
2011/09/20,17.00,17.18,16.79,16.89,524329,8908250.00
2011/09/21,16.89,17.50,16.60,17.40,1497248,25753902.00
2011/09/22,17.30,17.40,16.01,16.25,961304,16216380.00
2011/09/23,15.92,17.00,15.66,17.00,1006071,16278233.00
2011/09/26,16.64,16.82,16.32,16.40,895940,14850044.00
2011/09/27,16.45,16.63,16.35,16.50,379786,6250866.50
2011/09/28,16.35,16.75,16.10,16.33,571201,9406102.00
2011/09/29,16.11,16.50,15.91,16.29,427228,6886798.00
2011/09/30,16.22,16.39,15.95,16.28,258991,4179457.25
2011/10/10,16.30,16.60,16.00,16.14,227809,3695678.25
2011/10/11,16.65,16.93,15.68,15.87,478730,7710405.00
2011/10/12,15.85,16.60,15.65,16.40,490056,8005774.50
2011/10/13,16.29,16.90,16.29,16.89,540253,9005355.00
2011/10/14,16.86,17.07,16.51,16.85,363853,6108655.00
2011/10/17,16.73,17.22,16.73,17.20,402710,6856286.50
2011/10/18,17.01,17.05,16.40,16.40,566760,9504540.00
2011/10/19,16.80,16.81,16.51,16.66,176752,2951811.75
2011/10/20,16.63,16.63,16.13,16.17,278395,4524089.50
2011/10/21,16.58,16.58,15.85,16.30,160752,2612416.75
2011/10/24,16.16,16.55,15.90,16.55,213300,3467166.00
2011/10/25,16.53,17.18,16.33,16.94,352136,5922275.00
2011/10/26,17.00,17.54,16.76,17.34,672482,11605166.00
2011/10/27,17.34,17.85,16.70,17.68,522529,9202746.00
2011/10/28,17.87,18.20,17.55,17.97,397636,7061070.50
2011/10/31,17.83,18.53,17.80,18.40,658791,11960935.00
2011/11/01,18.11,18.47,18.07,18.32,310976,5673461.50
2011/11/02,18.12,18.90,17.86,18.56,676920,12432137.00
2011/11/03,19.06,19.06,17.93,17.98,706442,13044825.00
2011/11/04,18.08,18.28,17.82,18.04,349991,6300053.00
2011/11/07,17.82,18.14,17.50,18.03,829728,14888602.00
2011/11/08,18.03,18.17,17.51,17.61,412428,7342583.50
2011/11/09,17.70,17.87,17.20,17.80,974378,17053264.00
2011/11/10,17.59,18.35,17.56,18.13,1068079,19172046.00
2011/11/11,17.97,18.40,17.83,17.96,764534,13824178.00
2011/11/14,18.12,18.65,17.97,18.63,674790,12401355.00
2011/11/15,18.70,18.70,18.16,18.50,871252,15913970.00
2011/11/16,18.50,18.60,17.71,17.75,810771,14546299.00
2011/11/17,17.87,18.17,17.60,17.99,627938,11226123.00
2011/11/18,17.80,17.87,17.40,17.58,430885,7560267.00
2011/11/21,17.40,17.50,17.06,17.20,363520,6251204.50
2011/11/22,17.16,17.36,16.98,17.17,295432,5064372.50
2011/11/23,17.10,17.50,17.10,17.30,284035,4922281.00
2011/11/24,17.12,17.54,17.12,17.38,200277,3480995.50
2011/11/25,17.48,17.59,17.30,17.50,284852,4959223.50
2011/11/28,17.29,17.75,17.13,17.30,164450,2854965.50
2011/11/29,17.31,17.45,17.23,17.43,302542,5239476.50
2011/11/30,17.32,17.44,16.59,16.65,491300,8302316.50
2011/12/01,16.99,17.20,16.82,17.00,728420,12391194.00
2011/12/02,16.83,16.85,16.10,16.29,488326,7985529.50
2011/12/05,16.18,16.18,15.65,15.65,256961,4090777.50
2011/12/06,15.80,15.85,15.45,15.76,230592,3610211.25
2011/12/07,15.86,15.90,15.65,15.82,74600,1178970.88
2011/12/08,15.92,16.24,15.50,16.07,250512,3988875.25
2011/12/09,15.99,16.20,15.60,15.60,120400,1904420.00
2011/12/12,15.61,15.82,15.42,15.55,155289,2414112.25
2011/12/13,15.42,15.54,15.12,15.32,174957,2663524.00
2011/12/14,15.39,15.43,15.21,15.30,141267,2161652.50
2011/12/15,15.23,15.75,15.21,15.48,415320,6441874.00
2011/12/16,15.65,15.86,15.48,15.75,418300,6542454.00
2011/12/19,15.70,15.89,15.30,15.89,314201,4903438.50
2011/12/20,15.78,15.96,15.68,15.77,478177,7561816.50
2011/12/21,15.77,15.87,15.28,15.50,201318,3149358.00
2011/12/22,15.50,15.76,14.91,15.52,321301,4904197.00
2011/12/23,15.47,15.96,15.45,15.85,416144,6530477.50
2011/12/26,15.62,15.87,15.47,15.49,154310,2417435.00
2011/12/27,15.64,15.64,14.88,15.17,215424,3260851.50
2011/12/28,15.00,15.00,14.63,14.96,157352,2320836.75
2011/12/29,14.99,14.99,14.76,14.96,69500,1038011.13
2011/12/30,14.98,15.40,14.97,15.23,129002,1958023.25
2012/01/04,15.46,15.48,14.82,14.88,96147,1456783.88
2012/01/05,14.85,14.85,14.10,14.10,197199,2841678.00
2012/01/06,14.30,14.30,13.72,14.28,247763,3466652.00
2012/01/09,14.04,14.75,14.04,14.75,197014,2865681.50
2012/01/10,14.04,14.75,14.04,14.75,0,0.00
2012/01/11,15.20,15.42,14.76,14.85,667740,10035015.00
2012/01/12,14.63,14.88,14.40,14.74,238690,3501756.50
2012/01/13,14.77,14.77,14.12,14.59,743108,10748670.00
2012/01/16,14.65,14.65,13.13,13.13,545332,7334449.50
2012/01/17,13.09,13.75,12.53,13.62,362386,4834953.50
2012/01/18,13.51,13.60,12.26,12.32,1076626,13766774.00
2012/01/19,12.48,12.75,12.28,12.60,284224,3570910.25
2012/01/20,13.05,13.68,12.85,13.45,656345,8665674.00
2012/01/30,13.40,13.56,13.18,13.51,493677,6644377.00
2012/01/31,13.53,13.58,13.22,13.49,177089,2376734.75
2012/02/01,13.63,14.00,13.45,13.78,419729,5768694.50
2012/02/02,13.95,14.14,13.68,14.11,359880,5019806.00
2012/02/03,14.11,14.35,14.07,14.33,507312,7219939.50
2012/02/06,14.29,14.48,14.15,14.33,393883,5624105.50
2012/02/07,14.33,14.33,13.86,14.17,282877,3991313.75
2012/02/08,14.14,14.42,13.95,14.39,313244,4448580.00
2012/02/09,14.40,14.76,14.25,14.60,437274,6377840.50
2012/02/10,14.67,14.68,14.27,14.67,372501,5384596.50
2012/02/13,14.63,14.98,14.48,14.85,393224,5826742.50
2012/02/14,14.88,14.95,14.66,14.84,322116,4774149.00
2012/02/15,14.82,14.97,14.61,14.92,426481,6342613.50
2012/02/16,15.08,15.08,14.69,14.90,369798,5510768.50
2012/02/17,15.03,15.06,14.88,14.92,503709,7549361.50
2012/02/20,15.29,15.29,14.85,14.88,342486,5139843.50
2012/02/21,15.00,15.12,14.80,15.10,612651,9187461.00
2012/02/22,15.20,15.72,15.08,15.58,788393,12156107.00
2012/02/23,15.67,15.78,15.41,15.74,423868,6628713.50
2012/02/24,15.81,16.05,15.56,16.00,610314,9690851.00
2012/02/27,17.56,17.60,16.76,17.60,3138871,54162004.00
2012/02/28,17.45,17.59,16.85,17.01,1691915,29058794.00
2012/02/29,16.91,16.97,15.99,16.60,1117345,18474894.00
2012/03/01,16.44,16.99,16.38,16.87,856125,14338329.00
2012/03/02,16.98,17.19,16.80,17.12,740154,12614131.00
2012/03/05,17.15,17.40,16.90,17.25,871508,14888989.00
2012/03/06,17.30,17.30,16.81,17.00,539900,9150783.00
2012/03/07,16.86,17.20,16.77,16.94,384019,6505664.00
2012/03/08,16.97,17.20,16.84,17.06,415141,7065791.50
2012/03/09,17.11,17.21,16.98,17.19,470590,8051832.00
2012/03/12,17.18,17.65,17.11,17.55,667169,11607030.00
2012/03/13,17.72,18.09,17.59,17.73,814624,14523153.00
2012/03/14,17.87,18.10,16.70,16.94,1037655,18218276.00
2012/03/15,16.82,16.98,16.54,16.76,462629,7765638.50
2012/03/16,16.88,17.08,16.75,17.01,814843,13769187.00
2012/03/19,16.98,17.50,16.86,17.35,646961,11106703.00
2012/03/20,17.35,17.35,16.75,16.84,404980,6853725.00
2012/03/21,16.81,16.89,16.33,16.72,351087,5836264.50
2012/03/22,16.78,16.96,16.62,16.90,199540,3357251.25
2012/03/23,16.67,16.87,16.41,16.70,217702,3617601.75
2012/03/26,16.70,16.70,16.31,16.44,119600,1973156.38
2012/03/27,16.57,16.88,16.39,16.46,224600,3712882.50
2012/03/28,16.65,16.65,15.59,15.60,695170,10983835.00
2012/03/29,15.39,15.69,15.35,15.38,422102,6527418.50
2012/03/30,15.28,15.43,14.58,15.00,1118820,16633135.00
2012/04/05,14.95,15.50,14.74,15.35,509044,7744497.50
2012/04/06,15.45,15.71,15.28,15.40,569350,8786161.00
2012/04/09,15.36,15.70,15.18,15.48,369000,5721588.50
2012/04/10,15.49,15.99,15.00,15.65,482071,7463201.00
2012/04/11,15.52,15.68,15.30,15.50,130000,2014140.00
2012/04/12,15.56,15.84,15.50,15.77,422288,6613518.50
2012/04/13,15.85,15.97,15.64,15.79,372238,5860650.00
2012/04/16,15.70,15.71,15.41,15.55,175174,2725074.50
2012/04/17,15.55,15.60,15.27,15.29,196370,3025775.50
2012/04/18,15.31,15.75,15.30,15.75,498139,7745943.00
2012/04/19,16.08,16.08,15.52,15.77,315578,4968940.50
2012/04/20,15.53,15.82,15.53,15.82,246414,3868503.50
2012/04/23,15.83,15.83,14.72,14.97,447140,6785484.00
2012/04/24,14.79,15.07,14.01,14.97,416568,6064719.00
2012/04/25,14.80,15.10,14.80,14.90,166615,2475599.75
2012/04/26,14.98,15.04,14.53,14.88,381740,5606570.00
2012/04/27,14.56,15.18,14.38,15.18,405892,6020548.50
2012/05/02,15.20,15.28,14.93,15.25,302291,4572853.50
2012/05/03,15.26,15.26,14.96,15.13,134587,2025655.50
2012/05/04,15.02,15.50,14.97,15.50,595950,9037253.00
2012/05/07,15.37,15.70,15.35,15.66,296919,4607064.00
2012/05/08,15.60,15.74,15.48,15.69,221600,3459684.00
2012/05/09,15.54,15.58,15.32,15.49,250218,3856804.50
2012/05/10,15.51,15.58,15.42,15.48,240912,3733924.25
2012/05/11,15.48,15.60,15.29,15.60,171100,2640672.00
2012/05/14,15.50,15.59,15.17,15.30,197555,3025803.50
2012/05/15,15.20,15.29,14.79,14.95,185578,2776149.50
2012/05/16,14.98,15.02,14.50,14.85,206430,3038459.50
2012/05/17,14.67,15.01,14.67,14.90,357174,5296859.00
2012/05/18,14.80,14.86,14.40,14.86,398299,5810790.50
2012/05/21,14.71,14.79,14.48,14.68,78855,1152177.50
2012/05/22,14.70,14.82,14.64,14.70,229851,3382882.25
2012/05/23,14.76,14.76,14.43,14.61,139999,2038689.50
2012/05/24,14.67,14.67,14.47,14.56,185148,2693601.00
2012/05/25,14.56,14.66,14.13,14.59,202592,2923490.00
2012/05/28,14.57,14.57,14.24,14.52,128882,1855898.63
2012/05/29,14.32,15.10,14.32,14.70,618104,9092810.00
2012/05/30,14.75,14.75,14.56,14.70,151500,2218407.00
2012/05/31,14.65,14.95,14.56,14.90,405394,5987475.00
2012/06/01,14.89,15.08,14.76,14.98,304213,4530147.00
2012/06/04,14.87,14.87,14.46,14.70,184400,2702322.00
2012/06/05,14.70,14.70,14.41,14.59,247021,3585793.50
2012/06/06,14.45,14.62,14.35,14.49,318811,4603577.50
2012/06/07,14.47,14.70,14.03,14.40,193100,2785378.75
2012/06/08,14.45,14.71,13.96,14.20,571000,8120377.00
2012/06/11,14.02,14.45,14.00,14.29,314960,4478730.50
2012/06/12,14.27,14.30,14.10,14.19,193201,2738070.50
2012/06/13,14.25,14.47,14.08,14.25,389552,5541043.50
2012/06/14,14.28,14.28,14.11,14.11,454650,6447007.50
2012/06/15,14.12,14.77,14.12,14.49,883332,12728796.00
2012/06/18,14.52,14.68,14.38,14.65,666689,9699836.00
2012/06/19,14.61,14.80,14.57,14.64,563562,8269712.00
2012/06/20,14.52,14.99,14.52,14.76,1000684,14817640.00
2012/06/21,8.11,8.17,7.96,8.02,1541960,12425522.00
2012/06/25,7.96,7.96,7.49,7.49,1398502,10708282.00
2012/06/26,7.43,7.47,7.26,7.30,918749,6733389.00
2012/06/27,7.35,7.58,7.29,7.37,1209076,8910893.00
2012/06/28,7.34,7.42,7.08,7.14,913621,6639359.00
2012/06/29,7.14,7.25,7.07,7.20,333261,2393436.50
2012/07/02,7.27,7.28,7.18,7.24,468381,3391157.75
2012/07/03,7.26,7.34,7.18,7.31,869164,6320838.50
2012/07/04,7.32,7.39,7.26,7.27,753957,5530366.00
2012/07/05,7.24,7.24,6.88,6.90,1141318,8005930.50
2012/07/06,6.92,7.08,6.80,7.06,642556,4435975.50
2012/07/09,7.00,7.01,6.85,6.93,381271,2641430.00
2012/07/10,6.93,6.94,6.72,6.77,474109,3220683.50
2012/07/11,6.78,6.80,6.70,6.78,523460,3535040.75
2012/07/12,6.77,6.83,6.65,6.77,2645032,17872312.00
2012/07/13,6.77,6.79,6.49,6.61,2020403,13334570.00
2012/07/16,6.62,6.62,6.33,6.43,958808,6188969.00
2012/07/17,6.42,6.53,6.35,6.47,429054,2766348.00
2012/07/18,6.47,6.47,6.26,6.40,482874,3067752.25
2012/07/19,6.40,6.58,6.37,6.47,679780,4412764.50
2012/07/20,6.38,6.49,6.38,6.45,634086,4077560.50
2012/07/23,6.41,6.46,6.35,6.41,241381,1546256.13
2012/07/24,6.41,6.57,6.38,6.50,543681,3538842.75
2012/07/25,6.50,6.59,6.45,6.51,485290,3166093.25
2012/07/26,6.20,6.60,6.20,6.45,639160,4156046.50
2012/07/27,6.45,6.50,6.40,6.45,176420,1136634.25
2012/07/30,6.50,6.51,6.32,6.33,343748,2200723.00
2012/07/31,6.32,6.45,6.23,6.27,303002,1916079.88
2012/08/01,6.27,6.38,6.27,6.34,423155,2677288.50
2012/08/02,6.31,6.35,6.17,6.20,213053,1335093.00
2012/08/03,6.21,6.38,6.20,6.35,189978,1195501.25
2012/08/06,6.34,6.50,6.32,6.48,512260,3288255.75
2012/08/07,6.48,6.57,6.41,6.57,512464,3333800.00
2012/08/08,6.59,6.62,6.45,6.54,435680,2848708.00
2012/08/09,6.49,6.65,6.48,6.64,532642,3503587.25
2012/08/10,6.63,6.77,6.50,6.64,711100,4727126.50
2012/08/13,6.71,6.71,6.42,6.44,561563,3698981.00
2012/08/14,6.43,6.51,6.32,6.51,502129,3225479.50
2012/08/15,6.50,6.53,6.32,6.47,417954,2691113.75
2012/08/16,6.48,7.00,6.47,6.66,2935555,19888384.00
2012/08/17,6.59,6.68,6.44,6.53,1402082,9139916.00
2012/08/20,6.46,6.58,6.42,6.53,820326,5320848.00
2012/08/21,6.53,6.74,6.48,6.69,1216918,8090569.50
2012/08/22,6.69,6.78,6.64,6.71,1020461,6830826.00
2012/08/23,6.74,7.38,6.73,7.25,5662391,40186860.00
2012/08/24,7.20,7.24,6.86,6.90,3368443,23653994.00
2012/08/27,6.87,6.90,6.58,6.71,1308466,8746949.00
2012/08/28,6.66,6.95,6.63,6.88,1533924,10447411.00
2012/08/29,6.85,7.05,6.71,6.90,1721200,11930483.00
2012/08/30,6.88,6.94,6.45,6.66,1205850,8069809.50
2012/08/31,6.65,6.70,6.51,6.64,644749,4276346.00
2012/09/03,6.60,6.76,6.58,6.76,1067906,7164405.50
2012/09/04,6.68,6.86,6.67,6.70,857118,5797648.00
2012/09/05,6.64,7.01,6.60,6.93,1837092,12599873.00
2012/09/06,6.86,7.09,6.86,7.09,2240820,15631799.00
2012/09/07,7.33,7.33,7.07,7.23,3357685,24156788.00
2012/09/10,7.16,7.24,7.12,7.20,2163040,15523856.00
2012/09/11,7.19,7.19,7.09,7.16,1080381,7705356.50
2012/09/12,7.14,7.25,7.05,7.20,1436510,10305288.00
2012/09/13,7.16,7.20,7.04,7.04,1092748,7780404.00
2012/09/14,7.08,7.11,6.96,6.98,886533,6222456.00
2012/09/17,6.99,7.00,6.60,6.60,1255696,8529175.00
2012/09/18,6.59,6.70,6.52,6.62,818685,5438591.50
2012/09/19,6.50,6.73,6.50,6.68,675683,4485924.50
2012/09/20,6.69,6.69,6.50,6.54,847606,5557348.00
2012/09/21,6.52,6.55,6.44,6.44,581340,3768555.00
2012/09/24,6.00,6.45,6.00,6.40,498072,3146216.25
2012/09/25,6.39,6.44,6.35,6.37,377095,2410702.25
2012/09/26,6.47,6.47,6.26,6.34,381077,2416054.00
2012/09/27,6.39,6.52,6.30,6.42,1089203,6986291.50
2012/09/28,6.28,6.63,6.28,6.56,1294307,8456503.00
2012/10/08,6.61,6.63,6.51,6.55,357700,2344734.00
2012/10/09,6.58,6.76,6.58,6.76,1001233,6695365.00
2012/10/10,6.70,6.80,6.68,6.77,733182,4943403.00
2012/10/11,6.77,7.00,6.65,6.65,1163627,7931786.00
2012/10/12,6.65,6.77,6.56,6.65,436754,2895200.00
2012/10/15,6.67,6.69,6.31,6.45,656486,4244333.00
2012/10/16,6.49,6.55,6.42,6.50,864661,5620862.00
2012/10/17,6.55,6.78,6.51,6.59,1049840,6999853.00
2012/10/18,6.62,6.74,6.57,6.69,875795,5825191.50
2012/10/19,6.69,6.72,6.62,6.64,432150,2878752.00
2012/10/22,6.63,6.73,6.56,6.71,790069,5246268.50
2012/10/23,6.70,6.79,6.64,6.66,959267,6431357.00
2012/10/24,6.65,6.71,6.61,6.67,514330,3424277.25
2012/10/25,6.63,6.72,6.56,6.60,599381,3990316.25
2012/10/26,6.60,6.60,6.30,6.32,825107,5273512.50
2012/10/29,6.30,6.39,6.30,6.34,254265,1614202.50
2012/10/30,6.48,6.48,6.32,6.37,371488,2374572.50
2012/10/31,6.38,6.42,6.33,6.41,354460,2260007.25
2012/11/01,6.42,6.53,6.40,6.48,1084866,7021785.50
2012/11/02,6.48,6.52,6.44,6.51,498929,3234606.75
2012/11/05,6.51,6.55,6.45,6.48,409436,2656615.25
2012/11/06,6.47,6.49,6.33,6.42,651980,4177893.75
2012/11/07,6.39,6.45,6.36,6.39,206126,1321823.38
2012/11/08,6.36,6.38,6.27,6.28,555987,3513534.50
2012/11/09,6.27,6.32,6.23,6.25,259587,1625851.63
2012/11/12,6.25,6.33,6.25,6.31,310373,1956765.13
2012/11/13,6.31,6.32,6.15,6.17,691111,4292646.00
2012/11/14,6.21,6.22,6.10,6.18,417001,2564114.00
2012/11/15,6.01,6.18,6.00,6.00,438560,2664351.50
2012/11/16,6.15,6.15,5.99,6.04,542573,3269638.25
2012/11/19,5.87,6.02,5.82,5.96,1204044,7099692.00
2012/11/20,6.02,6.03,5.94,5.96,421419,2524699.00
2012/11/21,5.98,6.07,5.91,6.04,488391,2927270.75
2012/11/22,6.03,6.05,5.93,5.98,316025,1897055.25
2012/11/23,6.00,6.04,5.96,5.98,327957,1970013.88
2012/11/26,6.03,6.03,5.87,5.89,301954,1794750.75
2012/11/27,5.90,5.90,5.65,5.65,618400,3562705.00
2012/11/28,5.58,5.64,5.45,5.51,537345,2978793.75
2012/11/29,5.52,5.57,5.46,5.47,267645,1478714.63
2012/11/30,5.57,5.64,5.50,5.55,387490,2161509.00
2012/12/03,5.56,5.60,5.36,5.36,434480,2381553.75
2012/12/04,5.45,5.52,5.33,5.50,764599,4151707.00
2012/12/05,5.46,5.77,5.43,5.71,895915,5061912.50
2012/12/06,5.70,5.78,5.60,5.65,712847,4035517.00
2012/12/07,5.65,5.81,5.62,5.78,1019789,5848645.50
2012/12/10,5.78,5.91,5.76,5.90,782659,4584078.50
2012/12/11,5.85,5.90,5.82,5.84,509510,2986550.50
2012/12/12,5.82,5.92,5.74,5.84,652410,3798383.75
2012/12/13,5.83,5.86,5.71,5.75,467775,2697051.00
2012/12/14,5.77,6.03,5.73,6.00,1427404,8447678.00
2012/12/17,5.98,6.10,5.95,6.01,806776,4853297.00
2012/12/18,5.98,6.09,5.96,5.98,590839,3553818.00
2012/12/19,5.97,6.04,5.96,6.02,567694,3407922.75
2012/12/20,6.00,6.07,5.96,6.05,633396,3812170.50
2012/12/21,6.04,6.15,6.02,6.11,922067,5617729.00
2012/12/24,6.05,6.26,6.05,6.20,1075316,6660651.50
2012/12/25,6.27,6.43,6.19,6.33,1517461,9548858.00
2012/12/26,6.32,6.54,6.31,6.50,1639730,10523508.00
2012/12/27,6.53,6.57,6.31,6.34,1458572,9410059.00
2012/12/28,6.39,6.48,6.27,6.39,738424,4694692.50
2012/12/31,6.41,6.45,6.34,6.38,709560,4531476.00
2013/01/04,6.44,6.48,6.33,6.40,789373,5057036.00
2013/01/07,6.44,6.52,6.37,6.50,920170,5920773.00
2013/01/08,6.50,6.69,6.40,6.58,1371969,8990899.00
2013/01/09,6.53,6.58,6.45,6.47,1141139,7432945.50
2013/01/10,6.47,6.52,6.44,6.50,1044146,6772688.50
2013/01/11,6.54,6.56,6.34,6.38,1136560,7369294.50
2013/01/14,6.38,6.66,6.33,6.62,1318506,8622009.00
2013/01/15,6.63,6.82,6.61,6.72,1848895,12435655.00
2013/01/16,6.70,6.77,6.55,6.65,1316277,8763753.00
2013/01/17,6.66,6.69,6.54,6.60,989750,6538241.00
2013/01/18,6.60,6.69,6.54,6.66,875940,5816272.50
2013/01/21,6.65,6.73,6.65,6.71,1028429,6883158.50
2013/01/22,6.71,6.79,6.57,6.58,1067955,7145977.00
2013/01/23,6.52,6.63,6.42,6.55,809082,5280800.00
2013/01/24,6.55,6.62,6.35,6.37,963206,6287416.50
2013/01/25,6.37,6.60,6.37,6.37,604917,3904772.75
2013/01/28,6.39,6.56,6.37,6.52,477944,3092545.50
2013/01/29,6.53,6.85,6.52,6.71,1878463,12642015.00
2013/01/30,6.72,6.75,6.60,6.72,1089610,7286602.50
2013/01/31,6.75,6.77,6.67,6.73,857331,5752467.00
2013/02/01,6.78,6.78,6.65,6.73,857357,5758030.50
2013/02/04,6.70,6.90,6.70,6.84,1249544,8496166.00
2013/02/05,6.80,6.84,6.73,6.83,758120,5147971.00
2013/02/06,6.85,6.85,6.76,6.81,648434,4408702.50
2013/02/07,6.81,6.83,6.75,6.78,539353,3653941.25
2013/02/08,6.79,6.90,6.78,6.85,829756,5687310.00
2013/02/18,6.85,6.94,6.83,6.92,939342,6472487.00
2013/02/19,6.95,6.95,6.75,6.77,724055,4926000.00
2013/02/20,6.77,6.89,6.75,6.88,862534,5898888.50
2013/02/21,6.87,7.10,6.82,6.91,2271811,15781337.00
2013/02/22,6.92,7.07,6.87,7.02,1677039,11707071.00
2013/02/25,7.02,7.23,7.01,7.17,2135834,15238140.00
2013/02/26,7.17,7.22,6.91,6.94,2078202,14765922.00
2013/02/27,6.90,6.95,6.71,6.81,1637504,11166206.00
2013/02/28,6.81,6.95,6.77,6.94,1160760,7979316.00
2013/03/01,6.90,7.03,6.87,7.01,1157149,8071171.50
2013/03/04,6.95,6.96,6.66,6.75,1781893,12132193.00
2013/03/05,6.72,6.86,6.69,6.84,891345,6055979.50
2013/03/06,6.84,6.97,6.79,6.96,1226676,8490167.00
2013/03/07,6.98,7.04,6.80,6.94,1876242,12997628.00
2013/03/08,6.96,7.00,6.84,6.89,945023,6551376.00
2013/03/11,6.88,6.92,6.83,6.90,685600,4722884.50
2013/03/12,6.90,6.93,6.56,6.67,1528434,10308981.00
2013/03/13,6.68,6.70,6.59,6.68,570289,3791775.75
2013/03/14,6.68,6.73,6.64,6.69,489520,3275365.75
2013/03/15,6.69,6.78,6.64,6.73,597460,4018230.75
2013/03/18,6.72,6.72,6.64,6.66,741554,4954462.50
2013/03/19,6.68,6.71,6.59,6.69,724530,4825945.00
2013/03/20,6.70,7.36,6.70,7.36,9694805,70655592.00
2013/03/21,7.36,7.94,7.23,7.73,13713257,103431272.00
2013/03/22,7.59,7.66,7.42,7.54,5077689,38344720.00
2013/03/25,7.54,7.66,7.40,7.56,4676677,35086588.00
2013/03/26,7.51,7.51,7.21,7.34,4788372,34991152.00
2013/03/27,7.36,7.40,7.23,7.32,3236458,23694764.00
2013/03/28,7.21,7.21,6.80,6.80,4495056,31301806.00
2013/03/29,6.76,6.97,6.72,6.86,2718340,18688540.00
2013/04/01,6.83,6.95,6.80,6.86,1796902,12372727.00
2013/04/02,6.84,6.95,6.69,6.70,2305079,15723664.00
2013/04/03,6.65,6.75,6.45,6.45,2241812,14721921.00
2013/04/08,6.40,6.45,6.21,6.45,1578273,10018214.00
2013/04/09,6.45,6.60,6.44,6.54,1164511,7608627.50
2013/04/10,6.57,6.63,6.50,6.59,1212847,7964384.50
2013/04/11,6.59,6.61,6.42,6.43,1388563,9028715.00
2013/04/12,6.43,6.45,6.25,6.30,1236434,7857195.00
2013/04/15,6.22,6.39,6.22,6.28,787250,4957415.50
2013/04/16,6.26,6.46,6.23,6.44,1116923,7093389.50
2013/04/17,6.40,6.52,6.40,6.49,1041387,6730333.50
2013/04/18,6.49,6.58,6.45,6.53,920250,6008093.00
2013/04/19,6.53,6.65,6.53,6.61,1394558,9206246.00
2013/04/22,6.55,6.65,6.53,6.62,1145914,7539312.50
2013/04/23,6.59,6.59,6.37,6.39,1122198,7274812.50
2013/04/24,6.42,6.64,6.38,6.60,1748330,11408764.00
2013/04/25,6.60,6.76,6.47,6.50,1370485,9042348.00
2013/04/26,6.54,6.55,6.26,6.30,1255319,8001437.00
2013/05/02,6.30,6.34,6.26,6.32,669349,4212569.50
2013/05/03,6.36,6.52,6.32,6.48,829847,5356918.50
2013/05/06,6.50,6.64,6.46,6.60,1435073,9431904.00
2013/05/07,6.55,6.66,6.53,6.61,1263237,8338507.00
2013/05/08,6.62,6.70,6.60,6.70,1456587,9677897.00
2013/05/09,6.69,6.70,6.58,6.67,1241590,8249270.00
2013/05/10,6.70,6.70,6.57,6.68,1311717,8719960.00
2013/05/13,6.67,6.81,6.64,6.79,2203652,14857327.00
2013/05/14,6.77,6.78,6.61,6.66,957694,6389034.00
2013/05/15,6.65,6.92,6.63,6.89,2000348,13625636.00
2013/05/16,6.89,6.95,6.81,6.86,2460205,16939742.00
2013/05/17,6.82,6.98,6.81,6.97,1614022,11173651.00
2013/05/20,6.92,7.09,6.92,7.08,1848906,13033447.00
2013/05/21,7.08,7.19,7.01,7.16,2151420,15300626.00
2013/05/22,7.11,7.22,6.94,7.01,1880624,13311241.00
2013/05/23,6.96,7.09,6.95,6.99,1456545,10220885.00
2013/05/24,6.95,7.15,6.94,7.15,1613365,11431308.00
2013/05/27,7.19,7.28,7.11,7.15,1867605,13409507.00
2013/05/28,7.09,7.09,6.86,6.91,1915075,13286583.00
2013/05/29,6.91,7.01,6.88,6.96,1051367,7319100.00
2013/05/30,6.97,7.17,6.95,7.13,2355168,16676201.00
2013/05/31,7.13,7.13,7.00,7.01,1405994,9904500.00
2013/06/03,6.99,7.03,6.90,6.94,1323003,9184108.00
2013/06/04,6.96,7.39,6.78,6.82,2201277,15468501.00
2013/06/05,6.81,6.88,6.73,6.85,906079,6149771.00
2013/06/06,6.80,6.85,6.70,6.70,670325,4543344.50
2013/06/07,6.75,6.76,6.47,6.54,1276605,8418391.00
2013/06/13,6.50,6.50,6.23,6.34,860383,5442954.50
2013/06/14,6.34,6.48,6.34,6.48,894550,5744998.00
2013/06/17,6.48,6.53,6.41,6.44,814603,5284901.00
2013/06/18,6.45,6.46,6.30,6.41,942411,6008323.50
2013/06/19,6.39,6.40,6.28,6.38,961465,6090768.50
2013/06/20,6.35,6.43,6.21,6.27,1320863,8374116.50
2013/06/21,6.23,6.27,6.08,6.23,463140,2862838.00
2013/06/24,6.23,6.23,5.77,5.81,1011993,6065735.00
2013/06/25,5.83,5.92,5.43,5.88,1305427,7436000.00
2013/06/26,5.81,5.99,5.80,5.99,1281755,7569843.00
2013/06/27,6.02,6.06,5.79,5.79,735032,4351602.50
2013/06/28,5.72,5.88,5.62,5.69,523036,3007400.50
2013/07/01,5.79,5.85,5.66,5.85,579457,3338255.25
2013/07/02,5.84,5.97,5.81,5.93,655666,3862429.00
2013/07/03,5.90,5.95,5.75,5.93,739271,4329946.50
2013/07/04,5.93,6.04,5.85,5.95,676234,4028727.75
2013/07/05,6.02,6.04,5.93,5.93,737101,4404409.00
2013/07/08,5.88,5.88,5.69,5.73,665765,3835594.00
2013/07/09,5.80,6.19,5.73,5.81,853892,5053589.50
2013/07/10,5.81,6.03,5.80,6.03,1182827,7007192.00
2013/07/11,6.00,6.21,6.00,6.18,1065441,6528541.00
2013/07/12,6.16,6.32,6.11,6.21,1525574,9490737.00
2013/07/15,6.18,6.29,6.17,6.26,1038394,6461500.50
2013/07/16,6.37,6.37,6.22,6.29,1219217,7643531.50
2013/07/17,6.25,6.32,6.15,6.20,828165,5167690.00
2013/07/18,6.18,6.24,6.13,6.21,772929,4791500.00
2013/07/19,6.23,6.29,6.09,6.09,1254316,7797733.00
2013/07/22,6.08,6.27,6.00,6.24,663470,4074903.50
2013/07/23,6.24,6.39,6.24,6.34,1646028,10416470.00
2013/07/24,6.32,6.45,6.31,6.40,1287483,8236111.50
2013/07/25,6.50,6.50,6.21,6.23,1154369,7316306.00
2013/07/26,6.20,6.31,6.12,6.28,598202,3725651.00
2013/07/29,6.28,6.28,6.13,6.17,739778,4591112.00
2013/07/30,6.26,6.26,6.05,6.20,720550,4435315.00
2013/07/31,6.20,6.27,6.17,6.22,918164,5714683.00
2013/08/01,6.22,6.42,6.22,6.40,1672442,10626918.00
2013/08/02,6.43,6.54,6.38,6.43,1583667,10251793.00
2013/08/05,6.46,6.65,6.45,6.63,1842762,12135380.00
2013/08/06,6.53,6.68,6.53,6.61,1297319,8574301.00
2013/08/07,6.64,6.64,6.48,6.48,1169457,7648648.00
2013/08/08,6.45,6.58,6.45,6.53,883611,5757519.50
2013/08/09,6.55,6.72,6.50,6.64,1757866,11654235.00
2013/08/12,6.65,6.71,6.58,6.70,1978371,13171386.00
2013/08/13,6.67,6.82,6.65,6.78,1385596,9344803.00
2013/08/14,6.78,7.29,6.71,6.95,4307624,30006438.00
2013/08/15,6.95,7.06,6.65,6.75,2161263,14820504.00
2013/08/16,6.73,6.86,6.53,6.54,1997449,13361205.00
2013/08/19,6.58,6.79,6.54,6.71,2307178,15334341.00
2013/08/20,6.73,6.91,6.68,6.81,2272362,15510504.00
2013/08/21,6.85,6.98,6.80,6.90,1834328,12656968.00
2013/08/22,6.88,6.94,6.83,6.87,1447700,9953299.00
2013/08/23,6.90,6.94,6.60,6.81,1888061,12856818.00
2013/08/26,6.83,7.05,6.74,6.98,2638124,18296744.00
2013/08/27,6.96,7.25,6.96,7.22,4284505,30599426.00
2013/08/28,7.15,7.30,7.10,7.14,3678056,26564086.00
2013/08/29,7.10,7.26,7.10,7.23,2323700,16657155.00
2013/08/30,7.20,7.28,6.90,6.93,3176117,22617776.00
2013/09/02,6.93,7.16,6.87,7.12,1570471,11045743.00
2013/09/03,7.12,7.16,7.09,7.14,1377239,9804823.00
2013/09/04,7.16,7.25,7.00,7.12,2180219,15507438.00
2013/09/05,7.10,7.15,7.05,7.12,882229,6265673.50
2013/09/06,7.13,7.20,7.07,7.17,1739319,12446749.00
2013/09/09,7.16,7.24,7.13,7.17,1496600,10732172.00
2013/09/10,7.18,7.36,7.13,7.32,2561653,18604226.00
2013/09/11,7.29,7.37,7.07,7.16,1918632,13774606.00
2013/09/12,7.17,7.29,7.09,7.14,1410981,10144653.00
2013/09/13,7.16,7.16,7.07,7.12,1435029,10203330.00
2013/09/16,7.11,7.15,7.07,7.11,1018949,7245154.50
2013/09/17,7.10,7.29,7.08,7.19,2044458,14703289.00
2013/09/18,7.12,7.44,7.12,7.29,2890073,21104056.00
2013/09/23,7.32,7.38,7.24,7.37,1896922,13893723.00
2013/09/24,7.38,7.38,7.23,7.37,1943580,14202308.00
2013/09/25,7.37,7.50,7.29,7.35,2022686,14950189.00
2013/09/26,7.33,7.33,7.15,7.16,1554272,11213894.00
2013/09/27,7.16,7.24,7.13,7.15,645710,4635496.00
2013/09/30,7.19,7.27,7.15,7.23,1142900,8220336.00
2013/10/08,7.22,7.29,7.15,7.29,1444819,10452715.00
2013/10/09,7.23,7.35,7.23,7.32,1199350,8762101.00
2013/10/10,7.32,7.35,7.19,7.24,1630558,11851028.00
2013/10/11,7.24,7.30,7.22,7.29,1333907,9689323.00
2013/10/14,7.29,7.60,7.29,7.50,2971185,22223784.00
2013/10/15,7.51,7.56,7.34,7.42,1612538,11989833.00
2013/10/16,7.40,7.42,7.18,7.21,1139424,8277378.00
2013/10/17,7.24,7.32,7.23,7.24,802854,5836745.00
2013/10/18,7.25,7.29,7.22,7.27,692411,5025082.00
2013/10/21,7.30,7.46,7.22,7.40,2400382,17710112.00
2013/10/22,7.41,7.56,7.34,7.40,2037468,15144855.00
2013/10/23,7.43,7.47,7.22,7.25,1296480,9500929.00
2013/10/24,7.23,7.30,7.09,7.14,1523865,10945112.00
2013/10/25,7.15,7.18,7.00,7.05,1296026,9187934.00
2013/10/28,7.07,7.18,7.05,7.16,734695,5222850.00
2013/10/29,7.14,7.23,6.80,6.95,1246020,8701208.00
2013/10/30,6.92,7.15,6.91,7.13,978565,6866917.00
2013/10/31,7.13,7.14,7.06,7.10,639918,4544773.00
2013/11/01,7.03,7.12,6.85,7.02,787994,5515879.50
2013/11/04,7.00,7.10,6.99,7.06,458409,3234442.50
2013/11/05,6.93,7.15,6.88,7.13,1281749,9057668.00
2013/11/06,7.13,7.17,7.03,7.05,994934,7076953.00
2013/11/07,7.08,7.14,7.00,7.04,506800,3577302.00
2013/11/08,7.04,7.04,6.86,6.90,580400,4008283.00
2013/11/11,6.94,7.02,6.88,7.00,561708,3911886.25
2013/11/12,7.01,7.70,7.00,7.70,6759754,50411176.00
2013/11/13,7.73,7.83,7.40,7.52,6183452,46854076.00
2013/11/14,7.43,7.96,7.37,7.82,6671249,51593236.00
2013/11/15,7.73,8.45,7.70,8.15,6368655,51543852.00
2013/11/18,8.09,8.39,7.97,8.08,5668377,46002436.00
2013/11/19,8.01,8.23,7.94,8.07,3505790,28338178.00
2013/11/20,8.03,8.09,7.90,8.02,2578793,20641036.00
2013/11/21,7.98,8.13,7.93,8.05,2325993,18702862.00
2013/11/22,8.05,8.10,7.86,7.88,2043018,16262065.00
2013/11/25,7.88,8.04,7.87,7.94,1711708,13606611.00
2013/11/26,7.95,8.15,7.85,8.08,2259652,18144894.00
2013/11/27,8.03,8.14,8.00,8.09,2057511,16610873.00
2013/11/28,8.13,8.39,8.09,8.20,3527656,29088978.00
2013/11/29,8.20,8.76,8.20,8.57,4168688,35714976.00
2013/12/02,8.12,8.22,7.71,7.71,4331779,34161084.00
2013/12/03,7.49,7.85,7.41,7.80,2517579,19204830.00
2013/12/04,7.79,8.19,7.73,7.93,2425106,19447582.00
2013/12/05,7.93,8.04,7.88,7.89,1579933,12566033.00
2013/12/06,7.89,8.07,7.85,7.94,1232075,9811028.00
2013/12/09,7.96,8.18,7.96,8.14,1407897,11425635.00
2013/12/10,8.15,8.28,8.10,8.16,1419811,11647898.00
2013/12/11,8.12,8.26,8.00,8.08,1585030,12899867.00
2013/12/12,8.10,8.38,8.04,8.32,2248835,18602386.00
2013/12/13,8.33,8.45,8.22,8.40,1811818,15131988.00
2013/12/16,8.40,8.57,8.30,8.33,1987844,16755012.00
2013/12/17,8.31,8.39,8.04,8.16,1964134,16043310.00
2013/12/18,8.18,8.36,8.11,8.24,1404573,11604141.00
2013/12/19,8.26,8.29,8.05,8.09,1147918,9370954.00
2013/12/20,8.11,8.14,7.90,7.90,841961,6752057.50
2013/12/23,7.86,7.97,7.70,7.93,915424,7222634.50
2013/12/24,7.90,8.18,7.85,8.18,1021420,8240145.00
2013/12/25,8.19,8.44,8.15,8.42,1745729,14570512.00
2013/12/26,8.42,8.43,8.24,8.24,1643025,13712939.00
2013/12/27,8.24,8.97,8.22,8.70,3666519,31959268.00
2013/12/30,8.75,9.00,8.75,8.88,2683897,23809814.00
2013/12/31,8.89,8.91,8.54,8.58,2054749,17791400.00
2014/01/02,8.61,8.87,8.52,8.85,1683810,14718314.00
2014/01/03,8.80,9.24,8.71,9.10,3519403,31756970.00
2014/01/06,9.13,9.24,8.51,8.61,3133378,27896578.00
2014/01/07,8.57,8.87,8.42,8.85,1975496,17137190.00
2014/01/08,8.85,9.13,8.81,8.89,2720948,24343728.00
2014/01/09,8.88,8.98,8.36,8.37,2809161,24288072.00
2014/01/10,8.25,8.40,8.08,8.18,1689194,13929933.00
2014/01/13,8.26,8.54,8.24,8.35,2440391,20491868.00
2014/01/14,8.42,8.66,8.35,8.66,2751664,23420664.00
2014/01/15,8.61,9.08,8.61,8.97,3902787,34665032.00
2014/01/16,8.98,9.04,8.80,8.87,2937745,26105944.00
2014/01/17,8.87,9.32,8.75,9.28,4368538,39472820.00
2014/01/20,9.21,9.27,8.78,8.81,3767850,33960336.00
2014/01/21,8.83,9.07,8.79,9.04,3096996,27599488.00
2014/01/22,9.04,9.16,8.88,9.09,4419790,39854120.00
2014/01/23,9.03,9.32,9.01,9.32,5080397,46585604.00
2014/01/24,9.27,9.77,9.23,9.48,7127158,67653904.00
2014/01/27,9.41,9.57,9.21,9.29,3546215,33334374.00
2014/01/28,9.22,9.34,8.93,9.12,2554340,23298106.00
2014/01/29,9.18,9.32,9.13,9.30,1740288,16065192.00
2014/01/30,9.24,9.29,8.98,9.08,1768491,16145363.00
2014/02/07,9.01,9.38,9.00,9.38,2082430,19150428.00
2014/02/10,9.37,9.59,9.28,9.53,3777446,35714676.00
2014/02/11,9.50,9.61,9.30,9.41,3086839,29123340.00
2014/02/12,9.44,9.64,9.20,9.59,3668324,34430028.00
2014/02/13,9.52,9.62,9.16,9.18,3919726,36749716.00
2014/02/14,9.19,9.42,9.05,9.37,3957596,36577668.00
2014/02/17,9.41,9.60,9.36,9.57,4275817,40563668.00
2014/02/18,9.56,9.88,9.51,9.72,5129931,49927660.00
2014/02/19,9.67,9.75,9.55,9.73,3291503,31751200.00
2014/02/20,9.76,9.78,9.45,9.52,3038333,29200284.00
2014/02/21,9.50,9.95,9.45,9.90,4626093,44927520.00
2014/02/24,10.00,10.32,9.90,10.03,5580683,56140336.00
2014/02/25,9.93,10.23,9.31,9.37,5296820,52220488.00
2014/02/26,9.25,9.33,8.91,9.30,2942984,26849508.00
2014/02/27,9.36,9.49,8.96,8.99,2693750,24909818.00
2014/02/28,9.00,9.05,8.74,9.00,2082644,18531032.00
2014/03/03,8.97,9.20,8.93,9.16,1738700,15828278.00
2014/03/04,9.10,9.21,8.98,9.11,1521086,13855641.00
2014/03/05,9.08,9.22,9.08,9.10,1612794,14754756.00
2014/03/06,9.11,9.15,8.99,9.11,1704517,15483043.00
2014/03/07,9.12,9.17,9.00,9.03,1785147,16220187.00
2014/03/10,8.99,8.99,8.38,8.41,2124089,18462164.00
2014/03/11,8.44,8.51,8.30,8.41,1254496,10566099.00
2014/03/12,8.42,8.52,8.30,8.45,1126135,9471995.00
2014/03/13,8.42,8.58,8.40,8.58,1101065,9379682.00
2014/03/14,8.52,8.58,8.45,8.50,1011476,8615639.00
2014/03/17,8.54,8.84,8.52,8.82,1265380,11037513.00
2014/03/18,8.85,8.95,8.77,8.82,1501441,13300384.00
2014/03/19,8.84,8.95,8.76,8.92,1575246,13941608.00
2014/03/20,8.87,8.98,8.62,8.64,1360136,12014559.00
2014/03/21,8.53,8.90,8.52,8.89,1405199,12258659.00
2014/03/24,8.90,8.95,8.83,8.92,1233892,10966741.00
2014/03/25,8.94,9.06,8.86,9.04,1738969,15649618.00
2014/03/26,9.07,9.08,8.95,9.01,963534,8674239.00
2014/03/27,9.01,9.03,8.72,8.76,1373727,12118890.00
2014/03/28,8.71,8.79,8.40,8.45,1263376,10861053.00
2014/03/31,8.42,8.66,8.40,8.54,631223,5395390.50
2014/04/01,8.56,8.68,8.56,8.68,605051,5225817.50
2014/04/02,8.70,8.79,8.62,8.67,644091,5599387.50
2014/04/03,8.65,8.75,8.65,8.70,967219,8423875.00
2014/04/04,8.67,8.83,8.67,8.81,616335,5393781.00
2014/04/08,8.79,8.79,8.51,8.68,1881083,16254099.00
2014/04/09,8.71,8.86,8.68,8.85,1469667,12872570.00
2014/04/10,8.81,9.00,8.81,8.83,1414323,12580719.00
2014/04/11,8.77,8.86,8.64,8.76,1124447,9804431.00
2014/04/14,8.71,8.87,8.71,8.85,789128,6954616.00
2014/04/15,8.89,8.92,8.79,8.81,738698,6542009.50
2014/04/16,8.78,8.84,8.70,8.81,752853,6607970.50
2014/04/17,8.82,8.86,8.78,8.82,834506,7361844.50
2014/04/18,8.76,8.84,8.74,8.81,818717,7190379.50
2014/04/21,8.81,8.84,8.60,8.65,980700,8579965.00
2014/04/22,8.65,8.72,8.47,8.52,1044127,8938719.00
2014/04/23,8.47,8.61,8.47,8.61,703035,6007220.50
2014/04/24,8.66,8.73,8.55,8.72,793415,6851739.00
2014/04/25,8.67,8.74,8.52,8.57,610173,5288753.50
2014/04/28,8.54,8.55,7.78,7.80,1528320,12268809.00
2014/04/29,7.69,8.12,7.69,8.06,740852,5895038.50
2014/04/30,8.02,8.43,8.01,8.35,990698,8221491.00
2014/05/05,8.38,8.59,8.30,8.56,845843,7192743.00
2014/05/06,8.48,8.76,8.48,8.63,916193,7966497.00
2014/05/07,8.57,8.84,8.45,8.53,1042005,9047560.00
2014/05/08,8.53,8.78,8.52,8.64,804747,6981830.00
2014/05/09,8.60,8.67,8.36,8.41,665865,5646657.50
2014/05/12,8.44,8.64,8.42,8.61,424882,3641319.00
2014/05/13,8.64,8.76,8.62,8.71,522605,4543535.50
2014/05/14,8.65,8.96,8.64,8.91,1525484,13501090.00
2014/05/15,8.91,8.95,8.64,8.65,587943,5151939.00
2014/05/16,8.58,8.69,8.35,8.52,558943,4739069.50
2014/05/19,8.38,8.72,8.38,8.67,501853,4301982.00
2014/05/20,8.75,8.84,8.66,8.69,403643,3526974.00
2014/05/21,8.64,8.72,8.60,8.71,242785,2107950.50
2014/05/22,8.75,8.82,8.68,8.74,574663,5032432.50
2014/05/23,8.70,8.80,8.62,8.77,526125,4577898.00
2014/05/26,8.82,8.91,8.75,8.81,878061,7746205.00
2014/05/27,8.76,8.86,8.66,8.68,608065,5323075.50
2014/05/28,8.65,8.87,8.65,8.87,696861,6133017.50
2014/05/29,8.83,8.89,8.72,8.72,648318,5704493.50
2014/05/30,8.71,8.79,8.64,8.70,528012,4591906.50
2014/06/03,8.75,8.75,8.65,8.68,456742,3968726.00
2014/06/04,8.68,8.69,8.49,8.65,565902,4853963.50
2014/06/05,8.53,8.84,8.53,8.78,652812,5689487.50
2014/06/06,8.78,8.94,8.71,8.77,556727,4890735.50
2014/06/09,8.78,8.83,8.72,8.79,540808,4751194.50
2014/06/10,8.77,9.26,8.66,9.20,3323341,30014386.00
2014/06/11,9.17,9.27,9.02,9.27,2018663,18468440.00
2014/06/12,9.19,9.98,9.11,9.80,7420137,71954304.00
2014/06/13,9.75,9.85,9.23,9.30,7792365,73652312.00
2014/06/16,9.21,9.47,9.17,9.30,3614101,33659444.00
2014/06/17,9.30,9.30,8.97,9.10,2873783,26166966.00
2014/06/18,9.12,9.17,9.02,9.11,1241344,11288804.00
2014/06/19,9.09,9.15,8.42,8.58,1405496,12412799.00
2014/06/20,8.61,8.69,8.42,8.67,1156218,9903577.00
2014/06/23,8.67,8.79,8.63,8.72,888033,7747693.50
2014/06/24,8.77,8.85,8.69,8.79,732211,6431331.50
2014/06/25,8.84,8.85,8.70,8.75,388949,3398875.75
2014/06/26,8.70,8.90,8.70,8.87,978531,8665572.00
2014/06/27,8.90,8.99,8.81,8.97,935638,8363937.00
2014/06/30,8.95,9.16,8.91,9.09,996395,9062262.00
2014/07/01,9.09,9.38,9.02,9.36,2480912,22956000.00
2014/07/02,9.33,9.36,9.23,9.29,1173842,10883917.00
2014/07/03,9.33,9.33,9.20,9.22,1559032,14395574.00
2014/07/04,9.25,9.28,9.12,9.19,1110911,10189129.00
2014/07/07,9.14,9.26,9.14,9.24,1125481,10354517.00
2014/07/08,9.23,9.39,9.16,9.34,1587627,14716235.00
2014/07/09,9.27,9.36,9.08,9.08,1263555,11702013.00
2014/07/10,9.10,9.46,9.09,9.35,2439437,22855874.00
2014/07/11,9.33,9.44,9.25,9.40,1170532,10957656.00
2014/07/14,9.39,9.49,9.34,9.43,1165462,10975921.00
2014/07/15,9.48,9.57,9.21,9.26,1571970,14646994.00
2014/07/16,9.26,9.32,8.98,9.02,2303501,20959044.00
2014/07/17,9.05,9.24,9.04,9.22,1514504,13900566.00
2014/07/18,9.29,9.47,9.18,9.30,1435571,13474435.00
2014/07/21,9.21,9.49,9.20,9.45,1187521,11118493.00
2014/07/22,9.45,9.55,9.41,9.45,991742,9403970.00
2014/07/23,9.45,9.51,9.23,9.28,1135044,10611824.00
2014/07/24,9.28,9.36,9.13,9.20,766035,7055533.50
2014/07/25,9.18,9.29,9.18,9.25,427648,3950748.75
2014/07/28,9.37,9.46,9.26,9.41,834390,7828265.00
2014/07/29,9.40,9.46,9.37,9.43,926768,8733607.00
2014/07/30,9.49,9.49,9.36,9.47,812580,7653422.50
2014/07/31,9.41,9.70,9.41,9.63,1532915,14744414.00
2014/08/01,9.59,9.64,9.45,9.46,998382,9541654.00
2014/08/04,9.46,9.59,9.41,9.56,939103,8942402.00
2014/08/05,9.56,9.89,9.50,9.75,1977715,19185254.00
2014/08/06,9.70,9.80,9.62,9.77,1039324,10078766.00
2014/08/07,9.71,9.86,9.61,9.63,877513,8544401.00
2014/08/08,9.71,9.86,9.61,9.63,0,0.00
2014/08/11,9.71,9.86,9.61,9.63,0,0.00
2014/08/12,9.71,9.86,9.61,9.63,0,0.00
2014/08/13,9.71,9.86,9.61,9.63,0,0.00
2014/08/14,9.71,9.86,9.61,9.63,0,0.00
2014/08/15,9.71,9.86,9.61,9.63,0,0.00
2014/08/18,9.71,9.86,9.61,9.63,0,0.00
2014/08/19,9.71,9.86,9.61,9.63,0,0.00
2014/08/20,9.71,9.86,9.61,9.63,0,0.00
2014/08/21,9.71,9.86,9.61,9.63,0,0.00
2014/08/22,9.71,9.86,9.61,9.63,0,0.00
2014/08/25,9.71,9.86,9.61,9.63,0,0.00
2014/08/26,9.71,9.86,9.61,9.63,0,0.00
2014/08/27,9.71,9.86,9.61,9.63,0,0.00
2014/08/28,9.71,9.86,9.61,9.63,0,0.00
2014/08/29,9.71,9.86,9.61,9.63,0,0.00
2014/09/01,9.71,9.86,9.61,9.63,0,0.00
2014/09/02,9.71,9.86,9.61,9.63,0,0.00
2014/09/03,9.71,9.86,9.61,9.63,0,0.00
2014/09/04,9.71,9.86,9.61,9.63,0,0.00
2014/09/05,9.71,9.86,9.61,9.63,0,0.00
2014/09/09,9.71,9.86,9.61,9.63,0,0.00
2014/09/10,9.71,9.86,9.61,9.63,0,0.00
2014/09/11,9.71,9.86,9.61,9.63,0,0.00
2014/09/12,9.71,9.86,9.61,9.63,0,0.00
2014/09/15,9.71,9.86,9.61,9.63,0,0.00
2014/09/16,9.71,9.86,9.61,9.63,0,0.00
2014/09/17,9.71,9.86,9.61,9.63,0,0.00
2014/09/18,9.71,9.86,9.61,9.63,0,0.00
2014/09/19,9.71,9.86,9.61,9.63,0,0.00
2014/09/22,9.71,9.86,9.61,9.63,0,0.00
2014/09/23,9.71,9.86,9.61,9.63,0,0.00
2014/09/24,9.71,9.86,9.61,9.63,0,0.00
2014/09/25,9.71,9.86,9.61,9.63,0,0.00
2014/09/26,9.71,9.86,9.61,9.63,0,0.00
2014/09/29,9.71,9.86,9.61,9.63,0,0.00
2014/09/30,9.71,9.86,9.61,9.63,0,0.00
2014/10/08,9.71,9.86,9.61,9.63,0,0.00
2014/10/09,9.71,9.86,9.61,9.63,0,0.00
2014/10/10,9.71,9.86,9.61,9.63,0,0.00
2014/10/13,9.71,9.86,9.61,9.63,0,0.00
2014/10/14,9.71,9.86,9.61,9.63,0,0.00
2014/10/15,9.71,9.86,9.61,9.63,0,0.00
2014/10/16,9.71,9.86,9.61,9.63,0,0.00
2014/10/17,9.71,9.86,9.61,9.63,0,0.00
2014/10/20,9.71,9.86,9.61,9.63,0,0.00
2014/10/21,9.71,9.86,9.61,9.63,0,0.00
2014/10/22,9.71,9.86,9.61,9.63,0,0.00
2014/10/23,9.71,9.86,9.61,9.63,0,0.00
2014/10/24,9.71,9.86,9.61,9.63,0,0.00
2014/10/27,9.71,9.86,9.61,9.63,0,0.00
2014/10/28,9.71,9.86,9.61,9.63,0,0.00
2014/10/29,9.71,9.86,9.61,9.63,0,0.00
2014/10/30,9.71,9.86,9.61,9.63,0,0.00
2014/10/31,9.71,9.86,9.61,9.63,0,0.00
2014/11/03,9.71,9.86,9.61,9.63,0,0.00
2014/11/04,9.71,9.86,9.61,9.63,0,0.00
2014/11/05,9.71,9.86,9.61,9.63,0,0.00
2014/11/06,9.71,9.86,9.61,9.63,0,0.00
2014/11/07,9.71,9.86,9.61,9.63,0,0.00
2014/11/10,9.71,9.86,9.61,9.63,0,0.00
2014/11/11,9.71,9.86,9.61,9.63,0,0.00
2014/11/12,10.59,10.59,10.59,10.59,59433,629395.50
2014/11/13,11.65,11.65,11.65,11.65,46709,544159.88
2014/11/14,12.82,12.82,12.25,12.82,5751838,73280088.00
2014/11/17,13.12,13.99,12.61,12.84,11333268,149576368.00
2014/11/18,12.30,12.65,12.17,12.38,5799623,71826968.00
2014/11/19,12.26,12.98,12.06,12.71,5820477,72476488.00
2014/11/20,12.47,12.55,12.23,12.33,2988498,36943076.00
2014/11/21,12.29,12.63,12.17,12.38,3255543,40328552.00
2014/11/24,12.29,12.51,12.21,12.42,3403170,42112888.00
2014/11/25,12.42,12.97,12.28,12.68,4243334,53897452.00
2014/11/26,12.61,12.75,12.21,12.33,4249995,52904368.00
2014/11/27,12.34,12.70,12.33,12.67,3234113,40438428.00
2014/11/28,12.63,12.63,12.33,12.43,2954402,36722512.00
2014/12/01,12.43,12.48,12.04,12.20,2489083,30185792.00
2014/12/02,12.16,12.60,12.10,12.50,2582143,32082864.00
2014/12/03,12.59,12.74,12.11,12.40,2318182,28563534.00
2014/12/04,12.33,12.50,12.21,12.33,2295570,28303312.00
2014/12/05,12.31,12.31,11.68,11.83,2582820,30892036.00
2014/12/08,12.00,12.04,11.64,11.71,1677643,19813228.00
2014/12/09,11.71,11.85,11.27,11.29,1779313,20427750.00
2014/12/10,11.13,11.60,11.13,11.55,1328197,15184024.00
2014/12/11,11.57,11.70,11.48,11.68,1085503,12596857.00
2014/12/12,11.70,11.89,11.58,11.82,1025275,12055959.00
2014/12/15,11.78,11.80,11.52,11.71,3047037,35462504.00
2014/12/16,11.62,11.78,11.30,11.47,1367437,15791428.00
2014/12/17,11.46,11.55,11.20,11.29,1152554,13065543.00
2014/12/18,11.23,11.38,11.15,11.15,1140801,12803502.00
2014/12/19,11.15,11.16,10.69,10.80,1241346,13465053.00
2014/12/22,10.84,10.91,9.98,10.01,1532717,15681995.00
2014/12/23,9.98,10.45,9.98,10.23,993031,10169532.00
2014/12/24,10.44,10.80,10.42,10.79,1526361,16229736.00
2014/12/25,10.88,10.88,10.65,10.79,1020904,10959548.00
2014/12/26,10.50,10.87,10.50,10.64,582973,6213640.50
2014/12/29,10.61,10.64,10.30,10.34,767850,7984240.50
2014/12/30,10.35,10.58,10.08,10.21,638209,6521940.00
2014/12/31,10.24,10.48,10.22,10.45,611380,6327128.00
2015/01/05,10.49,10.65,10.22,10.55,826005,8650272.00
2015/01/06,10.55,10.98,10.44,10.97,1349426,14596589.00
2015/01/07,10.98,11.10,10.68,10.75,1105621,11966665.00
2015/01/08,10.83,11.03,10.70,10.88,1211138,13158174.00
2015/01/09,10.83,11.08,10.80,10.80,790572,8630237.00
2015/01/12,10.89,10.99,10.60,10.69,906634,9758703.00
2015/01/13,10.63,10.82,10.63,10.80,665481,7128131.00
2015/01/14,10.70,10.97,10.54,10.63,708318,7599155.50
2015/01/15,10.65,10.83,10.60,10.71,816151,8716257.00
2015/01/16,10.70,10.89,10.67,10.82,854058,9208199.00
2015/01/19,10.70,11.10,10.45,10.53,1598996,17298418.00
2015/01/20,10.60,11.05,10.60,11.02,1417476,15503633.00
2015/01/21,11.02,11.32,10.99,11.22,2095149,23486658.00
2015/01/22,11.29,11.64,11.23,11.54,2021979,23111468.00
2015/01/23,11.46,11.61,11.26,11.33,1124223,12803821.00
2015/01/26,11.28,11.87,11.28,11.81,1765023,20611998.00
2015/01/27,11.74,11.85,11.44,11.69,1703943,19762346.00
2015/01/28,11.65,11.73,11.42,11.59,1287957,14871516.00
2015/01/29,11.50,11.60,11.42,11.50,925165,10637040.00
2015/01/30,11.55,11.61,11.31,11.34,888051,10158109.00
2015/02/02,11.26,11.55,11.20,11.42,929726,10601449.00
2015/02/03,11.39,11.68,11.39,11.60,1127861,13066906.00
2015/02/04,11.60,11.68,11.53,11.53,748011,8681250.00
2015/02/05,11.55,11.66,11.43,11.46,910163,10530354.00
2015/02/06,11.47,11.94,11.41,11.46,1373350,15899190.00
2015/02/09,11.50,11.50,10.88,11.11,1365500,15275369.00
2015/02/10,10.97,11.20,10.97,11.16,557691,6190025.00
2015/02/11,11.15,11.24,11.03,11.17,918118,10216884.00
2015/02/12,11.24,11.58,11.19,11.58,974898,11126193.00
2015/02/13,11.90,11.90,11.60,11.70,2058805,24198614.00
2015/02/16,11.63,12.03,11.63,12.00,1904421,22663090.00
2015/02/17,12.43,12.43,11.91,12.06,1619591,19630934.00
2015/02/25,12.10,12.20,11.85,11.91,948562,11339912.00
2015/02/26,11.91,12.10,11.81,11.94,1284001,15285549.00
2015/02/27,11.94,12.15,11.94,12.09,861101,10398590.00
2015/03/02,12.10,12.37,12.10,12.32,2306021,28270698.00
2015/03/03,12.41,12.62,12.20,12.22,1986709,24675956.00
2015/03/04,12.13,12.47,12.13,12.38,1245414,15385380.00
2015/03/05,13.05,13.62,13.05,13.62,3157944,42324880.00
2015/03/06,14.28,14.98,13.68,13.69,10276338,148087488.00
2015/03/09,13.06,13.62,12.93,13.34,4360008,57783220.00
2015/03/10,13.18,13.97,13.11,13.80,3544417,48398768.00
2015/03/11,13.96,15.18,13.96,15.18,8962921,135634640.00
2015/03/12,14.60,15.17,14.42,14.60,7749121,114176328.00
2015/03/13,14.48,14.92,14.29,14.90,3357454,49140500.00
2015/03/16,14.90,15.20,14.65,15.13,5022623,75236248.00
2015/03/17,15.29,15.29,14.65,14.89,4165683,62104224.00
2015/03/18,14.75,14.92,14.50,14.89,4317293,63374512.00
2015/03/19,14.75,14.92,14.50,14.89,0,0.00
2015/03/20,14.75,14.92,14.50,14.89,0,0.00
2015/03/23,14.75,14.92,14.50,14.89,0,0.00
2015/03/24,14.75,14.92,14.50,14.89,0,0.00
2015/03/25,14.75,14.92,14.50,14.89,0,0.00
2015/03/26,14.75,14.92,14.50,14.89,0,0.00
2015/03/27,15.54,15.78,14.92,15.07,6869692,104809848.00
2015/03/30,15.01,15.22,14.61,14.90,4324410,64726404.00
2015/03/31,14.82,15.11,14.75,14.89,2456767,36777172.00
2015/04/01,14.98,15.29,14.89,15.21,3393467,51256900.00
2015/04/02,15.00,15.55,15.00,15.43,4014059,61573504.00
2015/04/03,16.00,16.97,16.00,16.97,11663325,196694528.00
2015/04/07,17.64,17.64,16.85,17.45,10309858,177608496.00
2015/04/08,17.32,17.33,16.59,16.98,6500513,110402224.00
2015/04/09,16.85,18.18,16.00,17.90,6436264,111378688.00
2015/04/10,17.90,19.40,17.70,18.86,4810279,90134992.00
2015/04/13,19.90,20.55,19.01,20.10,6454827,127483128.00
2015/04/14,19.65,20.12,19.06,19.17,4008520,78289560.00
2015/04/15,18.87,19.10,17.61,17.79,3888124,70547128.00
2015/04/16,17.47,18.42,16.01,18.04,3158761,56028044.00
2015/04/17,18.18,18.56,17.70,17.71,2975414,53584888.00
2015/04/20,17.71,18.25,17.00,17.04,3729794,65737304.00
2015/04/21,17.06,18.35,17.03,18.15,3081099,55196272.00
2015/04/22,18.21,19.20,18.21,18.99,4230007,80111664.00
2015/04/23,19.26,19.75,18.49,18.68,3208149,60625724.00
2015/04/24,18.36,18.98,17.81,18.73,3614095,66967360.00
2015/04/27,18.51,19.54,18.37,18.80,4580203,87042856.00
2015/04/28,18.66,18.88,17.22,17.50,3245298,57947348.00
2015/04/29,17.48,17.97,17.10,17.81,2637708,46478612.00
2015/04/30,17.67,18.44,17.67,17.94,2143671,38921480.00
2015/05/04,17.95,18.00,17.26,17.94,2756401,48984692.00
2015/05/05,17.85,18.20,17.30,17.69,1844426,32800556.00
2015/05/06,17.75,18.16,17.61,17.62,1757365,31421594.00
2015/05/07,17.57,18.20,17.00,17.80,2365345,42261580.00
2015/05/08,17.82,19.38,17.81,19.14,3759193,70289504.00
2015/05/11,19.30,21.05,19.30,21.05,6336180,130898624.00
2015/05/12,21.43,22.40,21.05,21.63,5638507,122054560.00
2015/05/13,21.39,21.59,19.50,20.71,6177217,127966952.00
2015/05/14,20.72,21.50,20.10,21.10,3623233,76074952.00
2015/05/15,21.11,22.20,20.90,22.20,4267235,91085648.00
2015/05/18,22.33,23.70,22.30,22.79,3158959,72482072.00
2015/05/19,22.50,22.96,21.00,22.80,5309360,115667944.00
2015/05/20,22.40,23.58,22.25,22.65,3061592,70279072.00
2015/05/21,22.30,23.48,22.30,22.96,3922645,89614272.00
2015/05/22,23.46,24.99,22.93,24.20,5606973,133687776.00
2015/05/25,23.63,24.79,23.04,23.78,4902820,116364504.00
2015/05/26,23.97,24.95,23.61,24.95,5752661,139535472.00
2015/05/27,25.06,25.14,24.05,24.56,4162822,101971336.00
2015/05/28,24.61,27.02,24.55,26.40,9642296,252665648.00
2015/05/29,26.01,28.65,23.76,28.61,7750921,205575200.00
2015/06/01,27.81,31.01,27.20,30.60,7469006,222114448.00
2015/06/02,30.20,31.66,29.51,31.66,6971788,212895952.00
2015/06/03,31.06,32.50,29.38,30.93,5628004,174677472.00
2015/06/04,30.20,31.00,27.75,28.75,4723926,138420256.00
2015/06/05,29.18,30.99,28.00,28.86,4728233,139107280.00
2015/06/08,28.94,29.25,26.50,27.97,4774120,131587792.00
2015/06/09,27.68,28.24,26.81,27.84,4566345,125406616.00
2015/06/10,27.52,29.49,27.03,28.75,6434130,182901088.00
2015/06/11,28.28,29.35,28.18,28.90,5341325,153731920.00
2015/06/12,28.83,29.50,28.19,28.75,4075588,117622024.00
2015/06/15,28.60,29.17,26.10,26.88,5315103,147492640.00
2015/06/16,26.46,26.50,24.19,24.60,3689107,93455136.00
2015/06/17,24.68,25.66,23.87,25.55,3314786,82808672.00
2015/06/18,25.62,26.47,24.30,24.82,2603198,67340456.00
2015/06/19,24.74,24.74,22.34,23.12,3157400,73564216.00
2015/06/23,23.13,23.20,20.81,22.19,4222293,92522720.00
2015/06/24,23.18,23.18,21.82,22.86,3771292,84971544.00
2015/06/25,23.00,23.88,22.20,22.50,4087681,95042760.00
2015/06/26,21.22,21.80,20.25,20.25,3933290,80671432.00
2015/06/29,20.59,20.59,18.23,18.23,3796521,70076968.00
2015/06/30,16.92,19.21,16.41,18.68,6946050,121283632.00
2015/07/01,18.40,19.52,16.81,16.81,5985828,108441944.00
2015/07/02,16.80,16.80,15.13,15.13,5123622,79637296.00
2015/07/03,13.80,15.28,13.62,13.62,6111541,85239096.00
2015/07/06,14.98,14.98,12.26,12.40,8173049,108550328.00
2015/07/07,11.52,12.30,11.16,11.16,4405950,49976956.00
2015/07/08,10.04,11.13,10.04,10.68,17279169,178381088.00
2015/07/09,10.50,11.75,10.34,11.75,7513739,85646056.00
2015/07/10,12.88,12.93,12.53,12.93,1546440,19894584.00
2015/07/13,14.22,14.22,14.22,14.22,554563,7885886.00
2015/07/14,15.64,15.64,15.19,15.64,14635829,228441088.00
2015/07/15,15.03,15.62,14.08,14.08,10835931,157325488.00
2015/07/16,14.08,15.49,13.56,15.10,7726541,114712144.00
2015/07/17,15.11,16.46,15.10,16.30,5995119,95250768.00
2015/07/20,16.42,17.10,15.63,16.10,7325287,119493232.00
2015/07/21,15.80,17.71,15.50,17.71,4298409,72023512.00
2015/07/22,17.71,18.30,17.00,17.82,6815144,121261520.00
2015/07/23,17.82,18.52,17.31,18.13,6842545,122690704.00
2015/07/24,18.07,18.38,17.01,17.18,4692612,84027080.00
2015/07/27,16.70,17.76,15.46,15.46,5122316,84906024.00
2015/07/28,14.03,15.60,13.91,14.25,5236171,75542592.00
2015/07/29,14.80,15.68,13.76,15.68,6118164,89726064.00
2015/07/30,15.47,16.52,14.89,15.60,5118668,81740648.00
2015/07/31,15.15,16.45,15.12,16.05,3945593,62756772.00
2015/08/03,15.60,16.20,14.70,15.05,2958928,45461528.00
2015/08/04,15.18,16.56,15.00,16.56,3737449,60501772.00
2015/08/05,18.00,18.00,16.86,16.92,6494108,113082920.00
2015/08/06,16.30,17.77,15.23,17.18,3998049,68485176.00
2015/08/07,17.00,17.98,17.00,17.85,4941411,87121584.00
2015/08/10,18.00,19.47,17.99,19.42,5218399,98014288.00
2015/08/11,19.25,20.36,18.91,19.41,7173047,141019216.00
2015/08/12,19.50,20.30,19.01,19.01,5985246,118312600.00
2015/08/13,19.94,20.91,19.40,20.91,6380753,128943024.00
2015/08/14,21.20,21.50,20.53,20.56,4987165,104382264.00
2015/08/17,20.15,21.65,19.51,21.64,4900600,100776960.00
2015/08/18,22.11,22.18,19.48,19.48,4069831,84023480.00
2015/08/19,18.68,21.43,18.57,21.43,8160896,168979216.00
2015/08/20,22.51,23.50,21.60,22.08,6891208,156616944.00
2015/08/21,21.30,22.68,19.95,20.79,5349661,112143904.00
2015/08/24,19.88,19.89,18.71,18.71,5058814,96033080.00
2015/08/25,16.85,19.20,16.84,17.10,5084622,89029840.00
2015/08/26,17.50,18.61,17.10,17.90,4409712,78737848.00
2015/08/27,17.50,18.61,17.10,17.90,0,0.00
2015/08/28,17.50,18.61,17.10,17.90,0,0.00
2015/08/31,17.50,18.61,17.10,17.90,0,0.00
2015/09/01,17.50,18.61,17.10,17.90,0,0.00
2015/09/02,17.50,18.61,17.10,17.90,0,0.00
2015/09/07,17.50,18.61,17.10,17.90,0,0.00
2015/09/08,17.50,18.61,17.10,17.90,0,0.00
2015/09/09,17.50,18.61,17.10,17.90,0,0.00
2015/09/10,17.50,18.61,17.10,17.90,0,0.00
2015/09/11,17.50,18.61,17.10,17.90,0,0.00
2015/09/14,17.50,18.61,17.10,17.90,0,0.00
2015/09/15,17.50,18.61,17.10,17.90,0,0.00
2015/09/16,17.50,18.61,17.10,17.90,0,0.00
2015/09/17,17.50,18.61,17.10,17.90,0,0.00
2015/09/18,17.50,18.61,17.10,17.90,0,0.00
2015/09/21,17.50,18.61,17.10,17.90,0,0.00
2015/09/22,17.50,18.61,17.10,17.90,0,0.00
2015/09/23,17.50,18.61,17.10,17.90,0,0.00
2015/09/24,17.50,18.61,17.10,17.90,0,0.00
2015/09/25,17.50,18.61,17.10,17.90,0,0.00
2015/09/28,17.50,18.61,17.10,17.90,0,0.00
2015/09/29,17.50,18.61,17.10,17.90,0,0.00
2015/09/30,17.50,18.61,17.10,17.90,0,0.00
2015/10/08,17.50,18.61,17.10,17.90,0,0.00
2015/10/09,17.50,18.61,17.10,17.90,0,0.00
2015/10/12,17.50,18.61,17.10,17.90,0,0.00
2015/10/13,17.50,18.61,17.10,17.90,0,0.00
2015/10/14,17.50,18.61,17.10,17.90,0,0.00
2015/10/15,17.50,18.61,17.10,17.90,0,0.00
2015/10/16,17.50,18.61,17.10,17.90,0,0.00
2015/10/19,17.50,18.61,17.10,17.90,0,0.00
2015/10/20,17.50,18.61,17.10,17.90,0,0.00
2015/10/21,17.50,18.61,17.10,17.90,0,0.00
2015/10/22,17.50,18.61,17.10,17.90,0,0.00
2015/10/23,17.50,18.61,17.10,17.90,0,0.00
2015/10/26,17.50,18.61,17.10,17.90,0,0.00
2015/10/27,17.50,18.61,17.10,17.90,0,0.00
2015/10/28,17.50,18.61,17.10,17.90,0,0.00
2015/10/29,17.50,18.61,17.10,17.90,0,0.00
2015/10/30,17.50,18.61,17.10,17.90,0,0.00
2015/11/02,17.50,18.61,17.10,17.90,0,0.00
2015/11/03,17.50,18.61,17.10,17.90,0,0.00
2015/11/04,17.50,18.61,17.10,17.90,0,0.00
2015/11/05,17.50,18.61,17.10,17.90,0,0.00
2015/11/06,17.50,18.61,17.10,17.90,0,0.00
2015/11/09,17.50,18.61,17.10,17.90,0,0.00
2015/11/10,17.50,18.61,17.10,17.90,0,0.00
2015/11/11,17.50,18.61,17.10,17.90,0,0.00
2015/11/12,17.50,18.61,17.10,17.90,0,0.00
2015/11/13,17.50,18.61,17.10,17.90,0,0.00
2015/11/16,17.50,18.61,17.10,17.90,0,0.00
2015/11/17,19.69,19.69,19.69,19.69,3429622,67529256.00
2015/11/18,21.66,21.66,21.66,21.66,12577,272417.81
2015/11/19,23.83,23.83,23.83,23.83,5581949,133017848.00
2015/11/20,26.21,26.21,26.00,26.21,4415479,115721536.00
2015/11/23,27.28,27.44,25.15,25.65,16165812,425193824.00
2015/11/24,25.23,28.22,25.22,28.22,13044711,357538496.00
2015/11/25,28.33,31.04,27.81,31.04,8190432,243662432.00
2015/11/26,33.80,34.14,31.53,31.98,12171511,407000064.00
2015/11/27,31.50,33.97,30.45,32.20,8537754,277818656.00
2015/11/30,31.25,32.60,29.65,31.38,6811522,212291232.00
2015/12/01,31.60,33.00,29.00,29.81,5181108,163584704.00
2015/12/02,29.91,30.89,27.58,29.60,4735040,138385760.00
2015/12/03,29.80,31.61,28.70,31.61,4503657,137467168.00
2015/12/04,30.96,34.77,30.94,34.77,6181207,207424624.00
2015/12/07,35.00,36.25,32.40,35.50,8487585,291565184.00
2015/12/08,34.50,35.10,32.68,33.19,5775967,194520512.00
2015/12/09,32.38,32.95,30.57,31.30,5055695,159090112.00
2015/12/10,30.75,32.00,29.74,31.20,4338025,133580592.00
2015/12/11,30.71,31.80,29.45,31.72,4147677,126871056.00
2015/12/14,31.56,31.56,29.00,29.67,3762647,112816904.00
2015/12/15,30.21,32.00,29.67,31.72,4205119,130307960.00
2015/12/16,31.72,34.35,31.58,33.39,4702815,155493120.00
2015/12/17,33.51,36.73,33.51,36.73,5232897,187637744.00
2015/12/18,37.86,38.10,35.24,37.77,7576041,276264672.00
2015/12/21,36.95,40.39,36.09,37.38,5959044,226323312.00
2015/12/22,37.88,38.10,35.29,36.29,4782925,174461808.00
2015/12/23,35.93,37.42,34.95,35.17,3223882,116378240.00
2015/12/24,34.00,35.60,33.85,34.59,3718882,128846960.00
2015/12/25,34.30,37.96,34.30,37.57,3851790,139613328.00
2015/12/28,38.00,39.98,37.81,37.81,4578950,177954336.00
2015/12/29,38.02,39.60,38.02,39.01,4235947,165093264.00
2015/12/30,38.65,39.30,36.80,38.50,3851233,146951872.00
2015/12/31,38.50,38.90,36.41,37.37,4333135,162193136.00
2016/01/04,37.37,37.39,33.63,33.63,3257413,115183224.00
2016/01/05,31.12,34.78,30.52,32.47,5526029,181931664.00
2016/01/06,32.43,33.81,31.00,32.09,3700635,118734304.00
2016/01/07,31.33,31.33,28.88,28.88,578200,17228168.00
2016/01/08,29.30,30.27,26.73,28.40,3734996,108989208.00
2016/01/11,28.83,30.68,26.20,27.68,5481696,158569360.00
2016/01/12,28.55,30.30,27.72,30.11,4209972,122210592.00
2016/01/13,30.25,32.25,30.10,30.70,4024321,125973048.00
2016/01/14,29.51,32.52,27.63,32.15,3961622,119127776.00
2016/01/15,31.99,32.30,30.00,30.10,2646716,82106624.00
2016/01/18,29.00,32.19,28.80,30.92,2520689,77699752.00
2016/01/19,30.88,34.01,30.70,34.01,3940291,130340600.00
2016/01/20,33.40,36.15,33.19,33.80,6080058,209369744.00
2016/01/21,33.57,35.19,32.05,32.34,3811727,128448736.00
2016/01/22,32.50,33.70,31.26,33.55,2493573,81545664.00
2016/01/25,33.96,34.98,32.63,32.90,2410709,80710184.00
2016/01/26,32.00,32.48,29.61,29.61,4335906,132413888.00
2016/01/27,29.16,30.00,26.65,29.44,3978655,110729768.00
2016/01/28,28.80,29.50,27.46,27.65,1852396,52572084.00
2016/01/29,27.96,29.50,27.32,28.50,1874084,53669688.00
2016/02/01,28.50,29.38,27.08,27.25,1721832,48151412.00
2016/02/02,27.80,29.33,27.55,28.70,1790710,51456272.00
2016/02/03,28.20,29.20,27.77,28.92,1456134,41329188.00
2016/02/04,28.88,31.25,28.88,30.00,2457083,74127952.00
2016/02/05,29.90,30.50,27.97,28.00,2525801,73090488.00
2016/02/15,26.20,28.36,26.20,28.25,1947867,53371608.00
2016/02/16,28.23,30.00,28.06,30.00,1797531,52849204.00
2016/02/17,32.80,32.80,29.00,29.85,3154599,94496312.00
2016/02/18,30.00,30.36,29.18,29.98,3007672,89560112.00
2016/02/19,29.71,30.21,28.84,29.97,2079681,61478092.00
2016/02/22,30.11,30.88,29.45,29.97,2980949,88986032.00
2016/02/23,29.97,31.58,29.66,30.70,3814241,116332328.00
2016/02/24,30.30,30.60,27.65,29.60,4632765,134737008.00
2016/02/25,29.00,29.34,26.64,26.64,4413629,120870808.00
2016/02/26,26.40,26.72,23.98,25.05,4630955,115666024.00
2016/02/29,24.55,24.59,22.55,22.55,2481980,56336916.00
2016/03/01,22.01,23.99,20.30,22.38,6453278,138043072.00
2016/03/02,22.36,23.62,21.90,23.28,4421593,101004288.00
2016/03/03,23.25,23.97,22.53,22.69,4714078,110653336.00
2016/03/04,22.70,22.95,20.70,21.31,3701374,79350760.00
2016/03/07,21.55,22.58,21.17,21.59,2997808,65522896.00
2016/03/08,22.00,22.20,20.00,22.00,3046722,64034744.00
2016/03/09,21.41,22.15,21.02,21.84,2112835,45796008.00
2016/03/10,21.75,22.66,21.32,21.90,3250776,71249584.00
2016/03/11,21.90,22.40,21.14,22.02,1985078,43548748.00
2016/03/14,22.50,23.50,22.26,23.15,3451311,79713736.00
2016/03/15,23.10,23.60,22.91,23.18,1799846,41904840.00
2016/03/16,23.68,24.00,22.68,22.69,2076294,48222796.00
2016/03/17,23.10,24.79,22.69,24.65,3700732,88839368.00
2016/03/18,24.41,26.19,24.30,25.87,2951103,75398136.00
2016/03/21,26.58,26.80,25.16,25.94,3984935,102495616.00
2016/03/22,25.98,26.25,24.90,25.48,4200903,107229840.00
2016/03/23,25.46,26.50,24.96,26.39,4312597,110164824.00
2016/03/24,26.04,26.04,24.58,25.34,6117438,155304928.00
2016/03/25,25.00,25.30,24.32,24.72,2751907,68269888.00
2016/03/28,24.96,25.90,24.30,24.50,3835784,97005520.00
2016/03/29,24.58,25.59,23.60,24.86,5107750,127105496.00
2016/03/30,24.89,26.02,24.66,25.87,4049470,103699096.00
2016/03/31,26.10,27.66,26.10,27.39,5201118,140840176.00
2016/04/01,27.49,27.98,26.40,27.88,4566922,124646128.00
2016/04/05,27.98,29.50,27.52,29.24,4876854,140312832.00
2016/04/06,29.00,29.03,27.88,28.34,5018188,142288544.00
2016/04/07,28.45,29.80,28.41,29.21,9819369,286717216.00
2016/04/08,29.00,29.18,27.91,28.74,5696638,162622016.00
2016/04/11,28.80,29.10,28.42,28.88,2825027,81210480.00
2016/04/12,28.89,28.90,27.80,28.10,3359856,95236656.00
2016/04/13,28.33,28.69,28.00,28.05,4296436,122176680.00
2016/04/14,28.06,28.49,28.00,28.39,3244362,91810568.00
2016/04/15,28.37,28.46,27.85,28.25,2870135,80810744.00
2016/04/18,27.91,28.01,26.90,27.79,3706327,101821504.00
2016/04/19,27.79,28.10,26.56,27.10,3407485,92211232.00
2016/04/20,27.00,27.10,24.39,24.56,5344427,135121920.00
2016/04/21,24.46,25.30,24.21,24.60,3006253,74876848.00
2016/04/22,24.45,25.15,24.01,25.00,2558963,63467880.00
2016/04/25,24.73,25.75,24.31,25.00,2799939,70179544.00
2016/04/26,24.87,26.92,24.68,26.30,3746270,97203704.00
2016/04/27,26.34,26.77,25.43,25.57,2571755,66991924.00
2016/04/28,25.46,26.20,24.86,26.18,2365266,60398724.00
2016/04/29,25.93,27.20,25.58,26.78,2858610,76025416.00
2016/05/03,26.41,27.29,26.30,27.08,2584098,69802240.00
2016/05/04,27.08,27.49,26.48,26.78,1868364,50239176.00
2016/05/05,26.78,27.09,26.41,26.96,1230980,32930508.00
2016/05/06,29.50,29.53,26.06,26.66,3509189,95033272.00
2016/05/09,25.80,25.80,24.18,24.45,3033256,75129432.00
2016/05/10,24.09,24.89,24.09,24.50,1587493,39028344.00
2016/05/11,24.78,25.36,24.61,24.90,1941883,48445120.00
2016/05/12,24.26,25.05,24.15,25.04,1478505,36678536.00
2016/05/13,24.82,25.48,24.32,24.60,1585862,39381784.00
2016/05/16,24.31,25.09,24.31,24.96,857724,21303190.00
2016/05/17,25.01,25.34,24.80,25.04,995374,24962134.00
2016/05/18,24.98,24.99,24.00,24.25,1126069,27457110.00
2016/05/19,24.03,24.98,24.03,24.61,885190,21862660.00
2016/05/20,24.35,25.56,24.20,25.10,1572111,39111100.00
2016/05/23,25.20,27.61,25.00,26.60,4428842,119077592.00
2016/05/24,26.40,26.68,25.11,25.35,2554530,65655792.00
2016/05/25,25.37,25.87,24.88,25.40,1452758,36930476.00
2016/05/26,25.48,26.20,25.30,26.15,2345935,60387036.00
2016/05/27,26.00,27.09,25.80,26.88,2565297,68495320.00
2016/05/30,27.01,27.58,26.00,26.66,2372751,63870044.00
2016/05/31,26.79,27.80,26.79,27.75,4234282,116099440.00
2016/06/01,27.75,28.30,27.47,27.75,2833728,78710456.00
2016/06/02,27.89,28.15,27.01,27.65,2066063,57129152.00
2016/06/03,27.65,28.32,27.40,27.98,2734274,76403232.00
2016/06/06,27.98,28.18,27.06,27.46,1672813,45926256.00
2016/06/07,27.50,27.75,27.20,27.64,1591845,43724152.00
2016/06/08,27.47,27.78,27.27,27.30,1631173,44855256.00
2016/06/13,26.79,26.90,26.28,26.31,2871728,76307704.00
2016/06/14,26.03,26.68,26.02,26.35,983023,25877958.00
2016/06/15,26.35,26.35,26.35,26.35,0,0.00
