Date, 300138.Open, 300138.High, 300138.Low, 300138.Close, 300138.Volume, 300138.Adjusted
2010/11/05,38.50,38.90,37.08,37.27,11974018,451640640.00
2010/11/08,37.03,37.88,36.88,37.73,5921497,222115088.00
2010/11/09,37.62,37.62,36.88,37.19,3603874,134072448.00
2010/11/10,37.25,38.48,37.12,37.88,4157580,157799440.00
2010/11/11,37.70,39.88,37.40,38.62,5181103,199763264.00
2010/11/12,38.21,39.58,37.01,37.22,4146649,158121264.00
2010/11/15,37.52,39.24,37.10,39.03,4267190,163405280.00
2010/11/16,38.80,39.60,37.25,37.71,4031464,155346800.00
2010/11/17,37.00,37.28,34.40,34.65,3276691,117420200.00
2010/11/18,34.88,35.53,34.22,35.20,1668758,58428016.00
2010/11/19,35.30,36.23,35.07,35.93,1610351,57433604.00
2010/11/22,35.90,36.90,35.73,36.10,2079041,75532768.00
2010/11/23,36.05,36.30,35.60,36.22,1201969,43144280.00
2010/11/24,36.20,37.51,35.95,37.30,2025316,74867488.00
2010/11/25,37.38,37.63,36.25,36.68,1694384,62456904.00
2010/11/26,36.55,37.58,36.40,37.58,1790533,66644472.00
2010/11/29,37.56,38.26,37.37,37.86,1712769,65024816.00
2010/11/30,37.85,37.85,35.51,36.40,1734406,63538192.00
2010/12/01,36.40,36.69,36.03,36.44,670723,24462876.00
2010/12/02,36.77,36.93,36.27,36.28,794371,29035392.00
2010/12/03,36.20,36.38,35.52,35.71,858938,30784610.00
2010/12/06,35.72,35.89,34.88,35.23,849626,29935126.00
2010/12/07,34.99,35.86,34.80,35.82,558309,19800896.00
2010/12/08,34.99,35.86,34.80,35.82,0,0.00
2010/12/09,35.40,35.59,35.10,35.30,447113,15788563.00
2010/12/10,35.40,36.33,35.21,36.08,586261,21086564.00
2010/12/13,36.29,37.04,36.00,36.81,899697,33011924.00
2010/12/14,36.84,36.97,36.50,36.79,661611,24296788.00
2010/12/15,36.79,37.39,36.60,36.70,1016015,37517780.00
2010/12/16,36.95,37.25,36.67,36.87,567359,20952872.00
2010/12/17,36.81,37.39,36.81,37.26,975411,36200188.00
2010/12/20,37.40,37.47,36.52,37.31,1485853,55211456.00
2010/12/21,37.35,37.68,36.91,37.46,1002119,37412180.00
2010/12/22,37.54,37.54,36.53,36.53,890001,32855178.00
2010/12/23,36.55,36.63,35.70,35.70,793326,28611858.00
2010/12/24,35.70,35.70,35.00,35.24,589121,20778202.00
2010/12/27,35.31,35.59,33.50,33.88,572435,19998770.00
2010/12/28,33.80,34.16,33.52,33.65,506031,17128288.00
2010/12/29,33.88,34.10,33.60,34.08,362504,12254165.00
2010/12/30,34.01,34.19,33.73,33.90,298096,10127989.00
2010/12/31,33.95,34.47,33.86,34.44,490316,16750940.00
2011/01/04,34.50,34.95,34.30,34.84,463534,16092374.00
2011/01/05,34.70,34.98,34.52,34.60,369463,12829495.00
2011/01/06,34.59,34.68,34.00,34.01,392192,13431427.00
2011/01/07,34.02,34.36,33.90,34.00,236585,8072924.00
2011/01/10,33.99,34.05,33.39,33.46,529863,17819892.00
2011/01/11,33.40,33.43,32.53,32.68,536307,17636258.00
2011/01/12,32.75,33.15,32.45,32.99,399367,13117666.00
2011/01/13,33.00,33.73,33.00,33.44,502824,16823232.00
2011/01/14,33.73,34.18,33.48,33.50,1201021,40579036.00
2011/01/17,32.80,33.00,31.85,31.86,615103,19906902.00
2011/01/18,31.51,32.19,31.51,31.83,244872,7812482.50
2011/01/19,31.70,32.47,31.70,32.21,346613,11128472.00
2011/01/20,32.15,32.15,30.51,30.51,607925,19058760.00
2011/01/21,30.55,30.98,30.21,30.50,367222,11210075.00
2011/01/24,30.74,30.74,29.33,29.34,437551,13062019.00
2011/01/25,29.28,29.28,28.40,28.80,412685,11836646.00
2011/01/26,28.67,29.44,28.67,29.38,320279,9342543.00
2011/01/27,28.93,29.78,28.84,29.69,307508,9070628.00
2011/01/28,29.88,30.46,29.70,30.25,452295,13633007.00
2011/01/31,30.05,30.35,29.80,30.25,269836,8123932.50
2011/02/01,30.49,30.49,30.13,30.26,229943,6951685.50
2011/02/09,30.00,30.00,28.80,29.15,1650531,48173064.00
2011/02/10,29.09,30.38,28.98,30.38,1411162,41893388.00
2011/02/11,30.30,30.69,30.01,30.42,934374,28384146.00
2011/02/14,30.71,30.90,30.30,30.71,968415,29658648.00
2011/02/15,30.65,31.29,30.50,30.85,1232677,37954584.00
2011/02/16,30.70,31.21,30.66,31.15,862271,26712430.00
2011/02/17,31.22,31.56,30.82,31.30,842995,26312150.00
2011/02/18,31.14,31.25,30.61,30.76,704843,21782460.00
2011/02/21,30.52,31.28,30.52,31.19,591867,18347264.00
2011/02/22,31.20,31.25,30.02,30.03,992647,30382688.00
2011/02/23,30.02,30.67,30.01,30.50,604575,18366336.00
2011/02/24,30.48,30.95,30.32,30.90,636423,19513402.00
2011/02/25,30.90,31.00,30.23,30.90,542488,16676617.00
2011/02/28,30.76,31.26,30.71,31.25,726336,22499740.00
2011/03/01,31.36,31.39,30.92,31.14,722482,22522852.00
2011/03/02,31.02,31.24,30.71,30.91,448525,13870940.00
2011/03/03,30.97,31.13,30.31,30.39,552558,16963890.00
2011/03/04,30.47,30.68,30.18,30.58,278530,8464840.00
2011/03/07,30.53,30.98,30.53,30.96,462102,14214312.00
2011/03/08,30.82,31.39,30.82,31.26,617692,19296292.00
2011/03/09,31.28,31.38,31.01,31.22,343205,10697299.00
2011/03/10,31.27,31.82,31.10,31.50,992299,31290248.00
2011/03/11,31.45,31.98,31.21,31.80,904089,28680870.00
2011/03/14,31.81,32.42,31.66,32.36,733357,23590648.00
2011/03/15,32.30,32.52,31.30,32.49,929252,29623822.00
2011/03/16,32.47,33.42,32.40,33.01,1121533,37045736.00
2011/03/17,33.10,33.10,31.73,31.80,959932,31110696.00
2011/03/18,32.19,32.39,31.85,32.18,342079,10991976.00
2011/03/21,32.00,32.19,31.61,31.85,418290,13314965.00
2011/03/22,31.89,32.27,31.64,32.10,421926,13494233.00
2011/03/23,32.20,32.78,32.20,32.56,483844,15765470.00
2011/03/24,32.70,32.73,32.25,32.27,514656,16660567.00
2011/03/25,32.48,32.75,31.94,31.98,738846,23874852.00
2011/03/28,31.93,32.58,31.93,32.14,665951,21466480.00
2011/03/29,32.30,32.30,30.85,31.80,1042588,32537528.00
2011/03/30,32.30,32.30,30.85,31.80,0,0.00
2011/03/31,29.85,31.00,29.85,30.60,1916350,58400940.00
2011/04/01,30.47,31.30,30.47,31.30,1452768,45165364.00
2011/04/06,31.25,31.70,30.90,31.66,1274758,39979520.00
2011/04/07,31.97,31.97,30.38,30.79,1213167,37901060.00
2011/04/08,30.58,31.20,30.58,31.10,475695,14761531.00
2011/04/11,31.02,31.26,30.90,31.24,687412,21391598.00
2011/04/12,31.25,31.25,31.00,31.05,517110,16056758.00
2011/04/13,31.01,31.68,31.00,31.67,581006,18274436.00
2011/04/14,31.51,31.66,30.92,31.15,580401,18095646.00
2011/04/15,31.06,31.18,30.72,31.17,453083,14029089.00
2011/04/18,30.82,31.20,30.81,31.15,439579,13644108.00
2011/04/19,30.83,31.14,30.72,31.12,662738,20486258.00
2011/04/20,31.05,31.41,31.03,31.10,662583,20660964.00
2011/04/21,31.05,31.17,30.80,31.12,757361,23508490.00
2011/04/22,31.22,31.22,30.50,31.11,562086,17360804.00
2011/04/25,31.22,31.22,30.50,31.11,0,0.00
2011/04/26,30.98,33.27,30.96,32.08,3319591,106425904.00
2011/04/27,32.20,33.09,31.88,32.45,2287623,74280096.00
2011/04/28,32.52,32.83,30.00,30.85,1590638,50390500.00
2011/04/29,30.87,31.25,30.04,30.72,775976,23921312.00
2011/05/03,30.82,31.26,30.55,30.81,986036,30430178.00
2011/05/04,30.75,30.75,29.50,29.51,951512,28578608.00
2011/05/05,29.44,29.99,29.13,29.90,338671,10093507.00
2011/05/06,29.79,30.36,29.59,30.15,322711,9700094.00
2011/05/09,30.38,30.77,30.17,30.36,509409,15538974.00
2011/05/10,30.43,30.68,30.04,30.52,372111,11308743.00
2011/05/11,30.32,30.68,30.27,30.46,272210,8303284.50
2011/05/12,30.34,30.40,30.03,30.03,348687,10529375.00
2011/05/13,30.28,30.42,29.86,30.38,255606,7691207.50
2011/05/16,30.47,30.65,30.30,30.40,271730,8288098.50
2011/05/17,30.55,30.78,30.06,30.55,323520,9874499.00
2011/05/18,30.58,30.69,30.37,30.56,187185,5715194.00
2011/05/19,30.75,31.16,30.65,30.75,418458,12941761.00
2011/05/20,30.77,30.77,29.93,30.20,351744,10620273.00
2011/05/23,30.01,30.20,28.89,28.90,421489,12353459.00
2011/05/24,28.89,30.10,28.29,29.70,584296,17089202.00
2011/05/25,29.50,29.68,28.85,29.10,243504,7107755.50
2011/05/26,29.16,29.64,28.85,28.85,308568,9023335.00
2011/05/27,28.50,29.32,28.50,28.73,247762,7161642.50
2011/05/30,28.50,29.29,28.41,28.81,222771,6455238.00
2011/05/31,28.81,29.37,28.81,29.32,241215,7026313.50
2011/06/01,29.21,29.61,29.15,29.50,308790,9084424.00
2011/06/02,29.26,29.26,28.88,29.02,255961,7431392.00
2011/06/03,29.10,29.72,29.10,29.69,241520,7121226.50
2011/06/07,29.51,29.86,29.51,29.64,157641,4675912.00
2011/06/08,29.51,29.75,29.08,29.32,147577,4327849.00
2011/06/09,29.40,29.45,29.02,29.02,167265,4883036.00
2011/06/10,28.72,29.29,28.33,28.73,250232,7163505.00
2011/06/13,28.67,29.10,28.51,28.96,128010,3695743.00
2011/06/14,28.75,29.30,28.75,29.17,162762,4747952.50
2011/06/15,29.15,29.23,28.66,28.85,162003,4697820.00
2011/06/16,28.60,28.76,28.29,28.40,163903,4669676.00
2011/06/17,28.35,28.60,28.32,28.54,118886,3382629.75
2011/06/20,28.40,28.54,28.22,28.24,146054,4141244.75
2011/06/21,28.20,28.48,27.62,28.00,322960,9034805.00
2011/06/22,27.90,27.99,26.94,27.09,357159,9740477.00
2011/06/23,26.98,27.80,26.50,27.69,241664,6637329.00
2011/06/24,27.60,28.47,27.51,28.30,579485,16251426.00
2011/06/27,28.30,28.67,28.10,28.24,457242,12977320.00
2011/06/28,28.10,28.40,27.93,28.26,301731,8504209.00
2011/06/29,28.16,28.33,27.70,27.70,271726,7625044.00
2011/06/30,27.65,28.10,27.62,27.98,264094,7381706.00
2011/07/01,28.10,28.63,27.73,28.28,343350,9753716.00
2011/07/04,28.17,28.89,28.17,28.89,539867,15454560.00
2011/07/05,28.98,29.09,28.68,28.97,378294,10925382.00
2011/07/06,28.98,29.39,28.71,29.26,446697,13002172.00
2011/07/07,29.21,30.23,29.21,29.92,802171,23913666.00
2011/07/08,29.82,30.12,29.54,29.80,366546,10929290.00
2011/07/11,29.56,30.15,29.50,29.95,287627,8593497.00
2011/07/12,29.62,29.63,29.00,29.03,518102,15142403.00
2011/07/13,29.05,30.07,29.05,29.99,589321,17494958.00
2011/07/14,30.18,30.86,29.99,30.52,678907,20750040.00
2011/07/15,30.77,31.25,30.25,31.00,813445,25195244.00
2011/07/18,31.36,31.50,30.52,31.00,709590,21999370.00
2011/07/19,30.96,30.96,30.02,30.14,488791,14802266.00
2011/07/20,30.47,30.58,29.92,30.30,648691,19645362.00
2011/07/21,30.60,30.68,30.18,30.20,358811,10886326.00
2011/07/22,30.21,31.38,30.21,30.82,812835,25120492.00
2011/07/25,30.91,31.85,30.30,30.32,1029277,32061752.00
2011/07/26,30.38,30.85,29.50,30.00,432086,12898655.00
2011/07/27,29.89,31.33,29.70,31.27,706926,21786984.00
2011/07/28,30.89,32.06,30.82,31.86,1034726,32757504.00
2011/07/29,31.80,31.90,31.06,31.45,577322,18177694.00
2011/08/01,31.21,32.63,31.21,32.25,968842,31191098.00
2011/08/02,32.00,32.23,31.00,31.94,751581,23689168.00
2011/08/03,31.48,32.16,31.25,31.91,618211,19710370.00
2011/08/04,31.82,32.27,31.28,31.40,636502,20167712.00
2011/08/05,30.71,30.71,30.02,30.44,625261,19052010.00
2011/08/08,28.11,29.80,27.40,27.40,1535408,42839208.00
2011/08/09,26.30,27.26,26.13,27.06,902062,24093762.00
2011/08/10,27.44,27.80,27.14,27.28,890722,24533750.00
2011/08/11,26.61,27.87,26.41,27.76,808897,22087440.00
2011/08/12,27.77,28.28,27.72,27.90,846960,23696258.00
2011/08/15,28.26,28.46,27.81,28.29,658789,18537372.00
2011/08/16,28.29,28.55,27.89,27.89,529200,14906234.00
2011/08/17,27.80,28.07,27.40,27.79,450964,12495175.00
2011/08/18,27.73,27.94,27.18,27.18,430370,11821643.00
2011/08/19,26.50,27.35,26.50,27.30,370988,10000083.00
2011/08/22,27.31,27.69,27.31,27.43,330878,9108796.00
2011/08/23,27.31,27.69,27.31,27.43,0,0.00
2011/08/24,28.90,29.98,28.45,28.84,2010636,58654164.00
2011/08/25,28.61,28.87,27.92,28.50,1395791,39552304.00
2011/08/26,28.26,28.95,28.25,28.92,795473,22873608.00
2011/08/29,28.85,29.48,28.66,28.96,899610,26176192.00
2011/08/30,28.97,29.29,28.25,28.30,607665,17519194.00
2011/08/31,28.45,28.60,28.00,28.15,446439,12596507.00
2011/09/01,28.30,28.56,28.05,28.10,278100,7871406.00
2011/09/02,28.15,28.24,27.69,28.01,351061,9792078.00
2011/09/05,27.50,27.90,27.50,27.50,313800,8676347.00
2011/09/06,27.20,27.64,27.00,27.40,321682,8759304.00
2011/09/07,27.58,28.07,27.40,28.06,325982,9073620.00
2011/09/08,28.30,28.30,27.53,27.57,218001,6101266.00
2011/09/09,27.43,27.82,27.20,27.31,186450,5114655.00
2011/09/13,27.01,27.08,26.56,26.84,255311,6838374.00
2011/09/14,26.97,27.20,26.58,27.20,151089,4058470.25
2011/09/15,27.20,27.25,27.05,27.05,209898,5703852.50
2011/09/16,27.22,27.23,26.74,26.92,165380,4465573.50
2011/09/19,26.64,26.77,26.42,26.43,214403,5687121.00
2011/09/20,26.21,26.67,26.21,26.60,158011,4173694.50
2011/09/21,26.58,27.34,26.41,27.34,292995,7920987.00
2011/09/22,27.17,27.17,26.51,26.52,204800,5488002.00
2011/09/23,26.22,26.50,26.05,26.30,241170,6325887.00
2011/09/26,26.20,26.43,26.00,26.08,160480,4199595.50
2011/09/27,26.49,26.50,26.09,26.18,79620,2089639.50
2011/09/28,26.46,26.49,26.02,26.19,94899,2493129.75
2011/09/29,26.00,26.18,25.23,25.40,239370,6170403.50
2011/09/30,25.40,25.43,25.06,25.34,99800,2520874.00
2011/10/10,25.48,26.00,25.47,25.51,67248,1722986.50
2011/10/11,26.00,26.12,25.45,25.72,86364,2226359.75
2011/10/12,25.11,26.55,25.11,26.49,222354,5822995.00
2011/10/13,26.27,26.79,26.27,26.59,229067,6087624.50
2011/10/14,26.35,26.59,26.11,26.35,83086,2190474.50
2011/10/17,26.28,26.57,26.21,26.37,119333,3151630.00
2011/10/18,26.21,26.30,25.41,25.50,157700,4065971.50
2011/10/19,25.45,25.62,25.31,25.50,92580,2355562.25
2011/10/20,25.26,25.48,24.80,24.85,226713,5665918.00
2011/10/21,24.85,24.99,24.06,24.40,122599,3016004.75
2011/10/24,24.40,24.92,24.06,24.88,165237,4055538.25
2011/10/25,24.79,25.63,24.62,25.58,209017,5294012.50
2011/10/26,25.38,26.05,25.38,25.83,238010,6117288.50
2011/10/27,25.88,26.17,25.54,25.67,164979,4267054.00
2011/10/28,26.12,26.15,25.58,26.08,256004,6618156.00
2011/10/31,26.08,26.44,26.08,26.19,275061,7224840.50
2011/11/01,25.87,26.80,25.87,26.46,403839,10676830.00
2011/11/02,26.00,27.00,25.74,26.94,633846,16860122.00
2011/11/03,27.00,27.78,26.70,26.72,685390,18680164.00
2011/11/04,26.93,27.82,26.92,27.60,917666,25310510.00
2011/11/07,27.57,27.68,27.25,27.37,270660,7412922.50
2011/11/08,27.50,27.79,27.10,27.17,418955,11483537.00
2011/11/09,27.28,27.87,27.18,27.81,422395,11664145.00
2011/11/10,27.28,27.87,27.18,27.81,0,0.00
2011/11/11,27.80,28.15,27.23,27.25,324711,9026211.00
2011/11/14,27.48,28.01,27.48,27.89,438244,12195762.00
2011/11/15,27.82,28.20,27.79,27.88,304839,8523519.00
2011/11/16,27.89,28.00,27.00,27.24,279587,7701385.50
2011/11/17,27.28,27.88,27.11,27.68,213207,5873079.00
2011/11/18,27.30,28.06,27.17,27.18,363880,10086522.00
2011/11/21,27.29,27.29,26.45,27.20,213371,5722453.50
2011/11/22,26.80,27.24,26.70,27.11,107287,2897391.00
2011/11/23,27.20,27.92,27.19,27.55,436781,12037682.00
2011/11/24,27.30,28.28,27.01,27.99,493842,13769427.00
2011/11/25,27.99,28.17,27.60,27.65,239170,6667755.00
2011/11/28,27.59,28.85,27.59,28.51,712278,20182504.00
2011/11/29,28.60,28.64,28.18,28.40,373640,10613369.00
2011/11/30,28.30,29.48,27.51,28.75,1140629,32787284.00
2011/12/01,29.30,30.11,28.85,29.80,1202939,35759132.00
2011/12/02,29.48,29.90,28.30,29.00,475499,13905308.00
2011/12/05,28.40,29.12,27.31,27.31,314899,8832690.00
2011/12/06,27.29,27.74,26.78,26.88,278267,7508086.50
2011/12/07,27.25,27.38,26.62,27.05,145317,3927351.25
2011/12/08,26.98,27.55,26.52,27.23,248779,6752338.00
2011/12/09,26.88,27.40,26.65,26.88,146350,3951851.00
2011/12/12,26.90,27.31,26.31,26.47,216400,5806206.50
2011/12/13,26.40,26.43,25.41,25.49,241727,6200644.50
2011/12/14,25.40,25.67,25.01,25.18,139350,3526626.50
2011/12/15,25.18,25.38,24.75,24.76,283301,7077321.00
2011/12/16,25.15,25.50,24.31,25.36,271331,6735892.50
2011/12/19,25.00,25.23,24.38,25.00,679969,16776295.00
2011/12/20,24.88,25.30,24.60,24.62,228070,5676155.50
2011/12/21,24.85,24.99,24.30,24.30,265849,6573268.00
2011/12/22,24.10,24.32,23.40,23.90,227808,5419317.00
2011/12/23,23.52,24.29,23.52,23.95,137050,3293362.00
2011/12/26,24.26,24.27,23.61,23.92,129382,3118216.25
2011/12/27,24.15,24.15,23.30,23.33,102218,2416554.25
2011/12/28,23.19,23.59,22.90,23.48,189600,4405160.50
2011/12/29,23.48,23.67,23.20,23.43,112900,2655114.50
2011/12/30,23.80,23.99,23.70,23.92,109670,2614486.50
2012/01/04,23.83,24.23,23.65,23.65,173199,4142478.00
2012/01/05,23.45,23.93,23.00,23.36,185298,4344374.00
2012/01/06,23.18,23.39,22.37,23.10,193672,4433839.50
2012/01/09,23.30,24.15,22.52,24.12,279422,6525311.00
2012/01/10,24.10,25.21,23.91,25.00,320639,7912175.50
2012/01/11,25.00,25.29,24.73,25.26,220419,5516771.00
2012/01/12,25.01,25.40,24.65,25.00,304539,7592044.50
2012/01/13,24.71,25.18,22.80,24.19,434200,10525990.00
2012/01/16,23.90,23.90,21.77,21.89,357590,8095011.50
2012/01/17,22.18,22.93,21.54,22.80,386282,8606999.00
2012/01/18,22.55,22.95,22.01,22.03,288042,6492062.50
2012/01/19,22.20,22.49,21.72,22.42,207112,4613344.00
2012/01/20,22.35,23.05,22.30,23.00,223590,5096530.50
2012/01/30,23.08,23.37,22.85,23.08,219796,5077442.00
2012/01/31,23.16,23.16,22.65,23.07,140359,3204237.00
2012/02/01,23.08,23.43,22.93,23.36,195364,4536337.00
2012/02/02,23.45,23.76,23.30,23.70,198199,4659529.50
2012/02/03,23.46,24.30,23.45,24.14,203826,4864881.00
2012/02/06,24.14,24.17,23.85,24.05,133560,3204688.50
2012/02/07,23.98,24.03,23.26,23.40,123850,2920431.50
2012/02/08,23.40,24.10,23.32,24.01,336172,7953112.50
2012/02/09,23.95,24.40,23.84,24.18,291097,7029515.00
2012/02/10,24.08,24.29,23.92,24.15,223750,5401678.00
2012/02/13,23.75,24.54,23.75,24.40,368765,8968715.00
2012/02/14,24.40,24.57,24.21,24.46,368183,9001947.00
2012/02/15,24.40,24.69,24.40,24.65,233410,5732218.00
2012/02/16,24.70,24.71,24.29,24.58,310347,7615358.50
2012/02/17,24.56,24.88,24.15,24.42,145700,3559700.50
2012/02/20,24.88,25.03,24.60,24.89,421513,10467104.00
2012/02/21,24.89,25.28,24.78,25.28,299957,7503285.50
2012/02/22,25.57,25.98,25.10,25.98,405904,10390126.00
2012/02/23,26.00,26.00,25.61,26.00,273092,7051539.00
2012/02/24,25.99,26.18,25.86,26.00,259600,6743227.50
2012/02/27,25.95,26.45,25.80,25.92,498099,13025343.00
2012/02/28,25.91,26.49,25.71,26.30,574322,14925567.00
2012/02/29,25.87,25.87,24.91,25.00,574722,14542907.00
2012/03/01,25.00,25.27,24.92,25.24,257970,6479236.50
2012/03/02,25.39,26.24,25.00,26.02,593325,15284333.00
2012/03/05,25.91,26.44,25.91,26.16,340014,8913121.00
2012/03/06,26.18,26.91,26.03,26.80,552118,14634413.00
2012/03/07,26.57,27.07,26.46,26.50,265917,7119586.50
2012/03/08,26.60,26.91,26.59,26.65,175285,4687999.00
2012/03/09,26.82,27.16,26.82,27.13,418724,11329042.00
2012/03/12,27.35,28.18,27.21,27.50,834084,23028280.00
2012/03/13,27.10,27.58,26.40,26.76,1648669,44321880.00
2012/03/14,26.78,28.00,26.76,26.95,1896041,51677548.00
2012/03/15,26.86,27.10,26.11,26.69,589174,15623408.00
2012/03/16,26.69,26.90,26.31,26.82,521612,13903132.00
2012/03/19,26.90,26.90,26.61,26.80,464055,12428441.00
2012/03/20,26.71,26.85,25.70,25.80,582728,15202505.00
2012/03/21,25.99,25.99,25.14,25.40,371460,9473865.00
2012/03/22,25.33,25.53,25.27,25.44,237063,6023573.50
2012/03/23,25.49,25.49,25.03,25.28,159250,4014392.00
2012/03/26,25.13,25.48,25.13,25.40,150714,3817321.75
2012/03/27,25.25,25.51,25.00,25.20,215746,5427813.00
2012/03/28,25.07,25.07,24.19,24.20,197140,4826471.00
2012/03/29,24.15,24.20,23.71,23.90,128900,3090187.00
2012/03/30,23.76,24.00,23.01,23.35,138483,3259382.75
2012/04/05,23.30,24.00,23.08,24.00,196672,4670653.00
2012/04/06,23.30,24.00,23.08,24.00,0,0.00
2012/04/09,23.91,24.18,23.60,24.04,132311,3169512.00
2012/04/10,24.10,24.10,23.28,24.10,121948,2902417.75
2012/04/11,23.90,24.05,23.70,23.95,78106,1864175.00
2012/04/12,23.87,24.65,23.87,24.39,172744,4179134.25
2012/04/13,24.32,24.57,24.30,24.57,221190,5401226.00
2012/04/16,24.52,24.80,24.50,24.71,298210,7342538.50
2012/04/17,24.60,24.67,24.01,24.07,245848,5946486.50
2012/04/18,24.16,24.45,23.91,24.33,262525,6351708.50
2012/04/19,24.40,25.32,24.20,25.01,584585,14534672.00
2012/04/20,25.14,25.15,24.86,25.09,404003,10103774.00
2012/04/23,24.85,25.05,24.05,24.15,380310,9301083.00
2012/04/24,11.22,11.97,11.22,11.50,470474,5438859.50
2012/04/25,11.70,12.65,11.66,12.65,4160289,52452552.00
2012/04/26,13.22,13.57,12.62,12.62,5268867,68846928.00
2012/04/27,12.10,12.61,11.51,11.89,2885842,34689080.00
2012/05/02,12.02,12.45,11.97,12.38,2669110,32488980.00
2012/05/03,12.24,13.08,12.12,12.69,2462046,30964830.00
2012/05/04,12.62,12.84,12.47,12.52,1747585,21991756.00
2012/05/07,12.52,12.95,12.24,12.80,1790529,22614328.00
2012/05/08,12.81,12.85,12.42,12.63,1461929,18430666.00
2012/05/09,12.50,12.50,12.13,12.19,1315120,16104367.00
2012/05/10,12.21,12.34,12.13,12.19,624549,7634367.50
2012/05/11,12.19,12.35,12.13,12.15,588900,7199575.50
2012/05/14,12.26,12.30,12.12,12.13,577727,7062396.50
2012/05/15,12.13,12.17,11.93,12.10,524687,6311609.50
2012/05/16,12.14,12.14,11.98,11.98,358920,4321240.50
2012/05/17,11.98,12.18,11.93,12.10,628704,7584878.50
2012/05/18,12.00,12.06,11.70,11.72,618021,7347298.00
2012/05/21,11.71,11.90,11.63,11.80,466820,5500088.50
2012/05/22,11.81,12.03,11.81,11.94,515739,6161540.50
2012/05/23,11.93,11.99,11.60,11.68,443219,5209428.50
2012/05/24,11.62,11.70,11.55,11.65,381491,4430717.50
2012/05/25,11.66,11.66,11.33,11.40,416132,4783748.50
2012/05/28,11.40,11.48,11.26,11.45,269210,3053529.50
2012/05/29,11.63,11.70,11.45,11.64,431937,5006959.50
2012/05/30,11.75,12.06,11.62,11.80,590350,7014093.50
2012/05/31,11.70,12.37,11.60,12.16,1574865,18979926.00
2012/06/01,12.10,12.30,11.92,12.05,625655,7532243.00
2012/06/04,11.98,11.98,11.51,11.51,645075,7536457.50
2012/06/05,11.55,11.68,11.41,11.54,407401,4689527.00
2012/06/06,11.55,11.55,11.31,11.35,341137,3907840.00
2012/06/07,11.54,11.54,11.22,11.28,323590,3690313.75
2012/06/08,11.44,11.45,11.25,11.31,243610,2761069.75
2012/06/11,11.28,11.58,11.28,11.50,312797,3591912.25
2012/06/12,11.50,11.63,11.45,11.51,396518,4568138.00
2012/06/13,11.59,11.70,11.48,11.68,563492,6546466.50
2012/06/14,11.66,12.66,11.62,12.39,2493060,30519244.00
2012/06/15,12.40,12.55,12.03,12.18,1635794,20078732.00
2012/06/18,12.13,12.37,12.13,12.37,1280599,15690787.00
2012/06/19,12.37,13.01,12.31,12.78,3474147,44377104.00
2012/06/20,12.70,12.97,12.50,12.87,1819147,23074740.00
2012/06/21,12.72,12.73,12.25,12.30,1153865,14365201.00
2012/06/25,12.40,12.52,12.00,12.00,730801,8955589.00
2012/06/26,11.91,11.98,11.69,11.95,670500,7923778.00
2012/06/27,12.10,13.15,12.09,13.15,3047880,39632716.00
2012/06/28,13.60,14.19,13.33,13.65,7959331,109145240.00
2012/06/29,13.51,13.96,13.18,13.83,5004297,68205224.00
2012/07/02,13.90,14.57,13.56,14.06,5686968,80142256.00
2012/07/03,14.00,15.47,13.84,15.47,6144868,91203448.00
2012/07/04,15.95,15.96,14.47,14.88,8004550,121478320.00
2012/07/05,14.58,14.68,14.30,14.47,3716847,53692360.00
2012/07/06,14.40,14.68,13.81,14.47,5024477,71522192.00
2012/07/09,14.33,15.92,14.03,15.28,9948204,151062288.00
2012/07/10,14.78,15.28,14.42,14.90,5138727,75971088.00
2012/07/11,15.08,15.08,13.65,14.10,5647722,81219736.00
2012/07/12,13.99,14.49,13.52,14.13,4471030,62924684.00
2012/07/13,14.10,14.46,13.80,13.86,3776138,53379028.00
2012/07/16,13.37,13.48,12.47,12.47,4541283,58249436.00
2012/07/17,12.02,12.36,11.83,12.35,1864211,22602390.00
2012/07/18,12.13,13.05,12.13,12.92,2940294,37296244.00
2012/07/19,12.84,13.35,12.71,12.81,2082036,27185466.00
2012/07/20,12.74,13.00,12.62,12.65,1250194,16005862.00
2012/07/23,12.74,12.74,12.11,12.42,1348518,16653581.00
2012/07/24,12.26,13.10,12.21,13.09,2892113,37026900.00
2012/07/25,12.90,13.15,12.75,12.78,1643944,21285662.00
2012/07/26,12.80,13.30,12.72,12.97,2275332,29770062.00
2012/07/27,12.97,13.08,12.30,12.43,1804637,22655830.00
2012/07/30,12.40,12.54,11.50,11.70,1587440,19057898.00
2012/07/31,11.58,11.67,11.22,11.47,982826,11239694.00
2012/08/01,11.56,12.10,11.48,11.78,1095810,12974150.00
2012/08/02,11.66,12.50,11.66,12.03,2170903,26314140.00
2012/08/03,12.06,12.37,11.86,12.35,1529648,18577854.00
2012/08/06,12.11,13.40,12.06,12.98,2586512,32924602.00
2012/08/07,12.85,13.40,12.75,13.06,2286515,29679168.00
2012/08/08,13.06,13.10,12.68,12.91,1133108,14543154.00
2012/08/09,12.91,13.24,12.72,13.13,1935162,25206458.00
2012/08/10,13.12,13.12,12.77,12.80,1283891,16526654.00
2012/08/13,12.80,12.80,12.50,12.50,849744,10723985.00
2012/08/14,12.60,12.60,11.91,12.39,1331046,16222388.00
2012/08/15,12.25,12.34,12.10,12.12,720172,8797266.00
2012/08/16,12.03,12.30,11.99,12.11,699763,8522918.00
2012/08/17,12.15,12.15,11.91,12.04,493272,5921265.50
2012/08/20,11.90,12.27,11.70,12.23,544133,6536574.00
2012/08/21,12.12,12.59,12.11,12.49,1039549,12928916.00
2012/08/22,12.50,12.58,12.03,12.12,1092650,13521425.00
2012/08/23,12.13,12.49,12.10,12.48,900252,11078269.00
2012/08/24,12.47,12.47,11.91,11.93,842190,10241943.00
2012/08/27,11.85,11.87,11.55,11.60,640810,7483681.00
2012/08/28,11.56,12.20,11.56,11.89,1128961,13413915.00
2012/08/29,11.80,12.06,11.71,11.73,542310,6437643.50
2012/08/30,11.73,11.84,11.15,11.36,810275,9266107.00
2012/08/31,11.36,11.56,11.30,11.49,356069,4077451.75
2012/09/03,11.30,11.74,11.30,11.73,545713,6341838.00
2012/09/04,11.65,11.98,11.65,11.69,684924,8095664.00
2012/09/05,11.65,11.96,11.65,11.94,804021,9539768.00
2012/09/06,11.92,12.17,11.85,12.12,916801,11025182.00
2012/09/07,12.19,12.55,12.11,12.40,1725506,21342758.00
2012/09/10,12.31,12.47,12.16,12.30,1026962,12632033.00
2012/09/11,12.25,12.74,12.21,12.34,1550560,19320118.00
2012/09/12,12.37,12.44,12.21,12.33,1196145,14690056.00
2012/09/13,12.19,12.47,12.12,12.12,861218,10574244.00
2012/09/14,12.23,12.37,12.03,12.27,908234,11126645.00
2012/09/17,12.27,13.10,12.00,12.64,3014424,38278468.00
2012/09/18,12.40,12.52,12.20,12.36,1298184,16047864.00
2012/09/19,12.35,12.88,12.24,12.60,1434993,18111864.00
2012/09/20,12.50,12.50,11.70,11.72,1420301,17128952.00
2012/09/21,11.51,11.79,11.15,11.15,1396334,15934718.00
2012/09/24,10.97,11.17,10.58,10.95,935493,10124078.00
2012/09/25,10.85,11.07,10.75,10.78,423201,4595369.50
2012/09/26,10.80,10.87,10.37,10.37,600281,6349004.50
2012/09/27,10.48,10.74,10.33,10.64,597673,6300415.00
2012/09/28,10.65,10.95,10.60,10.93,521216,5662917.00
2012/10/08,10.81,10.99,10.75,10.87,401586,4352115.50
2012/10/09,10.92,11.54,10.91,11.40,809756,9183592.00
2012/10/10,11.31,11.68,11.31,11.38,730174,8353980.00
2012/10/11,11.39,11.53,11.16,11.16,540000,6142850.00
2012/10/12,11.28,11.38,11.00,11.12,448099,4989813.00
2012/10/15,10.72,10.77,10.01,10.06,2061983,21130408.00
2012/10/16,10.05,10.12,9.97,10.05,993689,9993587.00
2012/10/17,10.10,10.21,9.98,10.16,655784,6627508.50
2012/10/18,10.07,10.27,10.07,10.25,1431863,14619351.00
2012/10/19,10.24,10.28,10.09,10.17,1306224,13264679.00
2012/10/22,10.16,10.26,10.06,10.26,818702,8313422.00
2012/10/23,10.29,10.34,10.08,10.10,963000,9824660.00
2012/10/24,10.12,10.12,9.99,10.03,790926,7937978.00
2012/10/25,10.06,10.11,10.00,10.07,465500,4681652.00
2012/10/26,10.00,10.00,9.60,9.68,858491,8378041.00
2012/10/29,9.67,9.95,9.50,9.90,776413,7569519.50
2012/10/30,9.70,9.98,9.61,9.68,1652985,16205546.00
2012/10/31,9.62,9.63,9.23,9.35,1425611,13275963.00
2012/11/01,9.36,9.48,9.30,9.40,1227610,11552928.00
2012/11/02,9.42,9.47,9.30,9.42,1034952,9696039.00
2012/11/05,9.40,9.41,9.27,9.30,873018,8136932.00
2012/11/06,9.33,9.36,9.20,9.34,811270,7533405.50
2012/11/07,9.34,10.18,9.28,9.85,3281044,32049138.00
2012/11/08,9.60,10.11,9.52,9.81,3675671,36323512.00
2012/11/09,9.73,9.95,9.52,9.65,1635591,15854125.00
2012/11/12,9.64,9.64,8.79,9.31,1598444,14778130.00
2012/11/13,9.30,9.30,8.99,9.00,1233324,11188121.00
2012/11/14,9.08,9.08,8.90,9.08,585893,5272593.50
2012/11/15,8.90,9.00,8.68,8.76,552485,4895025.00
2012/11/16,8.69,8.78,8.66,8.70,444437,3872795.00
2012/11/19,8.60,8.89,8.60,8.87,378366,3306845.50
2012/11/20,8.87,8.96,8.75,8.83,405866,3595027.25
2012/11/21,8.91,9.03,8.80,8.97,458547,4083338.50
2012/11/22,8.98,9.76,8.91,9.29,2179467,20482934.00
2012/11/23,9.18,9.29,9.06,9.16,1018501,9326632.00
2012/11/26,9.14,9.36,8.83,8.91,565699,5111751.00
2012/11/27,8.91,8.91,8.24,8.24,951212,8057018.50
2012/11/28,8.25,8.25,8.07,8.10,369599,3002787.50
2012/11/29,8.17,8.20,8.03,8.06,269950,2188589.25
2012/11/30,8.10,8.15,8.03,8.15,318729,2582878.00
2012/12/03,8.14,8.15,7.88,7.88,427104,3407027.00
2012/12/04,7.85,8.00,7.71,7.96,547165,4282476.50
2012/12/05,7.95,8.27,7.88,8.24,1233396,10103741.00
2012/12/06,8.22,8.29,8.16,8.23,721541,5924708.00
2012/12/07,8.20,8.51,8.20,8.43,1084669,9100551.00
2012/12/10,8.51,8.66,8.49,8.59,1241248,10625656.00
2012/12/11,8.52,8.64,8.49,8.49,770205,6583443.50
2012/12/12,8.49,8.49,8.28,8.45,816983,6839865.00
2012/12/13,8.42,8.48,8.25,8.25,578658,4851652.00
2012/12/14,8.21,8.66,8.21,8.56,1658086,14106046.00
2012/12/17,8.52,9.42,8.50,9.07,3270299,29548446.00
2012/12/18,8.99,9.14,8.86,8.99,2110156,18996704.00
2012/12/19,8.90,9.12,8.90,9.04,1388290,12518483.00
2012/12/20,8.98,9.27,8.80,9.19,2273828,20537128.00
2012/12/21,9.19,9.23,9.05,9.11,1762833,16103239.00
2012/12/24,9.08,9.18,9.01,9.07,1120709,10184470.00
2012/12/25,9.03,9.80,9.01,9.38,2958716,27704892.00
2012/12/26,9.36,9.63,9.35,9.58,2327211,22055160.00
2012/12/27,9.60,9.66,9.32,9.33,1895657,17831442.00
2012/12/28,9.30,9.40,9.15,9.36,996425,9262869.00
2012/12/31,9.35,9.44,9.27,9.32,1065338,9934274.00
2013/01/04,9.38,9.58,9.32,9.35,1037465,9755353.00
2013/01/07,9.50,9.85,9.50,9.64,3023458,29341762.00
2013/01/08,9.61,9.83,9.61,9.72,2435198,23707374.00
2013/01/09,9.71,9.83,9.59,9.66,1655833,16080291.00
2013/01/10,9.63,9.76,9.61,9.76,1339425,12973339.00
2013/01/11,9.86,9.91,9.51,9.53,1900958,18483922.00
2013/01/14,9.50,9.88,9.44,9.85,2019309,19672082.00
2013/01/15,9.84,10.11,9.81,10.08,3422758,34276932.00
2013/01/16,10.09,10.21,9.82,9.95,2450264,24471680.00
2013/01/17,9.91,10.04,9.77,9.81,1537450,15205547.00
2013/01/18,9.88,10.19,9.66,10.10,3558098,35468156.00
2013/01/21,10.10,10.10,9.89,9.97,2663922,26564202.00
2013/01/22,9.95,10.05,9.63,9.69,2583877,25532516.00
2013/01/23,9.65,9.67,9.34,9.51,1939641,18359102.00
2013/01/24,9.51,9.63,9.08,9.17,3031465,28381820.00
2013/01/25,9.20,9.23,9.05,9.11,1332796,12195604.00
2013/01/28,9.11,9.35,9.11,9.30,2451681,22720800.00
2013/01/29,9.25,9.42,9.24,9.39,2344773,21878134.00
2013/01/30,9.38,9.40,9.18,9.33,1718211,15987311.00
2013/01/31,9.33,9.63,9.30,9.52,2401628,22809638.00
2013/02/01,9.47,9.60,9.36,9.49,1869037,17736850.00
2013/02/04,9.48,9.56,9.17,9.21,1878570,17452880.00
2013/02/05,9.12,9.41,9.12,9.35,1019963,9501388.00
2013/02/06,9.38,9.52,9.34,9.46,1179788,11126236.00
2013/02/07,9.46,9.51,9.34,9.42,981582,9249514.00
2013/02/08,9.42,9.59,9.42,9.56,1337366,12748196.00
2013/02/18,9.62,9.85,9.55,9.84,2164770,21109004.00
2013/02/19,9.86,10.07,9.65,9.79,3143885,31003330.00
2013/02/20,9.78,10.10,9.72,10.10,2742814,27278672.00
2013/02/21,10.01,10.22,9.85,9.94,2783782,27853058.00
2013/02/22,9.86,10.02,9.83,9.86,1737653,17235248.00
2013/02/25,9.90,9.97,9.70,9.82,1609760,15785652.00
2013/02/26,9.91,10.18,9.77,9.81,2431634,24259124.00
2013/02/27,9.83,9.95,9.55,9.66,1858504,18035654.00
2013/02/28,9.67,9.84,9.58,9.82,1439203,14026768.00
2013/03/01,9.84,10.30,9.80,10.22,4688235,47373144.00
2013/03/04,10.17,10.78,10.11,10.38,5943922,62207584.00
2013/03/05,10.32,10.88,10.29,10.80,5151546,54236140.00
2013/03/06,10.80,10.93,10.61,10.86,4052848,43544044.00
2013/03/07,10.80,10.80,10.24,10.42,3139497,33043522.00
2013/03/08,10.39,10.48,10.29,10.30,1436635,14902830.00
2013/03/11,10.28,11.33,10.28,11.09,5670881,62199572.00
2013/03/12,10.99,11.08,10.33,10.50,3768549,40263268.00
2013/03/13,10.40,10.58,10.13,10.38,1552288,15979927.00
2013/03/14,10.47,10.73,10.32,10.35,1891308,19860698.00
2013/03/15,10.26,10.39,9.97,10.18,2436595,24877498.00
2013/03/18,10.15,10.21,9.82,9.82,1774961,17710206.00
2013/03/19,9.85,9.88,9.61,9.84,1178010,11485579.00
2013/03/20,9.80,10.16,9.80,10.12,1301698,13040247.00
2013/03/21,10.10,10.25,10.03,10.14,1595557,16199597.00
2013/03/22,10.18,10.20,10.01,10.10,982657,9931581.00
2013/03/25,10.15,10.30,10.06,10.23,1089118,11084576.00
2013/03/26,10.22,10.22,9.87,10.00,1347429,13428823.00
2013/03/27,9.78,9.82,9.41,9.41,3630933,34737304.00
2013/03/28,9.33,9.33,9.03,9.18,1935560,17730270.00
2013/03/29,9.17,9.21,9.10,9.12,674889,6179336.00
2013/04/01,9.08,9.25,9.08,9.16,971989,8928679.00
2013/04/02,9.16,9.29,8.88,8.90,1349042,12247947.00
2013/04/03,8.90,8.99,8.81,8.91,993435,8846939.00
2013/04/08,8.85,8.90,8.65,8.87,847759,7425584.00
2013/04/09,8.92,9.10,8.92,8.98,958669,8628737.00
2013/04/10,9.04,9.07,8.74,9.00,880035,7842889.00
2013/04/11,9.00,9.14,8.90,8.97,722497,6495052.50
2013/04/12,8.90,8.98,8.78,8.82,467274,4145762.50
2013/04/15,8.73,8.83,8.66,8.68,350233,3063413.00
2013/04/16,8.75,8.77,8.55,8.76,427089,3700465.00
2013/04/17,8.79,8.85,8.74,8.83,480144,4214716.00
2013/04/18,8.75,8.90,8.75,8.83,779005,6884518.00
2013/04/19,8.85,9.06,8.85,9.03,1106125,9944947.00
2013/04/22,8.99,9.12,8.92,9.09,1120100,10158403.00
2013/04/23,9.13,9.13,8.72,8.76,893950,7949595.50
2013/04/24,8.77,9.12,8.73,9.09,1336579,11966981.00
2013/04/25,9.03,9.15,8.90,8.90,1249647,11253105.00
2013/04/26,8.88,8.92,8.61,8.64,844291,7393476.50
2013/05/02,8.66,8.75,8.56,8.68,346812,3008647.75
2013/05/03,8.67,8.96,8.67,8.84,790931,7008384.00
2013/05/06,8.83,9.15,8.80,9.05,1253062,11316580.00
2013/05/07,9.03,9.30,9.00,9.27,1643188,15093050.00
2013/05/08,9.26,9.55,9.14,9.40,1774408,16625077.00
2013/05/09,9.40,9.54,9.20,9.35,1649904,15458675.00
2013/05/10,9.26,9.46,9.24,9.40,1136657,10630169.00
2013/05/13,9.38,9.41,9.28,9.32,729622,6815712.00
2013/05/14,9.30,9.59,9.22,9.48,2069332,19565652.00
2013/05/15,9.52,9.65,9.31,9.59,1697725,16091591.00
2013/05/16,9.56,9.84,9.41,9.50,2271069,21837764.00
2013/05/17,9.44,9.64,9.37,9.57,1637886,15532843.00
2013/05/20,9.68,9.79,9.50,9.67,2074014,20051890.00
2013/05/21,9.67,10.02,9.60,10.02,2904176,28561574.00
2013/05/22,9.95,9.96,9.73,9.82,1741036,17130452.00
2013/05/23,9.76,9.90,9.65,9.70,1436802,14026298.00
2013/05/24,9.64,9.87,9.60,9.85,1224502,11948001.00
2013/05/27,9.85,9.96,9.77,9.85,1163324,11452598.00
2013/05/28,9.90,9.93,9.67,9.70,1285946,12534384.00
2013/05/29,9.70,9.79,9.62,9.74,1460322,14171984.00
2013/05/30,9.74,9.75,9.60,9.73,1359168,13172365.00
2013/05/31,9.72,9.94,9.63,9.82,2101052,20535066.00
2013/06/03,9.78,9.88,9.65,9.68,1072027,10452709.00
2013/06/04,9.71,9.79,9.24,9.31,1550691,14704531.00
2013/06/05,9.30,9.36,9.20,9.24,981313,9083187.00
2013/06/06,9.18,9.25,9.06,9.25,795717,7295998.00
2013/06/07,9.20,9.25,8.96,9.07,824255,7494994.50
2013/06/13,9.00,9.00,8.50,8.67,920626,7961894.00
2013/06/14,8.67,8.88,8.66,8.81,713409,6271857.00
2013/06/17,8.99,8.99,8.81,8.82,700199,6229607.00
2013/06/18,8.72,8.80,8.60,8.76,569515,4958528.00
2013/06/19,8.64,8.74,8.51,8.70,493620,4262824.00
2013/06/20,8.64,8.79,8.55,8.57,473300,4113862.00
2013/06/21,8.50,8.59,8.20,8.59,643100,5395511.50
2013/06/24,8.52,8.52,7.90,8.00,796241,6526611.50
2013/06/25,7.90,8.04,7.40,7.84,1168307,8994191.00
2013/06/26,7.71,8.23,7.71,8.15,1320156,10559760.00
2013/06/27,8.06,8.28,7.87,7.88,1044142,8418703.00
2013/06/28,7.75,7.97,7.70,7.80,412471,3222470.75
2013/07/01,7.67,8.00,7.67,8.00,472174,3725615.50
2013/07/02,7.98,8.14,7.98,8.11,621090,4998777.00
2013/07/03,8.09,8.09,7.74,8.02,602511,4782607.50
2013/07/04,7.95,8.21,7.93,8.21,975637,7906027.00
2013/07/05,8.07,9.03,8.05,8.57,3186029,27105482.00
2013/07/08,8.32,8.40,7.95,8.09,1503467,12262402.00
2013/07/09,8.02,8.16,8.00,8.07,480037,3882570.00
2013/07/10,8.20,8.25,8.02,8.23,680415,5562087.00
2013/07/11,8.26,8.48,8.21,8.39,1116248,9317005.00
2013/07/12,8.40,8.55,8.23,8.26,1041885,8754379.00
2013/07/15,8.26,8.46,8.20,8.35,784022,6560505.50
2013/07/16,8.36,8.47,8.28,8.46,1029221,8626668.00
2013/07/17,8.45,8.49,8.25,8.28,813698,6810754.50
2013/07/18,8.21,8.46,8.19,8.34,757084,6330508.00
2013/07/19,8.34,8.44,8.03,8.08,756900,6261124.00
2013/07/22,8.17,8.18,8.01,8.14,570491,4614801.00
2013/07/23,8.15,8.70,8.00,8.48,1866315,15777707.00
2013/07/24,8.48,8.57,8.35,8.50,1092248,9202679.00
2013/07/25,8.48,8.52,8.33,8.36,822251,6928414.00
2013/07/26,8.35,8.51,8.22,8.38,595140,4997168.00
2013/07/29,8.35,8.54,8.30,8.53,925093,7791110.00
2013/07/30,8.48,8.53,8.33,8.43,578625,4869087.50
2013/07/31,8.46,8.51,8.33,8.40,706204,5951456.50
2013/08/01,8.40,8.64,8.35,8.57,1684003,14363040.00
2013/08/02,8.58,9.18,8.54,8.84,2830278,25148368.00
2013/08/05,8.86,9.00,8.71,8.93,1764810,15613491.00
2013/08/06,8.88,9.01,8.85,8.92,1498624,13389833.00
2013/08/07,8.87,8.96,8.64,8.70,1222011,10706720.00
2013/08/08,8.75,8.88,8.65,8.82,863208,7589681.00
2013/08/09,8.83,8.88,8.66,8.81,816266,7170075.50
2013/08/12,8.81,8.91,8.71,8.91,1348213,11900510.00
2013/08/13,8.96,9.05,8.85,8.98,1110072,9960818.00
2013/08/14,8.95,9.15,8.91,9.04,1456611,13146729.00
2013/08/15,9.00,9.04,8.82,8.82,745498,6648910.50
2013/08/16,8.70,8.99,8.50,8.50,1243656,10871982.00
2013/08/19,8.42,8.99,8.37,8.70,654696,5662815.00
2013/08/20,8.73,8.80,8.58,8.65,648581,5634671.00
2013/08/21,8.60,8.85,8.41,8.82,768741,6692658.00
2013/08/22,8.83,8.88,8.76,8.86,666373,5880211.00
2013/08/23,8.84,8.93,8.57,8.72,999148,8747778.00
2013/08/26,8.67,8.82,8.66,8.82,757997,6641693.00
2013/08/27,8.77,8.97,8.77,8.91,918069,8148613.50
2013/08/28,8.80,8.87,8.70,8.72,937167,8251547.00
2013/08/29,8.74,8.79,8.61,8.65,580138,5034498.00
2013/08/30,8.60,8.70,8.25,8.30,1477055,12494771.00
2013/09/02,8.30,8.50,8.22,8.45,789982,6600548.00
2013/09/03,8.40,8.65,8.39,8.59,980609,8370996.50
2013/09/04,8.58,8.68,8.46,8.54,877967,7483352.00
2013/09/05,8.98,9.39,8.83,9.39,4215499,38916680.00
2013/09/06,9.58,9.86,9.16,9.32,7921007,75219720.00
2013/09/09,9.21,9.25,9.04,9.22,2985902,27327786.00
2013/09/10,9.12,9.27,9.06,9.19,2122294,19450338.00
2013/09/11,9.19,9.22,8.89,9.01,1809052,16315788.00
2013/09/12,9.02,9.11,8.94,9.07,1221001,11030212.00
2013/09/13,9.05,9.21,9.00,9.18,1391386,12697560.00
2013/09/16,9.18,9.18,8.98,9.02,1184107,10720237.00
2013/09/17,9.06,9.06,8.82,8.83,1231178,11008021.00
2013/09/18,8.79,8.94,8.79,8.90,707340,6285522.50
2013/09/23,8.98,9.05,8.84,8.99,995403,8896431.00
2013/09/24,8.99,9.01,8.82,9.01,1286881,11452551.00
2013/09/25,9.00,9.17,8.88,9.12,1590597,14364258.00
2013/09/26,9.08,9.41,9.04,9.19,2009051,18545876.00
2013/09/27,9.15,9.28,9.11,9.18,1114072,10255432.00
2013/09/30,9.17,9.32,9.14,9.29,1100017,10175113.00
2013/10/08,9.34,9.38,9.15,9.28,1231517,11408139.00
2013/10/09,9.29,9.36,9.16,9.36,1343880,12429225.00
2013/10/10,9.37,9.37,9.22,9.27,1015620,9428162.00
2013/10/11,9.25,9.32,9.20,9.28,1074227,9955119.00
2013/10/14,9.25,9.50,9.22,9.47,1834661,17098792.00
2013/10/15,9.28,9.32,9.06,9.14,2195522,20174758.00
2013/10/16,9.30,9.36,8.95,9.02,1708616,15606660.00
2013/10/17,8.99,9.25,8.95,9.16,1283712,11738994.00
2013/10/18,9.20,9.28,9.06,9.10,891276,8154502.50
2013/10/21,9.12,9.58,9.01,9.54,2724027,25430452.00
2013/10/22,9.49,9.76,9.31,9.55,2872090,27452166.00
2013/10/23,9.55,9.55,9.18,9.37,1566615,14645760.00
2013/10/24,9.33,9.47,9.23,9.34,959438,8958091.00
2013/10/25,9.34,9.38,9.07,9.21,1107931,10159647.00
2013/10/28,9.17,9.20,8.96,9.10,658261,5961013.00
2013/10/29,9.11,9.12,8.19,8.30,2379081,19891348.00
2013/10/30,8.29,8.44,8.25,8.36,1037677,8622174.00
2013/10/31,8.35,8.35,8.11,8.28,568490,4683533.00
2013/11/01,8.30,8.38,8.22,8.28,483425,4002855.50
2013/11/04,8.10,8.33,8.01,8.33,672527,5520558.00
2013/11/05,8.19,8.39,8.12,8.34,705013,5838489.50
2013/11/06,8.32,8.44,8.18,8.23,747365,6198871.50
2013/11/07,8.16,8.23,8.05,8.09,539219,4386794.50
2013/11/08,8.08,8.19,8.02,8.14,625534,5054318.00
2013/11/11,8.09,8.24,8.01,8.23,517968,4218943.00
2013/11/12,8.18,8.29,8.12,8.27,822526,6775773.50
2013/11/13,8.20,8.28,8.11,8.14,487900,3997211.00
2013/11/14,8.08,8.30,8.08,8.26,956826,7873403.00
2013/11/15,8.29,8.50,8.22,8.44,1474997,12388181.00
2013/11/18,8.52,8.54,8.41,8.53,1085090,9201117.00
2013/11/19,8.53,8.70,8.49,8.60,1348759,11599406.00
2013/11/20,8.60,8.63,8.51,8.61,609171,5220431.50
2013/11/21,8.56,8.61,8.46,8.54,800958,6841684.50
2013/11/22,8.53,8.58,8.52,8.54,562753,4808034.00
2013/11/25,8.54,8.62,8.53,8.57,902098,7719423.50
2013/11/26,8.52,8.65,8.52,8.63,1028858,8843647.00
2013/11/27,8.62,8.73,8.61,8.72,1218195,10563541.00
2013/11/28,8.72,8.81,8.67,8.80,1458434,12769574.00
2013/11/29,8.77,9.00,8.75,8.91,1784548,15895338.00
2013/12/02,8.71,8.73,8.16,8.25,1680115,14231785.00
2013/12/03,8.23,8.35,8.12,8.35,1376799,11379393.00
2013/12/04,8.37,8.55,8.31,8.46,1056078,8936484.00
2013/12/05,8.46,8.50,8.36,8.44,758525,6394623.50
2013/12/06,8.40,8.46,8.36,8.43,517296,4349251.50
2013/12/09,8.42,8.55,8.42,8.55,834230,7103103.50
2013/12/10,8.66,8.78,8.57,8.65,1816859,15726723.00
2013/12/11,8.60,8.69,8.51,8.60,796446,6848162.50
2013/12/12,8.58,8.88,8.52,8.69,1649258,14345633.00
2013/12/13,8.64,8.76,8.60,8.74,875361,7619475.50
2013/12/16,8.74,8.95,8.70,8.73,1528751,13435351.00
2013/12/17,8.74,8.80,8.65,8.74,1108263,9669330.00
2013/12/18,8.75,8.75,8.50,8.63,1628752,14008097.00
2013/12/19,8.61,8.99,8.60,8.82,3307288,29173432.00
2013/12/20,8.80,8.89,8.55,8.62,1294256,11280965.00
2013/12/23,8.62,8.65,8.19,8.46,1492425,12493322.00
2013/12/24,8.48,8.68,8.41,8.68,1226553,10515669.00
2013/12/25,8.69,9.55,8.66,9.13,5199948,47305452.00
2013/12/26,9.82,9.82,8.86,8.90,4971415,45486216.00
2013/12/27,8.81,9.15,8.69,9.08,3441002,30720636.00
2013/12/30,9.07,9.22,8.98,9.12,2466812,22395668.00
2013/12/31,9.03,9.08,8.85,8.96,1335899,11970800.00
2014/01/02,8.97,9.14,8.93,9.12,1753618,15868849.00
2014/01/03,9.07,9.22,9.05,9.17,2319584,21221218.00
2014/01/06,9.18,9.20,8.75,8.90,1800331,16127145.00
2014/01/07,8.90,9.04,8.77,9.03,1748124,15592198.00
2014/01/08,9.06,9.25,9.02,9.08,2899027,26434652.00
2014/01/09,9.08,9.14,8.88,8.88,2015426,18160358.00
2014/01/10,8.82,8.88,8.38,8.51,1886369,16232337.00
2014/01/13,8.49,8.65,8.33,8.43,1145571,9701979.00
2014/01/14,8.43,8.67,8.35,8.65,1175553,10020660.00
2014/01/15,8.65,8.79,8.57,8.78,1447417,12589646.00
2014/01/16,8.78,8.82,8.66,8.68,901431,7882257.50
2014/01/17,8.64,8.87,8.58,8.79,1576720,13783754.00
2014/01/20,8.71,8.97,8.68,8.76,1394805,12327378.00
2014/01/21,8.81,8.96,8.79,8.94,1285253,11421348.00
2014/01/22,8.95,9.13,8.90,9.06,1906589,17185004.00
2014/01/23,9.09,9.17,9.02,9.14,2191910,20007428.00
2014/01/24,9.12,9.16,9.06,9.14,2344133,21372086.00
2014/01/27,9.09,9.14,8.97,9.02,1839736,16669852.00
2014/01/28,9.02,9.07,8.82,9.00,1305957,11695166.00
2014/01/29,8.98,9.08,8.95,9.08,1259621,11364848.00
2014/01/30,9.07,9.10,8.91,8.97,1102034,9901728.00
2014/02/07,8.90,9.18,8.85,9.17,1751875,15925152.00
2014/02/10,9.13,9.48,9.13,9.36,4265462,39704256.00
2014/02/11,9.33,9.44,9.22,9.35,3644737,33954856.00
2014/02/12,9.33,9.52,9.28,9.52,3018317,28491912.00
2014/02/13,9.50,9.52,9.23,9.30,2146540,20182578.00
2014/02/14,9.33,9.65,9.25,9.60,3128155,29588394.00
2014/02/17,9.60,9.77,9.53,9.70,3980147,38470728.00
2014/02/18,9.70,9.77,9.56,9.71,3473017,33536402.00
2014/02/19,9.68,9.74,9.52,9.63,2059763,19839628.00
2014/02/20,9.66,9.70,9.33,9.39,2831956,26849520.00
2014/02/21,9.36,9.47,9.24,9.38,2085055,19513328.00
2014/02/24,9.38,9.46,9.31,9.44,2056960,19356186.00
2014/02/25,9.45,9.70,8.93,9.03,4509612,42557076.00
2014/02/26,8.95,8.99,8.76,8.94,2580463,22921112.00
2014/02/27,8.88,9.12,8.78,8.82,1912703,17142316.00
2014/02/28,8.80,9.02,8.66,8.95,1444224,12721871.00
2014/03/03,9.01,9.38,8.95,9.26,2485121,22953950.00
2014/03/04,9.22,9.25,9.05,9.24,1578869,14480823.00
2014/03/05,9.23,9.38,9.16,9.23,1682626,15618153.00
2014/03/06,9.28,9.28,9.06,9.27,1113057,10210773.00
2014/03/07,9.27,9.37,9.16,9.33,1602633,14880700.00
2014/03/10,9.24,9.33,8.94,8.96,1184049,10785447.00
2014/03/11,8.85,9.06,8.85,9.03,767089,6883554.50
2014/03/12,9.02,9.08,8.80,8.96,864357,7732191.50
2014/03/13,8.93,9.09,8.93,9.09,855719,7728041.50
2014/03/14,9.09,9.16,9.01,9.10,1218960,11069844.00
2014/03/17,9.15,9.33,9.09,9.32,1862213,17217146.00
2014/03/18,9.30,9.38,9.24,9.29,1672188,15560235.00
2014/03/19,9.32,9.68,9.26,9.53,5438441,51738864.00
2014/03/20,9.47,9.51,9.18,9.18,2836272,26599322.00
2014/03/21,9.20,9.56,9.18,9.55,3501241,32927942.00
2014/03/24,9.50,9.90,9.43,9.75,8284107,80788288.00
2014/03/25,9.61,9.62,9.34,9.44,4908835,46515160.00
2014/03/26,9.41,9.57,9.37,9.44,2641114,24975048.00
2014/03/27,9.42,9.59,9.24,9.26,4148269,39346260.00
2014/03/28,9.26,9.28,8.82,8.85,4296366,38647332.00
2014/03/31,8.84,8.90,8.70,8.84,1648315,14487664.00
2014/04/01,8.85,8.97,8.79,8.95,1394413,12418460.00
2014/04/02,8.95,8.96,8.83,8.86,1224946,10869503.00
2014/04/03,8.88,8.98,8.79,8.84,1394798,12385884.00
2014/04/04,8.80,8.92,8.78,8.92,1207613,10716250.00
2014/04/08,8.90,9.01,8.86,8.97,1484725,13282619.00
2014/04/09,8.96,9.06,8.91,8.99,1433821,12888785.00
2014/04/10,9.00,9.07,8.96,8.98,1725227,15565522.00
2014/04/11,8.96,8.96,8.82,8.89,1281835,11402047.00
2014/04/14,8.91,9.02,8.88,9.01,1304228,11672940.00
2014/04/15,9.02,9.03,8.93,8.96,1112516,9996994.00
2014/04/16,8.97,9.07,8.96,9.04,1183712,10657731.00
2014/04/17,9.04,9.27,9.01,9.20,3776601,34521704.00
2014/04/18,9.11,9.22,9.11,9.15,1696395,15548190.00
2014/04/21,9.16,9.29,9.11,9.12,3943533,36342636.00
2014/04/22,9.08,9.11,8.86,8.96,1890397,16950826.00
2014/04/23,8.86,8.99,8.75,8.82,1563587,13837216.00
2014/04/24,8.84,8.88,8.76,8.84,875548,7728908.00
2014/04/25,8.84,8.99,8.40,8.43,2199089,18984202.00
2014/04/28,8.41,8.43,8.12,8.15,1008137,8304831.00
2014/04/29,8.12,8.27,8.09,8.25,957037,7823446.50
2014/04/30,8.24,8.33,8.20,8.27,648857,5371235.50
2014/05/05,8.26,8.36,8.16,8.36,676037,5580642.00
2014/05/06,8.30,8.76,8.30,8.50,2185757,18767770.00
2014/05/07,8.50,8.52,8.27,8.29,1058352,8871605.00
2014/05/08,8.28,8.78,8.26,8.45,2462456,21122604.00
2014/05/09,8.46,8.52,8.33,8.44,754802,6348498.50
2014/05/12,8.50,8.70,8.44,8.67,1109362,9520094.00
2014/05/13,8.60,8.73,8.55,8.62,880234,7603503.50
2014/05/14,8.57,8.66,8.56,8.60,590127,5079307.00
2014/05/15,8.56,8.70,8.33,8.39,1044758,8900031.00
2014/05/16,8.35,8.50,8.30,8.49,753053,6320350.00
2014/05/19,8.48,8.66,8.37,8.65,2005600,17082758.00
2014/05/20,8.60,8.77,8.54,8.58,984712,8524690.00
2014/05/21,8.58,8.84,8.53,8.73,1823726,15919168.00
2014/05/22,8.67,8.79,8.63,8.65,1085680,9460856.00
2014/05/23,8.62,8.78,8.62,8.74,852491,7401695.00
2014/05/26,8.75,9.00,8.71,8.84,2725313,24249508.00
2014/05/27,8.84,8.86,8.66,8.72,1977372,17278564.00
2014/05/28,8.73,8.83,8.67,8.81,1396277,12236067.00
2014/05/29,8.78,8.80,8.61,8.66,1302530,11316034.00
2014/05/30,8.67,8.75,8.58,8.64,1097508,9489566.00
2014/06/03,8.67,8.72,8.62,8.66,857450,7434837.50
2014/06/04,8.66,8.68,8.43,8.53,1116158,9520172.00
2014/06/05,8.50,8.66,8.43,8.64,1564799,13386811.00
2014/06/06,8.64,8.71,8.56,8.63,1159467,10008548.00
2014/06/09,8.63,8.76,8.56,8.65,1310547,11381311.00
2014/06/10,8.66,8.79,8.58,8.74,2439908,21147058.00
2014/06/11,8.70,8.80,8.67,8.79,1402466,12263062.00
2014/06/12,8.74,8.80,8.73,8.75,920616,8066437.50
2014/06/13,8.75,8.89,8.73,8.86,2755208,24337754.00
2014/06/16,8.88,8.89,8.82,8.86,1218619,10795152.00
2014/06/17,8.84,8.87,8.73,8.75,1286640,11306734.00
2014/06/18,8.74,8.79,8.60,8.64,1288204,11181514.00
2014/06/19,8.64,8.68,8.26,8.37,1224064,10406125.00
2014/06/20,8.36,8.42,8.29,8.40,1278718,10687417.00
2014/06/23,8.40,8.56,8.39,8.48,1300680,11057840.00
2014/06/24,8.48,8.60,8.48,8.53,967394,8264782.50
2014/06/25,8.51,8.69,8.46,8.59,881246,7510209.50
2014/06/26,8.54,8.76,8.54,8.67,1897144,16477354.00
2014/06/27,8.70,8.80,8.68,8.76,1553395,13583227.00
2014/06/30,8.76,8.80,8.73,8.80,1655608,14522720.00
2014/07/01,8.79,8.94,8.79,8.83,2399674,21247418.00
2014/07/02,8.82,9.05,8.79,8.98,4137639,36978972.00
2014/07/03,8.96,9.28,8.88,9.16,4965440,45301388.00
2014/07/04,9.13,9.20,9.05,9.19,3019402,27558718.00
2014/07/07,9.19,9.21,9.05,9.12,2846977,25934834.00
2014/07/08,9.13,9.16,9.01,9.15,2276636,20716728.00
2014/07/09,9.18,9.46,8.99,9.00,3799075,35050144.00
2014/07/10,9.00,9.17,8.98,9.09,2201709,19992562.00
2014/07/11,9.05,9.26,9.05,9.19,2550681,23407024.00
2014/07/14,9.22,9.33,9.14,9.30,2430190,22450890.00
2014/07/15,9.28,9.32,9.04,9.15,3007779,27460394.00
2014/07/16,9.14,9.47,9.10,9.26,4636092,43213176.00
2014/07/17,9.21,9.26,9.00,9.09,2977323,27084204.00
2014/07/18,9.07,9.18,9.05,9.13,1471677,13437703.00
2014/07/21,9.12,9.14,8.97,9.06,1671562,15112983.00
2014/07/22,9.06,9.23,9.02,9.18,1881069,17212694.00
2014/07/23,9.18,9.36,9.08,9.10,3034306,27959242.00
2014/07/24,9.10,9.35,9.09,9.25,3548329,32756718.00
2014/07/25,9.23,9.38,9.18,9.38,3160039,29324654.00
2014/07/28,9.41,9.52,9.31,9.46,4313020,40659956.00
2014/07/29,9.47,9.49,9.39,9.42,2808358,26500612.00
2014/07/30,9.41,9.52,9.38,9.52,2900337,27442398.00
2014/07/31,9.51,9.54,9.39,9.48,2293173,21671218.00
2014/08/01,9.42,9.71,9.40,9.44,5077207,48619780.00
2014/08/04,9.43,9.62,9.40,9.50,2572085,24481512.00
2014/08/05,9.50,9.68,9.41,9.63,3292644,31474008.00
2014/08/06,9.62,9.83,9.57,9.76,5484194,53540564.00
2014/08/07,9.77,9.77,9.59,9.60,3077411,29757054.00
2014/08/08,9.60,9.72,9.56,9.61,1808235,17439488.00
2014/08/11,9.63,9.79,9.60,9.70,2183915,21189262.00
2014/08/12,9.69,9.90,9.67,9.85,3653696,35868976.00
2014/08/13,9.89,9.89,9.63,9.74,2687746,26156092.00
2014/08/14,9.73,9.83,9.60,9.65,2520103,24539810.00
2014/08/15,9.65,9.79,9.65,9.76,2379414,23145832.00
2014/08/18,9.76,9.88,9.72,9.88,3707087,36351244.00
2014/08/19,9.89,10.38,9.88,10.19,8307450,84368232.00
2014/08/20,10.13,10.26,10.09,10.26,4442527,45275568.00
2014/08/21,10.23,10.30,10.08,10.24,3090961,31537984.00
2014/08/22,10.25,10.49,10.21,10.39,3709071,38420660.00
2014/08/25,10.40,10.80,10.33,10.53,4810112,50798024.00
2014/08/26,10.52,10.57,10.10,10.14,4437755,45779784.00
2014/08/27,10.14,10.47,10.13,10.36,2943119,30260490.00
2014/08/28,10.31,10.48,10.12,10.19,2544873,26200264.00
2014/08/29,10.19,10.30,10.15,10.28,1871734,19129514.00
2014/09/01,10.20,10.53,10.18,10.53,2227009,23188654.00
2014/09/02,10.52,10.69,10.47,10.66,3395072,35911488.00
2014/09/03,10.75,10.75,10.49,10.63,3811358,40483552.00
2014/09/04,10.62,10.84,10.55,10.78,3037876,32540624.00
2014/09/05,10.86,10.86,10.70,10.82,3016108,32507278.00
2014/09/09,10.82,10.85,10.62,10.74,3352644,35900728.00
2014/09/10,10.70,10.94,10.65,10.86,3632770,39303668.00
2014/09/11,10.85,11.10,10.69,10.88,4554537,49791656.00
2014/09/12,10.90,11.24,10.81,11.24,4373562,48396128.00
2014/09/15,10.90,11.24,10.81,11.24,0,0.00
2014/09/16,10.90,11.24,10.81,11.24,0,0.00
2014/09/17,10.90,11.24,10.81,11.24,0,0.00
2014/09/18,10.90,11.24,10.81,11.24,0,0.00
2014/09/19,10.90,11.24,10.81,11.24,0,0.00
2014/09/22,10.90,11.24,10.81,11.24,0,0.00
2014/09/23,10.90,11.24,10.81,11.24,0,0.00
2014/09/24,10.90,11.24,10.81,11.24,0,0.00
2014/09/25,10.90,11.24,10.81,11.24,0,0.00
2014/09/26,10.90,11.24,10.81,11.24,0,0.00
2014/09/29,10.90,11.24,10.81,11.24,0,0.00
2014/09/30,10.90,11.24,10.81,11.24,0,0.00
2014/10/08,10.90,11.24,10.81,11.24,0,0.00
2014/10/09,10.90,11.24,10.81,11.24,0,0.00
2014/10/10,10.90,11.24,10.81,11.24,0,0.00
2014/10/13,10.90,11.24,10.81,11.24,0,0.00
2014/10/14,10.90,11.24,10.81,11.24,0,0.00
2014/10/15,10.90,11.24,10.81,11.24,0,0.00
2014/10/16,10.90,11.24,10.81,11.24,0,0.00
2014/10/17,10.90,11.24,10.81,11.24,0,0.00
2014/10/20,10.90,11.24,10.81,11.24,0,0.00
2014/10/21,10.90,11.24,10.81,11.24,0,0.00
2014/10/22,10.90,11.24,10.81,11.24,0,0.00
2014/10/23,10.90,11.24,10.81,11.24,0,0.00
2014/10/24,10.90,11.24,10.81,11.24,0,0.00
2014/10/27,10.90,11.24,10.81,11.24,0,0.00
2014/10/28,11.60,12.36,11.02,12.36,7571829,92046464.00
2014/10/29,12.36,12.98,12.05,12.46,17694604,222909360.00
2014/10/30,12.30,12.77,12.16,12.45,9121428,113600328.00
2014/10/31,12.32,12.50,11.91,12.07,5945504,72489200.00
2014/11/03,12.12,12.45,12.01,12.41,5309218,65129404.00
2014/11/04,12.35,12.48,12.06,12.25,3921963,47954548.00
2014/11/05,12.31,12.35,12.02,12.34,3040357,37037432.00
2014/11/06,12.30,12.76,12.22,12.70,6371830,79851120.00
2014/11/07,12.70,12.80,12.40,12.48,4322215,54556500.00
2014/11/10,12.51,12.62,12.38,12.43,2897399,36122488.00
2014/11/11,12.41,12.41,11.63,11.69,5918523,70632240.00
2014/11/12,11.71,11.91,11.65,11.89,2385548,28136534.00
2014/11/13,11.89,11.97,11.32,11.67,3652884,42353932.00
2014/11/14,11.65,11.89,11.39,11.63,1983784,23111628.00
2014/11/17,11.69,11.98,11.49,11.85,2116590,25020870.00
2014/11/18,11.84,11.99,11.71,11.81,1696089,20054062.00
2014/11/19,11.79,11.92,11.65,11.85,2223502,26197966.00
2014/11/20,11.78,11.82,11.60,11.66,1666412,19454560.00
2014/11/21,11.62,11.80,11.60,11.75,1399193,16420059.00
2014/11/24,11.87,12.10,11.76,12.00,3249272,38716984.00
2014/11/25,11.99,12.30,11.90,12.20,3573933,43303844.00
2014/11/26,12.25,12.28,11.97,12.10,2482921,30097484.00
2014/11/27,12.10,12.28,12.04,12.20,3292499,39989632.00
2014/11/28,12.20,12.25,11.96,12.15,3161082,38182440.00
2014/12/01,12.15,12.17,11.81,11.88,3001210,35753064.00
2014/12/02,11.86,12.17,11.85,12.07,2694502,32480132.00
2014/12/03,12.05,12.18,11.66,12.12,3554596,42474332.00
2014/12/04,12.13,12.56,12.13,12.24,4748891,58577260.00
2014/12/05,12.14,12.27,11.50,11.57,4908440,57759316.00
2014/12/08,11.48,11.88,11.40,11.54,2529479,29238012.00
2014/12/09,11.54,11.55,10.88,10.90,4376024,49154716.00
2014/12/10,10.90,11.26,10.88,11.23,2416782,26880626.00
2014/12/11,11.23,11.48,11.20,11.38,2674252,30241806.00
2014/12/12,11.38,11.87,11.30,11.75,3198543,37123464.00
2014/12/15,11.76,12.34,11.75,11.88,3614170,43314836.00
2014/12/16,11.99,12.35,11.78,12.07,5332501,64579576.00
2014/12/17,12.10,12.20,11.86,12.08,3499550,42027708.00
2014/12/18,12.08,12.21,11.93,12.06,2263425,27244128.00
2014/12/19,12.09,12.16,11.53,12.02,3815128,45358628.00
2014/12/22,11.85,11.94,11.23,11.69,2967404,34053796.00
2014/12/23,11.43,11.85,11.42,11.52,1840113,21501464.00
2014/12/24,11.56,11.92,11.31,11.60,4230929,49206012.00
2014/12/25,11.66,11.80,11.48,11.68,3005794,34891804.00
2014/12/26,11.70,11.75,11.58,11.71,1975783,23072352.00
2014/12/29,11.70,11.75,11.38,11.38,2531188,29047716.00
2014/12/30,11.36,11.38,10.76,11.00,4520087,49566116.00
2014/12/31,10.94,11.09,10.81,11.00,1936615,21161158.00
2015/01/05,11.00,11.02,10.57,11.01,3233748,35129080.00
2015/01/06,10.95,11.24,10.81,11.15,3464892,38342144.00
2015/01/07,11.10,11.13,10.88,11.03,1919525,21062406.00
2015/01/08,11.01,11.12,10.92,10.94,1857910,20479970.00
2015/01/09,10.93,11.21,10.85,10.95,2117005,23258110.00
2015/01/12,10.87,10.87,10.69,10.75,1869324,20105710.00
2015/01/13,10.70,10.90,10.69,10.90,1052463,11413732.00
2015/01/14,10.90,11.12,10.78,10.90,1750488,19129184.00
2015/01/15,10.81,10.99,10.81,10.89,1199046,13081048.00
2015/01/16,10.87,11.07,10.87,10.98,1456852,16000478.00
2015/01/19,10.84,11.18,10.67,10.86,2403102,26350600.00
2015/01/20,10.88,11.34,10.87,11.28,2808515,31254636.00
2015/01/21,11.31,11.74,11.21,11.57,3816332,44025688.00
2015/01/22,11.58,11.65,11.45,11.63,1665027,19261362.00
2015/01/23,11.77,11.77,11.28,11.39,2645096,30539362.00
2015/01/26,11.39,11.63,11.36,11.59,1911942,21994420.00
2015/01/27,11.59,11.71,11.44,11.67,1840499,21342044.00
2015/01/28,11.65,12.09,11.62,11.73,3573021,42385268.00
2015/01/29,11.64,11.81,11.51,11.57,1993108,23221468.00
2015/01/30,11.57,11.75,11.50,11.58,1561611,18101000.00
2015/02/02,11.58,11.80,11.52,11.70,2899365,33819228.00
2015/02/03,11.70,11.98,11.67,11.88,2485979,29408378.00
2015/02/04,11.95,11.95,11.70,11.75,1857011,21903030.00
2015/02/05,11.75,11.98,11.71,11.72,2458948,29137662.00
2015/02/06,11.65,11.73,11.20,11.32,2273620,25983476.00
2015/02/09,11.20,11.54,11.16,11.24,1212506,13772462.00
2015/02/10,11.18,11.39,11.18,11.35,739641,8362582.00
2015/02/11,11.44,11.53,11.35,11.45,1061488,12141596.00
2015/02/12,11.45,11.65,11.40,11.53,1599006,18484948.00
2015/02/13,11.58,11.75,11.52,11.70,2175041,25406896.00
2015/02/16,11.69,11.93,11.69,11.90,2420013,28615466.00
2015/02/17,11.97,11.97,11.71,11.81,2572091,30366630.00
2015/02/25,11.80,11.98,11.79,11.84,2641321,31357436.00
2015/02/26,11.84,11.97,11.80,11.90,2522170,29951002.00
2015/02/27,11.90,12.50,11.89,12.39,7096297,86377280.00
2015/03/02,12.35,12.56,12.23,12.54,4856218,60122212.00
2015/03/03,12.44,12.50,12.23,12.24,3583284,44326104.00
2015/03/04,12.25,12.75,12.24,12.70,4706840,59283944.00
2015/03/05,12.68,12.97,12.56,12.82,3977588,50660168.00
2015/03/06,12.82,14.10,12.80,13.38,10711371,145876464.00
2015/03/09,13.20,13.78,13.10,13.52,5616331,75816976.00
2015/03/10,13.52,13.72,13.28,13.51,3681656,49743788.00
2015/03/11,13.52,13.65,13.17,13.35,3795361,50819720.00
2015/03/12,13.32,13.47,12.87,12.94,4314367,56533620.00
2015/03/13,12.94,13.35,12.94,13.35,2929829,38540824.00
2015/03/16,13.36,13.84,13.35,13.73,4160682,56795580.00
2015/03/17,13.73,14.20,13.70,13.88,6096479,85191664.00
2015/03/18,13.88,14.16,13.75,14.13,3335448,46485620.00
2015/03/19,14.23,14.23,13.89,14.10,3310665,46345336.00
2015/03/20,14.10,14.35,13.96,14.30,4385869,61958464.00
2015/03/23,14.32,14.90,14.21,14.84,5489200,79740760.00
2015/03/24,14.63,14.63,13.82,14.20,8764860,124774928.00
2015/03/25,14.20,14.66,13.81,14.44,6404710,90976128.00
2015/03/26,14.29,14.45,13.90,14.03,4333642,61129540.00
2015/03/27,14.02,14.35,14.00,14.28,3429392,48521652.00
2015/03/30,14.30,14.50,14.01,14.26,3557144,50751440.00
2015/03/31,14.30,14.50,14.01,14.35,4588132,65779588.00
2015/04/01,14.40,15.20,14.31,15.01,7121490,105881200.00
2015/04/02,15.01,15.43,14.90,15.31,5684351,86167240.00
2015/04/03,15.16,15.55,15.03,15.45,4416109,67673400.00
2015/04/07,15.89,15.96,15.41,15.82,5236252,81947016.00
2015/04/08,15.95,16.60,15.53,16.38,7456637,120814408.00
2015/04/09,16.16,16.25,14.90,15.77,6377836,99203120.00
2015/04/10,15.78,16.52,15.60,16.32,5463649,88803496.00
2015/04/13,16.35,17.60,16.33,17.29,5129633,87790104.00
2015/04/14,17.20,17.28,16.57,16.86,4992663,84315480.00
2015/04/15,16.78,16.90,15.38,15.60,4824669,78102696.00
2015/04/16,15.49,16.19,15.28,15.80,3807402,60218592.00
2015/04/17,15.98,15.98,15.38,15.50,5000212,78170712.00
2015/04/20,15.49,15.50,14.70,14.81,5554303,84115248.00
2015/04/21,14.80,15.50,14.77,15.48,3998566,60758268.00
2015/04/22,15.65,15.98,15.65,15.81,5258612,83198408.00
2015/04/23,15.87,16.30,15.81,16.16,6196373,99466840.00
2015/04/24,16.00,16.11,15.30,15.90,6060786,95671448.00
2015/04/27,15.94,16.19,15.83,15.96,4946441,79014688.00
2015/04/28,16.00,16.02,15.12,15.30,4370857,67864288.00
2015/04/29,15.21,15.70,15.14,15.60,3044562,47256048.00
2015/04/30,15.60,16.19,15.56,15.81,6146302,98434832.00
2015/05/04,15.82,16.17,15.35,16.09,4577327,72787688.00
2015/05/05,16.09,16.65,15.97,16.45,9004448,147339856.00
2015/05/06,16.60,16.83,16.00,16.13,7446728,122790200.00
2015/05/07,15.89,15.95,14.95,15.07,5216852,80136288.00
2015/05/08,15.12,15.80,15.12,15.79,4135678,64291880.00
2015/05/11,15.95,16.59,15.80,16.59,7002429,114320032.00
2015/05/12,16.65,16.98,16.31,16.90,7787932,130096520.00
2015/05/13,16.65,17.59,16.45,17.11,8795032,150225312.00
2015/05/14,17.04,18.12,16.97,17.73,8111477,142785536.00
2015/05/15,17.60,19.25,17.51,18.88,9883316,183360528.00
2015/05/18,19.33,20.77,19.25,20.77,10088053,203394032.00
2015/05/19,21.60,22.55,20.55,21.48,9403077,201626560.00
2015/05/20,21.10,22.85,21.00,21.70,8217136,181072448.00
2015/05/21,21.70,22.98,21.60,21.64,7360476,161828400.00
2015/05/22,21.90,22.22,20.70,21.01,9788366,207593504.00
2015/05/25,20.50,21.96,20.29,21.95,6975007,148053552.00
2015/05/26,22.05,23.96,22.04,23.11,6153863,141691456.00
2015/05/27,23.16,24.16,23.16,24.00,6312436,149771664.00
2015/05/28,24.55,24.74,21.60,21.90,8176899,190399920.00
2015/05/29,21.80,22.71,19.90,21.26,8144873,174432768.00
2015/06/01,21.48,23.39,21.30,23.39,7940071,178448128.00
2015/06/02,23.98,25.73,23.55,25.73,9087529,226922160.00
2015/06/03,26.72,27.37,25.69,26.15,10225625,271617600.00
2015/06/04,25.88,26.47,23.54,25.52,8400305,210192800.00
2015/06/05,25.61,27.40,25.40,26.60,8663711,229122848.00
2015/06/08,26.60,26.80,24.30,25.25,6780675,171182576.00
2015/06/09,24.60,25.71,24.31,24.83,4547502,113619400.00
2015/06/10,24.80,25.57,23.91,25.30,4866395,121669352.00
2015/06/11,25.50,26.28,25.19,26.04,5303605,136625520.00
2015/06/12,26.08,27.79,25.70,27.00,6956607,186035232.00
2015/06/15,26.80,28.55,25.82,25.88,8415508,229193840.00
2015/06/16,25.40,25.40,23.40,23.53,6983709,168684496.00
2015/06/17,23.28,24.60,22.15,24.41,5629045,131792968.00
2015/06/18,24.09,24.83,21.97,22.30,5298385,124785864.00
2015/06/19,21.89,21.89,20.07,20.07,5554261,116083264.00
2015/06/23,19.99,20.46,18.06,20.43,6677649,130033936.00
2015/06/24,20.51,21.10,19.88,20.84,5941195,122613688.00
2015/06/25,21.10,21.14,19.00,19.45,4385081,89780488.00
2015/06/26,19.00,19.00,17.51,17.51,6288022,113900440.00
2015/06/29,17.80,18.48,15.76,15.79,6705938,110121840.00
2015/06/30,15.50,16.93,14.21,16.78,9129128,140458096.00
2015/07/01,16.58,17.70,15.61,15.85,7385677,125360136.00
2015/07/02,16.02,16.44,14.43,14.72,6345757,96957560.00
2015/07/03,14.50,16.14,13.42,14.29,6833005,99154848.00
2015/07/06,15.72,15.72,12.86,13.22,9360871,132722856.00
2015/07/07,12.60,12.90,11.90,11.90,3483245,42303072.00
2015/07/08,10.71,12.17,10.71,11.66,15591086,170693232.00
2015/07/09,10.90,12.83,10.81,12.83,7588284,92030592.00
2015/07/10,13.80,14.11,13.50,14.11,5202370,72869296.00
2015/07/13,14.90,15.52,14.40,15.52,9394774,142745760.00
2015/07/14,15.40,16.93,15.02,15.77,13253897,211607728.00
2015/07/15,16.28,16.86,15.52,15.73,16400314,263989536.00
2015/07/16,15.73,17.20,14.19,16.85,14427742,236011136.00
2015/07/17,17.14,18.25,16.88,17.81,9817652,173240032.00
2015/07/20,17.60,18.35,17.00,17.49,10050301,176905040.00
2015/07/21,17.08,17.88,16.88,17.47,7770550,136043744.00
2015/07/22,17.20,17.95,16.62,17.22,6623213,114060256.00
2015/07/23,17.35,18.18,17.35,18.05,8372751,149432032.00
2015/07/24,18.48,19.19,17.76,18.05,9705424,180986288.00
2015/07/27,17.56,18.60,16.25,16.25,9808050,171471840.00
2015/07/28,14.98,16.45,14.68,15.48,7516713,115730288.00
2015/07/29,15.90,16.60,14.78,16.55,7197136,112501248.00
2015/07/30,16.31,16.77,15.60,15.67,6672516,109307672.00
2015/07/31,15.32,15.85,15.03,15.30,4189585,64809364.00
2015/08/03,15.05,15.09,13.85,14.05,5366328,77564720.00
2015/08/04,14.37,15.41,14.11,15.40,4450427,65681596.00
2015/08/05,15.37,15.97,14.92,15.35,5136797,79709160.00
2015/08/06,15.01,15.79,14.88,15.49,4020310,62049432.00
2015/08/07,15.57,16.35,15.57,16.30,4947361,79669488.00
2015/08/10,16.50,17.42,16.33,17.33,6474601,109293288.00
2015/08/11,17.07,17.49,16.90,17.19,6137316,105650384.00
2015/08/12,16.97,18.18,16.70,17.30,7427474,130004256.00
2015/08/13,17.25,17.98,17.15,17.85,4902770,86068592.00
2015/08/14,17.95,18.13,17.44,17.68,5442806,97085824.00
2015/08/17,17.69,18.10,17.00,18.07,5640921,99353128.00
2015/08/18,18.07,18.17,16.26,16.26,6799064,117093504.00
2015/08/19,15.80,16.93,15.46,16.78,5497167,88769000.00
2015/08/20,16.73,17.44,16.50,16.95,4502529,76461832.00
2015/08/21,16.55,16.90,15.51,15.62,4301920,69517616.00
2015/08/24,14.06,14.46,14.06,14.06,3973800,56078024.00
2015/08/25,12.75,13.59,12.65,12.65,5584650,72298080.00
2015/08/26,12.81,13.84,12.11,12.80,6115169,79741440.00
2015/08/27,13.30,13.75,12.82,13.60,3929694,52482864.00
2015/08/28,13.99,14.58,13.52,14.44,4136170,57564828.00
2015/08/31,14.30,14.35,13.62,13.81,3761330,52716088.00
2015/09/01,13.65,13.66,12.80,12.99,3390135,44467572.00
2015/09/02,12.09,13.60,12.08,12.63,3296000,42435012.00
2015/09/07,13.00,13.44,12.40,12.72,8441362,108590992.00
2015/09/08,12.51,13.98,12.42,13.85,5250283,69063440.00
2015/09/09,14.06,14.49,13.80,14.28,6536889,92359144.00
2015/09/10,14.00,14.96,13.84,14.76,7874513,113995024.00
2015/09/11,14.57,15.19,14.38,14.73,8630230,127851728.00
2015/09/14,14.69,14.79,13.26,13.26,5981699,82565008.00
2015/09/15,12.68,13.20,12.20,12.24,4495039,57157508.00
2015/09/16,12.30,13.46,12.28,13.39,3461699,44597532.00
2015/09/17,13.20,13.88,13.00,13.06,4225826,57112272.00
2015/09/18,13.17,13.50,12.98,13.39,2551805,33690804.00
2015/09/21,13.20,14.26,13.01,14.08,3699394,50692712.00
2015/09/22,14.19,14.66,14.05,14.49,5599982,80682808.00
2015/09/23,14.18,14.90,14.08,14.70,5868744,85899824.00
2015/09/24,14.62,14.96,14.41,14.70,4201119,61679404.00
2015/09/25,14.60,14.71,13.60,13.82,3810365,53422288.00
2015/09/28,13.89,14.50,13.69,14.45,2891499,41093464.00
2015/09/29,14.15,14.36,13.92,14.20,2345477,33196458.00
2015/09/30,14.26,14.45,13.99,14.23,2057324,29337844.00
2015/10/08,14.93,15.42,14.71,15.04,6427336,97000392.00
2015/10/09,15.09,15.40,14.93,15.34,4355677,65939212.00
2015/10/12,15.48,16.45,15.42,16.25,7984610,127837456.00
2015/10/13,16.12,16.40,16.00,16.29,4607864,74772872.00
2015/10/14,16.20,16.53,16.02,16.09,4227100,68616840.00
2015/10/15,16.22,16.66,16.05,16.59,5048050,83154600.00
2015/10/16,16.60,16.88,16.12,16.50,6127328,100536072.00
2015/10/19,16.49,16.59,15.91,16.16,4737728,76769536.00
2015/10/20,16.19,16.80,16.16,16.65,7081240,116955136.00
2015/10/21,16.64,17.05,15.33,15.48,8398112,137845824.00
2015/10/22,15.53,17.03,15.53,17.03,11797913,194506000.00
2015/10/23,17.68,18.18,17.22,17.70,14667141,259329072.00
2015/10/26,17.99,18.60,17.46,18.00,13009561,233528208.00
2015/10/27,17.80,19.58,17.53,19.26,16086040,298463104.00
2015/10/28,18.82,19.14,17.70,18.03,11491711,212737216.00
2015/10/29,18.40,18.42,17.80,17.91,7094691,128253176.00
2015/10/30,18.00,18.36,17.58,17.90,7002413,126298696.00
2015/11/02,17.72,18.50,17.61,17.93,8483967,153874656.00
2015/11/03,18.09,18.25,17.60,17.97,5760911,103151456.00
2015/11/04,18.02,19.20,17.97,18.91,10434002,193944016.00
2015/11/05,18.90,19.10,18.36,18.65,9226898,172474528.00
2015/11/06,18.66,19.24,18.66,19.04,7767552,147887120.00
2015/11/09,18.90,19.20,18.00,19.00,9477980,178271632.00
2015/11/10,18.80,19.59,18.70,19.19,9269000,177936528.00
2015/11/11,19.07,20.00,19.07,19.90,9651901,189720832.00
2015/11/12,20.00,20.00,19.29,19.63,7955603,155728912.00
2015/11/13,19.45,19.45,18.40,18.71,6357353,120642832.00
2015/11/16,18.89,20.30,18.89,20.25,9339122,183330112.00
2015/11/17,20.63,20.63,19.61,20.10,10813790,216787488.00
2015/11/18,19.90,20.15,19.44,19.50,5085506,100460824.00
2015/11/19,19.60,20.39,19.40,20.16,5564191,110515024.00
2015/11/20,20.32,20.32,19.78,20.16,5236299,105130200.00
2015/11/23,20.10,20.29,19.78,19.90,5449216,108957680.00
2015/11/24,19.90,20.70,19.68,20.60,8237555,166954704.00
2015/11/25,20.70,21.30,20.50,20.84,8183504,170923504.00
2015/11/26,20.88,21.38,20.66,20.87,8110045,170140240.00
2015/11/27,20.68,20.86,19.00,19.47,8125115,162789984.00
2015/11/30,19.48,19.65,18.02,19.18,5746329,109572912.00
2015/12/01,19.28,19.56,18.80,19.28,4729658,91023056.00
2015/12/02,19.25,19.34,17.89,18.54,6991287,128859304.00
2015/12/03,18.46,19.02,18.46,19.00,4421035,82977192.00
2015/12/04,18.90,19.27,18.80,18.90,4583525,87076864.00
2015/12/07,19.16,20.27,18.89,20.17,7204883,140837440.00
2015/12/08,19.88,20.00,19.47,19.52,4825038,95093264.00
2015/12/09,19.54,19.67,19.25,19.40,3108068,60370668.00
2015/12/10,19.34,19.66,19.25,19.30,3825140,74323448.00
2015/12/11,19.36,19.38,19.02,19.23,2329173,44804816.00
2015/12/14,19.00,19.53,18.60,19.45,3022174,57441080.00
2015/12/15,19.38,20.18,19.20,19.90,4102920,81200560.00
2015/12/16,20.03,20.10,19.85,20.01,3989972,79636040.00
2015/12/17,20.11,20.59,20.10,20.50,5558246,113543416.00
2015/12/18,20.60,20.83,20.22,20.45,4538407,93056968.00
2015/12/21,20.30,21.28,20.30,21.00,5959397,124374040.00
2015/12/22,21.25,21.60,20.91,21.48,5464579,115921800.00
2015/12/23,21.48,21.68,20.95,20.97,4378531,92874312.00
2015/12/24,20.78,20.97,20.28,20.85,3829833,78860584.00
2015/12/25,20.90,22.26,20.85,22.00,6452069,139723088.00
2015/12/28,22.00,22.80,21.42,21.77,7196862,158982720.00
2015/12/29,21.61,21.93,21.33,21.88,3824967,82801776.00
2015/12/30,21.84,22.66,21.84,22.44,4091385,91504424.00
2015/12/31,22.50,22.62,21.21,21.31,5794836,126515088.00
2016/01/04,21.15,21.25,19.18,19.18,4240403,85339896.00
2016/01/05,18.38,18.88,17.33,18.29,7109048,130187168.00
2016/01/06,18.40,18.84,18.12,18.78,3526567,65493900.00
2016/01/07,18.40,18.40,16.90,16.90,1667000,29152160.00
2016/01/08,17.32,17.53,16.05,16.81,4615340,78458912.00
2016/01/11,16.40,16.50,15.13,15.13,5480471,87205512.00
2016/01/12,14.95,15.49,14.62,15.25,4738324,71825632.00
2016/01/13,15.36,15.83,14.80,14.80,3995032,61500708.00
2016/01/14,14.20,15.95,14.08,15.88,4562130,69422680.00
2016/01/15,15.69,16.05,15.12,15.30,4106732,64208760.00
2016/01/18,15.05,16.04,14.90,15.78,3662720,57637588.00
2016/01/19,15.80,16.45,15.66,16.42,4132199,66534320.00
2016/01/20,16.32,16.70,16.00,16.16,3681334,60227676.00
2016/01/21,16.02,16.68,15.50,15.60,3784907,61577020.00
2016/01/22,15.93,16.20,15.36,16.05,2820071,44529060.00
2016/01/25,16.29,16.50,16.11,16.25,2514475,41072096.00
2016/01/26,16.05,16.25,14.63,14.63,3497472,53960584.00
2016/01/27,14.77,14.95,13.61,14.80,3653733,52411108.00
2016/01/28,14.58,14.88,13.99,14.14,2358781,34047836.00
2016/01/29,14.02,15.37,14.02,15.09,3120840,46076660.00
2016/02/01,15.08,15.76,15.03,15.70,4388032,67768952.00
2016/02/02,15.79,16.58,15.63,16.46,3434046,55624280.00
2016/02/03,16.25,16.80,16.02,16.65,3219482,52964404.00
2016/02/04,16.62,17.34,16.46,17.34,4853769,82092840.00
2016/02/05,17.30,17.80,17.12,17.55,3739561,65565732.00
2016/02/15,16.90,17.46,16.66,17.41,2281862,38992564.00
2016/02/16,17.33,18.11,17.33,17.91,3664758,65251488.00
2016/02/17,17.70,18.30,17.65,18.05,3362027,60357512.00
2016/02/18,18.15,18.30,17.80,17.86,2653776,47761312.00
2016/02/19,17.82,18.01,17.50,17.68,2141195,38169668.00
2016/02/22,17.88,18.74,17.80,18.74,4364267,79625312.00
2016/02/23,18.57,19.34,18.50,19.07,5148079,97918880.00
2016/02/24,19.10,19.30,18.20,19.02,3239348,60862648.00
2016/02/25,18.98,19.03,17.12,17.29,4097610,73148696.00
2016/02/26,17.62,17.84,16.63,17.40,2475353,42937292.00
2016/02/29,17.36,17.50,15.66,16.00,3007007,48572340.00
2016/03/01,16.17,17.60,15.82,17.60,3511687,58100120.00
2016/03/02,17.40,19.36,17.40,18.80,5531342,102737552.00
2016/03/03,18.66,18.95,18.03,18.26,5446424,100923984.00
2016/03/04,18.06,18.87,16.80,17.03,5548075,99057480.00
2016/03/07,17.27,17.75,17.10,17.28,2647583,46046932.00
2016/03/08,17.37,17.58,16.03,17.56,3157490,53120712.00
2016/03/09,16.82,17.34,16.77,16.88,2159581,36703272.00
2016/03/10,16.93,17.03,16.40,16.45,1896684,31655740.00
2016/03/11,16.43,16.63,16.08,16.48,1603452,26198066.00
2016/03/14,16.62,17.47,16.62,17.31,2149890,37033216.00
2016/03/15,17.31,18.15,17.12,17.93,3424039,60293888.00
2016/03/16,18.42,18.65,17.70,18.11,4660187,84472848.00
2016/03/17,18.03,19.10,17.91,18.94,4701478,87637296.00
2016/03/18,19.04,20.83,18.85,19.57,5622777,110508096.00
2016/03/21,19.57,19.80,19.21,19.65,4487301,87723520.00
2016/03/22,19.36,19.92,19.35,19.74,3787587,74495472.00
2016/03/23,19.63,20.00,19.29,19.51,2560210,50099336.00
2016/03/24,19.46,19.99,19.05,19.65,3845441,75446432.00
2016/03/25,19.60,20.50,19.40,20.49,5017643,100890432.00
2016/03/28,20.37,20.65,19.52,19.60,5434137,109344464.00
2016/03/29,19.70,19.85,18.33,18.60,4810134,90672504.00
2016/03/30,18.78,19.58,18.75,19.36,4654435,89708584.00
2016/03/31,19.48,19.50,19.05,19.28,3948824,76111736.00
2016/04/01,19.26,19.26,18.45,18.88,3123893,58612716.00
2016/04/05,18.90,19.90,18.82,19.40,4671459,91119640.00
2016/04/06,19.32,19.95,19.32,19.82,3989391,78384296.00
2016/04/07,19.84,19.86,19.05,19.27,3612337,69999512.00
2016/04/08,19.08,19.96,18.76,19.81,5748187,112283856.00
2016/04/11,19.99,20.90,19.65,19.93,12244221,247967872.00
2016/04/12,19.88,20.45,18.98,19.31,8244200,162920592.00
2016/04/13,19.23,19.65,19.23,19.29,5215651,101290568.00
2016/04/14,19.31,19.66,19.24,19.54,2954066,57344952.00
2016/04/15,19.59,19.74,19.20,19.43,2351703,45600592.00
2016/04/18,19.33,19.33,18.50,18.78,5348433,100350376.00
2016/04/19,18.82,19.13,18.33,18.84,5604308,104494744.00
2016/04/20,18.85,18.88,17.50,18.52,6783896,124281632.00
2016/04/21,18.21,18.79,18.21,18.33,2541247,47101960.00
2016/04/22,18.30,18.80,18.10,18.79,2191838,40758276.00
2016/04/25,18.70,19.17,18.34,18.89,2370869,44403328.00
2016/04/26,18.87,18.98,18.35,18.78,2227688,41511620.00
2016/04/27,18.81,19.07,18.69,18.85,2642546,49948752.00
2016/04/28,18.78,19.14,18.34,18.60,1885853,34999260.00
2016/04/29,18.40,18.96,18.40,18.81,2036119,38208200.00
2016/05/03,18.71,19.86,18.56,19.79,4607919,89243568.00
2016/05/04,19.60,19.98,19.50,19.60,2474277,48856684.00
2016/05/05,19.78,19.80,19.44,19.77,1917609,37718344.00
2016/05/06,19.95,19.95,18.91,18.97,2854604,55589596.00
2016/05/09,15.88,15.98,14.86,15.00,4373925,67636888.00
2016/05/10,14.85,15.30,14.72,14.79,2417958,36199344.00
2016/05/11,15.01,16.21,14.62,15.49,6456945,100361672.00
2016/05/12,15.09,15.58,14.75,15.36,3181777,48336732.00
2016/05/13,15.31,15.82,14.80,14.95,3365696,51284836.00
2016/05/16,14.95,15.55,14.86,15.50,3598907,55185752.00
2016/05/17,15.46,15.79,15.28,15.50,2651589,41291988.00
2016/05/18,15.39,15.44,14.90,15.06,2257667,34120204.00
2016/05/19,15.07,15.45,14.90,15.08,1678755,25499878.00
2016/05/20,14.95,15.19,14.85,15.19,1533181,23089212.00
2016/05/23,15.28,15.56,15.00,15.47,3137014,48332748.00
2016/05/24,15.40,15.48,15.22,15.29,1866992,28598070.00
2016/05/25,15.45,15.56,15.22,15.28,2283806,35154020.00
2016/05/26,15.20,15.36,14.80,15.29,2318888,34861880.00
2016/05/27,15.29,15.43,15.22,15.30,1507091,23127032.00
2016/05/30,15.35,15.76,15.10,15.53,3086384,47884756.00
2016/05/31,15.57,16.98,15.53,16.54,9116042,149729104.00
2016/06/01,16.50,17.16,16.50,16.56,7956880,133848592.00
2016/06/02,16.60,16.78,16.36,16.78,5494598,91079152.00
2016/06/03,16.74,16.96,16.55,16.78,5103063,85650000.00
2016/06/06,16.67,16.72,16.26,16.38,5594238,91823704.00
2016/06/07,16.44,17.38,16.38,17.18,11374759,192884688.00
2016/06/08,17.18,17.34,16.30,16.86,12562277,209900512.00
2016/06/13,16.41,16.48,15.20,15.29,6359753,102533640.00
2016/06/14,15.17,15.85,15.06,15.78,4564157,70595504.00
2016/06/15,15.78,15.78,15.78,15.78,0,0.00
